   2.8392257e+01   2.6927083e+01   1.2000000e+01
   2.8392257e+01   2.7482639e+01   1.1000000e+01
   2.7914646e+01   2.7927083e+01   1.0000000e+01
   2.7675840e+01   2.8927083e+01   9.0000000e+00
   2.7437034e+01   3.0482639e+01   8.0000000e+00
   2.7437034e+01   3.2482639e+01   7.0000000e+00
   2.8272854e+01   3.4815972e+01   6.0000000e+00
   2.8511660e+01   3.6149306e+01   7.0000000e+00
   2.8392257e+01   3.6149306e+01   8.0000000e+00
   2.8392257e+01   3.6371528e+01   9.0000000e+00
   2.8034049e+01   3.6371528e+01   1.0000000e+01
   2.8511660e+01   3.6371528e+01   1.1000000e+01
   2.8272854e+01   3.6149306e+01   1.2000000e+01
