   3.2058706e+02   1.0916418e+02   1.3300000e+02
   3.1492537e+02   8.5671642e+01   1.1100000e+02
   3.2228358e+02   8.7935323e+01   1.0100000e+02
   3.2200000e+02   9.0199005e+01   9.1000000e+01
   3.1916915e+02   9.2462687e+01   8.1000000e+01
   3.3971642e+02   1.0027363e+02   6.9000000e+01
   3.4962189e+02   1.0253731e+02   5.9000000e+01
   3.3764925e+02   1.2495274e+02   4.9000000e+01
   3.4919652e+02   1.5178358e+02   3.9000000e+01
   3.0983085e+02   1.7482587e+02   4.5000000e+01
   2.7538557e+02   2.0024129e+02   5.5000000e+01
