   2.8244422e+01   2.8488860e+01   1.2000000e+01
   2.8244422e+01   2.8836082e+01   1.1000000e+01
   2.7871288e+01   2.9646267e+01   1.0000000e+01
   2.7746910e+01   3.0572193e+01   9.0000000e+00
   2.7746910e+01   3.1382378e+01   8.0000000e+00
   2.8244422e+01   3.3812934e+01   7.0000000e+00
   2.8617557e+01   3.4275897e+01   8.0000000e+00
   2.8617557e+01   3.4623119e+01   9.0000000e+00
   2.8368801e+01   3.4970341e+01   1.0000000e+01
   2.8244422e+01   3.4970341e+01   1.1000000e+01
   2.8244422e+01   3.4970341e+01   1.2000000e+01
