   3.7895963e+02   1.8497205e+02   1.2100000e+02
   3.6992857e+02   1.6163043e+02   1.1100000e+02
   3.8174845e+02   1.4959938e+02   1.0100000e+02
   3.8720807e+02   1.4233851e+02   9.1000000e+01
   3.9009006e+02   1.3648758e+02   8.1000000e+01
   3.8759938e+02   1.3240683e+02   7.1000000e+01
   3.7079814e+02   1.3309627e+02   6.1000000e+01
   3.6989752e+02   1.3855590e+02   5.1000000e+01
   3.6740683e+02   1.4242547e+02   4.1000000e+01
   3.5219565e+02   1.5583540e+02   3.1000000e+01
   3.5165528e+02   1.7755590e+02   2.1000000e+01
