   4.8796711e+02   4.7289328e+02   1.4056916e+02
   4.8796711e+02   4.7289328e+02   1.3230038e+02
   4.9727855e+02   4.8925171e+02   1.0749406e+02
   5.1201361e+02   4.9675960e+02   9.0956512e+01
   5.2514979e+02   5.0918834e+02   7.4418965e+01
   5.2978992e+02   5.2346919e+02   6.6150191e+01
   5.1809611e+02   5.3516301e+02   8.2687738e+01
   5.1232215e+02   5.5191285e+02   9.9225286e+01
   4.9470849e+02   5.5855063e+02   1.1576283e+02
   4.9470849e+02   5.5855063e+02   1.1576283e+02
   4.8301467e+02   5.7024444e+02   1.4056916e+02
