   3.2044527e+02   1.5105224e+02   1.3800000e+02
   3.3244527e+02   1.4776866e+02   1.3000000e+02
   3.2916169e+02   1.4448507e+02   1.2200000e+02
   3.3861443e+02   1.4629602e+02   1.1400000e+02
   3.4551990e+02   1.4046517e+02   1.0600000e+02
   3.5751990e+02   1.4482338e+02   9.8000000e+01
   3.7716169e+02   1.4918159e+02   9.0000000e+01
   3.7387811e+02   1.5608706e+02   8.2000000e+01
   3.7568905e+02   1.5280348e+02   7.4000000e+01
   3.6476368e+02   1.6480348e+02   6.6000000e+01
   3.4724378e+02   1.8676617e+02   5.8000000e+01
   3.3122388e+02   2.1404975e+02   5.0000000e+01
   2.8673134e+02   2.3833333e+02   4.2000000e+01
