   2.6129995e+01   2.8951823e+01   1.4000000e+01
   2.5881238e+01   2.9299045e+01   1.3000000e+01
   2.5756860e+01   3.0109230e+01   1.2000000e+01
   2.5756860e+01   3.0919416e+01   1.1000000e+01
   2.6378751e+01   3.3465712e+01   1.0000000e+01
   2.6503129e+01   3.4160156e+01   9.0000000e+00
   2.8866313e+01   3.6243490e+01   8.0000000e+00
   3.1105119e+01   3.7285156e+01   9.0000000e+00
   2.9861338e+01   3.7863860e+01   1.0000000e+01
   2.8741935e+01   3.7285156e+01   1.1000000e+01
   2.8866313e+01   3.7285156e+01   1.2000000e+01
   2.8493179e+01   3.7516638e+01   1.3000000e+01
   2.8120044e+01   3.7400897e+01   1.4000000e+01
