1	4	9
1	2	4
2	22	4
22	9	4
22	25	9
25	12	9
12	6	9
6	3	9
3	1	9
3	11	1
11	2	1
11	10	2
10	5	2
5	22	2
5	24	22
24	52	22
52	47	22
47	25	22
47	38	25
38	31	25
31	26	25
26	12	25
26	13	12
13	8	12
8	6	12
8	7	6
7	3	6
7	16	3
7	17	16
17	32	16
32	23	16
32	114	23
114	115	23
115	87	23
32	118	114
32	74	118
32	51	74
51	109	74
32	27	51
32	17	27
17	19	27
19	37	27
19	30	37
30	34	37
34	59	37
59	54	37
54	48	37
48	58	37
48	54	58
54	82	58
82	63	58
63	55	58
55	44	58
55	51	44
63	70	55
70	75	55
70	81	75
81	88	75
88	129	75
88	134	129
134	219	129
134	232	219
134	245	232
88	100	134
88	81	100
81	94	100
94	136	100
94	123	136
123	143	136
123	132	143
132	141	143
141	158	143
141	150	158
150	164	158
164	191	158
191	187	158
187	212	158
187	206	212
206	248	212
248	215	212
215	228	212
228	179	212
228	238	179
238	243	179
243	272	179
243	277	272
277	307	272
307	317	272
317	295	272
277	313	307
277	334	313
334	387	313
334	350	387
350	396	387
396	461	387
461	436	387
436	466	387
436	481	466
481	505	466
505	557	466
505	544	557
544	654	557
505	481	544
481	436	544
436	502	544
502	564	544
502	463	564
463	528	564
528	596	564
596	649	564
596	591	649
591	681	649
591	707	681
591	659	707
659	687	707
687	725	707
725	764	707
725	795	764
795	857	764
725	751	795
751	776	795
776	847	795
847	880	795
751	715	776
715	758	776
715	693	758
715	588	693
588	583	693
588	529	583
588	552	529
552	515	529
515	455	529
515	476	455
476	425	455
425	351	455
351	409	455
409	429	455
429	538	455
429	432	538
432	462	538
462	543	538
432	414	462
414	410	462
414	401	410
401	361	410
361	408	410
408	415	410
408	404	415
404	519	415
519	516	415
519	532	516
519	597	532
519	561	597
561	641	597
561	652	641
652	701	641
652	645	701
519	456	561
456	469	561
456	434	469
434	439	469
439	510	469
434	357	439
434	362	357
362	333	357
333	305	357
305	339	357
305	331	339
331	370	339
305	290	331
290	282	331
290	251	282
251	267	282
251	197	267
197	222	267
222	273	267
222	234	273
234	247	273
234	201	247
201	230	247
230	285	247
285	345	247
345	356	247
345	379	356
379	403	356
379	431	403
379	430	431
430	518	431
379	391	430
391	386	430
386	491	430
491	554	430
386	443	491
443	472	491
443	454	472
454	458	472
454	400	458
400	412	458
412	486	458
412	411	486
411	447	486
447	483	486
411	413	447
412	400	411
400	320	411
400	373	320
373	340	320
340	329	320
329	278	320
278	263	320
263	253	320
253	261	320
261	323	320
261	259	323
259	309	323
259	246	309
246	312	309
246	292	312
292	308	312
308	349	312
308	369	349
369	390	349
390	413	349
390	484	413
390	490	484
490	542	484
542	527	484
542	562	527
390	485	490
485	513	490
485	521	513
485	435	521
435	512	521
512	587	521
587	609	521
587	626	609
626	689	609
689	657	609
689	755	657
755	670	657
670	662	657
689	774	755
774	784	755
774	844	784
774	890	844
774	872	890
872	876	890
872	822	876
822	875	876
875	992	876
875	888	992
888	863	992
888	813	863
813	760	863
760	819	863
819	897	863
819	812	897
812	873	897
873	959	897
959	964	897
964	1034	897
964	1018	1034
1018	1110	1034
1110	1130	1034
1130	1033	1034
1130	1132	1033
1132	1100	1033
1100	992	1033
1130	1182	1132
1182	1229	1132
1182	1181	1229
1181	1295	1229
1295	1299	1229
1299	1243	1229
1299	1254	1243
1299	1353	1254
1353	1346	1254
1346	1200	1254
1346	1236	1200
1346	1304	1236
1304	1308	1236
1308	1219	1236
1308	1285	1219
1285	1209	1219
1285	1212	1209
1212	1113	1209
1212	1164	1113
1164	1048	1113
1164	1046	1048
1212	1199	1164
1199	1192	1164
1199	1282	1192
1199	1212	1282
1285	1355	1212
1285	1452	1355
1452	1400	1355
1452	1534	1400
1534	1465	1400
1465	1363	1400
1465	1408	1363
1465	1495	1408
1465	1512	1495
1465	1534	1512
1285	1387	1452
1387	1397	1452
1387	1308	1397
1308	1304	1397
1304	1402	1397
1402	1514	1397
1304	1346	1402
1387	1285	1308
1299	1398	1353
1398	1549	1353
1398	1531	1549
1531	1637	1549
1637	1656	1549
1637	1751	1656
1637	1669	1751
1669	1737	1751
1637	1531	1669
1531	1516	1669
1516	1517	1669
1516	1472	1517
1472	1430	1517
1430	1431	1517
1430	1298	1431
1298	1322	1431
1322	1371	1431
1371	1412	1431
1371	1300	1412
1300	1384	1412
1384	1468	1412
1468	1485	1412
1468	1491	1485
1491	1540	1485
1540	1570	1485
1491	1492	1540
1491	1345	1492
1345	1487	1492
1345	1320	1487
1345	1311	1320
1311	1272	1320
1272	1309	1320
1272	1301	1309
1272	1238	1301
1272	1208	1238
1208	1137	1238
1137	1225	1238
1137	1106	1225
1106	1178	1225
1106	1094	1178
1094	1095	1178
1094	958	1095
958	937	1095
937	1040	1095
1040	1083	1095
1083	1223	1095
1223	1250	1095
1040	1027	1083
1027	1003	1083
1027	978	1003
1027	937	978
937	894	978
894	885	978
894	877	885
894	937	877
937	935	877
935	787	877
787	777	877
787	768	777
768	721	777
721	733	777
721	709	733
721	656	709
656	637	709
637	651	709
637	623	651
623	732	651
637	563	623
563	523	623
523	576	623
523	550	576
550	611	576
523	442	550
442	494	550
442	465	494
442	397	465
397	457	465
397	365	457
365	450	457
365	358	450
358	347	450
347	426	450
347	314	426
314	342	426
342	419	426
342	359	419
342	288	359
288	319	359
288	235	319
235	355	319
288	198	235
198	180	235
180	299	235
180	223	299
223	328	299
223	221	328
221	343	328
221	218	343
221	139	218
139	166	218
139	119	166
139	53	119
53	50	119
50	162	119
50	188	162
50	61	188
61	155	188
155	233	188
233	291	188
233	367	291
233	337	367
233	269	337
269	381	337
233	146	269
146	241	269
146	193	241
233	147	146
147	76	146
76	78	146
76	35	78
35	29	78
29	87	78
35	11	29
11	14	29
11	3	14
35	20	11
20	10	11
20	15	10
20	18	15
18	36	15
36	43	15
36	41	43
41	65	43
65	99	43
99	68	43
68	40	43
68	49	40
49	33	40
49	42	33
42	28	33
42	66	28
66	72	28
72	60	28
60	21	28
21	5	28
21	24	5
21	60	24
60	52	24
60	62	52
62	47	52
62	79	47
79	67	47
67	45	47
45	38	47
45	31	38
45	39	31
39	26	31
39	30	26
30	13	26
30	19	13
19	17	13
17	8	13
17	7	8
39	46	30
46	34	30
46	57	34
57	59	34
57	77	59
77	69	59
69	71	59
71	54	59
69	86	71
86	92	71
92	103	71
103	98	71
103	120	98
120	127	98
127	104	98
104	93	98
93	82	98
82	54	98
93	80	82
80	63	82
80	70	63
80	81	70
80	94	81
80	104	94
104	132	94
132	123	94
104	128	132
128	141	132
128	150	141
128	127	150
127	163	150
163	183	150
183	164	150
183	195	164
195	191	164
195	206	191
206	187	191
195	250	206
250	248	206
250	265	248
265	284	248
284	254	248
254	215	248
254	228	215
254	238	228
254	257	238
257	243	238
257	277	243
257	334	277
257	303	334
303	350	334
303	335	350
335	396	350
335	351	396
351	407	396
407	453	396
453	461	396
453	463	461
463	502	461
502	436	461
453	407	463
407	425	463
425	496	463
496	528	463
496	525	528
525	549	528
549	591	528
591	596	528
549	552	591
552	659	591
552	588	659
588	715	659
715	687	659
715	751	687
751	725	687
549	525	552
525	496	552
496	515	552
496	476	515
496	425	476
407	351	425
335	330	351
330	315	351
315	348	351
348	375	351
375	409	351
375	393	409
393	432	409
432	429	409
393	401	432
401	414	432
393	361	401
393	348	361
348	338	361
338	332	361
332	404	361
404	408	361
332	362	404
362	434	404
434	456	404
456	519	404
332	333	362
332	297	333
297	275	333
275	305	333
275	290	305
275	236	290
236	251	290
236	203	251
203	197	251
203	176	197
176	186	197
186	222	197
186	173	222
173	181	222
181	234	222
181	201	234
181	156	201
156	230	201
156	137	230
137	152	230
152	242	230
242	285	230
242	298	285
298	325	285
325	345	285
325	391	345
391	379	345
325	377	391
377	386	391
377	341	386
341	454	386
454	443	386
341	373	454
373	400	454
341	340	373
341	329	340
341	281	329
281	244	329
244	278	329
244	263	278
244	210	263
210	213	263
213	253	263
213	216	253
216	261	253
216	199	261
199	259	261
199	246	259
199	185	246
185	204	246
204	249	246
249	292	246
249	308	292
249	321	308
321	344	308
344	369	308
344	388	369
388	435	369
435	390	369
435	485	390
388	417	435
417	473	435
473	512	435
473	553	512
553	587	512
553	626	587
553	627	626
627	689	626
627	719	689
719	774	689
719	773	774
773	822	774
822	872	774
773	813	822
813	875	822
813	888	875
773	760	813
773	726	760
726	708	760
708	754	760
754	819	760
754	748	819
748	812	819
748	801	812
801	873	812
801	869	873
869	930	873
930	959	873
930	1097	959
1097	1018	959
1018	964	959
1097	1110	1018
930	963	1097
930	910	963
910	972	963
972	1037	963
972	999	1037
999	1062	1037
1062	1134	1037
1134	1145	1037
1134	1194	1145
1194	1185	1145
1134	1208	1194
1134	1137	1208
1134	1062	1137
1062	1106	1137
1062	999	1106
999	1094	1106
999	958	1094
999	919	958
919	904	958
904	935	958
935	937	958
919	869	904
869	780	904
869	801	780
801	757	780
757	691	780
691	747	780
691	723	747
723	787	747
723	768	787
723	721	768
723	667	721
667	656	721
667	622	656
622	617	656
617	637	656
617	567	637
567	563	637
567	467	563
467	498	563
498	523	563
498	440	523
440	442	523
440	394	442
394	378	442
378	397	442
378	365	397
378	322	365
322	326	365
326	358	365
326	347	358
326	255	347
255	314	347
255	296	314
296	342	314
296	288	342
255	194	296
255	148	194
148	175	194
175	198	194
175	157	198
157	180	198
157	133	180
133	168	180
168	223	180
168	189	223
189	221	223
189	139	221
168	126	189
168	133	126
133	99	126
99	97	126
99	65	97
133	157	99
255	211	148
211	107	148
107	116	148
107	42	116
42	49	116
49	68	116
107	66	42
107	73	66
73	72	66
73	124	72
124	122	72
122	106	72
106	60	72
106	62	60
106	96	62
96	79	62
96	110	79
110	112	79
112	90	79
90	67	79
90	83	67
83	39	67
39	45	67
83	46	39
83	57	46
83	84	57
84	77	57
84	85	77
85	89	77
89	86	77
86	69	77
89	108	86
108	92	86
108	111	92
111	103	92
111	137	103
137	117	103
117	120	103
117	140	120
140	151	120
151	127	120
151	161	127
161	163	127
161	170	163
170	183	163
170	207	183
207	270	183
270	195	183
270	250	195
270	265	250
270	286	265
286	310	265
310	284	265
310	315	284
315	287	284
287	254	284
287	303	254
303	257	254
287	330	303
330	335	303
287	315	330
310	348	315
310	338	348
310	286	338
286	332	338
286	270	332
270	294	332
294	297	332
294	227	297
227	275	297
227	236	275
227	203	236
227	207	203
207	184	203
184	176	203
184	165	176
165	173	176
173	186	176
165	151	173
151	140	173
140	149	173
149	181	173
149	156	181
149	137	156
149	117	137
149	140	117
165	161	151
165	170	161
165	184	170
184	207	170
227	294	207
294	270	207
111	152	137
111	108	152
108	153	152
153	205	152
205	242	152
205	281	242
281	289	242
289	298	242
289	302	298
302	316	298
316	325	298
316	377	325
316	341	377
316	281	341
316	302	281
302	289	281
205	220	281
220	244	281
220	210	244
220	153	210
153	159	210
159	177	210
177	213	210
177	200	213
200	216	213
200	199	216
200	177	199
177	185	199
177	138	185
138	135	185
135	204	185
135	167	204
167	192	204
192	231	204
231	249	204
231	279	249
279	321	249
279	280	321
280	344	321
280	368	344
279	258	280
258	260	280
260	268	280
260	224	268
224	240	268
224	229	240
229	266	240
266	327	240
266	276	327
276	293	327
293	378	327
378	394	327
394	398	327
398	374	327
398	402	374
402	487	374
487	488	374
488	452	374
452	368	374
488	506	452
506	482	452
482	493	452
493	418	452
493	473	418
473	417	418
417	388	418
388	344	418
493	524	473
524	553	473
524	555	553
555	608	553
608	627	553
608	726	627
726	719	627
726	729	719
729	773	719
729	726	773
608	708	726
608	602	708
602	712	708
712	748	708
748	754	708
712	757	748
757	801	748
712	691	757
712	638	691
638	642	691
642	723	691
642	667	723
642	622	667
642	615	622
615	531	622
531	509	622
509	569	622
569	617	622
569	567	617
569	509	567
509	467	567
509	500	467
500	402	467
402	398	467
398	394	467
394	477	467
477	498	467
477	440	498
477	394	440
500	487	402
500	509	487
509	531	487
531	488	487
531	506	488
531	520	506
520	482	506
520	493	482
520	524	493
520	585	524
585	602	524
602	555	524
602	608	555
585	638	602
638	712	602
585	615	638
615	642	638
585	531	615
585	520	531
293	322	378
293	274	322
274	326	322
274	239	326
239	255	326
239	211	255
239	225	211
225	171	211
171	107	211
171	142	107
142	73	107
142	145	73
145	124	73
145	182	124
182	122	124
182	144	122
144	106	122
144	154	106
154	96	106
154	130	96
130	110	96
130	112	110
130	131	112
131	121	112
121	90	112
121	83	90
121	95	83
95	84	83
95	85	84
95	91	85
91	89	85
91	113	89
113	108	89
113	125	108
125	153	108
125	159	153
125	177	159
125	138	177
125	113	138
113	95	138
95	121	138
121	135	138
121	131	135
131	167	135
131	130	167
130	172	167
172	192	167
172	208	192
208	231	192
208	264	231
264	279	231
264	258	279
264	208	258
208	190	258
190	260	258
190	182	260
182	224	260
182	145	224
145	229	224
145	171	229
171	225	229
225	266	229
225	276	266
225	283	276
283	293	276
283	274	293
283	225	274
225	239	274
145	142	171
190	144	182
190	174	144
174	154	144
174	208	154
208	172	154
172	130	154
174	190	208
113	91	95
220	205	153
919	910	869
910	930	869
919	972	910
919	999	972
393	375	348
128	104	127
80	93	104
41	56	65
41	36	56
36	53	56
36	18	53
18	50	53
18	20	50
20	61	50
20	64	61
64	155	61
64	147	155
147	233	155
64	76	147
64	35	76
64	20	35
1027	1040	937
1272	1311	1208
1491	1384	1345
1384	1300	1345
1491	1468	1384
1371	1267	1300
1267	1185	1300
1371	1322	1267
1516	1531	1472
1531	1398	1472
1182	1110	1181
1110	1170	1181
1182	1130	1110
169	196	271
271	262	169
209	252	256
252	324	256
324	237	256
237	209	256
252	389	324
389	406	324
252	318	389
318	423	389
318	438	423
318	346	438
346	460	438
460	534	438
534	573	438
346	385	460
385	427	460
427	471	460
427	526	471
526	533	471
526	580	533
526	551	580
551	695	580
695	665	580
695	799	665
695	706	799
706	720	799
720	859	799
706	695	720
695	541	720
541	671	720
671	698	720
698	769	720
541	557	671
695	545	541
545	422	541
422	433	541
545	551	422
551	526	422
526	372	422
526	376	372
376	295	372
376	245	295
376	385	245
376	427	385
376	526	427
545	695	551
214	226	304
226	301	304
301	353	304
311	383	395
383	468	395
383	420	468
354	399	380
360	416	392
360	405	416
360	380	405
364	459	451
382	478	449
478	589	449
589	492	449
589	607	492
607	575	492
575	420	492
421	446	535
446	448	535
535	517	421
535	600	517
600	639	517
535	646	600
535	610	646
610	705	646
610	713	705
474	560	572
572	643	474
572	699	643
572	560	699
475	558	495
480	504	559
504	590	559
590	680	559
680	577	559
577	537	559
537	480	559
537	381	480
489	508	556
497	539	586
539	679	586
501	579	598
503	614	618
614	629	618
614	674	629
618	579	503
522	658	546
566	604	673
604	632	673
673	753	566
753	644	566
753	804	644
673	778	753
570	612	630
574	592	605
582	675	628
582	644	675
584	688	664
593	619	668
593	573	619
619	763	668
763	746	668
668	594	593
595	686	650
599	647	624
647	711	624
647	682	711
682	802	711
802	832	711
832	759	711
802	854	832
802	826	854
826	833	854
647	648	682
647	598	648
647	599	598
601	722	613
601	628	722
603	710	620
710	716	620
616	621	741
616	543	621
621	634	741
634	761	741
634	700	761
700	797	761
700	782	797
782	867	797
782	903	867
903	988	867
903	962	988
962	1023	988
1023	1047	988
1047	1117	988
1117	1017	988
1117	1128	1017
1128	1123	1017
1123	1092	1017
1092	939	1017
1092	941	939
1092	983	941
1123	1193	1092
1047	1084	1117
1047	1023	1084
1023	1041	1084
1041	1091	1084
1091	1191	1084
1023	962	1041
962	911	1041
741	677	616
677	636	616
741	765	677
765	788	677
655	727	724
655	658	727
661	696	739
696	785	739
696	683	785
683	786	785
696	643	683
663	793	842
666	678	809
676	744	738
744	817	738
744	849	817
849	843	817
703	828	783
828	831	783
831	849	783
740	881	816
749	825	766
825	805	766
762	878	923
878	884	923
884	1042	923
1042	929	923
771	811	882
811	912	882
912	1078	882
1078	1001	882
1078	1073	1001
1073	1080	1001
1080	1005	1001
1005	835	1001
1005	871	835
871	845	835
871	892	845
1073	1242	1080
1073	1232	1242
1073	1078	1232
912	1043	1078
1043	1133	1078
781	803	918
794	887	870
887	913	870
913	948	870
948	848	870
913	996	948
913	887	996
794	824	887
824	853	887
798	902	800
798	979	902
979	1021	902
979	1029	1021
1029	1069	1021
1029	1206	1069
1029	1159	1206
1159	1203	1206
1203	1239	1206
1203	1394	1239
1203	1286	1394
1286	1515	1394
1203	1159	1286
814	889	924
827	920	860
920	828	860
828	807	860
841	868	850
855	956	906
855	865	956
865	1054	956
861	927	965
866	925	947
879	1012	957
886	901	921
891	1049	1022
1049	1126	1022
1049	1089	1126
891	949	1049
898	976	1010
976	1068	1010
976	1063	1068
1063	1204	1068
1063	1125	1204
899	1014	922
900	997	938
909	980	951
909	857	980
916	945	1031
932	1057	1013
1057	1103	1013
1103	1198	1013
1198	1115	1013
1103	1263	1198
1263	1271	1198
933	946	1075
933	816	946
1075	1085	933
1075	1160	1085
1075	1252	1160
1075	1189	1252
1189	1339	1252
1189	1342	1339
1075	1082	1189
1082	1090	1189
1090	1233	1189
1233	1255	1189
1233	1290	1255
1290	1395	1255
1233	1249	1290
1249	1326	1290
1249	1213	1326
1249	1233	1213
1233	1090	1213
1090	1052	1213
1082	966	1090
934	1039	1071
940	1053	1045
1053	1177	1045
1177	1216	1045
1177	1319	1216
1319	1422	1216
1319	1451	1422
1451	1457	1422
1319	1383	1451
1383	1483	1451
1483	1630	1451
1483	1665	1630
1665	1747	1630
1747	1743	1630
1747	1908	1743
1908	1740	1743
1908	1764	1740
1764	1727	1740
1764	1906	1727
1906	1715	1727
1715	1527	1727
1715	1523	1527
1523	1359	1527
1359	1457	1527
1523	1535	1359
1535	1417	1359
1417	1287	1359
1417	1276	1287
1417	1253	1276
1253	1186	1276
1417	1404	1253
1404	1278	1253
1404	1367	1278
1367	1307	1278
1367	1341	1307
1341	1296	1307
1341	1420	1296
1341	1568	1420
1568	1608	1420
1608	1524	1420
1608	1655	1524
1655	1701	1524
1608	1643	1655
1643	1654	1655
1654	1863	1655
1654	1739	1863
1654	1616	1739
1616	1558	1739
1558	1734	1739
1558	1623	1734
1623	1715	1734
1715	1901	1734
1715	1906	1901
1906	1926	1901
1926	1974	1901
1974	2020	1901
1926	1906	1974
1623	1535	1715
1535	1523	1715
1623	1417	1535
1623	1539	1417
1539	1404	1417
1539	1558	1404
1558	1616	1404
1616	1568	1404
1568	1367	1404
1568	1341	1367
1616	1643	1568
1643	1608	1568
1616	1654	1643
1539	1623	1558
1747	1924	1908
1924	1966	1908
1966	2012	1908
1966	2045	2012
2045	2075	2012
1966	2004	2045
2004	2068	2045
2004	1997	2068
2004	1961	1997
2004	1966	1961
1966	1924	1961
1483	1562	1665
1483	1459	1562
1483	1383	1459
1383	1432	1459
1383	1279	1432
1279	1318	1432
1318	1366	1432
1318	1289	1366
1289	1372	1366
1318	1167	1289
1167	1096	1289
1318	1279	1167
1279	1156	1167
1156	1036	1167
1279	1150	1156
1279	1317	1150
1317	1319	1150
1317	1383	1319
1317	1279	1383
942	1000	1122
1000	1158	1122
1158	1215	1122
1215	1114	1122
1215	1210	1114
1210	1196	1114
1196	1111	1114
1215	1266	1210
1158	1214	1215
1158	1184	1214
943	985	1050
1050	1098	943
1098	1088	943
1098	1142	1088
1142	1235	1088
1235	1127	1088
1127	993	1088
1235	1217	1127
1235	1377	1217
1377	1251	1217
1377	1365	1251
1365	1324	1251
1365	1418	1324
1365	1458	1418
1458	1560	1418
1458	1592	1560
1592	1730	1560
1458	1446	1592
1458	1377	1446
1458	1365	1377
1098	1050	1142
1050	1105	1142
1050	985	1105
985	1030	1105
1030	1174	1105
1030	1175	1174
1030	1149	1175
1149	1224	1175
1149	1221	1224
1149	1119	1221
1119	1297	1221
1119	1136	1297
1119	1044	1136
1044	1070	1136
1070	1187	1136
1070	990	1187
1119	1038	1044
1038	1016	1044
1119	1149	1038
943	759	985
950	995	1006
995	1102	1006
1102	987	1006
981	1059	1101
1059	1143	1101
1059	1069	1143
1101	1035	981
1019	1176	1028
1176	1060	1028
1061	1260	1107
1107	1042	1061
1107	1168	1042
1168	1067	1042
1168	1205	1067
1168	1258	1205
1258	1314	1205
1258	1416	1314
1416	1426	1314
1107	1260	1168
1061	1115	1260
1066	1118	1201
1093	1202	1226
1202	1305	1226
1305	1275	1226
1305	1343	1275
1108	1292	1135
1135	1012	1108
1012	1058	1108
1135	1161	1012
1135	1292	1161
1292	1302	1161
1302	1173	1161
1292	1329	1302
1329	1385	1302
1385	1374	1302
1385	1460	1374
1460	1499	1374
1460	1613	1499
1613	1582	1499
1582	1606	1499
1606	1588	1499
1606	1774	1588
1606	1775	1774
1775	1851	1774
1851	1879	1774
1775	1850	1851
1775	1613	1850
1775	1582	1613
1775	1606	1582
1460	1507	1613
1507	1541	1613
1507	1437	1541
1437	1500	1541
1437	1455	1500
1455	1503	1500
1503	1618	1500
1503	1589	1618
1589	1598	1618
1598	1710	1618
1710	1758	1618
1710	1753	1758
1598	1667	1710
1598	1589	1667
1589	1689	1667
1589	1691	1689
1691	1809	1689
1503	1537	1589
1537	1550	1589
1537	1506	1550
1506	1481	1550
1503	1489	1537
1503	1455	1489
1455	1470	1489
1455	1385	1470
1385	1407	1470
1385	1329	1407
1329	1291	1407
1329	1292	1291
1292	1108	1291
1108	1245	1291
1455	1437	1385
1437	1507	1385
1507	1460	1385
1138	1139	1195
1138	1054	1139
1144	1244	1157
1144	1257	1244
1257	1256	1244
1256	1277	1244
1148	1163	1151
1163	1313	1151
1313	1234	1151
1234	1188	1151
1234	1237	1188
1166	1180	1230
1180	1349	1230
1349	1330	1230
1330	1327	1230
1327	1312	1230
1312	1166	1230
1327	1479	1312
1327	1488	1479
1488	1511	1479
1511	1593	1479
1593	1565	1479
1565	1440	1479
1565	1401	1440
1401	1380	1440
1401	1415	1380
1415	1247	1380
1415	1482	1247
1482	1477	1247
1482	1544	1477
1401	1565	1415
1327	1330	1488
1330	1393	1488
1330	1349	1393
1179	1357	1268
1357	1447	1268
1447	1423	1268
1423	1264	1268
1423	1456	1264
1456	1390	1264
1456	1497	1390
1456	1628	1497
1456	1695	1628
1695	1700	1628
1700	1723	1628
1723	1744	1628
1723	1861	1744
1861	1911	1744
1861	1899	1911
1899	2006	1911
2006	2027	1911
2006	2191	2027
2191	2079	2027
2006	2054	2191
2054	2214	2191
2214	2475	2191
2006	1861	2054
1861	2007	2054
1861	1806	2007
1861	1750	1806
1861	1700	1750
1700	1695	1750
1861	1723	1700
2006	1899	1861
1423	1600	1456
1218	1378	1231
1378	1323	1231
1323	1321	1231
1321	1195	1231
1321	1261	1195
1321	1435	1261
1321	1471	1435
1471	1545	1435
1545	1462	1435
1545	1612	1462
1612	1602	1462
1602	1520	1462
1602	1548	1520
1602	1681	1548
1602	1677	1681
1602	1612	1677
1612	1627	1677
1627	1732	1677
1732	1746	1677
1612	1545	1627
1545	1610	1627
1545	1498	1610
1498	1659	1610
1545	1471	1498
1220	1352	1227
1352	1406	1227
1222	1325	1306
1325	1331	1306
1248	1273	1347
1280	1436	1421
1436	1587	1421
1421	1333	1280
1281	1336	1405
1405	1463	1281
1463	1469	1281
1469	1288	1281
1336	1428	1405
1283	1369	1334
1369	1392	1334
1392	1332	1334
1350	1381	1399
1399	1266	1350
1354	1382	1448
1382	1493	1448
1493	1438	1448
1493	1583	1438
1382	1508	1493
1382	1441	1508
1441	1505	1508
1505	1629	1508
1629	1680	1508
1505	1575	1629
1362	1494	1518
1386	1464	1424
1424	1297	1386
1424	1476	1297
1389	1419	1490
1389	1332	1419
1490	1532	1389
1490	1554	1532
1554	1670	1532
1670	1601	1532
1601	1529	1532
1554	1663	1670
1663	1780	1670
1554	1571	1663
1571	1648	1663
1648	1672	1663
1554	1490	1571
1403	1502	1450
1502	1547	1450
1547	1313	1450
1409	1414	1475
1475	1501	1409
1475	1599	1501
1599	1504	1501
1599	1521	1504
1599	1639	1521
1639	1571	1521
1599	1693	1639
1693	1763	1639
1763	1672	1639
1763	1818	1672
1475	1574	1599
1427	1551	1486
1551	1579	1486
1579	1526	1486
1526	1575	1486
1551	1724	1579
1551	1773	1724
1773	1816	1724
1773	1841	1816
1841	1892	1816
1841	1930	1892
1930	2011	1892
1930	2113	2011
2113	2164	2011
1930	2057	2113
2057	2111	2113
2111	2125	2113
2125	2220	2113
2057	1998	2111
2057	1930	1998
1930	1829	1998
1829	1757	1998
1757	1904	1998
1904	1987	1998
1829	1810	1757
1810	1673	1757
1810	1567	1673
1810	1773	1567
1773	1551	1567
1810	1841	1773
1810	1829	1841
1829	1930	1841
1444	1611	1496
1474	1552	1538
1474	1604	1552
1552	1556	1538
1513	1625	1542
1546	1651	1632
1651	1718	1632
1651	1789	1718
1789	1883	1718
1555	1624	1645
1555	1564	1624
1624	1790	1645
1645	1597	1555
1645	1590	1597
1566	1641	1713
1641	1721	1713
1721	1788	1713
1788	1778	1713
1721	1799	1788
1721	1752	1799
1752	1854	1799
1752	1731	1854
1731	1927	1854
1927	1962	1854
1962	1993	1854
1962	2120	1993
2120	2056	1993
2120	2187	2056
1731	1869	1927
1752	1641	1731
1752	1721	1641
1573	1676	1631
1573	1728	1676
1728	1944	1676
1944	1711	1676
1728	1959	1944
1959	1994	1944
1959	2121	1994
1728	1876	1959
1573	1581	1728
1576	1614	1666
1576	1395	1614
1585	1596	1664
1585	1495	1596
1591	1696	1771
1771	1617	1591
1603	1769	1770
1615	1652	1722
1621	1694	1726
1694	1855	1726
1855	1798	1726
1855	2008	1798
2008	1880	1798
1726	1581	1621
1626	1703	1800
1703	1777	1800
1800	1604	1626
1604	1518	1626
1800	1801	1604
1800	1830	1801
1830	1869	1801
1830	1938	1869
1634	1719	1642
1719	1748	1642
1719	1767	1748
1767	1832	1748
1638	1644	1714
1644	1671	1714
1671	1762	1714
1644	1647	1671
1644	1529	1647
1646	1650	1716
1650	1754	1716
1649	1793	1660
1661	1823	1805
1823	1956	1805
1823	1932	1956
1932	2061	1956
1932	2085	2061
2085	2175	2061
2085	2136	2175
1668	1729	1803
1729	1820	1803
1729	1840	1820
1840	1963	1820
1963	1973	1820
1963	2022	1973
1963	1975	2022
1975	1996	2022
1975	1895	1996
1895	2001	1996
1895	1922	2001
1895	1832	1922
1832	1878	1922
1963	1840	1975
1729	1760	1840
1803	1776	1668
1674	1756	1761
1761	1625	1674
1678	1827	1736
1827	1847	1736
1683	1712	1802
1683	1684	1712
1684	1864	1712
1712	1826	1802
1692	1706	1817
1817	1781	1692
1817	1918	1781
1918	1783	1781
1918	2000	1783
2000	1915	1783
1918	2055	2000
2055	2080	2000
2080	2023	2000
2080	2099	2023
2080	2217	2099
2217	2137	2099
2217	2331	2137
2217	2340	2331
2080	2211	2217
2080	2135	2211
2135	2292	2211
2135	2255	2292
2255	2330	2292
2330	2458	2292
2135	2030	2255
2135	2055	2030
2055	1918	2030
1918	1972	2030
1972	1980	2030
1980	2017	2030
1980	2021	2017
2021	2044	2017
1972	1955	1980
1972	1918	1955
1918	1817	1955
2135	2080	2055
1707	1807	1844
1807	1958	1844
1807	1954	1958
1807	1759	1954
1717	1787	1845
1787	1847	1845
1845	1691	1717
1720	1871	1882
1871	2010	1882
1871	2003	2010
1882	1852	1720
1882	1894	1852
1741	1933	1838
1933	1905	1838
1905	1864	1838
1933	2117	1905
1933	2114	2117
2114	2270	2117
1782	1867	1795
1867	1907	1795
1797	1957	1999
1808	1862	1936
1813	1951	1949
1813	1912	1951
1912	2071	1951
2071	2009	1951
2009	1949	1951
2009	2052	1949
2052	1976	1949
1976	1849	1949
1849	1813	1949
1912	1948	2071
1948	2016	2071
1948	1981	2016
1948	1821	1981
1831	1979	1978
1831	1885	1979
1885	1929	1979
1885	1887	1929
1885	1780	1887
1885	1831	1780
1834	1842	1902
1842	1985	1902
1842	1940	1985
1940	2018	1985
1940	1920	2018
1940	1872	1920
1940	1842	1872
1843	1877	1937
1848	1947	1903
1947	2053	1903
2053	1952	1903
1952	1857	1903
1857	1848	1903
1853	1870	2050
1870	2034	2050
1856	1917	1928
1917	1989	1928
1989	2038	1928
2038	2014	1928
2014	1983	1928
1917	1967	1989
1886	1943	1982
1943	1968	1982
1968	2066	1982
2066	2049	1982
1968	2083	2066
1968	1988	2083
1968	1883	1988
1890	1913	1986
1913	2028	1986
2028	2168	1986
2028	2069	2168
1986	1945	1890
1909	1942	1950
1909	1845	1942
1845	1893	1942
1942	2013	1950
2013	1809	1950
1809	1909	1950
1942	2058	2013
2058	2092	2013
1914	1935	1969
1969	1984	1914
1969	2035	1984
1953	1960	2087
1953	1771	1960
2087	2070	1953
2070	2007	1953
1990	2146	2074
2146	2233	2074
2233	2226	2074
2146	2232	2233
1991	2097	2025
1995	2082	2140
2140	2183	1995
2082	2131	2140
2131	2318	2140
2015	2064	2029
2064	2178	2029
2019	2119	2221
2019	2020	2119
2020	2160	2119
2160	2359	2119
2359	2256	2119
2256	2221	2119
2256	2298	2221
2298	2248	2221
2248	2196	2221
2248	2204	2196
2204	2169	2196
2204	2219	2169
2219	2234	2169
2234	2257	2169
2257	2181	2169
2257	2273	2181
2273	2258	2181
2258	2151	2181
2258	2246	2151
2246	2194	2151
2194	2198	2151
2194	2246	2198
2246	2245	2198
2246	2276	2245
2276	2262	2245
2246	2503	2276
2503	2499	2276
2503	2571	2499
2571	2564	2499
2564	2536	2499
2564	2562	2536
2562	2555	2536
2562	2600	2555
2600	2567	2555
2567	2374	2555
2567	2492	2374
2492	2332	2374
2332	2278	2374
2332	2168	2278
2168	2262	2278
2332	2301	2168
2301	2162	2168
2301	2235	2162
2301	2297	2235
2301	2492	2297
2492	2468	2297
2301	2332	2492
2567	2615	2492
2567	2600	2615
2600	2724	2615
2724	2628	2615
2724	2657	2628
2724	2664	2657
2600	2805	2724
2503	2595	2571
2256	2424	2298
2256	2467	2424
2467	2627	2424
2467	2543	2627
2543	2685	2627
2685	2679	2627
2679	2659	2627
2679	2828	2659
2828	2718	2659
2718	2491	2659
2718	2746	2491
2746	2602	2491
2679	2685	2828
2685	2913	2828
2685	2854	2913
2854	3026	2913
2467	2476	2543
2476	2586	2543
2586	2648	2543
2476	2359	2586
2476	2467	2359
2467	2256	2359
2160	2182	2359
2036	2093	2051
2037	2244	2091
2244	2272	2091
2272	2179	2091
2272	2275	2179
2275	2203	2179
2203	2167	2179
2272	2356	2275
2244	2339	2272
2039	2076	2102
2102	2142	2039
2043	2089	2081
2089	2156	2081
2067	2084	2171
2072	2237	2199
2237	2236	2199
2236	2149	2199
2236	2250	2149
2250	2186	2149
2186	2173	2149
2186	2230	2173
2230	2224	2173
2224	2120	2173
2224	2207	2120
2224	2247	2207
2224	2329	2247
2224	2230	2329
2230	2250	2329
2250	2387	2329
2250	2345	2387
2345	2364	2387
2364	2431	2387
2431	2539	2387
2431	2592	2539
2592	2658	2539
2250	2236	2345
2236	2237	2345
2230	2186	2250
2072	2134	2237
2086	2254	2266
2090	2216	2138
2095	2157	2281
2157	2260	2281
2260	2313	2281
2313	2434	2281
2434	2314	2281
2313	2392	2434
2392	2440	2434
2313	2342	2392
2313	2260	2342
2260	2157	2342
2100	2174	2118
2118	2016	2100
2016	2060	2100
2101	2200	2166
2200	2155	2166
2200	2335	2155
2335	2337	2155
2200	2311	2335
2311	2369	2335
2311	2419	2369
2311	2238	2419
2311	2200	2238
2104	2205	2259
2104	2183	2205
2183	2343	2205
2183	2365	2343
2259	2109	2104
2107	2124	2145
2108	2261	2152
2126	2218	2215
2218	2319	2215
2319	2253	2215
2319	2410	2253
2128	2398	2129
2398	2158	2129
2130	2144	2212
2143	2286	2177
2286	2303	2177
2286	2445	2303
2445	2462	2303
2445	2568	2462
2568	2551	2462
2445	2656	2568
2445	2521	2656
2521	2694	2656
2521	2618	2694
2618	2871	2694
2871	2900	2694
2871	2946	2900
2946	2972	2900
2946	3010	2972
3010	3048	2972
2871	2914	2946
2914	3085	2946
3085	3136	2946
3085	3182	3136
3085	3208	3182
3085	3015	3208
3015	3232	3208
2871	2695	2914
2871	2672	2695
2672	2596	2695
2672	2474	2596
2474	2484	2596
2484	2570	2596
2474	2391	2484
2672	2618	2474
2618	2521	2474
2672	2871	2618
2150	2223	2240
2153	2172	2201
2172	2202	2201
2202	2291	2201
2291	2307	2201
2307	2243	2201
2243	2153	2201
2291	2326	2307
2291	2202	2326
2202	2325	2326
2325	2459	2326
2170	2213	2336
2213	2284	2336
2284	2401	2336
2401	2463	2336
2463	2400	2336
2400	2170	2336
2463	2532	2400
2532	2537	2400
2537	2452	2400
2452	2363	2400
2452	2425	2363
2425	2328	2363
2425	2223	2328
2223	2190	2328
2532	2614	2537
2532	2650	2614
2650	2765	2614
2650	2807	2765
2284	2394	2401
2394	2504	2401
2394	2284	2504
2284	2393	2504
2393	2470	2504
2393	2395	2470
2395	2489	2470
2395	2435	2489
2435	2644	2489
2644	2667	2489
2644	2721	2667
2721	2787	2667
2721	2840	2787
2840	2888	2787
2644	2730	2721
2644	2549	2730
2549	2690	2730
2549	2660	2690
2549	2603	2660
2549	2510	2603
2510	2365	2603
2395	2259	2435
2213	2156	2284
2189	2317	2231
2317	2312	2231
2189	2287	2317
2192	2229	2308
2229	2389	2308
2229	2241	2389
2193	2251	2290
2210	2299	2288
2249	2361	2386
2361	2512	2386
2512	2542	2386
2512	2722	2542
2265	2346	2404
2269	2439	2296
2439	2473	2296
2439	2533	2473
2533	2541	2473
2439	2619	2533
2439	2383	2619
2439	2269	2383
2271	2277	2447
2447	2388	2271
2285	2322	2420
2289	2517	2385
2517	2552	2385
2300	2496	2444
2496	2519	2444
2519	2681	2444
2681	2603	2444
2496	2508	2519
2496	2469	2508
2469	2487	2508
2469	2493	2487
2493	2591	2487
2493	2528	2591
2496	2300	2469
2302	2403	2352
2403	2347	2352
2403	2367	2347
2367	2360	2347
2306	2507	2416
2323	2375	2348
2323	2455	2375
2324	2413	2422
2324	2358	2413
2358	2341	2413
2358	2092	2341
2370	2421	2448
2421	2479	2448
2479	2645	2448
2479	2559	2645
2559	2714	2645
2479	2408	2559
2479	2421	2408
2377	2426	2515
2426	2582	2515
2582	2598	2515
2598	2527	2515
2582	2665	2598
2380	2505	2454
2454	2507	2380
2454	2563	2507
2563	2576	2507
2563	2607	2576
2384	2509	2524
2396	2636	2414
2636	2609	2414
2636	2725	2609
2636	2717	2725
2636	2544	2717
2544	2669	2717
2544	2460	2669
2544	2396	2460
2544	2636	2396
2406	2520	2523
2412	2518	2530
2412	2553	2518
2553	2741	2518
2741	2530	2518
2741	2668	2530
2741	2784	2668
2417	2522	2573
2522	2540	2573
2540	2744	2573
2744	2696	2573
2696	2684	2573
2744	2750	2696
2744	2984	2750
2984	2927	2750
2984	3044	2927
3044	3051	2927
3051	3035	2927
3035	3081	2927
3081	3099	2927
3099	2996	2927
3099	2968	2996
2968	2875	2996
2968	2899	2875
2968	3058	2899
3035	3051	3081
2984	3012	3044
2984	2985	3012
2984	2744	2985
2744	2772	2985
2744	2674	2772
2744	2540	2674
2522	2428	2540
2428	2525	2540
2428	2466	2525
2428	2270	2466
2430	2437	2453
2437	2560	2453
2436	2483	2561
2436	2468	2483
2468	2561	2483
2561	2516	2436
2478	2584	2497
2482	2738	2486
2486	2398	2482
2482	2687	2738
2687	2737	2738
2737	2969	2738
2969	2764	2738
2969	2949	2764
2949	2861	2764
2861	2719	2764
2861	2889	2719
2889	2915	2719
2861	2949	2889
2737	2933	2969
2482	2548	2687
2494	2498	2612
2612	2557	2494
2612	2740	2557
2740	2736	2557
2740	2759	2736
2759	2802	2736
2802	2760	2736
2802	2826	2760
2826	2751	2760
2802	3002	2826
3002	3001	2826
3001	2773	2826
3001	3015	2773
3002	3061	3001
2802	3013	3002
2802	2759	3013
2759	2791	3013
2791	2868	3013
2868	3089	3013
2868	2932	3089
2868	2953	2932
2791	2740	2868
2791	2759	2740
2526	2594	2534
2526	2599	2594
2599	2847	2594
2599	2689	2847
2689	2876	2847
2876	2897	2847
2876	3074	2897
2876	2895	3074
2876	2777	2895
2876	2689	2777
2689	2629	2777
2629	2771	2777
2771	2950	2777
2771	3020	2950
2771	2808	3020
2808	3025	3020
3025	3077	3020
3025	3104	3077
3104	3261	3077
3025	3103	3104
3025	2882	3103
2882	3101	3103
3101	3214	3103
2882	2928	3101
2882	2848	2928
2848	2728	2928
2848	2714	2728
3025	2817	2882
3025	2808	2817
2629	2638	2771
2531	2538	2654
2535	2631	2671
2631	2706	2671
2631	2696	2706
2671	2517	2535
2550	2663	2702
2663	2769	2702
2769	2809	2702
2809	2763	2702
2809	2783	2763
2809	3014	2783
2809	3018	3014
2809	2794	3018
2794	2989	3018
2989	3039	3018
3039	3066	3018
2794	2774	2989
2774	2752	2989
2774	2752	2794
2809	2769	2794
2769	2663	2794
2566	2622	2579
2583	2812	2708
2583	2766	2812
2587	2661	2662
2661	2790	2662
2588	2597	2756
2588	2458	2597
2458	2569	2597
2458	2514	2569
2593	2635	2640
2605	2781	2749
2781	2885	2749
2781	2945	2885
2945	3032	2885
3032	2944	2885
3032	3030	2944
3032	3160	3030
3160	3130	3030
2606	2610	2691
2606	2602	2610
2602	2691	2610
2691	2624	2606
2624	2595	2606
2691	2735	2624
2691	2776	2735
2776	2881	2735
2776	2859	2881
2859	2941	2881
2859	2746	2941
2613	2616	2652
2652	2619	2613
2617	2778	2677
2778	2753	2677
2753	2705	2677
2625	2824	2704
2626	2716	2688
2716	2820	2688
2820	2786	2688
2820	2855	2786
2716	2801	2820
2716	2841	2801
2716	2789	2841
2789	2890	2841
2789	2892	2890
2789	2767	2892
2767	2925	2892
2716	2697	2789
2716	2654	2697
2632	2770	2743
2632	2584	2770
2584	2775	2770
2775	2825	2770
2584	2729	2775
2729	2819	2775
2634	2803	2637
2637	2509	2634
2803	2703	2637
2647	2799	2816
2816	2676	2647
2649	2698	2821
2698	2963	2821
2963	2983	2821
2983	2934	2821
2983	3139	2934
2983	3148	3139
3148	3181	3139
2983	3142	3148
2983	2963	3142
2963	3107	3142
3107	3213	3142
3107	3226	3213
3226	3296	3213
3296	3347	3213
3296	3481	3347
3296	3512	3481
3512	3624	3481
3296	3346	3512
3296	3223	3346
3296	3226	3223
3226	3107	3223
3107	3017	3223
3017	3097	3223
3097	3227	3223
3017	3048	3097
2963	2938	3107
2963	2843	2938
2963	2709	2843
2963	2698	2709
2821	2726	2649
2692	2891	2699
2891	2815	2699
2891	2931	2815
2891	2898	2931
2898	2998	2931
2898	2959	2998
2959	3069	2998
3069	3079	2998
2959	2964	3069
2964	3087	3069
2964	3060	3087
3060	3266	3087
3060	3064	3266
3064	3221	3266
3064	3006	3221
3006	3191	3221
3191	3300	3221
3006	3166	3191
3064	2997	3006
2997	2992	3006
2997	2911	2992
2997	2922	2911
2922	2867	2911
2867	2822	2911
2997	3060	2922
3060	2964	2922
2997	3064	3060
2707	2894	2865
2711	2755	2723
2755	2917	2723
2755	2902	2917
2902	3093	2917
2712	2800	2804
2713	2862	2795
2862	2850	2795
2862	2986	2850
2986	3007	2850
3007	2974	2850
3007	3057	2974
3007	3143	3057
2862	3065	2986
2862	2880	3065
2862	2713	2880
2720	2926	2873
2926	3075	2873
2926	3110	3075
2731	2849	2831
2734	2757	2810
2810	2887	2734
2810	2951	2887
2951	2920	2887
2768	2811	2845
2768	2681	2811
2681	2804	2811
2804	2842	2811
2804	2939	2842
2779	2870	2798
2788	2884	2853
2792	3022	2901
2813	2878	2818
2878	2824	2818
2878	2923	2824
2878	2976	2923
2878	3031	2976
2878	3040	3031
2829	2980	2952
2851	2886	2908
2886	2907	2908
2886	2906	2907
2886	2924	2906
2886	2883	2924
2856	2956	2954
2956	3070	2954
3070	3080	2954
2956	3171	3070
3171	3281	3070
3171	3275	3281
3275	3334	3281
3275	3171	3334
2893	3092	2987
2896	2919	3072
2904	2962	2975
2909	3115	2957
3115	2955	2957
3115	3112	2955
3115	3154	3112
3154	3301	3112
3301	3095	3112
3301	3207	3095
2918	3033	2999
2936	3102	3016
3102	3084	3016
3084	3043	3016
3043	2979	3016
3043	2982	2979
2971	3008	3011
2971	3096	3008
3096	3129	3008
3129	3011	3008
3096	3165	3129
2994	3009	3056
3004	3118	3152
3004	2890	3118
3118	3188	3152
3118	3174	3188
3118	3163	3174
3005	3249	3206
3021	3038	3100
3038	3246	3100
3246	3270	3100
3270	3220	3100
3027	3098	3071
3028	3029	3128
3128	3026	3028
3034	3047	3156
3037	3177	3134
3037	3185	3177
3046	3137	3200
3137	3394	3200
3137	3313	3394
3137	3075	3313
3200	3090	3046
3055	3236	3197
3068	3078	3169
3169	3218	3068
3169	3254	3218
3078	3253	3169
3078	3198	3253
3198	3430	3253
3076	3119	3117
3119	3237	3117
3119	3164	3237
3088	3109	3141
3108	3172	3125
3172	3219	3125
3219	3190	3125
3172	3308	3219
3308	3365	3219
3308	3338	3365
3308	3247	3338
3247	3333	3338
3247	3304	3333
3308	3172	3247
3172	3173	3247
3120	3225	3233
3225	3282	3233
3233	3124	3120
3233	3243	3124
3132	3273	3187
3135	3155	3153
3138	3276	3149
3276	3146	3149
3140	3330	3262
3150	3252	3263
3252	3361	3263
3161	3312	3234
3312	3388	3234
3312	3350	3388
3350	3523	3388
3523	3496	3388
3496	3491	3388
3496	3539	3491
3539	3606	3491
3539	3523	3606
3539	3496	3523
3175	3235	3318
3175	3065	3235
3235	3291	3318
3291	3507	3318
3507	3366	3318
3366	3175	3318
3291	3314	3507
3314	3548	3507
3314	3568	3548
3314	3540	3568
3540	3634	3568
3634	3729	3568
3540	3668	3634
3540	3486	3668
3486	3478	3668
3478	3600	3668
3478	3394	3600
3394	3569	3600
3486	3468	3478
3486	3540	3468
3540	3314	3468
3314	3290	3468
3314	3215	3290
3314	3291	3215
3291	3235	3215
3180	3238	3354
3183	3192	3265
3183	3057	3192
3183	3039	3057
3193	3268	3351
3351	3273	3193
3194	3383	3401
3196	3329	3201
3196	3386	3329
3199	3240	3310
3199	3216	3240
3216	3404	3240
3404	3310	3240
3404	3439	3310
3404	3484	3439
3484	3520	3439
3520	3497	3439
3484	3675	3520
3675	3702	3520
3675	3757	3702
3757	3793	3702
3757	3836	3793
3836	3777	3793
3836	3909	3777
3836	3888	3909
3836	3757	3888
3757	3775	3888
3775	3915	3888
3915	3983	3888
3775	3746	3915
3775	3723	3746
3723	3680	3746
3680	3800	3746
3680	3545	3800
3545	3761	3800
3761	3875	3800
3545	3598	3761
3598	3657	3761
3545	3506	3598
3545	3421	3506
3421	3336	3506
3336	3347	3506
3680	3575	3545
3680	3675	3575
3675	3451	3575
3675	3484	3451
3484	3404	3451
3404	3369	3451
3404	3216	3369
3216	3294	3369
3294	3421	3369
3680	3723	3675
3723	3757	3675
3723	3775	3757
3310	3260	3199
3310	3341	3260
3341	3274	3260
3274	3244	3260
3341	3391	3274
3211	3289	3231
3289	3337	3231
3289	3410	3337
3410	3515	3337
3222	3362	3441
3241	3317	3343
3241	3197	3317
3241	3205	3197
3251	3359	3305
3305	3128	3251
3305	3259	3128
3305	3411	3259
3305	3359	3411
3255	3316	3322
3283	3357	3360
3357	3424	3360
3357	3531	3424
3283	3214	3357
3293	3326	3395
3326	3373	3395
3373	3517	3395
3517	3546	3395
3546	3448	3395
3448	3444	3395
3444	3327	3395
3327	3293	3395
3298	3419	3345
3345	3265	3298
3345	3470	3265
3470	3383	3265
3345	3419	3470
3303	3437	3385
3303	3363	3437
3319	3460	3382
3460	3479	3382
3320	3377	3407
3377	3603	3407
3603	3612	3407
3612	3533	3407
3612	3628	3533
3628	3647	3533
3647	3559	3533
3612	3682	3628
3612	3603	3682
3603	3708	3682
3603	3721	3708
3603	3688	3721
3324	3472	3488
3324	3452	3472
3339	3374	3529
3529	3459	3339
3459	3304	3339
3304	3280	3339
3304	3184	3280
3304	3074	3184
3529	3597	3459
3529	3719	3597
3719	3783	3597
3529	3621	3719
3621	3755	3719
3621	3747	3755
3747	3863	3755
3747	3730	3863
3730	3881	3863
3730	3699	3881
3730	3562	3699
3730	3621	3562
3730	3747	3621
3340	3462	3483
3342	3482	3358
3482	3485	3358
3482	3620	3485
3482	3574	3620
3344	3423	3416
3423	3613	3416
3344	3375	3423
3375	3408	3423
3408	3608	3423
3375	3208	3408
3349	3435	3582
3435	3505	3582
3505	3639	3582
3639	3619	3582
3639	3815	3619
3639	3736	3815
3736	3842	3815
3842	4016	3815
4016	4040	3815
4040	3848	3815
4040	4020	3848
3842	3932	4016
3932	4033	4016
3842	3897	3932
3897	3852	3932
3897	3842	3852
3842	3732	3852
3732	3841	3852
3732	3718	3841
3732	3696	3718
3505	3509	3639
3505	3430	3509
3505	3435	3430
3372	3399	3434
3372	3276	3399
3379	3542	3442
3542	3584	3442
3542	3638	3584
3542	3522	3638
3522	3588	3638
3588	3673	3638
3588	3579	3673
3579	3565	3673
3579	3428	3565
3428	3413	3565
3579	3588	3428
3588	3522	3428
3522	3301	3428
3522	3542	3301
3542	3379	3301
3380	3449	3429
3380	3587	3449
3390	3467	3659
3659	3594	3390
3659	3759	3594
3759	3726	3594
3726	3557	3594
3726	3764	3557
3726	3823	3764
3823	3882	3764
3726	3833	3823
3726	3759	3833
3759	3750	3833
3750	3839	3833
3759	3659	3750
3393	3492	3630
3398	3536	3414
3536	3534	3414
3536	3614	3534
3402	3516	3412
3402	3547	3516
3402	3471	3547
3405	3544	3519
3405	3442	3544
3519	3410	3405
3406	3591	3611
3591	3768	3611
3768	3780	3611
3780	3590	3611
3590	3406	3611
3780	3660	3590
3660	3558	3590
3591	3644	3768
3591	3500	3644
3422	3577	3504
3577	3599	3504
3431	3513	3593
3513	3527	3593
3527	3567	3593
3527	3494	3567
3494	3514	3567
3527	3513	3494
3593	3646	3431
3432	3510	3461
3510	3561	3461
3510	3629	3561
3453	3487	3455
3453	3580	3487
3456	3573	3475
3475	3329	3456
3475	3543	3329
3475	3573	3543
3473	3501	3622
3480	3499	3570
3570	3587	3480
3499	3693	3570
3489	3607	3641
3607	3727	3641
3607	3654	3727
3654	3725	3727
3654	3615	3725
3493	3524	3578
3493	3498	3524
3525	3550	3581
3581	3532	3525
3581	3698	3532
3556	3571	3679
3566	3826	3684
3826	3906	3684
3583	3832	3715
3832	3796	3715
3589	3669	3595
3589	3691	3669
3609	3716	3666
3716	3731	3666
3716	3802	3731
3716	3902	3802
3616	3741	3642
3616	3811	3741
3811	3813	3741
3813	3911	3741
3811	3968	3813
3617	3653	3753
3653	3790	3753
3618	3670	3625
3618	3797	3670
3797	3871	3670
3797	3949	3871
3797	4003	3949
4003	4034	3949
4003	4088	4034
4088	4176	4034
4088	4306	4176
4088	4197	4306
4197	4308	4306
4308	4440	4306
4440	4360	4306
4440	4559	4360
4440	4647	4559
4647	4728	4559
4728	4593	4559
4728	4740	4593
4647	4682	4728
4682	4805	4728
4805	4820	4728
4682	4724	4805
4682	4647	4724
4647	4536	4724
4308	4352	4440
4308	4197	4352
3625	3419	3618
3623	3656	3640
3623	3777	3656
3777	3714	3656
3714	3640	3656
3714	3658	3640
3714	3766	3658
3714	3883	3766
3714	3777	3883
3627	3754	3662
3754	3676	3662
3676	3650	3662
3676	3808	3650
3676	3817	3808
3676	3754	3817
3754	3830	3817
3830	3924	3817
3830	3840	3924
3830	3828	3840
3830	3754	3828
3627	3631	3754
3631	3646	3754
3631	3359	3646
3627	3411	3631
3635	3821	3724
3645	3713	3655
3713	3733	3655
3651	3704	3677
3651	3789	3704
3667	3787	3774
3787	3810	3774
3810	3837	3774
3774	3707	3667
3774	3734	3707
3734	3749	3707
3734	3869	3749
3734	3774	3869
3672	3767	3801
3767	3884	3801
3884	3907	3801
3695	3706	3831
3706	3698	3831
3698	3763	3831
3735	3779	3886
3779	3912	3886
3912	3966	3886
3966	3963	3886
3966	4103	3963
4103	4084	3963
4084	3967	3963
4103	4253	4084
4103	4260	4253
4103	4135	4260
4135	4246	4260
4135	4174	4246
4103	4052	4135
4103	3966	4052
3966	3912	4052
3737	3825	3799
3825	3894	3799
3825	3962	3894
3962	3936	3894
3936	3947	3894
3936	4030	3947
4030	3997	3947
3997	3990	3947
4030	4120	3997
4030	4157	4120
4030	4114	4157
3738	3844	3850
3742	3878	3856
3878	3977	3856
3977	3970	3856
3970	3865	3856
3878	3892	3977
3743	3804	3782
3782	3515	3743
3751	3922	3944
3922	3953	3944
3922	3934	3953
3762	3899	3851
3762	3973	3899
3973	4109	3899
3973	4059	4109
3973	4005	4059
3765	3827	3792
3770	3809	3898
3770	3622	3809
3809	3879	3898
3809	3795	3879
3795	3904	3879
3776	3868	3887
3781	3975	3893
3784	3917	3859
3917	3935	3859
3935	3861	3859
3935	4045	3861
4045	3938	3861
3938	3819	3861
4045	4073	3938
4045	4048	4073
4048	4141	4073
4141	4169	4073
4141	4193	4169
4193	4252	4169
4252	4180	4169
4252	4300	4180
4300	4213	4180
4213	4162	4180
4213	4167	4162
4213	4287	4167
4287	4279	4167
4279	4240	4167
4240	4161	4167
4161	4075	4167
4075	3999	4167
4075	4002	3999
4075	3985	4002
4161	4159	4075
4161	4240	4159
4240	4223	4159
4240	4323	4223
4240	4322	4323
4322	4332	4323
4322	4240	4332
4240	4279	4332
4213	4328	4287
4213	4300	4328
4300	4336	4328
4336	4382	4328
4336	4338	4382
4338	4351	4382
4351	4433	4382
4433	4460	4382
4433	4468	4460
4468	4507	4460
4507	4512	4460
4507	4528	4512
4528	4537	4512
4537	4478	4512
4537	4534	4478
4537	4583	4534
4583	4523	4534
4523	4491	4534
4491	4469	4534
4491	4462	4469
4491	4523	4462
4523	4515	4462
4523	4580	4515
4580	4492	4515
4580	4621	4492
4621	4497	4492
4497	4443	4492
4497	4445	4443
4445	4319	4443
4445	4376	4319
4445	4409	4376
4409	4384	4376
4409	4447	4384
4447	4483	4384
4447	4530	4483
4530	4545	4483
4545	4542	4483
4542	4417	4483
4542	4553	4417
4553	4509	4417
4553	4572	4509
4572	4503	4509
4503	4366	4509
4503	4399	4366
4399	4359	4366
4359	4289	4366
4359	4209	4289
4209	4149	4289
4359	4214	4209
4214	4145	4209
4503	4493	4399
4503	4551	4493
4503	4608	4551
4608	4633	4551
4633	4596	4551
4633	4629	4596
4629	4719	4596
4719	4641	4596
4719	4685	4641
4719	4789	4685
4789	4796	4685
4796	4666	4685
4796	4700	4666
4796	4785	4700
4785	4733	4700
4733	4721	4700
4733	4744	4721
4744	4578	4721
4744	4611	4578
4611	4508	4578
4744	4802	4611
4802	4774	4611
4774	4697	4611
4697	4560	4611
4697	4592	4560
4592	4452	4560
4452	4369	4560
4592	4525	4452
4592	4637	4525
4592	4720	4637
4720	4754	4637
4754	4702	4637
4592	4697	4720
4697	4774	4720
4733	4785	4744
4796	4835	4785
4835	4873	4785
4835	4876	4873
4876	4905	4873
4905	4931	4873
4931	4982	4873
4982	4953	4873
4953	4848	4873
4953	4935	4848
4953	5020	4935
5020	5014	4935
5014	4975	4935
4975	4892	4935
4892	4893	4935
4975	4948	4892
4948	4917	4892
4948	4993	4917
4993	4999	4917
4993	5069	4999
5069	5042	4999
5069	5082	5042
5082	5053	5042
5053	5037	5042
5053	5078	5037
5078	5016	5037
5078	5047	5016
5078	5106	5047
5106	5097	5047
5097	5057	5047
5057	5039	5047
5039	4955	5047
5057	5070	5039
5070	5021	5039
5070	5085	5021
5085	5040	5021
5040	4994	5021
4994	4996	5021
5040	4986	4994
4986	4925	4994
4986	4934	4925
4934	4891	4925
4986	4961	4934
4961	4894	4934
4894	4852	4934
4894	4814	4852
4894	4830	4814
4830	4763	4814
4763	4740	4814
4830	4799	4763
4799	4731	4763
4799	4742	4731
4742	4671	4731
4671	4577	4731
4577	4573	4731
4577	4426	4573
4577	4511	4426
4577	4624	4511
4624	4543	4511
4543	4529	4511
4543	4663	4529
4663	4630	4529
4630	4552	4529
4552	4499	4529
4499	4413	4529
4499	4442	4413
4442	4397	4413
4397	4310	4413
4310	4350	4413
4499	4431	4442
4499	4552	4431
4552	4565	4431
4565	4562	4431
4562	4427	4431
4562	4429	4427
4562	4494	4429
4494	4404	4429
4494	4488	4404
4488	4457	4404
4457	4439	4404
4439	4292	4404
4439	4294	4292
4439	4321	4294
4321	4263	4294
4321	4324	4263
4324	4186	4263
4321	4378	4324
4321	4439	4378
4439	4437	4378
4439	4457	4437
4457	4561	4437
4561	4531	4437
4561	4615	4531
4615	4591	4531
4591	4517	4531
4591	4504	4517
4591	4519	4504
4519	4456	4504
4519	4477	4456
4519	4605	4477
4519	4591	4605
4591	4646	4605
4591	4650	4646
4650	4743	4646
4743	4806	4646
4743	4847	4806
4847	4887	4806
4887	4808	4806
4808	4767	4806
4808	4822	4767
4822	4736	4767
4736	4695	4767
4695	4605	4767
4695	4651	4605
4695	4736	4651
4736	4634	4651
4634	4449	4651
4449	4454	4651
4449	4428	4454
4449	4414	4428
4449	4584	4414
4449	4634	4584
4634	4638	4584
4634	4730	4638
4730	4738	4638
4738	4639	4638
4738	4769	4639
4769	4626	4639
4769	4779	4626
4779	4748	4626
4779	4885	4748
4885	4749	4748
4885	4777	4749
4777	4734	4749
4734	4681	4749
4734	4694	4681
4694	4606	4681
4606	4566	4681
4566	4563	4681
4566	4541	4563
4566	4479	4541
4566	4473	4479
4566	4495	4473
4566	4606	4495
4694	4687	4606
4687	4658	4606
4687	4705	4658
4687	4755	4705
4687	4694	4755
4694	4793	4755
4793	4821	4755
4821	4794	4755
4821	4829	4794
4829	4874	4794
4874	4919	4794
4919	4823	4794
4823	4762	4794
4823	4753	4762
4753	4660	4762
4753	4655	4660
4753	4706	4655
4706	4625	4655
4706	4711	4625
4711	4635	4625
4635	4555	4625
4711	4691	4635
4691	4619	4635
4691	4680	4619
4691	4775	4680
4775	4771	4680
4771	4675	4680
4675	4642	4680
4675	4677	4642
4677	4632	4642
4632	4617	4642
4617	4554	4642
4617	4597	4554
4617	4632	4597
4632	4689	4597
4689	4618	4597
4689	4718	4618
4718	4659	4618
4659	4564	4618
4564	4489	4618
4564	4518	4489
4518	4396	4489
4396	4380	4489
4380	4405	4489
4380	4248	4405
4248	4298	4405
4396	4341	4380
4341	4270	4380
4518	4484	4396
4484	4435	4396
4484	4453	4435
4484	4587	4453
4587	4567	4453
4567	4444	4453
4567	4490	4444
4490	4415	4444
4490	4448	4415
4448	4354	4415
4448	4370	4354
4370	4288	4354
4370	4245	4288
4245	4233	4288
4233	4267	4288
4370	4271	4245
4370	4385	4271
4385	4315	4271
4385	4362	4315
4362	4305	4315
4362	4303	4305
4303	4210	4305
4303	4224	4210
4303	4258	4224
4258	4139	4224
4303	4367	4258
4367	4372	4258
4372	4334	4258
4372	4368	4334
4368	4340	4334
4368	4430	4340
4430	4344	4340
4344	4307	4340
4344	4320	4307
4320	4273	4307
4273	4249	4307
4273	4154	4249
4320	4304	4273
4320	4381	4304
4381	4301	4304
4301	4183	4304
4301	4276	4183
4276	4156	4183
4156	4130	4183
4156	4098	4130
4156	4122	4098
4122	4004	4098
4122	4070	4004
4070	3988	4004
3988	3951	4004
3951	3937	4004
3937	3920	4004
3951	3827	3937
4122	4150	4070
4150	4094	4070
4150	4163	4094
4163	4175	4094
4175	4110	4094
4175	4113	4110
4113	4089	4110
4113	4082	4089
4082	4018	4089
4082	4078	4018
4082	4097	4078
4097	4141	4078
4141	4048	4078
4097	4172	4141
4172	4193	4141
4172	4211	4193
4211	4252	4193
4211	4336	4252
4336	4300	4252
4211	4338	4336
4211	4220	4338
4220	4326	4338
4326	4351	4338
4326	4377	4351
4377	4433	4351
4377	4381	4433
4381	4468	4433
4381	4386	4468
4386	4430	4468
4430	4498	4468
4498	4527	4468
4527	4507	4468
4527	4585	4507
4585	4528	4507
4585	4599	4528
4599	4537	4528
4599	4583	4537
4599	4654	4583
4654	4673	4583
4673	4657	4583
4673	4708	4657
4708	4707	4657
4707	4621	4657
4621	4580	4657
4708	4759	4707
4759	4716	4707
4759	4798	4716
4798	4778	4716
4778	4672	4716
4672	4602	4716
4672	4588	4602
4588	4582	4602
4582	4547	4602
4582	4530	4547
4530	4447	4547
4447	4445	4547
4445	4497	4547
4447	4409	4445
4582	4588	4530
4588	4545	4530
4588	4610	4545
4610	4542	4545
4588	4672	4610
4778	4772	4672
4772	4745	4672
4745	4676	4672
4745	4746	4676
4746	4807	4676
4807	4683	4676
4683	4608	4676
4608	4572	4676
4572	4575	4676
4575	4542	4676
4575	4553	4542
4575	4572	4553
4608	4503	4572
4683	4678	4608
4678	4633	4608
4678	4688	4633
4688	4629	4633
4688	4719	4629
4688	4732	4719
4732	4747	4719
4747	4801	4719
4801	4843	4719
4843	4789	4719
4843	4856	4789
4856	4796	4789
4856	4835	4796
4856	4876	4835
4856	4905	4876
4856	4924	4905
4924	4931	4905
4856	4843	4924
4843	4864	4924
4864	4900	4924
4864	4801	4900
4801	4907	4900
4907	4990	4900
4990	4995	4900
4990	5010	4995
5010	5024	4995
5024	5051	4995
5051	5044	4995
5051	5063	5044
5063	5059	5044
5063	5092	5059
5092	5098	5059
5098	5043	5059
5043	5029	5059
5043	5019	5029
5019	4982	5029
4982	4931	5029
5019	4953	4982
5019	5020	4953
5019	5031	5020
5031	5032	5020
5032	5014	5020
5032	5034	5014
5034	4975	5014
5034	4993	4975
4993	4948	4975
5034	5064	4993
5064	5069	4993
5064	5086	5069
5086	5082	5069
5064	5114	5086
5114	5154	5086
5114	5156	5154
5156	5160	5154
5160	5115	5154
5160	5158	5115
5158	5140	5115
5140	5106	5115
5106	5078	5115
5078	5082	5115
5078	5053	5082
5140	5097	5106
5140	5150	5097
5150	5151	5097
5151	5121	5097
5121	5070	5097
5070	5057	5097
5121	5085	5070
5121	5119	5085
5119	5116	5085
5116	5090	5085
5090	5073	5085
5073	5040	5085
5073	5046	5040
5046	4986	5040
5046	5012	4986
5012	4961	4986
5012	4991	4961
4991	4949	4961
4949	4894	4961
4949	4901	4894
4901	4868	4894
4868	4830	4894
4868	4797	4830
4797	4799	4830
4797	4766	4799
4766	4742	4799
4766	4671	4742
4766	4717	4671
4717	4663	4671
4663	4624	4671
4624	4577	4671
4663	4543	4624
4717	4630	4663
4717	4764	4630
4764	4652	4630
4652	4586	4630
4586	4565	4630
4565	4552	4630
4586	4562	4565
4586	4581	4562
4581	4494	4562
4581	4604	4494
4604	4488	4494
4604	4516	4488
4516	4457	4488
4516	4561	4457
4516	4604	4561
4604	4648	4561
4648	4615	4561
4648	4650	4615
4650	4591	4615
4648	4743	4650
4648	4723	4743
4648	4604	4723
4604	4669	4723
4669	4757	4723
4669	4704	4757
4704	4792	4757
4792	4865	4757
4792	4833	4865
4833	4850	4865
4850	4884	4865
4884	4946	4865
4946	4882	4865
4882	4847	4865
4882	4887	4847
4882	4913	4887
4913	4918	4887
4918	4822	4887
4822	4808	4887
4918	4927	4822
4927	4890	4822
4890	4842	4822
4842	4787	4822
4787	4736	4822
4787	4750	4736
4750	4730	4736
4730	4634	4736
4750	4738	4730
4750	4870	4738
4870	4838	4738
4838	4790	4738
4790	4769	4738
4790	4779	4769
4790	4838	4779
4838	4885	4779
4838	4914	4885
4914	4902	4885
4902	4883	4885
4883	4777	4885
4883	4793	4777
4793	4734	4777
4793	4694	4734
4883	4829	4793
4829	4821	4793
4883	4874	4829
4883	4970	4874
4970	4919	4874
4970	4938	4919
4938	4823	4919
4938	4879	4823
4879	4753	4823
4879	4817	4753
4817	4706	4753
4817	4781	4706
4781	4711	4706
4781	4775	4711
4775	4691	4711
4781	4826	4775
4826	4839	4775
4839	4771	4775
4839	4765	4771
4765	4677	4771
4677	4675	4771
4765	4632	4677
4765	4689	4632
4765	4718	4689
4765	4786	4718
4786	4804	4718
4804	4725	4718
4725	4659	4718
4725	4698	4659
4698	4574	4659
4574	4564	4659
4574	4518	4564
4574	4587	4518
4587	4484	4518
4574	4609	4587
4609	4631	4587
4631	4567	4587
4631	4627	4567
4627	4544	4567
4544	4490	4567
4544	4481	4490
4481	4448	4490
4481	4475	4448
4475	4370	4448
4475	4422	4370
4422	4385	4370
4422	4362	4385
4422	4470	4362
4470	4432	4362
4432	4303	4362
4432	4367	4303
4432	4423	4367
4423	4372	4367
4423	4461	4372
4461	4368	4372
4461	4520	4368
4520	4430	4368
4520	4498	4430
4520	4585	4498
4585	4527	4498
4520	4616	4585
4616	4614	4585
4614	4599	4585
4614	4654	4599
4614	4665	4654
4665	4699	4654
4699	4690	4654
4690	4673	4654
4690	4708	4673
4690	4699	4708
4699	4760	4708
4699	4693	4760
4693	4722	4760
4722	4768	4760
4768	4809	4760
4809	4810	4760
4810	4783	4760
4810	4845	4783
4845	4849	4783
4849	4836	4783
4836	4798	4783
4798	4759	4783
4759	4708	4783
4836	4828	4798
4828	4772	4798
4772	4778	4798
4828	4745	4772
4828	4746	4745
4828	4858	4746
4858	4807	4746
4858	4871	4807
4871	4819	4807
4819	4683	4807
4819	4678	4683
4819	4795	4678
4795	4732	4678
4732	4688	4678
4795	4747	4732
4795	4801	4747
4795	4863	4801
4863	4907	4801
4863	4921	4907
4921	4958	4907
4958	4990	4907
4958	5010	4990
4958	4960	5010
4960	4992	5010
4992	5028	5010
5028	5024	5010
5028	5052	5024
5052	5051	5024
5052	5065	5051
5052	5028	5065
5028	5027	5065
5028	4992	5027
4992	4979	5027
4992	4959	4979
4959	4937	4979
4937	4944	4979
4944	4956	4979
4956	4977	4979
4956	4954	4977
4954	4941	4977
4941	4989	4977
4941	4972	4989
4972	5033	4989
5033	5025	4989
5033	5067	5025
5033	5023	5067
5023	5049	5067
5023	5018	5049
5018	4998	5049
4998	5055	5049
4998	5015	5055
5015	5077	5055
5015	5061	5077
5061	5071	5077
5071	5081	5077
5081	5118	5077
5081	5125	5118
5125	5148	5118
5148	5137	5118
5137	5134	5118
5134	5126	5118
5134	5137	5126
5137	5128	5126
5128	5108	5126
5128	5103	5108
5103	5067	5108
5103	5096	5067
5103	5101	5096
5103	5128	5101
5137	5141	5128
5137	5148	5141
5148	5138	5141
5138	5136	5141
5138	5127	5136
5127	5105	5136
5127	5102	5105
5102	5092	5105
5102	5098	5092
5102	5129	5098
5129	5094	5098
5094	5050	5098
5050	5043	5098
5050	5031	5043
5031	5019	5043
5050	5079	5031
5079	5032	5031
5079	5083	5032
5083	5034	5032
5083	5064	5034
5083	5114	5064
5083	5099	5114
5099	5124	5114
5124	5156	5114
5099	5129	5124
5129	5133	5124
5129	5127	5133
5127	5143	5133
5127	5138	5143
5138	5142	5143
5142	5152	5143
5152	5162	5143
5152	5157	5162
5157	5159	5162
5157	5155	5159
5155	5146	5159
5146	5161	5159
5161	5167	5159
5161	5166	5167
5166	5165	5167
5165	5160	5167
5165	5163	5160
5163	5158	5160
5163	5150	5158
5150	5140	5158
5163	5151	5150
5163	5164	5151
5164	5153	5151
5153	5139	5151
5139	5121	5151
5139	5119	5121
5139	5135	5119
5135	5116	5119
5135	5117	5116
5117	5111	5116
5111	5090	5116
5111	5087	5090
5087	5054	5090
5054	5074	5090
5074	5073	5090
5074	5046	5073
5074	5054	5046
5054	5022	5046
5022	5012	5046
5022	4991	5012
5022	5026	4991
5026	4981	4991
4981	4949	4991
4981	4909	4949
4909	4901	4949
4909	4831	4901
4831	4868	4901
4831	4797	4868
4831	4764	4797
4764	4717	4797
4717	4766	4797
4831	4741	4764
4741	4652	4764
4741	4703	4652
4703	4581	4652
4581	4586	4652
4703	4636	4581
4636	4604	4581
4636	4669	4604
4636	4704	4669
4636	4703	4704
4703	4741	4704
4741	4792	4704
4741	4833	4792
4741	4844	4833
4844	4850	4833
4844	4875	4850
4875	4884	4850
4844	4909	4875
4844	4831	4909
4844	4741	4831
5022	5054	5026
5111	5095	5087
5111	5117	5095
5117	5100	5095
5100	5093	5095
5093	5068	5095
5093	5107	5068
5107	5066	5068
5066	5011	5068
5011	5036	5068
5011	4966	5036
5011	5000	4966
5000	4985	4966
4985	4913	4966
4913	4957	4966
4913	4882	4957
4882	4946	4957
4985	4918	4913
4985	4978	4918
4978	4927	4918
4978	4932	4927
4932	4890	4927
4932	4928	4890
4928	4867	4890
4867	4842	4890
4867	4787	4842
4867	4750	4787
4867	4870	4750
4867	4922	4870
4922	4914	4870
4914	4838	4870
4922	4984	4914
4984	4952	4914
4952	4902	4914
4952	4883	4902
4952	4971	4883
4952	4988	4971
4988	5003	4971
5003	5030	4971
5030	5006	4971
5030	5045	5006
5045	5004	5006
5004	4883	5006
5004	4970	4883
5004	5045	4970
5045	5017	4970
5017	4938	4970
5017	5005	4938
5005	4939	4938
4939	4879	4938
4939	4929	4879
4929	4899	4879
4899	4817	4879
4899	4895	4817
4895	4781	4817
4895	4826	4781
4895	4853	4826
4853	4839	4826
4853	4857	4839
4857	4881	4839
4881	4840	4839
4840	4765	4839
4840	4786	4765
4840	4804	4786
4840	4888	4804
4888	4834	4804
4834	4776	4804
4776	4770	4804
4770	4725	4804
4770	4776	4725
4776	4698	4725
4776	4692	4698
4692	4609	4698
4609	4574	4698
4692	4631	4609
4692	4713	4631
4713	4679	4631
4679	4627	4631
4679	4674	4627
4674	4590	4627
4590	4544	4627
4590	4481	4544
4590	4538	4481
4538	4475	4481
4538	4422	4475
4538	4535	4422
4535	4470	4422
4535	4549	4470
4549	4514	4470
4514	4432	4470
4514	4423	4432
4514	4513	4423
4513	4461	4423
4513	4520	4461
4513	4601	4520
4601	4643	4520
4601	4628	4643
4628	4667	4643
4667	4668	4643
4668	4616	4643
4668	4665	4616
4665	4614	4616
4668	4693	4665
4693	4699	4665
4668	4722	4693
4668	4667	4722
4667	4726	4722
4726	4768	4722
4726	4784	4768
4784	4809	4768
4784	4800	4809
4800	4854	4809
4854	4862	4809
4854	4869	4862
4869	4911	4862
4911	4910	4862
4911	4916	4910
4916	4920	4910
4920	4859	4910
4859	4845	4910
4859	4849	4845
4859	4860	4849
4860	4836	4849
4860	4828	4836
4860	4897	4828
4897	4889	4828
4889	4858	4828
4889	4871	4858
4889	4959	4871
4959	4915	4871
4915	4863	4871
4863	4819	4871
4863	4795	4819
4915	4921	4863
4915	4960	4921
4960	4958	4921
4915	4959	4960
4959	4992	4960
4889	4937	4959
4889	4897	4937
4897	4898	4937
4898	4945	4937
4945	4944	4937
4945	4956	4944
4945	4954	4956
4945	4920	4954
4920	4916	4954
4916	4941	4954
4916	4911	4941
4911	4869	4941
4869	4866	4941
4866	4923	4941
4923	4940	4941
4940	4972	4941
4940	4969	4972
4940	4923	4969
4923	4936	4969
4936	4976	4969
4936	4912	4976
4912	4951	4976
4951	4987	4976
4987	5033	4976
4987	5023	5033
4987	5018	5023
4987	4963	5018
4963	4983	5018
4983	4998	5018
4983	4947	4998
4947	5015	4998
4947	4997	5015
4997	5061	5015
4997	5009	5061
5009	5071	5061
5009	5048	5071
5048	5081	5071
5048	5088	5081
5088	5110	5081
5110	5125	5081
5110	5132	5125
5132	5148	5125
5132	5147	5148
5147	5142	5148
5142	5138	5148
5147	5149	5142
5149	5152	5142
5149	5157	5152
5149	5144	5157
5144	5131	5157
5131	5155	5157
5131	5112	5155
5112	5146	5155
5112	5113	5146
5113	5130	5146
5130	5161	5146
5113	5123	5130
5113	5091	5123
5091	5076	5123
5091	5075	5076
5075	5038	5076
5038	5041	5076
5041	5062	5076
5041	5035	5062
5035	5066	5062
5066	5107	5062
5107	5123	5062
5035	5011	5066
5035	5000	5011
5035	4978	5000
4978	4985	5000
5035	5001	4978
5001	4932	4978
5001	4928	4932
5001	5008	4928
5008	4984	4928
4984	4922	4928
4922	4867	4928
5008	5038	4984
5038	5003	4984
5003	4988	4984
4988	4952	4984
5038	5030	5003
5038	5075	5030
5075	5056	5030
5056	5045	5030
5056	5080	5045
5080	5058	5045
5058	5017	5045
5058	5060	5017
5060	5013	5017
5013	5005	5017
5013	5060	5005
5060	4974	5005
4974	4939	5005
4974	4929	4939
4974	4965	4929
4965	4899	4929
4965	4950	4899
4950	4895	4899
4950	4930	4895
4930	4857	4895
4857	4853	4895
4930	4973	4857
4973	4947	4857
4947	4881	4857
4947	4943	4881
4943	4888	4881
4888	4840	4881
4943	4926	4888
4926	4951	4888
4951	4904	4888
4904	4837	4888
4837	4834	4888
4837	4776	4834
4837	4782	4776
4782	4692	4776
4782	4713	4692
4782	4803	4713
4803	4824	4713
4824	4752	4713
4752	4679	4713
4752	4684	4679
4684	4674	4679
4684	4701	4674
4701	4595	4674
4595	4590	4674
4595	4538	4590
4595	4576	4538
4576	4535	4538
4576	4549	4535
4576	4594	4549
4594	4514	4549
4594	4607	4514
4607	4513	4514
4607	4601	4513
4607	4628	4601
4607	4670	4628
4670	4715	4628
4715	4667	4628
4715	4726	4667
4715	4737	4726
4737	4784	4726
4737	4800	4784
4737	4735	4800
4735	4813	4800
4813	4854	4800
4813	4815	4854
4815	4869	4854
4815	4818	4869
4818	4866	4869
4818	4791	4866
4791	4811	4866
4811	4861	4866
4861	4923	4866
4861	4936	4923
4861	4880	4936
4880	4912	4936
4880	4904	4912
4904	4951	4912
4880	4837	4904
4880	4827	4837
4827	4782	4837
4827	4803	4782
4827	4824	4803
4827	4861	4824
4861	4811	4824
4811	4752	4824
4811	4756	4752
4756	4701	4752
4701	4684	4752
4756	4686	4701
4686	4595	4701
4686	4664	4595
4664	4576	4595
4664	4594	4576
4664	4645	4594
4645	4607	4594
4645	4670	4607
4645	4761	4670
4761	4727	4670
4727	4715	4670
4727	4735	4715
4735	4737	4715
4727	4761	4735
4761	4815	4735
4815	4813	4735
4761	4791	4815
4791	4818	4815
4761	4780	4791
4780	4811	4791
4780	4756	4811
4780	4729	4756
4729	4686	4756
4729	4664	4686
4729	4645	4664
4729	4761	4645
4729	4780	4761
4827	4880	4861
4926	4963	4951
4963	4987	4951
4926	4943	4963
4943	4983	4963
4943	4947	4983
4973	4997	4947
4973	5009	4997
4973	4930	5009
4930	4967	5009
4967	5002	5009
5002	5007	5009
5007	5048	5009
5007	4974	5048
4974	5060	5048
5060	5072	5048
5072	5088	5048
5072	5104	5088
5104	5110	5088
5104	5122	5110
5122	5145	5110
5145	5132	5110
5145	5147	5132
5145	5144	5147
5144	5149	5147
5145	5122	5144
5122	5131	5144
5122	5084	5131
5084	5080	5131
5080	5112	5131
5080	5089	5112
5089	5113	5112
5089	5091	5113
5089	5075	5091
5089	5056	5075
5089	5080	5056
5084	5058	5080
5084	5060	5058
5084	5104	5060
5104	5072	5060
5084	5122	5104
5007	4965	4974
5007	5002	4965
5002	4950	4965
5002	4967	4950
4967	4930	4950
5008	5041	5038
5008	5001	5041
5001	5035	5041
4897	4860	4898
4860	4859	4898
5093	5109	5107
5093	5100	5109
5100	5117	5109
5117	5153	5109
5117	5135	5153
5135	5139	5153
5163	5165	5164
5165	5166	5164
5166	5161	5164
5129	5102	5127
5099	5094	5129
5099	5079	5094
5079	5050	5094
5099	5083	5079
4810	4809	4845
4864	4843	4801
4386	4344	4430
4386	4320	4344
4386	4381	4320
4377	4301	4381
4377	4276	4301
4377	4326	4276
4326	4283	4276
4283	4201	4276
4201	4156	4276
4201	4150	4156
4150	4122	4156
4201	4163	4150
4201	4175	4163
4201	4220	4175
4220	4211	4175
4211	4172	4175
4172	4113	4175
4172	4097	4113
4097	4082	4113
4201	4283	4220
4283	4326	4220
4045	3935	4048
3785	3895	3843
3785	3851	3895
3788	3900	3864
3788	3941	3900
3941	4046	3900
3941	3981	4046
3981	4061	4046
4061	4136	4046
3941	3911	3981
3900	3959	3864
3806	3919	3925
3919	3928	3925
3919	3961	3928
3961	3979	3928
3961	4054	3979
4054	4138	3979
4054	4118	4138
4054	4116	4118
4116	4178	4118
4116	4124	4178
4116	4081	4124
4081	4111	4124
4111	4139	4124
4081	3978	4111
3978	3994	4111
3994	4017	4111
3978	3957	3994
3978	3931	3957
4116	4054	4081
4054	3972	4081
4054	3961	3972
3961	3887	3972
3806	3816	3919
3866	3929	3942
3872	3992	3986
3992	4009	3986
3874	3896	4015
3885	4006	3960
4006	4129	3960
4006	4158	4129
4158	4329	4129
4006	4096	4158
4096	4171	4158
3903	3991	4019
4019	4076	3903
4019	4153	4076
4153	4087	4076
4087	4044	4076
4087	4102	4044
4087	4153	4102
4153	4311	4102
4311	4257	4102
4311	4436	4257
4311	4425	4436
4311	4358	4425
4358	4421	4425
4019	4226	4153
4019	4140	4226
3952	3969	4126
3996	4007	4036
4007	4165	4036
4165	4091	4036
4165	4282	4091
4282	4215	4091
4282	4272	4215
4008	4127	4042
4042	3906	4008
4127	4191	4042
4127	4310	4191
4310	4216	4191
4216	4126	4191
4216	4241	4126
4241	4280	4126
4008	4086	4127
4010	4132	4133
4132	4293	4133
4132	4269	4293
4012	4095	4072
4012	4106	4095
4095	4146	4072
4146	4236	4072
4236	4051	4072
4013	4021	4067
4067	4017	4013
4014	4164	4049
4164	4100	4049
4014	4104	4164
4024	4080	4047
4026	4071	4188
4071	4177	4188
4177	4230	4188
4230	4256	4188
4177	4186	4230
4177	4071	4186
4071	3945	4186
4027	4204	4125
4125	4053	4027
4204	4208	4125
4204	4235	4208
4204	4343	4235
4343	4363	4235
4204	4290	4343
4290	4465	4343
4204	4083	4290
4204	4027	4083
4028	4144	4069
4031	4212	4194
4056	4085	4123
4123	4077	4056
4123	4234	4077
4234	4264	4077
4063	4173	4218
4074	4195	4107
4074	4231	4195
4231	4262	4195
4128	4155	4168
4142	4190	4222
4190	4243	4222
4147	4251	4179
4148	4151	4239
4170	4254	4200
4200	4140	4170
4170	4203	4254
4189	4314	4274
4196	4229	4205
4229	4206	4205
4229	4348	4206
4348	4298	4206
4228	4325	4392
4232	4237	4353
4237	4255	4353
4237	4144	4255
4268	4302	4349
4302	4333	4349
4286	4408	4296
4299	4327	4424
4316	4506	4373
4506	4532	4373
4316	4450	4506
4342	4389	4411
4389	4502	4411
4502	4474	4411
4474	4455	4411
4502	4558	4474
4345	4379	4466
4357	4393	4390
4390	4375	4357
4390	4472	4375
4472	4464	4375
4464	4451	4375
4464	4446	4451
4464	4571	4446
4571	4487	4446
4487	4412	4446
4487	4401	4412
4472	4555	4464
4390	4393	4472
4388	4482	4407
4407	4400	4388
4400	4329	4388
4407	4539	4400
4407	4482	4539
4482	4644	4539
4395	4501	4556
4501	4612	4556
4612	4620	4556
4501	4589	4612
4403	4463	4524
4418	4550	4471
4418	4522	4550
4522	4540	4550
4419	4420	4467
4480	4496	4526
4496	4521	4526
4521	4649	4526
4548	4623	4600
4640	4751	4712
4751	4846	4712
4640	4710	4751
4855	4903	4908
23	87	16
37	58	27
245	385	232
134	136	245
158	212	143
387	433	313
387	466	433
795	880	857
880	980	857
415	516	410
247	356	273
863	1034	992
1034	1033	992
863	897	1034
1095	1250	1178
1223	1340	1250
1223	1347	1340
1347	1368	1340
1223	1248	1347
877	777	885
777	733	885
3	87	14
15	40	10
40	5	10
15	43	40
71	98	54
963	1037	1097
1194	1300	1185
904	787	935
904	780	787
296	198	288
296	194	198
97	139	126
175	148	157
148	68	157
148	116	68
418	344	452
699	683	643
699	786	683
699	816	786
560	650	699
804	815	644
815	675	644
612	672	630
624	625	599
677	583	636
658	864	727
864	879	727
882	1001	771
1001	835	771
1515	1567	1394
798	821	979
821	922	979
922	1056	979
841	961	868
961	990	868
850	674	841
1012	1161	957
1161	1173	957
1173	1052	957
899	984	1014
1290	1326	1395
1326	1588	1395
1588	1614	1395
1326	1499	1588
1655	1755	1701
1961	1924	1997
1924	1665	1997
1924	1747	1665
1562	1770	1665
1156	1150	1036
1176	1263	1060
1093	1066	1202
1850	2129	1851
1850	2128	2129
1613	1825	1850
1825	1853	1850
1613	1541	1825
1477	1176	1247
2191	2305	2079
2305	2114	2079
2305	2270	2114
1283	1360	1369
1362	1263	1494
1389	1316	1332
1601	1647	1529
1575	1331	1486
2113	2220	2164
1731	1801	1869
1959	1876	2121
1876	2105	2121
1876	2008	2105
1876	1880	2008
1603	1711	1769
1603	1577	1711
1660	1536	1649
1827	2015	1847
1827	2026	2015
1706	1955	1817
1781	1636	1692
1783	1745	1781
2137	2123	2099
2330	2514	2458
2255	2226	2330
2255	2044	2226
2255	2017	2044
2255	2030	2017
1905	2117	1864
1834	1791	1842
1870	1758	2034
2049	1886	1982
2168	2162	1986
2162	1945	1986
1913	1755	2028
2058	2341	2092
2183	2104	1995
2104	1941	1995
2104	1862	1941
1862	1786	1941
2196	2019	2221
2196	1939	2019
1939	1971	2019
2196	1916	1939
2196	1863	1916
2196	2169	1863
2718	2995	2746
2995	2941	2746
2995	3041	2941
2359	2438	2586
2438	2506	2586
2506	2546	2586
2359	2182	2438
2364	2345	2431
2157	2225	2342
2398	2228	2158
2398	2486	2228
2486	2254	2228
2486	2511	2254
2511	2477	2254
2303	2341	2177
2303	2462	2341
2143	2064	2286
2243	2216	2153
2328	2170	2363
2328	2190	2170
2190	2083	2170
2425	2505	2223
2505	2380	2223
2425	2529	2505
2765	2733	2614
2650	2873	2807
2873	2866	2807
2650	2720	2873
2650	2463	2720
2463	2401	2720
2401	2504	2720
2650	2532	2463
2312	2310	2231
2193	2041	2251
2290	2174	2193
2383	2613	2619
2383	2402	2613
2519	2804	2681
2519	2508	2804
2508	2712	2804
2508	2591	2712
2591	2516	2712
2516	2858	2712
2516	2561	2858
2561	2664	2858
2664	2943	2858
2591	2500	2516
2591	2528	2500
2508	2487	2591
2469	2164	2493
2358	2324	2092
2324	2088	2092
2576	2782	2507
2428	2417	2270
2738	2764	2486
2826	2773	2751
2847	2674	2594
3074	3173	2897
3074	3247	3173
3074	3304	3247
2728	2944	2928
3039	3183	3066
3183	3265	3066
3265	3194	3066
3194	3195	3066
3195	3037	3066
3195	3185	3037
3265	3383	3194
2885	2944	2749
2649	2422	2698
3347	3336	3213
3017	2754	3048
2699	2407	2692
3080	3033	2954
2962	3052	2975
3029	3251	3128
3090	2866	3046
3197	2980	3055
3260	2981	3199
2981	3000	3199
2981	2915	3000
3289	3405	3410
3289	3211	3405
3359	3631	3411
3419	3625	3470
3625	3580	3470
3625	3738	3580
3625	3844	3738
3625	3670	3844
3670	3871	3844
3613	3652	3416
3839	4027	3833
4027	4053	3833
3501	3710	3622
3710	3795	3622
3795	3809	3622
3501	3528	3710
3532	3457	3525
3813	3968	3911
3968	4143	3911
3968	4119	4143
4003	4062	4088
3865	3824	3856
3782	3508	3515
4075	4223	3985
4223	4152	3985
4223	4221	4152
4221	4115	4152
4075	4159	4223
4332	4492	4323
4492	4443	4323
4332	4462	4492
4462	4515	4492
4332	4279	4462
4279	4287	4462
4287	4328	4462
4328	4469	4462
4478	4382	4512
4935	4893	4848
5047	4942	5016
5047	4955	4942
4955	4751	4942
4955	4846	4751
4934	4852	4891
4605	4651	4477
4651	4454	4477
4454	4318	4477
4318	4339	4477
4646	4767	4605
4646	4806	4767
4489	4405	4618
4224	4139	4210
4139	4111	4210
4111	4017	4210
4017	4067	4210
4273	4099	4154
4099	4138	4154
4099	3979	4138
4273	4183	4099
4273	4304	4183
4657	4580	4583
4580	4523	4583
4707	4716	4621
4716	4602	4621
4602	4497	4621
4602	4547	4497
4610	4676	4542
4610	4672	4676
4900	4995	4924
5086	5154	5082
5154	5115	5082
4723	4847	4743
4723	4865	4847
4723	4757	4865
4760	4783	4708
5027	5025	5065
5025	5096	5065
5096	5101	5065
5025	5067	5096
5027	4977	5025
4977	4989	5025
5027	4979	4977
5049	5055	5067
5055	5108	5067
5055	5126	5108
5055	5118	5126
5124	5133	5156
5133	5143	5156
5160	5156	5167
4875	4981	4884
4981	4946	4884
4981	5026	4946
5026	4957	4946
5026	5036	4957
5036	4966	4957
5026	5087	5036
5087	5095	5036
5095	5068	5036
5026	5054	5087
4875	4909	4981
4971	5006	4883
4643	4616	4520
4862	4910	4809
4910	4845	4809
5130	5153	5161
5153	5164	5161
5130	5123	5153
5123	5109	5153
5123	5107	5109
5076	5062	5123
4945	4859	4920
4945	4898	4859
4436	4353	4257
4436	4476	4353
4436	4533	4476
4215	4055	4091
4215	4202	4055
4215	4272	4202
4236	3995	4051
4236	3989	3995
3989	3875	3995
4236	4035	3989
4236	4284	4035
4284	4243	4035
4284	4347	4243
4222	4212	4142
4189	4112	4314
