230.876704 166.318949 109.977939 255 0 0
248.581323 157.526020 114.218124 255 0 0
266.306316 148.677450 116.447756 255 0 0
284.051683 139.773238 116.666834 255 0 0
301.817423 130.813385 114.875358 255 0 0
319.603537 121.797890 111.073329 255 0 0
337.410024 112.726754 105.260746 255 0 0
355.236885 103.599977 97.437610 255 0 0
373.084120 94.417558 87.603920 0 255 0
376.157685 113.389313 97.073300 0 255 0
379.250741 132.307839 104.619304 0 255 0
382.363287 151.173136 110.241935 0 255 0
385.495323 169.985205 113.941190 0 255 0
388.646849 188.744045 115.717071 0 255 0
391.817865 207.449656 115.569576 0 255 0
395.008372 226.102038 113.498708 0 255 0
398.218369 244.701191 109.504464 0 255 0
