3.364795764050290927e+02 1.460799171692142977e+02 1.762720917669157643e+02
3.327319484879683387e+02 1.285956546047935376e+02 1.710375752149522555e+02
3.271060526128525225e+02 1.131677555339691139e+02 1.531086449811522243e+02
3.234684321145601302e+02 9.944145194514135255e+01 1.277692848947585844e+02
3.249495099843258004e+02 8.398947553843862579e+01 1.161768079553519328e+02
3.264305878540914136e+02 6.853749913173589903e+01 1.045843310159451676e+02
3.233203485007962286e+02 5.811218416837638756e+01 6.196109516691524277e+01
3.200160016752673755e+02 7.749949788272573414e+01 5.080676304547307609e+01
3.238736225882038866e+02 9.874171355887568780e+01 3.593645498768762536e+01
3.232823419549274604e+02 1.151587324455275620e+02 4.311846609521307983e+01
3.203953857828739729e+02 1.340890789318015663e+02 3.478509974674602745e+01
3.148390742602001637e+02 1.501243014805128837e+02 3.968314382214691705e+01
3.110623377789041228e+02 1.680896086088872607e+02 3.576024130674181833e+01
