28.240628 35.307378 9.250000 255 0 0
28.464141 35.199274 8.406250 255 0 0
28.740199 34.986079 7.562500 255 0 0
29.068802 34.667793 6.718750 255 0 0
29.449951 34.244416 5.875000 255 0 0
29.883645 33.715948 5.031250 255 0 0
30.369885 33.082390 4.187500 255 0 0
30.908670 32.343740 3.343750 255 0 0
31.500000 31.500000 2.500000 0 255 0
30.908670 30.656260 3.343750 0 255 0
30.369885 29.917610 4.187500 0 255 0
29.883645 29.284052 5.031250 0 255 0
29.449951 28.755584 5.875000 0 255 0
29.068802 28.332207 6.718750 0 255 0
28.740199 28.013921 7.562500 0 255 0
28.464141 27.800726 8.406250 0 255 0
28.240628 27.692622 9.250000 0 255 0
