1	2	3
3	6	1
6	15	1
15	2	1
15	4	2
4	14	2
14	49	2
49	44	2
44	3	2
44	52	3
52	6	3
52	7	6
7	10	6
10	21	6
21	15	6
21	50	15
50	45	15
45	31	15
31	16	15
16	5	15
5	4	15
5	14	4
5	8	14
8	11	14
11	24	14
24	28	14
28	72	14
72	49	14
28	135	72
135	177	72
177	163	72
177	333	163
333	197	163
333	335	197
335	258	197
333	371	335
371	422	335
422	399	335
422	466	399
466	434	399
434	368	399
434	438	368
438	375	368
375	268	368
375	242	268
242	203	268
242	236	203
236	157	203
157	171	203
157	91	171
91	33	171
33	126	171
33	52	126
33	7	52
33	10	7
33	17	10
17	21	10
17	41	21
41	50	21
41	80	50
80	81	50
81	97	50
97	45	50
97	90	45
90	71	45
71	31	45
71	61	31
61	23	31
23	16	31
23	13	16
13	8	16
8	5	16
13	20	8
20	12	8
12	11	8
12	26	11
26	24	11
26	28	24
26	135	28
26	105	135
105	219	135
26	88	105
26	20	88
20	83	88
83	117	88
83	101	117
83	75	101
75	58	101
58	155	101
58	139	155
139	166	155
139	119	166
75	38	58
38	35	58
35	32	58
38	19	35
38	20	19
20	18	19
18	22	19
22	34	19
22	43	34
43	47	34
47	30	34
30	29	34
29	32	34
29	46	32
29	27	46
29	30	27
22	61	43
22	18	61
18	13	61
18	20	13
38	83	20
38	75	83
26	12	20
71	94	61
94	100	61
94	124	100
124	158	100
158	162	100
162	99	100
99	92	100
99	59	92
59	47	92
59	54	47
54	39	47
54	55	39
55	48	39
54	62	55
54	59	62
59	99	62
99	127	62
99	164	127
164	181	127
181	174	127
174	125	127
174	199	125
199	121	125
121	89	125
89	55	125
121	128	89
128	95	89
95	76	89
76	63	89
63	57	89
63	60	57
60	64	57
64	51	57
51	48	57
51	42	48
51	65	42
65	67	42
67	40	42
40	27	42
65	70	67
70	106	67
106	77	67
77	69	67
77	74	69
77	104	74
104	96	74
104	132	96
132	112	96
132	205	112
205	216	112
216	119	112
132	232	205
132	169	232
169	207	232
169	210	207
169	138	210
138	150	210
150	160	210
160	243	210
243	270	210
243	291	270
291	367	270
367	362	270
367	449	362
449	463	362
449	520	463
520	511	463
291	309	367
309	396	367
309	293	396
309	231	293
231	256	293
256	299	293
299	318	293
299	358	318
358	394	318
358	386	394
386	446	394
446	456	394
456	408	394
456	518	408
518	433	408
518	502	433
502	486	433
518	527	502
456	562	518
456	546	562
546	609	562
609	630	562
456	473	546
473	539	546
456	446	473
386	376	446
376	460	446
376	458	460
386	358	376
358	298	376
358	299	298
299	256	298
256	252	298
252	304	298
252	222	304
222	283	304
283	350	304
350	359	304
350	401	359
283	282	350
283	217	282
217	254	282
217	206	254
206	221	254
221	271	254
271	345	254
206	141	221
141	183	221
183	195	221
183	149	195
183	143	149
143	115	149
143	84	115
84	116	115
116	196	115
116	136	196
136	184	196
184	230	196
136	129	184
129	161	184
129	111	161
111	133	161
133	186	161
133	253	186
133	226	253
133	211	226
211	269	226
211	297	269
211	204	297
211	137	204
137	142	204
142	154	204
142	95	154
95	128	154
128	172	154
128	194	172
194	198	172
198	241	172
198	194	241
128	191	194
128	121	191
121	199	191
199	218	191
218	248	191
218	233	248
233	260	248
260	301	248
301	343	248
260	352	301
260	323	352
323	363	352
363	406	352
406	382	352
406	415	382
406	441	415
441	468	415
468	508	415
468	507	508
507	563	508
563	531	508
563	638	531
638	646	531
638	667	646
667	655	646
655	629	646
667	774	655
774	776	655
774	806	776
806	821	776
774	751	806
774	667	751
667	707	751
667	631	707
667	638	631
638	563	631
563	597	631
563	572	597
563	507	572
507	468	572
468	559	572
468	441	559
441	519	559
519	593	559
519	533	593
533	529	593
529	622	593
529	567	622
567	623	622
623	657	622
657	682	622
657	704	682
704	714	682
714	692	682
704	728	714
704	671	728
671	722	728
671	663	722
663	717	722
663	661	717
661	713	717
661	695	713
695	756	713
756	816	713
816	854	713
854	831	713
854	864	831
864	851	831
864	869	851
864	913	869
913	908	869
913	981	908
981	1002	908
1002	966	908
966	842	908
966	850	842
1002	1019	966
981	1078	1002
1078	1147	1002
1078	1108	1147
1108	1169	1147
1169	1192	1147
1169	1195	1192
1195	1339	1192
1339	1334	1192
1334	1313	1192
1334	1348	1313
1334	1485	1348
1195	1372	1339
1372	1495	1339
1195	1274	1372
1274	1366	1372
1274	1351	1366
1351	1416	1366
1351	1342	1416
1342	1404	1416
1404	1538	1416
1404	1497	1538
1497	1585	1538
1497	1478	1585
1478	1482	1585
1482	1590	1585
1590	1635	1585
1635	1738	1585
1635	1775	1738
1590	1580	1635
1580	1622	1635
1580	1618	1622
1618	1715	1622
1618	1698	1715
1698	1754	1715
1754	1731	1715
1754	1804	1731
1804	1821	1731
1804	1898	1821
1898	1951	1821
1898	1952	1951
1952	1983	1951
1983	2066	1951
1983	2055	2066
2055	2126	2066
1983	2017	2055
1983	1936	2017
1936	1926	2017
1936	1913	1926
1936	1815	1913
1815	1860	1913
1815	1762	1860
1815	1744	1762
1744	1709	1762
1709	1624	1762
1709	1623	1624
1623	1533	1624
1623	1429	1533
1429	1428	1533
1428	1532	1533
1532	1597	1533
1532	1581	1597
1581	1675	1597
1675	1703	1597
1703	1641	1597
1581	1657	1675
1657	1658	1675
1658	1829	1675
1658	1746	1829
1746	1842	1829
1842	1876	1829
1746	1722	1842
1722	1833	1842
1722	1696	1833
1722	1711	1696
1711	1604	1696
1604	1643	1696
1604	1501	1643
1501	1553	1643
1501	1466	1553
1466	1427	1553
1427	1570	1553
1466	1425	1427
1425	1289	1427
1425	1426	1289
1426	1285	1289
1285	1218	1289
1285	1213	1218
1213	1096	1218
1096	1045	1218
1096	1075	1045
1075	1008	1045
1008	998	1045
998	975	1045
975	971	1045
971	964	1045
971	946	964
946	932	964
946	971	932
971	975	932
975	828	932
998	959	975
998	1008	959
1008	1010	959
1010	977	959
977	925	959
977	940	925
940	918	925
918	885	925
885	820	925
885	771	820
771	747	820
747	762	820
762	779	820
779	812	820
779	712	812
779	673	712
779	762	673
762	747	673
747	644	673
644	606	673
644	584	606
584	525	606
525	523	606
584	528	525
528	462	525
528	450	462
528	431	450
528	541	431
541	497	431
497	412	431
497	400	412
400	332	412
332	331	412
332	324	331
324	327	331
324	259	327
259	296	327
324	290	259
290	215	259
215	173	259
173	209	259
173	153	209
153	152	209
153	145	152
153	109	145
109	110	145
110	176	145
110	134	176
134	147	176
147	225	176
225	277	176
277	264	176
277	330	264
330	300	264
277	286	330
286	342	330
342	381	330
342	411	381
286	289	342
289	322	342
322	420	342
322	385	420
385	413	420
413	488	420
488	442	420
413	480	488
385	391	413
322	307	385
307	347	385
307	313	347
307	287	313
287	417	313
287	355	417
287	311	355
311	314	355
311	249	314
249	235	314
235	234	314
234	360	314
234	321	360
321	348	360
348	373	360
373	432	360
373	424	432
424	490	432
490	501	432
501	536	432
501	608	536
608	656	536
656	688	536
688	602	536
656	787	688
787	793	688
787	810	793
810	945	793
945	827	793
810	961	945
961	965	945
961	1015	965
1015	944	965
1015	1004	944
1004	1012	944
1012	911	944
1015	1056	1004
1056	1057	1004
1057	1130	1004
1057	1073	1130
1057	1056	1073
1015	1060	1056
1060	1079	1056
1015	1022	1060
1022	943	1060
943	1024	1060
1024	1138	1060
943	891	1024
891	1026	1024
891	1005	1026
943	810	891
810	790	891
790	768	891
790	689	768
689	703	768
703	709	768
709	830	768
830	878	768
830	803	878
830	709	803
709	643	803
643	684	803
684	804	803
804	923	803
684	730	804
730	794	804
730	635	794
730	672	635
730	684	672
709	570	643
709	604	570
604	566	570
566	548	570
548	485	570
548	434	485
434	466	485
466	481	485
466	422	481
422	482	481
548	438	434
548	492	438
492	424	438
424	375	438
424	348	375
348	321	375
321	263	375
263	242	375
263	236	242
424	373	348
492	490	424
492	585	490
585	501	490
585	608	501
585	689	608
689	656	608
689	790	656
790	787	656
790	810	787
585	618	689
618	709	689
709	703	689
618	604	709
618	548	604
548	566	604
618	492	548
618	585	492
943	961	810
943	1022	961
1022	1015	961
235	180	234
235	220	180
220	123	180
123	146	180
146	157	180
146	113	157
113	91	157
113	93	91
93	56	91
56	36	91
36	25	91
25	33	91
25	9	33
9	17	33
9	41	17
9	37	41
37	53	41
53	80	41
53	130	80
130	140	80
140	86	80
86	81	80
86	97	81
86	120	97
120	90	97
120	151	90
151	165	90
165	103	90
103	71	90
103	94	71
103	124	94
103	165	124
165	156	124
156	158	124
156	167	158
156	165	167
165	193	167
165	151	193
151	201	193
201	284	193
201	228	284
228	255	284
255	305	284
305	353	284
353	316	284
316	267	284
316	272	267
316	278	272
278	251	272
278	280	251
280	308	251
308	294	251
294	247	251
247	214	251
247	260	214
260	213	214
213	188	214
188	170	214
188	164	170
164	162	170
162	158	170
164	99	162
188	181	164
188	213	181
213	174	181
213	233	174
233	199	174
233	218	199
213	260	233
247	315	260
315	323	260
315	339	323
339	363	323
339	403	363
403	406	363
403	477	406
477	519	406
519	441	406
477	533	519
477	529	533
477	454	529
454	567	529
454	440	567
440	504	567
504	537	567
537	600	567
600	623	567
600	671	623
671	657	623
671	704	657
600	663	671
600	569	663
569	661	663
569	598	661
598	610	661
610	695	661
610	637	695
637	718	695
718	721	695
721	733	695
733	756	695
733	761	756
761	816	756
761	875	816
875	874	816
874	854	816
874	884	854
884	902	854
902	864	854
884	924	902
884	874	924
875	942	874
875	941	942
941	1063	942
1063	1046	942
1046	1068	942
1046	1072	1068
1072	1109	1068
1109	1118	1068
1118	1052	1068
1118	1116	1052
1116	1062	1052
1062	988	1052
988	924	1052
1062	1064	988
1064	996	988
1064	1088	996
1088	1078	996
1078	981	996
981	913	996
1088	1108	1078
1088	1112	1108
1112	1195	1108
1195	1169	1108
1112	1208	1195
1208	1274	1195
1208	1342	1274
1342	1351	1274
1208	1325	1342
1325	1355	1342
1355	1404	1342
1355	1369	1404
1355	1325	1369
1325	1387	1369
1325	1357	1387
1357	1443	1387
1357	1330	1443
1330	1465	1443
1465	1602	1443
1602	1580	1443
1580	1482	1443
1580	1590	1482
1602	1618	1580
1602	1698	1618
1602	1592	1698
1592	1695	1698
1695	1754	1698
1695	1744	1754
1744	1815	1754
1815	1804	1754
1815	1898	1804
1815	1952	1898
1815	1936	1952
1936	1983	1952
1695	1701	1744
1701	1706	1744
1706	1709	1744
1706	1623	1709
1706	1701	1623
1701	1592	1623
1592	1429	1623
1592	1545	1429
1592	1602	1545
1602	1465	1545
1701	1695	1592
1357	1275	1330
1275	1288	1330
1288	1282	1330
1288	1117	1282
1117	1149	1282
1149	1287	1282
1149	1314	1287
1314	1340	1287
1340	1378	1287
1340	1377	1378
1377	1388	1378
1388	1429	1378
1388	1428	1429
1388	1377	1428
1377	1389	1428
1389	1532	1428
1389	1370	1532
1370	1459	1532
1459	1581	1532
1459	1567	1581
1567	1657	1581
1567	1658	1657
1567	1711	1658
1711	1746	1658
1711	1722	1746
1567	1604	1711
1567	1496	1604
1496	1501	1604
1496	1426	1501
1426	1425	1501
1425	1460	1501
1460	1466	1501
1460	1425	1466
1496	1381	1426
1381	1285	1426
1381	1338	1285
1338	1213	1285
1338	1188	1213
1188	1096	1213
1188	1153	1096
1153	977	1096
977	1075	1096
977	1010	1075
1010	1008	1075
1188	1157	1153
1157	1132	1153
1157	1312	1132
1312	1301	1132
1301	1158	1132
1158	1133	1132
1133	1103	1132
1103	1028	1132
1103	1063	1028
1063	941	1028
941	927	1028
927	940	1028
940	977	1028
927	918	940
927	895	918
895	885	918
895	798	885
798	771	885
798	761	771
798	839	761
839	875	761
839	871	875
871	906	875
906	941	875
906	927	941
906	871	927
871	873	927
873	895	927
873	798	895
873	839	798
873	871	839
1103	1117	1063
1117	1097	1063
1097	1046	1063
1097	1072	1046
1097	1109	1072
1097	1275	1109
1275	1243	1109
1243	1222	1109
1222	1118	1109
1222	1116	1118
1222	1208	1116
1208	1112	1116
1112	1062	1116
1112	1064	1062
1112	1088	1064
1222	1325	1208
1222	1307	1325
1307	1357	1325
1307	1275	1357
1307	1243	1275
1307	1222	1243
1097	1117	1275
1117	1288	1275
1103	1149	1117
1103	1133	1149
1133	1158	1149
1158	1314	1149
1158	1301	1314
1301	1389	1314
1389	1377	1314
1377	1340	1314
1301	1352	1389
1352	1370	1389
1352	1312	1370
1312	1338	1370
1338	1422	1370
1422	1459	1370
1422	1381	1459
1381	1496	1459
1496	1567	1459
1422	1338	1381
1312	1188	1338
1312	1157	1188
1352	1301	1312
733	721	761
721	718	761
718	647	761
718	637	647
637	573	647
573	644	647
644	771	647
644	747	771
573	584	644
573	528	584
573	541	528
573	637	541
637	610	541
610	598	541
598	530	541
530	497	541
530	504	497
530	534	504
534	537	504
534	600	537
534	569	600
534	555	569
555	598	569
555	530	598
555	534	530
440	419	504
440	416	419
416	393	419
416	365	393
365	353	393
353	370	393
353	340	370
340	332	370
332	400	370
340	290	332
290	324	332
340	305	290
305	255	290
255	215	290
255	202	215
202	140	215
140	173	215
140	130	173
130	131	173
131	153	173
202	189	140
189	86	140
189	192	86
192	120	86
192	151	120
192	201	151
192	228	201
192	223	228
223	255	228
223	202	255
223	189	202
223	192	189
340	353	305
365	316	353
365	278	316
365	280	278
365	338	280
338	308	280
338	339	308
339	294	308
339	315	294
315	247	294
338	403	339
338	387	403
387	430	403
430	477	403
430	454	477
430	410	454
410	440	454
410	416	440
410	365	416
410	387	365
387	338	365
410	430	387
37	36	53
36	56	53
37	25	36
37	9	25
93	110	56
110	109	56
93	123	110
123	134	110
123	147	134
123	220	147
220	225	147
220	238	225
238	261	225
261	289	225
289	286	225
286	277	225
261	322	289
261	307	322
261	275	307
275	287	307
275	249	287
249	311	287
275	250	249
250	238	249
238	235	249
238	220	235
250	261	238
250	275	261
93	113	123
113	146	123
1497	1404	1478
142	82	95
82	76	95
82	63	76
82	60	63
82	66	60
66	64	60
66	79	64
79	73	64
73	65	64
65	51	64
73	84	65
84	70	65
73	116	84
73	79	116
79	136	116
79	129	136
79	107	129
107	111	129
107	133	111
107	102	133
102	85	133
85	137	133
137	211	133
85	82	137
82	142	137
85	78	82
78	66	82
78	102	66
102	79	66
102	107	79
78	85	102
183	118	143
183	141	118
141	106	118
141	108	106
108	77	106
108	114	77
114	104	77
114	138	104
138	132	104
138	169	132
114	150	138
114	108	150
108	141	150
141	160	150
141	178	160
178	185	160
185	190	160
190	231	160
231	243	160
231	309	243
309	291	243
190	252	231
252	256	231
190	222	252
190	185	222
185	178	222
178	217	222
217	283	222
178	206	217
178	141	206
333	279	371
333	177	279
44	87	52
44	49	87
144	187	244
244	168	144
212	237	276
265	292	325
292	397	325
397	344	325
397	510	344
397	491	510
491	547	510
547	551	510
547	642	551
547	645	642
547	542	645
542	581	645
581	654	645
654	715	645
547	491	542
292	337	397
273	295	395
310	334	349
334	346	349
310	276	334
312	361	329
361	379	329
379	357	329
341	407	388
407	429	388
407	493	429
351	372	414
372	451	414
372	383	451
383	448	451
448	494	451
372	356	383
366	392	443
392	478	443
478	479	443
392	475	478
392	453	475
392	377	453
404	516	483
516	578	483
516	611	578
405	409	436
423	484	459
423	471	484
471	503	484
471	513	503
427	464	571
464	553	571
553	603	571
603	658	571
603	674	658
674	777	658
603	675	674
603	553	675
553	549	675
549	620	675
571	455	427
571	535	455
535	452	455
437	582	564
564	543	437
564	625	543
461	514	500
514	579	500
579	526	500
514	617	579
514	601	617
601	651	617
651	698	617
514	515	601
514	461	515
465	595	544
595	628	544
628	633	544
633	506	544
633	619	506
619	521	506
628	758	633
628	770	758
770	786	758
628	625	770
625	772	770
772	853	770
772	807	853
807	858	853
858	953	853
953	968	853
858	954	953
858	896	954
896	969	954
896	957	969
957	1038	969
957	899	1038
899	1009	1038
1009	1126	1038
1126	1148	1038
1148	1141	1038
1141	1104	1038
1141	1134	1104
1141	1265	1134
1265	1268	1134
1265	1392	1268
1392	1380	1268
1380	1280	1268
1380	1361	1280
1380	1480	1361
1480	1393	1361
1393	1332	1361
1332	1299	1361
1332	1164	1299
1164	1165	1299
1332	1264	1164
1264	1251	1164
1332	1393	1264
1265	1259	1392
1265	1141	1259
1141	1148	1259
1148	1166	1259
1166	1267	1259
1166	1219	1267
1219	1309	1267
1309	1436	1267
1309	1458	1436
1309	1406	1458
1406	1506	1458
1506	1577	1458
1506	1615	1577
1615	1732	1577
1615	1728	1732
1615	1665	1728
1665	1770	1728
1770	1819	1728
1770	1880	1819
1770	1846	1880
1846	1937	1880
1937	1963	1880
1937	2023	1963
2023	2096	1963
1937	1875	2023
1875	1984	2023
1984	2077	2023
1984	2063	2077
2063	2240	2077
2063	2080	2240
2063	1989	2080
1989	1962	2080
1962	2021	2080
2021	2089	2080
1962	1916	2021
1962	1946	1916
1962	1989	1946
1989	2063	1946
2063	1984	1946
1984	1914	1946
1984	1875	1914
1875	1798	1914
1875	1805	1798
1805	1778	1798
1805	1839	1778
1839	1846	1778
1846	1719	1778
1719	1663	1778
1663	1654	1778
1663	1554	1654
1554	1611	1654
1663	1536	1554
1663	1662	1536
1663	1719	1662
1719	1693	1662
1693	1665	1662
1665	1615	1662
1615	1506	1662
1506	1469	1662
1506	1433	1469
1433	1356	1469
1433	1406	1356
1406	1242	1356
1242	1179	1356
1179	1186	1356
1186	1322	1356
1179	1042	1186
1042	1135	1186
1042	1089	1135
1089	1090	1135
1089	928	1090
928	1069	1090
928	963	1069
928	926	963
926	986	963
926	863	986
863	976	986
976	1156	986
1156	1137	986
1156	1174	1137
863	922	976
926	819	863
819	780	863
819	769	780
769	681	780
681	678	780
678	705	780
678	666	705
666	708	705
666	660	708
678	527	666
769	686	681
769	795	686
795	632	686
926	928	819
1042	935	1089
1042	1023	935
1023	987	935
987	920	935
987	992	920
992	915	920
915	845	920
992	936	915
992	1031	936
1031	1009	936
1009	899	936
1031	1044	1009
1044	1113	1009
1113	1126	1009
1113	1219	1126
1219	1166	1126
1166	1148	1126
1113	1200	1219
1200	1256	1219
1256	1281	1219
1281	1309	1219
1281	1406	1309
1281	1242	1406
1281	1256	1242
1256	1207	1242
1207	1161	1242
1161	1179	1242
1161	1047	1179
1047	1042	1179
1047	1023	1042
1047	987	1023
1047	992	987
1047	1043	992
1043	1044	992
1044	1031	992
1043	1113	1044
1043	1094	1113
1094	1200	1113
1094	1161	1200
1161	1207	1200
1207	1256	1200
1094	1047	1161
1094	1043	1047
1433	1506	1406
1693	1770	1665
1693	1719	1770
1719	1846	1770
1839	1875	1846
1875	1937	1846
1839	1805	1875
957	894	899
957	896	894
858	807	896
807	764	896
807	744	764
807	772	744
772	625	744
628	595	625
470	498	586
495	524	496
524	523	496
505	615	565
615	616	565
616	640	565
640	612	565
612	574	565
615	621	616
621	729	616
509	538	605
538	577	605
538	522	577
522	650	577
650	736	577
650	676	736
676	711	736
650	614	676
650	522	614
517	558	552
545	607	592
607	659	592
659	719	592
607	665	659
665	706	659
665	710	706
665	652	710
557	683	670
683	792	670
792	778	670
792	857	778
857	951	778
857	990	951
857	952	990
952	1111	990
952	967	1111
967	1121	1111
967	978	1121
978	1053	1121
978	948	1053
978	967	948
575	580	639
580	668	639
668	801	639
801	789	639
668	690	801
690	823	801
690	754	823
754	841	823
841	912	823
841	938	912
841	848	938
841	822	848
841	754	822
754	719	822
580	588	668
587	641	648
624	664	634
664	696	634
693	725	775
725	811	775
694	735	724
694	642	735
694	582	642
700	755	716
755	745	716
745	712	716
755	773	745
723	782	832
727	743	757
743	934	757
934	868	757
934	982	868
982	970	868
970	905	868
970	1105	905
934	1049	982
743	781	934
743	605	781
743	727	605
727	680	605
732	846	742
846	809	742
809	824	742
824	753	742
753	729	742
738	800	765
800	815	765
815	933	765
933	843	765
933	919	843
919	879	843
738	796	800
739	763	813
746	783	890
791	898	849
849	725	791
898	1034	849
1034	1027	849
898	980	1034
980	1154	1034
980	1077	1154
1077	1100	1154
1100	1206	1154
1206	1278	1154
1278	1296	1154
1296	1336	1154
1296	1434	1336
1434	1412	1336
1434	1674	1412
1434	1558	1674
1558	1707	1674
1707	1784	1674
1784	1761	1674
1761	1544	1674
1434	1488	1558
1488	1413	1558
1413	1573	1558
1413	1523	1573
1413	1468	1523
1413	1245	1468
1245	1258	1468
1258	1310	1468
1413	1278	1245
1278	1206	1245
1413	1305	1278
1305	1296	1278
1305	1488	1296
1488	1434	1296
1305	1413	1488
1077	1003	1100
1003	1021	1100
1077	980	1003
791	844	898
817	859	835
825	840	931
860	994	937
862	962	930
867	1036	1035
1036	1081	1035
1081	1049	1035
1081	1250	1049
1250	1214	1049
1250	1386	1214
1386	1395	1214
1395	1253	1214
1395	1318	1253
1318	1215	1253
1318	1363	1215
1363	1252	1215
1252	1140	1215
1140	1105	1215
1363	1419	1252
1363	1494	1419
1494	1540	1419
1494	1594	1540
1594	1717	1540
1717	1579	1540
1717	1589	1579
1589	1574	1579
1574	1535	1579
1535	1451	1579
1589	1755	1574
1589	1717	1755
1717	1920	1755
1363	1385	1494
1363	1318	1385
1318	1439	1385
1318	1395	1439
1395	1449	1439
1386	1483	1395
1386	1409	1483
1386	1250	1409
1250	1246	1409
1246	1362	1409
1362	1525	1409
1250	1081	1246
1081	1036	1246
876	903	917
903	1020	917
887	1050	1014
1050	1143	1014
1143	1182	1014
1014	893	887
893	811	887
893	865	811
888	972	1032
1032	1115	888
1032	1241	1115
1241	1155	1115
1155	1053	1115
1241	1297	1155
892	1011	997
1011	1017	997
1017	1127	997
900	973	910
973	995	910
973	1091	995
973	1120	1091
1120	1171	1091
1120	1146	1171
1146	1217	1171
1217	1405	1171
1217	1400	1405
1400	1414	1405
1146	1190	1217
973	939	1120
973	900	939
901	979	914
914	794	901
947	999	1082
960	1040	1080
1080	1067	960
1080	1175	1067
1175	1229	1067
1080	1150	1175
985	1061	1131
1131	931	985
991	1013	1101
1007	1030	1087
1030	1196	1087
1196	1228	1087
1196	1269	1228
1269	1262	1228
1262	1247	1228
1262	1328	1247
1328	1346	1247
1346	1290	1247
1346	1344	1290
1262	1269	1328
1196	1284	1269
1196	1235	1284
1235	1271	1284
1235	1189	1271
1235	1196	1189
1016	1037	1085
1037	1095	1085
1095	1129	1085
1037	1082	1095
1041	1226	1083
1041	1223	1226
1048	1110	1122
1110	1211	1122
1122	1074	1048
1102	1173	1107
1173	1191	1107
1173	1240	1191
1173	1224	1240
1224	1326	1240
1106	1263	1291
1263	1410	1291
1263	1390	1410
1139	1183	1199
1152	1244	1185
1244	1220	1185
1244	1331	1220
1331	1249	1220
1249	1261	1220
1261	1390	1220
1331	1373	1249
1331	1397	1373
1397	1421	1373
1421	1471	1373
1471	1432	1373
1471	1584	1432
1584	1563	1432
1563	1477	1432
1477	1521	1432
1477	1593	1521
1593	1692	1521
1692	1679	1521
1679	1518	1521
1679	1498	1518
1679	1682	1498
1682	1479	1498
1692	1768	1679
1768	1830	1679
1692	1668	1768
1692	1591	1668
1591	1563	1668
1563	1619	1668
1619	1708	1668
1619	1653	1708
1653	1737	1708
1737	1776	1708
1737	1812	1776
1812	1844	1776
1812	1960	1844
1960	1965	1844
1737	1760	1812
1760	1861	1812
1760	1756	1861
1737	1547	1760
1737	1614	1547
1614	1562	1547
1614	1612	1562
1612	1512	1562
1612	1599	1512
1599	1546	1512
1546	1481	1512
1481	1441	1512
1481	1438	1441
1438	1300	1441
1438	1397	1300
1438	1421	1397
1438	1471	1421
1438	1481	1471
1481	1546	1471
1546	1584	1471
1546	1599	1584
1599	1619	1584
1619	1563	1584
1599	1653	1619
1599	1612	1653
1612	1614	1653
1614	1737	1653
1591	1593	1563
1593	1477	1563
1591	1692	1593
1331	1202	1397
1331	1248	1202
1248	1162	1202
1248	1138	1162
1331	1244	1248
1163	1315	1236
1315	1238	1236
1315	1341	1238
1172	1286	1210
1286	1279	1210
1286	1303	1279
1180	1184	1237
1181	1311	1203
1311	1273	1203
1311	1470	1273
1470	1320	1273
1470	1457	1320
1470	1536	1457
1311	1417	1470
1311	1327	1417
1193	1298	1225
1225	1053	1193
1298	1239	1225
1239	1121	1225
1298	1424	1239
1227	1308	1431
1230	1343	1293
1270	1347	1306
1347	1418	1306
1270	1321	1347
1324	1353	1456
1456	1358	1324
1456	1454	1358
1456	1520	1454
1337	1462	1376
1376	1343	1337
1337	1364	1462
1364	1464	1462
1464	1560	1462
1560	1537	1462
1560	1640	1537
1349	1368	1396
1368	1403	1396
1403	1571	1396
1571	1492	1396
1492	1491	1396
1492	1565	1491
1565	1543	1491
1565	1670	1543
1492	1571	1565
1403	1628	1571
1628	1729	1571
1729	1765	1571
1729	1799	1765
1799	1974	1765
1403	1448	1628
1371	1486	1375
1382	1549	1522
1382	1634	1549
1634	1691	1549
1634	1642	1691
1642	1813	1691
1642	1888	1813
1888	1942	1813
1642	1856	1888
1856	1892	1888
1642	1671	1856
1671	1749	1856
1634	1517	1642
1411	1476	1550
1420	1447	1650
1447	1647	1650
1647	1779	1650
1779	1787	1650
1787	1672	1650
1672	1627	1650
1627	1420	1650
1627	1525	1420
1627	1629	1525
1627	1672	1629
1672	1723	1629
1672	1917	1723
1672	1831	1917
1672	1787	1831
1647	1791	1779
1447	1467	1647
1467	1644	1647
1430	1559	1569
1559	1595	1569
1595	1639	1569
1595	1677	1639
1677	1702	1639
1677	1785	1702
1595	1559	1677
1435	1552	1583
1552	1751	1583
1751	1771	1583
1552	1664	1751
1552	1607	1664
1607	1745	1664
1607	1528	1745
1583	1417	1435
1450	1519	1645
1472	1475	1531
1475	1499	1531
1472	1271	1475
1472	1440	1271
1489	1568	1631
1489	1424	1568
1493	1688	1705
1507	1616	1630
1616	1734	1630
1734	1750	1630
1750	1721	1630
1721	1678	1630
1721	1736	1678
1721	1750	1736
1734	1743	1750
1743	1807	1750
1734	1616	1743
1507	1550	1616
1511	1605	1556
1516	1578	1524
1527	1564	1617
1542	1740	1601
1557	1621	1659
1566	1697	1694
1697	1840	1694
1840	1905	1694
1575	1582	1667
1576	1651	1676
1676	1716	1576
1676	1782	1716
1676	1789	1782
1789	1825	1782
1676	1651	1789
1603	1633	1648
1603	1609	1633
1603	1431	1609
1608	1733	1638
1608	1773	1733
1773	1872	1733
1773	1803	1872
1803	1868	1872
1868	1959	1872
1803	1912	1868
1610	1747	1684
1747	1866	1684
1625	1764	1783
1764	1902	1783
1902	2000	1783
2000	1801	1783
2000	2026	1801
1902	2081	2000
1902	1930	2081
1930	2030	2081
2030	2130	2081
2130	2230	2081
2130	2190	2230
2190	2366	2230
2190	2375	2366
2375	2392	2366
2392	2552	2366
2552	2564	2366
2552	2674	2564
2552	2590	2674
2590	2701	2674
2701	2826	2674
2701	2779	2826
2779	2880	2826
2880	2876	2826
2880	3035	2876
2880	2998	3035
2998	3057	3035
3057	3105	3035
2590	2574	2701
2590	2552	2574
2552	2392	2574
2375	2190	2392
2130	2148	2190
2148	2137	2190
2148	2030	2137
2148	2130	2030
1930	1950	2030
1930	1802	1950
1930	1902	1802
1902	1764	1802
1764	1681	1802
1681	1682	1802
1632	1720	1748
1636	1739	1735
1739	1835	1735
1739	1857	1835
1857	1941	1835
1941	1909	1835
1857	2011	1941
1652	1660	1683
1660	1714	1683
1714	1885	1683
1660	1659	1714
1669	1763	1752
1669	1631	1763
1685	1767	1781
1712	1809	1772
1718	1726	1848
1726	1858	1848
1727	1759	1788
1759	1836	1788
1836	1921	1788
1836	1947	1921
1947	2004	1921
1947	2050	2004
2050	2105	2004
2105	2125	2004
2105	2197	2125
2197	2165	2125
2105	2191	2197
2191	2231	2197
2231	2241	2197
2231	2322	2241
2322	2371	2241
2231	2286	2322
2231	2191	2286
2105	2070	2191
2070	2134	2191
2105	2050	2070
1836	1865	1947
1786	1800	1895
1800	1904	1895
1800	1910	1904
1800	1794	1910
1800	1667	1794
1793	1806	1814
1796	1841	1828
1796	1845	1841
1845	1957	1841
1957	1906	1841
1906	1882	1841
1882	1828	1841
1906	2058	1882
1906	1988	2058
1988	2079	2058
2079	2201	2058
2201	2106	2058
2106	2017	2058
2106	2127	2017
2106	2201	2127
2201	2321	2127
2201	2284	2321
2201	2279	2284
2279	2318	2284
2279	2201	2318
2079	2195	2201
2079	2187	2195
2187	2224	2195
2224	2318	2195
2187	2220	2224
1906	1957	1988
1796	1703	1845
1796	1828	1703
1820	1929	1949
1826	1987	1943
1987	1956	1943
1956	1871	1943
1987	2095	1956
1987	2031	2095
2031	2115	2095
2115	2280	2095
2280	2260	2095
2260	2253	2095
2280	2388	2260
2388	2404	2260
2388	2475	2404
2388	2418	2475
2418	2522	2475
2522	2533	2475
2522	2744	2533
2388	2280	2418
2115	2219	2280
2031	2059	2115
1987	1959	2031
1847	2028	1887
2028	2044	1887
1847	1977	2028
1977	2117	2028
1853	2034	1969
2034	2016	1969
2016	1908	1969
2034	2120	2016
1854	1922	1896
1922	1890	1896
1922	2007	1890
1869	1903	1918
1918	1912	1869
1918	2013	1912
1918	2043	2013
2043	2103	2013
1873	1884	2065
2065	2060	1873
2060	1929	1873
2065	2087	2060
2087	2156	2060
2156	2107	2060
2087	2228	2156
2228	2265	2156
2228	2283	2265
2283	2400	2265
2283	2291	2400
2283	2228	2291
1878	1976	1931
1931	1785	1878
1976	2029	1931
1976	2211	2029
1976	2005	2211
1976	1938	2005
1938	1954	2005
1879	1881	1967
1879	1784	1881
1879	1978	1784
1879	2053	1978
2053	2057	1978
2057	1999	1978
2057	2088	1999
2088	1944	1999
2088	2035	1944
2035	1925	1944
2035	2123	1925
2123	2022	1925
2022	1892	1925
2022	2033	1892
2022	2147	2033
2022	2176	2147
2176	2313	2147
2176	2356	2313
2356	2480	2313
2356	2521	2480
2521	2571	2480
2521	2591	2571
2591	2678	2571
2591	2587	2678
2591	2521	2587
2521	2356	2587
2022	2123	2176
2035	2088	2123
2057	2232	2088
2057	2053	2232
1879	1967	2053
1967	2056	2053
1967	2038	2056
2038	2271	2056
2038	2014	2271
2014	2188	2271
2188	2340	2271
2340	2421	2271
2421	2319	2271
2421	2424	2319
2424	2323	2319
1886	2027	2039
2027	2068	2039
2068	2164	2039
2068	2075	2164
2075	2215	2164
2068	2027	2075
2027	2083	2075
2027	1948	2083
1897	1980	1901
1980	2025	1901
1980	2163	2025
1980	2154	2163
1958	2102	1985
1985	1920	1958
1985	1934	1920
2102	2141	1985
2102	2233	2141
2102	2122	2233
1961	1972	2151
1972	2012	2151
2012	2100	2151
2100	2256	2151
2100	2236	2256
2236	2285	2256
2285	2484	2256
2484	2447	2256
2236	2332	2285
2236	2090	2332
2090	2171	2332
2171	2365	2332
2090	1965	2171
1972	1830	2012
2151	2137	1961
1966	2003	2091
2003	2097	2091
2091	2132	1966
1975	2071	2139
2071	2269	2139
1979	2145	2064
2145	2051	2064
2051	1974	2064
2145	2199	2051
2199	2143	2051
2199	2243	2143
2243	2161	2143
2161	2117	2143
2161	2153	2117
2199	2145	2243
1979	2178	2145
1979	2142	2178
2142	2162	2178
2162	2295	2178
2162	2293	2295
2142	2073	2162
2073	1992	2162
2142	1979	2073
1982	1994	2010
2010	2136	1982
2010	2222	2136
2222	2205	2136
2205	2194	2136
2010	2092	2222
2010	2041	2092
2041	2169	2092
2169	2274	2092
2169	2276	2274
2276	2341	2274
2341	2346	2274
2276	2328	2341
2328	2459	2341
2328	2397	2459
2276	2169	2328
2169	2278	2328
2041	2009	2169
1997	2217	2019
2001	2196	2119
2002	2082	2108
2008	2208	2015
2018	2112	2069
2069	1866	2018
1866	2006	2018
2047	2054	2131
2054	2213	2131
2054	2206	2213
2206	2342	2213
2131	2109	2047
2074	2104	2084
2076	2229	2149
2076	2204	2229
2085	2200	2166
2200	2307	2166
2307	2270	2166
2101	2146	2248
2146	2329	2248
2146	2289	2329
2146	2121	2289
2124	2237	2223
2124	2107	2237
2152	2157	2250
2158	2377	2282
2377	2439	2282
2377	2422	2439
2422	2457	2439
2457	2491	2439
2491	2695	2439
2457	2450	2491
2450	2619	2491
2450	2403	2619
2457	2377	2450
2457	2422	2377
2158	2244	2377
2159	2207	2251
2159	2168	2207
2168	2182	2207
2251	2210	2159
2210	2180	2159
2210	2263	2180
2263	2167	2180
2210	2251	2263
2172	2227	2174
2172	2218	2227
2177	2185	2288
2185	2358	2288
2358	2369	2288
2369	2396	2288
2369	2411	2396
2411	2551	2396
2551	2532	2396
2411	2435	2551
2435	2621	2551
2621	2656	2551
2435	2645	2621
2435	2545	2645
2545	2709	2645
2545	2599	2709
2411	2358	2435
2411	2369	2358
2185	2223	2358
2192	2257	2380
2225	2234	2259
2235	2389	2272
2389	2461	2272
2389	2444	2461
2238	2351	2249
2351	2410	2249
2410	2407	2249
2410	2449	2407
2410	2428	2449
2428	2496	2449
2410	2351	2428
2238	2308	2351
2239	2354	2359
2354	2518	2359
2245	2302	2453
2246	2448	2292
2254	2268	2379
2268	2301	2379
2258	2333	2334
2264	2385	2297
2385	2464	2297
2464	2376	2297
2464	2506	2376
2506	2417	2376
2506	2472	2417
2472	2327	2417
2472	2338	2327
2338	2211	2327
2338	2301	2211
2472	2550	2338
2472	2506	2550
2506	2644	2550
2644	2628	2550
2628	2583	2550
2464	2604	2506
2464	2579	2604
2579	2661	2604
2661	2747	2604
2747	2772	2604
2579	2593	2661
2593	2687	2661
2579	2549	2593
2281	2383	2393
2383	2515	2393
2296	2502	2509
2502	2699	2509
2502	2529	2699
2529	2730	2699
2730	2786	2699
2529	2592	2730
2592	2767	2730
2767	2850	2730
2767	2757	2850
2757	2931	2850
2931	2955	2850
2931	3012	2955
2931	2966	3012
2966	3103	3012
3103	3186	3012
3103	3202	3186
3202	3277	3186
3277	3326	3186
3326	3158	3186
3326	3357	3158
3357	3297	3158
3297	3162	3158
3297	3190	3162
3357	3398	3297
3357	3470	3398
3277	3378	3326
3202	3236	3277
3202	3105	3236
3202	3103	3105
3103	3018	3105
3103	2997	3018
3103	2966	2997
2767	2592	2757
2592	2695	2757
2529	2487	2592
2529	2502	2487
2509	2269	2296
2509	2483	2269
2483	2312	2269
2483	2352	2312
2352	2310	2312
2352	2391	2310
2391	2345	2310
2391	2451	2345
2391	2570	2451
2570	2647	2451
2647	2456	2451
2456	2433	2451
2433	2370	2451
2456	2555	2433
2555	2556	2433
2555	2665	2556
2665	2577	2556
2665	2622	2577
2665	2694	2622
2555	2752	2665
2555	2722	2752
2722	2808	2752
2808	2914	2752
2808	2935	2914
2935	2932	2914
2935	2995	2932
2995	2960	2932
2935	3052	2995
3052	3245	2995
2808	2778	2935
2808	2647	2778
2808	2722	2647
2722	2555	2647
2555	2456	2647
2483	2535	2352
2483	2624	2535
2624	2737	2535
2300	2405	2402
2405	2507	2402
2405	2588	2507
2405	2419	2588
2419	2495	2588
2495	2605	2588
2605	2607	2588
2495	2505	2605
2505	2575	2605
2575	2646	2605
2646	2743	2605
2304	2330	2324
2304	2442	2330
2304	2386	2442
2386	2455	2442
2386	2349	2455
2349	2548	2455
2548	2542	2455
2548	2614	2542
2305	2384	2434
2305	2380	2384
2384	2501	2434
2314	2373	2463
2320	2438	2443
2331	2431	2382
2431	2540	2382
2431	2537	2540
2537	2712	2540
2712	2589	2540
2431	2476	2537
2476	2534	2537
2476	2500	2534
2336	2357	2474
2474	2339	2336
2339	2307	2336
2474	2395	2339
2337	2513	2372
2372	2278	2337
2278	2193	2337
2278	2111	2193
2372	2381	2278
2372	2513	2381
2337	2524	2513
2337	2344	2524
2350	2470	2497
2470	2553	2497
2553	2531	2497
2531	2499	2497
2531	2582	2499
2582	2543	2499
2531	2553	2582
2553	2654	2582
2360	2523	2465
2523	2561	2465
2561	2520	2465
2362	2409	2432
2432	2373	2362
2368	2401	2466
2398	2452	2460
2452	2576	2460
2452	2648	2576
2399	2482	2544
2482	2623	2544
2544	2609	2399
2415	2469	2427
2469	2508	2427
2508	2428	2427
2423	2462	2437
2423	2569	2462
2423	2536	2569
2536	2603	2569
2603	2649	2569
2603	2629	2649
2603	2536	2629
2462	2490	2437
2437	2263	2423
2458	2617	2494
2468	2724	2635
2724	2759	2635
2759	2728	2635
2728	2714	2635
2714	2662	2635
2662	2524	2635
2724	2798	2759
2724	2764	2798
2471	2527	2693
2693	2477	2471
2478	2488	2538
2488	2625	2538
2625	2720	2538
2492	2557	2559
2559	2600	2492
2600	2566	2492
2600	2653	2566
2653	2654	2566
2600	2675	2653
2600	2559	2675
2559	2659	2675
2559	2557	2659
2498	2560	2643
2517	2642	2639
2642	2785	2639
2785	2671	2639
2642	2789	2785
2546	2677	2563
2677	2615	2563
2677	2700	2615
2677	2769	2700
2769	2713	2700
2554	2715	2594
2715	2689	2594
2715	2813	2689
2567	2791	2663
2663	2474	2567
2791	2858	2663
2858	2841	2663
2858	2927	2841
2927	2915	2841
2927	3077	2915
3077	2968	2915
3077	3031	2968
3031	3011	2968
3011	2807	2968
2807	2763	2968
2807	2783	2763
3031	3266	3011
3266	3096	3011
3266	3265	3096
3266	3306	3265
3306	3435	3265
3266	3320	3306
3266	3289	3320
3289	3314	3320
3289	3296	3314
3296	3284	3314
3284	3350	3314
3284	3177	3350
3177	3267	3350
3267	3431	3350
3296	3077	3284
3296	3289	3077
3289	3031	3077
3289	3266	3031
2858	2934	2927
2573	2650	2613
2573	2583	2650
2581	2685	2749
2685	2781	2749
2781	2774	2749
2584	2595	2723
2723	2703	2584
2723	2741	2703
2602	2818	2634
2602	2796	2818
2796	2907	2818
2907	2845	2818
2602	2656	2796
2656	2854	2796
2620	2758	2707
2758	2727	2707
2727	2527	2707
2626	2824	2640
2824	2676	2640
2631	2655	2632
2631	2794	2655
2794	2729	2655
2729	2652	2655
2652	2632	2655
2729	2691	2652
2691	2657	2652
2691	2801	2657
2691	2729	2801
2729	2905	2801
2729	2875	2905
2729	2794	2875
2794	2900	2875
2794	2897	2900
2794	2821	2897
2632	2520	2631
2638	2682	2717
2641	2838	2686
2838	2782	2686
2838	2893	2782
2893	2857	2782
2893	3021	2857
2667	2756	2680
2756	2864	2680
2864	2887	2680
2887	2860	2680
2887	3102	2860
3102	2969	2860
3102	3164	2969
3102	3229	3164
2887	3006	3102
2887	2864	3006
2864	2917	3006
2864	2756	2917
2756	2795	2917
2795	2942	2917
2756	2732	2795
2756	2667	2732
2669	2719	2734
2719	2776	2734
2776	2867	2734
2867	2823	2734
2867	2787	2823
2670	2696	2861
2672	2753	2684
2753	2829	2684
2753	2848	2829
2848	2975	2829
2975	2883	2829
2883	2712	2829
2848	3045	2975
3045	3074	2975
2753	2736	2848
2736	2920	2848
2753	2672	2736
2681	2710	2731
2681	2634	2710
2688	2862	2802
2862	2948	2802
2862	3037	2948
2697	2844	2866
2704	2790	2835
2790	2828	2835
2828	2978	2835
2790	2806	2828
2806	2879	2828
2721	2739	2849
2739	2891	2849
2891	2923	2849
2923	2890	2849
2891	2976	2923
2742	2760	2847
2760	2873	2847
2873	2963	2847
2963	2842	2847
2842	2742	2847
2963	2947	2842
2873	2996	2963
2996	3041	2963
2873	2952	2996
2873	2892	2952
2873	2760	2892
2750	2964	2817
2964	2906	2817
2906	2831	2817
2831	2678	2817
2906	2980	2831
2980	3013	2831
3013	2959	2831
2959	2886	2831
2959	2944	2886
2944	2872	2886
2944	3047	2872
3047	2901	2872
2944	3138	3047
3138	3141	3047
2944	3152	3138
2944	2959	3152
3013	3114	2959
3013	3095	3114
3013	2980	3095
2755	2792	2830
2792	2855	2830
2762	2768	2784
2765	2943	2834
2943	2949	2834
2949	2877	2834
2877	2789	2834
2877	2896	2789
2896	2981	2789
2877	2949	2896
2765	2741	2943
2771	2916	2837
2799	2827	2991
2827	2870	2991
2870	3028	2991
3028	3093	2991
3028	3075	3093
3028	2870	3075
2870	3053	3075
2809	2843	2957
2814	2911	2825
2814	2924	2911
2924	3062	2911
2815	2819	2971
2816	2851	2852
2851	2908	2852
2908	2747	2852
2852	2687	2816
2820	2965	2865
2833	2899	2983
2899	2986	2983
2986	3089	2983
2899	2894	2986
2853	2878	2938
2863	2985	3010
3010	3003	2863
3010	3076	3003
3076	3068	3003
3076	3315	3068
3315	3069	3068
3315	3121	3069
2871	3020	2925
3020	3026	2925
2882	3072	3001
2882	3046	3072
3046	3127	3072
2903	3123	3036
3123	3173	3036
3173	3137	3036
2903	3148	3123
2904	2926	2972
2926	2919	2972
2972	3024	2904
2909	2953	2933
2912	2936	3007
2918	2994	2984
2928	2987	3113
2937	3066	2979
2945	3042	3067
3067	3185	2945
3185	3005	2945
3067	3270	3185
3067	3184	3270
3184	3273	3270
3273	3477	3270
3184	3230	3273
3067	3042	3184
2945	2951	3042
2950	2961	3078
2950	2824	2961
2950	2920	2824
2950	3087	2920
2950	3078	3087
3078	3132	3087
2961	2999	3078
2954	3159	3135
3159	3212	3135
3212	3231	3135
3231	3083	3135
3231	3113	3083
3231	3155	3113
3231	3253	3155
3212	3244	3231
3244	3258	3231
3244	3312	3258
3244	3262	3312
3262	3374	3312
3374	3413	3312
3374	3458	3413
3458	3514	3413
3458	3546	3514
3546	3575	3514
3575	3565	3514
3565	3495	3514
3575	3647	3565
3647	3622	3565
3647	3691	3622
3691	3603	3622
3603	3441	3622
3603	3453	3441
3453	3427	3441
3453	3426	3427
3453	3506	3426
3506	3425	3426
3506	3536	3425
3536	3366	3425
3506	3654	3536
3506	3652	3654
3652	3722	3654
3722	3774	3654
3722	3816	3774
3816	3855	3774
3855	3795	3774
3855	3917	3795
3917	3818	3795
3917	3893	3818
3893	3760	3818
3917	3972	3893
3972	3996	3893
3996	3907	3893
3907	3872	3893
3996	4012	3907
4012	3985	3907
4012	4090	3985
4090	4079	3985
4079	3986	3985
3986	3897	3985
3897	3892	3985
3897	3836	3892
3897	3796	3836
3897	3867	3796
3867	3849	3796
3849	3778	3796
3897	3986	3867
4079	4035	3986
4079	4107	4035
4107	4072	4035
4072	4066	4035
4072	4210	4066
4210	4136	4066
4136	4078	4066
4136	4159	4078
4159	4004	4078
4004	3971	4078
3971	3961	4078
4159	4019	4004
4159	4118	4019
4159	4191	4118
4159	4263	4191
4159	4136	4263
4136	4210	4263
4210	4285	4263
4285	4295	4263
4285	4357	4295
4357	4446	4295
4357	4361	4446
4361	4416	4446
4416	4511	4446
4511	4479	4446
4511	4549	4479
4549	4581	4479
4581	4504	4479
4504	4483	4479
4549	4613	4581
4613	4681	4581
4681	4672	4581
4681	4699	4672
4699	4730	4672
4730	4705	4672
4730	4750	4705
4750	4702	4705
4750	4733	4702
4733	4663	4702
4733	4670	4663
4670	4624	4663
4670	4671	4624
4671	4591	4624
4591	4560	4624
4671	4676	4591
4671	4760	4676
4760	4775	4676
4775	4710	4676
4775	4790	4710
4790	4720	4710
4790	4858	4720
4858	4827	4720
4858	4918	4827
4918	4815	4827
4918	4881	4815
4881	4850	4815
4850	4826	4815
4850	4796	4826
4850	4879	4796
4879	4873	4796
4873	4854	4796
4854	4693	4796
4693	4643	4796
4643	4644	4796
4693	4602	4643
4693	4622	4602
4622	4475	4602
4622	4492	4475
4492	4443	4475
4443	4407	4475
4407	4384	4475
4492	4419	4443
4622	4520	4492
4622	4616	4520
4616	4721	4520
4622	4742	4616
4622	4693	4742
4879	4895	4873
4895	4957	4873
4895	4990	4957
4990	5006	4957
5006	4980	4957
5006	4998	4980
4998	4991	4980
4998	5016	4991
5016	5011	4991
5011	4952	4991
5011	4943	4952
4943	4899	4952
4943	4892	4899
4892	4830	4899
4830	4846	4899
4892	4872	4830
4872	4821	4830
4821	4728	4830
4728	4736	4830
4728	4685	4736
4728	4660	4685
4660	4593	4685
4660	4628	4593
4628	4572	4593
4572	4456	4593
4456	4476	4593
4628	4539	4572
4660	4748	4628
4748	4696	4628
4748	4784	4696
4784	4780	4696
4784	4817	4780
4817	4809	4780
4809	4793	4780
4793	4707	4780
4809	4835	4793
4809	4914	4835
4809	4883	4914
4883	4928	4914
4928	4948	4914
4928	5003	4948
5003	5027	4948
5003	5022	5027
5022	5064	5027
5064	5039	5027
5039	4994	5027
5039	5008	4994
5008	4971	4994
4971	4907	4994
4971	4931	4907
4931	4909	4907
4909	4852	4907
4852	4868	4907
4852	4810	4868
4810	4803	4868
4803	4835	4868
4810	4773	4803
4810	4828	4773
4828	4682	4773
4682	4668	4773
4668	4630	4773
4810	4852	4828
4852	4863	4828
4863	4786	4828
4863	4865	4786
4865	4851	4786
4851	4683	4786
4683	4659	4786
4851	4788	4683
4851	4836	4788
4836	4840	4788
4840	4709	4788
4840	4743	4709
4743	4647	4709
4743	4667	4647
4667	4618	4647
4618	4538	4647
4618	4495	4538
4495	4373	4538
4373	4417	4538
4373	4297	4417
4297	4292	4417
4373	4308	4297
4373	4354	4308
4373	4495	4354
4618	4528	4495
4618	4678	4528
4678	4662	4528
4678	4675	4662
4675	4601	4662
4675	4692	4601
4692	4625	4601
4625	4558	4601
4558	4490	4601
4490	4513	4601
4558	4462	4490
4558	4564	4462
4564	4516	4462
4564	4619	4516
4619	4546	4516
4619	4563	4546
4563	4477	4546
4563	4614	4477
4614	4621	4477
4621	4592	4477
4592	4453	4477
4621	4639	4592
4639	4658	4592
4658	4638	4592
4658	4726	4638
4726	4711	4638
4711	4686	4638
4686	4508	4638
4686	4664	4508
4686	4779	4664
4779	4661	4664
4779	4754	4661
4754	4725	4661
4725	4655	4661
4655	4537	4661
4655	4532	4537
4532	4478	4537
4478	4450	4537
4450	4533	4537
4478	4457	4450
4457	4333	4450
4333	4363	4450
4333	4256	4363
4457	4421	4333
4457	4532	4421
4532	4438	4421
4438	4404	4421
4438	4515	4404
4515	4474	4404
4474	4287	4404
4474	4400	4287
4400	4252	4287
4252	4232	4287
4252	4198	4232
4252	4228	4198
4252	4290	4228
4252	4400	4290
4400	4377	4290
4400	4426	4377
4426	4356	4377
4426	4406	4356
4426	4422	4406
4422	4389	4406
4426	4506	4422
4426	4509	4506
4509	4571	4506
4571	4611	4506
4571	4654	4611
4654	4717	4611
4717	4575	4611
4575	4524	4611
4575	4530	4524
4530	4397	4524
4530	4393	4397
4393	4302	4397
4302	4212	4397
4302	4227	4212
4302	4201	4227
4201	4175	4227
4175	4143	4227
4175	4201	4143
4201	4095	4143
4095	4054	4143
4095	4086	4054
4530	4487	4393
4530	4544	4487
4544	4615	4487
4615	4559	4487
4559	4491	4487
4491	4385	4487
4491	4448	4385
4448	4424	4385
4424	4306	4385
4306	4246	4385
4246	4201	4385
4424	4311	4306
4311	4273	4306
4311	4275	4273
4275	4243	4273
4243	4105	4273
4243	4194	4105
4243	4223	4194
4223	4203	4194
4203	4140	4194
4203	4080	4140
4080	4065	4140
4203	4196	4080
4203	4223	4196
4223	4364	4196
4364	4316	4196
4316	4220	4196
4316	4239	4220
4239	4160	4220
4239	4250	4160
4250	4141	4160
4239	4317	4250
4317	4331	4250
4331	4329	4250
4329	4274	4250
4274	4235	4250
4274	4253	4235
4253	4109	4235
4274	4350	4253
4350	4359	4253
4359	4386	4253
4386	4289	4253
4289	4242	4253
4242	4155	4253
4242	4117	4155
4117	4097	4155
4117	4070	4097
4117	4129	4070
4117	4165	4129
4165	4126	4129
4165	4174	4126
4174	4176	4126
4176	4139	4126
4139	4025	4126
4139	4119	4025
4119	4006	4025
4006	3958	4025
3958	3905	4025
3905	3989	4025
3905	3932	3989
3932	4070	3989
3958	3911	3905
3911	3844	3905
3844	3810	3905
3844	3735	3810
3735	3728	3810
3728	3779	3810
3728	3752	3779
3728	3646	3752
3646	3561	3752
3646	3581	3561
3646	3628	3581
3628	3557	3581
3646	3672	3628
3646	3728	3672
3728	3735	3672
3844	3815	3735
3815	3794	3735
3794	3706	3735
3706	3623	3735
3706	3681	3623
3681	3673	3623
3681	3791	3673
3791	3740	3673
3740	3615	3673
3615	3567	3673
3615	3608	3567
3615	3656	3608
3656	3700	3608
3656	3740	3700
3740	3769	3700
3769	3862	3700
3862	3830	3700
3862	3903	3830
3903	3856	3830
3903	3955	3856
3955	3943	3856
3955	4094	3943
4094	3992	3943
3992	3948	3943
3948	3936	3943
3948	3918	3936
3918	3851	3936
3851	3797	3936
3851	3787	3797
3787	3647	3797
3647	3734	3797
3647	3575	3734
3575	3607	3734
3575	3546	3607
3546	3530	3607
3530	3531	3607
3531	3560	3607
3560	3650	3607
3531	3475	3560
3531	3377	3475
3377	3437	3475
3377	3395	3437
3377	3278	3395
3278	3376	3395
3377	3264	3278
3264	3198	3278
3264	3163	3198
3264	3188	3163
3188	3153	3163
3188	3066	3153
3188	3213	3066
3188	3264	3213
3531	3458	3377
3531	3530	3458
3530	3546	3458
3787	3691	3647
3787	3826	3691
3826	3816	3691
3816	3665	3691
3665	3603	3691
3665	3652	3603
3652	3506	3603
3506	3453	3603
3665	3722	3652
3665	3816	3722
3826	3855	3816
3826	3834	3855
3834	3918	3855
3918	3960	3855
3960	3959	3855
3959	3917	3855
3959	3973	3917
3973	3972	3917
3973	4092	3972
4092	3996	3972
4092	4083	3996
4083	4012	3996
4083	4111	4012
4111	4090	4012
4111	4195	4090
4195	4079	4090
4195	4115	4079
4115	4107	4079
4115	4216	4107
4216	4210	4107
4210	4072	4107
4216	4322	4210
4322	4357	4210
4357	4285	4210
4322	4361	4357
4322	4358	4361
4358	4416	4361
4358	4362	4416
4362	4455	4416
4455	4498	4416
4498	4511	4416
4498	4550	4511
4550	4549	4511
4550	4613	4549
4550	4569	4613
4569	4646	4613
4646	4681	4613
4646	4699	4681
4646	4689	4699
4689	4719	4699
4719	4730	4699
4719	4741	4730
4741	4750	4730
4741	4798	4750
4798	4808	4750
4808	4733	4750
4808	4767	4733
4767	4670	4733
4767	4760	4670
4760	4671	4670
4767	4789	4760
4789	4775	4760
4789	4841	4775
4841	4800	4775
4800	4790	4775
4800	4841	4790
4841	4860	4790
4841	4877	4860
4877	4903	4860
4877	4908	4903
4908	4924	4903
4908	4966	4924
4966	4989	4924
4989	4967	4924
4967	4941	4924
4941	4933	4924
4941	4918	4933
4918	4858	4933
4941	4977	4918
4977	4932	4918
4932	4881	4918
4932	4958	4881
4958	4879	4881
4879	4850	4881
4958	4895	4879
4958	4990	4895
4958	4999	4990
4999	5021	4990
5021	5007	4990
5007	5006	4990
5007	5017	5006
5017	4998	5006
5017	5016	4998
5017	5044	5016
5044	5047	5016
5047	5011	5016
5044	5058	5047
5044	5070	5058
5070	5073	5058
5070	5072	5073
5072	5075	5073
5075	5074	5073
5074	5065	5073
5074	5064	5065
5064	5022	5065
5070	5044	5072
5044	5062	5072
5062	5066	5072
5066	5067	5072
5067	5068	5072
5067	5059	5068
5067	5066	5059
5066	5060	5059
5060	5054	5059
5054	5035	5059
5035	5031	5059
5031	5050	5059
5050	5046	5059
5050	5042	5046
5042	5038	5046
5042	5026	5038
5026	5018	5038
5026	5015	5018
5015	5009	5018
5009	4986	5018
4986	4984	5018
4984	4970	5018
4970	4993	5018
4970	4954	4993
4954	5004	4993
4954	4992	5004
4992	5001	5004
5001	5024	5004
4992	4965	5001
4965	4936	5001
4936	4934	5001
4936	4901	4934
4901	4900	4934
4901	4855	4900
4855	4884	4900
4855	4875	4884
4855	4774	4875
4774	4845	4875
4845	4905	4875
4845	4897	4905
4897	4915	4905
4915	4987	4905
4915	4935	4987
4935	4996	4987
4996	5023	4987
4996	5033	5023
5033	5041	5023
5041	5043	5023
5043	5024	5023
5043	5053	5024
5043	5061	5053
5061	5046	5053
5043	5056	5061
5056	5069	5061
5056	5048	5069
5048	5063	5069
5063	5075	5069
5048	5029	5063
5029	5071	5063
5029	5034	5071
5034	5045	5071
5045	5049	5071
5045	5036	5049
5036	4995	5049
5036	5045	4995
5045	4968	4995
4968	4947	4995
4947	4959	4995
4947	4910	4959
4910	4906	4959
4906	4917	4959
4917	4973	4959
4917	4953	4973
4953	4938	4973
4938	4961	4973
4961	4976	4973
4976	5020	4973
5020	5040	4973
5020	5037	5040
5020	5028	5037
5028	5032	5037
5028	5014	5032
5014	5030	5032
5030	5057	5032
5030	5051	5057
5051	5064	5057
5051	5039	5064
5051	5012	5039
5012	5008	5039
5012	5014	5008
5014	4971	5008
5012	5030	5014
5012	5051	5030
5020	5000	5028
5020	4976	5000
4976	4923	5000
4923	4946	5000
4946	4969	5000
4946	4955	4969
4955	4949	4969
4949	4971	4969
4949	4925	4971
4925	4931	4971
4925	4909	4931
4925	4882	4909
4882	4852	4909
4882	4863	4852
4882	4925	4863
4925	4927	4863
4927	4865	4863
4927	4891	4865
4891	4851	4865
4891	4836	4851
4891	4840	4836
4891	4853	4840
4853	4778	4840
4778	4743	4840
4778	4753	4743
4753	4667	4743
4753	4678	4667
4678	4618	4667
4753	4735	4678
4735	4675	4678
4735	4692	4675
4735	4757	4692
4757	4701	4692
4701	4625	4692
4701	4619	4625
4619	4564	4625
4564	4558	4625
4701	4636	4619
4636	4563	4619
4636	4674	4563
4674	4614	4563
4674	4698	4614
4698	4665	4614
4665	4621	4614
4665	4649	4621
4649	4639	4621
4649	4695	4639
4695	4658	4639
4695	4726	4658
4695	4747	4726
4747	4797	4726
4797	4782	4726
4782	4711	4726
4782	4737	4711
4737	4686	4711
4737	4799	4686
4799	4779	4686
4799	4813	4779
4813	4794	4779
4794	4754	4779
4794	4725	4754
4794	4764	4725
4764	4680	4725
4680	4655	4725
4680	4634	4655
4634	4532	4655
4634	4589	4532
4589	4578	4532
4578	4515	4532
4515	4438	4532
4578	4600	4515
4600	4536	4515
4536	4474	4515
4536	4400	4474
4536	4522	4400
4522	4509	4400
4509	4426	4400
4522	4571	4509
4522	4567	4571
4567	4637	4571
4637	4654	4571
4637	4716	4654
4716	4717	4654
4716	4774	4717
4774	4761	4717
4761	4657	4717
4657	4575	4717
4657	4544	4575
4544	4530	4575
4657	4615	4544
4657	4673	4615
4673	4559	4615
4673	4590	4559
4590	4551	4559
4551	4491	4559
4551	4448	4491
4551	4527	4448
4527	4424	4448
4527	4468	4424
4468	4360	4424
4360	4311	4424
4360	4275	4311
4360	4243	4275
4360	4346	4243
4346	4223	4243
4346	4364	4223
4346	4408	4364
4408	4410	4364
4410	4398	4364
4398	4316	4364
4398	4317	4316
4317	4239	4316
4398	4447	4317
4447	4331	4317
4447	4415	4331
4415	4329	4331
4415	4350	4329
4350	4274	4329
4415	4359	4350
4415	4386	4359
4415	4434	4386
4434	4395	4386
4395	4289	4386
4395	4392	4289
4392	4270	4289
4270	4242	4289
4270	4260	4242
4260	4165	4242
4165	4117	4242
4260	4174	4165
4260	4240	4174
4240	4176	4174
4240	4224	4176
4224	4139	4176
4224	4226	4139
4226	4144	4139
4144	4119	4139
4144	4164	4119
4164	4133	4119
4164	4120	4133
4164	4189	4120
4189	4162	4120
4162	4134	4120
4162	4148	4134
4162	4205	4148
4205	4184	4148
4184	4098	4148
4184	4094	4098
4094	3979	4098
3979	4023	4098
3979	4014	4023
3979	3908	4014
3908	3863	4014
3863	3977	4014
3977	4007	4014
3977	3947	4007
3977	3888	3947
3888	3842	3947
3842	3927	3947
3927	4009	3947
3927	4006	4009
4006	4040	4009
4006	4119	4040
3927	3958	4006
3927	3911	3958
3927	3842	3911
3842	3815	3911
3815	3844	3911
3842	3794	3815
3842	3791	3794
3791	3681	3794
3681	3706	3794
3842	3888	3791
3888	3792	3791
3792	3769	3791
3769	3740	3791
3792	3863	3769
3863	3862	3769
3863	3908	3862
3908	3903	3862
3908	3979	3903
3979	3955	3903
3979	4094	3955
3792	3888	3863
3888	3977	3863
4184	4183	4094
4183	4135	4094
4135	4068	4094
4068	4018	4094
4018	3992	4094
4018	3918	3992
3918	3948	3992
4018	3960	3918
4018	4026	3960
4026	4016	3960
4016	3959	3960
4016	4008	3959
4008	3973	3959
4008	4114	3973
4114	4092	3973
4114	4146	4092
4146	4179	4092
4179	4204	4092
4204	4083	4092
4204	4111	4083
4204	4195	4111
4204	4229	4195
4229	4230	4195
4230	4115	4195
4230	4216	4115
4230	4322	4216
4230	4358	4322
4230	4362	4358
4230	4229	4362
4229	4324	4362
4324	4343	4362
4343	4442	4362
4442	4455	4362
4442	4496	4455
4496	4548	4455
4548	4498	4455
4548	4554	4498
4554	4562	4498
4562	4569	4498
4569	4550	4498
4562	4646	4569
4562	4642	4646
4642	4689	4646
4642	4722	4689
4722	4719	4689
4722	4772	4719
4772	4741	4719
4772	4798	4741
4772	4811	4798
4811	4831	4798
4831	4824	4798
4824	4808	4798
4824	4814	4808
4814	4767	4808
4814	4789	4767
4814	4829	4789
4829	4841	4789
4829	4877	4841
4829	4824	4877
4829	4814	4824
4811	4874	4831
4811	4823	4874
4823	4869	4874
4869	4894	4874
4894	4889	4874
4894	4929	4889
4894	4937	4929
4937	4942	4929
4942	4904	4929
4942	4950	4904
4950	4913	4904
4913	4898	4904
4913	4908	4898
4908	4877	4898
4913	4966	4908
4913	4950	4966
4950	4979	4966
4979	4997	4966
4997	4989	4966
4979	5009	4997
5009	5013	4997
5013	5031	4997
5013	5019	5031
5019	5042	5031
5042	5050	5031
5019	5026	5042
5019	5015	5026
5019	5013	5015
5013	5009	5015
4950	4962	4979
4962	4975	4979
4962	4942	4975
4942	4937	4975
4937	4951	4975
4951	4983	4975
4983	5009	4975
4983	4986	5009
4983	4974	4986
4974	4984	4986
4974	4964	4984
4964	4940	4984
4940	4970	4984
4940	4944	4970
4944	4954	4970
4944	4926	4954
4926	4992	4954
4926	4965	4992
4926	4901	4965
4901	4936	4965
4926	4871	4901
4871	4839	4901
4839	4855	4901
4839	4801	4855
4839	4833	4801
4833	4755	4801
4755	4752	4801
4752	4761	4801
4752	4657	4761
4752	4673	4657
4752	4708	4673
4708	4590	4673
4708	4631	4590
4631	4551	4590
4631	4527	4551
4631	4568	4527
4568	4519	4527
4519	4468	4527
4519	4444	4468
4444	4360	4468
4444	4346	4360
4444	4408	4346
4444	4470	4408
4470	4464	4408
4464	4410	4408
4464	4398	4410
4464	4503	4398
4503	4447	4398
4503	4576	4447
4576	4545	4447
4545	4540	4447
4540	4415	4447
4540	4434	4415
4540	4573	4434
4573	4489	4434
4489	4425	4434
4425	4395	4434
4425	4392	4395
4425	4435	4392
4435	4403	4392
4403	4307	4392
4307	4260	4392
4260	4270	4392
4307	4240	4260
4307	4319	4240
4319	4224	4240
4319	4257	4224
4257	4226	4224
4257	4255	4226
4255	4164	4226
4164	4144	4226
4255	4222	4164
4222	4189	4164
4222	4259	4189
4259	4237	4189
4237	4162	4189
4237	4205	4162
4237	4279	4205
4279	4208	4205
4208	4184	4205
4208	4183	4184
4208	4234	4183
4234	4268	4183
4268	4278	4183
4278	4171	4183
4171	4135	4183
4171	4106	4135
4106	4068	4135
4106	4026	4068
4026	4018	4068
4106	4171	4026
4171	4114	4026
4114	4016	4026
4114	4008	4016
4171	4146	4114
4171	4179	4146
4171	4278	4179
4278	4244	4179
4244	4204	4179
4244	4324	4204
4324	4229	4204
4244	4343	4324
4244	4341	4343
4341	4388	4343
4388	4442	4343
4388	4458	4442
4458	4496	4442
4458	4531	4496
4531	4565	4496
4565	4548	4496
4565	4562	4548
4562	4554	4548
4565	4635	4562
4635	4642	4562
4635	4652	4642
4652	4722	4642
4652	4727	4722
4727	4762	4722
4762	4802	4722
4802	4772	4722
4802	4811	4772
4802	4807	4811
4807	4823	4811
4807	4783	4823
4807	4762	4783
4762	4758	4783
4758	4746	4783
4746	4795	4783
4746	4723	4795
4723	4713	4795
4713	4763	4795
4763	4787	4795
4787	4843	4795
4843	4861	4795
4843	4870	4861
4870	4886	4861
4886	4894	4861
4894	4869	4861
4869	4823	4861
4886	4902	4894
4902	4937	4894
4902	4919	4937
4919	4951	4937
4919	4893	4951
4893	4896	4951
4896	4945	4951
4945	4974	4951
4974	4983	4951
4945	4964	4974
4945	4940	4964
4945	4930	4940
4930	4890	4940
4890	4911	4940
4911	4944	4940
4911	4926	4944
4911	4856	4926
4856	4864	4926
4864	4871	4926
4864	4839	4871
4864	4833	4839
4911	4867	4856
4867	4806	4856
4806	4776	4856
4806	4739	4776
4739	4724	4776
4724	4745	4776
4745	4755	4776
4745	4708	4755
4708	4752	4755
4745	4694	4708
4694	4631	4708
4694	4651	4631
4651	4568	4631
4651	4688	4568
4688	4640	4568
4640	4557	4568
4557	4519	4568
4557	4470	4519
4470	4444	4519
4557	4464	4470
4557	4620	4464
4620	4556	4464
4556	4503	4464
4556	4576	4503
4556	4609	4576
4609	4598	4576
4598	4545	4576
4598	4617	4545
4617	4540	4545
4617	4573	4540
4617	4656	4573
4656	4588	4573
4588	4489	4573
4588	4514	4489
4514	4425	4489
4514	4435	4425
4514	4534	4435
4534	4403	4435
4534	4518	4403
4518	4423	4403
4423	4344	4403
4344	4307	4403
4344	4319	4307
4344	4257	4319
4344	4315	4257
4315	4255	4257
4315	4313	4255
4313	4259	4255
4259	4222	4255
4313	4320	4259
4320	4267	4259
4267	4237	4259
4267	4279	4237
4267	4318	4279
4318	4310	4279
4310	4304	4279
4304	4254	4279
4254	4208	4279
4254	4234	4208
4254	4293	4234
4293	4268	4234
4293	4371	4268
4371	4327	4268
4327	4278	4268
4327	4339	4278
4339	4244	4278
4339	4341	4244
4339	4380	4341
4380	4388	4341
4380	4458	4388
4380	4376	4458
4376	4412	4458
4412	4459	4458
4459	4531	4458
4459	4502	4531
4502	4541	4531
4541	4607	4531
4607	4565	4531
4607	4635	4565
4607	4652	4635
4607	4610	4652
4610	4669	4652
4669	4700	4652
4700	4727	4652
4700	4744	4727
4744	4762	4727
4744	4758	4762
4744	4691	4758
4691	4697	4758
4697	4712	4758
4712	4746	4758
4712	4723	4746
4712	4666	4723
4666	4713	4723
4666	4677	4713
4677	4731	4713
4731	4763	4713
4731	4751	4763
4751	4787	4763
4731	4738	4751
4738	4769	4751
4769	4805	4751
4769	4804	4805
4804	4832	4805
4804	4781	4832
4781	4806	4832
4806	4867	4832
4867	4890	4832
4890	4896	4832
4896	4893	4832
4890	4930	4896
4930	4945	4896
4867	4911	4890
4781	4739	4806
4781	4749	4739
4749	4688	4739
4688	4714	4739
4714	4724	4739
4714	4694	4724
4694	4745	4724
4714	4651	4694
4714	4688	4651
4749	4640	4688
4749	4715	4640
4715	4620	4640
4620	4557	4640
4715	4690	4620
4690	4609	4620
4609	4556	4620
4690	4718	4609
4718	4656	4609
4656	4598	4609
4656	4617	4598
4718	4738	4656
4738	4731	4656
4718	4769	4738
4718	4690	4769
4690	4715	4769
4715	4749	4769
4749	4804	4769
4749	4781	4804
4666	4623	4677
4666	4599	4623
4599	4566	4623
4566	4588	4623
4566	4514	4588
4566	4534	4514
4566	4599	4534
4599	4583	4534
4583	4518	4534
4583	4521	4518
4521	4433	4518
4433	4423	4518
4433	4315	4423
4315	4344	4423
4433	4418	4315
4418	4313	4315
4418	4320	4313
4433	4451	4418
4451	4469	4418
4451	4521	4469
4521	4494	4469
4494	4465	4469
4465	4366	4469
4465	4375	4366
4375	4340	4366
4340	4351	4366
4351	4310	4366
4310	4318	4366
4318	4320	4366
4318	4267	4320
4351	4304	4310
4351	4340	4304
4340	4254	4304
4340	4293	4254
4340	4335	4293
4335	4371	4293
4335	4375	4371
4375	4412	4371
4412	4376	4371
4376	4327	4371
4376	4339	4327
4376	4380	4339
4375	4465	4412
4465	4485	4412
4485	4459	4412
4485	4502	4459
4485	4465	4502
4465	4552	4502
4552	4541	4502
4552	4610	4541
4610	4607	4541
4552	4608	4610
4608	4641	4610
4641	4669	4610
4641	4691	4669
4691	4700	4669
4691	4744	4700
4641	4697	4691
4641	4629	4697
4629	4603	4697
4629	4608	4603
4608	4494	4603
4494	4580	4603
4580	4583	4603
4580	4521	4583
4580	4494	4521
4608	4552	4494
4552	4465	4494
4629	4641	4608
4335	4340	4375
4451	4433	4521
4919	4888	4893
4888	4805	4893
4919	4885	4888
4919	4902	4885
4902	4870	4885
4870	4843	4885
4902	4886	4870
4807	4802	4762
4962	4950	4942
4774	4855	4761
4716	4845	4774
4716	4785	4845
4785	4812	4845
4812	4859	4845
4859	4897	4845
4859	4912	4897
4912	4915	4897
4912	4935	4915
4912	4956	4935
4956	4982	4935
4982	5005	4935
5005	4996	4935
5005	5033	4996
5005	5048	5033
5048	5041	5033
5048	5056	5041
5056	5043	5041
5005	5029	5048
5005	5010	5029
5010	5034	5029
5010	4963	5034
4963	4968	5034
4968	5045	5034
4963	4939	4968
4939	4947	4968
4939	4910	4947
4939	4887	4910
4887	4842	4910
4842	4906	4910
4842	4866	4906
4866	4917	4906
4866	4921	4917
4921	4953	4917
4921	4938	4953
4921	4880	4938
4921	4866	4880
4866	4822	4880
4822	4816	4880
4816	4834	4880
4816	4756	4834
4756	4757	4834
4757	4825	4834
4757	4777	4825
4777	4838	4825
4777	4853	4838
4853	4876	4838
4876	4923	4838
4876	4920	4923
4920	4946	4923
4920	4916	4946
4916	4955	4946
4916	4891	4955
4891	4927	4955
4927	4949	4955
4927	4925	4949
4916	4876	4891
4876	4853	4891
4916	4920	4876
4777	4778	4853
4777	4735	4778
4735	4753	4778
4777	4757	4735
4756	4701	4757
4756	4732	4701
4732	4674	4701
4674	4636	4701
4732	4698	4674
4732	4747	4698
4747	4695	4698
4695	4665	4698
4695	4649	4665
4732	4816	4747
4816	4822	4747
4822	4819	4747
4819	4797	4747
4819	4866	4797
4866	4842	4797
4842	4782	4797
4842	4791	4782
4791	4737	4782
4791	4799	4737
4791	4842	4799
4842	4813	4799
4842	4887	4813
4887	4818	4813
4818	4794	4813
4818	4764	4794
4818	4878	4764
4878	4849	4764
4849	4771	4764
4771	4680	4764
4771	4634	4680
4771	4653	4634
4653	4578	4634
4578	4589	4634
4653	4600	4578
4653	4627	4600
4627	4536	4600
4627	4567	4536
4567	4522	4536
4627	4637	4567
4627	4684	4637
4684	4716	4637
4684	4785	4716
4684	4704	4785
4704	4792	4785
4792	4812	4785
4792	4859	4812
4792	4847	4859
4847	4912	4859
4847	4849	4912
4849	4878	4912
4878	4963	4912
4963	4956	4912
4963	4982	4956
4963	5002	4982
5002	5005	4982
5002	5010	5005
5002	4963	5010
4878	4939	4963
4878	4887	4939
4878	4818	4887
4847	4770	4849
4770	4771	4849
4770	4653	4771
4770	4734	4653
4734	4704	4653
4704	4627	4653
4704	4684	4627
4734	4792	4704
4734	4770	4792
4770	4847	4792
4819	4822	4866
4732	4756	4816
4976	4961	4923
5035	5025	5031
5025	4985	5031
4985	4989	5031
4985	4967	4989
4985	4977	4967
4977	4941	4967
4985	5025	4977
5025	4972	4977
4972	4932	4977
4972	4958	4932
4972	4999	4958
4972	5025	4999
5025	5021	4999
5025	5035	5021
5035	5054	5021
5054	5055	5021
5055	5044	5021
5044	5017	5021
5017	5007	5021
5055	5062	5044
5055	5060	5062
5060	5066	5062
5055	5054	5060
3834	3851	3918
3834	3787	3851
3834	3826	3787
3656	3615	3740
4457	4478	4532
4928	4960	5003
4960	4981	5003
4960	4922	4981
4922	4978	4981
4978	4988	4981
4978	4943	4988
4943	5011	4988
4978	4922	4943
4922	4872	4943
4872	4892	4943
4922	4857	4872
4857	4821	4872
4857	4820	4821
4820	4748	4821
4748	4728	4821
4748	4660	4728
4820	4784	4748
4820	4848	4784
4848	4817	4784
4848	4844	4817
4844	4809	4817
4844	4883	4809
4844	4848	4883
4848	4922	4883
4922	4960	4883
4960	4928	4883
4848	4857	4922
4848	4820	4857
3374	3361	3458
3244	3212	3262
3212	3159	3262
2967	3019	3150
2970	3081	3022
3022	2867	2970
2982	3065	3118
2982	3038	3065
2990	3058	3101
3058	3200	3101
3058	3124	3200
3058	3070	3124
3070	3108	3124
3070	3008	3108
3008	3059	3108
3059	3082	3108
3082	3126	3108
3126	3299	3108
3299	3356	3108
3299	3371	3356
3371	3385	3356
3299	3388	3371
3299	3365	3388
3365	3399	3388
3399	3601	3388
3399	3591	3601
3591	3695	3601
3695	3717	3601
3717	3670	3601
3670	3599	3601
3126	3194	3299
3126	3017	3194
3017	3024	3194
3024	3079	3194
3079	3157	3194
3126	3004	3017
3126	3082	3004
3082	3059	3004
3101	3110	2990
3110	3104	2990
2992	3055	3128
3000	3136	3097
3009	3094	3134
3009	3014	3094
3014	3143	3094
3014	3062	3143
3062	3166	3143
3030	3170	3071
3043	3050	3088
3050	3090	3088
3090	3338	3088
3043	2844	3050
3043	2903	2844
3044	3106	3149
3044	3061	3106
3061	3207	3106
3207	3193	3106
3193	3149	3106
3207	3373	3193
3207	3341	3373
3207	3321	3341
3207	3171	3321
3171	3208	3321
3208	3225	3321
3207	3061	3171
3060	3125	3073
3060	3104	3125
3084	3119	3120
3119	3268	3120
3091	3228	3175
3100	3206	3165
3206	3271	3165
3271	3122	3165
3100	3251	3206
3109	3151	3274
3274	3160	3109
3274	3220	3160
3220	3112	3160
3220	3259	3112
3220	3274	3259
3274	3327	3259
3327	3451	3259
3111	3291	3241
3291	3364	3241
3364	3246	3241
3364	3229	3246
3364	3402	3229
3402	3337	3229
3402	3447	3337
3447	3369	3337
3402	3476	3447
3476	3505	3447
3476	3633	3505
3476	3674	3633
3674	3708	3633
3674	3753	3708
3753	3784	3708
3753	3841	3784
3841	3900	3784
3753	3801	3841
3476	3550	3674
3476	3364	3550
3364	3449	3550
3364	3291	3449
3291	3423	3449
3291	3351	3423
3351	3428	3423
3476	3402	3364
3115	3156	3139
3156	3180	3139
3180	3293	3139
3130	3192	3226
3192	3336	3226
3192	3319	3336
3319	3411	3336
3319	3276	3411
3276	3300	3411
3319	3179	3276
3319	3192	3179
3133	3203	3316
3316	3257	3133
3257	3187	3133
3167	3255	3210
3255	3387	3210
3387	3342	3210
3387	3519	3342
3519	3494	3342
3494	3317	3342
3494	3439	3317
3439	3407	3317
3519	3516	3494
3255	3323	3387
3255	3247	3323
3247	3245	3323
3245	3343	3323
3169	3260	3182
3260	3288	3182
3260	3425	3288
3178	3242	3222
3178	3128	3242
3128	3318	3242
3178	3026	3128
3178	3097	3026
3189	3214	3248
3189	3118	3214
3118	3215	3214
3215	3248	3214
3215	3250	3248
3250	3298	3248
3298	3272	3248
3272	3189	3248
3298	3325	3272
3298	3394	3325
3394	3415	3325
3394	3414	3415
3414	3497	3415
3497	3522	3415
3497	3523	3522
3523	3586	3522
3586	3619	3522
3586	3620	3619
3620	3690	3619
3690	3689	3619
3689	3688	3619
3689	3743	3688
3743	3786	3688
3786	3660	3688
3786	3741	3660
3741	3676	3660
3741	3748	3676
3689	3723	3743
3689	3690	3723
3690	3620	3723
3586	3523	3620
3497	3414	3523
3394	3298	3414
3215	3216	3250
3215	3118	3216
3191	3252	3358
3358	3354	3191
3354	3333	3191
3333	3249	3191
3249	3205	3191
3249	3333	3205
3358	3416	3354
3358	3389	3416
3196	3261	3380
3261	3422	3380
3422	3538	3380
3538	3485	3380
3538	3553	3485
3553	3564	3485
3564	3513	3485
3564	3481	3513
3538	3598	3553
3538	3422	3598
3422	3634	3598
3422	3579	3634
3199	3209	3329
3329	3240	3199
3240	3021	3199
3329	3334	3240
3204	3345	3221
3211	3405	3235
3237	3281	3386
3386	3456	3237
3386	3471	3456
3386	3429	3471
3429	3627	3471
3386	3281	3429
3281	3421	3429
3238	3239	3465
3238	3150	3239
3256	3295	3489
3256	3114	3295
3114	3302	3295
3302	3328	3295
3328	3489	3295
3328	3525	3489
3525	3511	3489
3511	3305	3489
3305	3256	3489
3305	3263	3256
3263	3152	3256
3305	3309	3263
3511	3474	3305
3474	3502	3305
3474	3666	3502
3666	3641	3502
3666	3827	3641
3666	3875	3827
3875	3941	3827
3941	3882	3827
3941	4015	3882
3941	4099	4015
4099	4034	4015
4099	4251	4034
4099	4124	4251
4124	4180	4251
4124	4045	4180
4045	4154	4180
4045	4050	4154
4045	4002	4050
4002	3963	4050
4045	3941	4002
3941	3875	4002
4045	4099	3941
4045	4124	4099
3511	3680	3474
3511	3525	3680
3525	3718	3680
3328	3515	3525
3515	3610	3525
3328	3302	3515
3286	3304	3375
3286	3372	3304
3301	3335	3362
3335	3379	3362
3362	3332	3301
3324	3542	3548
3542	3638	3548
3638	3562	3548
3562	3517	3548
3638	3742	3562
3638	3675	3742
3347	3486	3430
3486	3583	3430
3583	3605	3430
3583	3765	3605
3765	3730	3605
3363	3383	3381
3383	3625	3381
3625	3643	3381
3643	3600	3381
3643	3621	3600
3621	3592	3600
3592	3556	3600
3592	3587	3556
3587	3544	3556
3587	3595	3544
3595	3534	3544
3595	3465	3534
3587	3759	3595
3759	3729	3595
3587	3621	3759
3621	3817	3759
3817	3845	3759
3817	4031	3845
4031	4029	3845
4029	3990	3845
4031	4060	4029
4060	4071	4029
4060	4193	4071
4193	4206	4071
4193	4256	4206
4060	4156	4193
4156	4233	4193
4156	4167	4233
4167	4221	4233
4221	4365	4233
4221	4238	4365
4238	4294	4365
4294	4300	4365
4300	4355	4365
4300	4249	4355
4249	4321	4355
4300	4294	4249
4294	4157	4249
4294	4158	4157
4158	4087	4157
4158	4108	4087
4108	4027	4087
4158	4069	4108
4158	4221	4069
4221	4167	4069
4167	4156	4069
4156	4057	4069
4156	4060	4057
4060	4031	4057
4158	4238	4221
4158	4294	4238
3621	3643	3817
3643	3824	3817
3643	3829	3824
3643	3825	3829
3587	3592	3621
3383	3384	3625
3383	3338	3384
3383	3363	3338
3363	3352	3338
3367	3419	3408
3370	3461	3406
3370	3479	3461
3370	3460	3479
3460	3537	3479
3460	3520	3537
3393	3490	3410
3396	3559	3606
3559	3659	3606
3659	3694	3606
3400	3526	3482
3400	3552	3526
3552	3593	3526
3593	3703	3526
3703	3724	3526
3703	3925	3724
3703	3931	3925
3593	3630	3703
3630	3669	3703
3669	3697	3703
3417	3459	3547
3459	3568	3547
3417	3375	3459
3375	3409	3459
3443	3509	3533
3533	3569	3443
3533	3540	3569
3540	3800	3569
3533	3509	3540
3509	3318	3540
3318	3500	3540
3318	3397	3500
3509	3443	3318
3448	3493	3558
3452	3624	3616
3624	3731	3616
3731	3651	3616
3624	3798	3731
3455	3467	3566
3566	3572	3455
3566	3671	3572
3671	3699	3572
3463	3541	3584
3466	3508	3614
3508	3664	3614
3508	3483	3664
3614	3588	3466
3484	3551	3539
3496	3532	3507
3532	3611	3507
3527	3642	3658
3528	3597	3549
3597	3668	3549
3529	3655	3574
3529	3641	3655
3529	3446	3641
3543	3582	3709
3582	3704	3709
3582	3635	3704
3578	3679	3585
3679	3613	3585
3612	3667	3637
3667	3754	3637
3617	3640	3678
3678	3714	3617
3618	3702	3644
3631	3766	3757
3645	3683	3696
3683	3874	3696
3874	3879	3696
3879	3705	3696
3879	3756	3705
3879	3870	3756
3870	3839	3756
3879	3987	3870
3879	4017	3987
4017	4011	3987
4011	4073	3987
4011	4101	4073
4011	4017	4101
4017	3912	4101
3912	3957	4101
3957	4138	4101
3912	3874	3957
3874	3896	3957
3896	3991	3957
3874	3767	3896
3874	3683	3767
3912	3879	3874
3912	4017	3879
3649	3806	3682
3806	3846	3682
3661	3712	3812
3712	3837	3812
3837	3884	3812
3884	3873	3812
3837	3858	3884
3858	3887	3884
3887	3965	3884
3965	4020	3884
3887	3920	3965
3920	4059	3965
3920	4001	4059
3887	3858	3920
3837	3712	3858
3662	3745	3749
3662	3835	3745
3745	3860	3749
3860	3697	3749
3692	3813	3799
3692	3832	3813
3710	3831	3853
3732	3738	3768
3739	3848	3865
3848	3997	3865
3848	4019	3997
3751	3803	3811
3755	3793	3758
3793	3871	3758
3871	3821	3758
3793	3869	3871
3869	3930	3871
3777	3828	3890
3828	3950	3890
3950	3967	3890
3828	3846	3950
3846	3978	3950
3783	3921	3805
3921	3833	3805
3921	3993	3833
3921	4062	3993
4062	4213	3993
4213	4181	3993
4062	4211	4213
4062	4161	4211
4161	4218	4211
3789	3823	3954
3804	3937	3889
3807	3820	3859
3859	3904	3807
3859	3953	3904
3820	3861	3859
3808	3881	3899
3881	3940	3899
3819	3968	3840
3852	3876	3964
3964	3835	3852
3864	3946	4010
3877	3915	3923
3886	3962	3933
3895	3995	3901
3995	4063	3901
3995	4058	4063
3902	3910	4067
4067	3975	3902
4067	4093	3975
4093	4052	3975
4052	4030	3975
4067	4100	4093
4100	4207	4093
3906	3999	3909
3999	3914	3909
3914	3800	3909
3914	3919	3800
3919	3768	3800
3914	3999	3919
3922	3970	3938
3944	3984	3956
3944	4055	3984
4055	4102	3984
3944	4081	4055
3949	3974	3998
3980	4047	4037
4037	4013	3980
4000	4048	4076
4005	4085	4153
4021	4046	4150
4024	4033	4172
4033	4182	4172
4182	4219	4172
4219	4301	4172
4182	4192	4219
4192	4334	4219
4033	4051	4182
4053	4137	4104
4053	4061	4137
4104	3967	4053
4084	4241	4248
4084	4266	4241
4266	4299	4241
4299	4258	4241
4258	4248	4241
4299	4390	4258
4390	4460	4258
4390	4402	4460
4390	4299	4402
4096	4188	4103
4113	4271	4187
4121	4185	4166
4185	4281	4166
4281	4269	4166
4281	4436	4269
4185	4303	4281
4127	4217	4131
4127	4132	4217
4132	4163	4217
4142	4280	4147
4280	4170	4147
4170	4048	4147
4142	4265	4280
4265	4349	4280
4265	4261	4349
4151	4309	4286
4286	4173	4151
4286	4312	4173
4312	4284	4173
4151	4178	4309
4178	4314	4309
4199	4247	4383
4214	4352	4276
4352	4374	4276
4374	4337	4276
4337	4218	4276
4236	4347	4372
4372	4367	4236
4372	4441	4367
4441	4523	4367
4523	4378	4367
4441	4500	4523
4500	4586	4523
4586	4594	4523
4586	4604	4594
4500	4553	4586
4553	4645	4586
4500	4488	4553
4488	4577	4553
4500	4441	4488
4441	4347	4488
4441	4372	4347
4236	4131	4347
4277	4369	4427
4283	4394	4328
4394	4379	4328
4379	4370	4328
4394	4535	4379
4394	4414	4535
4414	4582	4535
4394	4401	4414
4394	4283	4401
4323	4381	4345
4382	4466	4525
4466	4579	4525
4579	4596	4525
4579	4650	4596
4579	4584	4650
4584	4595	4650
4595	4612	4650
4584	4510	4595
4510	4481	4595
4584	4579	4510
4579	4466	4510
4420	4517	4585
4585	4526	4420
4429	4439	4542
4429	4365	4439
4365	4453	4439
4542	4508	4429
4430	4473	4497
4473	4512	4497
4473	4484	4512
4484	4543	4512
58	32	139
35	34	32
30	47	27
47	39	27
39	48	27
43	92	47
43	100	92
43	61	100
55	89	48
62	125	55
62	127	125
293	318	396
527	681	502
527	678	681
230	319	196
204	302	297
302	356	297
751	937	806
751	860	937
869	728	851
1926	2058	2017
1926	1882	2058
1926	1913	1882
1533	1597	1624
1703	1762	1641
925	820	959
820	812	959
300	303	264
1012	1041	911
891	878	1005
878	1058	1005
891	768	878
635	619	794
619	633	794
633	758	794
167	251	158
251	170	158
251	214	170
167	272	251
167	267	272
167	193	267
193	284	267
874	942	924
942	1068	924
1068	1052	924
1369	1387	1404
1153	1132	977
1132	1028	977
761	647	771
504	419	497
419	393	497
393	400	497
393	370	400
131	109	153
84	143	70
143	118	70
279	378	371
279	328	378
510	402	344
494	545	451
658	777	571
625	595	543
564	744	625
1259	1267	1392
1778	1654	1798
1662	1469	1536
1156	1178	1174
863	866	922
1089	935	928
935	833	928
935	852	833
852	795	833
915	936	845
522	532	614
532	602	614
602	737	614
538	420	522
659	822	719
990	1059	951
990	1151	1059
990	1349	1151
1349	1396	1151
1396	1491	1151
1491	1190	1151
1491	1400	1190
1400	1217	1190
1491	1543	1400
990	1111	1349
1111	1368	1349
1111	1239	1368
1111	1121	1239
588	591	668
694	702	582
1784	1889	1761
1523	1596	1573
1596	1811	1573
1419	1231	1252
1115	836	888
1115	1053	836
1271	1440	1284
1083	1036	1041
1199	1205	1139
1760	1547	1756
1303	1407	1279
1407	1315	1279
1974	1977	1765
1974	2051	1977
1375	1317	1371
1813	1869	1691
1813	1903	1869
1634	1382	1517
1568	1763	1631
1621	1870	1659
1801	1644	1783
3035	3105	2876
1763	1979	1752
1763	2073	1979
1763	1992	2073
1763	1849	1992
1849	1905	1992
1905	2133	1992
2133	2293	1992
2293	2162	1992
2133	2277	2293
2277	2326	2293
2201	2195	2318
1845	1874	1957
2291	2446	2400
2446	2530	2400
2530	2511	2400
2211	2301	2029
2301	2268	2029
2268	2254	2029
1938	1758	1954
1925	1889	1944
2480	2335	2313
2335	2273	2313
2176	2232	2356
2176	2123	2232
2123	2088	2232
2271	2319	2056
2014	2149	2188
1886	1851	2027
2122	2370	2233
2122	2189	2370
2189	2451	2370
2189	2345	2451
2122	2025	2189
2256	2436	2151
2436	2137	2151
2285	2332	2484
2222	2476	2205
2476	2431	2205
1866	1886	2006
2104	2083	2084
2439	2275	2282
2439	2487	2275
2439	2592	2487
2159	1885	2168
2599	2705	2709
2257	2298	2380
2380	2305	2192
2417	2327	2376
2506	2772	2644
2772	2810	2644
2772	2812	2810
2772	2747	2812
2506	2604	2772
2661	2852	2747
2661	2687	2852
2730	2850	2786
2850	2955	2786
3052	3343	3245
3052	3144	3343
3144	3347	3343
3347	3430	3343
3052	3007	3144
2380	2501	2384
2320	2316	2438
2336	2307	2357
2111	2032	2193
2111	1910	2032
1910	1939	2032
2513	2397	2381
2609	2441	2399
2566	2334	2492
2659	2903	2675
2903	3036	2675
2642	2765	2789
2713	2797	2700
2915	2660	2841
2915	2763	2660
2915	2968	2763
2723	2943	2741
2723	2773	2943
2773	2945	2943
2945	3005	2943
2640	2513	2626
2824	2920	2676
2920	2690	2676
2920	2736	2690
2893	3199	3021
2893	3209	3199
2893	2838	3209
2838	2889	3209
2917	2942	3006
2842	2708	2742
2842	2930	2708
2842	2947	2930
2831	2886	2678
2959	3256	3152
2959	3114	3256
2755	2501	2792
2971	2970	2815
2970	2776	2815
2908	2954	2747
3315	3330	3121
2903	3043	3148
3043	3338	3148
3338	3352	3148
3270	3324	3185
3270	3542	3324
3270	3477	3542
3477	3638	3542
2824	2999	2961
3155	3169	3113
3155	3253	3169
3253	3260	3169
3253	3426	3260
3426	3425	3260
3253	3427	3426
4191	4288	4118
4720	4648	4710
4443	4419	4407
4980	4899	4957
4899	4846	4957
4980	4952	4899
4980	4991	4952
4830	4736	4846
4685	4476	4736
4476	4721	4736
4685	4593	4476
4914	4868	4835
4914	4948	4868
4948	4907	4868
4948	4994	4907
4948	5027	4994
4333	4206	4256
4302	4385	4201
4302	4487	4385
4302	4393	4487
3943	3797	3856
3797	3734	3856
3943	3936	3797
3264	3361	3213
3264	3377	3361
3377	3458	3361
5072	5068	5075
5068	5069	5075
5068	5061	5069
5068	5046	5061
5068	5059	5046
5038	5053	5046
5038	5004	5053
5004	5024	5053
5038	4993	5004
5038	5018	4993
5001	4987	5024
4987	5023	5024
5001	4934	4987
4934	4884	4987
4884	4875	4987
4934	4900	4884
5063	5076	5075
5063	5071	5076
4995	4959	5049
4959	4973	5049
4973	5040	5049
5040	5057	5049
5040	5037	5057
5037	5032	5057
5014	4969	4971
5014	5028	4969
5028	5000	4969
4824	4898	4877
4824	4904	4898
4824	4831	4904
4997	5031	4989
4801	4761	4855
4783	4861	4823
4783	4795	4861
4864	4755	4833
4864	4856	4755
4856	4776	4755
4751	4805	4787
4805	4885	4787
4885	4843	4787
4805	4888	4885
4832	4893	4805
4731	4623	4656
4623	4588	4656
4731	4677	4623
4418	4469	4320
4469	4366	4320
4603	4583	4697
4583	4712	4697
4583	4666	4712
4583	4599	4666
4880	4923	4938
4923	4961	4938
4880	4834	4923
4834	4838	4923
4834	4825	4838
3601	3599	3388
3151	3327	3274
3151	3549	3327
3151	3528	3549
3133	3029	3203
3316	3503	3257
3316	3403	3503
3272	3325	3189
3325	3209	3189
3325	3415	3209
3786	4021	3741
3786	4046	4021
3786	3743	4046
3743	3723	4046
3414	3574	3523
3414	3250	3574
3414	3298	3250
4015	4034	3882
3759	3845	3729
3490	3645	3410
3645	3468	3410
3468	3315	3410
3703	3697	3931
3697	3860	3931
3671	3956	3699
3671	3944	3956
3671	3687	3944
3687	3732	3944
3732	3919	3944
3919	4081	3944
3919	4215	4081
3919	4084	4215
4084	4248	4215
3919	3999	4084
3732	3768	3919
3687	3594	3732
3484	3431	3551
3597	3715	3668
4161	4276	4218
4161	4062	4276
4062	4214	4276
4062	3921	4214
3783	3782	3921
3876	4181	3964
4181	4110	3964
3975	3771	3902
3922	4113	3970
4113	4187	3970
4103	3994	4096
4096	4370	4188
4370	4384	4188
4096	4328	4370
4096	4073	4328
4073	4283	4328
