1	6	3
6	2	3
6	10	2
10	4	2
4	14	2
10	7	4
6	25	10
25	24	10
24	5	10
24	17	5
17	7	5
17	14	7
17	53	14
17	41	53
17	19	41
19	21	41
21	28	41
28	60	41
28	43	60
43	55	60
43	65	55
65	64	55
64	93	55
64	61	93
61	78	93
78	138	93
138	112	93
78	86	138
86	148	138
148	195	138
195	202	138
202	189	138
195	349	202
349	273	202
349	400	273
349	416	400
416	439	400
439	449	400
439	633	449
633	586	449
439	615	633
439	560	615
560	580	615
580	728	615
728	770	615
770	753	615
770	827	753
827	940	753
940	947	753
940	1015	947
1015	1069	947
1069	1036	947
1036	956	947
1036	981	956
981	874	956
874	825	956
874	904	825
904	742	825
742	662	825
904	847	742
847	764	742
847	818	764
818	761	764
761	691	764
761	641	691
761	624	641
624	582	641
582	505	641
582	451	505
451	337	505
337	459	505
459	523	505
459	424	523
424	402	523
424	337	402
337	301	402
301	316	402
316	393	402
393	464	402
301	268	316
301	260	268
260	174	268
174	189	268
174	128	189
301	337	260
337	282	260
282	160	260
282	165	160
165	133	160
165	87	133
87	98	133
165	134	87
134	108	87
108	75	87
75	23	87
282	283	165
337	451	282
424	459	337
582	544	451
582	624	544
624	649	544
649	579	544
579	557	544
579	610	557
610	538	557
538	448	557
538	474	448
474	418	448
418	325	448
418	320	325
320	236	325
236	207	325
418	368	320
418	445	368
445	433	368
433	341	368
341	323	368
433	361	341
361	330	341
361	292	330
292	252	330
292	259	252
259	220	252
220	178	252
178	183	252
178	147	183
147	166	183
147	129	166
129	119	166
129	136	119
136	137	119
137	100	119
100	74	119
100	59	74
59	62	74
62	69	74
69	73	74
69	34	73
34	30	73
30	104	73
34	8	30
8	13	30
13	23	30
13	12	23
34	9	8
34	22	9
22	15	9
15	16	9
16	1	9
15	37	16
37	36	16
36	38	16
38	27	16
38	67	27
67	44	27
44	29	27
44	56	29
56	18	29
56	58	18
58	39	18
39	45	18
45	25	18
25	6	18
45	63	25
63	42	25
42	24	25
42	40	24
40	32	24
32	19	24
19	11	24
11	17	24
11	19	17
32	21	19
32	43	21
43	28	21
32	68	43
68	65	43
68	80	65
80	97	65
97	78	65
78	61	65
61	64	65
97	106	78
106	107	78
107	86	78
107	148	86
107	156	148
107	144	156
144	150	156
150	179	156
150	167	179
167	201	179
201	218	179
218	223	179
223	237	179
223	288	237
288	254	237
288	278	254
288	413	278
413	349	278
349	195	278
413	416	349
413	499	416
499	539	416
539	560	416
560	439	416
539	580	560
539	499	580
499	656	580
656	728	580
656	725	728
725	751	728
751	770	728
751	827	770
751	832	827
832	884	827
884	940	827
884	902	940
902	1029	940
1029	1015	940
1029	1070	1015
1070	1069	1015
1070	1117	1069
1117	1036	1069
1117	1107	1036
1107	1034	1036
1034	981	1036
1034	1008	981
1008	946	981
946	910	981
910	874	981
910	904	874
910	946	904
946	1008	904
1008	932	904
932	847	904
932	877	847
877	818	847
877	901	818
901	839	818
839	761	818
839	743	761
743	624	761
743	677	624
677	649	624
677	579	649
677	678	579
678	610	579
678	699	610
699	654	610
654	559	610
559	538	610
559	474	538
559	528	474
528	445	474
445	418	474
528	552	445
552	433	445
552	568	433
552	654	568
654	657	568
657	639	568
657	684	639
684	672	639
672	595	639
672	540	595
540	520	595
540	480	520
540	458	480
458	411	480
411	356	480
411	370	356
370	336	356
336	358	356
358	367	356
358	315	367
315	319	367
315	302	319
302	289	319
289	259	319
259	292	319
292	347	319
292	361	347
289	247	259
247	212	259
212	220	259
212	196	220
196	178	220
196	180	178
180	164	178
164	147	178
164	129	147
164	136	129
164	161	136
161	143	136
143	137	136
143	163	137
163	141	137
141	95	137
95	100	137
95	59	100
95	51	59
51	31	59
31	35	59
35	49	59
49	62	59
49	69	62
49	22	69
22	34	69
49	20	22
20	15	22
20	26	15
26	37	15
26	31	37
31	48	37
48	82	37
82	50	37
50	36	37
50	38	36
50	67	38
48	84	82
84	102	82
102	115	82
102	116	115
116	154	115
116	194	154
194	173	154
173	132	154
173	221	132
221	206	132
206	149	132
149	96	132
96	88	132
88	85	132
88	67	85
88	44	67
88	96	44
96	89	44
89	56	44
89	58	56
89	105	58
105	83	58
83	72	58
72	39	58
72	52	39
52	45	39
52	63	45
52	91	63
91	71	63
71	70	63
70	57	63
57	42	63
57	40	42
57	68	40
68	32	40
57	70	68
70	79	68
79	92	68
92	80	68
92	103	80
103	97	80
103	106	97
103	126	106
126	144	106
144	107	106
126	167	144
167	150	144
126	153	167
153	198	167
198	201	167
198	224	201
224	229	201
229	218	201
229	246	218
246	235	218
235	223	218
235	288	223
235	272	288
272	328	288
328	357	288
328	346	357
346	395	357
346	399	395
399	456	395
456	565	395
565	553	395
565	625	553
625	452	553
625	499	452
499	413	452
413	288	452
625	656	499
625	725	656
456	468	565
468	541	565
541	576	565
541	603	576
541	512	603
512	547	603
547	614	603
547	604	614
604	659	614
604	606	659
606	629	659
629	698	659
629	681	698
681	746	698
681	682	746
682	777	746
682	786	777
786	852	777
852	841	777
852	867	841
852	930	867
930	1035	867
930	990	1035
990	1006	1035
1006	1109	1035
1109	1140	1035
1140	1086	1035
1140	1098	1086
1098	1074	1086
1074	1011	1086
1011	1007	1086
1074	1003	1011
1003	954	1011
1003	945	954
1003	1002	945
1002	989	945
1002	1014	989
1014	908	989
908	873	989
908	812	873
908	868	812
868	725	812
868	832	725
832	751	725
868	928	832
928	902	832
902	884	832
928	993	902
993	1037	902
1037	1029	902
1037	1070	1029
1037	1128	1070
1128	1186	1070
1186	1117	1070
1186	1197	1117
1197	1107	1117
1197	1153	1107
1153	1034	1107
1153	1091	1034
1091	1008	1034
1091	1065	1008
1065	999	1008
999	932	1008
999	944	932
944	877	932
944	951	877
951	901	877
951	1004	901
951	999	1004
999	1065	1004
1065	1073	1004
1073	1102	1004
1073	1122	1102
1122	1156	1102
1156	1145	1102
1145	1111	1102
1145	1147	1111
1147	1114	1111
1147	1132	1114
1132	1097	1114
1097	1022	1114
1097	1001	1022
1132	1143	1097
1143	1077	1097
1143	1161	1077
1161	1121	1077
1121	959	1077
1121	1146	959
1146	1173	959
1173	1054	959
1173	1200	1054
1173	1301	1200
1146	1173	1121
1143	1189	1161
1189	1206	1161
1206	1188	1161
1188	1157	1161
1188	1196	1157
1196	1260	1157
1196	1267	1260
1196	1234	1267
1234	1315	1267
1234	1331	1315
1234	1253	1331
1253	1308	1331
1308	1374	1331
1253	1271	1308
1253	1206	1271
1206	1251	1271
1251	1246	1271
1251	1229	1246
1229	1217	1246
1217	1289	1246
1289	1321	1246
1289	1291	1321
1291	1345	1321
1345	1378	1321
1378	1380	1321
1378	1434	1380
1434	1474	1380
1474	1427	1380
1427	1374	1380
1427	1431	1374
1427	1499	1431
1427	1474	1499
1474	1629	1499
1629	1650	1499
1474	1536	1629
1474	1448	1536
1474	1434	1448
1434	1478	1448
1434	1393	1478
1393	1407	1478
1407	1417	1478
1417	1483	1478
1483	1563	1478
1483	1552	1563
1552	1606	1563
1606	1623	1563
1623	1612	1563
1612	1570	1563
1612	1665	1570
1665	1536	1570
1665	1682	1536
1612	1701	1665
1612	1733	1701
1612	1723	1733
1723	1800	1733
1612	1623	1723
1623	1708	1723
1708	1738	1723
1738	1853	1723
1708	1620	1738
1620	1739	1738
1739	1780	1738
1620	1588	1739
1588	1717	1739
1588	1658	1717
1658	1750	1717
1658	1627	1750
1627	1659	1750
1659	1823	1750
1627	1575	1659
1575	1582	1659
1582	1636	1659
1582	1484	1636
1484	1660	1636
1484	1487	1660
1484	1372	1487
1484	1382	1372
1382	1256	1372
1256	1282	1372
1256	1178	1282
1256	1243	1178
1243	1187	1178
1187	1109	1178
1109	1071	1178
1109	1006	1071
1006	990	1071
990	983	1071
990	930	983
930	965	983
930	866	965
930	852	866
852	786	866
786	781	866
781	871	866
781	922	871
786	682	781
682	718	781
1187	1191	1109
1191	1140	1109
1191	1183	1140
1183	1098	1140
1183	1110	1098
1110	1003	1098
1003	1074	1098
1110	1002	1003
1110	1068	1002
1068	1014	1002
1068	1067	1014
1067	952	1014
952	908	1014
952	868	908
952	928	868
952	970	928
970	993	928
970	1094	993
1094	1044	993
1044	1037	993
1044	1128	1037
1044	1094	1128
1094	1160	1128
1160	1186	1128
1160	1226	1186
1226	1283	1186
1283	1262	1186
1262	1216	1186
1216	1197	1186
1216	1304	1197
1304	1235	1197
1235	1153	1197
1235	1165	1153
1165	1091	1153
1165	1122	1091
1122	1065	1091
1122	1073	1065
1165	1185	1122
1185	1156	1122
1185	1217	1156
1217	1179	1156
1179	1145	1156
1179	1147	1145
1179	1189	1147
1189	1132	1147
1189	1143	1132
1179	1229	1189
1229	1206	1189
1229	1251	1206
1179	1217	1229
1185	1276	1217
1276	1289	1217
1276	1291	1289
1276	1274	1291
1274	1304	1291
1304	1345	1291
1304	1364	1345
1364	1378	1345
1364	1393	1378
1393	1434	1378
1364	1375	1393
1375	1407	1393
1375	1297	1407
1297	1320	1407
1320	1417	1407
1320	1307	1417
1307	1396	1417
1396	1436	1417
1436	1483	1417
1436	1460	1483
1460	1552	1483
1460	1513	1552
1513	1620	1552
1620	1606	1552
1620	1623	1606
1620	1708	1623
1513	1588	1620
1513	1534	1588
1534	1558	1588
1558	1610	1588
1610	1658	1588
1610	1627	1658
1610	1575	1627
1610	1485	1575
1485	1479	1575
1479	1515	1575
1515	1582	1575
1515	1484	1582
1515	1382	1484
1515	1479	1382
1479	1327	1382
1327	1256	1382
1327	1243	1256
1327	1218	1243
1218	1187	1243
1218	1191	1187
1218	1252	1191
1252	1224	1191
1224	1183	1191
1224	1211	1183
1211	1155	1183
1155	1108	1183
1108	1110	1183
1108	1068	1110
1108	1067	1068
1108	1155	1067
1155	1083	1067
1083	952	1067
1083	1094	952
1094	970	952
1083	1106	1094
1106	1160	1094
1106	1226	1160
1083	1155	1106
1155	1211	1106
1224	1249	1211
1249	1287	1211
1287	1296	1211
1287	1388	1296
1388	1381	1296
1381	1313	1296
1313	1307	1296
1313	1396	1307
1313	1381	1396
1381	1436	1396
1381	1430	1436
1430	1460	1436
1430	1513	1460
1430	1481	1513
1481	1534	1513
1481	1500	1534
1500	1558	1534
1500	1490	1558
1490	1485	1558
1485	1610	1558
1490	1475	1485
1475	1421	1485
1421	1479	1485
1421	1376	1479
1376	1327	1479
1376	1346	1327
1346	1252	1327
1252	1218	1327
1346	1334	1252
1334	1287	1252
1287	1249	1252
1249	1224	1252
1334	1388	1287
1334	1397	1388
1397	1430	1388
1430	1381	1388
1397	1481	1430
1397	1500	1481
1397	1490	1500
1397	1389	1490
1389	1475	1490
1389	1421	1475
1389	1346	1421
1346	1376	1421
1389	1358	1346
1358	1334	1346
1358	1397	1334
1358	1389	1397
1320	1226	1307
1320	1283	1226
1320	1297	1283
1297	1262	1283
1297	1304	1262
1304	1216	1262
1297	1375	1304
1375	1364	1304
1274	1235	1304
1274	1276	1235
1276	1185	1235
1185	1165	1235
1253	1188	1206
1253	1196	1188
1253	1234	1196
951	944	999
681	629	682
629	606	682
604	530	606
530	545	606
530	534	545
534	587	545
587	694	545
587	737	694
737	856	694
856	718	694
534	508	587
534	501	508
501	457	508
457	412	508
457	404	412
404	426	412
404	332	426
332	334	426
334	376	426
334	309	376
309	338	376
309	290	338
290	311	338
311	340	338
340	360	338
311	257	340
311	280	257
280	251	257
251	209	257
251	198	209
198	157	209
157	217	209
217	271	209
157	176	217
176	225	217
176	169	225
169	152	225
152	181	225
181	210	225
181	171	210
171	233	210
171	215	233
171	188	215
171	159	188
159	170	188
170	203	188
170	199	203
199	234	203
199	197	234
197	216	234
216	248	234
248	295	234
248	266	295
266	362	295
266	312	362
266	275	312
275	352	312
352	342	312
352	414	342
352	429	414
352	409	429
409	484	429
409	494	484
409	406	494
406	482	494
482	535	494
406	397	482
397	443	482
443	496	482
443	472	496
443	380	472
380	441	472
441	498	472
441	490	498
490	551	498
551	593	498
551	644	593
441	408	490
408	450	490
408	383	450
443	386	380
386	294	380
386	365	294
365	244	294
244	238	294
238	232	294
232	276	294
232	221	276
221	243	276
221	173	243
173	194	243
194	263	243
194	242	263
242	321	263
321	353	263
353	383	263
321	378	353
321	366	378
366	471	378
366	407	471
407	497	471
497	516	471
497	514	516
514	634	516
497	435	514
435	479	514
479	594	514
479	550	594
550	655	594
550	640	655
640	701	655
701	762	655
701	703	762
703	862	762
701	612	703
612	680	703
612	630	680
630	670	680
630	636	670
636	665	670
665	720	670
720	817	670
720	800	817
800	855	817
855	879	817
855	997	879
997	980	879
980	918	879
980	919	918
919	862	918
919	958	862
958	859	862
997	1064	980
1064	1092	980
1092	1135	980
1092	1152	1135
1152	1247	1135
1152	1227	1247
1227	1278	1247
997	1009	1064
1009	1031	1064
997	977	1009
997	855	977
855	822	977
822	888	977
822	836	888
836	831	888
831	905	888
905	955	888
955	1056	888
955	1053	1056
1053	1118	1056
955	982	1053
982	1101	1053
955	931	982
955	905	931
905	889	931
905	824	889
824	782	889
782	783	889
783	804	889
804	912	889
804	830	912
804	756	830
756	773	830
773	863	830
863	962	830
863	943	962
943	986	962
986	1033	962
1033	1141	962
1141	1125	962
1141	1242	1125
1141	1158	1242
1158	1299	1242
1141	1033	1158
1033	1052	1158
1033	986	1052
943	897	986
897	909	986
909	995	986
909	906	995
909	842	906
909	792	842
792	750	842
750	732	842
750	730	732
730	589	732
589	668	732
668	714	732
668	621	714
668	525	621
525	522	621
522	532	621
522	391	532
391	396	532
396	447	532
447	531	532
396	387	447
396	300	387
396	344	300
344	264	300
264	227	300
264	205	227
205	200	227
200	192	227
200	175	192
175	164	192
164	191	192
164	180	191
180	212	191
212	239	191
239	270	191
239	274	270
274	369	270
369	385	270
369	398	385
398	432	385
432	437	385
432	511	437
511	446	437
432	488	511
488	521	511
521	571	511
571	637	511
571	592	637
592	726	637
726	731	637
731	687	637
731	729	687
731	788	729
788	787	729
788	924	787
592	774	726
774	828	726
774	808	828
808	890	828
774	785	808
774	592	785
592	713	785
592	669	713
592	533	669
533	555	669
533	436	555
436	569	555
436	421	569
421	425	569
425	617	569
425	465	617
465	643	617
643	780	617
465	502	643
465	403	502
465	379	403
379	370	403
379	336	370
379	372	336
372	339	336
339	315	336
315	358	336
339	302	315
339	289	302
339	305	289
305	247	289
305	274	247
274	239	247
239	212	247
305	369	274
305	398	369
305	384	398
384	410	398
410	436	398
436	432	398
436	487	432
487	488	432
487	521	488
487	571	521
487	533	571
533	592	571
487	436	533
410	384	436
384	421	436
384	372	421
372	425	421
372	379	425
379	465	425
384	339	372
384	305	339
180	196	212
175	161	164
175	190	161
190	177	161
177	143	161
177	163	143
177	213	163
213	141	163
213	155	141
155	113	141
113	111	141
111	95	141
111	90	95
90	51	95
90	94	51
94	101	51
101	46	51
46	31	51
46	48	31
46	84	48
46	101	84
101	102	84
101	116	102
101	172	116
172	211	116
211	194	116
211	242	194
211	250	242
250	298	242
298	321	242
211	222	250
222	214	250
214	208	250
214	204	208
204	172	208
204	211	172
204	222	211
204	214	222
101	109	172
109	114	172
114	145	172
114	135	145
135	162	145
162	168	145
162	228	168
228	245	168
228	261	245
261	267	245
261	285	267
285	296	267
296	303	267
303	281	267
303	304	281
304	318	281
318	335	281
318	442	335
442	466	335
442	478	466
478	483	466
483	479	466
483	550	479
483	558	550
558	640	550
558	612	640
612	701	640
558	478	612
478	601	612
601	630	612
601	636	630
601	598	636
598	665	636
598	602	665
602	679	665
679	720	665
679	822	720
822	800	720
822	855	800
679	821	822
821	836	822
821	831	836
821	763	831
763	824	831
824	905	831
763	782	824
763	689	782
689	744	782
744	783	782
744	717	783
717	804	783
717	756	804
717	675	756
675	648	756
648	695	756
695	773	756
695	730	773
730	792	773
792	829	773
829	863	773
829	897	863
897	943	863
829	792	897
792	909	897
730	750	792
695	645	730
645	589	730
645	608	589
608	564	589
564	504	589
504	525	589
525	668	589
504	440	525
440	522	525
440	430	522
430	391	522
430	377	391
377	363	391
363	344	391
344	396	391
363	322	344
322	264	344
322	253	264
253	226	264
226	205	264
226	213	205
213	190	205
190	200	205
190	175	200
213	177	190
226	253	213
253	155	213
322	313	253
313	310	253
310	256	253
310	297	256
297	261	256
261	249	256
261	228	249
228	162	249
297	285	261
310	373	297
310	374	373
374	434	373
434	431	373
434	475	431
475	455	431
475	503	455
503	463	455
463	442	455
463	503	442
503	478	442
503	601	478
503	598	601
503	602	598
503	475	602
475	554	602
554	679	602
554	548	679
548	689	679
689	763	679
763	821	679
548	613	689
613	717	689
717	744	689
613	675	717
613	648	675
613	561	648
561	542	648
542	570	648
570	608	648
608	695	648
608	645	695
570	564	608
570	493	564
493	477	564
477	469	564
469	504	564
469	440	504
469	417	440
417	401	440
401	377	440
377	430	440
401	359	377
359	333	377
333	363	377
333	322	363
333	313	322
333	359	313
359	331	313
331	310	313
331	374	310
331	359	374
359	401	374
401	417	374
417	477	374
477	493	374
493	434	374
493	542	434
542	517	434
517	475	434
517	527	475
527	554	475
527	548	554
527	561	548
561	613	548
527	517	561
517	542	561
493	570	542
417	469	477
558	483	478
318	314	442
318	303	314
303	296	314
318	304	303
135	155	162
135	113	155
135	114	113
114	94	113
94	111	113
94	90	111
114	109	94
109	101	94
497	407	435
366	355	407
232	206	221
232	238	206
238	182	206
182	149	206
182	151	149
151	105	149
105	89	149
89	96	149
151	142	105
142	125	105
125	83	105
125	91	83
91	72	83
91	52	72
125	110	91
110	71	91
110	76	71
76	70	71
76	81	70
81	79	70
81	99	79
99	92	79
99	121	92
121	117	92
117	103	92
117	126	103
117	146	126
146	153	126
146	198	153
146	157	198
146	130	157
130	152	157
152	169	157
169	176	157
130	127	152
127	181	152
127	171	181
127	123	171
123	159	171
123	122	159
122	140	159
140	170	159
140	139	170
139	186	170
186	199	170
186	197	199
186	185	197
185	216	197
185	219	216
219	258	216
258	275	216
275	248	216
275	266	248
258	265	275
265	364	275
364	352	275
364	397	352
397	406	352
406	409	352
364	365	397
365	386	397
386	443	397
364	244	365
364	265	244
265	258	244
258	219	244
219	193	244
193	187	244
187	182	244
182	238	244
187	151	182
187	142	151
187	193	142
193	185	142
185	139	142
139	125	142
139	110	125
139	140	110
140	122	110
122	76	110
122	123	76
123	81	76
123	120	81
120	99	81
120	127	99
127	121	99
127	130	121
130	146	121
146	117	121
120	123	127
185	186	139
193	219	185
251	224	198
251	280	224
280	229	224
280	277	229
277	279	229
279	246	229
279	272	246
272	235	246
279	346	272
346	328	272
279	291	346
279	277	291
277	299	291
299	332	291
299	334	332
299	309	334
299	280	309
280	290	309
280	311	290
299	277	280
501	530	457
530	515	457
515	462	457
462	419	457
462	405	419
462	476	405
476	468	405
468	456	405
456	399	405
399	346	405
476	541	468
476	512	541
476	462	512
462	515	512
515	547	512
515	530	547
530	604	547
501	534	530
26	35	31
26	20	35
20	49	35
540	518	458
518	486	458
486	473	458
486	506	473
486	536	506
536	591	506
591	627	506
627	578	506
591	686	627
591	739	686
536	572	591
536	549	572
549	566	572
566	597	572
597	702	572
597	632	702
632	734	702
734	858	702
632	650	734
650	747	734
650	666	747
666	745	747
666	650	745
650	700	745
700	796	745
700	772	796
700	712	772
712	738	772
738	802	772
738	779	802
779	853	802
779	754	853
754	860	853
860	898	853
860	883	898
860	820	883
820	775	883
775	872	883
872	901	883
872	839	901
872	743	839
872	775	743
775	677	743
775	678	677
775	723	678
723	699	678
723	654	699
723	684	654
684	657	654
723	771	684
771	768	684
768	672	684
768	754	672
768	860	754
768	771	860
771	820	860
771	723	820
723	775	820
738	708	779
708	622	779
622	577	779
708	712	622
712	658	622
658	597	622
597	566	622
658	632	597
658	700	632
700	650	632
658	712	700
708	738	712
486	577	536
486	518	577
518	540	577
540	672	577
552	559	654
552	528	559
240	351	345
351	428	345
241	287	329
255	286	293
255	284	286
284	326	286
284	354	326
354	392	326
392	382	326
354	390	392
390	495	392
495	546	392
495	599	546
599	616	546
495	600	599
495	562	600
495	381	562
381	509	562
381	467	509
467	438	509
495	390	381
390	354	381
394	543	453
394	454	543
460	588	481
588	673	481
588	748	673
748	784	673
784	765	673
748	966	784
966	996	784
966	1081	996
748	813	966
489	609	581
609	663	581
663	611	581
609	724	663
492	524	537
524	647	537
647	574	537
500	507	526
507	556	526
519	567	642
567	585	642
585	652	642
652	798	642
798	851	642
798	969	851
969	1048	851
969	1150	1048
1150	1085	1048
1085	865	1048
1085	1131	865
1085	1150	1131
1150	1371	1131
969	1233	1150
969	976	1233
969	798	976
798	790	976
798	652	790
652	596	790
596	619	790
619	849	790
619	854	849
652	585	596
642	667	519
573	674	631
674	722	631
674	759	722
584	605	638
638	727	584
626	710	661
710	767	661
710	719	767
719	801	767
801	896	767
896	899	767
801	949	896
949	979	896
710	651	719
635	749	690
749	837	690
688	803	795
803	935	795
803	885	935
693	696	789
697	769	715
697	811	769
811	846	769
846	838	769
811	916	846
811	810	916
810	880	916
880	939	916
939	1021	916
1021	1019	916
939	991	1021
991	1045	1021
939	988	991
988	1041	991
988	913	1041
988	939	913
939	880	913
880	794	913
880	776	794
880	810	776
811	644	810
811	697	644
733	914	809
914	857	809
857	854	809
733	891	914
891	1018	914
1018	1129	914
1129	1030	914
1129	1194	1030
1194	1270	1030
1194	1328	1270
1328	1333	1270
1333	1312	1270
1312	1255	1270
1312	1506	1255
1506	1467	1255
1506	1596	1467
1596	1646	1467
1506	1554	1596
1506	1312	1554
1312	1333	1554
1328	1494	1333
1328	1477	1494
1328	1385	1477
1385	1451	1477
1451	1507	1477
1451	1557	1507
1385	1348	1451
1194	1172	1328
1194	1129	1172
1129	1018	1172
1018	1119	1172
1018	1062	1119
1018	891	1062
891	1028	1062
1028	1190	1062
1028	1058	1190
1058	1144	1190
1144	1311	1190
891	961	1028
891	766	961
736	807	903
741	845	844
791	815	895
799	882	876
806	929	927
927	948	806
927	929	948
806	870	929
870	865	929
816	840	917
840	923	917
819	875	834
875	1025	834
1025	845	834
819	795	875
823	1020	985
1020	1040	985
1040	881	985
833	887	900
887	953	900
953	968	900
953	1095	968
1095	1103	968
1103	1043	968
1103	1127	1043
1127	1075	1043
1127	1116	1075
953	1096	1095
835	1013	984
843	861	878
892	921	933
933	1054	892
1054	937	892
925	1038	941
936	1024	1027
1027	950	936
1027	1010	950
1027	1112	1010
1112	1090	1010
1112	1163	1090
1112	1149	1163
1149	1250	1163
1250	1362	1163
1149	1123	1250
1123	1303	1250
1303	1395	1250
1303	1404	1395
1404	1540	1395
1404	1586	1540
1404	1545	1586
1149	1027	1123
1027	1024	1123
1024	1104	1123
1024	942	1104
1024	858	942
1024	936	858
1149	1112	1027
972	1059	1049
978	1072	1088
987	1148	1076
1148	1202	1076
1202	1159	1076
1159	1105	1076
1148	1264	1202
1148	1099	1264
1005	1100	1078
1100	1212	1078
1212	1084	1078
1084	903	1078
903	1005	1078
1084	915	903
1212	1164	1084
1212	1306	1164
1212	1368	1306
1016	1093	1087
1016	1046	1093
1042	1207	1079
1207	1204	1079
1207	1330	1204
1057	1205	1170
1057	1209	1205
1209	1295	1205
1066	1180	1192
1180	1450	1192
1450	1394	1192
1192	1120	1066
1080	1245	1136
1126	1238	1220
1139	1258	1174
1168	1193	1198
1193	1288	1198
1288	1280	1198
1280	1225	1198
1169	1272	1221
1176	1222	1237
1237	1199	1176
1237	1290	1199
1237	1415	1290
1203	1232	1324
1324	1213	1203
1324	1263	1213
1324	1332	1263
1324	1482	1332
1482	1441	1332
1482	1576	1441
1482	1525	1576
1482	1495	1525
1208	1239	1360
1239	1230	1360
1230	1298	1360
1230	1040	1298
1215	1240	1266
1240	1275	1266
1275	1302	1266
1275	1353	1302
1353	1335	1302
1275	1240	1353
1240	1339	1353
1339	1406	1353
1406	1416	1353
1406	1547	1416
1406	1509	1547
1406	1468	1509
1468	1488	1509
1488	1648	1509
1488	1498	1648
1498	1664	1648
1664	1662	1648
1664	1804	1662
1804	1821	1662
1821	1766	1662
1804	1918	1821
1804	1848	1918
1848	2005	1918
2005	1998	1918
2005	2025	1998
2025	2105	1998
2105	2022	1998
2025	2036	2105
2025	2005	2036
1664	1722	1804
1488	1466	1498
1466	1338	1498
1488	1468	1466
1468	1339	1466
1339	1294	1466
1294	1286	1466
1339	1240	1294
1468	1406	1339
1231	1325	1354
1231	1225	1325
1225	1370	1325
1370	1373	1325
1373	1354	1325
1257	1369	1281
1257	1446	1369
1446	1423	1369
1257	1394	1446
1259	1293	1361
1293	1426	1361
1293	1323	1426
1268	1469	1309
1279	1359	1349
1359	1504	1349
1504	1464	1349
1464	1338	1349
1359	1456	1504
1456	1503	1504
1503	1578	1504
1284	1428	1342
1342	1298	1284
1314	1383	1413
1329	1459	1340
1337	1424	1365
1424	1562	1365
1424	1661	1562
1661	1669	1562
1661	1786	1669
1786	1833	1669
1661	1754	1786
1754	1782	1786
1782	1882	1786
1782	1754	1882
1754	1741	1882
1741	1949	1882
1949	1970	1882
1970	2051	1882
1949	1977	1970
1949	1741	1977
1741	1834	1977
1834	1888	1977
1888	2035	1977
1888	1944	2035
1888	1859	1944
1859	1940	1944
1888	1834	1859
1834	1778	1859
1834	1762	1778
1762	1685	1778
1834	1741	1762
1754	1643	1741
1643	1590	1741
1754	1661	1643
1661	1424	1643
1337	1420	1424
1341	1403	1438
1403	1473	1438
1403	1362	1473
1341	1264	1403
1347	1476	1400
1347	1440	1476
1440	1577	1476
1577	1561	1476
1561	1559	1476
1559	1400	1476
1559	1512	1400
1561	1791	1559
1561	1577	1791
1577	1714	1791
1714	1822	1791
1577	1695	1714
1367	1402	1447
1402	1543	1447
1402	1538	1543
1402	1564	1538
1379	1455	1384
1455	1418	1384
1455	1593	1418
1455	1508	1593
1508	1624	1593
1624	1748	1593
1387	1486	1529
1392	1496	1422
1392	1505	1496
1399	1409	1518
1409	1408	1518
1419	1531	1560
1531	1702	1560
1531	1656	1702
1656	1757	1702
1656	1718	1757
1718	1788	1757
1788	1896	1757
1788	1828	1896
1828	1915	1896
1915	1939	1896
1939	2030	1896
2030	2012	1896
2030	2089	2012
1939	2087	2030
1939	2120	2087
1828	1953	1915
1788	1718	1828
1419	1458	1531
1439	1581	1566
1443	1556	1480
1480	1295	1443
1295	1391	1443
1391	1447	1443
1447	1556	1443
1556	1594	1480
1594	1607	1480
1607	1519	1480
1607	1615	1519
1607	1735	1615
1735	1666	1615
1735	1803	1666
1454	1584	1587
1491	1600	1520
1491	1567	1600
1567	1734	1600
1514	1721	1573
1514	1649	1721
1516	1568	1640
1516	1529	1568
1568	1672	1640
1568	1628	1672
1628	1653	1672
1640	1505	1516
1532	1663	1585
1663	1635	1585
1537	1651	1546
1549	1633	1611
1633	1767	1611
1565	1572	1696
1572	1758	1696
1758	1730	1696
1730	1630	1696
1630	1565	1696
1630	1525	1565
1730	1744	1630
1572	1614	1758
1614	1769	1758
1769	1777	1758
1614	1716	1769
1572	1589	1614
1572	1569	1589
1597	1785	1760
1597	1707	1785
1707	1751	1785
1751	1870	1785
1870	1931	1785
1870	1917	1931
1870	1946	1917
1870	1909	1946
1909	1959	1946
1959	2144	1946
1959	2165	2144
1959	2083	2165
2083	2176	2165
2083	2099	2176
2099	2203	2176
1909	1779	1959
1909	1752	1779
1752	1650	1779
1909	1719	1752
1909	1751	1719
1751	1707	1719
1707	1621	1719
1909	1870	1751
1598	1745	1689
1745	1806	1689
1745	1899	1806
1899	1919	1806
1919	1961	1806
1961	1793	1806
1919	1986	1961
1986	2041	1961
1899	1997	1919
1997	2135	1919
1599	1626	1749
1626	1838	1749
1838	1865	1749
1865	1911	1749
1911	1755	1749
1865	1930	1911
1865	1883	1930
1883	1988	1930
1988	2006	1930
2006	2155	1930
2006	2142	2155
2142	2174	2155
2174	2256	2155
2256	2196	2155
2174	2294	2256
2142	2221	2174
2221	2390	2174
2221	2331	2390
2142	2085	2221
2142	2006	2085
2006	2071	2085
2006	1988	2071
1865	1838	1883
1626	1684	1838
1603	1639	1711
1639	1789	1711
1711	1710	1603
1617	1678	1713
1678	1812	1713
1634	1687	1647
1687	1688	1647
1687	1843	1688
1843	1831	1688
1687	1880	1843
1687	1736	1880
1736	1794	1880
1794	1895	1880
1895	2021	1880
1687	1634	1736
1638	1731	1670
1638	1512	1731
1512	1681	1731
1681	1839	1731
1839	1910	1731
1839	1927	1910
1927	1999	1910
1927	2058	1999
1927	1989	2058
1989	2100	2058
2100	2106	2058
2100	2222	2106
2222	2214	2106
2222	2319	2214
2319	2296	2214
2296	2285	2214
2285	2210	2214
2285	2302	2210
2302	2207	2210
2207	2127	2210
2302	2191	2207
2302	2246	2191
2246	2135	2191
2246	2218	2135
2246	2396	2218
2396	2347	2218
2396	2387	2347
2387	2243	2347
2387	2381	2243
2381	2250	2243
2250	2143	2243
2250	2169	2143
2169	2062	2143
2169	2065	2062
2065	2038	2062
2065	2137	2038
2137	2071	2038
2065	2300	2137
2065	2169	2300
2169	2250	2300
2250	2342	2300
2250	2422	2342
2250	2418	2422
2418	2705	2422
2418	2696	2705
2696	2868	2705
2868	2806	2705
2806	2717	2705
2806	2702	2717
2806	2941	2702
2941	2839	2702
2839	2756	2702
2941	2906	2839
2868	2958	2806
2868	3105	2958
3105	3154	2958
3154	3087	2958
3154	3177	3087
3154	3281	3177
3281	3264	3177
3154	3149	3281
3149	3258	3281
3258	3379	3281
3154	3105	3149
2696	2873	2868
2696	2665	2873
2696	2639	2665
2250	2381	2418
2246	2489	2396
2489	2506	2396
2506	2607	2396
2607	2632	2396
2506	2598	2607
2598	2793	2607
2598	2671	2793
2671	2727	2793
2598	2588	2671
2598	2489	2588
2489	2460	2588
2460	2637	2588
2637	2718	2588
2637	2719	2718
2489	2302	2460
2302	2410	2460
2302	2285	2410
2285	2296	2410
2489	2246	2302
2598	2506	2489
2319	2463	2296
2319	2453	2463
2453	2641	2463
2453	2515	2641
2319	2313	2453
2319	2222	2313
1989	2057	2100
2057	2160	2100
2057	2145	2160
2145	2259	2160
2057	2097	2145
2057	1960	2097
2057	1987	1960
1987	1839	1960
1839	1791	1960
1839	1683	1791
1839	1681	1683
1987	1989	1839
1989	1927	1839
1987	2057	1989
1638	1533	1512
1641	1715	1673
1644	1704	1700
1700	1699	1644
1699	1653	1644
1700	1743	1699
1700	1704	1743
1668	1809	1805
1675	1830	1691
1830	1852	1691
1830	1935	1852
1935	1953	1852
1935	2047	1953
1935	1952	2047
1952	2069	2047
1952	1992	2069
1952	1887	1992
1887	1956	1992
1952	1830	1887
1830	1675	1887
1952	1935	1830
1677	1801	1728
1801	1797	1728
1801	1943	1797
1943	1955	1797
1955	1923	1797
1955	2029	1923
1955	1968	2029
1968	1974	2029
1974	2115	2029
2115	2132	2029
2115	2231	2132
2115	2184	2231
2184	2317	2231
1968	1934	1974
1934	2039	1974
1934	2095	2039
1934	1971	2095
1971	2125	2095
1968	1943	1934
1943	1801	1934
1801	1790	1934
1968	1955	1943
1690	1841	1832
1694	1813	1792
1813	1847	1792
1847	1808	1792
1808	1716	1792
1716	1694	1792
1813	1991	1847
1705	1824	1842
1705	1635	1824
1824	1881	1842
1724	1742	1768
1724	1727	1742
1725	1796	1756
1796	1772	1756
1796	1818	1772
1746	1781	1867
1781	1900	1867
1781	1884	1900
1884	2080	1900
1867	1773	1746
1867	1854	1773
1854	1799	1773
1854	1901	1799
1901	1837	1799
1901	1948	1837
1948	1969	1837
1969	1855	1837
1969	1967	1855
1901	2032	1948
1747	1851	1874
1851	1908	1874
1908	1898	1874
1908	1942	1898
1942	1897	1898
1908	2075	1942
1908	2074	2075
1908	2017	2074
2017	2230	2074
1908	1913	2017
1761	1819	1912
1765	1814	1820
1765	1842	1814
1842	1878	1814
1878	1820	1814
1770	1916	1817
1916	1879	1817
1879	1877	1817
1877	1858	1817
1858	1722	1817
1916	1980	1879
1916	2031	1980
1775	1845	1861
1795	1914	1966
1914	1962	1966
1962	2012	1966
2012	2088	1966
2088	1991	1966
2088	2101	1991
2088	2235	2101
2235	2156	2101
2235	2291	2156
2235	2385	2291
2385	2379	2291
2379	2320	2291
2379	2490	2320
2379	2474	2490
2474	2514	2490
2379	2385	2474
2235	2343	2385
2235	2290	2343
2290	2405	2343
2235	2215	2290
2235	2138	2215
2235	2088	2138
2088	2012	2138
1802	1875	1810
1875	1924	1810
1924	1767	1810
1924	1866	1767
1811	1857	1929
1857	2010	1929
2010	2077	1929
2077	1938	1929
1938	1849	1929
1849	1811	1929
1938	2013	1849
2013	1913	1849
1938	2077	2013
2010	2082	2077
2010	2076	2082
2076	2189	2082
2076	2183	2189
2183	2323	2189
2323	2333	2189
2183	2299	2323
2299	2374	2323
2374	2421	2323
2421	2431	2323
2421	2619	2431
2421	2399	2619
2421	2374	2399
2374	2299	2399
2299	2407	2399
2299	2200	2407
2299	2205	2200
2205	2183	2200
2183	1993	2200
1993	2124	2200
2124	2161	2200
2124	2073	2161
2073	2264	2161
2073	2182	2264
2183	2076	1993
2205	2299	2183
1840	1844	1973
1844	2015	1973
1850	1954	1885
1954	1945	1885
1954	2000	1945
2000	2011	1945
2000	2118	2011
2118	2110	2011
2110	2119	2011
2119	2008	2011
1850	1984	1954
1850	1821	1984
1863	1958	1951
1951	1925	1863
1863	1928	1958
1891	2149	2055
1905	2048	2064
2048	2086	2064
2086	2084	2064
2084	1996	2064
2084	2093	1996
2093	2078	1996
2078	2045	1996
2078	2163	2045
2078	2136	2163
2078	2093	2136
2093	2084	2136
2084	2258	2136
2084	2086	2258
2086	2179	2258
1906	2018	1937
1907	1920	2001
1907	1823	1920
1823	1872	1920
1920	2046	2001
1941	2079	2090
2079	2123	2090
1957	1979	2052
1964	2034	2007
2034	2027	2007
2034	2121	2027
1972	1994	1983
1976	2177	2102
2102	1875	1976
2177	2209	2102
2209	2194	2102
2194	2182	2102
2177	2327	2209
1976	2157	2177
1976	1931	2157
2004	2131	2042
2131	2153	2042
2131	2219	2153
2219	2297	2153
2009	2059	2141
2059	2159	2141
2141	2109	2009
2016	2081	2094
2094	2151	2016
2019	2130	2140
2140	2031	2019
2140	2190	2031
2140	2267	2190
2267	2416	2190
2416	2316	2190
2416	2486	2316
2416	2545	2486
2416	2609	2545
2050	2060	2116
2061	2185	2166
2061	2167	2185
2185	2275	2166
2068	2233	2139
2233	2126	2139
2126	2035	2139
2092	2111	2150
2150	2152	2092
2092	2021	2111
2103	2195	2122
2104	2228	2262
2228	2358	2262
2128	2129	2252
2129	2148	2252
2133	2208	2147
2158	2198	2197
2180	2202	2245
2202	2289	2245
2181	2272	2335
2272	2462	2335
2462	2562	2335
2562	2593	2335
2593	2336	2335
2336	2181	2335
2336	2149	2181
2593	2384	2336
2562	2711	2593
2188	2232	2212
2192	2216	2367
2216	2287	2367
2287	2458	2367
2199	2283	2217
2199	2288	2283
2283	2263	2217
2263	2237	2217
2237	2198	2217
2223	2339	2261
2261	2163	2223
2163	2268	2223
2163	2257	2268
2339	2242	2261
2339	2404	2242
2225	2284	2280
2284	2445	2280
2225	2195	2284
2225	2121	2195
2240	2309	2322
2248	2368	2295
2249	2293	2310
2293	2402	2310
2402	2361	2310
2402	2472	2361
2293	2455	2402
2293	2345	2455
2345	2483	2455
2345	2382	2483
2265	2308	2349
2308	2454	2349
2308	2425	2454
2425	2555	2454
2308	2351	2425
2286	2315	2496
2315	2426	2496
2315	2348	2426
2496	2394	2286
2496	2537	2394
2537	2432	2394
2301	2304	2412
2304	2305	2412
2305	2528	2412
2528	2647	2412
2647	2599	2412
2647	2684	2599
2647	2686	2684
2686	2852	2684
2852	2749	2684
2852	2922	2749
2922	2985	2749
2985	2859	2749
2859	2800	2749
2985	3028	2859
2852	2962	2922
2962	3107	2922
2962	3129	3107
3129	3246	3107
3129	3183	3246
3183	3295	3246
3183	3300	3295
3183	3235	3300
3183	3117	3235
3183	3129	3117
3129	2924	3117
2924	2919	3117
2919	3103	3117
3129	2962	2924
2686	2924	2852
2647	2528	2686
2318	2369	2350
2329	2522	2393
2329	2395	2522
2332	2438	2353
2332	2546	2438
2546	2482	2438
2546	2570	2482
2570	2659	2482
2570	2714	2659
2714	2715	2659
2714	2772	2715
2772	2911	2715
2911	2848	2715
2848	2784	2715
2784	2629	2715
2848	2887	2784
2887	2758	2784
2758	2703	2784
2758	2836	2703
2758	2887	2836
2887	3074	2836
2887	2902	3074
2902	2925	3074
2925	3071	3074
3071	3166	3074
3166	3147	3074
3166	3238	3147
3238	3275	3147
3238	3315	3275
3315	3317	3275
3315	3423	3317
3315	3280	3423
3315	3238	3280
3238	3206	3280
3238	3166	3206
3166	3071	3206
2925	2911	3071
2911	3061	3071
2925	2902	2911
2902	2848	2911
2902	2887	2848
2714	2840	2772
2546	2521	2570
2521	2646	2570
2521	2484	2646
2484	2398	2646
2484	2406	2398
2406	2233	2398
2233	2393	2398
2484	2456	2406
2456	2332	2406
2456	2546	2332
2456	2521	2546
2456	2484	2521
2337	2443	2346
2443	2451	2346
2451	2355	2346
2451	2415	2355
2451	2452	2415
2443	2467	2451
2443	2538	2467
2443	2487	2538
2487	2645	2538
2645	2690	2538
2645	2738	2690
2443	2423	2487
2423	2366	2487
2366	2403	2487
2423	2340	2366
2423	2443	2340
2443	2337	2340
2338	2481	2473
2344	2502	2535
2344	2554	2502
2344	2510	2554
2510	2519	2554
2519	2630	2554
2519	2601	2630
2601	2679	2630
2679	2693	2630
2601	2657	2679
2601	2547	2657
2547	2584	2657
2601	2519	2547
2519	2465	2547
2465	2441	2547
2519	2446	2465
2519	2344	2446
2519	2510	2344
2354	2583	2600
2583	2675	2600
2675	2744	2600
2744	2780	2600
2780	2633	2600
2633	2470	2600
2633	2596	2470
2596	2610	2470
2610	2595	2470
2610	2654	2595
2610	2596	2654
2596	2633	2654
2633	2701	2654
2701	2768	2654
2701	2820	2768
2820	2898	2768
2701	2633	2820
2633	2780	2820
2780	2818	2820
2780	2823	2818
2823	2955	2818
2823	2950	2955
2780	2744	2823
2744	2688	2823
2688	2743	2823
2688	2551	2743
2688	2583	2551
2688	2675	2583
2688	2744	2675
2359	2471	2376
2471	2397	2376
2471	2594	2397
2594	2424	2397
2594	2507	2424
2507	2461	2424
2461	2405	2424
2461	2507	2405
2471	2592	2594
2371	2428	2433
2372	2478	2539
2478	2564	2539
2478	2530	2564
2530	2568	2564
2530	2480	2568
2530	2478	2480
2373	2556	2388
2556	2576	2388
2386	2648	2649
2648	2729	2649
2386	2384	2648
2386	2352	2384
2413	2497	2553
2497	2623	2553
2497	2597	2623
2497	2499	2597
2497	2358	2499
2497	2413	2358
2419	2663	2640
2436	2509	2548
2509	2660	2548
2439	2532	2559
2449	2534	2495
2498	2575	2517
2504	2635	2624
2635	2652	2624
2652	2791	2624
2652	2773	2791
2773	2833	2791
2833	2821	2791
2821	2767	2791
2773	2824	2833
2824	3003	2833
3003	3057	2833
3003	3175	3057
3003	3146	3175
3003	3016	3146
3016	3036	3146
3016	2996	3036
3016	2805	2996
2805	2856	2996
2805	2706	2856
2805	2653	2706
2805	2773	2653
2773	2652	2653
2652	2534	2653
2805	2824	2773
2805	3016	2824
3016	3003	2824
2508	2511	2707
2511	2681	2707
2681	2750	2707
2750	2754	2707
2513	2543	2561
2543	2655	2561
2655	2739	2561
2739	2694	2561
2739	2796	2694
2655	2828	2739
2655	2683	2828
2683	2789	2828
2789	2905	2828
2683	2691	2789
2527	2565	2700
2565	2755	2700
2755	2781	2700
2755	2960	2781
2755	2869	2960
2565	2687	2755
2531	2634	2602
2634	2643	2602
2643	2763	2602
2574	2579	2617
2579	2674	2617
2581	2747	2762
2747	2835	2762
2835	2809	2762
2835	3051	2809
3051	3072	2809
3051	3187	3072
3187	3227	3072
3187	3272	3227
3272	3456	3227
3272	3465	3456
3465	3495	3456
3465	3514	3495
3514	3700	3495
3514	3577	3700
3577	3717	3700
3717	3850	3700
3850	3816	3700
3850	3929	3816
3717	3858	3850
3717	3772	3858
3772	3878	3858
3772	3763	3878
3763	3764	3878
3763	3719	3764
3719	3796	3764
3719	3732	3796
3732	3783	3796
3783	3959	3796
3783	3957	3959
3783	3923	3957
3763	3562	3719
3577	3589	3717
3577	3465	3589
3577	3514	3465
3272	3279	3465
3279	3310	3465
3279	3252	3310
3252	3231	3310
3231	3438	3310
3231	3369	3438
3369	3412	3438
3369	3330	3412
3330	3366	3412
3366	3545	3412
3330	3284	3366
3284	3201	3366
3330	3319	3284
3319	3112	3284
3330	3369	3319
3369	3231	3319
3279	3051	3252
3279	3187	3051
3279	3272	3187
2835	2875	3051
2835	2747	2875
2747	2912	2875
2747	2792	2912
2590	2813	2638
2813	2845	2638
2605	2636	2695
2636	2559	2695
2611	2698	2644
2698	2814	2644
2814	2692	2644
2613	2735	2622
2735	2672	2622
2735	2834	2672
2834	2895	2672
2615	2616	2708
2708	2742	2615
2708	2790	2742
2790	2896	2742
2896	2933	2742
2896	3176	2933
3176	3150	2933
3150	2928	2933
3176	3204	3150
3204	3265	3150
3265	3294	3150
3294	3297	3150
3204	3427	3265
3204	3224	3427
3224	3479	3427
3479	3487	3427
3479	3585	3487
3479	3615	3585
3615	3656	3585
3204	3173	3224
3173	3195	3224
3195	3255	3224
3195	3189	3255
3189	3290	3255
3189	3207	3290
3189	3162	3207
3189	3039	3162
3039	2974	3162
3039	3017	2974
3017	2787	2974
2787	2764	2974
2764	2878	2974
2764	2801	2878
2787	2616	2764
2787	2708	2616
2787	2790	2708
2787	2838	2790
2838	2896	2790
2787	3017	2838
3189	3195	3039
3195	3173	3039
3204	3176	3173
3176	2896	3173
2650	2709	2728
2658	2783	2680
2783	2799	2680
2799	2689	2680
2799	2677	2689
2658	2778	2783
2658	2700	2778
2661	2745	2843
2661	2720	2745
2720	2760	2745
2760	2866	2745
2866	2854	2745
2854	2843	2745
2854	2894	2843
2854	2866	2894
2720	2770	2760
2668	2669	2857
2669	2864	2857
2864	2940	2857
2940	2930	2857
2940	3027	2930
3027	3104	2930
3027	3156	3104
3156	3180	3104
3180	3194	3104
3194	3101	3104
3101	3038	3104
3038	2944	3104
3038	2952	2944
3038	2936	2952
3180	3223	3194
3180	3399	3223
3180	3156	3399
3156	3159	3399
3156	3027	3159
2864	3086	2940
2864	2853	3086
2864	2669	2853
2673	2710	2884
2678	2741	2726
2697	2879	2880
2879	2989	2880
2989	2937	2880
2937	2698	2880
2698	2697	2880
2698	2631	2697
2879	2992	2989
2992	3099	2989
2992	3200	3099
3200	3225	3099
3225	3208	3099
3208	3221	3099
3200	3329	3225
2992	3125	3200
2992	3080	3125
3080	3082	3125
2712	2832	2802
2802	2752	2712
2832	2943	2802
2832	3035	2943
3035	3120	2943
2832	2938	3035
2713	2810	2737
2810	2870	2737
2737	2663	2713
2716	2804	2734
2731	2788	2812
2788	2957	2812
2765	2877	2976
2777	3025	2797
2798	2903	2921
2903	2953	2921
2903	2826	2953
2826	2882	2953
2903	2798	2826
2825	2959	2901
2959	2968	2901
2968	3059	2901
3059	2831	2901
3059	3043	2831
2968	3062	3059
2968	2959	3062
2827	3015	2908
2908	2840	2827
2840	2808	2827
2830	2931	2918
2830	2932	2931
2932	2995	2931
2995	3054	2931
2995	3096	3054
3096	3089	3054
3089	3172	3054
3172	3137	3054
3137	3041	3054
3137	3155	3041
3172	3256	3137
3172	3096	3256
3096	3314	3256
3314	3371	3256
3371	3327	3256
3096	3199	3314
3172	3089	3096
2995	3010	3096
3010	3056	3096
3010	2932	3056
2932	2917	3056
3010	2995	2932
2918	2770	2830
2770	2732	2830
2837	2892	2893
2892	3004	2893
3004	3014	2893
3014	2883	2893
2892	3069	3004
3069	3128	3004
3069	3234	3128
2858	3000	3031
3000	3209	3031
3209	3081	3031
3209	3152	3081
3209	3311	3152
3311	3254	3152
3254	3148	3152
3209	3337	3311
3337	3333	3311
3337	3454	3333
3337	3507	3454
3337	3348	3507
3348	3376	3507
3376	3535	3507
3348	3232	3376
3232	3174	3376
3174	3282	3376
3282	3361	3376
3282	3271	3361
3282	3226	3271
3226	3186	3271
3186	3292	3271
3292	3380	3271
3292	3350	3380
3350	3492	3380
3492	3497	3380
3186	3211	3292
3186	3123	3211
3186	2966	3123
2966	2945	3123
2945	3029	3123
2966	2907	2945
3186	3033	2966
3186	3226	3033
3226	3044	3033
3226	3282	3044
3282	3174	3044
3174	3025	3044
3174	2999	3025
3174	3232	2999
3232	3209	2999
3209	3000	2999
3000	2886	2999
2886	2797	2999
3000	2858	2886
3232	3337	3209
3232	3348	3337
2863	2942	2865
2863	2904	2942
2885	2920	2900
2889	3165	2954
2889	2928	3165
2891	2965	3078
2965	3213	3078
3213	3267	3078
3267	3248	3078
3248	3240	3078
3267	3359	3248
3267	3213	3359
3213	3393	3359
2965	3214	3213
2965	3110	3214
3110	3216	3214
3110	3287	3216
3078	2993	2891
2897	3005	2934
3005	3168	2934
3168	3076	2934
3076	2971	2934
2899	3034	2978
2899	2980	3034
2980	3046	3034
2913	2988	2990
2988	3006	2990
3006	3083	2990
3006	3085	3083
3085	3127	3083
3127	3134	3083
3006	3106	3085
2946	3121	3026
2947	2986	2967
2963	3139	3022
3022	2950	2963
3022	3050	2950
2963	2921	3139
2970	3098	3040
3040	3032	2970
3040	3098	3032
3098	3278	3032
3278	3207	3032
3098	3132	3278
2973	2997	3065
2977	3009	3126
2977	2960	3009
2977	3126	2960
3126	3138	2960
3126	3239	3138
3126	3157	3239
2983	3119	3024
3011	3049	3116
3116	3023	3011
3116	3170	3023
3013	3133	3095
3133	3269	3095
3269	3321	3095
3133	3144	3269
3144	3253	3269
3253	3442	3269
3442	3384	3269
3253	3354	3442
3354	3541	3442
3541	3548	3442
3548	3680	3442
3541	3712	3548
3541	3664	3712
3664	3885	3712
3541	3586	3664
3253	3262	3354
3253	3034	3262
3144	2978	3253
3133	3122	3144
3133	3013	3122
3018	3118	3019
3118	3109	3019
3030	3063	3064
3042	3090	3160
3067	3094	3244
3094	3241	3244
3075	3222	3205
3222	3257	3205
3075	3130	3222
3113	3190	3141
3142	3309	3250
3164	3210	3215
3164	3063	3210
3164	3215	3063
3210	3268	3215
3268	3285	3215
3285	3358	3215
3268	3352	3285
3268	3196	3352
3268	3210	3196
3169	3251	3291
3291	3408	3169
3251	3307	3291
3307	3353	3291
3179	3303	3328
3185	3198	3334
3198	3331	3334
3331	3343	3334
3331	3453	3343
3193	3341	3305
3219	3261	3270
3270	3243	3219
3220	3367	3357
3357	3421	3220
3421	3236	3220
3357	3367	3421
3367	3567	3421
3567	3566	3421
3247	3372	3273
3372	3390	3273
3390	3320	3273
3390	3378	3320
3259	3283	3417
3417	3406	3259
3406	3347	3259
3406	3416	3347
3406	3521	3416
3521	3420	3416
3521	3530	3420
3521	3565	3530
3565	3640	3530
3640	3558	3530
3640	3650	3558
3640	3701	3650
3701	3761	3650
3406	3498	3521
3498	3595	3521
3498	3463	3595
3463	3584	3595
3584	3655	3595
3584	3790	3655
3790	3811	3655
3584	3698	3790
3698	3738	3790
3698	3657	3738
3698	3593	3657
3463	3511	3584
3498	3417	3463
3498	3406	3417
3260	3457	3506
3457	3536	3506
3263	3414	3335
3414	3503	3335
3503	3447	3335
3447	3396	3335
3414	3462	3503
3266	3304	3298
3266	3328	3304
3276	3349	3383
3316	3494	3322
3316	3392	3494
3336	3401	3411
3344	3525	3425
3344	3418	3525
3345	3434	3467
3351	3460	3426
3460	3534	3426
3460	3560	3534
3560	3568	3534
3568	3612	3534
3612	3452	3534
3612	3610	3452
3568	3666	3612
3666	3779	3612
3568	3560	3666
3460	3491	3560
3360	3466	3377
3466	3522	3377
3466	3573	3522
3573	3676	3522
3368	3486	3373
3486	3478	3373
3486	3501	3478
3501	3598	3478
3598	3635	3478
3635	3509	3478
3509	3386	3478
3509	3491	3386
3509	3559	3491
3509	3635	3559
3635	3673	3559
3635	3669	3673
3635	3614	3669
3614	3675	3669
3675	3777	3669
3675	3726	3777
3726	3842	3777
3842	3818	3777
3842	3888	3818
3842	3837	3888
3837	3889	3888
3889	3983	3888
3983	4008	3888
4008	4020	3888
4020	3958	3888
4020	4035	3958
4035	4040	3958
4035	4057	4040
4057	4072	4040
4072	3938	4040
4072	4065	3938
4065	4016	3938
4016	3982	3938
3982	3913	3938
3913	3836	3938
3836	3828	3938
3836	3827	3828
3827	3810	3828
3836	3913	3827
3982	3907	3913
3982	3931	3907
3931	3887	3907
3931	3936	3887
3931	4084	3936
4084	4046	3936
4046	3973	3936
4084	4162	4046
4162	4111	4046
4162	4179	4111
4179	4175	4111
4179	4251	4175
4179	4236	4251
4236	4301	4251
4301	4325	4251
4325	4289	4251
4289	4254	4251
4289	4306	4254
4306	4190	4254
4289	4368	4306
4289	4325	4368
4325	4442	4368
4442	4499	4368
4442	4510	4499
4442	4532	4510
4532	4573	4510
4573	4649	4510
4573	4689	4649
4689	4687	4649
4687	4690	4649
4690	4658	4649
4690	4762	4658
4690	4769	4762
4769	4798	4762
4769	4821	4798
4821	4872	4798
4872	4884	4798
4884	4871	4798
4884	4915	4871
4915	4829	4871
4915	4847	4829
4915	4913	4847
4913	4917	4847
4917	4896	4847
4896	4859	4847
4896	4912	4859
4896	4917	4912
4917	4958	4912
4958	4987	4912
4987	4930	4912
4987	4995	4930
4995	4901	4930
4901	4899	4930
4901	4775	4899
4775	4812	4899
4775	4701	4812
4775	4668	4701
4668	4615	4701
4615	4635	4701
4615	4460	4635
4460	4538	4635
4460	4438	4538
4438	4458	4538
4458	4604	4538
4460	4339	4438
4339	4282	4438
4339	4312	4282
4312	4180	4282
4312	4224	4180
4224	4110	4180
4224	4056	4110
4312	4324	4224
4324	4359	4224
4324	4469	4359
4469	4471	4359
4471	4330	4359
4471	4370	4330
4370	4207	4330
4370	4365	4207
4370	4471	4365
4471	4527	4365
4527	4342	4365
4527	4548	4342
4527	4610	4548
4610	4662	4548
4527	4571	4610
4527	4471	4571
4471	4557	4571
4471	4469	4557
4469	4568	4557
4469	4668	4568
4668	4700	4568
4668	4723	4700
4469	4615	4668
4469	4460	4615
4469	4324	4460
4324	4339	4460
4324	4312	4339
4901	4802	4775
4995	4953	4901
4995	5021	4953
5021	5013	4953
5021	5057	5013
5057	5090	5013
5090	5016	5013
5090	5082	5016
5082	5020	5016
5020	4973	5016
5020	4961	4973
4961	4874	4973
5020	5053	4961
5053	5025	4961
5025	4989	4961
4989	4908	4961
4989	4940	4908
4940	4844	4908
4989	5004	4940
5004	4960	4940
4960	4891	4940
4960	4945	4891
4945	4955	4891
4955	4765	4891
4955	4831	4765
4831	4789	4765
5004	5015	4960
5004	5017	5015
5017	5036	5015
5036	5083	5015
5036	5076	5083
5076	5122	5083
5076	5135	5122
5076	5081	5135
5081	5116	5135
5116	5157	5135
5116	5131	5157
5131	5156	5157
5156	5169	5157
5169	5196	5157
5169	5205	5196
5205	5209	5196
5209	5211	5196
5209	5222	5211
5222	5221	5211
5221	5212	5211
5212	5215	5211
5215	5204	5211
5215	5202	5204
5202	5200	5204
5202	5194	5200
5194	5133	5200
5194	5143	5133
5143	5068	5133
5143	5126	5068
5126	5056	5068
5126	5084	5056
5084	5072	5056
5072	5029	5056
5072	5052	5029
5143	5177	5126
5177	5172	5126
5177	5207	5172
5207	5183	5172
5177	5194	5207
5194	5215	5207
5215	5206	5207
5206	5201	5207
5206	5208	5201
5208	5199	5201
5199	5191	5201
5191	5187	5201
5191	5170	5187
5170	5171	5187
5171	5168	5187
5168	5167	5187
5167	5183	5187
5167	5134	5183
5167	5137	5134
5137	5120	5134
5137	5139	5120
5139	5106	5120
5106	5094	5120
5094	5080	5120
5094	5045	5080
5045	4993	5080
4993	5007	5080
4993	4951	5007
4951	4867	5007
4867	4932	5007
4932	5009	5007
5009	5032	5007
5009	5034	5032
5009	4996	5034
4996	5069	5034
4996	5052	5069
5009	4932	4996
4867	4832	4932
4867	4803	4832
4803	4779	4832
4803	4709	4779
4709	4663	4779
4709	4587	4663
4709	4622	4587
4803	4801	4709
4803	4824	4801
4824	4867	4801
4867	4925	4801
4925	4861	4801
4925	4944	4861
4944	4927	4861
4927	4892	4861
4892	4797	4861
4892	4862	4797
4862	4751	4797
4862	4740	4751
4740	4680	4751
4680	4645	4751
4680	4621	4645
4621	4489	4645
4621	4536	4489
4536	4373	4489
4373	4371	4489
4373	4141	4371
4141	4181	4371
4181	4380	4371
4181	4238	4380
4238	4423	4380
4238	4430	4423
4238	4420	4430
4238	4243	4420
4243	4415	4420
4243	4217	4415
4217	4349	4415
4217	4165	4349
4165	4350	4349
4217	4140	4165
4140	3989	4165
3989	4090	4165
3989	3987	4090
3989	3754	3987
3754	3940	3987
3754	3759	3940
3759	3826	3940
3826	3960	3940
3960	4014	3940
3960	3956	4014
3956	4071	4014
4071	4177	4014
4071	4291	4177
4291	4316	4177
4316	4340	4177
4316	4429	4340
4429	4492	4340
4492	4350	4340
4316	4444	4429
4316	4445	4444
4316	4291	4445
4291	4323	4445
4323	4479	4445
4479	4515	4445
4479	4550	4515
4550	4634	4515
4634	4678	4515
4550	4666	4634
4666	4789	4634
4479	4362	4550
4479	4323	4362
4323	4287	4362
4287	4317	4362
4287	4222	4317
4287	4118	4222
4118	4134	4222
4134	4187	4222
4134	4157	4187
4134	4058	4157
4287	4095	4118
4287	4323	4095
4323	4291	4095
4291	4071	4095
3960	3826	3956
3754	3715	3759
3715	3550	3759
3715	3659	3550
3659	3533	3550
3533	3429	3550
3429	3444	3550
3444	3608	3550
3444	3532	3608
3532	3631	3608
3444	3358	3532
3659	3472	3533
3659	3654	3472
3654	3473	3472
3473	3303	3472
3654	3471	3473
3654	3684	3471
3654	3722	3684
3654	3715	3722
3715	3754	3722
3654	3659	3715
4217	4238	4140
4217	4243	4238
4141	4061	4181
4061	4041	4181
4041	4116	4181
4041	3968	4116
4041	3921	3968
3921	3833	3968
3921	3884	3833
3884	3706	3833
3706	3651	3833
3651	3775	3833
3884	3892	3706
3892	3891	3706
3884	4061	3892
3884	3921	4061
3921	4041	4061
4373	4315	4141
4862	4870	4740
4870	4739	4740
4739	4627	4740
4870	4886	4739
4886	4743	4739
4743	4715	4739
4886	4880	4743
4886	4954	4880
4886	4870	4954
4870	4972	4954
4972	4991	4954
4991	4968	4954
4991	5012	4968
5012	4983	4968
4991	5041	5012
5041	5059	5012
5059	5044	5012
5059	5102	5044
5102	5077	5044
5077	5051	5044
5077	5064	5051
5064	5023	5051
5064	4981	5023
4981	4994	5023
4981	4924	4994
4981	4854	4924
4854	4851	4924
4854	4819	4851
4854	4820	4819
4820	4787	4819
4820	4902	4787
4902	4792	4787
4792	4754	4787
4792	4753	4754
4753	4659	4754
4753	4624	4659
4753	4705	4624
4705	4636	4624
4636	4585	4624
4705	4722	4636
4705	4734	4722
4734	4786	4722
4786	4686	4722
4734	4841	4786
4841	4822	4786
4822	4806	4786
4806	4785	4786
4806	4825	4785
4825	4724	4785
4825	4783	4724
4783	4733	4724
4733	4655	4724
4655	4672	4724
4733	4657	4655
4657	4602	4655
4657	4652	4602
4657	4712	4652
4712	4654	4652
4657	4733	4712
4825	4842	4783
4842	4813	4783
4842	4791	4813
4825	4883	4842
4883	4943	4842
4943	4935	4842
4935	4877	4842
4935	4905	4877
4905	4835	4877
4905	4937	4835
4905	4980	4937
4980	5014	4937
5014	4939	4937
4939	4852	4937
4939	4946	4852
4946	4869	4852
4946	4911	4869
4946	4950	4911
4950	4974	4911
4974	4904	4911
4974	4990	4904
4990	4948	4904
4948	4875	4904
4948	4984	4875
4984	4957	4875
4957	4938	4875
4938	4848	4875
4957	4966	4938
4966	4885	4938
4966	4941	4885
4941	4922	4885
4922	4910	4885
4910	4836	4885
4836	4808	4885
4836	4750	4808
4750	4727	4808
4727	4669	4808
4669	4774	4808
4774	4848	4808
4774	4766	4848
4774	4644	4766
4644	4718	4766
4644	4648	4718
4648	4609	4718
4648	4588	4609
4588	4521	4609
4588	4546	4521
4588	4530	4546
4530	4502	4546
4588	4644	4530
4644	4600	4530
4644	4669	4600
4644	4774	4669
4588	4648	4644
4727	4674	4669
4836	4772	4750
4836	4827	4772
4827	4768	4772
4768	4696	4772
4768	4685	4696
4768	4784	4685
4784	4780	4685
4780	4758	4685
4758	4682	4685
4682	4660	4685
4660	4584	4685
4660	4611	4584
4611	4556	4584
4556	4485	4584
4485	4468	4584
4485	4448	4468
4448	4465	4468
4448	4424	4465
4424	4454	4465
4424	4364	4454
4364	4419	4454
4364	4307	4419
4307	4348	4419
4307	4305	4348
4305	4249	4348
4249	4304	4348
4424	4345	4364
4424	4314	4345
4485	4417	4448
4485	4390	4417
4390	4266	4417
4390	4241	4266
4485	4413	4390
4413	4300	4390
4413	4248	4300
4413	4283	4248
4283	4259	4248
4259	4192	4248
4259	4221	4192
4221	4147	4192
4221	4201	4147
4201	4133	4147
4201	4240	4133
4240	4146	4133
4146	4023	4133
4240	4211	4146
4211	4138	4146
4211	4136	4138
4211	4183	4136
4183	4154	4136
4154	4120	4136
4154	4183	4120
4183	4206	4120
4206	4161	4120
4161	4052	4120
4161	4171	4052
4171	4098	4052
4098	4054	4052
4054	3971	4052
3971	3980	4052
3971	3873	3980
3873	3935	3980
3971	3893	3873
3971	3972	3893
3972	3866	3893
3866	3785	3893
3866	3774	3785
3866	3776	3774
3776	3699	3774
3972	3934	3866
3934	3894	3866
3934	3941	3894
3941	3875	3894
3941	4007	3875
4007	4001	3875
4001	3910	3875
4001	3944	3910
3944	3902	3910
3902	3807	3910
3902	3830	3807
3830	3792	3807
3830	3771	3792
3830	3801	3771
3801	3652	3771
3652	3618	3771
3618	3634	3771
3618	3563	3634
3563	3555	3634
3555	3551	3634
3551	3570	3634
3570	3643	3634
3563	3467	3555
3618	3604	3563
3604	3569	3563
3604	3652	3569
3652	3639	3569
3604	3618	3652
3801	3767	3652
3801	3823	3767
3823	3847	3767
3823	3899	3847
3899	3898	3847
3898	3824	3847
3898	3883	3824
3883	3757	3824
3757	3797	3824
3757	3711	3797
3757	3621	3711
3621	3581	3711
3581	3591	3711
3581	3468	3591
3757	3725	3621
3725	3663	3621
3663	3505	3621
3757	3837	3725
3837	3726	3725
3837	3842	3726
3757	3883	3837
3883	3889	3837
3883	3970	3889
3970	3983	3889
3970	4079	3983
4079	4064	3983
4064	4008	3983
4064	4050	4008
4050	4020	4008
4050	4102	4020
4102	4035	4020
4102	4087	4035
4087	4057	4035
4087	4072	4057
4087	4156	4072
4156	4065	4072
4156	4094	4065
4094	4016	4065
4094	4084	4016
4084	3982	4016
4084	3931	3982
4094	4153	4084
4153	4162	4084
4153	4182	4162
4182	4234	4162
4234	4179	4162
4234	4236	4179
4234	4262	4236
4262	4301	4236
4262	4335	4301
4335	4383	4301
4383	4325	4301
4383	4442	4325
4383	4435	4442
4435	4531	4442
4531	4532	4442
4531	4572	4532
4572	4573	4532
4572	4681	4573
4681	4689	4573
4681	4731	4689
4731	4687	4689
4731	4690	4687
4731	4769	4690
4731	4821	4769
4731	4817	4821
4817	4856	4821
4856	4872	4821
4856	4906	4872
4906	4933	4872
4933	4884	4872
4933	4978	4884
4978	4915	4884
4978	4965	4915
4965	4913	4915
4965	4959	4913
4959	4917	4913
4959	4958	4917
4959	4992	4958
4992	4987	4958
4992	5066	4987
5066	4995	4987
5066	5086	4995
5086	5021	4995
5086	5070	5021
5070	5057	5021
5070	5145	5057
5145	5121	5057
5121	5090	5057
5121	5082	5090
5121	5131	5082
5131	5067	5082
5067	5020	5082
5067	5053	5020
5067	5116	5053
5116	5081	5053
5081	5025	5053
5081	5040	5025
5040	5017	5025
5017	4989	5025
5017	5004	4989
5040	5036	5017
5040	5076	5036
5040	5081	5076
5067	5131	5116
5121	5156	5131
5121	5166	5156
5166	5169	5156
5166	5174	5169
5166	5151	5174
5151	5155	5174
5155	5188	5174
5155	5154	5188
5154	5182	5188
5182	5184	5188
5184	5185	5188
5184	5181	5185
5181	5179	5185
5179	5214	5185
5179	5210	5214
5179	5180	5210
5180	5190	5210
5180	5173	5190
5173	5162	5190
5162	5198	5190
5162	5141	5198
5141	5148	5198
5148	5175	5198
5175	5192	5198
5192	5217	5198
5217	5225	5198
5217	5219	5225
5219	5226	5225
5226	5224	5225
5226	5222	5224
5222	5220	5224
5220	5213	5224
5213	5223	5224
5220	5216	5213
5216	5205	5213
5216	5209	5205
5216	5222	5209
5216	5220	5222
5226	5221	5222
5226	5219	5221
5219	5197	5221
5197	5203	5221
5203	5212	5221
5203	5208	5212
5208	5206	5212
5206	5215	5212
5203	5195	5208
5195	5199	5208
5195	5191	5199
5195	5186	5191
5186	5176	5191
5176	5170	5191
5176	5165	5170
5165	5152	5170
5152	5153	5170
5153	5171	5170
5153	5163	5171
5163	5168	5171
5163	5159	5168
5159	5164	5168
5164	5167	5168
5164	5137	5167
5164	5159	5137
5159	5139	5137
5159	5138	5139
5138	5106	5139
5138	5103	5106
5103	5094	5106
5103	5041	5094
5041	5045	5094
5041	4991	5045
4991	4972	5045
4972	4993	5045
4972	4944	4993
4944	4951	4993
4944	4925	4951
4925	4867	4951
4972	4927	4944
4972	4892	4927
4972	4862	4892
4972	4870	4862
5103	5059	5041
5103	5102	5059
5103	5138	5102
5138	5118	5102
5118	5077	5102
5118	5124	5077
5124	5064	5077
5124	5123	5064
5123	5071	5064
5071	4956	5064
4956	4981	5064
4956	4854	4981
4956	4820	4854
4956	4919	4820
4919	4902	4820
4919	4921	4902
4919	4956	4921
4956	5002	4921
4956	5071	5002
5071	5042	5002
5042	4997	5002
5042	5058	4997
5058	4976	4997
4976	4895	4997
4976	4952	4895
4952	4929	4895
4929	4900	4895
4900	4841	4895
4841	4897	4895
4841	4753	4897
4753	4792	4897
4792	4902	4897
4841	4734	4753
4734	4705	4753
4900	4822	4841
4900	4894	4822
4894	4825	4822
4825	4806	4822
4894	4883	4825
4894	4920	4883
4920	4943	4883
4920	5008	4943
5008	4935	4943
4920	4952	5008
4952	5031	5008
5031	5089	5008
5031	5085	5089
5085	5148	5089
5148	5092	5089
5148	5140	5092
5140	5098	5092
5140	5113	5098
5113	5100	5098
5100	5047	5098
5047	5022	5098
5047	5014	5022
5014	4999	5022
5014	4980	4999
4980	4935	4999
4980	4905	4935
5047	5088	5014
5088	5030	5014
5030	4946	5014
4946	4939	5014
5030	4950	4946
5030	4998	4950
4998	4974	4950
4998	4990	4974
4998	5087	4990
5087	4984	4990
4984	4948	4990
5087	5038	4984
5038	5001	4984
5001	4957	4984
5001	5003	4957
5003	4966	4957
5003	5000	4966
5000	4941	4966
5000	4947	4941
4947	4922	4941
4947	4910	4922
4947	4923	4910
4923	4918	4910
4918	4888	4910
4888	4865	4910
4865	4827	4910
4827	4836	4910
4865	4838	4827
4838	4768	4827
4838	4784	4768
4838	4840	4784
4840	4796	4784
4796	4780	4784
4796	4758	4780
4796	4795	4758
4795	4764	4758
4764	4682	4758
4795	4790	4764
4790	4800	4764
4800	4732	4764
4732	4711	4764
4732	4710	4711
4710	4646	4711
4646	4626	4711
4626	4650	4711
4626	4542	4650
4542	4570	4650
4570	4599	4650
4542	4493	4570
4542	4513	4493
4542	4563	4513
4563	4455	4513
4563	4534	4455
4534	4503	4455
4503	4483	4455
4483	4441	4455
4441	4384	4455
4384	4387	4455
4387	4410	4455
4387	4336	4410
4336	4361	4410
4361	4414	4410
4361	4351	4414
4351	4404	4414
4351	4331	4404
4331	4439	4404
4439	4462	4404
4462	4493	4404
4331	4352	4439
4352	4428	4439
4352	4450	4428
4352	4413	4450
4413	4485	4450
4485	4556	4450
4556	4578	4450
4556	4611	4578
4611	4599	4578
4611	4660	4599
4352	4297	4413
4297	4283	4413
4297	4221	4283
4221	4259	4283
4297	4292	4221
4292	4240	4221
4240	4201	4221
4292	4275	4240
4275	4211	4240
4275	4298	4211
4298	4311	4211
4298	4351	4311
4351	4361	4311
4361	4336	4311
4336	4328	4311
4328	4257	4311
4336	4384	4328
4336	4387	4384
4298	4331	4351
4298	4292	4331
4292	4352	4331
4292	4297	4352
4298	4275	4292
4441	4381	4384
4381	4318	4384
4381	4326	4318
4326	4288	4318
4288	4215	4318
4326	4204	4288
4204	4117	4288
4204	4143	4117
4143	4104	4117
4104	4074	4117
4074	4053	4117
4053	4098	4117
4098	4215	4117
4098	4171	4215
4171	4225	4215
4171	4172	4225
4172	4206	4225
4172	4161	4206
4172	4171	4161
4053	4054	4098
4053	3979	4054
3979	3972	4054
3972	3971	4054
3979	3934	3972
4074	4007	4053
4074	4104	4007
4104	4001	4007
4104	4081	4001
4104	4143	4081
4143	4148	4081
4148	4099	4081
4099	4076	4081
4148	4139	4099
4139	4108	4099
4108	4031	4099
4031	3961	4099
4031	3978	3961
3978	3905	3961
3905	3902	3961
3902	3944	3961
3905	3839	3902
3839	3834	3902
3834	3830	3902
3834	3801	3830
3834	3839	3801
3839	3823	3801
3839	3905	3823
3905	3920	3823
3920	3899	3823
3920	3898	3899
3920	4006	3898
4006	3951	3898
3951	3883	3898
3951	3970	3883
3951	3994	3970
3994	4079	3970
3994	4109	4079
4109	4112	4079
4112	4064	4079
4112	4050	4064
4112	4102	4050
4112	4145	4102
4145	4151	4102
4151	4199	4102
4199	4087	4102
4199	4209	4087
4209	4156	4087
4209	4197	4156
4197	4094	4156
4197	4186	4094
4186	4153	4094
4186	4182	4153
4186	4281	4182
4281	4262	4182
4262	4234	4182
4281	4332	4262
4332	4335	4262
4332	4382	4335
4382	4435	4335
4435	4383	4335
4382	4486	4435
4486	4531	4435
4486	4572	4531
4486	4564	4572
4564	4656	4572
4656	4681	4572
4656	4716	4681
4716	4773	4681
4773	4731	4681
4773	4817	4731
4773	4823	4817
4823	4856	4817
4823	4881	4856
4881	4936	4856
4936	4906	4856
4936	4979	4906
4979	4933	4906
4979	4986	4933
4986	4978	4933
4986	5024	4978
5024	4965	4978
5024	5019	4965
5019	4959	4965
5019	4992	4959
5019	5039	4992
5039	5066	4992
5039	5063	5066
5063	5111	5066
5111	5086	5066
5111	5097	5086
5097	5070	5086
5097	5145	5070
5097	5151	5145
5151	5166	5145
5166	5121	5145
5097	5146	5151
5146	5155	5151
5146	5147	5155
5147	5154	5155
5147	5144	5154
5144	5119	5154
5144	5104	5119
5104	5112	5119
5104	5095	5112
5095	5061	5112
5061	5101	5112
5101	5105	5112
5105	5109	5112
5109	5149	5112
5109	5107	5149
5107	5136	5149
5107	5114	5136
5114	5129	5136
5129	5128	5136
5129	5114	5128
5114	5125	5128
5125	5179	5128
5179	5181	5128
5114	5110	5125
5110	5161	5125
5107	5073	5114
5073	5055	5114
5073	5046	5055
5046	5035	5055
5035	5003	5055
5003	5028	5055
5028	5079	5055
5028	5038	5079
5038	5087	5079
5087	5110	5079
5028	5003	5038
5003	5001	5038
5035	5000	5003
5035	5046	5000
5073	5026	5046
5073	5074	5026
5074	5027	5026
5027	5010	5026
5010	4971	5026
4971	4942	5026
4971	4931	4942
4931	4893	4942
4893	4914	4942
4914	4918	4942
4914	4898	4918
4898	4882	4918
4882	4868	4918
4868	4888	4918
4868	4840	4888
4840	4865	4888
4840	4838	4865
4868	4858	4840
4858	4796	4840
4858	4818	4796
4818	4795	4796
4818	4816	4795
4816	4790	4795
4816	4800	4790
4816	4834	4800
4834	4845	4800
4845	4857	4800
4857	4876	4800
4876	4855	4800
4855	4788	4800
4788	4763	4800
4763	4732	4800
4763	4710	4732
4763	4702	4710
4702	4683	4710
4683	4646	4710
4683	4608	4646
4608	4574	4646
4574	4626	4646
4574	4563	4626
4563	4542	4626
4574	4534	4563
4574	4540	4534
4540	4503	4534
4540	4483	4503
4540	4539	4483
4539	4481	4483
4481	4459	4483
4459	4441	4483
4459	4457	4441
4457	4431	4441
4431	4395	4441
4395	4381	4441
4395	4333	4381
4333	4303	4381
4303	4326	4381
4303	4204	4326
4303	4203	4204
4203	4143	4204
4203	4148	4143
4203	4295	4148
4295	4139	4148
4295	4227	4139
4227	4184	4139
4184	4108	4139
4184	4109	4108
4109	4093	4108
4093	4031	4108
4093	4021	4031
4021	3985	4031
3985	3978	4031
3985	3920	3978
3920	3905	3978
3985	4006	3920
3985	4021	4006
4021	3994	4006
3994	3951	4006
4021	4109	3994
4021	4093	4109
4184	4112	4109
4184	4145	4112
4184	4227	4145
4227	4242	4145
4242	4151	4145
4242	4199	4151
4242	4273	4199
4273	4237	4199
4237	4209	4199
4237	4260	4209
4260	4197	4209
4260	4252	4197
4252	4186	4197
4252	4281	4186
4252	4343	4281
4343	4399	4281
4399	4382	4281
4382	4332	4281
4399	4480	4382
4480	4486	4382
4480	4520	4486
4520	4564	4486
4520	4596	4564
4520	4507	4596
4507	4537	4596
4537	4607	4596
4607	4619	4596
4607	4625	4619
4607	4590	4625
4590	4591	4625
4591	4595	4625
4595	4647	4625
4647	4706	4625
4647	4721	4706
4721	4726	4706
4726	4730	4706
4726	4771	4730
4771	4748	4730
4771	4777	4748
4777	4770	4748
4770	4697	4748
4770	4716	4697
4716	4656	4697
4656	4564	4697
4770	4773	4716
4770	4823	4773
4770	4777	4823
4777	4860	4823
4860	4881	4823
4860	4887	4881
4887	4936	4881
4887	4964	4936
4964	4988	4936
4988	4979	4936
4988	5011	4979
5011	4986	4979
5011	5024	4986
5011	5061	5024
5061	5033	5024
5033	5019	5024
5033	5039	5019
5033	5063	5039
5033	5095	5063
5095	5104	5063
5104	5111	5063
5104	5144	5111
5144	5147	5111
5147	5146	5111
5146	5097	5111
5033	5061	5095
5011	5049	5061
5049	5101	5061
5049	5054	5101
5054	5050	5101
5050	5099	5101
5099	5105	5101
5099	5109	5105
5099	5107	5109
5099	5074	5107
5074	5073	5107
5099	5062	5074
5062	5027	5074
5062	5010	5027
5062	5043	5010
5043	5005	5010
5005	4971	5010
5005	4969	4971
4969	4931	4971
4969	4934	4931
4934	4876	4931
4876	4893	4931
4876	4857	4893
4857	4898	4893
4898	4914	4893
4857	4845	4898
4845	4858	4898
4858	4882	4898
4858	4868	4882
4845	4834	4858
4834	4818	4858
4834	4816	4818
4934	4907	4876
4907	4855	4876
4907	4853	4855
4853	4811	4855
4811	4788	4855
4811	4776	4788
4776	4737	4788
4737	4763	4788
4737	4702	4763
4737	4694	4702
4694	4683	4702
4694	4647	4683
4647	4608	4683
4647	4566	4608
4566	4539	4608
4539	4540	4608
4540	4574	4608
4566	4481	4539
4566	4525	4481
4525	4452	4481
4452	4457	4481
4457	4459	4481
4452	4431	4457
4452	4422	4431
4422	4406	4431
4406	4395	4431
4406	4333	4395
4406	4369	4333
4369	4285	4333
4285	4295	4333
4295	4303	4333
4295	4203	4303
4285	4227	4295
4285	4242	4227
4285	4319	4242
4319	4310	4242
4310	4273	4242
4310	4378	4273
4378	4329	4273
4329	4237	4273
4329	4260	4237
4329	4343	4260
4343	4252	4260
4329	4391	4343
4391	4388	4343
4388	4399	4343
4388	4408	4399
4388	4391	4408
4391	4418	4408
4418	4482	4408
4482	4537	4408
4482	4535	4537
4535	4582	4537
4582	4591	4537
4591	4590	4537
4590	4607	4537
4582	4595	4591
4582	4535	4595
4535	4525	4595
4525	4566	4595
4566	4647	4595
4535	4452	4525
4535	4482	4452
4482	4426	4452
4426	4422	4452
4426	4378	4422
4378	4406	4422
4378	4369	4406
4378	4319	4369
4319	4285	4369
4378	4310	4319
4426	4418	4378
4418	4394	4378
4394	4329	4378
4394	4391	4329
4394	4418	4391
4426	4482	4418
4694	4721	4647
4694	4737	4721
4737	4744	4721
4744	4726	4721
4744	4761	4726
4761	4771	4726
4761	4807	4771
4807	4809	4771
4809	4777	4771
4809	4839	4777
4839	4860	4777
4839	4853	4860
4853	4863	4860
4863	4887	4860
4863	4949	4887
4949	4964	4887
4949	4963	4964
4963	5043	4964
5043	5037	4964
5037	4988	4964
5037	5011	4988
5037	5054	5011
5054	5049	5011
5037	5050	5054
5037	5043	5050
5043	5062	5050
5062	5099	5050
4963	4967	5043
4967	4977	5043
4977	5005	5043
4977	4969	5005
4977	4934	4969
4977	4928	4934
4928	4907	4934
4928	4949	4907
4949	4863	4907
4863	4853	4907
4928	4977	4949
4977	4967	4949
4967	4963	4949
4839	4807	4853
4807	4811	4853
4807	4761	4811
4761	4776	4811
4761	4744	4776
4744	4737	4776
4839	4809	4807
4520	4480	4507
4480	4399	4507
4998	5075	5087
5075	5091	5087
5091	5161	5087
5091	5108	5161
5108	5173	5161
5173	5180	5161
5180	5179	5161
5108	5162	5173
5108	5088	5162
5088	5141	5162
5088	5113	5141
5113	5140	5141
5140	5148	5141
5088	5100	5113
5088	5047	5100
5108	5048	5088
5048	5030	5088
5048	4998	5030
5048	5075	4998
5048	5108	5075
5108	5091	5075
5085	5096	5148
5085	5060	5096
5060	5132	5096
5132	5158	5096
5158	5150	5096
5158	5176	5150
5176	5160	5150
5176	5178	5160
5178	5193	5160
5193	5175	5160
5193	5192	5175
5193	5217	5192
5193	5197	5217
5197	5219	5217
5193	5178	5197
5178	5186	5197
5186	5195	5197
5195	5203	5197
5178	5176	5186
5158	5165	5176
5158	5132	5165
5132	5152	5165
5132	5117	5152
5117	5130	5152
5130	5127	5152
5127	5142	5152
5142	5153	5152
5142	5138	5153
5138	5163	5153
5138	5159	5163
5142	5118	5138
5142	5124	5118
5142	5127	5124
5127	5123	5124
5127	5130	5123
5130	5093	5123
5093	5071	5123
5093	5065	5071
5065	5042	5071
5065	5078	5042
5078	5058	5042
5078	5060	5058
5060	4976	5058
5060	5031	4976
5031	4952	4976
5060	5085	5031
5078	5132	5060
5078	5117	5132
5078	5065	5117
5065	5130	5117
5065	5093	5130
4920	4929	4952
4920	4900	4929
4920	4894	4900
4183	4257	4206
4824	4803	4867
5194	5202	5215
5177	5143	5194
3635	3598	3614
3370	3422	3375
3388	3404	3504
3404	3408	3504
3389	3430	3448
3389	3334	3430
3389	3230	3334
3430	3528	3448
3528	3601	3448
3601	3574	3448
3574	3449	3448
3528	3644	3601
3394	3546	3451
3397	3480	3469
3400	3410	3556
3440	3645	3527
3645	3737	3527
3737	3573	3527
3645	3825	3737
3645	3758	3825
3758	3856	3825
3856	4005	3825
3856	3955	4005
3955	4063	4005
4063	4149	4005
4149	4125	4005
4125	4022	4005
4149	4195	4125
4149	4216	4195
4063	4106	4149
4063	3955	4106
3955	3981	4106
3981	4135	4106
4135	4164	4106
4135	4190	4164
3981	4043	4135
4043	4088	4135
3981	3948	4043
3981	3955	3948
3955	3804	3948
3804	3773	3948
3773	3832	3948
3773	3822	3832
3822	3922	3832
3773	3679	3822
3679	3674	3822
3679	3537	3674
3955	3856	3804
3856	3758	3804
3645	3647	3758
3645	3440	3647
3441	3488	3484
3488	3641	3484
3641	3524	3484
3641	3670	3524
3670	3607	3524
3607	3567	3524
3670	3727	3607
3670	3641	3727
3641	3803	3727
3641	3571	3803
3571	3780	3803
3780	3872	3803
3872	3900	3803
3900	3953	3803
3872	3927	3900
3927	4015	3900
3927	3974	4015
3974	4131	4015
4131	4122	4015
3974	4062	4131
3974	4002	4062
4002	3995	4062
4002	3886	3995
3886	3862	3995
3862	3976	3995
3976	4169	3995
3862	3855	3976
3855	3937	3976
3937	4022	3976
3862	3746	3855
3746	3676	3855
3746	3707	3676
3746	3704	3707
3704	3587	3707
3704	3590	3587
3704	3636	3590
3704	3854	3636
3854	3678	3636
3854	3840	3678
3840	3780	3678
3840	3872	3780
3840	3927	3872
3840	3854	3927
3854	3974	3927
3854	3864	3974
3864	4002	3974
3864	3886	4002
3864	3868	3886
3868	3862	3886
3868	3746	3862
3868	3704	3746
3868	3864	3704
3864	3854	3704
3641	3488	3571
3443	3600	3529
3600	3668	3529
3668	3672	3529
3668	3747	3672
3747	3667	3672
3747	3702	3667
3747	3800	3702
3461	3561	3483
3485	3508	3513
3489	3539	3557
3496	3603	3638
3638	3658	3496
3638	3708	3658
3708	3817	3658
3708	3809	3817
3518	3592	3538
3519	3637	3627
3549	3660	3819
3660	3793	3819
3660	3662	3793
3662	3741	3793
3741	3897	3793
3741	3794	3897
3662	3687	3741
3819	3765	3549
3819	4010	3765
4010	3867	3765
4010	4036	3867
4036	3908	3867
4036	4058	3908
4010	4066	4036
4066	4293	4036
4066	4309	4293
4309	4357	4293
4010	4011	4066
3564	3692	3690
3692	3721	3690
3721	3693	3690
3692	3851	3721
3692	3710	3851
3582	3623	3630
3602	3799	3720
3629	3683	3838
3633	3733	3728
3733	3896	3728
3896	3755	3728
3896	3871	3755
3896	3966	3871
3966	3977	3871
3977	4019	3871
4019	3997	3871
3997	3919	3871
3997	4060	3919
4060	3906	3919
3906	3838	3919
3838	3762	3919
3906	3870	3838
4060	4107	3906
4060	4166	4107
4166	4158	4107
4166	4229	4158
4229	4198	4158
4229	4264	4198
4264	4320	4198
4320	4294	4198
4320	4393	4294
4393	4271	4294
4271	4246	4294
4246	4101	4294
4393	4475	4271
4320	4347	4393
4347	4495	4393
4495	4508	4393
4495	4575	4508
4347	4473	4495
4166	4279	4229
4279	4321	4229
3997	4019	4060
3977	4038	4019
4038	4089	4019
4038	4004	4089
4004	4168	4089
4168	4163	4089
4038	3966	4004
3966	3896	4004
3896	3932	4004
3932	3967	4004
3932	3880	3967
3932	3813	3880
3932	3733	3813
3932	3896	3733
4038	3977	3966
3646	3743	3691
3691	3557	3646
3671	3751	3729
3751	3865	3729
3751	3939	3865
3939	4033	3865
4033	3945	3865
4033	4080	3945
4080	4051	3945
4051	3964	3945
4051	4085	3964
4085	4083	3964
4083	4028	3964
4028	4003	3964
4085	4128	4083
4085	4129	4128
3751	3918	3939
3685	3716	3696
3695	3731	3748
3703	3723	3752
3723	3787	3752
3723	3805	3787
3724	3877	3831
3735	3903	3768
3903	3794	3768
3735	3739	3903
3735	3566	3739
3781	3860	3954
3860	3986	3954
3986	4055	3954
4055	4097	3954
4097	4042	3954
4055	4210	4097
4055	4119	4210
4119	4205	4210
4205	4274	4210
4205	4356	4274
4356	4386	4274
4055	4048	4119
4055	3986	4048
3986	3860	4048
3788	3815	3820
3821	3876	3950
3876	3942	3950
3942	4075	3950
3950	3845	3821
3950	3965	3845
3965	3909	3845
3909	3874	3845
3909	3925	3874
3909	3999	3925
3999	3877	3925
3843	3901	3963
3869	4018	3882
3904	4026	3943
3911	3914	3984
3984	3918	3911
3984	4159	3918
3984	4115	4159
4115	4245	4159
4245	4231	4159
4231	4176	4159
4245	4398	4231
4245	4358	4398
4358	4400	4398
4400	4412	4398
4412	4585	4398
4412	4569	4585
4412	4488	4569
4488	4558	4569
4558	4659	4569
4558	4641	4659
4558	4616	4641
4616	4637	4641
4558	4488	4616
4412	4400	4488
4400	4392	4488
4392	4421	4488
4392	4397	4421
4392	4255	4397
4255	4223	4397
4392	4358	4255
4358	4245	4255
4245	4115	4255
4392	4400	4358
3914	3926	3984
3924	4029	3991
3924	4049	4029
3933	3952	3988
3988	3996	3933
3933	3809	3952
3809	3881	3952
3990	4126	4178
4126	4207	4178
4126	4096	4207
4013	4132	4025
4027	4067	4127
4027	3885	4067
4059	4092	4137
4092	4200	4137
4121	4228	4130
4228	4170	4130
4228	4286	4170
4286	4334	4170
4286	4416	4334
4416	4403	4334
4403	4411	4334
4411	4402	4334
4411	4592	4402
4592	4498	4402
4498	4432	4402
4498	4470	4432
4498	4511	4470
4511	4583	4470
4583	4474	4470
4583	4651	4474
4651	4633	4474
4633	4463	4474
4633	4589	4463
4589	4443	4463
4443	4396	4463
4589	4598	4443
4651	4676	4633
4511	4498	4583
4498	4592	4583
4411	4516	4592
4411	4403	4516
4403	4416	4516
4416	4505	4516
4505	4561	4516
4416	4425	4505
4228	4277	4286
4167	4280	4250
4173	4344	4214
4344	4270	4214
4344	4354	4270
4354	4258	4270
4173	4376	4344
4213	4218	4353
4218	4338	4353
4338	4456	4353
4213	4131	4218
4219	4290	4363
4219	4169	4290
4169	4296	4290
4296	4355	4290
4355	4363	4290
4355	4467	4363
4169	4195	4296
4220	4239	4272
4239	4341	4272
4247	4375	4372
4372	4200	4247
4375	4409	4372
4299	4385	4337
4385	4464	4337
4427	4501	4543
4427	4357	4501
4357	4506	4501
4506	4707	4501
4707	4601	4501
4601	4543	4501
4506	4693	4707
4437	4567	4453
4567	4478	4453
4567	4579	4478
4567	4551	4579
4551	4630	4579
4551	4541	4630
4567	4437	4551
4446	4547	4523
4547	4664	4523
4664	4614	4523
4664	4720	4614
4461	4496	4509
4466	4517	4554
4517	4555	4554
4554	4491	4466
4477	4559	4497
4487	4512	4514
4487	4386	4512
4490	4519	4629
4519	4553	4629
4553	4658	4629
4519	4467	4553
4504	4565	4612
4565	4618	4612
4618	4725	4612
4618	4741	4725
4741	4826	4725
4741	4815	4826
4741	4735	4815
4741	4618	4735
4618	4623	4735
4605	4704	4643
4704	4679	4643
4704	4749	4679
4749	4767	4679
4749	4846	4767
4617	4631	4699
4631	4713	4699
4631	4757	4713
4757	4805	4713
4638	4670	4639
4638	4736	4670
4736	4719	4670
4638	4717	4736
4717	4799	4736
4717	4728	4799
4665	4782	4752
4782	4866	4752
4866	4781	4752
4698	4742	4793
4738	4830	4814
4745	4828	4778
4778	4662	4745
402	464	523
393	400	464
119	74	166
27	30	16
27	29	30
18	23	29
278	179	254
50	82	67
82	85	67
82	115	85
115	132	85
115	154	132
746	945	698
746	954	945
1086	1007	1035
1102	1111	1004
1022	992	1114
1077	1244	1097
1077	1200	1244
1308	1271	1374
1271	1380	1374
1271	1321	1380
1271	1246	1321
1499	1621	1431
1621	1501	1431
1563	1570	1478
1823	1907	1750
1660	1674	1636
1071	1290	1178
1290	1310	1178
1071	1199	1290
1106	1211	1226
1211	1307	1226
1211	1296	1307
718	606	694
482	496	535
703	918	862
703	879	918
703	817	879
703	680	817
919	1151	958
919	980	1151
980	1135	1151
1227	1302	1278
1031	1137	1064
1137	1215	1064
982	1079	1101
1079	1204	1101
1204	1279	1101
1279	1223	1101
1242	1042	1125
446	270	437
208	281	250
281	335	250
335	355	250
145	168	172
253	256	155
297	296	285
297	314	296
297	373	314
373	431	314
431	455	314
455	442	314
898	992	853
754	577	672
754	779	577
392	546	382
546	485	382
485	422	382
546	616	485
784	850	765
1081	1134	996
1081	1040	1134
1081	966	1040
537	574	492
1131	929	865
1150	1233	1371
1233	1467	1371
1467	1461	1371
1461	1522	1371
1233	1255	1467
1233	1270	1255
1233	976	1270
667	563	519
767	899	661
899	805	661
769	838	715
1554	1844	1596
1844	1840	1596
1554	1720	1844
1554	1494	1720
1494	1755	1720
1494	1749	1755
1494	1477	1749
1477	1599	1749
1477	1507	1599
1507	1557	1599
1554	1333	1494
1385	1172	1348
1172	1119	1348
1119	1190	1348
1119	1062	1190
1385	1328	1172
984	740	835
1212	1100	1368
1016	899	1046
1213	1087	1203
1040	1284	1298
1360	1402	1208
1402	1134	1208
1360	1564	1402
1215	1294	1240
1848	1858	2005
1338	1464	1498
1446	1634	1423
1634	1524	1423
1281	998	1257
998	1115	1257
1281	1000	998
1284	1533	1428
1284	1512	1533
1543	1759	1447
1759	1556	1447
1543	1793	1759
1793	1961	1759
1518	1553	1399
1757	1896	1702
1828	1691	1953
1691	1852	1953
1828	1642	1691
1828	1718	1642
1566	1544	1439
1519	1261	1480
1519	1311	1261
1615	1666	1519
1663	1824	1635
1663	1836	1824
1997	2191	2135
1930	2155	1911
2174	2390	2294
1812	1932	1713
1932	1770	1713
1932	1916	1770
1932	2019	1916
2019	2031	1916
1731	1999	1670
1731	1910	1999
2705	2717	2422
3087	2972	2958
2696	2418	2639
2418	2381	2639
2100	2160	2222
2231	2354	2132
2354	2059	2132
2354	2159	2059
2231	2317	2354
2317	2583	2354
2317	2551	2583
1694	1795	1813
1795	1991	1813
1795	1966	1991
1942	2149	1897
2149	1891	1897
1891	1841	1897
1861	1862	1775
1795	1763	1914
1795	1581	1763
1875	2102	1924
2102	2073	1924
2102	2182	2073
2619	2542	2431
2264	2407	2161
2264	2615	2407
2264	2616	2615
2149	2336	2055
2336	2111	2055
2336	2384	2111
2384	2352	2111
2157	2468	2177
2042	1981	2004
1981	1835	2004
1835	1922	2004
1922	2040	2004
1922	1967	2040
2139	2035	2068
2233	2406	2126
2406	2332	2126
2150	2312	2152
2245	2130	2180
2181	2075	2272
2181	2149	2075
2404	2220	2242
2404	2477	2220
2404	2503	2477
2339	2566	2404
2349	2037	2265
3028	2956	2859
3028	3079	2956
3028	2985	3079
2924	2686	2919
3074	3092	2836
3280	3477	3423
3477	3450	3423
3206	3071	3280
2714	2570	2840
2570	2808	2840
2570	2646	2808
2646	2682	2808
2646	2522	2682
2522	2557	2682
2595	2378	2470
2595	2587	2378
2594	2748	2507
2748	2853	2507
2853	2669	2507
2748	2775	2853
2376	2208	2359
2428	2620	2433
2449	2653	2534
2534	2504	2495
2694	2462	2561
2694	2676	2462
2763	2681	2602
2763	2807	2681
2763	2847	2807
2617	2801	2574
2801	2764	2574
2764	2464	2574
2464	2327	2574
2327	2579	2574
2327	2536	2579
2464	2321	2327
2764	2616	2464
2617	2862	2801
2862	2878	2801
2862	2970	2878
2970	3032	2878
2617	2674	2862
2579	2621	2674
2621	2640	2674
3764	3796	3878
3224	3255	3479
3255	3557	3479
3255	3489	3557
3255	3290	3489
2838	3173	2896
2838	3039	3173
2838	3017	3039
2778	2960	2783
2778	2700	2960
3038	3196	2936
3196	3063	2936
3025	2999	2797
3043	2761	2831
3492	3515	3497
2965	2842	3110
2842	2927	3110
2842	2814	2927
3076	3100	2971
3100	2819	2971
3022	3139	3050
3139	3233	3050
3139	3346	3233
3090	3245	3160
3090	3165	3245
3165	3297	3245
3113	3037	3190
3113	3015	3037
3334	3230	3185
3220	3079	3367
3079	3340	3367
3457	3694	3536
3694	3689	3536
3457	3413	3694
3413	3628	3694
3344	3239	3418
3460	3386	3491
4040	3938	3958
3938	3828	3958
3827	3673	3810
4251	4254	4175
4649	4658	4510
4871	4829	4798
4224	4096	4056
4096	4018	4056
4224	4359	4096
4359	4207	4096
4359	4330	4207
5122	5068	5083
5122	5133	5068
5122	5200	5133
5122	5135	5200
5207	5187	5183
5207	5201	5187
5120	5080	5134
5080	5032	5134
5032	5069	5134
5032	5034	5069
5080	5007	5032
4340	4191	4177
4317	4366	4362
4118	3851	4134
4118	3778	3851
3778	3721	3851
4938	4885	4848
4885	4808	4848
4249	4268	4304
4268	4377	4304
4377	4407	4304
4305	4307	4249
4424	4448	4314
4448	4417	4314
4417	4266	4314
4241	4144	4266
3468	3407	3591
5174	5205	5169
5174	5213	5205
5174	5223	5213
5174	5218	5223
5218	5214	5223
5214	5225	5223
5225	5224	5223
5214	5210	5225
5218	5185	5214
5174	5188	5218
5190	5198	5210
5008	5022	4935
5022	4999	4935
5089	5092	5008
5092	5098	5008
4764	4650	4682
4650	4599	4682
4599	4660	4682
4764	4711	4650
4455	4410	4513
4318	4225	4384
4318	4215	4225
4288	4117	4215
5136	5184	5149
5184	5182	5149
5136	5181	5184
5136	5128	5181
5125	5161	5179
5110	5087	5161
5114	5055	5110
5055	5079	5110
5046	5026	5000
5026	4923	5000
4923	4947	5000
5026	4942	4923
4942	4918	4923
4596	4697	4564
4596	4619	4697
4619	4748	4697
4625	4706	4619
4706	4730	4619
4408	4537	4399
4537	4507	4399
5160	5175	5150
5175	5148	5150
3469	3418	3397
3737	3855	3573
3995	4219	4062
3995	4169	4219
3809	3933	3817
3933	3996	3817
3996	4009	3817
4009	3923	3817
3996	4121	4009
3549	3662	3660
3549	3399	3662
3564	3502	3692
3502	3575	3692
4294	4070	4198
4294	4101	4070
4166	4060	4279
4089	4163	4019
3752	3464	3703
3464	3391	3703
3391	3547	3703
3739	3882	3903
4048	4127	4119
4048	4027	4127
4048	3860	4027
3781	3680	3860
3680	3766	3860
4398	4376	4231
4398	4585	4376
4013	4030	4132
4334	4208	4170
4334	4265	4208
4543	4366	4427
4541	4675	4630
4675	4688	4630
4541	4594	4675
4496	4544	4509
4828	4874	4778
4828	4850	4874
