28.132899 37.210429 11.750000 255 0 0
28.363511 36.978066 10.718750 255 0 0
28.648487 36.608148 9.687500 255 0 0
28.987828 36.100676 8.656250 255 0 0
29.381533 35.455650 7.625000 255 0 0
29.829603 34.673069 6.593750 255 0 0
30.332037 33.752934 5.562500 255 0 0
30.888836 32.695244 4.531250 255 0 0
31.500000 31.500000 3.500000 0 255 0
30.690569 30.429042 4.531250 0 255 0
29.958563 29.484108 5.562500 0 255 0
29.303982 28.665198 6.593750 0 255 0
28.726826 27.972313 7.625000 0 255 0
28.227094 27.405452 8.656250 0 255 0
27.804787 26.964616 9.687500 0 255 0
27.459905 26.649804 10.718750 0 255 0
27.192448 26.461016 11.750000 0 255 0
