   3.2260248e+02   1.9221739e+02   1.5500000e+02
   3.2894720e+02   1.5881056e+02   1.4500000e+02
   3.3440683e+02   1.4836957e+02   1.3500000e+02
   3.4622671e+02   1.3156832e+02   1.2500000e+02
   3.4373602e+02   1.1953727e+02   1.1500000e+02
   3.4283540e+02   1.1545652e+02   1.0500000e+02
   3.6419565e+02   1.1932609e+02   9.5000000e+01
   3.7283540e+02   1.1524534e+02   8.5000000e+01
   3.7988509e+02   1.1434472e+02   7.5000000e+01
   3.9488509e+02   1.2457453e+02   6.5000000e+01
   3.9080435e+02   1.3003416e+02   5.5000000e+01
   3.9149379e+02   1.5457453e+02   4.5000000e+01
   3.5402174e+02   1.8865528e+02   3.5000000e+01
