   2.7607704e+01   2.8466394e+01   1.3000000e+01
   2.7607704e+01   2.8466394e+01   1.2000000e+01
   2.7607704e+01   2.8466394e+01   1.1000000e+01
   2.7607704e+01   2.8466394e+01   1.0000000e+01
   2.7197756e+01   2.9135367e+01   9.0000000e+00
   2.7208192e+01   3.0701365e+01   8.0000000e+00
   2.7652789e+01   3.1405320e+01   7.0000000e+00
   2.8416721e+01   3.3756461e+01   6.0000000e+00
   2.8117255e+01   3.4940854e+01   9.0000000e+00
   2.8928846e+01   3.6751359e+01   9.5000000e+00
   2.9798687e+01   3.7111659e+01   1.1000000e+01
   2.9798687e+01   3.7111659e+01   1.2000000e+01
   2.9798687e+01   3.7111659e+01   1.3000000e+01
