   2.9361443e+02   1.2422139e+02   1.0800000e+02
   3.0742537e+02   1.1255970e+02   9.2000000e+01
   3.1359453e+02   1.0599254e+02   7.6000000e+01
   3.0702736e+02   1.1216169e+02   6.0000000e+01
   3.2157463e+02   1.0887811e+02   5.2000000e+01
   3.2338557e+02   1.1578358e+02   4.4000000e+01
   3.3029104e+02   1.2014179e+02   3.6000000e+01
   3.3464925e+02   1.2959453e+02   2.8000000e+01
   3.3646020e+02   1.4923632e+02   2.0000000e+01
   3.0470896e+02   1.7861940e+02   1.2000000e+01
   2.8509453e+02   1.9594030e+02   2.0000000e+01
