1	4	10
10	42	1
42	25	1
10	35	42
35	68	42
35	15	68
15	22	68
22	106	68
106	118	68
22	26	106
26	113	106
113	169	106
113	172	169
26	29	113
26	23	29
23	46	29
46	69	29
46	66	69
66	87	69
87	141	69
141	172	69
141	282	172
141	176	282
176	311	282
176	155	311
155	188	311
155	98	188
155	87	98
87	66	98
66	73	98
73	88	98
88	100	98
88	101	100
101	120	100
120	166	100
120	146	166
146	195	166
146	133	195
133	147	195
147	178	195
178	217	195
217	237	195
217	250	237
250	297	237
297	289	237
217	178	250
178	226	250
178	173	226
178	128	173
128	153	173
153	192	173
153	151	192
153	116	151
116	123	151
116	99	123
99	77	123
77	95	123
77	89	95
89	114	95
89	81	114
81	131	114
131	154	114
154	158	114
154	184	158
184	209	158
209	193	158
209	278	193
209	219	278
219	248	278
219	198	248
198	236	248
236	304	248
236	232	304
232	254	304
254	298	304
298	339	304
298	318	339
318	409	339
298	254	318
254	269	318
269	317	318
317	327	318
317	397	327
317	354	397
354	393	397
393	432	397
432	409	397
393	463	432
463	560	432
463	569	560
463	537	569
463	427	537
463	393	427
393	364	427
364	454	427
393	354	364
354	346	364
346	326	364
326	308	364
308	338	364
338	352	364
338	288	352
288	281	352
281	371	352
371	399	352
399	454	352
288	256	281
256	264	281
256	224	264
224	230	264
256	221	224
221	180	224
221	163	180
288	208	256
288	223	208
223	139	208
139	163	208
223	149	139
149	62	139
62	70	139
70	85	139
70	63	85
63	74	85
63	76	74
76	121	74
121	127	74
121	181	127
181	201	127
201	164	127
164	180	127
201	199	164
201	247	199
247	286	199
286	230	199
201	260	247
260	314	247
260	299	314
299	360	314
360	353	314
353	286	314
353	301	286
353	358	301
358	348	301
358	389	348
358	400	389
400	492	389
492	462	389
492	565	462
492	518	565
518	619	565
619	717	565
619	752	717
752	731	717
619	760	752
760	795	752
518	556	619
518	527	556
527	576	556
576	649	556
576	656	649
656	715	649
656	629	715
629	707	715
707	787	715
787	816	715
816	836	715
816	921	836
921	948	836
948	999	836
921	1041	948
921	846	1041
846	898	1041
898	1023	1041
1023	1070	1041
1070	1137	1041
1137	1188	1041
1137	1172	1188
1172	1249	1188
1172	1213	1249
1213	1319	1249
1213	1269	1319
1172	1137	1213
1137	1070	1213
1070	1147	1213
1070	1094	1147
1070	1009	1094
1009	1103	1094
1009	981	1103
981	1054	1103
1054	1065	1103
1065	1164	1103
1065	1112	1164
1112	1282	1164
1112	1145	1282
1145	1229	1282
1229	1316	1282
1145	1204	1229
1204	1338	1229
1145	1129	1204
1145	1112	1129
1112	970	1129
970	947	1129
1112	1054	970
1054	980	970
980	944	970
944	910	970
910	843	970
910	837	843
837	718	843
718	747	843
747	788	843
747	758	788
758	883	788
883	886	788
883	926	886
926	947	886
926	996	947
883	900	926
883	771	900
771	851	900
851	922	900
922	1012	900
922	997	1012
771	678	851
678	704	851
704	868	851
704	692	868
704	644	692
644	690	692
704	563	644
563	508	644
508	514	644
508	460	514
460	424	514
424	453	514
424	402	453
402	411	453
411	414	453
411	403	414
403	349	414
349	359	414
359	421	414
359	391	421
359	377	391
359	316	377
316	276	377
276	337	377
276	295	337
295	277	337
277	329	337
329	450	337
329	455	450
455	526	450
455	511	526
511	579	526
511	598	579
598	683	579
683	661	579
683	779	661
779	820	661
820	675	661
675	582	661
675	581	582
581	562	582
779	847	820
847	841	820
847	1027	841
847	1031	1027
1031	1174	1027
683	744	779
683	640	744
640	723	744
640	612	723
612	622	723
612	520	622
520	550	622
550	767	622
767	818	622
767	835	818
550	743	767
743	964	767
964	976	767
743	783	964
743	642	783
642	706	783
706	855	783
855	937	783
855	962	937
962	1073	937
1073	1010	937
1010	943	937
1010	964	943
1010	1026	964
1010	1073	1026
1073	1175	1026
1073	1288	1175
962	1079	1073
962	972	1079
972	927	1079
927	1239	1079
927	951	1239
951	1154	1239
951	967	1154
951	863	967
951	927	863
927	829	863
829	804	863
804	754	863
804	720	754
720	679	754
679	802	754
679	664	802
664	776	802
776	904	802
904	914	802
776	907	904
776	884	907
884	1117	907
1117	1205	907
1117	1215	1205
1215	1325	1205
1215	1409	1325
1409	1395	1325
1409	1476	1395
1476	1553	1395
1553	1329	1395
1553	1411	1329
1553	1546	1411
1553	1692	1546
1692	1615	1546
1692	1723	1615
1692	1690	1723
1690	1739	1723
1739	1807	1723
1690	1553	1739
1690	1692	1553
1476	1618	1553
1476	1482	1618
1476	1409	1482
1215	1228	1409
884	942	1117
884	724	942
724	709	942
724	702	709
702	738	709
738	722	709
738	811	722
811	803	722
803	794	722
803	875	794
803	786	875
786	790	875
790	824	875
790	827	824
738	733	811
733	891	811
733	808	891
808	966	891
966	1048	891
966	1125	1048
966	1036	1125
1036	1111	1125
1111	1221	1125
1221	1280	1125
1221	1298	1280
1298	1334	1280
1334	1258	1280
1334	1371	1258
1334	1426	1371
1334	1405	1426
1405	1446	1426
1446	1498	1426
1498	1491	1426
1498	1564	1491
1498	1532	1564
1532	1642	1564
1642	1626	1564
1642	1697	1626
1697	1647	1626
1647	1619	1626
1697	1657	1647
1697	1709	1657
1709	1655	1657
1709	1716	1655
1716	1698	1655
1716	1727	1698
1727	1820	1698
1820	1868	1698
1868	1843	1698
1868	2007	1843
1868	1982	2007
1982	2121	2007
1868	1820	1982
1727	1770	1820
1770	1844	1820
1770	1889	1844
1889	1890	1844
1770	1742	1889
1742	1780	1889
1780	1898	1889
1898	1984	1889
1898	1972	1984
1972	2086	1984
2086	2081	1984
2086	2180	2081
2180	2162	2081
2162	2123	2081
2123	2118	2081
2123	2162	2118
2086	2102	2180
2102	2141	2180
2102	2101	2141
2102	2016	2101
2016	2028	2101
2016	1924	2028
1924	1918	2028
1924	1895	1918
1895	1907	1918
1895	1816	1907
1816	1832	1907
1832	1922	1907
1832	1923	1922
1923	2010	1922
2010	2029	1922
1923	1957	2010
1923	1859	1957
1859	1947	1957
1859	1867	1947
1867	1896	1947
1867	1854	1896
1854	1852	1896
1854	1817	1852
1817	1752	1852
1752	1711	1852
1752	1688	1711
1688	1701	1711
1752	1685	1688
1685	1588	1688
1685	1585	1588
1585	1463	1588
1463	1535	1588
1463	1410	1535
1410	1369	1535
1369	1392	1535
1392	1534	1535
1392	1441	1534
1441	1604	1534
1441	1445	1604
1369	1327	1392
1327	1301	1392
1327	1255	1301
1255	1246	1301
1255	1138	1246
1138	1090	1246
1138	1074	1090
1074	917	1090
917	1092	1090
917	923	1092
923	1034	1092
1034	1118	1092
1034	1080	1118
1034	983	1080
983	1053	1080
1053	1169	1080
1169	1227	1080
1169	1274	1227
1274	1454	1227
1454	1266	1227
1454	1440	1266
1440	1367	1266
1440	1493	1367
1440	1454	1493
1454	1517	1493
1454	1437	1517
1454	1274	1437
1169	1191	1274
1169	1053	1191
1053	1038	1191
1038	1066	1191
1038	953	1066
953	1116	1066
953	975	1116
1053	983	1038
1034	923	983
917	854	923
1074	968	917
1074	1069	968
1069	1059	968
1059	946	968
946	806	968
946	866	806
866	748	806
748	710	806
748	627	710
627	626	710
627	608	626
627	545	608
545	505	608
505	475	608
505	435	475
435	457	475
435	419	457
435	342	419
505	426	435
505	540	426
540	425	426
540	530	425
530	445	425
445	408	425
445	379	408
379	306	408
379	292	306
292	261	306
261	271	306
261	245	271
245	211	271
211	274	271
274	307	271
274	342	307
274	267	342
274	211	267
211	185	267
185	262	267
262	315	267
262	296	315
262	237	296
211	245	185
292	263	261
292	325	263
292	379	325
379	361	325
361	330	325
361	367	330
361	500	367
361	445	500
445	542	500
542	668	500
668	549	500
549	516	500
549	713	516
713	617	516
617	510	516
510	386	516
713	686	617
686	636	617
686	673	636
673	538	636
673	657	538
657	536	538
536	519	538
536	470	519
657	740	536
657	716	740
716	831	740
716	950	831
950	959	831
959	974	831
974	800	831
974	1004	800
1004	874	800
874	726	800
726	628	800
726	596	628
596	507	628
596	490	507
490	451	507
596	597	490
597	488	490
597	584	488
584	483	488
483	388	488
584	580	483
580	578	483
580	667	578
667	648	578
648	607	578
648	638	607
638	544	607
638	615	544
615	588	544
588	480	544
588	476	480
476	407	480
407	376	480
407	347	376
347	357	376
407	404	347
404	324	347
324	290	347
324	280	290
280	212	290
212	228	290
228	243	290
228	162	243
228	182	162
182	157	162
157	130	162
130	135	162
135	134	162
135	117	134
117	80	134
80	115	134
117	79	80
79	36	80
36	19	80
36	40	19
40	11	19
40	45	11
45	13	11
13	8	11
13	14	8
13	21	14
21	18	14
18	7	14
18	6	7
6	5	7
5	3	7
6	9	5
9	2	5
9	12	2
12	1	2
12	4	1
12	16	4
16	22	4
22	15	4
15	10	4
15	35	10
16	23	22
23	26	22
16	27	23
27	44	23
44	46	23
44	54	46
54	60	46
60	66	46
60	73	66
60	58	73
58	82	73
82	88	73
82	101	88
82	102	101
102	120	101
102	108	120
108	107	120
107	133	120
133	146	120
107	147	133
107	90	147
90	128	147
128	178	147
90	99	128
99	116	128
116	153	128
90	72	99
72	50	99
50	77	99
50	81	77
81	89	77
50	43	81
43	34	81
34	33	81
33	52	81
33	28	52
28	49	52
49	96	52
96	129	52
96	122	129
122	142	129
142	144	129
144	131	129
144	154	131
144	170	154
170	179	154
179	184	154
179	186	184
186	189	184
189	209	184
189	219	209
189	198	219
189	186	198
186	194	198
194	203	198
203	229	198
229	236	198
229	232	236
229	265	232
265	254	232
265	269	254
265	273	269
273	317	269
273	326	317
326	346	317
346	354	317
273	308	326
273	257	308
257	259	308
259	291	308
291	338	308
291	288	338
291	223	288
291	259	223
259	244	223
244	202	223
202	149	223
202	156	149
156	104	149
104	62	149
104	56	62
56	38	62
38	51	62
51	70	62
51	48	70
48	63	70
48	47	63
47	45	63
45	76	63
45	55	76
55	78	76
78	111	76
111	121	76
111	181	121
111	92	181
92	132	181
132	161	181
161	191	181
191	201	181
191	260	201
191	239	260
239	214	260
214	287	260
287	299	260
287	360	299
287	285	360
285	334	360
285	351	334
285	333	351
333	375	351
375	433	351
375	429	433
429	436	433
436	509	433
509	495	433
495	456	433
495	496	456
495	620	496
620	616	496
616	568	496
568	491	496
568	535	491
535	458	491
458	437	491
535	477	458
477	395	458
477	471	395
471	416	395
416	400	395
400	358	395
416	441	400
441	492	400
441	518	492
441	498	518
498	527	518
498	535	527
535	591	527
591	576	527
591	618	576
618	656	576
618	629	656
618	707	629
618	591	707
591	645	707
645	815	707
815	756	707
756	787	707
756	853	787
853	846	787
846	842	787
842	816	787
842	921	816
842	846	921
853	898	846
853	981	898
981	1009	898
1009	1023	898
1009	1070	1023
853	980	981
980	1054	981
853	815	980
815	837	980
837	944	980
837	910	944
815	793	837
793	737	837
737	718	837
737	646	718
646	687	718
687	747	718
687	758	747
687	771	758
771	883	758
687	666	771
666	678	771
666	571	678
571	563	678
563	704	678
571	509	563
509	508	563
509	460	508
509	436	460
436	424	460
436	429	424
429	375	424
375	365	424
365	402	424
365	390	402
390	411	402
390	403	411
390	349	403
390	365	349
365	333	349
333	328	349
328	359	349
328	316	359
328	251	316
251	253	316
253	276	316
253	266	276
266	295	276
266	277	295
266	225	277
225	246	277
246	329	277
246	272	329
225	207	246
225	175	207
251	171	253
251	227	171
227	165	171
165	109	171
109	110	171
109	83	110
83	75	110
75	91	110
91	130	110
130	136	110
130	157	136
157	175	136
91	65	130
65	79	130
79	135	130
79	117	135
65	64	79
64	36	79
64	57	36
57	40	36
57	55	40
55	45	40
57	78	55
57	84	78
84	92	78
92	111	78
84	83	92
83	132	92
83	109	132
84	64	83
64	75	83
64	65	75
65	91	75
84	57	64
227	218	165
218	214	165
214	190	165
214	239	190
239	191	190
191	161	190
218	216	214
216	287	214
216	242	287
242	285	287
242	333	285
216	218	242
218	227	242
227	251	242
328	333	251
365	375	333
571	567	509
567	495	509
567	590	495
590	620	495
590	634	620
634	685	620
685	647	620
647	616	620
647	645	616
645	568	616
645	535	568
645	591	535
647	793	645
793	815	645
647	737	793
647	685	737
685	646	737
685	634	646
634	589	646
589	666	646
666	687	646
589	571	666
589	567	571
589	590	567
589	634	590
853	756	815
498	477	535
498	471	477
498	441	471
441	416	471
47	38	45
38	21	45
21	13	45
38	30	21
30	18	21
30	20	18
20	6	18
20	9	6
20	28	9
28	12	9
28	33	12
33	34	12
34	24	12
24	16	12
24	27	16
24	43	27
43	39	27
39	44	27
39	50	44
50	53	44
53	54	44
53	58	54
58	60	54
53	50	58
50	72	58
72	71	58
71	108	58
108	82	58
108	102	82
71	107	108
71	90	107
71	72	90
39	43	50
24	34	43
20	41	28
41	49	28
41	96	49
41	67	96
67	124	96
124	122	96
124	142	122
124	167	142
167	170	142
170	144	142
167	194	170
194	179	170
194	186	179
167	205	194
205	203	194
205	238	203
238	229	203
238	257	229
257	265	229
257	273	265
238	259	257
238	244	259
238	205	244
205	202	244
205	167	202
167	156	202
167	125	156
125	104	156
125	124	104
124	67	104
67	61	104
61	56	104
61	30	56
30	38	56
61	67	30
67	31	30
31	20	30
31	41	20
31	67	41
125	167	124
47	48	38
48	51	38
182	213	157
182	212	213
212	280	213
280	293	213
280	381	293
280	324	381
324	404	381
404	476	381
476	466	381
466	418	381
466	452	418
452	434	418
434	383	418
452	478	434
478	522	434
522	499	434
522	511	499
511	455	499
522	577	511
577	598	511
577	640	598
640	683	598
577	612	640
577	522	612
522	520	612
522	478	520
478	550	520
478	506	550
506	557	550
557	642	550
642	743	550
557	604	642
604	706	642
604	601	706
601	662	706
662	720	706
720	855	706
720	804	855
804	829	855
829	972	855
972	962	855
829	927	972
662	641	720
641	679	720
641	663	679
663	650	679
650	664	679
650	643	664
643	665	664
665	674	664
674	776	664
674	695	776
695	724	776
724	884	776
695	697	724
697	708	724
708	702	724
708	738	702
708	733	738
708	674	733
674	808	733
674	665	808
665	676	808
676	689	808
689	796	808
796	895	808
895	966	808
895	1036	966
895	949	1036
949	1037	1036
1037	1102	1036
1102	1111	1036
1102	1177	1111
1177	1221	1111
1177	1259	1221
1259	1298	1221
1259	1353	1298
1353	1334	1298
1353	1405	1334
1353	1360	1405
1360	1351	1405
1351	1446	1405
1351	1481	1446
1481	1498	1446
1481	1532	1498
1481	1427	1532
1427	1533	1532
1533	1642	1532
1533	1512	1642
1512	1670	1642
1670	1697	1642
1670	1718	1697
1718	1773	1697
1773	1780	1697
1780	1709	1697
1780	1742	1709
1742	1716	1709
1742	1727	1716
1742	1770	1727
1773	1754	1780
1754	1898	1780
1754	1753	1898
1753	1826	1898
1826	1972	1898
1826	1925	1972
1925	2016	1972
2016	2086	1972
2016	2102	2086
1925	1924	2016
1925	1819	1924
1819	1895	1924
1819	1790	1895
1790	1816	1895
1790	1669	1816
1669	1808	1816
1808	1832	1816
1808	1923	1832
1808	1859	1923
1808	1757	1859
1757	1733	1859
1733	1867	1859
1733	1817	1867
1817	1854	1867
1733	1685	1817
1685	1752	1817
1733	1589	1685
1589	1552	1685
1552	1585	1685
1552	1463	1585
1552	1330	1463
1552	1447	1330
1447	1397	1330
1447	1431	1397
1447	1548	1431
1548	1465	1431
1465	1384	1431
1384	1331	1431
1465	1452	1384
1465	1506	1452
1506	1401	1452
1401	1312	1452
1401	1378	1312
1378	1304	1312
1304	1243	1312
1304	1135	1243
1304	1133	1135
1133	1077	1135
1077	924	1135
924	1095	1135
924	1082	1095
924	872	1082
872	989	1082
872	882	989
872	817	882
817	798	882
798	866	882
798	748	866
798	684	748
684	627	748
684	540	627
540	545	627
540	505	545
684	625	540
625	530	540
625	542	530
542	445	530
625	659	542
659	668	542
659	872	668
872	860	668
860	688	668
688	549	668
688	713	549
688	770	713
770	810	713
810	686	713
810	859	686
859	856	686
856	673	686
856	716	673
716	672	673
672	657	673
672	716	657
856	912	716
912	950	716
912	1072	950
1072	1076	950
1076	959	950
1076	974	959
1076	1109	974
1109	1165	974
1165	1004	974
1165	1162	1004
1165	1292	1162
1292	1361	1162
1292	1368	1361
1368	1400	1361
1400	1427	1361
1427	1351	1361
1427	1481	1351
1400	1533	1427
1400	1429	1533
1429	1512	1533
1429	1385	1512
1385	1398	1512
1398	1474	1512
1474	1597	1512
1597	1670	1512
1597	1695	1670
1695	1718	1670
1695	1773	1718
1695	1754	1773
1695	1706	1754
1706	1753	1754
1706	1699	1753
1699	1722	1753
1722	1826	1753
1722	1819	1826
1819	1925	1826
1722	1790	1819
1722	1683	1790
1683	1656	1790
1656	1669	1790
1656	1593	1669
1593	1543	1669
1543	1577	1669
1577	1665	1669
1665	1757	1669
1757	1808	1669
1665	1733	1757
1665	1589	1733
1665	1586	1589
1586	1548	1589
1548	1552	1589
1548	1447	1552
1586	1577	1548
1577	1465	1548
1577	1543	1465
1543	1506	1465
1543	1554	1506
1554	1401	1506
1554	1545	1401
1545	1520	1401
1520	1378	1401
1520	1374	1378
1374	1318	1378
1318	1304	1378
1318	1197	1304
1197	1160	1304
1160	1133	1304
1160	1055	1133
1055	1077	1133
1160	1086	1055
1086	1068	1055
1068	919	1055
1068	1072	919
1072	912	919
912	856	919
856	859	919
1068	1106	1072
1106	1109	1072
1109	1076	1072
1106	1225	1109
1225	1165	1109
1225	1292	1165
1225	1272	1292
1272	1355	1292
1355	1368	1292
1355	1429	1368
1429	1400	1368
1355	1385	1429
1355	1344	1385
1344	1398	1385
1344	1362	1398
1362	1474	1398
1362	1521	1474
1521	1576	1474
1576	1597	1474
1576	1695	1597
1576	1706	1695
1576	1598	1706
1598	1630	1706
1630	1699	1706
1630	1654	1699
1654	1683	1699
1683	1722	1699
1654	1653	1683
1653	1656	1683
1653	1593	1656
1653	1545	1593
1545	1554	1593
1554	1543	1593
1653	1654	1545
1654	1630	1545
1630	1598	1545
1598	1521	1545
1521	1520	1545
1521	1374	1520
1521	1362	1374
1362	1359	1374
1359	1318	1374
1359	1362	1318
1362	1344	1318
1344	1222	1318
1222	1197	1318
1222	1161	1197
1161	1086	1197
1086	1160	1197
1161	1068	1086
1161	1106	1068
1161	1225	1106
1161	1222	1225
1222	1272	1225
1222	1344	1272
1344	1355	1272
1598	1576	1521
1586	1665	1577
810	881	859
810	770	881
770	860	881
860	924	881
860	872	924
770	688	860
659	701	872
701	817	872
701	798	817
701	684	798
701	625	684
701	659	625
1360	1238	1351
1360	1299	1238
1299	1143	1238
1143	1047	1238
1143	1039	1047
1039	995	1047
995	1006	1047
995	994	1006
994	1004	1006
994	874	1004
994	939	874
939	896	874
896	858	874
858	833	874
833	726	874
833	719	726
719	596	726
719	597	596
719	729	597
729	584	597
729	621	584
621	580	584
621	667	580
621	729	667
729	814	667
814	799	667
799	648	667
799	638	648
719	877	729
719	858	877
858	896	877
896	1002	877
1002	902	877
896	1039	1002
1039	1143	1002
896	995	1039
896	939	995
939	994	995
719	833	858
1299	1206	1143
1299	1259	1206
1259	1177	1206
1177	1142	1206
1142	1057	1206
1142	1093	1057
1093	1016	1057
1093	1029	1016
1093	1142	1029
1142	1102	1029
1102	1037	1029
1037	1021	1029
1037	949	1021
949	861	1021
1142	1177	1102
1299	1353	1259
1299	1360	1353
895	852	949
895	796	852
689	693	796
689	676	693
676	643	693
643	623	693
623	703	693
623	632	703
632	652	703
652	730	703
652	613	730
613	772	730
613	610	772
610	745	772
613	548	610
548	523	610
548	468	523
468	466	523
466	529	523
466	476	529
476	525	529
525	588	529
525	476	588
468	452	466
468	479	452
479	478	452
479	506	478
479	497	506
497	533	506
533	557	506
533	572	557
572	604	557
572	601	604
572	552	601
552	586	601
586	662	601
586	641	662
586	632	641
632	623	641
623	663	641
623	650	663
623	643	650
586	558	632
558	613	632
613	652	632
558	548	613
558	532	548
532	497	548
497	479	548
479	468	548
532	533	497
532	552	533
552	572	533
532	558	552
558	586	552
676	665	643
708	695	674
708	697	695
404	407	476
182	228	212
361	379	445
946	1014	866
946	1035	1014
946	1083	1035
1083	1099	1035
1083	1120	1099
1083	1059	1120
1059	1114	1120
1114	1244	1120
1244	1254	1120
1244	1327	1254
1244	1255	1327
1244	1138	1255
1244	1114	1138
1114	1069	1138
1069	1074	1138
1114	1059	1069
1083	946	1059
1112	1065	1054
155	141	87
155	176	141
17	37	93
37	94	93
59	105	119
105	143	119
143	177	119
143	187	177
187	234	177
187	279	234
187	241	279
241	332	279
241	319	332
187	159	241
187	143	159
143	105	159
86	168	145
103	112	152
174	183	204
183	220	204
220	258	204
258	240	204
240	174	204
258	322	240
322	323	240
323	284	240
258	294	322
258	268	294
258	220	268
220	197	268
220	183	197
183	152	197
233	249	283
283	369	233
369	341	233
341	309	233
341	440	309
341	481	440
481	502	440
481	599	502
481	624	599
624	694	599
624	753	694
753	746	694
341	422	481
341	369	422
300	302	321
305	366	372
366	385	372
385	428	372
385	484	428
385	465	484
465	671	484
671	714	484
671	739	714
385	438	465
438	521	465
438	493	521
385	366	438
320	417	370
320	431	417
340	384	392
340	382	384
340	282	382
362	448	363
363	264	362
448	467	363
448	485	467
485	513	467
513	461	467
461	399	467
461	473	399
461	513	473
513	454	473
513	541	454
541	559	454
541	592	559
592	609	559
609	564	559
541	602	592
541	485	602
485	531	602
531	682	602
682	759	602
682	727	759
727	780	759
780	789	759
789	844	759
780	812	789
780	727	812
727	778	812
727	696	778
696	742	778
696	547	742
696	531	547
696	682	531
696	727	682
485	448	531
541	513	485
378	410	380
413	446	474
446	472	474
444	546	517
517	472	444
546	573	517
447	534	501
534	614	501
534	605	614
605	681	614
534	551	605
534	487	551
482	543	524
524	574	482
574	419	482
574	561	419
574	593	561
593	660	561
593	691	660
691	728	660
524	587	574
524	543	587
504	595	606
554	677	670
677	711	670
711	766	670
566	736	777
635	825	639
635	749	825
637	762	698
762	805	698
658	735	721
735	764	721
735	849	764
700	864	823
864	1008	823
1008	862	823
862	732	823
751	839	807
839	867	807
763	1071	1040
775	838	870
838	993	870
993	977	870
838	1056	993
838	1049	1056
1049	1088	1056
1088	1216	1056
1088	1275	1216
1275	1303	1216
1303	1151	1216
1303	1153	1151
1303	1408	1153
1408	1358	1153
1358	1163	1153
1163	1089	1153
1163	1045	1089
1358	1208	1163
1208	1140	1163
1358	1407	1208
1358	1457	1407
1457	1518	1407
1457	1651	1518
1651	1623	1518
1651	1666	1623
1666	1672	1623
1666	1774	1672
1774	1693	1672
1693	1610	1672
1774	1862	1693
1862	1850	1693
1862	1945	1850
1774	1899	1862
1774	1786	1899
1774	1666	1786
1666	1686	1786
1686	1735	1786
1735	1967	1786
1967	1958	1786
1967	2103	1958
2103	2087	1958
1967	2133	2103
2133	2159	2103
2133	2202	2159
2202	2229	2159
2202	2395	2229
2202	2347	2395
2347	2545	2395
2347	2439	2545
2439	2649	2545
2649	2698	2545
2649	2723	2698
2723	2828	2698
2723	2978	2828
2978	2925	2828
2925	2948	2828
2925	2979	2948
2979	2933	2948
2979	3044	2933
2925	2978	2979
2649	2702	2723
2347	2285	2439
2347	2260	2285
2260	2216	2285
2260	2174	2216
2260	2347	2174
2347	2202	2174
1686	1574	1735
1686	1457	1574
1686	1651	1457
1686	1666	1651
1303	1425	1408
1425	1475	1408
1425	1480	1475
1480	1591	1475
1480	1679	1591
1679	1608	1591
1679	1836	1608
1836	1837	1608
1303	1275	1425
838	938	1049
838	766	938
766	901	938
791	821	822
822	809	791
822	861	809
861	745	809
813	986	984
986	1019	984
1019	1081	984
1019	1181	1081
1181	1183	1081
1183	1098	1081
1098	963	1081
1098	975	963
1181	1260	1183
1181	1320	1260
1181	1067	1320
1181	986	1067
1181	1019	986
826	958	930
826	1015	958
834	971	879
971	1078	879
1078	941	879
865	920	998
920	973	998
973	1075	998
1075	1062	998
1062	1024	998
1062	1091	1024
1091	1148	1024
1148	1018	1024
1062	1121	1091
1062	1075	1121
920	841	973
871	931	885
931	945	885
931	1096	945
878	1108	1100
1108	1241	1100
1108	1223	1241
1108	1136	1223
890	897	936
897	913	936
897	965	913
936	827	890
899	916	982
899	744	916
982	1031	899
982	1097	1031
1097	1253	1031
1253	1310	1031
1253	1321	1310
1321	1389	1310
905	990	991
905	1030	990
990	1156	991
1156	1122	991
1156	1226	1122
935	957	1178
957	1146	1178
1146	1348	1178
1348	1235	1178
1146	1232	1348
952	1020	1000
1020	1136	1000
1000	954	952
954	825	952
978	1046	1043
1046	1087	1043
979	1149	1128
1149	1257	1128
1257	1240	1128
1257	1283	1240
1257	1391	1283
1257	1309	1391
1257	1149	1309
1149	1199	1309
988	1107	1033
1011	1123	1115
1011	1100	1123
1115	1071	1011
1017	1171	1139
1171	1273	1139
1273	1180	1139
1061	1182	1185
1182	1201	1185
1201	1277	1185
1277	1150	1185
1150	1101	1185
1101	1104	1185
1104	1061	1185
1104	1101	1061
1113	1176	1290
1113	999	1176
999	1152	1176
1152	1190	1176
1190	1287	1176
1287	1290	1176
1190	1308	1287
1190	1187	1308
1190	1152	1187
1113	960	999
1290	1278	1113
1290	1415	1278
1126	1270	1276
1270	1456	1276
1126	1194	1270
1127	1234	1256
1130	1189	1132
1132	868	1130
868	933	1130
868	830	933
1131	1281	1285
1281	1365	1285
1365	1467	1285
1141	1263	1237
1237	1170	1141
1263	1339	1237
1263	1352	1339
1263	1317	1352
1157	1247	1207
1247	1158	1207
1247	1248	1158
1248	1166	1158
1248	1198	1166
1247	1326	1248
1186	1293	1300
1195	1286	1345
1230	1231	1383
1231	1417	1383
1417	1549	1383
1417	1547	1549
1547	1611	1549
1611	1771	1549
1771	1625	1549
1611	1766	1771
1766	2017	1771
2017	1996	1771
1766	1999	2017
1999	2055	2017
1999	2035	2055
2035	2179	2055
2179	2241	2055
2179	2320	2241
2320	2402	2241
2320	2505	2402
2505	2572	2402
2505	2579	2572
2579	2659	2572
2659	2682	2572
2659	2880	2682
2880	2714	2682
2659	2817	2880
2817	2914	2880
2914	3075	2880
3075	3047	2880
2659	2765	2817
2765	2783	2817
2765	2600	2783
2600	2798	2783
2798	2893	2783
2893	2937	2783
2893	2894	2937
2894	3127	2937
3127	3081	2937
3127	3099	3081
3127	3237	3099
3237	3213	3099
3213	3162	3099
3237	3282	3213
3237	3395	3282
3395	3379	3282
2893	2855	2894
2893	2798	2855
2600	2656	2798
2656	2655	2798
2656	2588	2655
2588	2614	2655
2588	2398	2614
2398	2504	2614
2504	2664	2614
2664	2769	2614
2769	2792	2614
2398	2417	2504
2588	2530	2398
2530	2357	2398
2357	2206	2398
2530	2472	2357
2472	2394	2357
2394	2321	2357
2394	2320	2321
2320	2269	2321
2472	2505	2394
2472	2611	2505
2611	2571	2505
2571	2579	2505
2571	2659	2579
2571	2765	2659
2571	2611	2765
2611	2600	2765
2611	2472	2600
2472	2530	2600
2530	2588	2600
2588	2656	2600
2035	2078	2179
2035	1968	2078
1968	1892	2078
1892	2089	2078
2089	2205	2078
2089	2108	2205
2108	2269	2205
2108	2130	2269
2108	2068	2130
1892	1901	2089
1892	1741	1901
1741	1725	1901
1725	1934	1901
1725	1765	1934
1725	1680	1765
1892	1758	1741
1758	1620	1741
1620	1519	1741
1620	1529	1519
1529	1468	1519
1620	1550	1529
1758	1772	1620
1758	1892	1772
1892	1968	1772
1233	1342	1279
1233	1343	1342
1262	1406	1370
1370	1372	1262
1370	1461	1372
1370	1406	1461
1406	1488	1461
1488	1572	1461
1406	1487	1488
1487	1633	1488
1265	1379	1291
1379	1390	1291
1390	1393	1291
1265	1277	1379
1277	1377	1379
1277	1388	1377
1267	1453	1306
1453	1513	1306
1513	1460	1306
1460	1284	1306
1453	1561	1513
1453	1536	1561
1536	1639	1561
1639	1743	1561
1536	1632	1639
1632	1749	1639
1268	1416	1349
1416	1439	1349
1305	1402	1335
1324	1478	1386
1478	1541	1386
1478	1583	1541
1478	1603	1583
1341	1387	1444
1444	1527	1341
1354	1432	1502
1432	1689	1502
1689	1516	1502
1689	1717	1516
1432	1662	1689
1432	1501	1662
1501	1615	1662
1356	1500	1537
1500	1575	1537
1575	1555	1537
1555	1540	1537
1575	1708	1555
1364	1483	1433
1375	1473	1422
1404	1567	1459
1404	1496	1567
1496	1661	1567
1496	1631	1661
1631	1682	1661
1682	1705	1661
1682	1687	1705
1687	1821	1705
1687	1875	1821
1682	1631	1687
1496	1435	1631
1496	1404	1435
1418	1423	1479
1418	1338	1423
1423	1442	1479
1479	1485	1418
1479	1650	1485
1650	1671	1485
1671	1484	1485
1671	1649	1484
1650	1789	1671
1479	1676	1650
1676	1747	1650
1676	1724	1747
1421	1569	1605
1569	1755	1605
1755	1764	1605
1755	1823	1764
1755	1809	1823
1458	1557	1526
1464	1594	1514
1594	1599	1514
1599	1560	1514
1599	1759	1560
1759	1751	1560
1759	1782	1751
1782	1864	1751
1599	1788	1759
1599	1594	1788
1594	1738	1788
1738	1812	1788
1594	1628	1738
1466	1592	1544
1469	1612	1616
1469	1664	1612
1664	1785	1612
1785	1616	1612
1785	1734	1616
1734	1581	1616
1581	1469	1616
1664	1704	1785
1664	1625	1704
1625	1702	1704
1492	1499	1712
1492	1456	1499
1497	1503	1629
1503	1652	1629
1505	1643	1644
1505	1580	1643
1580	1641	1643
1507	1663	1602
1510	1568	1622
1511	1595	1570
1595	1582	1570
1595	1729	1582
1729	1719	1582
1595	1731	1729
1523	1609	1525
1531	1565	1600
1539	1590	1673
1590	1691	1673
1559	1696	1707
1696	1806	1707
1696	1678	1806
1563	1606	1587
1573	1700	1703
1573	1638	1700
1596	1777	1822
1621	1660	1737
1737	1678	1621
1624	1796	1798
1635	1659	1750
1659	1744	1750
1744	2000	1750
2000	1856	1750
2000	2039	1856
1659	1633	1744
1636	1667	1778
1778	1728	1636
1646	1863	1726
1646	1721	1863
1674	1710	1818
1710	1803	1818
1715	1840	1794
1732	1760	1917
1760	1978	1917
1978	1961	1917
1978	2111	1961
2111	2072	1961
1978	2065	2111
2065	2120	2111
2065	2138	2120
2065	2082	2138
2065	1891	2082
1891	1876	2082
1876	1858	2082
1858	1950	2082
1876	1841	1858
1841	1728	1858
1841	1756	1728
1841	1876	1756
1876	1760	1756
1876	1891	1760
1891	1978	1760
1891	2065	1978
1736	1814	1851
1745	1974	1811
1974	2004	1811
1974	1988	2004
1988	2212	2004
2212	2218	2004
2218	2092	2004
2092	1919	2004
2092	2077	1919
2077	2053	1919
2053	1927	1919
2092	2257	2077
2092	2293	2257
2092	2218	2293
2212	2230	2218
1974	1969	1988
1746	1763	1879
1763	1813	1879
1748	1888	1902
1902	1737	1748
1767	1847	1829
1768	1915	1920
1769	1810	1903
1775	1835	1831
1775	1839	1835
1839	1936	1835
1936	1948	1835
1948	1831	1835
1936	2047	1948
2047	2122	1948
2122	2142	1948
2122	2189	2142
2189	2203	2142
2203	2197	2142
2203	2318	2197
2203	2304	2318
2203	2189	2304
1779	1910	1845
1779	1851	1910
1784	1913	1855
1913	2034	1855
1913	2091	2034
1913	2039	2091
2039	2161	2091
2161	2238	2091
2161	2292	2238
1797	1815	1834
1827	1877	1893
1877	1985	1893
1877	1948	1985
1838	1993	1900
1842	1894	1916
1916	1875	1842
1916	1930	1875
1916	2115	1930
1848	1960	1905
1848	1822	1960
1960	2019	1905
1960	2052	2019
1960	2084	2052
1873	1912	2003
1912	1937	2003
2003	2009	1873
1880	1952	2075
1881	1987	2031
1882	1980	1887
1980	1921	1887
1882	2137	1980
1882	1996	2137
1886	1940	1997
1897	1951	1995
1951	1955	1995
1955	2040	1995
1911	1991	1970
1991	2032	1970
1914	1928	1973
1932	1975	2064
1975	2066	2064
2066	2198	2064
2198	2213	2064
2198	2248	2213
2248	2317	2213
2317	2231	2213
2248	2328	2317
2328	2457	2317
2328	2456	2457
2456	2598	2457
2598	2568	2457
2598	2708	2568
2328	2360	2456
2328	2198	2360
2198	2140	2360
2198	2066	2140
2328	2248	2198
2064	1989	1932
1935	2071	2150
2071	2245	2150
2245	2169	2150
2169	2107	2150
2169	2193	2107
2169	2263	2193
2071	2280	2245
2071	2121	2280
2121	2251	2280
2251	2340	2280
2251	2425	2340
2251	2453	2425
2453	2495	2425
2453	2527	2495
2527	2566	2495
2453	2300	2527
2300	2380	2527
2300	2289	2380
1942	2056	2030
2056	2097	2030
2097	2195	2030
2097	2168	2195
2168	2312	2195
2168	2343	2312
2343	2337	2312
2337	2401	2312
2337	2350	2401
2337	2343	2350
2343	2168	2350
2168	2164	2350
1949	2005	2134
1956	2050	2037
1956	2085	2050
2085	2037	2050
2085	2171	2037
2171	2117	2037
2117	2015	2037
2015	1864	2037
1864	1956	2037
2015	1952	1864
2171	2266	2117
2171	2194	2266
2194	2411	2266
2411	2383	2266
2383	2412	2266
2411	2428	2383
2428	2560	2383
2428	2458	2560
2458	2660	2560
2458	2594	2660
2458	2528	2594
2458	2373	2528
2373	2336	2528
2373	2252	2336
2252	2233	2336
2233	2305	2336
2252	2163	2233
2163	2109	2233
2252	2194	2163
2252	2373	2194
2373	2387	2194
2387	2411	2194
2387	2428	2411
2387	2458	2428
2387	2373	2458
2171	2132	2194
2171	2085	2132
1971	2046	2025
1986	2044	1992
2002	2080	2043
2012	2062	2033
2018	2076	2119
2076	2219	2119
2219	2208	2119
2076	2224	2219
2023	2181	2190
2181	2281	2190
2281	2356	2190
2356	2224	2190
2281	2354	2356
2354	2544	2356
2544	2460	2356
2544	2508	2460
2544	2638	2508
2638	2613	2508
2613	2640	2508
2640	2605	2508
2605	2559	2508
2559	2362	2508
2559	2434	2362
2434	2322	2362
2605	2687	2559
2605	2640	2687
2640	2815	2687
2815	2795	2687
2815	2998	2795
2998	2860	2795
2998	2972	2860
2998	3083	2972
2998	3110	3083
3110	3291	3083
3291	3155	3083
3291	3329	3155
3329	3312	3155
3291	3374	3329
3291	3283	3374
3283	3334	3374
3283	3190	3334
3283	3110	3190
3110	3112	3190
3283	3291	3110
2998	2815	3110
2640	2848	2815
2848	3001	2815
2848	2823	3001
2848	2638	2823
2848	2613	2638
2848	2640	2613
2544	2635	2638
2281	2377	2354
2281	2349	2377
2349	2449	2377
2449	2580	2377
2349	2296	2449
2349	2143	2296
2143	2136	2296
2143	2112	2136
2349	2281	2143
2281	2181	2143
2026	2058	2135
2135	2060	2026
2051	2200	2186
2186	2136	2051
2057	2175	2184
2059	2131	2126
2059	2114	2131
2063	2204	2178
2204	2341	2178
2063	2125	2204
2073	2192	2100
2192	2152	2100
2192	2244	2152
2074	2104	2191
2191	2226	2074
2191	2351	2226
2351	2332	2226
2104	2207	2191
2079	2128	2196
2079	1973	2128
2128	2153	2196
2196	2230	2079
2083	2234	2221
2094	2151	2187
2151	2217	2187
2187	2106	2094
2098	2170	2288
2170	2262	2288
2170	2221	2262
2221	2390	2262
2105	2235	2267
2267	2237	2105
2113	2258	2256
2258	2307	2256
2307	2502	2256
2307	2455	2502
2258	2222	2307
2222	2339	2307
2222	2231	2339
2258	2113	2222
2116	2261	2215
2215	2234	2116
2215	2261	2234
2149	2220	2386
2156	2272	2173
2272	2227	2173
2227	2209	2173
2209	2046	2173
2227	2282	2209
2282	2294	2209
2227	2272	2282
2272	2432	2282
2432	2442	2282
2432	2522	2442
2432	2372	2522
2432	2272	2372
2167	2225	2310
2225	2371	2310
2225	2355	2371
2355	2452	2371
2452	2470	2371
2355	2290	2452
2290	2346	2452
2290	2249	2346
2355	2225	2290
2310	2364	2167
2364	2365	2167
2364	2459	2365
2188	2274	2279
2274	2331	2279
2331	2393	2279
2393	2344	2279
2344	2283	2279
2283	2188	2279
2283	2058	2188
2344	2291	2283
2393	2444	2344
2393	2569	2444
2393	2510	2569
2393	2331	2510
2331	2506	2510
2331	2286	2506
2210	2389	2414
2232	2275	2309
2236	2329	2299
2329	2415	2299
2236	2257	2329
2240	2327	2379
2243	2259	2325
2259	2352	2325
2352	2431	2325
2431	2374	2325
2374	2313	2325
2313	2301	2325
2301	2243	2325
2301	2277	2243
2301	2333	2277
2333	2314	2277
2333	2345	2314
2333	2374	2345
2374	2564	2345
2333	2313	2374
2333	2301	2313
2250	2287	2268
2316	2382	2399
2399	2217	2316
2324	2485	2461
2485	2538	2461
2538	2540	2461
2538	2709	2540
2538	2751	2709
2751	2832	2709
2538	2647	2751
2538	2485	2647
2485	2473	2647
2473	2565	2647
2473	2334	2565
2334	2424	2565
2348	2576	2420
2576	2555	2420
2555	2523	2420
2523	2406	2420
2555	2603	2523
2603	2699	2523
2555	2576	2603
2576	2685	2603
2348	2412	2576
2348	2278	2412
2359	2363	2450
2359	2288	2363
2361	2370	2403
2403	2549	2361
2403	2553	2549
2403	2541	2553
2541	2675	2553
2403	2370	2541
2388	2397	2477
2397	2491	2477
2391	2583	2422
2583	2585	2422
2585	2413	2422
2391	2341	2583
2408	2497	2447
2497	2480	2447
2480	2431	2447
2497	2498	2480
2497	2700	2498
2497	2672	2700
2672	2719	2700
2410	2448	2416
2418	2543	2615
2543	2745	2615
2745	2814	2615
2745	2911	2814
2543	2680	2745
2430	2554	2547
2554	2683	2547
2435	2552	2550
2552	2634	2550
2634	2511	2550
2511	2489	2550
2489	2435	2550
2511	2446	2489
2511	2482	2446
2552	2694	2634
2694	2752	2634
2436	2437	2503
2438	2499	2507
2499	2636	2507
2441	2620	2487
2454	2532	2500
2532	2633	2500
2532	2653	2633
2653	2770	2633
2465	2679	2650
2679	2776	2650
2776	2623	2650
2623	2465	2650
2679	2796	2776
2796	2884	2776
2884	2840	2776
2840	2881	2776
2840	2909	2881
2909	3017	2881
3017	2988	2881
2988	2892	2881
2988	3008	2892
3008	2827	2892
3008	2963	2827
2963	2803	2827
2803	2743	2827
2743	2585	2827
2743	2675	2585
3008	3056	2963
3056	3087	2963
3087	3043	2963
3043	2821	2963
3087	3147	3043
3147	3277	3043
3087	3056	3147
3056	3113	3147
3056	3008	3113
3008	2988	3113
2988	3032	3113
3032	3134	3113
3032	3094	3134
3032	3017	3094
3017	2884	3094
3017	2909	2884
2909	2840	2884
3032	2988	3017
2679	2677	2796
2476	2509	2484
2479	2521	2515
2479	2645	2521
2521	2548	2515
2492	2582	2561
2582	2684	2561
2684	2601	2561
2684	2712	2601
2684	2899	2712
2684	2775	2899
2775	2898	2899
2775	2788	2898
2788	2874	2898
2684	2661	2775
2684	2582	2661
2494	2669	2632
2669	2689	2632
2494	2568	2669
2501	2563	2627
2512	2520	2628
2512	2477	2520
2477	2496	2520
2628	2667	2512
2628	2665	2667
2665	2754	2667
2665	2724	2754
2524	2558	2606
2529	2646	2537
2529	2622	2646
2622	2695	2646
2622	2716	2695
2716	2886	2695
2716	2854	2886
2622	2529	2716
2529	2636	2716
2534	2637	2535
2534	2704	2637
2534	2670	2704
2670	2837	2704
2670	2701	2837
2637	2556	2535
2637	2631	2556
2631	2664	2556
2539	2625	2768
2542	2705	2718
2573	2619	2681
2619	2759	2681
2619	2794	2759
2619	2715	2794
2715	2760	2794
2760	2871	2794
2871	2867	2794
2871	3034	2867
2871	3018	3034
3018	3063	3034
3063	3121	3034
3121	3098	3034
3098	3090	3034
3090	2868	3034
3090	3073	2868
3090	3105	3073
3105	3107	3073
3105	3239	3107
3239	3177	3107
3105	3090	3239
3090	3173	3239
3173	3207	3239
3173	3121	3207
3173	3098	3121
3173	3090	3098
3063	3018	3121
3018	3067	3121
3067	3093	3121
3067	3006	3093
3006	3010	3093
3010	3022	3093
3022	3122	3093
3022	3133	3122
3022	2993	3133
2993	3039	3133
3022	3010	2993
3010	2718	2993
3010	3006	2718
3006	2760	2718
2760	2726	2718
2760	2715	2726
3006	2871	2760
3006	3018	2871
3006	3067	3018
2619	2591	2715
2581	2624	2587
2624	2648	2587
2590	2651	2678
2596	2666	2733
2596	2522	2666
2666	2749	2733
2749	2805	2733
2805	2890	2733
2805	2924	2890
2924	2926	2890
2924	2944	2926
2666	2678	2749
2599	2696	2610
2599	2654	2696
2654	2738	2696
2738	2755	2696
2612	2787	2639
2612	2861	2787
2861	2901	2787
2662	2772	2703
2668	2671	2706
2671	2739	2706
2739	2845	2706
2845	2825	2706
2845	2858	2825
2845	3023	2858
3023	3000	2858
3023	3132	3000
3132	3172	3000
3023	3142	3132
3023	3120	3142
2671	2741	2739
2676	2757	2813
2757	2877	2813
2757	2887	2877
2887	2921	2877
2813	2740	2676
2690	2910	2735
2910	2773	2735
2773	2753	2735
2773	2789	2753
2789	2732	2753
2789	2870	2732
2789	2903	2870
2903	3020	2870
2789	2773	2903
2773	2910	2903
2711	2729	2906
2906	2829	2711
2829	2620	2711
2720	2842	2851
2842	2941	2851
2941	2980	2851
2941	2985	2980
2985	3125	2980
2941	2842	2985
2842	2818	2985
2842	2720	2818
2730	2931	2834
2931	2982	2834
2931	3016	2982
2931	3024	3016
3024	3108	3016
2731	2895	2766
2895	2889	2766
2889	2690	2766
2736	2831	2879
2831	2986	2879
2831	2904	2986
2904	3053	2986
3053	3119	2986
2904	3002	3053
2879	2816	2736
2747	2824	2862
2862	2913	2747
2862	2983	2913
2983	3062	2913
2983	3082	3062
3082	3221	3062
3221	3109	3062
3221	3195	3109
3221	3214	3195
3221	3424	3214
3424	3244	3214
3424	3457	3244
3457	3368	3244
3368	3253	3244
3368	3347	3253
3347	3160	3253
3347	3353	3160
3353	3161	3160
3353	3296	3161
3296	3241	3161
3241	3150	3161
3150	2968	3161
3150	2955	2968
3241	3166	3150
3241	3327	3166
3327	3385	3166
3385	3357	3166
3385	3482	3357
3482	3469	3357
3469	3416	3357
3416	3197	3357
3469	3533	3416
3469	3689	3533
3385	3528	3482
3528	3553	3482
3553	3559	3482
3553	3574	3559
3553	3528	3574
3528	3629	3574
3385	3327	3528
3241	3296	3327
3457	3516	3368
3457	3609	3516
3609	3612	3516
3612	3522	3516
3609	3766	3612
3609	3750	3766
3750	3794	3766
3794	3826	3766
3826	3839	3766
3839	3773	3766
3794	3920	3826
3794	3757	3920
3757	3933	3920
3757	3925	3933
3925	3999	3933
3925	3931	3999
3925	3757	3931
3757	3837	3931
3757	3747	3837
3747	3741	3837
3741	3946	3837
3741	3855	3946
3741	3781	3855
3781	3883	3855
3781	3748	3883
3748	3884	3883
3748	3849	3884
3748	3712	3849
3712	3802	3849
3712	3708	3802
3708	3803	3802
3708	3743	3803
3743	3798	3803
3798	3959	3803
3798	4014	3959
3798	3896	4014
3896	3989	4014
3989	4044	4014
4044	4126	4014
4126	4122	4014
4126	4177	4122
4177	4113	4122
3989	4002	4044
4002	4035	4044
4002	3950	4035
3950	4015	4035
4015	4039	4035
4039	4155	4035
4039	4120	4155
4120	4165	4155
4039	4084	4120
4039	4015	4084
3950	3892	4015
3950	3832	3892
3832	3744	3892
3832	3815	3744
3950	3896	3832
3950	3989	3896
3950	4002	3989
3712	3588	3708
3712	3591	3588
3748	3781	3712
3757	3717	3747
3717	3661	3747
3794	3750	3757
3609	3602	3750
2748	2797	2920
2797	2936	2920
2936	3104	2920
2797	2804	2936
2780	2839	2897
2839	2846	2897
2846	2960	2897
2960	3074	2897
3074	2929	2897
2846	2822	2960
2846	2839	2822
2786	2800	2847
2847	2790	2786
2847	2853	2790
2853	2856	2790
2856	2872	2790
2872	2841	2790
2872	2918	2841
2793	2838	2866
2866	2876	2793
2866	2974	2876
2801	2928	2916
2928	3069	2916
3069	2975	2916
3069	3030	2975
2806	2809	3011
2809	2954	3011
3011	3012	2806
3012	2769	2806
3011	3100	3012
3100	3139	3012
3011	3169	3100
3169	3337	3100
3169	3362	3337
3169	3340	3362
2807	2971	2943
2807	2844	2971
2810	2922	2888
2810	2816	2922
2833	2902	2908
2849	3046	3038
3038	3021	2849
2865	3096	3136
3096	3178	3136
3178	3263	3136
3263	3286	3136
3286	3089	3136
3286	3146	3089
3146	3048	3089
3146	3074	3048
3146	3236	3074
3236	3163	3074
3236	3297	3163
3146	3286	3236
3263	3371	3286
3178	3323	3263
3323	3408	3263
3323	3445	3408
3445	3503	3408
3445	3561	3503
3323	3322	3445
2869	2970	2885
2869	2934	2970
2934	3057	2970
3057	3014	2970
3057	3071	3014
3071	3049	3014
3071	3101	3049
3101	3111	3049
3111	3029	3049
3111	2995	3029
3101	3216	3111
3216	3242	3111
3216	3258	3242
2934	2949	3057
2949	3128	3057
2917	2947	3007
2923	3114	2956
3114	3191	2956
3114	3201	3191
3201	3234	3191
3234	3198	3191
3234	3420	3198
3420	3354	3198
3354	3187	3198
3354	3232	3187
3420	3454	3354
3420	3489	3454
3489	3578	3454
3578	3435	3454
3578	3634	3435
3634	3467	3435
3578	3680	3634
3680	3696	3634
3696	3744	3634
3696	3797	3744
3696	3728	3797
3420	3524	3489
3234	3407	3420
2927	3041	2999
2935	2981	3103
3103	2961	2935
3103	3013	2961
3013	2741	2961
2946	3004	3088
3004	3189	3088
3004	3149	3189
3004	3042	3149
2951	3035	3027
2957	3026	3051
3026	3030	3051
3051	3033	2957
2959	3037	3025
3037	3118	3025
3118	3128	3025
3118	3185	3128
3185	3204	3128
3185	3271	3204
3185	3293	3271
3185	3260	3293
3260	3336	3293
3336	3380	3293
3380	3405	3293
3336	3493	3380
3185	3193	3260
3185	3118	3193
3118	3115	3193
3118	3037	3115
2965	2997	3170
2997	3059	3170
3059	3130	3170
3130	3339	3170
3130	3274	3339
3130	3058	3274
3058	3261	3274
3261	3304	3274
3130	3040	3058
3130	3059	3040
3170	3182	2965
3170	3250	3182
3250	3350	3182
3350	3259	3182
3250	3455	3350
2989	3148	3066
3148	3184	3066
3184	3116	3066
3116	3065	3066
3065	2974	3066
2974	2989	3066
3116	3141	3065
3116	3194	3141
3194	3217	3141
3019	3052	3080
3080	3078	3019
3031	3171	3079
3084	3211	3167
3211	3192	3167
3144	3168	3231
3168	3218	3231
3218	3292	3231
3231	3174	3144
3231	3223	3174
3152	3272	3390
3153	3222	3313
3222	3324	3313
3324	3325	3313
3325	3290	3313
3290	3153	3313
3325	3391	3290
3391	3341	3290
3391	3414	3341
3414	3413	3341
3413	3415	3341
3415	3349	3341
3349	3326	3341
3415	3400	3349
3400	3332	3349
3325	3422	3391
3222	3251	3324
3251	3375	3324
3375	3441	3324
3222	3203	3251
3164	3224	3305
3165	3200	3318
3165	3020	3200
3020	3206	3200
3206	3243	3200
3206	3298	3243
3206	3210	3298
3200	3328	3318
3200	3315	3328
3315	3497	3328
3497	3434	3328
3497	3463	3434
3497	3566	3463
3497	3672	3566
3672	3678	3566
3678	3699	3566
3678	3740	3699
3740	3695	3699
3695	3651	3699
3695	3713	3651
3713	3636	3651
3636	3481	3651
3636	3582	3481
3582	3541	3481
3541	3505	3481
3541	3683	3505
3683	3622	3505
3683	3746	3622
3683	3735	3746
3683	3713	3735
3683	3582	3713
3582	3636	3713
3683	3541	3582
3695	3813	3713
3695	3740	3813
3740	3891	3813
3740	3971	3891
3497	3587	3672
3497	3550	3587
3315	3298	3497
3215	3342	3262
3342	3427	3262
3427	3320	3262
3427	3406	3320
3342	3442	3427
3442	3473	3427
3342	3462	3442
3215	3177	3342
3219	3248	3348
3248	3308	3348
3220	3351	3301
3351	3425	3301
3425	3355	3301
3355	3276	3301
3276	3080	3301
3425	3525	3355
3228	3314	3303
3303	3189	3228
3314	3377	3303
3377	3436	3303
3314	3343	3377
3343	3402	3377
3228	3223	3314
3229	3254	3265
3265	3346	3229
3233	3279	3281
3281	3247	3233
3270	3421	3403
3284	3423	3330
3284	3295	3423
3295	3428	3423
3428	3527	3423
3527	3550	3423
3428	3531	3527
3428	3418	3531
3418	3630	3531
3428	3310	3418
3428	3295	3310
3285	3448	3397
3285	3312	3448
3285	3240	3312
3302	3317	3507
3317	3545	3507
3545	3526	3507
3507	3279	3302
3316	3495	3321
3335	3485	3510
3485	3551	3510
3352	3492	3409
3492	3572	3409
3572	3538	3409
3572	3682	3538
3572	3761	3682
3761	3657	3682
3572	3645	3761
3352	3433	3492
3363	3384	3431
3431	3407	3363
3366	3461	3419
3461	3608	3419
3608	3488	3419
3608	3711	3488
3608	3738	3711
3738	3768	3711
3768	3692	3711
3692	3600	3711
3692	3733	3600
3733	3579	3600
3692	3874	3733
3874	3875	3733
3875	3770	3733
3875	3887	3770
3874	3916	3875
3461	3617	3608
3617	3618	3608
3617	3736	3618
3617	3669	3736
3669	3756	3736
3756	3844	3736
3756	3780	3844
3780	3791	3844
3780	3714	3791
3714	3806	3791
3806	3926	3791
3806	3845	3926
3845	4006	3926
3714	3649	3806
3649	3698	3806
3649	3685	3698
3685	3810	3698
3685	3590	3810
3590	3821	3810
3590	3753	3821
3590	3607	3753
3590	3534	3607
3534	3547	3607
3547	3603	3607
3547	3395	3603
3547	3534	3395
3780	3756	3714
3756	3700	3714
3756	3669	3700
3669	3573	3700
3669	3511	3573
3511	3404	3573
3511	3452	3404
3511	3410	3452
3511	3461	3410
3511	3617	3461
3511	3669	3617
3370	3535	3382
3370	3519	3535
3519	3741	3535
3394	3443	3484
3484	3362	3394
3399	3479	3429
3444	3611	3568
3450	3478	3515
3478	3577	3515
3450	3346	3478
3346	3412	3478
3451	3474	3520
3459	3475	3537
3460	3494	3555
3555	3546	3460
3494	3517	3555
3517	3604	3555
3483	3562	3628
3628	3514	3483
3628	3687	3514
3628	3805	3687
3628	3709	3805
3628	3562	3709
3501	3575	3703
3575	3616	3703
3616	3702	3703
3702	3801	3703
3801	3742	3703
3742	3729	3703
3742	3771	3729
3771	3705	3729
3742	3868	3771
3868	3901	3771
3742	3801	3868
3801	3881	3868
3801	3800	3881
3800	3853	3881
3853	3984	3881
3853	3987	3984
3853	3864	3987
3864	4009	3987
3864	3935	4009
3935	3969	4009
3969	4023	4009
3969	4111	4023
3969	4001	4111
3969	3861	4001
3861	3943	4001
3943	3928	4001
3969	3935	3861
3853	3763	3864
3853	3792	3763
3792	3667	3763
3667	3654	3763
3654	3595	3763
3595	3663	3763
3663	3775	3763
3663	3655	3775
3667	3616	3654
3667	3702	3616
3667	3800	3702
3800	3801	3702
3667	3792	3800
3792	3853	3800
3575	3515	3616
3512	3596	3558
3596	3646	3558
3646	3569	3558
3596	3619	3646
3619	3688	3646
3619	3598	3688
3598	3701	3688
3619	3521	3598
3619	3596	3521
3513	3529	3542
3530	3632	3571
3632	3637	3571
3637	3664	3571
3664	3666	3571
3664	3725	3666
3725	3730	3666
3730	3754	3666
3754	3647	3666
3647	3601	3666
3754	3752	3647
3754	3878	3752
3878	3876	3752
3876	3731	3752
3876	3859	3731
3859	3795	3731
3795	3707	3731
3707	3625	3731
3707	3626	3625
3707	3706	3626
3876	4010	3859
3876	4008	4010
4008	4077	4010
4077	4055	4010
4055	3968	4010
4055	4005	3968
4055	4137	4005
4137	4030	4005
4030	3966	4005
4030	4088	3966
4030	4137	4088
4137	4198	4088
4198	4246	4088
4246	4121	4088
4121	4083	4088
4246	4241	4121
4241	4218	4121
4246	4300	4241
4246	4277	4300
4277	4332	4300
4332	4369	4300
4332	4350	4369
4350	4398	4369
4350	4400	4398
4400	4491	4398
4491	4471	4398
4491	4564	4471
4564	4580	4471
4564	4641	4580
4641	4682	4580
4682	4572	4580
4572	4554	4580
4554	4506	4580
4554	4572	4506
4572	4587	4506
4587	4462	4506
4462	4447	4506
4447	4397	4506
4572	4625	4587
4625	4618	4587
4618	4583	4587
4618	4634	4583
4634	4522	4583
4522	4484	4583
4522	4436	4484
4436	4348	4484
4436	4243	4348
4436	4366	4243
4436	4504	4366
4436	4522	4504
4634	4639	4522
4634	4688	4639
4688	4691	4639
4688	4753	4691
4753	4764	4691
4764	4686	4691
4686	4561	4691
4686	4589	4561
4589	4493	4561
4493	4504	4561
4686	4678	4589
4686	4777	4678
4777	4721	4678
4721	4687	4678
4687	4637	4678
4637	4628	4678
4687	4653	4637
4653	4562	4637
4653	4576	4562
4576	4523	4562
4523	4499	4562
4576	4558	4523
4558	4529	4523
4576	4655	4558
4576	4744	4655
4744	4719	4655
4744	4778	4719
4778	4828	4719
4828	4742	4719
4742	4671	4719
4742	4695	4671
4695	4638	4671
4778	4889	4828
4889	4896	4828
4889	4938	4896
4938	4967	4896
4938	4966	4967
4966	4991	4967
4966	5007	4991
5007	5068	4991
4966	4936	5007
4936	5016	5007
5016	5024	5007
5024	5089	5007
5024	5076	5089
5076	5093	5089
5093	5122	5089
5122	5128	5089
5128	5120	5089
5120	5114	5089
5120	5138	5114
5138	5110	5114
5110	5068	5114
5110	5108	5068
5108	5054	5068
5108	5119	5054
5108	5110	5119
5110	5138	5119
5138	5133	5119
5138	5148	5133
5148	5142	5133
5148	5145	5142
5145	5149	5142
5149	5134	5142
5134	5106	5142
5106	5084	5142
5106	5092	5084
5092	5060	5084
5060	5047	5084
5047	5054	5084
5047	5027	5054
5027	4987	5054
4987	5005	5054
4987	4968	5005
4968	4995	5005
4968	4961	4995
4968	4932	4961
4932	4830	4961
4932	4790	4830
4968	4963	4932
4968	4987	4963
4987	4970	4963
4970	4888	4963
4888	4837	4963
4888	4881	4837
4881	4805	4837
4805	4736	4837
4736	4718	4837
4718	4790	4837
4718	4731	4790
4736	4568	4718
4881	4754	4805
4888	4970	4881
4970	4930	4881
4970	5029	4930
5029	5026	4930
5026	4933	4930
4933	4859	4930
4933	4890	4859
4890	4867	4859
4867	4840	4859
4840	4693	4859
4693	4726	4859
4726	4754	4859
4840	4818	4693
4840	4869	4818
4869	4820	4818
4869	4886	4820
4886	4796	4820
4886	4833	4796
4886	4857	4833
4857	4831	4833
4831	4792	4833
4831	4752	4792
4831	4776	4752
4776	4767	4752
4776	4787	4767
4787	4704	4767
4704	4579	4767
4704	4681	4579
4681	4545	4579
4545	4485	4579
4485	4429	4579
4429	4531	4579
4531	4556	4579
4531	4500	4556
4531	4431	4500
4431	4404	4500
4404	4453	4500
4404	4346	4453
4346	4330	4453
4346	4301	4330
4301	4336	4330
4301	4328	4336
4328	4448	4336
4448	4544	4336
4301	4196	4328
4196	4140	4328
4196	3979	4140
3979	3971	4140
4196	4115	3979
4196	4346	4115
4346	4191	4115
4196	4301	4346
4531	4429	4431
4485	4374	4429
4374	4358	4429
4681	4626	4545
4626	4601	4545
4601	4459	4545
4459	4430	4545
4459	4281	4430
4281	4298	4430
4459	4407	4281
4459	4570	4407
4570	4454	4407
4454	4406	4407
4570	4617	4454
4570	4642	4617
4642	4745	4617
4642	4755	4745
4755	4770	4745
4755	4791	4770
4755	4760	4791
4760	4741	4791
4741	4809	4791
4809	4864	4791
4809	4839	4864
4839	4885	4864
4885	4910	4864
4910	4894	4864
4910	4922	4894
4922	4946	4894
4946	4955	4894
4955	4853	4894
4853	4866	4894
4866	4770	4894
4866	4855	4770
4866	4853	4855
4955	4826	4853
4826	4825	4853
4825	4677	4853
4825	4701	4677
4701	4665	4677
4665	4646	4677
4665	4578	4646
4578	4624	4646
4578	4494	4624
4494	4507	4624
4578	4473	4494
4578	4460	4473
4460	4362	4473
4362	4377	4473
4362	4283	4377
4283	4261	4377
4261	4417	4377
4362	4268	4283
4362	4364	4268
4362	4460	4364
4578	4540	4460
4578	4665	4540
4665	4701	4540
4825	4806	4701
4825	4826	4806
4826	4844	4806
4844	4795	4806
4844	4875	4795
4826	4955	4844
4946	5002	4955
5002	5008	4955
5002	5035	5008
5035	5077	5008
5077	5037	5008
5077	5094	5037
5094	5086	5037
5086	5050	5037
5050	4978	5037
4978	4942	5037
4942	4943	5037
4942	4904	4943
4904	4875	4943
4942	4978	4904
4978	4887	4904
4887	4824	4904
4887	4847	4824
4847	4748	4824
4748	4749	4824
4748	4712	4749
4887	4856	4847
4887	4926	4856
4926	4919	4856
4919	4822	4856
4822	4816	4856
4822	4812	4816
4822	4874	4812
4822	4919	4874
4919	4928	4874
4928	4854	4874
4928	4917	4854
4917	4798	4854
4798	4773	4854
4773	4715	4854
4773	4694	4715
4694	4614	4715
4614	4527	4715
4694	4672	4614
4694	4729	4672
4729	4676	4672
4676	4603	4672
4729	4711	4676
4729	4802	4711
4729	4773	4802
4773	4798	4802
4798	4907	4802
4907	4878	4802
4907	4939	4878
4939	4921	4878
4939	4985	4921
4985	4915	4921
4915	4900	4921
4900	4880	4921
4900	4897	4880
4897	4834	4880
4897	4877	4834
4877	4794	4834
4794	4723	4834
4794	4799	4723
4799	4706	4723
4706	4608	4723
4706	4605	4608
4605	4536	4608
4536	4525	4608
4525	4616	4608
4525	4510	4616
4510	4489	4616
4525	4479	4510
4479	4445	4510
4445	4368	4510
4445	4291	4368
4291	4132	4368
4132	4194	4368
4132	4071	4194
4291	4144	4132
4445	4299	4291
4299	4233	4291
4299	4227	4233
4479	4478	4445
4479	4536	4478
4536	4517	4478
4536	4605	4517
4605	4650	4517
4650	4600	4517
4600	4582	4517
4582	4511	4517
4511	4425	4517
4511	4495	4425
4495	4481	4425
4481	4331	4425
4495	4524	4481
4524	4470	4481
4524	4621	4470
4621	4591	4470
4591	4518	4470
4518	4422	4470
4422	4394	4470
4518	4483	4422
4518	4573	4483
4573	4501	4483
4501	4415	4483
4573	4585	4501
4585	4514	4501
4585	4644	4514
4644	4630	4514
4630	4521	4514
4630	4542	4521
4542	4419	4521
4419	4378	4521
4542	4418	4419
4418	4403	4419
4418	4312	4403
4418	4337	4312
4337	4252	4312
4252	4236	4312
4236	4266	4312
4236	4156	4266
4156	4183	4266
4183	4335	4266
4236	4131	4156
4236	4206	4131
4206	4133	4131
4236	4252	4206
4337	4280	4252
4280	4264	4252
4280	4355	4264
4355	4319	4264
4319	4325	4264
4325	4193	4264
4325	4338	4193
4325	4416	4338
4416	4446	4338
4446	4411	4338
4411	4365	4338
4365	4285	4338
4285	4211	4338
4365	4314	4285
4314	4295	4285
4314	4323	4295
4323	4253	4295
4253	4205	4295
4253	4188	4205
4188	4145	4205
4145	4211	4205
4145	4164	4211
4145	4108	4164
4108	4066	4164
4066	4067	4164
4066	3961	4067
3961	3917	4067
3961	3913	3917
3913	3894	3917
3894	3893	3917
3894	3812	3893
3812	3873	3893
3812	3808	3873
3812	3727	3808
3727	3765	3808
3812	3769	3727
3812	3894	3769
3894	3784	3769
3784	3726	3769
3784	3691	3726
3894	3913	3784
3913	3833	3784
3913	3961	3833
3961	3938	3833
3938	3843	3833
3938	3824	3843
3938	3957	3824
3957	3918	3824
3918	3882	3824
3918	3919	3882
3919	3958	3882
3958	3820	3882
3820	3779	3882
3820	3785	3779
3918	3986	3919
3918	3957	3986
3957	4004	3986
4004	4040	3986
4040	4095	3986
4040	4188	4095
4188	4216	4095
4216	4223	4095
4223	4201	4095
4201	4089	4095
4201	4163	4089
4163	4048	4089
4163	4134	4048
4134	4020	4048
4020	3972	4048
4163	4195	4134
4163	4201	4195
4201	4289	4195
4201	4310	4289
4310	4380	4289
4380	4311	4289
4311	4204	4289
4311	4286	4204
4286	4215	4204
4215	4159	4204
4215	4152	4159
4152	4097	4159
4097	4073	4159
4073	4090	4159
4073	4026	4090
4026	3982	4090
4026	3909	3982
3909	3899	3982
3899	3872	3982
3872	3905	3982
3905	4020	3982
3872	3834	3905
3834	3785	3905
3834	3778	3785
3834	3719	3778
3834	3842	3719
3834	3872	3842
3872	3899	3842
4026	3960	3909
3960	3877	3909
3960	3878	3877
3878	3754	3877
3754	3818	3877
3754	3730	3818
3960	4025	3878
4025	4008	3878
4008	3876	3878
4025	4077	4008
4025	4125	4077
4125	4158	4077
4158	4161	4077
4161	4114	4077
4114	4055	4077
4114	4137	4055
4114	4220	4137
4220	4198	4137
4220	4237	4198
4237	4246	4198
4237	4277	4246
4237	4332	4277
4237	4350	4332
4237	4220	4350
4220	4360	4350
4360	4400	4350
4360	4390	4400
4390	4426	4400
4426	4486	4400
4486	4491	4400
4486	4516	4491
4516	4552	4491
4552	4564	4491
4552	4619	4564
4619	4641	4564
4619	4643	4641
4643	4682	4641
4643	4690	4682
4690	4707	4682
4707	4713	4682
4713	4679	4682
4679	4625	4682
4625	4572	4682
4679	4618	4625
4679	4634	4618
4679	4699	4634
4699	4737	4634
4737	4688	4634
4737	4753	4688
4737	4779	4753
4779	4813	4753
4813	4764	4753
4779	4808	4813
4808	4814	4813
4814	4898	4813
4814	4838	4898
4838	4870	4898
4838	4801	4870
4801	4846	4870
4846	4895	4870
4895	4923	4870
4923	4980	4870
4923	5000	4980
5000	4988	4980
4988	4950	4980
4950	4929	4980
4929	4898	4980
4929	4908	4898
4908	4811	4898
4908	4879	4811
4879	4883	4811
4883	4842	4811
4842	4777	4811
4777	4764	4811
4777	4686	4764
4842	4721	4777
4842	4858	4721
4858	4804	4721
4804	4687	4721
4804	4698	4687
4698	4653	4687
4698	4744	4653
4744	4576	4653
4698	4758	4744
4758	4778	4744
4758	4936	4778
4936	4889	4778
4936	4938	4889
4936	4966	4938
4758	4911	4936
4911	4960	4936
4960	5016	4936
4960	5022	5016
5022	5024	5016
5022	5076	5024
5022	5036	5076
5036	5045	5076
5045	5064	5076
5064	5093	5076
5064	5081	5093
5064	5051	5081
5051	5082	5081
5082	5103	5081
5103	5117	5081
5103	5112	5117
5112	5123	5117
5123	5126	5117
5126	5093	5117
5126	5122	5093
5126	5135	5122
5135	5144	5122
5144	5128	5122
5144	5120	5128
5144	5152	5120
5152	5138	5120
5152	5148	5138
5152	5157	5148
5157	5156	5148
5156	5154	5148
5154	5145	5148
5154	5155	5145
5155	5147	5145
5147	5149	5145
5147	5150	5149
5150	5143	5149
5143	5136	5149
5136	5134	5149
5136	5125	5134
5125	5101	5134
5101	5115	5134
5115	5106	5134
5115	5092	5106
5115	5101	5092
5101	5071	5092
5071	5060	5092
5071	5049	5060
5049	5029	5060
5029	5047	5060
5029	5027	5047
5029	4970	5027
4970	4987	5027
5049	5026	5029
5049	5069	5026
5069	5079	5026
5079	4999	5026
4999	4972	5026
4972	4933	5026
4972	4965	4933
4965	4890	4933
4965	4867	4890
4965	4869	4867
4869	4840	4867
4965	4916	4869
4916	4886	4869
4916	4924	4886
4924	4857	4886
4924	4849	4857
4849	4831	4857
4849	4776	4831
4849	4836	4776
4836	4787	4776
4836	4848	4787
4848	4839	4787
4839	4746	4787
4746	4704	4787
4746	4681	4704
4746	4626	4681
4746	4720	4626
4720	4601	4626
4720	4570	4601
4570	4459	4601
4720	4642	4570
4720	4741	4642
4741	4760	4642
4760	4755	4642
4720	4746	4741
4746	4809	4741
4746	4839	4809
4848	4885	4839
4848	4892	4885
4892	4935	4885
4935	4910	4885
4935	4922	4910
4935	4946	4922
4935	4974	4946
4974	4979	4946
4979	5001	4946
5001	5002	4946
5001	5043	5002
5043	5035	5002
5043	5078	5035
5078	5077	5035
5078	5091	5077
5091	5094	5077
5091	5131	5094
5131	5129	5094
5129	5116	5094
5116	5086	5094
5116	5070	5086
5070	5050	5086
5070	5044	5050
5044	5010	5050
5010	4978	5050
5010	4926	4978
4926	4887	4978
5010	4919	4926
5010	4989	4919
4989	4928	4919
4989	5023	4928
5023	4917	4928
5023	4984	4917
4984	4907	4917
4907	4798	4917
4984	4939	4907
4984	4996	4939
4996	4985	4939
4996	5033	4985
5033	5017	4985
5017	4958	4985
4958	4915	4985
4958	4897	4915
4897	4900	4915
4958	4877	4897
4958	4906	4877
4906	4845	4877
4845	4794	4877
4845	4799	4794
4845	4893	4799
4893	4876	4799
4876	4843	4799
4843	4793	4799
4793	4775	4799
4775	4766	4799
4766	4706	4799
4766	4650	4706
4650	4605	4706
4766	4666	4650
4666	4600	4650
4666	4627	4600
4627	4582	4600
4627	4586	4582
4586	4495	4582
4495	4511	4582
4586	4524	4495
4586	4621	4524
4586	4654	4621
4654	4738	4621
4738	4692	4621
4692	4591	4621
4692	4613	4591
4613	4599	4591
4599	4518	4591
4599	4573	4518
4599	4612	4573
4612	4640	4573
4640	4585	4573
4640	4644	4585
4640	4689	4644
4689	4757	4644
4757	4734	4644
4734	4630	4644
4734	4685	4630
4685	4635	4630
4635	4622	4630
4622	4542	4630
4622	4548	4542
4548	4418	4542
4548	4424	4418
4424	4337	4418
4424	4355	4337
4355	4280	4337
4424	4416	4355
4416	4319	4355
4416	4325	4319
4424	4466	4416
4466	4446	4416
4466	4515	4446
4515	4411	4446
4466	4593	4515
4593	4610	4515
4610	4577	4515
4577	4571	4515
4577	4633	4571
4633	4631	4571
4631	4581	4571
4581	4535	4571
4535	4513	4571
4535	4482	4513
4482	4468	4513
4468	4433	4513
4468	4392	4433
4392	4353	4433
4353	4411	4433
4353	4365	4411
4353	4314	4365
4353	4323	4314
4353	4392	4323
4392	4315	4323
4315	4253	4323
4315	4223	4253
4223	4216	4253
4216	4188	4253
4315	4231	4223
4231	4201	4223
4231	4310	4201
4231	4315	4310
4315	4371	4310
4371	4393	4310
4393	4380	4310
4393	4410	4380
4410	4438	4380
4438	4382	4380
4382	4311	4380
4382	4286	4311
4382	4327	4286
4327	4258	4286
4258	4215	4286
4258	4152	4215
4258	4147	4152
4147	4125	4152
4125	4097	4152
4125	4025	4097
4025	4073	4097
4025	3960	4073
3960	4036	4073
4036	4026	4073
4036	3960	4026
4147	4158	4125
4147	4258	4158
4258	4226	4158
4226	4161	4158
4226	4178	4161
4178	4114	4161
4178	4220	4114
4178	4226	4220
4226	4242	4220
4242	4317	4220
4317	4360	4220
4317	4390	4360
4317	4384	4390
4384	4428	4390
4428	4426	4390
4428	4498	4426
4498	4486	4426
4498	4526	4486
4526	4528	4486
4528	4516	4486
4528	4552	4516
4528	4553	4552
4553	4623	4552
4623	4619	4552
4623	4690	4619
4690	4643	4619
4623	4651	4690
4651	4717	4690
4717	4780	4690
4780	4707	4690
4717	4733	4780
4733	4797	4780
4797	4823	4780
4823	4810	4780
4810	4821	4780
4810	4832	4821
4832	4895	4821
4895	4846	4821
4846	4768	4821
4846	4801	4768
4801	4737	4768
4737	4699	4768
4699	4713	4768
4713	4707	4768
4699	4679	4713
4801	4779	4737
4801	4808	4779
4801	4838	4808
4838	4814	4808
4832	4913	4895
4913	4923	4895
4913	4920	4923
4920	5000	4923
4920	4973	5000
4973	4997	5000
4997	5025	5000
5025	4988	5000
5025	5028	4988
5028	4950	4988
5028	5019	4950
5028	5034	5019
5034	5051	5019
5051	5038	5019
5038	5039	5019
5039	4953	5019
5039	4969	4953
4969	4909	4953
4909	4908	4953
4908	4950	4953
4908	4929	4950
4909	4879	4908
4909	4883	4879
4909	4861	4883
4861	4842	4883
4861	4858	4842
4861	4969	4858
4969	4940	4858
4940	4852	4858
4852	4804	4858
4852	4743	4804
4743	4698	4804
4743	4758	4698
4743	4911	4758
4743	4852	4911
4852	4947	4911
4947	4960	4911
4947	5022	4960
4947	4990	5022
4990	5036	5022
4990	5045	5036
4990	4969	5045
4969	5039	5045
5039	5064	5045
5039	5038	5064
5038	5051	5064
4990	4940	4969
4990	4947	4940
4947	4852	4940
4861	4909	4969
5028	5025	5034
5025	5031	5034
5025	5003	5031
5003	5030	5031
5030	5056	5031
5030	5041	5056
5041	5032	5056
5032	5074	5056
5074	5085	5056
5085	5096	5056
5096	5082	5056
5096	5103	5082
5096	5112	5103
5096	5109	5112
5109	5123	5112
5109	5121	5123
5121	5139	5123
5139	5135	5123
5135	5126	5123
5139	5144	5135
5139	5151	5144
5151	5157	5144
5157	5152	5144
5151	5153	5157
5153	5156	5157
5153	5146	5156
5146	5155	5156
5155	5154	5156
5146	5147	5155
5146	5141	5147
5141	5150	5147
5141	5129	5150
5129	5143	5150
5129	5131	5143
5131	5136	5143
5131	5125	5136
5146	5127	5141
5146	5124	5127
5146	5140	5124
5140	5132	5124
5132	5107	5124
5107	5099	5124
5107	5100	5099
5100	5083	5099
5083	5052	5099
5052	5062	5099
5062	5065	5099
5062	5033	5065
5033	5072	5065
5072	5098	5065
5072	5073	5098
5072	5046	5073
5046	5059	5073
5059	5088	5073
5059	5058	5088
5058	5105	5088
5058	5070	5105
5070	5116	5105
5058	5055	5070
5055	5044	5070
5055	5009	5044
5009	5010	5044
5009	4989	5010
5009	5058	4989
5058	5023	4989
5058	5059	5023
5059	4984	5023
5059	5046	4984
5046	4996	4984
5046	5033	4996
5046	5072	5033
5009	5055	5058
5062	5017	5033
5062	5052	5017
5052	5014	5017
5014	4958	5017
5014	4981	4958
4981	4906	4958
4981	4918	4906
4918	4845	4906
4918	4893	4845
4918	4962	4893
4962	4925	4893
4925	4891	4893
4891	4876	4893
4891	4862	4876
4862	4843	4876
4862	4827	4843
4827	4761	4843
4761	4793	4843
4761	4666	4793
4666	4775	4793
4666	4766	4775
4761	4668	4666
4668	4627	4666
4668	4654	4627
4654	4586	4627
4668	4697	4654
4697	4738	4654
4697	4759	4738
4759	4789	4738
4789	4740	4738
4740	4692	4738
4740	4739	4692
4739	4684	4692
4684	4640	4692
4640	4612	4692
4612	4613	4692
4612	4599	4613
4684	4689	4640
4684	4739	4689
4739	4769	4689
4769	4785	4689
4785	4757	4689
4785	4819	4757
4819	4774	4757
4774	4734	4757
4774	4751	4734
4751	4685	4734
4751	4772	4685
4772	4661	4685
4661	4635	4685
4661	4622	4635
4661	4607	4622
4607	4559	4622
4559	4548	4622
4559	4424	4548
4607	4593	4559
4607	4610	4593
4607	4667	4610
4667	4656	4610
4656	4658	4610
4658	4577	4610
4658	4633	4577
4658	4680	4633
4680	4659	4633
4659	4631	4633
4659	4602	4631
4602	4581	4631
4602	4547	4581
4547	4535	4581
4547	4482	4535
4547	4530	4482
4530	4444	4482
4444	4409	4482
4409	4468	4482
4409	4392	4468
4409	4371	4392
4371	4315	4392
4409	4393	4371
4409	4410	4393
4409	4444	4410
4444	4438	4410
4444	4546	4438
4444	4530	4546
4530	4569	4546
4569	4597	4546
4597	4497	4546
4597	4550	4497
4550	4498	4497
4498	4428	4497
4428	4401	4497
4428	4384	4401
4384	4327	4401
4327	4382	4401
4384	4273	4327
4273	4258	4327
4273	4226	4258
4273	4242	4226
4273	4317	4242
4273	4384	4317
4550	4526	4498
4550	4553	4526
4553	4528	4526
4550	4597	4553
4597	4629	4553
4629	4623	4553
4629	4651	4623
4629	4673	4651
4673	4710	4651
4710	4717	4651
4710	4733	4717
4710	4670	4733
4710	4652	4670
4652	4662	4670
4662	4730	4670
4662	4659	4730
4659	4680	4730
4680	4732	4730
4732	4756	4730
4756	4800	4730
4756	4803	4800
4803	4829	4800
4829	4797	4800
4829	4817	4797
4817	4823	4797
4817	4832	4823
4832	4810	4823
4817	4872	4832
4872	4913	4832
4872	4905	4913
4905	4920	4913
4905	4901	4920
4901	4959	4920
4959	4973	4920
4959	4949	4973
4949	4993	4973
4993	4997	4973
4993	5003	4997
5003	5025	4997
4993	5018	5003
5018	5030	5003
5018	5041	5030
5018	5032	5041
5018	5012	5032
5012	5004	5032
5012	4994	5004
4994	4976	5004
4976	4964	5004
4964	5013	5004
5013	5074	5004
5013	5075	5074
5075	5085	5074
5075	5090	5085
5090	5111	5085
5111	5109	5085
5109	5096	5085
5111	5121	5109
5111	5113	5121
5113	5137	5121
5137	5139	5121
5137	5151	5139
5137	5132	5151
5132	5153	5151
5132	5140	5153
5140	5146	5153
5137	5130	5132
5130	5100	5132
5100	5107	5132
5130	5097	5100
5097	5083	5100
5097	5087	5083
5087	5061	5083
5061	5052	5083
5061	5014	5052
5061	4981	5014
5061	5021	4981
5021	4982	4981
4982	4918	4981
4982	4962	4918
4982	5006	4962
5006	4998	4962
4998	4977	4962
4977	4925	4962
4977	4937	4925
4937	4899	4925
4899	4863	4925
4863	4891	4925
4863	4827	4891
4827	4862	4891
4863	4815	4827
4815	4761	4827
4815	4727	4761
4727	4668	4761
4727	4697	4668
4727	4759	4697
4727	4815	4759
4815	4789	4759
4815	4863	4789
4863	4841	4789
4841	4740	4789
4841	4850	4740
4850	4784	4740
4784	4739	4740
4784	4769	4739
4784	4851	4769
4851	4785	4769
4851	4860	4785
4860	4819	4785
4860	4884	4819
4884	4835	4819
4835	4788	4819
4788	4774	4819
4788	4751	4774
4788	4772	4751
4788	4835	4772
4835	4762	4772
4762	4709	4772
4709	4661	4772
4709	4667	4661
4667	4607	4661
4709	4656	4667
4709	4702	4656
4702	4658	4656
4702	4680	4658
4702	4732	4680
4702	4765	4732
4765	4756	4732
4765	4781	4756
4781	4803	4756
4781	4807	4803
4807	4829	4803
4807	4882	4829
4882	4868	4829
4868	4817	4829
4868	4871	4817
4871	4872	4817
4871	4905	4872
4871	4901	4905
4871	4868	4901
4868	4902	4901
4902	4959	4901
4902	4949	4959
4902	4882	4949
4882	4931	4949
4931	4948	4949
4948	4993	4949
4948	4986	4993
4986	5018	4993
4986	4975	5018
4975	4994	5018
4994	5012	5018
4975	4952	4994
4952	4976	4994
4952	4957	4976
4957	4964	4976
4957	4914	4964
4914	4937	4964
4937	4977	4964
4977	5013	4964
4977	4998	5013
4998	5048	5013
5048	5075	5013
5048	5090	5075
5048	5087	5090
5087	5113	5090
5113	5111	5090
5087	5118	5113
5118	5137	5113
5118	5130	5137
5118	5097	5130
5118	5087	5097
5048	5021	5087
5021	5061	5087
5048	5006	5021
5006	4982	5021
5048	4998	5006
4914	4899	4937
4914	4841	4899
4841	4863	4899
4914	4865	4841
4865	4850	4841
4865	4957	4850
4957	4912	4850
4912	4873	4850
4873	4851	4850
4851	4784	4850
4873	4860	4851
4873	4884	4860
4873	4903	4884
4903	4934	4884
4934	4941	4884
4941	4927	4884
4927	4835	4884
4927	4931	4835
4931	4882	4835
4882	4807	4835
4807	4781	4835
4781	4762	4835
4781	4765	4762
4765	4709	4762
4765	4702	4709
4927	4956	4931
4956	4948	4931
4956	4986	4948
4956	4971	4986
4971	4975	4986
4971	4941	4975
4941	4952	4975
4941	4934	4952
4934	4912	4952
4912	4957	4952
4934	4903	4912
4903	4873	4912
4971	4956	4941
4956	4927	4941
4865	4914	4957
4902	4868	4882
4662	4602	4659
4662	4569	4602
4569	4547	4602
4569	4530	4547
4662	4652	4569
4652	4597	4569
4652	4673	4597
4673	4629	4597
4652	4710	4673
5043	5063	5078
5063	5095	5078
5063	5067	5095
5067	5080	5095
5080	5104	5095
5080	5079	5104
5079	5102	5104
5102	5125	5104
5102	5101	5125
5102	5069	5101
5069	5071	5101
5069	5049	5071
5102	5079	5069
5080	5066	5079
5066	4999	5079
5066	5020	4999
5020	4992	4999
4992	4916	4999
4916	4965	4999
4965	4972	4999
4992	4983	4916
4983	4924	4916
4983	4954	4924
4954	4945	4924
4945	4849	4924
4945	4892	4849
4892	4848	4849
4848	4836	4849
4945	4951	4892
4951	4944	4892
4944	4935	4892
4944	4974	4935
4944	4951	4974
4951	5011	4974
5011	4979	4974
5011	5001	4979
5011	5040	5001
5040	5053	5001
5053	5057	5001
5057	5063	5001
5063	5043	5001
5057	5067	5063
5057	5053	5067
5053	5042	5067
5042	5080	5067
5042	5066	5080
5042	5020	5066
5042	4983	5020
4983	4992	5020
5042	4954	4983
5042	5011	4954
5011	4945	4954
5011	4951	4945
5042	5040	5011
5042	5053	5040
4040	4108	4188
4108	4145	4188
4040	4004	4108
4004	3955	4108
3955	4066	4108
3955	3961	4066
3955	3938	3961
3955	3957	3938
3955	4004	3957
4479	4525	4536
4729	4694	4773
3725	3842	3730
3637	3632	3664
3632	3719	3664
3552	3662	3723
3662	3819	3723
3662	3823	3819
3560	3693	3593
3593	3525	3560
3593	3606	3525
3567	3656	3640
3640	3639	3567
3640	3658	3639
3581	3650	3583
3583	3436	3581
3650	3701	3583
3624	3774	3674
3774	3811	3674
3627	3635	3653
3653	3642	3627
3642	3561	3627
3648	3758	3732
3648	3705	3758
3652	3659	3789
3659	3715	3789
3715	3796	3789
3715	3782	3796
3665	3841	3764
3668	3716	3759
3759	3807	3668
3759	3897	3807
3897	3869	3807
3869	3858	3807
3869	4021	3858
4021	3947	3858
3869	4028	4021
3869	3897	4028
3759	3847	3897
3759	3760	3847
3759	3716	3760
3671	3681	3721
3681	3773	3721
3676	3851	3831
3851	4011	3831
3677	3825	3751
3825	3932	3751
3932	3867	3751
3932	3939	3867
3939	3941	3867
3941	3749	3867
3941	3838	3749
3838	3672	3749
3838	3762	3672
3838	3827	3762
3690	3720	3799
3720	3772	3799
3704	3788	3783
3788	3898	3783
3898	3863	3783
3898	3912	3863
3912	3978	3863
3912	4064	3978
3912	4056	4064
4056	4136	4064
4056	4112	4136
3783	3656	3704
3790	3985	3857
3814	3886	3856
3856	3823	3814
3816	3852	3848
3852	4046	3848
4046	3847	3848
3852	4082	4046
4082	4166	4046
4082	4186	4166
3829	3903	3973
3830	3954	3922
3954	4101	3922
3954	4181	4101
4181	4229	4101
3830	3860	3954
3836	3846	3934
3934	3865	3836
3934	3998	3865
3998	3990	3865
3990	3880	3865
3990	4000	3880
4000	4032	3880
3934	3977	3998
3977	4071	3998
3977	4027	4071
3977	3962	4027
3977	3846	3962
3846	3904	3962
3977	3934	3846
3862	3936	3949
3889	3929	3911
3929	4038	3911
3890	3975	3952
3952	3930	3890
3890	3948	3975
3902	3945	3964
3945	4148	3964
3945	4176	4148
3945	4171	4176
4171	4316	4176
4316	4412	4176
3964	3805	3902
3906	4042	3921
3914	4029	3988
3988	3928	3914
4029	4041	3988
3923	3974	3924
3937	4017	4052
3944	3997	3981
3956	4075	4078
3970	4024	4062
3983	4007	4080
3983	3844	4007
4007	4119	4080
4119	4123	4080
4119	4200	4123
4007	4034	4119
4013	4102	4019
4102	4075	4019
4102	4167	4075
4102	4174	4167
4037	4100	4150
4045	4135	4065
4135	4239	4065
4045	4085	4135
4047	4098	4202
4098	4162	4202
4162	4221	4202
4162	4329	4221
4050	4170	4168
4170	4262	4168
4262	4235	4168
4235	4157	4168
4157	4011	4168
4011	4050	4168
4170	4234	4262
4058	4187	4103
4187	4225	4103
4187	4219	4225
4187	4130	4219
4187	4116	4130
4116	4068	4130
4116	3974	4068
4116	4058	3974
4116	4187	4058
4074	4079	4197
4079	4151	4197
4086	4129	4189
4189	4212	4086
4212	4141	4086
4212	4228	4141
4091	4210	4232
4210	4278	4232
4278	4475	4232
4278	4519	4475
4519	4560	4475
4210	4245	4278
4245	4260	4278
4245	4287	4260
4245	4153	4287
4153	4322	4287
4153	4217	4322
4099	4251	4138
4138	4068	4099
4099	4257	4251
4257	4399	4251
4399	4339	4251
4257	4395	4399
4395	4439	4399
4124	4182	4175
4139	4263	4169
4154	4255	4267
4267	4151	4154
4255	4375	4267
4180	4288	4185
4288	4275	4185
4224	4256	4313
4256	4372	4313
4224	4126	4256
4240	4318	4247
4244	4379	4361
4259	4303	4352
4352	4292	4259
4292	4150	4259
4265	4284	4354
4284	4361	4354
4354	4385	4265
4354	4437	4385
4437	4359	4385
4437	4440	4359
4440	4432	4359
4432	4324	4359
4432	4423	4324
4423	4386	4324
4423	4480	4386
4423	4456	4480
4456	4532	4480
4456	4432	4532
4432	4538	4532
4538	4603	4532
4432	4440	4538
4456	4423	4432
4271	4381	4309
4381	4413	4309
4271	4343	4381
4282	4296	4370
4297	4342	4367
4302	4341	4306
4320	4326	4455
4326	4490	4455
4490	4539	4455
4490	4555	4539
4490	4604	4555
4490	4463	4604
4463	4508	4604
4490	4326	4463
4333	4383	4402
4402	4391	4333
4391	4349	4333
4334	4549	4477
4334	4412	4549
4412	4520	4549
4520	4696	4549
4520	4660	4696
4412	4509	4520
4363	4505	4488
4505	4565	4488
4565	4588	4488
4505	4529	4565
4373	4435	4434
4373	4262	4435
4405	4465	4421
4449	4472	4595
4469	4541	4512
4537	4664	4657
4664	4712	4657
4664	4683	4712
4596	4645	4649
4645	4703	4649
4645	4750	4703
4750	4783	4703
4645	4722	4750
4611	4700	4714
4647	4648	4705
4648	4669	4705
4724	4747	4782
4725	4771	4763
98	100	188
195	237	166
237	262	166
304	439	248
397	409	327
180	164	224
163	127	180
1094	1103	1147
675	762	581
1031	1310	1174
744	899	779
1553	1618	1739
1409	1228	1482
1117	942	1215
2121	2071	2007
2081	2118	1984
271	307	306
267	315	342
315	398	342
263	185	261
500	516	367
7	37	14
2	42	5
52	131	81
52	129	131
207	175	246
225	171	175
171	136	175
225	253	171
225	266	253
418	383	381
383	335	381
1312	1243	1452
730	852	703
440	275	309
440	345	275
320	428	431
602	735	592
735	658	592
410	528	380
766	630	670
630	585	670
585	420	670
420	554	670
585	449	420
736	941	777
825	671	639
825	954	671
763	768	1071
1623	1396	1518
1623	1412	1396
1623	1610	1412
1623	1672	1610
2087	1899	1958
2545	2602	2395
2602	2486	2395
2545	2698	2602
2979	3179	3044
2723	3009	2978
2723	2702	3009
1574	1608	1735
775	712	838
1223	1468	1241
1100	880	878
1232	1469	1348
1285	1179	1131
1317	1497	1352
1549	1625	1383
1625	1469	1383
3237	3361	3395
2504	2556	2664
2394	2505	2320
1725	1509	1680
1725	1519	1509
1519	1468	1509
1725	1741	1519
1968	2035	1772
2035	1999	1772
1999	1766	1772
1766	1684	1772
1432	1376	1501
1708	1761	1555
1708	1827	1761
1404	1350	1435
1526	1445	1458
1622	1380	1510
1565	1775	1600
1775	1627	1600
2072	1765	1961
2072	2096	1765
2072	2206	2096
2206	2130	2096
2212	2079	2230
2212	1969	2079
1969	1965	2079
2212	1988	1969
2142	1985	1948
2142	2197	1985
2197	2073	1985
2115	2057	1930
1937	2059	2003
1880	1864	1952
1881	2001	1987
2040	2288	1995
2040	2098	2288
1995	1878	1897
2107	1935	2150
2193	1908	2107
2380	2517	2527
2380	2469	2517
2312	2445	2195
2336	2616	2528
2046	2209	2025
2209	2294	2025
2033	1991	2012
2972	2884	2860
2884	2796	2860
3374	3576	3329
3576	3564	3329
3564	3518	3329
3374	3467	3576
3110	2815	3112
2815	3001	3112
2544	2354	2635
2354	2377	2635
2377	2630	2635
2377	2580	2630
2580	2709	2630
2709	2764	2630
2256	2261	2113
2256	2326	2261
2256	2502	2326
2231	2490	2339
2286	2486	2506
2486	2577	2506
2259	2408	2352
2699	2567	2523
2408	2672	2497
2408	2416	2672
2620	2829	2487
2829	2777	2487
2743	2803	2675
2803	2821	2675
2803	2963	2821
3043	2824	2821
3043	2862	2824
3043	2983	2862
3043	3245	2983
3245	3082	2983
3094	3285	3134
2768	2624	2539
2624	2438	2539
2759	2868	2681
2678	2666	2590
2733	2612	2596
2733	2861	2612
2755	2882	2696
3023	2845	3120
2845	3013	3120
2845	2741	3013
2903	2910	3020
2910	3206	3020
3357	3197	3166
3629	3767	3574
4044	4256	4126
4044	4035	4256
4035	4155	4256
4155	4276	4256
2936	3055	3104
3074	3163	2929
3100	3337	3139
3048	2960	3089
3198	3187	3191
3234	3363	3407
2957	3030	3026
3293	3372	3271
3293	3405	3372
3405	3466	3372
3084	3153	3211
3153	3290	3211
3290	3341	3211
3341	3326	3211
3326	3349	3211
3566	3740	3463
3622	3390	3505
3622	3401	3390
3401	3108	3390
3713	4003	3735
3713	3979	4003
3713	3813	3979
3308	3472	3348
3351	3500	3425
3279	3526	3281
3279	3507	3526
3310	3179	3418
3711	3600	3488
3600	3579	3488
3579	3356	3488
3579	3304	3356
3579	3464	3304
3618	3736	3608
3395	3523	3603
4348	4420	4484
4678	4628	4589
5007	5089	5068
5089	5114	5068
5119	5133	5054
5133	5084	5054
5133	5142	5084
5005	4995	5054
4932	4837	4790
4932	4963	4837
4881	4859	4754
4881	4930	4859
4767	4579	4752
4579	4556	4752
4556	4675	4752
4556	4615	4675
4328	4475	4448
4328	4232	4475
4406	4357	4407
4791	4894	4770
4791	4864	4894
4844	4955	4875
4955	4943	4875
4955	5008	4943
5008	5037	4943
4527	4708	4715
4527	4636	4708
4802	4878	4711
4878	4880	4711
4880	4834	4711
4834	4616	4711
4834	4723	4616
4723	4608	4616
4878	4921	4880
4048	3972	4089
4195	4204	4134
4195	4289	4204
4159	4090	4204
3842	3664	3719
3842	3725	3664
4870	4980	4898
4811	4764	4898
4515	4571	4411
4571	4513	4411
4513	4433	4411
4780	4821	4707
4821	4768	4707
5034	5082	5051
5034	5031	5082
5031	5056	5082
5131	5104	5125
5131	5091	5104
5091	5095	5104
5091	5078	5095
5141	5116	5129
5141	5127	5116
5127	5105	5116
5127	5098	5105
5098	5088	5105
5098	5073	5088
5127	5099	5098
5099	5065	5098
5127	5124	5099
4559	4466	4424
4559	4593	4466
4546	4497	4438
4497	4401	4438
4401	4382	4438
4670	4730	4733
4730	4797	4733
4730	4800	4797
3560	3850	3693
3652	3438	3659
3652	3586	3438
4011	3850	3831
3676	3866	3851
3772	4076	3799
3970	4096	4024
4096	4214	4024
4214	4062	4024
4202	4160	4047
4151	4267	4197
4267	4363	4197
4267	4375	4363
4375	4505	4363
4278	4260	4519
4322	4567	4287
4567	4519	4287
4322	4568	4567
4322	4458	4568
4175	4117	4124
4463	4450	4508
