292.582372 160.625251 54.208540 255 0 0
302.016373 149.056451 58.688542 255 0 0
312.722544 138.559197 63.391846 255 0 0
324.700882 129.133489 68.318453 255 0 0
337.951389 120.779326 73.468363 255 0 0
352.474064 113.496709 78.841576 255 0 0
368.268908 107.285638 84.438092 255 0 0
385.335920 102.146112 90.257910 255 0 0
403.675100 98.078132 96.301032 0 255 0
383.382666 99.501564 106.550339 0 255 0
364.579271 102.179212 117.061016 0 255 0
347.264916 106.111075 127.833063 0 255 0
331.439599 111.297153 138.866480 0 255 0
317.103321 117.737447 150.161268 0 255 0
304.256082 125.431956 161.717425 0 255 0
292.897882 134.380681 173.534953 0 255 0
283.028720 144.583621 185.613850 0 255 0
