3.352816230222775857e+02 1.192675207046594181e+02 2.021004312447913094e+02
3.319856643783375603e+02 1.053376724287435735e+02 1.960201589093800862e+02
3.169198894692127624e+02 1.002809086320802550e+02 1.759918447429094499e+02
3.109937575252099577e+02 8.918663779183434315e+01 1.648410394890077555e+02
3.060946554700449269e+02 8.413991128625688987e+01 1.392786391239508248e+02
3.086418823839594552e+02 7.774314885581613055e+01 1.127726960334363184e+02
3.176985938998413985e+02 6.814445269835125885e+01 9.007373027693461154e+01
3.349163669441801403e+02 6.262596795051081244e+01 5.360313678091495149e+01
3.565400926548976486e+02 8.064606224462970374e+01 4.037768360647328336e+01
3.637153569796533930e+02 9.420954311775993517e+01 4.519442886064121012e+01
3.611264014278191326e+02 1.125759384707155135e+02 4.430067248474699682e+01
3.608553367834953178e+02 1.274894552687090226e+02 5.006096046437238556e+01
3.623677837833034800e+02 1.419111378056636568e+02 5.598124062189066308e+01
3.567461842065841893e+02 1.583001573867737193e+02 6.126155206783732865e+01
3.689597010711834173e+02 1.697708343574952892e+02 6.814178529271310936e+01
