27.634485 35.594577 10.250000 255 0 0
27.883873 35.430706 9.281250 255 0 0
28.205445 35.149341 8.312500 255 0 0
28.599202 34.750480 7.343750 255 0 0
29.065143 34.234124 6.375000 255 0 0
29.603270 33.600273 5.406250 255 0 0
30.213581 32.848927 4.437500 255 0 0
30.896077 31.980086 3.468750 255 0 0
31.650757 30.993750 2.500000 0 255 0
31.078817 29.891350 3.468750 0 255 0
30.557563 28.917194 4.437500 0 255 0
30.086994 28.071283 5.406250 0 255 0
29.667110 27.353617 6.375000 0 255 0
29.297911 26.764196 7.343750 0 255 0
28.979398 26.303020 8.312500 0 255 0
28.711570 25.970088 9.281250 0 255 0
28.494427 25.765402 10.250000 0 255 0
