   3.4343789e+02   1.4945031e+02   1.5000000e+02
   3.2558696e+02   1.4590994e+02   1.4200000e+02
   3.1886646e+02   1.5509006e+02   1.3400000e+02
   3.3599689e+02   1.4677950e+02   1.2600000e+02
   3.2768634e+02   1.4800932e+02   1.1800000e+02
   3.3368634e+02   1.3969876e+02   1.1000000e+02
   3.5240683e+02   1.4728882e+02   1.0200000e+02
   3.5840683e+02   1.5169876e+02   9.4000000e+01
   3.6122671e+02   1.4974845e+02   8.6000000e+01
   3.6634161e+02   1.6440373e+02   7.8000000e+01
   3.5078571e+02   1.9177950e+02   7.0000000e+01
   3.4058696e+02   1.9271118e+02   6.2000000e+01
   3.2345652e+02   2.1374224e+02   6.6000000e+01
   3.3971739e+02   2.2682298e+02   7.0000000e+01
   3.1375155e+02   2.4060870e+02   7.6000000e+01
   3.1181677e+02   2.5934472e+02   8.2000000e+01
   2.6836025e+02   2.7313043e+02   9.0000000e+01
