2.972818457700047929e+02 1.500293040771236974e+02 1.851889315912094673e+02
3.097490093929187651e+02 1.438270989297515143e+02 1.784474967110859893e+02
3.179380635178158627e+02 1.385437424305058585e+02 1.660633887587878519e+02
3.246879733269612984e+02 1.324716416167276520e+02 1.527815795607990026e+02
3.329163860839407789e+02 1.304734303765063714e+02 1.374478837710703658e+02
3.432877951875856297e+02 1.283443091521762653e+02 1.246405723442652800e+02
3.523459842856534010e+02 1.359388779114367480e+02 1.014968802297183430e+02
3.614907738431998041e+02 1.507607658686551986e+02 7.186410809398277877e+01
3.743278966302771096e+02 1.754388840839800423e+02 3.739657242948464955e+01
3.728118083857813190e+02 2.006973457075490614e+02 3.907239616537155769e+01
3.603603997381254658e+02 2.082136130544275829e+02 4.463400512024647071e+01
3.414249347737082303e+02 2.115234393837532707e+02 4.674589353646837253e+01
3.325241800701505781e+02 2.170694404911089350e+02 5.809124432988039644e+01
3.273000036208657093e+02 2.311576096570648815e+02 6.578165751977853404e+01
3.184228639895021047e+02 2.386746889842507926e+02 7.535726363360157620e+01
3.066752841405626100e+02 2.452712782034224119e+02 8.254755132628331182e+01
2.985728072429468511e+02 2.577819300715596000e+02 8.844257487796701867e+01
