32.183620 31.810424 4.948303
31.676571 32.558323 5.893520
31.221539 33.189966 6.835650
30.818526 33.705352 7.774694
30.467529 34.104482 8.710650
30.168550 34.387355 9.643520
29.921589 34.553972 10.573303
29.726645 34.604332 11.500000
32.742686 30.946268 4.000000
32.102410 30.084524 4.926697
31.523386 29.333100 5.856480
31.005614 28.691996 6.789350
30.549092 28.161213 7.725306
30.153823 27.740750 8.664350
29.819805 27.430608 9.606480
29.547038 27.230785 10.551697
29.335523 27.141283 11.500000