1	2	6
1	23	2
23	5	2
5	6	2
5	28	6
28	13	6
13	3	6
3	1	6
3	7	1
7	23	1
3	10	7
10	19	7
10	9	19
10	4	9
4	8	9
8	36	9
36	37	9
36	58	37
36	72	58
72	108	58
108	151	58
151	107	58
151	164	107
164	194	107
164	261	194
164	274	261
274	368	261
368	317	261
368	459	317
459	452	317
452	301	317
459	508	452
274	334	368
274	348	334
274	206	348
274	187	206
274	151	187
151	141	187
151	108	141
274	164	151
72	94	108
72	42	94
42	89	94
42	44	89
44	84	89
44	86	84
44	69	86
69	85	86
85	117	86
117	156	86
85	78	117
85	56	78
85	69	56
69	51	56
51	43	56
43	68	56
43	66	68
66	74	68
74	77	68
77	98	68
98	104	68
98	111	104
111	140	104
111	154	140
154	161	140
161	165	140
165	190	140
190	123	140
190	171	123
171	169	123
171	177	169
177	231	169
231	195	169
195	181	169
181	155	169
177	190	231
190	270	231
270	310	231
310	321	231
310	314	321
314	417	321
314	310	417
310	389	417
310	270	389
270	251	389
251	364	389
251	242	364
251	229	242
229	207	242
207	221	242
221	227	242
221	244	227
244	258	227
258	286	227
258	307	286
307	332	286
332	343	286
343	365	286
343	369	365
343	356	369
356	407	369
356	450	407
356	438	450
356	439	438
356	340	439
356	332	340
332	307	340
307	311	340
311	336	340
336	424	340
336	425	424
425	453	424
425	408	453
425	336	408
336	382	408
336	325	382
325	349	382
325	281	349
281	329	349
281	269	329
281	256	269
256	244	269
244	220	269
244	204	220
204	154	220
204	180	154
180	161	154
180	165	161
180	207	165
207	202	165
202	190	165
202	270	190
202	229	270
229	251	270
202	207	229
180	221	207
180	204	221
204	244	221
256	258	244
256	311	258
311	307	258
256	325	311
325	336	311
256	281	325
356	343	332
177	171	190
77	106	98
77	79	106
79	114	106
79	91	114
91	105	114
105	120	114
105	95	120
95	113	120
113	136	120
136	182	120
113	131	136
113	144	131
95	63	113
95	91	63
91	79	63
79	40	63
40	45	63
45	39	63
45	32	39
32	17	39
17	14	39
14	50	39
50	73	39
50	87	73
50	52	87
52	80	87
52	67	80
67	101	80
67	75	101
75	132	101
132	138	101
75	97	132
97	124	132
97	93	124
93	99	124
99	139	124
99	115	139
115	149	139
149	178	139
99	65	115
65	76	115
76	88	115
88	129	115
88	116	129
116	119	129
119	166	129
166	199	129
166	189	199
189	222	199
189	179	222
179	230	222
230	292	222
292	285	222
292	297	285
297	302	285
297	344	302
344	360	302
360	354	302
354	333	302
333	294	302
333	320	294
320	305	294
320	350	305
360	398	354
398	463	354
398	465	463
465	483	463
483	485	463
485	477	463
485	520	477
485	545	520
485	483	545
483	612	545
465	467	483
467	489	483
465	398	467
398	378	467
378	429	467
378	361	429
361	404	429
378	304	361
304	292	361
304	297	292
304	344	297
304	378	344
378	398	344
398	360	344
179	226	230
226	243	230
226	260	243
260	265	243
260	326	265
326	315	265
226	235	260
226	200	235
189	166	179
166	128	179
128	135	179
128	121	135
121	160	135
160	200	135
160	208	200
160	152	208
152	241	208
241	308	208
241	266	308
266	386	308
241	240	266
240	272	266
240	309	272
241	158	240
158	133	240
158	118	133
118	109	133
118	82	109
82	90	109
82	60	90
60	70	90
70	103	90
70	59	103
70	34	59
34	18	59
34	11	18
11	5	18
5	23	18
23	33	18
11	28	5
11	25	28
25	41	28
41	57	28
57	47	28
47	13	28
47	48	13
48	31	13
31	12	13
12	3	13
12	15	3
12	31	15
31	27	15
27	29	15
29	14	15
29	50	14
29	52	50
29	27	52
27	31	52
31	67	52
31	48	67
48	75	67
48	47	75
47	71	75
71	97	75
71	93	97
71	49	93
49	99	93
49	65	99
49	38	65
38	61	65
61	76	65
61	88	76
61	55	88
55	92	88
92	100	88
100	110	88
110	116	88
110	119	116
110	100	119
100	121	119
121	128	119
128	166	119
100	122	121
122	152	121
152	160	121
122	158	152
158	241	152
122	118	158
122	92	118
92	83	118
83	82	118
83	64	82
64	38	82
38	60	82
38	21	60
21	22	60
22	70	60
22	34	70
22	11	34
22	21	11
21	25	11
21	24	25
24	49	25
49	41	25
49	71	41
71	57	41
71	47	57
24	38	49
24	21	38
64	55	38
55	61	38
64	83	55
83	92	55
122	100	92
17	8	14
17	16	8
16	42	8
42	36	8
42	72	36
16	44	42
16	30	44
30	51	44
51	69	44
30	35	51
35	43	51
35	40	43
40	66	43
40	79	66
79	74	66
79	77	74
35	26	40
26	45	40
26	32	45
26	17	32
26	20	17
20	16	17
20	30	16
20	35	30
20	26	35
95	105	91
10	3	4
112	125	142
112	145	125
145	148	125
148	142	125
148	174	142
174	237	142
174	253	237
253	323	237
174	186	253
174	176	186
174	148	176
148	145	176
134	137	191
146	185	168
185	218	168
218	210	168
185	234	218
147	193	150
193	192	150
153	196	212
162	172	163
162	291	172
291	206	172
162	247	291
247	367	291
367	359	291
359	357	291
367	390	359
162	156	247
156	155	247
173	201	213
173	198	201
175	188	223
188	211	223
183	209	203
209	248	203
184	238	215
238	296	215
238	249	296
238	236	249
236	303	249
238	184	236
224	363	267
224	358	363
358	397	363
397	490	363
358	409	397
358	416	409
245	254	347
254	342	347
250	287	298
250	255	287
255	280	287
280	298	287
255	375	280
298	337	250
257	295	339
263	362	284
284	234	263
284	279	234
263	353	362
353	421	362
268	328	306
268	313	328
313	401	328
401	379	328
379	318	328
318	306	328
401	415	379
415	435	379
415	486	435
486	532	435
532	454	435
532	496	454
532	582	496
582	591	496
591	516	496
591	606	516
606	568	516
568	501	516
568	511	501
511	482	501
482	436	501
591	629	606
591	582	629
582	602	629
582	532	602
532	531	602
532	486	531
415	444	486
415	401	444
401	377	444
401	313	377
273	290	277
276	324	355
288	345	330
345	371	330
371	399	330
371	433	399
341	376	430
341	296	376
296	346	376
346	466	376
466	517	376
517	503	376
503	472	376
472	430	376
472	493	430
493	437	430
472	503	493
503	519	493
519	577	493
466	618	517
618	636	517
618	672	636
672	718	636
672	797	718
466	498	618
346	351	466
372	422	387
422	456	387
381	451	402
383	400	544
400	432	544
432	502	544
432	448	502
448	515	502
448	468	515
432	428	448
432	386	428
432	400	386
384	396	427
396	434	427
393	406	556
406	460	556
460	588	556
588	665	556
665	628	556
628	536	556
628	621	536
588	733	665
588	598	733
598	710	733
710	775	733
710	703	775
703	816	775
703	720	816
703	674	720
674	700	720
674	590	700
674	565	590
674	611	565
710	598	703
406	452	460
394	484	488
395	410	419
419	462	395
419	525	462
419	497	525
497	555	525
555	592	525
555	653	592
653	643	592
653	725	643
555	523	653
555	497	523
419	410	497
395	357	410
395	348	357
413	469	443
420	446	521
521	498	420
521	561	498
521	578	561
521	560	578
560	613	578
521	446	560
431	557	509
557	594	509
594	632	509
464	524	550
550	530	464
530	504	464
504	417	464
530	523	504
523	390	504
524	645	550
645	647	550
645	669	647
669	757	647
757	741	647
741	719	647
757	883	741
470	570	559
470	572	570
572	605	570
605	615	570
615	559	570
615	547	559
605	654	615
654	689	615
605	575	654
575	736	654
736	735	654
736	814	735
814	811	735
736	857	814
857	900	814
900	884	814
900	927	884
927	1046	884
927	1106	1046
900	930	927
900	857	930
857	889	930
857	822	889
822	970	889
605	572	575
471	579	534
579	580	534
579	658	580
658	603	580
579	631	658
474	581	569
581	676	569
676	677	569
677	589	569
677	711	589
711	722	589
711	726	722
726	669	722
711	806	726
806	839	726
839	862	726
806	868	839
581	678	676
581	657	678
657	817	678
817	780	678
817	836	780
836	856	780
856	847	780
817	853	836
853	905	836
817	821	853
821	845	853
817	731	821
817	650	731
650	623	731
650	574	623
574	526	623
526	541	623
541	593	623
541	540	593
817	657	650
657	539	650
657	581	539
487	528	510
487	535	528
535	552	528
552	583	528
583	510	528
583	562	510
552	662	583
662	729	583
662	813	729
813	860	729
552	584	662
491	563	500
563	529	500
529	499	500
529	506	499
529	531	506
563	610	529
610	627	529
610	614	627
610	563	614
563	644	614
505	518	514
512	548	546
513	620	554
538	567	663
538	451	567
567	648	663
567	597	648
597	640	648
640	717	648
542	624	564
624	630	564
624	652	630
566	642	686
566	509	642
576	664	638
585	587	607
587	646	607
587	619	646
601	617	651
651	613	601
651	771	613
771	779	613
771	803	779
803	768	779
803	916	768
916	820	768
916	827	820
827	797	820
827	911	797
827	916	911
916	963	911
963	1019	911
963	1064	1019
1064	1168	1019
1168	1098	1019
1064	1308	1168
1064	1244	1308
1064	1035	1244
1035	1025	1244
1025	1039	1244
1039	1279	1244
1039	1058	1279
1058	1089	1279
1089	1323	1279
1323	1335	1279
1335	1316	1279
1089	1153	1323
1153	1320	1323
1320	1352	1323
1352	1454	1323
1352	1463	1454
1463	1601	1454
1463	1582	1601
1582	1736	1601
1582	1711	1736
1711	1842	1736
1582	1596	1711
1352	1336	1463
1352	1320	1336
1089	1080	1153
1089	1058	1080
1058	923	1080
923	922	1080
923	785	922
785	777	922
777	819	922
777	773	819
773	835	819
835	985	819
777	673	773
673	716	773
777	651	673
651	617	673
777	772	651
772	771	651
772	785	771
785	824	771
824	803	771
824	1010	803
1010	993	803
1010	1025	993
1025	1035	993
1035	963	993
963	916	993
1035	1064	963
1010	1039	1025
1010	1005	1039
1005	1058	1039
1005	923	1058
1005	824	923
824	785	923
1005	1010	824
772	777	785
608	698	724
698	776	724
776	734	724
734	723	724
734	746	723
698	767	776
767	807	776
698	714	767
609	681	668
681	744	668
616	721	687
721	794	687
794	812	687
633	659	685
655	691	683
655	638	691
683	620	655
620	604	655
690	704	831
704	846	831
704	783	846
783	864	846
704	692	783
692	766	783
696	764	784
764	886	784
886	851	784
851	833	784
851	870	833
870	899	833
870	981	899
981	962	899
962	929	899
962	971	929
971	1063	929
971	1078	1063
1078	1166	1063
1166	1232	1063
1232	1157	1063
1232	1215	1157
1166	1256	1232
971	1032	1078
971	1020	1032
971	981	1020
981	1002	1020
1002	1016	1020
1016	1107	1020
1016	1059	1107
1059	1169	1107
1169	1267	1107
1267	1278	1107
1267	1370	1278
1267	1390	1370
1267	1224	1390
1224	1203	1390
1224	1169	1203
1224	1267	1169
1016	1041	1059
1016	1013	1041
1013	1061	1041
1061	1051	1041
1061	1072	1051
1072	1047	1051
1047	1155	1051
1047	1093	1155
1047	1094	1093
1094	1081	1093
1081	1129	1093
1081	1140	1129
1140	1130	1129
1140	1149	1130
1081	1094	1140
1094	1208	1140
1208	1238	1140
1238	1119	1140
1238	1149	1119
1208	1227	1238
1208	1125	1227
1125	1164	1227
1125	1077	1164
1125	1067	1077
1067	991	1077
1067	1021	991
1021	937	991
937	890	991
890	941	991
941	982	991
941	947	982
941	816	947
816	888	947
890	775	941
1021	952	937
1021	950	952
950	933	952
1067	1096	1021
1067	1125	1096
1125	1090	1096
1090	1061	1096
1090	1072	1061
1090	1047	1072
1090	1125	1047
1125	1094	1047
1125	1208	1094
1016	1002	1013
971	962	981
870	886	981
886	950	981
870	851	886
696	621	764
696	626	621
697	769	749
769	875	749
707	788	712
712	686	707
709	796	805
796	810	805
810	823	805
823	939	805
823	945	939
810	799	823
810	796	799
713	760	739
728	841	790
841	828	790
737	840	855
840	880	855
840	908	880
908	954	880
908	1022	954
908	1031	1022
908	892	1031
892	936	1031
892	873	936
873	825	936
825	960	936
960	980	936
873	793	825
793	801	825
873	778	793
873	804	778
873	876	804
876	908	804
908	840	804
876	892	908
876	873	892
738	752	787
752	865	787
865	830	787
830	765	787
865	871	830
865	917	871
917	940	871
917	956	940
956	957	940
956	1030	957
956	1045	1030
1045	1056	1030
956	992	1045
992	1075	1045
1075	1134	1045
1075	1146	1134
1075	1084	1146
1084	1233	1146
956	917	992
917	958	992
917	934	958
917	865	934
740	885	874
885	895	874
743	842	770
842	877	770
877	786	770
842	903	877
903	909	877
903	979	909
842	939	903
747	782	826
782	901	826
748	913	879
913	1036	879
1036	1023	879
1036	1086	1023
1086	1117	1023
1117	966	1023
1086	1145	1117
1145	1150	1117
1145	1161	1150
1145	1198	1161
1198	1288	1161
1145	1195	1198
1145	1086	1195
1086	1036	1195
748	746	913
753	850	867
774	792	818
774	795	792
795	838	792
838	818	792
838	926	818
838	990	926
838	878	990
878	994	990
838	834	878
838	795	834
852	953	951
953	964	951
951	914	852
914	904	852
914	948	904
914	938	948
938	968	948
968	960	948
914	951	938
854	861	919
861	942	919
942	1092	919
1092	1065	919
942	1026	1092
1026	1111	1092
1111	1222	1092
858	967	882
967	974	882
974	915	882
974	1029	915
1029	943	915
1029	1040	943
1040	1000	943
1000	901	943
1029	1142	1040
869	881	961
961	864	869
897	906	987
898	935	912
918	989	932
925	955	975
975	984	925
975	1101	984
928	1043	1001
1043	1162	1001
1043	1180	1162
1043	1068	1180
969	1109	1018
1109	1070	1018
1070	1024	1018
1070	1083	1024
1083	986	1024
1083	1120	986
1083	1159	1120
1159	1194	1120
1194	1171	1120
1194	1206	1171
1206	1182	1171
1206	1272	1182
1272	1233	1182
1206	1194	1272
1194	1269	1272
1194	1230	1269
1230	1268	1269
1230	1239	1268
1230	1159	1239
1159	1188	1239
1188	1241	1239
1188	1259	1241
1188	1186	1259
1230	1194	1159
1083	1070	1159
1070	1109	1159
972	988	999
976	1003	1118
1118	983	976
977	1158	1033
1158	1044	1033
1158	1202	1044
1158	1291	1202
1158	1214	1291
1158	1054	1214
1158	977	1054
995	1027	1042
996	1052	1097
1097	1131	996
1131	989	996
997	1066	1088
1066	1082	1088
998	1007	1053
998	945	1007
945	874	1007
1012	1095	1139
1012	979	1095
1015	1091	1105
1028	1055	1073
1055	1135	1073
1055	1122	1135
1122	1172	1135
1069	1255	1115
1069	1264	1255
1264	1403	1255
1403	1437	1255
1079	1110	1160
1100	1205	1184
1102	1213	1114
1103	1144	1185
1124	1245	1189
1245	1348	1189
1348	1359	1189
1348	1542	1359
1348	1473	1542
1473	1546	1542
1128	1201	1193
1193	1101	1128
1128	1181	1201
1181	1261	1201
1181	1250	1261
1250	1347	1261
1181	1163	1250
1181	1136	1163
1181	1128	1136
1137	1276	1216
1276	1236	1216
1137	1209	1276
1209	1273	1276
1209	1277	1273
1141	1314	1217
1314	1369	1217
1369	1212	1217
1369	1312	1212
1369	1426	1312
1369	1442	1426
1369	1314	1442
1147	1307	1175
1307	1324	1175
1324	1282	1175
1324	1325	1282
1325	1296	1282
1325	1387	1296
1387	1501	1296
1387	1474	1501
1474	1497	1501
1325	1324	1387
1147	1297	1307
1297	1404	1307
1297	1246	1404
1246	1382	1404
1382	1484	1404
1484	1508	1404
1382	1489	1484
1489	1653	1484
1653	1657	1484
1653	1785	1657
1785	1753	1657
1382	1355	1489
1355	1499	1489
1297	1147	1246
1156	1207	1262
1207	1200	1262
1262	1178	1156
1262	1302	1178
1302	1301	1178
1302	1391	1301
1167	1326	1322
1173	1294	1190
1294	1283	1190
1283	1196	1190
1197	1321	1274
1220	1293	1234
1221	1286	1265
1286	1318	1265
1318	1392	1265
1223	1226	1337
1229	1249	1385
1249	1412	1385
1412	1549	1385
1549	1420	1385
1420	1357	1385
1357	1229	1385
1357	1298	1229
1549	1615	1420
1549	1654	1615
1654	1675	1615
1675	1607	1615
1675	1684	1607
1684	1688	1607
1688	1588	1607
1588	1491	1607
1588	1544	1491
1588	1617	1544
1617	1631	1544
1631	1586	1544
1586	1498	1544
1498	1458	1544
1586	1475	1498
1631	1676	1586
1676	1682	1586
1682	1693	1586
1693	1628	1586
1693	1714	1628
1714	1728	1628
1728	1666	1628
1728	1772	1666
1772	1571	1666
1728	1887	1772
1728	1925	1887
1925	1978	1887
1728	1714	1925
1714	1917	1925
1714	1693	1917
1693	1754	1917
1754	1885	1917
1693	1682	1754
1682	1724	1754
1724	1732	1754
1724	1676	1732
1676	1712	1732
1712	1770	1732
1770	1839	1732
1770	1891	1839
1891	1903	1839
1770	1896	1891
1770	1759	1896
1759	1761	1896
1759	1743	1761
1743	1675	1761
1743	1684	1675
1743	1770	1684
1770	1688	1684
1770	1712	1688
1712	1676	1688
1676	1631	1688
1631	1617	1688
1617	1588	1688
1743	1759	1770
1724	1682	1676
1549	1627	1654
1627	1691	1654
1627	1639	1691
1639	1703	1691
1703	1768	1691
1639	1734	1703
1627	1548	1639
1548	1583	1639
1548	1413	1583
1413	1495	1583
1413	1399	1495
1548	1412	1413
1548	1549	1412
1548	1627	1549
1240	1271	1378
1247	1280	1253
1280	1330	1253
1280	1238	1330
1280	1247	1238
1251	1334	1365
1334	1422	1365
1254	1292	1257
1292	1300	1257
1300	1284	1257
1300	1305	1284
1305	1277	1284
1305	1351	1277
1254	1342	1292
1258	1362	1377
1362	1448	1377
1448	1591	1377
1591	1556	1377
1556	1464	1377
1464	1379	1377
1556	1584	1464
1556	1581	1584
1556	1591	1581
1448	1622	1591
1448	1541	1622
1541	1677	1622
1541	1660	1677
1660	1811	1677
1660	1715	1811
1715	1810	1811
1810	1955	1811
1810	1958	1955
1958	2090	1955
1448	1373	1541
1373	1506	1541
1448	1408	1373
1448	1362	1408
1263	1371	1376
1266	1295	1327
1295	1380	1327
1380	1433	1327
1433	1450	1327
1433	1539	1450
1539	1509	1450
1509	1486	1450
1539	1624	1509
1433	1434	1539
1433	1380	1434
1287	1329	1306
1287	1301	1329
1304	1383	1375
1328	1332	1453
1341	1410	1409
1410	1431	1409
1431	1480	1409
1480	1440	1409
1480	1472	1440
1480	1585	1472
1480	1561	1585
1343	1397	1443
1343	1353	1397
1346	1401	1479
1354	1372	1439
1361	1363	1451
1374	1428	1438
1381	1386	1396
1396	1400	1381
1396	1471	1400
1396	1490	1471
1490	1592	1471
1490	1554	1592
1554	1563	1592
1554	1632	1563
1554	1557	1632
1557	1630	1632
1630	1670	1632
1630	1662	1670
1630	1599	1662
1599	1587	1662
1587	1656	1662
1656	1708	1662
1656	1674	1708
1656	1578	1674
1578	1695	1674
1578	1669	1695
1578	1555	1669
1555	1602	1669
1555	1521	1602
1555	1510	1521
1555	1578	1510
1656	1587	1578
1630	1557	1599
1554	1502	1557
1554	1490	1502
1490	1386	1502
1490	1396	1386
1393	1465	1411
1393	1536	1465
1394	1446	1456
1406	1505	1512
1417	1478	1462
1462	1436	1417
1418	1470	1467
1425	1461	1496
1496	1540	1425
1425	1283	1461
1427	1455	1485
1455	1569	1485
1569	1576	1485
1576	1637	1485
1637	1468	1485
1637	1633	1468
1633	1518	1468
1518	1445	1468
1637	1751	1633
1576	1796	1637
1576	1800	1796
1576	1569	1800
1569	1593	1800
1593	1750	1800
1429	1500	1551
1429	1467	1500
1467	1571	1500
1571	1551	1500
1551	1488	1429
1551	1545	1488
1444	1516	1515
1516	1580	1515
1516	1716	1580
1449	1514	1503
1503	1527	1449
1503	1609	1527
1503	1572	1609
1572	1730	1609
1503	1514	1572
1514	1507	1572
1514	1476	1507
1514	1466	1476
1514	1449	1466
1457	1644	1594
1644	1606	1594
1457	1545	1644
1545	1686	1644
1545	1727	1686
1727	1849	1686
1469	1523	1524
1483	1618	1565
1487	1560	1547
1517	1638	1600
1522	1634	1597
1634	1683	1597
1683	1530	1597
1683	1610	1530
1610	1559	1530
1634	1793	1683
1634	1696	1793
1696	1757	1793
1757	1905	1793
1905	1864	1793
1905	2031	1864
1905	2006	2031
2006	2065	2031
2006	2141	2065
2141	2232	2065
2232	2272	2065
2232	2313	2272
2232	2371	2313
2232	2357	2371
2232	2339	2357
2339	2453	2357
2453	2556	2357
2339	2318	2453
2318	2353	2453
2353	2591	2453
2318	2179	2353
2179	2305	2353
2305	2321	2353
2321	2518	2353
2305	2179	2321
2179	2120	2321
2179	2115	2120
2179	2152	2115
2179	2318	2152
1905	1855	2006
1905	1757	1855
1696	1713	1757
1696	1522	1713
1696	1634	1522
1526	1579	1645
1579	1619	1645
1645	1623	1526
1645	1681	1623
1681	1723	1623
1681	1814	1723
1538	1564	1604
1552	1643	1570
1574	1700	1642
1700	1701	1642
1700	1801	1701
1574	1702	1700
1577	1672	1603
1595	1661	1647
1614	1745	1655
1616	1650	1747
1747	1629	1616
1747	1679	1629
1636	1705	1706
1705	1868	1706
1659	1725	1763
1667	1737	1857
1678	1780	1764
1780	1831	1764
1831	1794	1764
1831	1860	1794
1860	1791	1794
1780	1823	1831
1680	1807	1739
1687	1717	1731
1717	1862	1731
1862	1876	1731
1862	1988	1876
1988	2014	1876
1988	2144	2014
1988	2080	2144
2080	2208	2144
2208	2245	2144
2208	2327	2245
2327	2317	2245
2208	2298	2327
2208	2226	2298
2208	2080	2226
2080	2126	2226
2126	2284	2226
2126	2211	2284
2126	2086	2211
2086	2131	2211
1690	1771	1720
1690	1707	1771
1771	1886	1720
1771	1913	1886
1913	1990	1886
1913	1977	1990
1913	1884	1977
1710	1822	1748
1718	1803	1837
1719	1755	1792
1755	1744	1792
1744	1819	1792
1729	1865	1882
1742	1804	1773
1804	1816	1773
1804	1851	1816
1851	1869	1816
1869	1932	1816
1851	1901	1869
1901	1942	1869
1901	1965	1942
1901	1960	1965
1804	1708	1851
1804	1742	1708
1752	1805	1879
1752	1683	1805
1805	1897	1879
1897	2030	1879
1879	1871	1752
1871	1730	1752
1871	1767	1730
1871	1951	1767
1766	1788	1858
1777	1881	1870
1881	1976	1870
1976	2029	1870
2029	2000	1870
2000	2041	1870
2000	2052	2041
2052	2202	2041
2202	2274	2041
2274	2183	2041
2183	2055	2041
2055	1906	2041
2202	2207	2274
2052	2133	2202
2052	2029	2133
2029	2033	2133
2033	2056	2133
2056	2230	2133
2230	2252	2133
2056	2209	2230
2209	2382	2230
2382	2355	2230
2382	2386	2355
2382	2412	2386
2412	2644	2386
2382	2439	2412
2382	2279	2439
2279	2228	2439
2382	2209	2279
2056	2079	2209
2056	1979	2079
1979	1974	2079
1974	1982	2079
1974	1943	1982
2033	1976	2056
2033	2029	1976
2052	2000	2029
1782	1802	1798
1787	1789	1935
1789	1838	1935
1935	1948	1787
1935	1993	1948
1993	2007	1948
2007	2015	1948
1808	1873	1847
1820	1967	1824
1820	2025	1967
1825	1994	2021
1825	1837	1994
1826	1919	1832
1827	1875	1927
1875	1947	1927
1875	2002	1947
1829	1950	1973
1950	2036	1973
2036	2116	1973
1950	2015	2036
1829	1798	1950
1830	1893	1939
1893	2022	1939
1893	1904	2022
1904	1941	2022
1941	1946	2022
1941	1928	1946
1928	2028	1946
1928	1930	2028
1928	1751	1930
1928	1904	1751
1928	1941	1904
1834	1878	1997
1835	1911	1923
1836	1922	1970
1845	1859	1854
1845	1944	1859
1845	1847	1944
1867	2070	2074
2070	2118	2074
2118	2180	2074
2180	2160	2074
2180	2253	2160
2253	2176	2160
2180	2249	2253
2180	2118	2249
2118	2070	2249
1877	1963	1908
1963	2004	1908
1890	1996	2064
1996	2196	2064
1996	2154	2196
2064	1849	1890
1892	1956	1909
1892	2020	1956
2020	2081	1956
2081	1909	1956
2020	2130	2081
2130	2114	2081
1892	1894	2020
1892	1750	1894
1898	2023	1983
1902	1981	1962
1902	1842	1981
1842	1966	1981
1910	1952	1920
1920	1831	1910
1912	2068	2001
1940	1957	1961
1940	1814	1957
1953	2167	2054
1954	1975	2027
1975	2049	2027
1968	1972	1998
1969	1991	2063
1991	1970	2063
1970	2012	2063
1970	2094	2012
1970	2096	2094
2096	2204	2094
2204	2137	2094
2204	2212	2137
2212	2140	2137
2212	2275	2140
2275	2151	2140
2151	2132	2140
2212	2309	2275
2309	2283	2275
2212	2210	2309
2210	2301	2309
2063	1960	1969
1960	1866	1969
2063	2048	1960
2048	2068	1960
2048	2138	2068
2048	2103	2138
2103	2256	2138
2256	2233	2138
2256	2280	2233
2256	2297	2280
2297	2307	2280
2297	2358	2307
2297	2365	2358
2365	2429	2358
2103	2132	2256
2048	2063	2103
1980	2077	2008
1984	2119	2105
1984	2157	2119
1992	2050	2175
1999	2009	2089
2009	2214	2089
2003	2042	2099
2099	2071	2003
2099	2235	2071
2099	2181	2235
2024	2220	2046
2046	1857	2024
1857	1961	2024
2037	2168	2076
2038	2142	2122
2038	2066	2142
2066	2188	2142
2188	2198	2142
2188	2246	2198
2188	2169	2246
2169	2250	2246
2250	2341	2246
2169	2138	2250
2169	2139	2138
2169	2155	2139
2169	2188	2155
2188	2066	2155
2045	2084	2088
2061	2162	2123
2162	2332	2123
2332	2331	2123
2331	2134	2123
2162	2229	2332
2123	2030	2061
2072	2159	2121
2072	2205	2159
2072	2143	2205
2121	2092	2072
2121	2239	2092
2083	2113	2129
2129	2192	2083
2192	2125	2083
2192	2223	2125
2223	2127	2125
2192	2251	2223
2251	2375	2223
2375	2324	2223
2375	2467	2324
2192	2185	2251
2185	2328	2251
2185	2352	2328
2352	2533	2328
2533	2366	2328
2533	2573	2366
2533	2646	2573
2533	2666	2646
2666	2748	2646
2748	2776	2646
2748	2803	2776
2803	2906	2776
2803	2802	2906
2533	2543	2666
2533	2364	2543
2533	2352	2364
2352	2304	2364
2352	2108	2304
2352	2185	2108
2185	2097	2108
2097	2025	2108
2097	2113	2025
2113	2083	2025
2097	2185	2113
2185	2129	2113
2185	2192	2129
2085	2178	2087
2087	1885	2085
1885	1903	2085
2178	2268	2087
2085	2182	2178
2182	2197	2178
2197	2278	2178
2197	2182	2278
2085	2102	2182
2128	2173	2248
2173	2299	2248
2299	2424	2248
2299	2388	2424
2388	2474	2424
2474	2461	2424
2388	2455	2474
2128	2122	2173
2145	2354	2200
2354	2405	2200
2405	2374	2200
2354	2471	2405
2471	2542	2405
2471	2567	2542
2567	2592	2542
2592	2603	2542
2592	2639	2603
2592	2567	2639
2567	2659	2639
2659	2685	2639
2685	2733	2639
2567	2558	2659
2567	2471	2558
2471	2428	2558
2428	2442	2558
2442	2452	2558
2452	2466	2558
2471	2354	2428
2145	2189	2354
2147	2316	2243
2316	2370	2243
2147	2290	2316
2147	2241	2290
2241	2319	2290
2187	2310	2247
2310	2346	2247
2310	2409	2346
2409	2537	2346
2199	2277	2336
2277	2337	2336
2277	2264	2337
2264	2400	2337
2277	2090	2264
2090	2172	2264
2206	2343	2356
2218	2351	2273
2227	2265	2254
2265	2377	2254
2254	2231	2227
2234	2460	2270
2270	2214	2234
2460	2423	2270
2242	2258	2293
2262	2303	2271
2269	2340	2489
2276	2320	2329
2320	2372	2329
2372	2403	2329
2403	2433	2329
2282	2462	2342
2462	2510	2342
2510	2480	2342
2480	2274	2342
2480	2418	2274
2418	2361	2274
2418	2457	2361
2457	2395	2361
2457	2492	2395
2492	2410	2395
2457	2617	2492
2617	2680	2492
2418	2480	2457
2282	2485	2462
2288	2315	2311
2315	2390	2311
2390	2450	2311
2390	2526	2450
2526	2566	2450
2333	2344	2525
2378	2530	2387
2530	2473	2387
2473	2415	2387
2473	2527	2415
2473	2530	2527
2378	2571	2530
2571	2655	2530
2571	2754	2655
2379	2475	2383
2475	2528	2383
2528	2445	2383
2475	2548	2528
2475	2550	2548
2380	2553	2484
2384	2408	2515
2384	2341	2408
2384	2455	2341
2384	2515	2455
2408	2504	2515
2408	2385	2504
2393	2441	2402
2402	2319	2393
2319	2295	2393
2401	2539	2454
2401	2506	2539
2401	2433	2506
2414	2630	2514
2630	2579	2514
2630	2769	2579
2769	2647	2579
2769	2808	2647
2769	2813	2808
2769	2823	2813
2823	3049	2813
2823	2981	3049
2981	3133	3049
3133	3084	3049
3084	3039	3049
3084	3098	3039
3133	3232	3084
2981	3037	3133
3037	3143	3133
3037	3007	3143
3007	3059	3143
3059	3130	3143
3130	3229	3143
3130	3226	3229
3226	3299	3229
3226	3335	3299
3335	3366	3299
3366	3339	3299
3366	3430	3339
3430	3484	3339
3484	3450	3339
3450	3298	3339
3450	3271	3298
3271	3232	3298
3484	3579	3450
3579	3544	3450
3430	3499	3484
3499	3558	3484
3499	3465	3558
3465	3603	3558
3603	3665	3558
3665	3684	3558
3465	3485	3603
3465	3447	3485
3465	3366	3447
3465	3430	3366
3465	3499	3430
3059	3085	3130
3059	3089	3085
3007	2876	3059
2876	2853	3059
2769	2630	2823
2630	2657	2823
2630	2640	2657
2640	2729	2657
2630	2423	2640
2416	2523	2477
2419	2501	2578
2435	2487	2576
2446	2448	2507
2447	2598	2699
2598	2698	2699
2598	2602	2698
2602	2604	2698
2602	2503	2604
2503	2556	2604
2556	2632	2604
2451	2534	2577
2451	2461	2534
2534	2649	2577
2649	2663	2577
2663	2596	2577
2596	2496	2577
2596	2463	2496
2649	2750	2663
2456	2599	2481
2456	2692	2599
2692	2723	2599
2723	2679	2599
2679	2613	2599
2679	2697	2613
2679	2723	2697
2692	2734	2723
2734	2878	2723
2456	2493	2692
2493	2612	2692
2612	2755	2692
2612	2714	2755
2714	2744	2755
2744	2908	2755
2908	2983	2755
2908	3055	2983
3055	3018	2983
3018	2878	2983
3018	3027	2878
3027	3101	2878
3027	3214	3101
3027	3055	3214
3055	3279	3214
3279	3305	3214
3279	3473	3305
3473	3431	3305
3431	3439	3305
3439	3411	3305
3411	3296	3305
3411	3397	3296
3439	3586	3411
3279	3309	3473
3309	3466	3473
3309	3384	3466
3384	3514	3466
3514	3611	3466
3611	3643	3466
3611	3769	3643
3769	3875	3643
3384	3369	3514
3384	3297	3369
3309	3256	3384
3309	3279	3256
3279	3055	3256
3027	3018	3055
2908	2966	3055
2908	2920	2966
2920	3032	2966
2908	2789	2920
2908	2744	2789
2744	2756	2789
2744	2633	2756
2633	2569	2756
2744	2714	2633
2714	2612	2633
2612	2532	2633
2612	2493	2532
2464	2495	2691
2691	2568	2464
2691	2708	2568
2708	2538	2568
2708	2735	2538
2735	2583	2538
2735	2743	2583
2743	2757	2583
2757	2732	2583
2732	2557	2583
2732	2559	2557
2757	2871	2732
2871	2790	2732
2478	2650	2607
2650	2724	2607
2724	2660	2607
2650	2683	2724
2683	2824	2724
2650	2606	2683
2650	2478	2606
2490	2585	2584
2585	2595	2584
2595	2700	2584
2494	2581	2508
2494	2489	2581
2489	2677	2581
2677	2656	2581
2656	2687	2581
2656	2677	2687
2677	2745	2687
2745	2910	2687
2910	2919	2687
2910	2953	2919
2953	3073	2919
3073	3090	2919
3090	3054	2919
3073	3208	3090
3073	3244	3208
3073	3148	3244
3148	3222	3244
3148	3163	3222
3163	3233	3222
3163	3261	3233
3261	3317	3233
3261	3314	3317
3314	3338	3317
3338	3492	3317
3492	3452	3317
3492	3498	3452
3492	3677	3498
3677	3680	3498
3680	3526	3498
3492	3654	3677
3654	3866	3677
3148	3081	3163
3081	3010	3163
3148	3073	3081
3073	2953	3081
2677	2588	2745
2588	2636	2745
2636	2806	2745
2677	2489	2588
2494	2326	2489
2498	2575	2565
2498	2645	2575
2645	2565	2575
2645	2760	2565
2760	2619	2565
2619	2500	2565
2500	2498	2565
2760	2786	2619
2786	2688	2619
2786	2822	2688
2822	2832	2688
2832	2706	2688
2706	2631	2688
2832	2862	2706
2832	2930	2862
2832	2922	2930
2922	2993	2930
2922	2970	2993
2970	2949	2993
2949	3095	2993
2949	3048	3095
3048	3210	3095
3048	3121	3210
3121	3252	3210
3252	3304	3210
3252	3410	3304
3410	3451	3304
3451	3421	3304
3421	3249	3304
3451	3512	3421
3512	3433	3421
3433	3407	3421
3512	3541	3433
3541	3591	3433
3512	3600	3541
3512	3451	3600
3451	3569	3600
3252	3307	3410
3252	3121	3307
3121	3179	3307
3179	3322	3307
3179	3285	3322
3285	3398	3322
3285	3462	3398
3462	3470	3398
3285	3266	3462
3266	3481	3462
3179	3132	3285
3179	2990	3132
2990	2969	3132
2990	2948	2969
2990	3022	2948
3022	2902	2948
3022	2950	2902
3022	3048	2950
3022	3121	3048
3022	3179	3121
3022	2990	3179
2760	2799	2786
2799	2949	2786
2760	2950	2799
2760	2793	2950
2760	2667	2793
2667	2694	2793
2667	2512	2694
2512	2668	2694
2667	2645	2512
2645	2498	2512
2667	2760	2645
2531	2614	2626
2626	2504	2531
2614	2726	2626
2726	2777	2626
2726	2846	2777
2614	2700	2726
2535	2653	2648
2648	2636	2535
2535	2618	2653
2618	2772	2653
2536	2673	2586
2673	2741	2586
2536	2634	2673
2634	2838	2673
2838	2856	2673
2536	2601	2634
2540	2717	2628
2540	2707	2717
2707	2722	2717
2707	2508	2722
2545	2746	2555
2746	2682	2555
2682	2572	2555
2545	2625	2746
2625	2834	2746
2834	2761	2746
2570	2681	2751
2681	2829	2751
2829	2865	2751
2829	2877	2865
2829	2925	2877
2829	2897	2925
2897	2960	2925
2829	2863	2897
2829	2784	2863
2597	2629	2719
2597	2515	2629
2719	2638	2597
2719	2731	2638
2609	2768	2763
2763	2632	2609
2632	2591	2609
2763	2831	2632
2763	2888	2831
2888	3023	2831
3023	2959	2831
2959	2886	2831
2886	2698	2831
2886	2872	2698
3023	3076	2959
2888	3047	3023
2609	2652	2768
2652	2764	2768
2764	2797	2768
2797	2954	2768
2797	3020	2954
2797	3019	3020
3019	3082	3020
3019	3114	3082
3114	3224	3082
2797	2941	3019
2797	2779	2941
2779	2815	2941
2815	2835	2941
2835	2859	2941
2859	2994	2941
2835	2706	2859
2835	2815	2706
2797	2652	2779
2797	2764	2652
2616	2705	2785
2643	2830	2696
2696	2510	2643
2830	2833	2696
2833	2703	2696
2703	2669	2696
2703	2812	2669
2812	2765	2669
2703	2892	2812
2703	2833	2892
2830	2967	2833
2830	2873	2967
2873	3042	2967
3042	3041	2967
2830	2715	2873
2830	2643	2715
2662	2710	2782
2665	2736	2774
2774	2725	2665
2774	2740	2725
2740	2718	2725
2774	2942	2740
2672	2675	2702
2675	2690	2702
2674	2780	2839
2780	2844	2839
2844	2929	2839
2929	2874	2839
2844	2917	2929
2917	3008	2929
2917	2978	3008
2978	3099	3008
2844	2805	2917
2844	2780	2805
2684	2771	2817
2709	2728	2796
2728	2747	2796
2747	2884	2796
2747	2879	2884
2747	2861	2879
2720	2821	2819
2742	2890	2887
2890	2963	2887
2890	2858	2963
2858	2965	2963
2965	3056	2963
2965	3011	3056
3011	3106	3056
3011	2896	3106
3011	2965	2896
2890	2742	2858
2753	2827	2825
2759	2850	2898
2762	2937	2885
2762	2934	2937
2770	2852	2870
2775	2801	2798
2778	2932	2837
2932	2944	2837
2932	2995	2944
2932	3026	2995
3026	3058	2995
3058	3060	2995
3058	3162	3060
2932	2938	3026
2932	2778	2938
2788	2791	2836
2836	2915	2788
2915	2999	2788
2999	2828	2788
2792	2907	2976
2907	3036	2976
3036	2997	2976
2800	2911	2882
2807	2816	2926
2816	2958	2926
2958	3033	2926
3033	2992	2926
2992	2936	2926
3033	3069	2992
3033	3112	3069
3112	3144	3069
3144	3153	3069
3112	3166	3144
2816	2898	2958
2857	2928	2889
2866	3006	2985
3006	3093	2985
3093	3074	2985
3006	3094	3093
3094	3125	3093
3094	3177	3125
3177	3293	3125
2901	2939	2986
2905	2951	3044
2914	2924	3065
2924	3021	3065
2916	2931	3045
3045	2952	2916
3045	2977	2952
2977	2984	2952
2977	3063	2984
3063	3067	2984
3063	3127	3067
2977	3045	3063
2918	3066	3061
2921	3105	3092
3105	3255	3092
2921	3035	3105
2933	2988	2987
2962	3025	3139
3025	3128	3139
3128	3207	3139
3128	3247	3207
3128	3083	3247
3128	3025	3083
2964	3017	3013
2968	2973	3034
3034	3091	2968
2979	3005	3003
3005	3167	3003
3167	3198	3003
3198	3119	3003
3198	3239	3119
3239	3175	3119
3239	3315	3175
3239	3405	3315
3405	3425	3315
3405	3572	3425
3572	3574	3425
3405	3418	3572
3418	3625	3572
3625	3702	3572
3625	3690	3702
3405	3239	3418
3239	3198	3418
3198	3336	3418
3336	3459	3418
3336	3385	3459
3385	3604	3459
3385	3534	3604
3534	3678	3604
3678	3772	3604
3772	3789	3604
3772	3810	3789
3810	3832	3789
3772	3678	3810
3678	3735	3810
3735	3888	3810
3735	3787	3888
3787	3936	3888
3936	4050	3888
3787	3928	3936
3928	4047	3936
3928	3975	4047
3787	3755	3928
3755	3830	3928
3787	3628	3755
3787	3594	3628
3594	3508	3628
3508	3566	3628
3508	3518	3566
3518	3547	3566
3518	3368	3547
3368	3351	3547
3351	3460	3547
3460	3536	3547
3460	3548	3536
3460	3390	3548
3390	3491	3548
3491	3587	3548
3491	3426	3587
3426	3482	3587
3482	3646	3587
3491	3390	3426
3390	3329	3426
3390	3186	3329
3186	3246	3329
3186	3096	3246
3186	3054	3096
3351	3277	3460
3277	3301	3460
3277	3216	3301
3277	3149	3216
3149	3154	3216
3149	3142	3154
3149	3123	3142
3123	3071	3142
3149	3219	3123
3149	3277	3219
3518	3508	3368
3508	3378	3368
3378	3275	3368
3508	3487	3378
3487	3415	3378
3508	3594	3487
3787	3622	3594
3787	3728	3622
3728	3735	3622
3735	3678	3622
3728	3787	3735
3336	3273	3385
3005	3171	3167
3005	3117	3171
3117	3151	3171
3117	3057	3151
3117	3005	3057
3005	3009	3057
2979	2801	3005
2991	3062	3086
3062	3217	3086
2996	3000	3159
2998	3052	3043
3052	3124	3043
3124	3106	3043
3124	3225	3106
3225	3248	3106
3225	3383	3248
3383	3350	3248
3383	3441	3350
3383	3377	3441
3377	3592	3441
3592	3615	3441
3615	3582	3441
3582	3585	3441
3592	3644	3615
3377	3380	3592
3383	3225	3377
3015	3028	3079
3079	3089	3015
3016	3097	3078
3078	3072	3016
3016	3051	3097
3031	3168	3075
3038	3134	3173
3050	3174	3200
3174	3201	3200
3087	3183	3193
3087	3197	3183
3109	3120	3158
3115	3227	3221
3116	3131	3209
3126	3203	3195
3126	3140	3203
3126	3091	3140
3091	3138	3140
3195	3129	3126
3195	3151	3129
3136	3284	3243
3284	3331	3243
3331	3236	3243
3331	3347	3236
3347	3311	3236
3311	3269	3236
3269	3162	3236
3311	3375	3269
3375	3312	3269
3331	3393	3347
3331	3357	3393
3331	3284	3357
3141	3161	3185
3185	3211	3141
3185	3288	3211
3288	3319	3211
3185	3268	3288
3268	3349	3288
3185	3161	3268
3152	3170	3223
3170	3180	3223
3180	3289	3223
3289	3262	3223
3262	3152	3223
3289	3308	3262
3169	3392	3355
3355	3217	3169
3392	3494	3355
3392	3448	3494
3448	3608	3494
3608	3607	3494
3607	3590	3494
3607	3685	3590
3685	3694	3590
3685	3748	3694
3685	3896	3748
3896	3793	3748
3793	3771	3748
3793	3836	3771
3793	3937	3836
3937	3939	3836
3939	3921	3836
3939	4131	3921
4131	4145	3921
3793	3896	3937
3448	3442	3608
3169	3193	3392
3178	3345	3330
3330	3287	3178
3287	3099	3178
3330	3435	3287
3435	3429	3287
3429	3303	3287
3303	3258	3287
3330	3376	3435
3376	3461	3435
3461	3556	3435
3461	3489	3556
3489	3621	3556
3489	3649	3621
3649	3827	3621
3827	3713	3621
3827	3751	3713
3827	3988	3751
3827	3918	3988
3918	3978	3988
3978	4102	3988
3978	4076	4102
4076	4204	4102
4204	4173	4102
4076	4164	4204
4076	4184	4164
3827	3842	3918
3827	3649	3842
3649	3741	3842
3649	3618	3741
3649	3489	3618
3461	3376	3489
3330	3345	3376
3345	3400	3376
3345	3348	3400
3345	3178	3348
3182	3270	3283
3182	3264	3270
3188	3354	3346
3354	3525	3346
3212	3394	3259
3394	3379	3259
3394	3438	3379
3394	3449	3438
3449	3593	3438
3449	3632	3593
3632	3800	3593
3800	3696	3593
3696	3530	3593
3696	3711	3530
3800	3812	3696
3800	3880	3812
3880	3948	3812
3948	3922	3812
3948	4010	3922
4010	4065	3922
3800	3770	3880
3449	3517	3632
3517	3693	3632
3231	3404	3238
3238	3197	3231
3235	3291	3403
3241	3278	3364
3250	3282	3323
3251	3302	3306
3302	3386	3306
3386	3344	3306
3386	3480	3344
3386	3486	3480
3302	3326	3386
3286	3361	3290
3361	3363	3290
3361	3464	3363
3464	3479	3363
3292	3327	3324
3310	3395	3321
3395	3340	3321
3395	3413	3340
3413	3506	3340
3506	3417	3340
3417	3362	3340
3413	3562	3506
3562	3596	3506
3413	3613	3562
3413	3652	3613
3652	3721	3613
3652	3738	3721
3652	3651	3738
3651	3749	3738
3395	3406	3413
3395	3310	3406
3316	3428	3446
3428	3444	3446
3325	3343	3416
3416	3382	3325
3416	3432	3382
3432	3468	3382
3352	3503	3516
3356	3387	3505
3367	3455	3477
3455	3567	3477
3567	3658	3477
3658	3575	3477
3370	3476	3469
3374	3537	3539
3537	3687	3539
3537	3605	3687
3605	3868	3687
3868	3824	3687
3537	3568	3605
3388	3535	3463
3463	3364	3388
3463	3427	3364
3463	3447	3427
3389	3445	3412
3445	3440	3412
3445	3578	3440
3578	3520	3440
3520	3453	3440
3520	3634	3453
3408	3454	3493
3493	3483	3408
3493	3564	3483
3414	3509	3496
3437	3467	3529
3443	3513	3471
3513	3527	3471
3527	3442	3471
3443	3495	3513
3495	3538	3513
3538	3743	3513
3743	3744	3513
3538	3724	3743
3538	3553	3724
3553	3682	3724
3456	3552	3523
3552	3700	3523
3472	3504	3555
3472	3403	3504
3474	3511	3488
3511	3554	3488
3490	3629	3671
3629	3648	3671
3648	3782	3671
3782	3816	3671
3816	3682	3671
3782	3861	3816
3782	3798	3861
3798	4013	3861
3798	4015	4013
4015	4137	4013
4015	4155	4137
3798	3952	4015
3798	3788	3952
3782	3648	3798
3501	3524	3565
3565	3535	3501
3502	3522	3602
3522	3631	3602
3507	3546	3577
3550	3754	3623
3623	3529	3550
3623	3640	3529
3623	3754	3640
3754	3804	3640
3754	3859	3804
3754	3873	3859
3754	3775	3873
3775	3833	3873
3833	3870	3873
3870	3931	3873
3870	3938	3931
3775	3784	3833
3784	3797	3833
3775	3601	3784
3775	3754	3601
3754	3550	3601
3576	3666	3703
3666	3686	3703
3595	3614	3673
3595	3516	3614
3516	3627	3614
3627	3673	3614
3673	3597	3595
3597	3509	3595
3673	3662	3597
3673	3839	3662
3673	3780	3839
3599	3709	3712
3599	3736	3709
3736	3712	3709
3617	3633	3742
3633	3725	3742
3725	3799	3742
3742	3723	3617
3620	3708	3710
3708	3890	3710
3890	3892	3710
3708	3843	3890
3626	3761	3719
3636	3668	3637
3636	3577	3668
3577	3706	3668
3706	3734	3668
3734	3705	3668
3705	3637	3668
3705	3676	3637
3705	3786	3676
3786	3655	3676
3706	3820	3734
3706	3647	3820
3638	3750	3745
3750	3860	3745
3745	3657	3638
3639	3781	3717
3781	3811	3717
3781	3819	3811
3639	3701	3781
3641	3732	3752
3641	3719	3732
3732	3813	3752
3813	3867	3752
3867	3865	3752
3865	3817	3752
3817	3675	3752
3865	3844	3817
3867	4012	3865
4012	4004	3865
3867	3920	4012
3920	3986	4012
3986	4040	4012
3920	3959	3986
3867	3813	3920
3732	3779	3813
3661	3803	3691
3661	3805	3803
3667	3759	3756
3756	3831	3667
3831	3760	3667
3667	3535	3759
3670	3807	3714
3674	3783	3757
3783	3849	3757
3849	3853	3757
3704	3763	3814
3704	3740	3763
3740	3806	3763
3806	3872	3763
3872	3814	3763
3872	3984	3814
3872	3969	3984
3872	3806	3969
3806	3922	3969
3740	3711	3806
3814	3701	3704
3718	3823	3841
3823	3877	3841
3877	3911	3841
3911	3848	3841
3877	3898	3911
3898	3941	3911
3941	3960	3911
3941	3981	3960
3941	4059	3981
4059	4082	3981
4059	4107	4082
4107	4178	4082
4178	4197	4082
4197	4142	4082
4197	4224	4142
4224	4190	4142
4224	4244	4190
4244	4242	4190
4242	4185	4190
4185	4103	4190
4185	4154	4103
4154	4018	4103
4018	4030	4103
4018	3974	4030
3974	3902	4030
3974	3933	3902
3933	3883	3902
3883	3876	3902
3933	3878	3883
3933	3915	3878
3915	3802	3878
3915	3785	3802
3915	3795	3785
3915	3945	3795
3945	3834	3795
3945	3884	3834
3884	3815	3834
3945	3979	3884
3979	3919	3884
3945	4042	3979
3945	4081	4042
4081	4143	4042
4143	4083	4042
4143	4120	4083
4143	4196	4120
4196	4130	4120
4130	3998	4120
4196	4273	4130
4196	4249	4273
4249	4325	4273
4325	4317	4273
4317	4226	4273
4317	4326	4226
4326	4220	4226
4220	4151	4226
4317	4385	4326
4385	4351	4326
4385	4415	4351
4415	4355	4351
4415	4416	4355
4415	4507	4416
4507	4518	4416
4518	4509	4416
4509	4365	4416
4518	4649	4509
4649	4600	4509
4649	4658	4600
4658	4616	4600
4616	4595	4600
4595	4526	4600
4595	4556	4526
4556	4449	4526
4556	4527	4449
4527	4386	4449
4386	4365	4449
4527	4379	4386
4379	4277	4386
4379	4303	4277
4303	4235	4277
4235	4180	4277
4379	4338	4303
4556	4581	4527
4556	4595	4581
4595	4616	4581
4616	4636	4581
4616	4728	4636
4728	4715	4636
4715	4703	4636
4703	4619	4636
4619	4580	4636
4703	4640	4619
4703	4711	4640
4711	4625	4640
4711	4735	4625
4735	4710	4625
4710	4667	4625
4710	4668	4667
4668	4574	4667
4710	4724	4668
4724	4674	4668
4674	4571	4668
4674	4641	4571
4641	4567	4571
4567	4412	4571
4412	4400	4571
4412	4392	4400
4392	4374	4400
4392	4313	4374
4313	4217	4374
4217	4198	4374
4313	4177	4217
4177	4165	4217
4313	4215	4177
4313	4384	4215
4384	4358	4215
4358	4155	4215
4358	4337	4155
4358	4436	4337
4358	4454	4436
4454	4521	4436
4521	4568	4436
4568	4485	4436
4454	4445	4521
4445	4471	4521
4445	4384	4471
4445	4358	4384
4445	4454	4358
4567	4471	4412
4567	4641	4471
4674	4692	4641
4692	4693	4641
4692	4727	4693
4727	4734	4693
4734	4673	4693
4734	4737	4673
4737	4680	4673
4737	4757	4680
4757	4771	4680
4757	4822	4771
4757	4923	4822
4923	4914	4822
4914	4866	4822
4914	4922	4866
4914	4954	4922
4954	4901	4922
4901	4886	4922
4886	4870	4922
4954	4955	4901
4955	4910	4901
4955	4945	4910
4945	4911	4910
4945	4968	4911
4968	4998	4911
4998	4902	4911
4998	5026	4902
5026	4981	4902
4981	4871	4902
4871	4820	4902
4871	4744	4820
5026	5006	4981
5006	4984	4981
5006	5046	4984
5046	5023	4984
5023	4986	4984
4986	4931	4984
4931	4869	4984
4931	4883	4869
4931	4879	4883
4931	4940	4879
4940	4842	4879
4940	4936	4842
4936	4925	4842
4925	4872	4842
4872	4832	4842
4872	4789	4832
4789	4713	4832
4789	4700	4713
4789	4758	4700
4758	4783	4700
4758	4789	4783
4789	4865	4783
4865	4849	4783
4849	4845	4783
4845	4754	4783
4845	4817	4754
4817	4761	4754
4817	4739	4761
4739	4742	4761
4742	4662	4761
4742	4675	4662
4742	4739	4675
4817	4846	4739
4846	4787	4739
4846	4882	4787
4882	4862	4787
4862	4743	4787
4743	4723	4787
4882	4891	4862
4891	4924	4862
4891	4882	4924
4882	4982	4924
4982	5002	4924
4982	5022	5002
5022	5054	5002
5054	4996	5002
5054	5050	4996
5050	5044	4996
5044	4964	4996
4964	4952	4996
4952	4960	4996
4964	4926	4952
5044	5036	4964
5036	5008	4964
5008	4885	4964
5008	4942	4885
5008	5012	4942
5012	4990	4942
4990	4913	4942
4990	4966	4913
5012	5060	4990
5012	5008	5060
5008	5036	5060
5036	5082	5060
5082	5083	5060
5083	5052	5060
5083	5106	5052
5106	5100	5052
5100	5005	5052
5005	5020	5052
5005	4975	5020
5005	4919	4975
5005	4933	4919
4933	4868	4919
4933	4850	4868
4850	4847	4868
4850	4813	4847
4813	4805	4847
4850	4856	4813
4856	4768	4813
4768	4705	4813
4856	4767	4768
4856	4838	4767
4838	4777	4767
4777	4733	4767
4777	4770	4733
4770	4721	4733
4770	4815	4721
4815	4780	4721
4780	4661	4721
4815	4801	4780
4801	4792	4780
4792	4732	4780
4732	4679	4780
4732	4730	4679
4732	4765	4730
4765	4803	4730
4803	4717	4730
4803	4766	4717
4766	4677	4717
4766	4726	4677
4766	4810	4726
4810	4811	4726
4811	4776	4726
4776	4686	4726
4776	4682	4686
4682	4652	4686
4776	4786	4682
4786	4716	4682
4716	4681	4682
4716	4755	4681
4755	4678	4681
4678	4657	4681
4678	4664	4657
4664	4615	4657
4615	4603	4657
4603	4598	4657
4603	4560	4598
4560	4517	4598
4603	4542	4560
4542	4453	4560
4542	4394	4453
4394	4335	4453
4335	4308	4453
4308	4346	4453
4346	4427	4453
4308	4301	4346
4308	4194	4301
4308	4174	4194
4308	4335	4174
4335	4287	4174
4335	4364	4287
4364	4253	4287
4364	4307	4253
4364	4376	4307
4376	4333	4307
4376	4395	4333
4395	4370	4333
4370	4274	4333
4370	4266	4274
4266	4221	4274
4266	4271	4221
4271	4282	4221
4282	4216	4221
4216	4149	4221
4216	4178	4149
4178	4094	4149
4178	4107	4094
4216	4197	4178
4216	4302	4197
4302	4224	4197
4302	4306	4224
4306	4244	4224
4306	4345	4244
4345	4242	4244
4345	4265	4242
4265	4185	4242
4265	4240	4185
4240	4166	4185
4166	4154	4185
4166	4133	4154
4133	4018	4154
4133	4080	4018
4080	3985	4018
3985	3915	4018
3915	3933	4018
3933	3974	4018
3985	3945	3915
3985	4081	3945
3985	4080	4081
4080	4116	4081
4116	4143	4081
4116	4191	4143
4191	4196	4143
4191	4249	4196
4191	4254	4249
4254	4343	4249
4343	4325	4249
4343	4424	4325
4424	4444	4325
4444	4336	4325
4336	4317	4325
4336	4385	4317
4336	4444	4385
4444	4487	4385
4487	4483	4385
4483	4472	4385
4472	4415	4385
4472	4507	4415
4472	4483	4507
4483	4587	4507
4587	4518	4507
4483	4487	4587
4487	4561	4587
4561	4586	4587
4586	4626	4587
4626	4643	4587
4643	4649	4587
4643	4712	4649
4712	4658	4649
4712	4718	4658
4718	4728	4658
4728	4616	4658
4718	4745	4728
4745	4746	4728
4746	4752	4728
4752	4715	4728
4752	4774	4715
4774	4703	4715
4774	4711	4703
4774	4778	4711
4778	4772	4711
4772	4749	4711
4749	4735	4711
4749	4764	4735
4764	4759	4735
4759	4710	4735
4759	4724	4710
4759	4727	4724
4727	4692	4724
4692	4674	4724
4759	4784	4727
4784	4825	4727
4825	4750	4727
4750	4734	4727
4750	4737	4734
4750	4824	4737
4824	4757	4737
4824	4884	4757
4884	4923	4757
4884	4962	4923
4962	5032	4923
5032	4989	4923
4989	4914	4923
4989	4954	4914
4989	4995	4954
4995	4955	4954
4995	4980	4955
4980	4945	4955
4980	4968	4945
4980	4983	4968
4983	4998	4968
4983	5011	4998
5011	5048	4998
5048	5026	4998
5048	5075	5026
5075	5034	5026
5034	5006	5026
5034	5046	5006
5034	5075	5046
5075	5087	5046
5087	5066	5046
5066	5023	5046
5066	5056	5023
5056	5003	5023
5003	5004	5023
5004	4986	5023
5004	4940	4986
4940	4931	4986
5004	4936	4940
5004	5003	4936
5003	4925	4936
5003	4973	4925
4973	4963	4925
4963	4865	4925
4865	4872	4925
4865	4789	4872
4963	4951	4865
4951	4849	4865
4951	4943	4849
4943	4853	4849
4853	4845	4849
4853	4876	4845
4876	4817	4845
4876	4846	4817
4876	4939	4846
4939	4882	4846
4939	4982	4882
4939	4970	4982
4970	4992	4982
4992	5022	4982
4992	5028	5022
5028	5054	5022
5028	5045	5054
5045	5065	5054
5065	5080	5054
5080	5085	5054
5085	5062	5054
5062	5050	5054
5062	5044	5050
5062	5036	5044
5062	5082	5036
5062	5085	5082
5085	5102	5082
5102	5118	5082
5118	5083	5082
5118	5116	5083
5116	5106	5083
5116	5117	5106
5117	5113	5106
5113	5100	5106
5113	5109	5100
5109	5115	5100
5115	5061	5100
5061	5005	5100
5061	5033	5005
5033	4933	5005
5033	5000	4933
5000	4898	4933
4898	4850	4933
4898	4856	4850
4898	4875	4856
4875	4838	4856
4875	4920	4838
4920	4912	4838
4912	4896	4838
4896	4815	4838
4815	4770	4838
4770	4777	4838
4896	4892	4815
4892	4801	4815
4892	4854	4801
4854	4792	4801
4892	4893	4854
4893	4917	4854
4893	4899	4917
4899	4938	4917
4938	4957	4917
4957	4958	4917
4958	4894	4917
4958	4915	4894
4915	4848	4894
4915	4907	4848
4907	4833	4848
4833	4829	4848
4829	4766	4848
4766	4803	4848
4829	4810	4766
4829	4833	4810
4833	4811	4810
4833	4904	4811
4904	4840	4811
4840	4799	4811
4799	4776	4811
4799	4786	4776
4799	4840	4786
4840	4793	4786
4793	4716	4786
4793	4755	4716
4793	4791	4755
4793	4843	4791
4843	4839	4791
4839	4809	4791
4839	4855	4809
4855	4798	4809
4798	4790	4809
4790	4779	4809
4779	4729	4809
4779	4725	4729
4725	4720	4729
4720	4678	4729
4720	4676	4678
4676	4664	4678
4676	4615	4664
4676	4632	4615
4632	4585	4615
4585	4542	4615
4542	4603	4615
4585	4529	4542
4529	4462	4542
4462	4394	4542
4462	4364	4394
4364	4335	4394
4462	4376	4364
4462	4395	4376
4462	4450	4395
4450	4404	4395
4404	4370	4395
4404	4406	4370
4406	4309	4370
4309	4266	4370
4309	4271	4266
4309	4282	4271
4309	4297	4282
4297	4216	4282
4297	4302	4216
4297	4306	4302
4297	4383	4306
4383	4345	4306
4383	4432	4345
4432	4391	4345
4391	4360	4345
4360	4265	4345
4360	4240	4265
4360	4290	4240
4290	4261	4240
4261	4229	4240
4229	4166	4240
4229	4133	4166
4229	4191	4133
4191	4116	4133
4116	4080	4133
4229	4254	4191
4229	4261	4254
4261	4290	4254
4290	4343	4254
4290	4421	4343
4421	4424	4343
4421	4468	4424
4468	4491	4424
4491	4444	4424
4491	4487	4444
4491	4561	4487
4491	4537	4561
4537	4586	4561
4537	4506	4586
4506	4523	4586
4523	4620	4586
4620	4638	4586
4638	4645	4586
4645	4626	4586
4645	4643	4626
4645	4698	4643
4698	4712	4643
4698	4740	4712
4740	4736	4712
4736	4718	4712
4736	4738	4718
4738	4745	4718
4738	4797	4745
4797	4812	4745
4812	4808	4745
4808	4746	4745
4808	4752	4746
4808	4823	4752
4823	4818	4752
4818	4774	4752
4818	4814	4774
4814	4778	4774
4814	4772	4778
4814	4806	4772
4806	4749	4772
4806	4764	4749
4806	4851	4764
4851	4784	4764
4784	4759	4764
4851	4825	4784
4851	4878	4825
4878	4831	4825
4831	4750	4825
4831	4824	4750
4831	4867	4824
4867	4884	4824
4867	4888	4884
4888	4953	4884
4953	4962	4884
4953	5017	4962
4953	4991	5017
4991	5040	5017
5040	5049	5017
5049	5032	5017
5049	5076	5032
5076	5047	5032
5047	5019	5032
5019	4989	5032
5019	5035	4989
5035	4995	4989
5035	5053	4995
5053	5031	4995
5031	4980	4995
5031	4983	4980
5031	5011	4983
5031	5048	5011
5031	5068	5048
5068	5075	5048
5068	5087	5075
5068	5119	5087
5119	5110	5087
5110	5066	5087
5110	5090	5066
5090	5063	5066
5063	5056	5066
5063	5091	5056
5063	5097	5091
5097	5120	5091
5120	5104	5091
5104	5079	5091
5104	5094	5079
5094	5080	5079
5080	5073	5079
5073	5016	5079
5073	5009	5016
5009	4973	5016
4973	5003	5016
5003	5056	5016
5009	4969	4973
4969	4951	4973
4951	4963	4973
4969	4943	4951
4969	4970	4943
4970	4939	4943
4939	4876	4943
4876	4853	4943
4969	4992	4970
4969	5014	4992
5014	5045	4992
5045	5028	4992
5014	5065	5045
5014	5009	5065
5009	5073	5065
5073	5080	5065
5014	4969	5009
5094	5085	5080
5094	5102	5085
5094	5104	5102
5104	5120	5102
5120	5118	5102
5120	5122	5118
5122	5123	5118
5123	5116	5118
5123	5117	5116
5123	5126	5117
5126	5113	5117
5126	5124	5113
5124	5115	5113
5115	5109	5113
5126	5125	5124
5125	5119	5124
5125	5114	5119
5114	5110	5119
5114	5090	5110
5114	5093	5090
5093	5063	5090
5093	5097	5063
5093	5121	5097
5121	5120	5097
5121	5126	5120
5126	5122	5120
5126	5123	5122
5121	5125	5126
5121	5114	5125
5121	5093	5114
5031	5053	5068
5053	5081	5068
5053	5069	5081
5069	5074	5081
5074	5096	5081
5096	5112	5081
5096	5111	5112
5096	5105	5111
5105	5103	5111
5096	5098	5105
5098	5095	5105
5098	5084	5095
5084	5076	5095
5084	5088	5076
5088	5047	5076
5088	5074	5047
5074	5035	5047
5035	5019	5047
5074	5053	5035
5074	5069	5053
5088	5096	5074
5088	5098	5096
5088	5084	5098
4991	5041	5040
4991	4971	5041
4991	4953	4971
4953	4928	4971
4928	4947	4971
4928	4878	4947
4928	4908	4878
4908	4888	4878
4888	4867	4878
4867	4831	4878
4908	4953	4888
4908	4928	4953
4806	4889	4851
4806	4890	4889
4890	4905	4889
4905	4937	4889
4905	4944	4937
4944	4949	4937
4944	4961	4949
4944	4946	4961
4946	4972	4961
4972	5007	4961
4972	4979	5007
4979	4987	5007
4987	4985	5007
4985	4999	5007
4999	5030	5007
5030	5038	5007
5030	5043	5038
5043	5055	5038
5030	5029	5043
5029	5025	5043
5025	5051	5043
5051	5072	5043
5051	5071	5072
5051	5070	5071
5051	5064	5070
5064	5092	5070
5064	5078	5092
5078	5089	5092
5089	5103	5092
5089	5101	5103
5101	5108	5103
5101	5099	5108
5099	5086	5108
5086	5107	5108
5086	5067	5107
5067	5061	5107
5061	5115	5107
5067	5033	5061
5067	5000	5033
5067	5042	5000
5042	4988	5000
4988	4965	5000
4965	4920	5000
4920	4898	5000
4920	4875	4898
4965	4912	4920
4965	4896	4912
4965	4916	4896
4916	4892	4896
4916	4899	4892
4899	4893	4892
4916	4938	4899
4916	4978	4938
4978	4967	4938
4967	4957	4938
4967	4958	4957
4967	5001	4958
5001	4977	4958
4977	4935	4958
4935	4915	4958
4935	4934	4915
4934	4907	4915
4934	4948	4907
4948	4959	4907
4959	4921	4907
4921	4904	4907
4904	4833	4907
4921	4840	4904
4921	4861	4840
4861	4793	4840
4861	4843	4793
4861	4906	4843
4906	4918	4843
4918	4860	4843
4860	4839	4843
4860	4855	4839
4860	4873	4855
4873	4909	4855
4909	4864	4855
4864	4816	4855
4816	4798	4855
4816	4795	4798
4795	4790	4798
4795	4794	4790
4794	4788	4790
4788	4779	4790
4788	4725	4779
4788	4782	4725
4782	4707	4725
4707	4690	4725
4690	4666	4725
4666	4656	4725
4656	4684	4725
4684	4720	4725
4684	4676	4720
4684	4632	4676
4684	4611	4632
4611	4585	4632
4611	4551	4585
4551	4529	4585
4551	4462	4529
4551	4450	4462
4551	4524	4450
4524	4404	4450
4524	4519	4404
4519	4406	4404
4519	4482	4406
4482	4489	4406
4489	4383	4406
4383	4309	4406
4383	4297	4309
4489	4495	4383
4495	4488	4383
4488	4432	4383
4488	4469	4432
4469	4413	4432
4413	4391	4432
4413	4360	4391
4469	4512	4413
4512	4499	4413
4499	4421	4413
4499	4468	4421
4499	4537	4468
4537	4491	4468
4499	4506	4537
4499	4512	4506
4512	4523	4506
4512	4557	4523
4557	4620	4523
4557	4613	4620
4613	4672	4620
4672	4638	4620
4672	4698	4638
4698	4645	4638
4672	4706	4698
4706	4709	4698
4709	4740	4698
4709	4782	4740
4782	4819	4740
4819	4797	4740
4797	4736	4740
4797	4738	4736
4819	4812	4797
4819	4834	4812
4834	4874	4812
4874	4823	4812
4823	4808	4812
4874	4826	4823
4826	4818	4823
4874	4880	4826
4874	4909	4880
4909	4927	4880
4909	4930	4927
4930	4972	4927
4972	4946	4927
4930	4979	4972
4930	4950	4979
4950	4985	4979
4985	4987	4979
4950	4976	4985
4976	4999	4985
4976	4974	4999
4974	5018	4999
5018	5029	4999
5029	5030	4999
5018	5025	5029
5018	5013	5025
5013	4997	5025
4997	5037	5025
5037	5051	5025
5037	5064	5051
5037	5021	5064
5021	5057	5064
5057	5078	5064
5057	5059	5078
5059	5089	5078
5059	5086	5089
5086	5099	5089
5099	5101	5089
5059	5058	5086
5058	5067	5086
5058	5042	5067
5058	5039	5042
5039	4988	5042
5039	4994	4988
4994	4965	4988
4994	4916	4965
4994	4978	4916
5039	5058	4994
5058	5059	4994
5057	4978	5059
5057	5010	4978
5010	4967	4978
5010	5001	4967
5010	5021	5001
5021	5037	5001
5037	4977	5001
5037	4997	4977
4997	4948	4977
4948	4934	4977
4934	4935	4977
4997	4959	4948
4997	5013	4959
5013	4974	4959
4974	4956	4959
4956	4921	4959
4956	4932	4921
4932	4861	4921
4932	4906	4861
4932	4976	4906
4976	4950	4906
4950	4918	4906
4950	4930	4918
4930	4873	4918
4873	4860	4918
4930	4909	4873
4932	4974	4976
4932	4956	4974
5013	5018	4974
5010	5057	5021
4874	4864	4909
4874	4834	4864
4834	4816	4864
4834	4828	4816
4828	4819	4816
4819	4794	4816
4794	4795	4816
4819	4782	4794
4782	4788	4794
4828	4834	4819
4709	4706	4782
4706	4707	4782
4706	4702	4707
4702	4672	4707
4672	4690	4707
4672	4609	4690
4609	4666	4690
4609	4656	4666
4609	4611	4656
4611	4684	4656
4609	4524	4611
4524	4551	4611
4609	4519	4524
4609	4489	4519
4489	4482	4519
4609	4495	4489
4609	4613	4495
4613	4539	4495
4539	4488	4495
4539	4469	4488
4539	4512	4469
4539	4557	4512
4539	4613	4557
4609	4672	4613
4702	4706	4672
4890	4814	4905
4890	4806	4814
4765	4792	4803
4765	4732	4792
3898	3881	3941
3898	3862	3881
3862	3791	3881
3791	3726	3881
3726	3821	3881
3862	3877	3791
3877	3823	3791
3862	3898	3877
3720	3766	3818
3766	3897	3818
3737	3801	3835
3801	3871	3835
3801	3809	3871
3809	3850	3871
3850	3869	3871
3869	3940	3871
3850	3777	3869
3777	3838	3869
3739	3910	3864
3910	3907	3864
3747	3847	3845
3847	4019	3845
4019	3943	3845
3753	3925	3904
3758	3774	3903
3903	3822	3758
3903	3856	3822
3767	3913	3899
3913	3980	3899
3980	4036	3899
4036	3942	3899
4036	4078	3942
4036	4139	4078
3829	3951	3983
3837	3987	4039
4039	3977	3837
4039	4136	3977
3840	4009	3917
4009	4034	3917
4034	3963	3917
4034	4029	3963
4034	4211	4029
4211	4122	4029
4122	4049	4029
4122	4200	4049
4122	4295	4200
4295	4285	4200
4285	4268	4200
4285	4322	4268
4285	4455	4322
4285	4478	4455
4478	4538	4455
4285	4295	4478
4295	4457	4478
4457	4541	4478
4541	4596	4478
4541	4604	4596
4604	4708	4596
4604	4744	4708
3840	3992	4009
3840	3744	3992
3840	3733	3744
3854	3932	3905
3854	3853	3932
3932	3989	3905
3932	3953	3989
3953	4091	3989
4091	4024	3989
4091	4067	4024
4091	4086	4067
3953	4035	4091
4035	4064	4091
3879	4045	4048
4045	4245	4048
3882	3887	3950
3895	3961	3995
3961	4052	3995
4052	4106	3995
4106	4125	3995
4052	4132	4106
4052	4087	4132
4087	4193	4132
4052	3994	4087
3994	4031	4087
4052	3961	3994
3900	3972	3930
3909	4021	4032
4021	4156	4032
4156	4119	4032
4156	4279	4119
4156	4257	4279
4257	4407	4279
4407	4330	4279
4021	4104	4156
3935	4020	4002
3944	4014	3967
3947	4022	3982
3957	3991	4008
3991	4123	4008
4123	4138	4008
3991	4061	4123
4061	4175	4123
3991	4007	4061
3964	4068	3966
3976	4209	4005
3990	4110	3997
4110	4092	3997
4092	4073	3997
4073	4022	3997
4022	3956	3997
4073	4105	4022
4073	4118	4105
4073	4092	4118
4092	4110	4118
4110	4247	4118
4110	4112	4247
4112	4212	4247
4110	3990	4112
3996	4096	4075
4096	4223	4075
4096	4284	4223
4000	4113	4199
4199	4114	4000
4028	4167	4162
4167	4299	4162
4044	4176	4128
4176	4267	4128
4267	4206	4128
4044	4146	4176
4057	4171	4079
4171	4115	4079
4057	4084	4171
4062	4093	4214
4070	4117	4205
4117	4281	4205
4281	4357	4205
4281	4352	4357
4281	4381	4352
4381	4396	4352
4396	4511	4352
4396	4459	4511
4396	4423	4459
4423	4481	4459
4481	4547	4459
4481	4497	4547
4497	4553	4547
4497	4533	4553
4497	4443	4533
4396	4375	4423
4396	4381	4375
4281	4225	4381
4281	4117	4225
4071	4207	4208
4207	4312	4208
4072	4182	4150
4072	4186	4182
4072	4135	4186
4135	4231	4186
4182	4286	4150
4088	4233	4246
4233	4363	4246
4363	4305	4246
4305	4245	4246
4363	4398	4305
4363	4474	4398
4474	4552	4398
4552	4452	4398
4474	4565	4552
4565	4621	4552
4095	4152	4160
4098	4147	4129
4129	4004	4098
4129	4121	4004
4101	4126	4213
4126	4234	4213
4234	4361	4213
4361	4292	4213
4292	4161	4213
4161	4101	4213
4234	4414	4361
4234	4291	4414
4126	4134	4234
4109	4203	4168
4203	4219	4168
4127	4256	4179
4256	4255	4179
4255	4139	4179
4255	4332	4139
4158	4237	4243
4243	4167	4158
4167	4077	4158
4170	4230	4192
4202	4210	4275
4222	4283	4311
4283	4408	4311
4228	4264	4334
4264	4316	4334
4264	4236	4316
4238	4362	4298
4362	4323	4298
4241	4342	4258
4342	4390	4258
4390	4259	4258
4342	4438	4390
4438	4461	4390
4438	4490	4461
4490	4570	4461
4438	4342	4490
4241	4288	4342
4288	4426	4342
4252	4315	4354
4270	4372	4377
4372	4397	4377
4372	4357	4397
4318	4348	4440
4348	4458	4440
4458	4555	4440
4319	4366	4356
4366	4389	4356
4389	4341	4356
4366	4525	4389
4331	4382	4460
4347	4475	4393
4349	4508	4515
4508	4544	4515
4544	4563	4515
4508	4566	4544
4371	4480	4380
4480	4466	4380
4371	4418	4480
4418	4545	4480
4378	4504	4420
4504	4534	4420
4534	4431	4420
4534	4501	4431
4501	4419	4431
4501	4414	4419
4534	4599	4501
4504	4520	4534
4402	4463	4422
4422	4362	4402
4463	4569	4422
4569	4514	4422
4569	4631	4514
4631	4575	4514
4569	4634	4631
4569	4589	4634
4589	4644	4634
4569	4479	4589
4479	4549	4589
4549	4635	4589
4549	4564	4635
4564	4650	4635
4650	4694	4635
4694	4665	4635
4694	4753	4665
4694	4741	4753
4741	4802	4753
4741	4800	4802
4800	4863	4802
4741	4719	4800
4741	4650	4719
4650	4617	4719
4617	4689	4719
4617	4602	4689
4617	4492	4602
4492	4467	4602
4617	4564	4492
4617	4650	4564
4741	4694	4650
4549	4437	4564
4549	4479	4437
4479	4439	4437
4479	4463	4439
4463	4402	4439
4479	4569	4463
4425	4441	4493
4441	4624	4493
4428	4429	4470
4442	4477	4456
4502	4578	4516
4503	4579	4583
4513	4540	4592
4592	4653	4513
4592	4660	4653
4592	4655	4660
4573	4642	4614
4612	4647	4691
4701	4837	4775
4714	4785	4781
4785	4807	4781
4807	4857	4781
4857	4769	4781
4857	4827	4769
4827	4760	4769
4827	4841	4760
4807	4844	4857
4807	4881	4844
4807	4785	4881
4756	4763	4830
4804	4877	4852
4859	4900	4929
4929	4887	4859
7	81	23
206	291	348
291	357	348
56	68	78
68	104	78
417	367	321
417	390	367
417	504	390
113	73	144
113	39	73
612	599	545
612	633	599
15	14	3
14	4	3
14	8	4
237	214	142
192	219	150
196	288	212
175	211	188
255	374	375
255	275	374
466	420	498
466	351	420
351	303	420
515	616	502
515	639	616
515	626	639
536	403	556
403	393	556
403	339	393
403	388	339
628	764	621
628	789	764
816	941	775
725	700	643
725	854	700
725	832	854
832	861	854
735	811	654
822	978	970
822	739	978
739	760	978
822	791	739
839	868	862
821	848	845
848	959	845
848	926	959
926	997	959
731	818	821
813	966	860
966	924	860
966	1123	924
813	1023	966
813	879	1023
487	373	535
373	473	535
499	444	500
614	644	627
1323	1454	1335
1601	1705	1454
1705	1636	1454
1370	1522	1278
1522	1252	1278
1370	1529	1522
1529	1673	1522
1673	1713	1522
1203	1452	1390
1021	1096	950
1096	981	950
1096	1002	981
1096	1061	1002
805	743	709
1068	1196	1180
1171	1182	1120
1042	868	995
1115	994	1069
1189	1009	1124
1009	946	1124
946	1014	1124
1189	1074	1009
1201	1261	1193
1442	1626	1426
1501	1315	1296
1501	1483	1315
1483	1339	1315
1785	1870	1753
1870	1906	1753
1906	1762	1753
1870	2041	1906
1925	2195	1978
1903	1885	1839
1691	1768	1654
1399	1402	1495
1402	1598	1495
1399	1364	1402
1399	1285	1364
1399	1290	1285
1958	2172	2090
1810	1706	1958
1706	1868	1958
1868	1934	1958
1868	1872	1934
1868	1705	1872
1810	1689	1706
1263	1243	1371
1585	1649	1472
1585	1678	1649
1400	1259	1381
1578	1587	1510
1446	1553	1456
1446	1493	1553
1493	1535	1553
1516	1775	1716
1775	1841	1716
1841	1838	1716
1516	1538	1775
1538	1604	1775
1604	1698	1775
1594	1421	1457
2031	1874	1864
2353	2518	2591
2518	2609	2591
2518	2652	2609
2518	2576	2652
2006	2152	2141
1960	2068	1965
2228	2415	2439
2415	2527	2439
1994	2206	2021
1973	2037	1829
2037	1722	1829
1750	1821	1894
1821	1933	1894
1933	2092	1894
1933	2072	2092
1750	1668	1821
1968	1856	1972
1970	1907	2096
2138	2139	2068
2358	2385	2307
2009	2234	2214
2331	2513	2134
2513	2495	2134
2495	2143	2134
2143	2101	2134
2101	2078	2134
2101	1951	2078
2495	2464	2143
2464	2205	2143
2464	2239	2205
2464	2568	2239
2568	2538	2239
2513	2590	2495
2590	2674	2495
2331	2529	2513
2666	2802	2748
2242	2150	2258
2242	2158	2150
2158	2098	2150
2303	2334	2271
2433	2401	2329
2813	3049	2808
3049	3039	2808
3039	2969	2808
3450	3481	3271
3481	3253	3271
3481	3266	3253
3266	3190	3253
3059	2853	3089
2853	2870	3089
2604	2831	2698
2604	2632	2831
2723	2842	2697
2723	2878	2842
2878	3101	2842
3101	3134	2842
2983	2878	2755
3875	3730	3643
3369	3453	3514
3453	3606	3514
3453	3634	3606
2724	2907	2660
2907	2792	2660
2478	2486	2606
2478	2287	2486
2478	2240	2287
2478	2150	2240
2581	2722	2508
2581	2687	2722
2687	2905	2722
2687	2919	2905
2919	2951	2905
2919	3054	2951
3163	2987	3261
2987	2988	3261
3163	3010	2987
3010	2972	2987
3010	2940	2972
2636	2648	2806
2500	2273	2498
2500	2154	2273
2706	2576	2631
2706	2779	2576
2706	2815	2779
2993	3181	2930
3181	2994	2930
3181	3176	2994
2993	3095	3181
3433	3591	3407
2586	2406	2536
2586	2560	2406
2707	2431	2508
2707	2540	2431
2540	2400	2431
2834	2957	2761
2957	2847	2761
2597	2638	2515
2696	2669	2510
2892	2814	2812
2814	2783	2812
2814	2680	2783
2892	2893	2814
2774	3002	2942
3056	3108	2963
3108	3068	2963
3068	3004	2963
3056	3212	3108
2885	2802	2762
2762	2935	2934
2762	2893	2935
2788	2730	2791
3207	3342	3139
3315	3425	3175
3888	4050	3810
3123	2973	3071
2973	3044	3071
3273	3151	3385
3151	3195	3385
3195	3415	3385
3273	3171	3151
3350	3353	3248
3380	3590	3592
3377	3052	3380
3052	3086	3380
3377	3225	3052
3225	3124	3052
3448	3193	3442
3448	3392	3193
3621	3713	3556
3988	3901	3751
4204	4371	4173
3178	3137	3348
3354	3515	3525
3404	3495	3238
3495	3443	3238
3231	3281	3404
3364	3226	3241
3324	3157	3292
3417	3387	3362
3652	3413	3651
3413	3406	3651
3446	3561	3316
3516	3509	3352
3509	3414	3352
3516	3595	3509
3456	3539	3552
3565	3765	3535
3765	3759	3535
3565	3655	3765
3938	4077	3931
3870	3929	3938
3870	3852	3929
3719	3779	3732
4568	4582	4485
4582	4536	4485
4981	4837	4871
4981	4869	4837
4981	4984	4869
4675	4525	4662
4525	4622	4662
4657	4598	4681
4587	4649	4518
4791	4809	4755
4809	4729	4755
4729	4678	4755
5017	5032	4962
5091	5079	5056
5079	5016	5056
5119	5112	5124
5119	5081	5112
5119	5068	5081
5103	5108	5111
5108	5124	5111
5108	5107	5124
5105	5095	5103
5095	5092	5103
5095	5072	5092
5072	5071	5092
5071	5070	5092
4971	5024	5041
5024	5027	5041
4971	4947	5024
4413	4290	4360
4413	4421	4290
4994	5059	4978
3940	4011	3871
3753	3955	3925
3905	3799	3854
3900	3943	3972
3943	4099	3972
4099	4023	3972
4005	3875	3976
4440	4555	4318
4516	4255	4502
4691	4659	4612
4659	4555	4612
