286.979641 176.557052 15.023227 255 0 0
299.937057 165.545179 20.534903 255 0 0
314.251078 155.939678 26.462177 255 0 0
329.921704 147.740547 32.805047 255 0 0
346.948934 140.947788 39.563515 255 0 0
365.332768 135.561399 46.737580 255 0 0
385.073208 131.581382 54.327243 255 0 0
406.170252 129.007735 62.332503 255 0 0
428.623900 127.840460 70.753360 0 255 0
405.116106 125.683733 76.550936 0 255 0
382.983923 124.953081 82.769932 0 255 0
362.227350 125.648502 89.410347 0 255 0
342.846388 127.769998 96.472182 0 255 0
324.841036 131.317568 103.955437 0 255 0
308.211294 136.291212 111.860112 0 255 0
292.957163 142.690930 120.186207 0 255 0
279.078643 150.516722 128.933721 0 255 0
