3.064634896125629666e+02 1.243076436595420091e+02 1.367902956678660189e+02
3.074803105188888708e+02 1.128794875253856276e+02 1.257895101662629287e+02
3.152240317488407868e+02 1.107105607698962331e+02 1.073669252147755486e+02
3.170094392753019861e+02 1.175733612798417766e+02 7.638539965418888755e+01
3.208488735512016774e+02 1.192899153312025078e+02 5.199014743438135611e+01
3.376401698070058615e+02 1.298317489498216446e+02 2.329975874861133889e+01
3.343970387177534462e+02 1.603155207038219032e+02 1.219837288573904743e+01
3.238936546858957399e+02 1.643445128826425048e+02 2.738331239565943065e+01
3.208228070301312869e+02 1.809189154753838693e+02 3.179782455648347650e+01
3.170777667849328623e+02 2.017095110609202493e+02 3.124491031158299847e+01
3.209060982674837987e+02 2.136337523615424061e+02 4.375354296444874080e+01
