   3.0916149e+02   6.2701863e+01   8.4000000e+01
   3.1798137e+02   5.0850932e+01   7.6000000e+01
   3.2521118e+02   4.5360248e+01   6.8000000e+01
   3.1372050e+02   4.3409938e+01   6.4000000e+01
   2.9868944e+02   4.4279503e+01   5.6000000e+01
   3.1104969e+02   4.8689441e+01   5.2000000e+01
   3.1227950e+02   4.5149068e+01   4.8000000e+01
   3.0837888e+02   4.4428571e+01   4.0000000e+01
   3.2391925e+02   4.2478261e+01   3.6000000e+01
   3.2514907e+02   4.0527950e+01   3.2000000e+01
   3.3114907e+02   4.4937888e+01   2.8000000e+01
   3.4032919e+02   4.6167702e+01   2.4000000e+01
   3.3042857e+02   5.5347826e+01   2.0000000e+01
   3.2847826e+02   6.9298137e+01   1.6000000e+01
   3.0108696e+02   1.0232919e+02   1.2000000e+01
