   2.9579780e+01   2.5974081e+01   1.4000000e+01
   2.9405325e+01   2.6303493e+01   1.3000000e+01
   2.9318098e+01   2.6385846e+01   1.2000000e+01
   2.8969188e+01   2.6962316e+01   1.1000000e+01
   2.8533051e+01   2.8115257e+01   1.0000000e+01
   2.8794733e+01   2.9268199e+01   9.0000000e+00
   2.9230870e+01   3.0421140e+01   8.0000000e+00
   2.9667007e+01   3.2644669e+01   7.0000000e+00
   2.9492553e+01   3.4621140e+01   8.0000000e+00
   2.8881961e+01   3.4868199e+01   9.0000000e+00
   2.8445824e+01   3.4703493e+01   1.0000000e+01
   2.8620278e+01   3.4703493e+01   1.1000000e+01
   2.8794733e+01   3.5197610e+01   1.2000000e+01
   2.8533051e+01   3.4291728e+01   1.3000000e+01
   2.8881961e+01   3.4868199e+01   1.4000000e+01
