1	2	14
2	8	14
8	17	14
17	34	14
34	53	14
53	21	14
21	1	14
21	4	1
21	15	4
15	9	4
9	5	4
5	24	4
5	85	24
85	116	24
85	135	116
135	227	116
227	232	116
232	151	116
232	266	151
266	222	151
222	167	151
222	171	167
222	271	171
222	316	271
316	341	271
341	298	271
341	326	298
266	296	222
266	340	296
340	330	296
340	389	330
389	442	330
442	500	330
500	483	330
483	447	330
483	540	447
483	571	540
571	676	540
483	500	571
442	506	500
442	529	506
529	556	506
529	603	556
529	559	603
559	576	603
559	505	576
505	481	576
481	568	576
481	484	568
481	351	484
481	423	351
481	441	423
441	340	423
441	406	340
406	389	340
406	442	389
406	441	442
441	529	442
441	505	529
505	559	529
441	481	505
266	232	340
5	6	85
5	3	6
3	7	6
3	10	7
10	13	7
13	56	7
13	70	56
70	76	56
76	120	56
120	144	56
120	136	144
120	196	136
196	235	136
120	153	196
153	173	196
153	129	173
129	97	173
97	163	173
163	218	173
163	219	218
219	261	218
261	258	218
261	287	258
219	252	261
252	331	261
252	382	331
97	128	163
129	92	97
92	47	97
92	80	47
80	70	47
70	13	47
13	10	47
10	23	47
10	25	23
25	35	23
25	31	35
31	38	35
31	42	38
42	46	38
46	49	38
49	57	38
49	54	57
54	83	57
83	94	57
94	87	57
94	101	87
101	99	87
99	103	87
103	128	87
103	143	128
103	99	143
99	149	143
99	101	149
101	142	149
142	178	149
178	194	149
194	179	149
178	255	194
178	238	255
238	304	255
238	297	304
297	363	304
363	349	304
349	366	304
349	411	366
411	405	366
405	395	366
405	502	395
502	492	395
502	531	492
531	558	492
558	534	492
534	471	492
534	451	471
451	396	471
451	348	396
348	321	396
451	416	348
416	382	348
451	478	416
451	548	478
548	575	478
548	570	575
548	534	570
534	561	570
561	650	570
561	610	650
610	647	650
610	622	647
622	681	647
622	711	681
622	708	711
708	746	711
708	712	746
712	801	746
801	827	746
801	870	827
801	898	870
898	990	870
990	1075	870
1075	975	870
990	1116	1075
1116	1126	1075
1126	1191	1075
1126	1193	1191
1193	1221	1191
1221	1415	1191
1415	1229	1191
1415	1368	1229
1368	1239	1229
1368	1300	1239
1300	1275	1239
1275	1251	1239
1251	1098	1239
1275	1269	1251
1269	1270	1251
1270	1120	1251
1270	1155	1120
1155	1091	1120
1155	1130	1091
1130	1083	1091
1130	1149	1083
1130	1203	1149
1203	1255	1149
1255	1171	1149
1171	1047	1149
1047	1023	1149
1047	1022	1023
1022	978	1023
1022	1047	978
1047	1006	978
1047	1045	1006
1045	1052	1006
1052	973	1006
1052	1005	973
1005	982	973
982	869	973
869	788	973
869	837	788
837	726	788
837	721	726
837	874	721
837	869	874
869	982	874
982	1008	874
1008	825	874
1008	987	825
987	802	825
802	763	825
802	797	763
802	815	797
815	872	797
872	853	797
853	714	797
853	740	714
740	690	714
690	619	714
619	604	714
604	617	714
604	567	617
567	541	617
541	595	617
595	631	617
631	648	617
648	763	617
631	540	648
567	487	541
487	414	541
487	350	414
350	326	414
487	360	350
360	324	350
360	392	324
392	379	324
379	210	324
210	214	324
210	123	214
123	122	214
122	233	214
122	182	233
123	93	122
93	91	122
91	65	122
91	43	65
43	50	65
50	71	65
50	28	71
28	17	71
17	11	71
11	48	71
11	8	48
11	17	8
28	33	17
33	34	17
33	53	34
33	62	53
33	28	62
28	64	62
64	96	62
64	89	96
89	126	96
126	121	96
126	146	121
146	130	121
146	169	130
169	161	130
161	148	130
148	113	130
148	127	113
127	95	113
127	82	95
82	58	95
58	61	95
58	45	61
45	63	61
45	30	63
30	21	63
30	15	21
30	9	15
30	19	9
19	16	9
16	3	9
3	5	9
16	10	3
16	25	10
16	31	25
16	20	31
20	26	31
26	32	31
32	42	31
32	73	42
73	69	42
69	51	42
51	46	42
51	55	46
55	49	46
55	54	49
55	88	54
88	83	54
88	105	83
105	102	83
102	94	83
102	112	94
112	101	94
112	142	101
112	125	142
125	176	142
176	178	142
176	192	178
192	238	178
192	248	238
248	297	238
248	277	297
277	327	297
327	359	297
359	363	297
359	373	363
373	404	363
404	419	363
419	411	363
411	349	363
419	461	411
461	498	411
498	405	411
498	502	405
498	600	502
600	531	502
600	612	531
612	558	531
612	622	558
622	610	558
610	561	558
561	534	558
612	708	622
612	659	708
659	712	708
659	698	712
698	752	712
752	799	712
799	813	712
813	801	712
813	898	801
813	799	898
799	864	898
864	967	898
967	990	898
967	1025	990
1025	1136	990
1136	1116	990
1136	1186	1116
1186	1193	1116
1193	1126	1116
1186	1226	1193
1226	1221	1193
1226	1437	1221
1437	1415	1221
1437	1469	1415
1469	1487	1415
1487	1463	1415
1463	1368	1415
1463	1410	1368
1410	1417	1368
1417	1329	1368
1329	1300	1368
1329	1343	1300
1343	1275	1300
1343	1269	1275
1343	1363	1269
1363	1270	1269
1363	1411	1270
1363	1422	1411
1422	1477	1411
1477	1480	1411
1480	1434	1411
1480	1510	1434
1510	1448	1434
1448	1397	1434
1397	1292	1434
1397	1351	1292
1351	1171	1292
1171	1255	1292
1351	1266	1171
1266	1103	1171
1103	1045	1171
1045	1047	1171
1103	1052	1045
1103	1065	1052
1065	1005	1052
1065	1146	1005
1146	1105	1005
1105	982	1005
1105	1008	982
1105	1094	1008
1094	987	1008
1094	1071	987
1071	1000	987
1000	949	987
949	802	987
949	872	802
872	815	802
949	936	872
936	853	872
936	879	853
879	791	853
791	740	853
791	785	740
785	668	740
668	690	740
668	583	690
583	591	690
591	619	690
591	567	619
567	604	619
591	522	567
522	487	567
522	392	487
392	360	487
522	497	392
497	415	392
415	379	392
415	420	379
420	361	379
361	319	379
319	239	379
239	209	379
209	210	379
319	221	239
221	160	239
221	191	160
191	162	160
162	132	160
132	123	160
132	93	123
132	98	93
98	91	93
98	81	91
81	43	91
81	89	43
89	64	43
64	28	43
28	50	43
81	126	89
81	98	126
98	158	126
158	146	126
158	169	146
158	201	169
201	177	169
177	161	169
177	184	161
184	148	161
184	168	148
168	139	148
139	127	148
139	114	127
114	109	127
109	82	127
109	68	82
68	58	82
68	29	58
29	45	58
29	22	45
22	30	45
22	19	30
22	12	19
12	20	19
20	16	19
12	18	20
18	26	20
18	36	26
36	32	26
36	60	32
60	73	32
60	140	73
140	145	73
145	77	73
77	69	73
77	90	69
90	51	69
90	55	51
90	111	55
111	100	55
100	88	55
100	106	88
106	105	88
106	133	105
133	134	105
134	125	105
125	102	105
125	112	102
134	186	125
186	176	125
186	202	176
202	200	176
200	192	176
200	230	192
230	248	192
230	270	248
270	277	248
230	262	270
262	312	270
230	217	262
217	236	262
217	186	236
186	251	236
186	185	251
185	253	251
253	333	251
253	334	333
334	428	333
334	362	428
362	448	428
334	291	362
291	356	362
291	281	356
281	343	356
281	242	343
242	290	343
281	240	242
240	181	242
240	150	181
150	165	181
165	141	181
165	150	141
150	106	141
106	111	141
111	90	141
90	145	141
90	77	145
106	100	111
150	133	106
150	134	133
150	185	134
185	186	134
150	240	185
334	253	291
217	202	186
217	230	202
230	200	202
60	155	140
60	67	155
67	78	155
78	119	155
119	197	155
197	228	155
228	263	155
78	66	119
66	84	119
66	86	84
86	110	84
110	147	84
110	137	147
137	152	147
152	208	147
208	229	147
137	117	152
117	157	152
117	107	157
107	118	157
118	159	157
159	170	157
170	204	157
204	223	157
204	231	223
231	282	223
282	241	223
231	289	282
289	344	282
289	314	344
314	385	344
385	409	344
409	378	344
409	408	378
408	426	378
409	450	408
409	467	450
409	476	467
476	530	467
476	493	530
493	553	530
493	525	553
525	606	553
606	625	553
606	694	625
694	671	625
694	741	671
694	734	741
734	745	741
745	792	741
745	753	792
753	781	792
781	885	792
885	903	792
885	935	903
885	943	935
885	970	943
885	795	970
885	781	795
781	756	795
756	758	795
758	861	795
758	743	861
743	888	861
743	810	888
810	893	888
893	966	888
966	999	888
966	1089	999
1089	1016	999
1089	1029	1016
1029	970	1016
1029	1070	970
1070	1097	970
1070	1123	1097
1123	1212	1097
1123	1134	1212
1123	1070	1134
1070	1147	1134
1070	1029	1147
1029	1089	1147
1089	1192	1147
1192	1194	1147
1192	1288	1194
1288	1291	1194
1288	1314	1291
1288	1308	1314
1308	1350	1314
1308	1241	1350
1241	1313	1350
1313	1428	1350
1428	1442	1350
1428	1549	1442
1549	1586	1442
1586	1621	1442
1621	1472	1442
1586	1616	1621
1428	1473	1549
1473	1493	1549
1493	1626	1549
1493	1526	1626
1526	1666	1626
1666	1722	1626
1666	1755	1722
1755	1771	1722
1755	1809	1771
1809	1867	1771
1867	1902	1771
1902	1903	1771
1902	1938	1903
1902	2027	1938
2027	2085	1938
2085	2082	1938
2082	1989	1938
2085	2188	2082
2188	2254	2082
2254	2206	2082
2254	2323	2206
2085	2105	2188
2085	2027	2105
2027	1991	2105
1991	2026	2105
1991	1944	2026
1944	2007	2026
2007	2096	2026
2096	2138	2026
2096	2159	2138
2096	2080	2159
2080	2226	2159
2080	2149	2226
2080	2097	2149
2097	2019	2149
2019	2054	2149
2019	1970	2054
1970	1942	2054
1942	1983	2054
1942	1920	1983
1920	2056	1983
1920	1955	2056
1955	2049	2056
1920	1862	1955
1862	1780	1955
1862	1763	1780
1763	1699	1780
1699	1732	1780
1732	1747	1780
1732	1717	1747
1717	1664	1747
1717	1665	1664
1665	1535	1664
1665	1523	1535
1523	1482	1535
1482	1416	1535
1482	1433	1416
1433	1354	1416
1354	1342	1416
1342	1432	1416
1342	1324	1432
1324	1413	1432
1413	1555	1432
1555	1544	1432
1555	1603	1544
1603	1635	1544
1603	1685	1635
1685	1710	1635
1710	1686	1635
1710	1799	1686
1710	1852	1799
1852	1939	1799
1939	1907	1799
1939	1979	1907
1979	1993	1907
1993	1897	1907
1993	1999	1897
1999	1823	1897
1823	1782	1897
1823	1814	1782
1814	1759	1782
1759	1686	1782
1814	1747	1759
1993	2073	1999
2073	2048	1999
2073	2141	2048
2141	2148	2048
2141	2288	2148
2141	2196	2288
2141	2073	2196
2073	2244	2196
1939	1978	1979
1978	2039	1979
1978	1946	2039
1946	2016	2039
2016	2129	2039
2129	2124	2039
2016	2036	2129
2036	2217	2129
1978	1881	1946
1881	1806	1946
1881	1783	1806
1881	1710	1783
1710	1695	1783
1695	1594	1783
1695	1572	1594
1695	1501	1572
1501	1496	1572
1496	1452	1572
1452	1389	1572
1452	1345	1389
1452	1346	1345
1346	1293	1345
1293	1284	1345
1293	1129	1284
1129	1301	1284
1129	1208	1301
1129	1150	1208
1150	1057	1208
1057	1223	1208
1223	1388	1208
1223	1359	1388
1359	1440	1388
1440	1435	1388
1359	1402	1440
1359	1379	1402
1379	1490	1402
1379	1385	1490
1385	1507	1490
1507	1538	1490
1507	1703	1538
1703	1743	1538
1743	1714	1538
1714	1622	1538
1714	1735	1622
1714	1828	1735
1828	1864	1735
1828	1973	1864
1828	2012	1973
1828	1966	2012
1966	2162	2012
1966	2195	2162
2195	2199	2162
2199	2290	2162
2290	2314	2162
2314	2146	2162
2314	2267	2146
2314	2392	2267
2199	2195	2290
2195	2228	2290
2228	2415	2290
2228	2355	2415
2228	2172	2355
2228	2195	2172
2195	2022	2172
2022	2084	2172
2022	2005	2084
2022	1917	2005
2022	1966	1917
2022	2195	1966
1714	1743	1828
1743	1730	1828
1730	1758	1828
1730	1703	1758
1703	1644	1758
1644	1674	1758
1644	1633	1674
1703	1507	1644
1730	1743	1703
1385	1371	1507
1385	1370	1371
1385	1379	1370
1359	1223	1379
1150	1090	1057
1090	1034	1057
1150	1129	1090
1293	1163	1129
1163	1124	1129
1163	1119	1124
1163	1234	1119
1234	1237	1119
1237	1151	1119
1151	1077	1119
1077	969	1119
1077	923	969
923	937	969
923	868	937
868	871	937
871	911	937
911	1034	937
871	848	911
871	822	848
822	742	848
742	884	848
884	1078	848
884	906	1078
884	782	906
782	877	906
782	761	877
761	891	877
891	1073	877
891	910	1073
910	926	1073
910	819	926
782	691	761
782	692	691
692	590	691
692	678	590
678	593	590
593	539	590
539	564	590
539	528	564
539	491	528
491	466	528
466	496	528
466	454	496
454	463	496
463	510	496
510	594	496
510	533	594
510	429	533
510	463	429
463	387	429
387	376	429
376	372	429
372	456	429
376	302	372
302	337	372
337	338	372
338	438	372
338	361	438
361	457	438
361	420	457
338	319	361
338	254	319
254	221	319
254	203	221
203	191	221
203	195	191
195	162	191
195	174	162
174	132	162
174	156	132
156	158	132
158	98	132
156	175	158
175	201	158
175	212	201
212	237	201
237	243	201
237	305	243
305	307	243
307	269	243
269	264	243
269	274	264
269	300	274
300	267	274
300	328	267
300	347	328
347	398	328
398	368	328
368	320	328
320	311	328
320	283	311
283	265	311
283	244	265
244	226	265
244	215	226
215	224	226
224	267	226
224	187	267
224	184	187
184	177	187
224	168	184
224	172	168
172	138	168
138	139	168
138	114	139
138	118	114
118	104	114
104	109	114
104	79	109
79	74	109
74	75	109
75	68	109
75	59	68
59	29	68
59	27	29
27	22	29
27	18	22
18	12	22
75	74	59
74	79	59
79	86	59
79	117	86
117	110	86
117	137	110
79	107	117
79	104	107
104	118	107
138	159	118
138	172	159
172	199	159
199	170	159
199	204	170
199	231	204
199	245	231
245	289	231
245	314	289
245	244	314
244	283	314
283	385	314
283	410	385
410	476	385
476	409	385
410	493	476
410	495	493
495	525	493
495	508	525
495	446	508
446	452	508
452	439	508
439	469	508
469	512	508
469	464	512
464	488	512
488	569	512
569	557	512
557	554	512
557	636	554
557	618	636
618	669	636
669	658	636
669	753	658
753	734	658
734	694	658
694	606	658
753	745	734
669	756	753
756	781	753
669	700	756
700	758	756
700	710	758
710	743	758
710	725	743
725	810	743
725	762	810
762	824	810
824	914	810
914	893	810
914	966	893
914	1012	966
1012	1115	966
1115	1089	966
1115	1192	1089
1115	1241	1192
1241	1308	1192
1308	1288	1192
914	927	1012
927	976	1012
976	1069	1012
976	1118	1069
1118	1179	1069
1118	1286	1179
976	1059	1118
1059	1159	1118
1059	1162	1159
1162	1189	1159
1162	1250	1189
1162	1240	1250
1240	1295	1250
1295	1315	1250
1315	1316	1250
1315	1369	1316
1315	1367	1369
1367	1444	1369
1367	1404	1444
1404	1485	1444
1485	1515	1444
1485	1605	1515
1605	1615	1515
1615	1526	1515
1615	1666	1526
1615	1689	1666
1689	1755	1666
1689	1809	1755
1689	1725	1809
1689	1605	1725
1605	1611	1725
1611	1693	1725
1611	1547	1693
1547	1688	1693
1611	1485	1547
1485	1476	1547
1476	1481	1547
1481	1523	1547
1481	1482	1523
1481	1433	1482
1481	1354	1433
1476	1391	1481
1476	1404	1391
1404	1367	1391
1367	1295	1391
1295	1271	1391
1295	1240	1271
1240	1244	1271
1244	1321	1271
1321	1354	1271
1321	1342	1354
1321	1324	1342
1321	1297	1324
1297	1413	1324
1297	1387	1413
1387	1454	1413
1454	1489	1413
1489	1555	1413
1489	1603	1555
1489	1501	1603
1501	1695	1603
1695	1685	1603
1695	1710	1685
1489	1454	1501
1454	1449	1501
1449	1496	1501
1449	1452	1496
1449	1366	1452
1366	1346	1452
1366	1302	1346
1302	1293	1346
1302	1163	1293
1302	1234	1163
1302	1237	1234
1302	1366	1237
1366	1311	1237
1311	1263	1237
1263	1151	1237
1263	1148	1151
1148	1112	1151
1112	1077	1151
1112	1043	1077
1043	905	1077
905	923	1077
905	822	923
822	868	923
822	871	868
905	755	822
755	742	822
755	702	742
702	692	742
692	884	742
692	782	884
702	678	692
702	755	678
755	744	678
744	707	678
707	593	678
707	644	593
644	572	593
572	539	593
572	535	539
535	491	539
535	445	491
445	466	491
445	413	466
413	454	466
413	463	454
413	397	463
397	387	463
397	352	387
352	376	387
352	302	376
352	308	302
308	301	302
308	309	301
309	329	301
329	318	301
318	280	301
318	317	280
317	272	280
272	250	280
272	220	250
220	195	250
195	203	250
203	211	250
203	254	211
254	302	211
254	337	302
254	338	337
220	180	195
180	174	195
180	156	174
180	190	156
190	175	156
190	212	175
190	237	212
190	220	237
220	295	237
295	305	237
295	339	305
339	307	305
295	292	339
292	317	339
317	370	339
317	336	370
317	318	336
318	329	336
329	440	336
329	412	440
412	453	440
453	474	440
474	443	440
474	470	443
470	432	443
470	462	432
462	455	432
455	370	432
455	424	370
455	449	424
449	472	424
449	524	472
524	515	472
515	511	472
511	473	472
511	488	473
488	436	473
436	374	473
436	375	374
436	398	375
398	347	375
347	345	375
345	300	375
345	347	300
436	407	398
407	368	398
407	434	368
434	446	368
446	399	368
399	371	368
371	320	368
371	410	320
410	283	320
371	399	410
399	446	410
446	495	410
434	452	446
434	439	452
434	407	439
407	469	439
407	464	469
407	436	464
436	488	464
511	569	488
511	627	569
627	621	569
621	635	569
635	618	569
618	557	569
635	700	618
700	669	618
635	710	700
635	725	710
635	627	725
627	641	725
641	654	725
654	762	725
654	699	762
699	811	762
811	824	762
811	823	824
823	927	824
927	914	824
823	963	927
963	976	927
963	1059	976
963	928	1059
928	942	1059
942	1088	1059
1088	1162	1059
1088	1125	1162
1125	1240	1162
1125	1154	1240
1154	1244	1240
1154	1177	1244
1177	1321	1244
1177	1297	1321
1177	1214	1297
1214	1264	1297
1264	1330	1297
1330	1387	1297
1330	1366	1387
1366	1449	1387
1449	1454	1387
1330	1311	1366
1330	1277	1311
1277	1263	1311
1277	1214	1263
1214	1148	1263
1214	1104	1148
1104	1020	1148
1020	1061	1148
1061	1112	1148
1061	1043	1112
1061	981	1043
981	902	1043
902	851	1043
851	875	1043
875	905	1043
875	779	905
779	755	905
779	744	755
779	707	744
779	806	707
806	790	707
790	664	707
664	644	707
664	596	644
596	560	644
560	572	644
560	535	572
560	480	535
480	445	535
480	433	445
433	413	445
433	397	413
433	352	397
433	412	352
412	329	352
329	309	352
309	308	352
433	453	412
433	480	453
480	501	453
501	474	453
501	555	474
555	470	474
501	596	555
596	645	555
645	608	555
645	717	608
645	754	717
754	774	717
774	775	717
775	724	717
724	697	717
724	687	697
687	677	697
677	608	697
677	656	608
656	633	608
633	547	608
633	654	547
654	550	547
550	532	547
550	524	532
524	462	532
524	449	462
449	455	462
550	515	524
550	511	515
550	627	511
550	634	627
634	641	627
634	654	641
634	550	654
633	656	654
656	699	654
656	677	699
677	687	699
687	823	699
823	811	699
687	809	823
809	843	823
843	894	823
894	963	823
894	928	963
894	942	928
894	904	942
904	962	942
962	991	942
991	1084	942
1084	1088	942
1084	1125	1088
1084	1154	1125
962	1031	991
1031	1139	991
1139	1154	991
1139	1175	1154
1175	1177	1154
1175	1214	1177
1175	1139	1214
1139	1104	1214
1139	1031	1104
1031	1020	1104
1031	995	1020
995	981	1020
981	1061	1020
995	902	981
995	862	902
862	857	902
857	851	902
857	771	851
771	790	851
790	806	851
806	875	851
806	779	875
771	722	790
722	664	790
722	652	664
652	614	664
614	596	664
614	645	596
614	652	645
652	722	645
722	754	645
722	771	754
771	859	754
859	774	754
859	775	774
859	904	775
904	809	775
809	724	775
809	687	724
904	843	809
904	894	843
859	962	904
859	862	962
862	995	962
995	1031	962
859	771	862
771	857	862
501	560	596
501	480	560
1277	1264	1214
1277	1330	1264
635	621	627
292	272	317
292	220	272
292	295	220
190	180	220
1367	1315	1295
1476	1485	1404
1611	1605	1485
1689	1615	1605
245	215	244
245	199	215
199	172	215
172	224	215
269	307	300
1881	1852	1710
1881	1939	1852
1881	1978	1939
1717	1732	1665
1732	1699	1665
1763	1772	1699
1772	1688	1699
1772	1807	1688
1772	1855	1807
1855	1882	1807
1855	1920	1882
1920	1942	1882
1855	1862	1920
1855	1763	1862
1855	1772	1763
2019	2015	1970
2015	2009	1970
2015	2097	2009
2097	2080	2009
2080	2096	2009
2096	2007	2009
2015	2019	2097
1944	1888	2007
1944	1871	1888
1871	1809	1888
1871	1867	1809
1871	1876	1867
1876	1902	1867
1876	1991	1902
1991	2027	1902
1876	1871	1991
1871	1944	1991
1473	1392	1493
1473	1428	1392
1428	1286	1392
1428	1313	1286
78	41	66
78	67	41
67	44	41
44	36	41
44	60	36
44	67	60
497	490	415
497	573	490
573	577	490
573	667	577
667	632	577
667	718	632
718	672	632
718	695	672
718	817	695
817	808	695
808	759	695
759	732	695
732	685	695
759	784	732
759	808	784
808	854	784
854	778	784
854	834	778
834	777	778
777	738	778
777	834	738
834	780	738
780	686	738
780	819	686
819	594	686
780	974	819
854	897	834
897	974	834
897	1046	974
897	1038	1046
897	854	1038
854	954	1038
954	1056	1038
1056	1188	1038
954	1019	1056
1019	1247	1056
1019	1100	1247
1100	1294	1247
1294	1390	1247
1294	1511	1390
1511	1542	1390
1511	1587	1542
1587	1740	1542
1740	1628	1542
1740	1785	1628
1740	1800	1785
1800	1883	1785
1883	1940	1785
1883	2100	1940
2100	2040	1940
2040	2043	1940
2043	1941	1940
2043	2123	1941
2123	2063	1941
2063	1899	1941
1899	1775	1941
2063	1932	1899
1932	1901	1899
2063	2065	1932
2123	2140	2063
2123	2145	2140
2123	2211	2145
2211	2316	2145
2211	2319	2316
2123	2043	2211
2043	2040	2211
2040	2100	2211
2100	2215	2211
1800	1832	1883
1832	2033	1883
1832	1878	2033
1878	2088	2033
1878	2091	2088
2091	2168	2088
2168	2261	2088
2168	2419	2261
2419	2449	2261
2449	2215	2261
2449	2422	2215
2419	2478	2449
2419	2464	2478
2464	2662	2478
2091	2201	2168
2091	2078	2201
2078	2117	2201
2117	2213	2201
2117	2225	2213
2117	2133	2225
2133	2263	2225
2133	2269	2263
2269	2383	2263
2269	2349	2383
2117	1868	2133
2117	2078	1868
2078	2070	1868
2078	2091	2070
2091	1878	2070
1878	1837	2070
1740	1649	1800
1740	1587	1649
1587	1502	1649
1502	1652	1649
1587	1326	1502
1326	1393	1502
1326	1215	1393
1215	1412	1393
1215	1283	1412
1283	1400	1412
1400	1492	1412
1215	1132	1283
1215	1066	1132
1019	986	1100
986	956	1100
956	1044	1100
986	878	956
878	850	956
850	912	956
850	829	912
829	909	912
829	831	909
829	821	831
821	828	831
821	846	828
846	818	828
818	849	828
849	959	828
818	838	849
818	830	838
830	847	838
847	939	838
939	1010	838
939	1027	1010
939	965	1027
965	1033	1027
830	889	847
889	901	847
901	883	847
883	852	847
883	979	852
979	931	852
931	919	852
919	965	852
931	880	919
880	960	919
880	1063	960
880	895	1063
880	887	895
887	988	895
988	900	895
988	971	900
971	955	900
971	1007	955
1007	1015	955
971	1114	1007
1114	1142	1007
971	1176	1114
1176	1178	1114
1176	1261	1178
971	988	1176
887	931	988
887	880	931
979	1035	931
979	996	1035
996	1036	1035
996	968	1036
968	1076	1036
1076	1071	1036
1076	1071	1152
1071	1094	1152
1094	1153	1152
1153	1202	1152
1153	1248	1202
1248	1257	1202
1248	1279	1257
1279	1259	1257
1279	1296	1259
1279	1360	1296
1360	1344	1296
1360	1395	1344
1395	1333	1344
1333	1261	1344
1360	1380	1395
1380	1405	1395
1405	1451	1395
1405	1448	1451
1448	1510	1451
1510	1557	1451
1510	1563	1557
1563	1570	1557
1570	1655	1557
1655	1651	1557
1655	1767	1651
1767	1741	1651
1741	1690	1651
1741	1692	1690
1741	1727	1692
1727	1653	1692
1727	1712	1653
1727	1845	1712
1845	1891	1712
1891	1766	1712
1766	1708	1712
1845	1890	1891
1727	1833	1845
1727	1741	1833
1741	1834	1833
1741	1767	1834
1767	1869	1834
1767	1839	1869
1839	1894	1869
1839	1922	1894
1922	1994	1894
1994	1957	1894
1922	1992	1994
1922	1934	1992
1934	1918	1992
1918	2044	1992
1934	1898	1918
1898	1791	1918
1791	1821	1918
1791	1720	1821
1720	1813	1821
1720	1682	1813
1720	1662	1682
1662	1636	1682
1636	1637	1682
1637	1804	1682
1637	1723	1804
1723	1778	1804
1723	1670	1778
1670	1731	1778
1731	1768	1778
1768	1861	1778
1731	1623	1768
1623	1697	1768
1697	1842	1768
1697	1870	1842
1697	1694	1870
1731	1589	1623
1589	1499	1623
1499	1509	1623
1589	1516	1499
1516	1437	1499
1516	1469	1437
1516	1583	1469
1583	1551	1469
1551	1487	1469
1551	1574	1487
1574	1463	1487
1574	1561	1463
1561	1410	1463
1561	1417	1410
1561	1466	1417
1466	1431	1417
1431	1343	1417
1343	1329	1417
1431	1363	1343
1431	1422	1363
1431	1484	1422
1484	1457	1422
1457	1477	1422
1457	1584	1477
1584	1531	1477
1531	1480	1477
1531	1510	1480
1531	1563	1510
1531	1639	1563
1639	1645	1563
1645	1570	1563
1645	1655	1570
1645	1669	1655
1669	1736	1655
1736	1767	1655
1736	1839	1767
1736	1898	1839
1898	1922	1839
1898	1934	1922
1645	1639	1669
1531	1584	1639
1457	1554	1584
1554	1620	1584
1554	1597	1620
1597	1662	1620
1597	1636	1662
1597	1561	1636
1561	1574	1636
1574	1637	1636
1574	1551	1637
1551	1614	1637
1614	1663	1637
1663	1723	1637
1663	1670	1723
1663	1614	1670
1614	1583	1670
1583	1589	1670
1589	1731	1670
1583	1516	1589
1614	1551	1583
1597	1521	1561
1521	1466	1561
1521	1484	1466
1484	1431	1466
1521	1554	1484
1554	1457	1484
1521	1597	1554
1720	1791	1662
1405	1399	1448
1399	1397	1448
1399	1351	1397
1399	1405	1351
1405	1357	1351
1357	1266	1351
1357	1278	1266
1278	1206	1266
1206	1146	1266
1146	1103	1266
1146	1065	1103
1206	1172	1146
1172	1105	1146
1172	1153	1105
1153	1094	1105
1172	1248	1153
1172	1200	1248
1200	1256	1248
1256	1279	1248
1256	1278	1279
1278	1357	1279
1357	1360	1279
1357	1380	1360
1357	1405	1380
1256	1206	1278
1256	1200	1206
1200	1172	1206
968	945	1076
945	936	1076
936	1000	1076
936	949	1000
945	930	936
930	879	936
930	791	879
930	856	791
856	803	791
803	785	791
803	798	785
798	787	785
787	736	785
736	667	785
667	668	785
667	573	668
573	583	668
573	497	583
497	522	583
522	591	583
736	718	667
736	735	718
735	765	718
765	817	718
765	805	817
805	881	817
881	920	817
920	808	817
920	954	808
954	854	808
920	1019	954
920	986	1019
920	881	986
881	878	986
881	816	878
816	840	878
840	850	878
840	787	850
787	798	850
798	829	850
798	856	829
856	865	829
865	821	829
865	846	821
865	860	846
860	830	846
830	818	846
860	908	830
908	889	830
908	968	889
968	925	889
925	901	889
925	996	901
996	883	901
996	979	883
925	968	996
908	945	968
908	865	945
865	930	945
865	856	930
908	860	865
798	803	856
840	816	787
816	805	787
805	765	787
765	736	787
765	735	736
816	881	805
1226	1376	1437
1226	1207	1376
1207	1336	1376
1336	1509	1376
1336	1517	1509
1336	1374	1517
1374	1491	1517
1374	1456	1491
1456	1500	1491
1500	1627	1491
1500	1604	1627
1604	1683	1627
1604	1724	1683
1724	1781	1683
1604	1647	1724
1604	1500	1647
1500	1548	1647
1548	1564	1647
1548	1529	1564
1548	1465	1529
1465	1439	1529
1439	1341	1529
1341	1378	1529
1341	1334	1378
1334	1267	1378
1334	1320	1267
1320	1282	1267
1282	1201	1267
1282	1236	1201
1236	1079	1201
1079	1137	1201
1079	1081	1137
1081	1173	1137
1081	1168	1173
1081	1145	1168
1081	1042	1145
1079	998	1081
1079	933	998
933	922	998
922	953	998
1079	940	933
940	864	933
940	967	864
940	1025	967
1282	1254	1236
1254	1136	1236
1254	1207	1136
1207	1186	1136
1207	1226	1186
1254	1336	1207
1254	1335	1336
1335	1374	1336
1335	1456	1374
1335	1282	1456
1282	1439	1456
1439	1465	1456
1465	1500	1456
1465	1548	1500
1282	1320	1439
1320	1341	1439
1320	1334	1341
1335	1254	1282
799	794	864
799	752	794
752	698	794
659	623	698
623	638	698
638	683	698
683	757	698
683	675	757
675	720	757
683	638	675
638	602	675
602	562	675
602	588	562
588	536	562
588	461	536
461	521	536
521	565	536
461	421	521
461	422	421
422	404	421
404	373	421
422	419	404
422	461	419
588	498	461
588	600	498
588	609	600
609	623	600
623	659	600
659	612	600
609	588	623
588	638	623
588	602	638
277	353	327
1130	1155	1203
1155	1270	1203
548	451	534
80	129	70
129	76	70
129	120	76
129	153	120
80	92	129
39	115	52
115	108	52
108	40	52
124	131	189
188	278	285
278	346	285
346	364	285
364	293	285
346	475	364
346	509	475
509	629	475
278	310	346
193	247	234
247	284	234
193	286	247
216	256	273
256	335	273
335	354	273
354	249	273
354	444	249
444	275	249
444	310	275
354	430	444
430	486	444
430	520	486
520	592	486
520	703	592
703	709	592
709	665	592
665	582	592
709	924	665
709	921	924
921	1050	924
1050	1064	924
1064	1072	924
1064	1161	1072
1161	1299	1072
1299	1243	1072
1243	1183	1072
1299	1319	1243
1161	1425	1299
1161	1382	1425
1382	1534	1425
1161	1117	1382
1161	1064	1117
1064	1050	1117
921	1013	1050
1013	1053	1050
709	703	921
703	730	921
703	563	730
703	520	563
520	543	563
520	482	543
482	499	543
482	355	499
355	402	499
355	342	402
342	391	402
342	259	391
259	303	391
259	225	303
225	294	303
294	403	303
294	332	403
332	400	403
400	551	403
400	417	551
482	430	355
430	335	355
335	256	355
430	354	335
482	520	430
323	377	504
377	516	504
516	585	504
585	566	504
566	613	504
566	642	613
642	696	613
696	616	613
642	876	696
876	957	696
957	800	696
957	1085	800
1085	964	800
1085	1156	964
1085	1218	1156
1218	1262	1156
1218	1423	1262
1423	1323	1262
1218	1505	1423
1505	1601	1423
1601	1573	1423
1601	1831	1573
1831	1774	1573
1774	1719	1573
1719	1530	1573
1719	1610	1530
1610	1396	1530
1774	1830	1719
1774	1886	1830
1774	1831	1886
1831	2028	1886
1831	1848	2028
1831	1691	1848
1691	1738	1848
1738	1764	1848
1764	1998	1848
1764	1990	1998
1990	2092	1998
1990	1877	2092
1877	2142	2092
1877	1951	2142
1951	2122	2142
2122	2183	2142
1951	1980	2122
1980	2208	2122
2208	2335	2122
2335	2367	2122
2335	2442	2367
2442	2513	2367
1980	2179	2208
2179	2351	2208
1951	1866	1980
1951	1896	1866
1896	1812	1866
1951	1877	1896
1990	1884	1877
1884	1857	1877
1884	1764	1857
1764	1681	1857
1884	1990	1764
1738	1691	1764
1831	1601	1691
1601	1505	1691
377	367	516
367	380	516
357	401	390
394	517	513
394	418	517
431	526	477
477	468	431
437	537	489
460	584	465
479	552	503
552	601	503
601	537	503
494	628	611
628	769	611
628	673	769
673	776	769
523	579	624
579	713	624
545	657	630
657	867	630
657	863	867
863	1067	867
1067	1054	867
1054	948	867
1054	1040	948
1040	944	948
1040	1144	944
1144	929	944
929	768	944
1144	1169	929
1169	1060	929
1060	915	929
1060	1004	915
1004	907	915
907	704	915
1004	916	907
1060	1265	1004
1060	1169	1265
1067	1281	1054
863	1108	1067
581	655	653
598	693	670
660	680	793
688	723	737
729	767	747
729	713	767
767	983	747
751	890	1002
890	994	1002
1002	961	751
1002	1032	961
1032	796	961
1032	836	796
836	773	796
1032	1011	836
1032	1160	1011
1032	1235	1160
1235	1305	1160
766	786	873
873	913	766
873	1041	913
786	855	873
786	886	855
789	826	896
812	932	820
932	1003	820
812	841	932
839	842	1014
842	951	1014
951	1028	1014
951	985	1028
1014	1053	839
1014	1198	1053
950	984	1051
984	1102	1051
1102	1133	1051
1102	1166	1133
1102	1205	1166
958	1086	997
997	876	958
1086	1128	997
1086	1339	1128
1086	1217	1339
1217	1408	1339
958	1011	1086
972	1111	993
972	980	1111
980	1110	1111
1110	1165	1111
977	1170	989
1170	1093	989
1001	1082	1122
1018	1167	1113
1030	1143	1121
1080	1213	1131
1131	994	1080
1101	1227	1135
1106	1325	1249
1325	1365	1249
1106	1174	1325
1127	1306	1184
1138	1276	1225
1276	1430	1225
1430	1503	1225
1276	1418	1430
1418	1504	1430
1276	1331	1418
1182	1309	1242
1216	1317	1394
1216	1304	1317
1304	1459	1317
1459	1394	1317
1459	1550	1394
1304	1409	1459
1304	1265	1409
1230	1327	1298
1230	1238	1327
1233	1355	1372
1272	1420	1464
1464	1447	1272
1280	1381	1419
1381	1497	1419
1497	1479	1419
1287	1528	1467
1467	1309	1287
1528	1558	1467
1528	1656	1558
1528	1770	1656
1770	1793	1656
1770	1906	1793
1289	1384	1414
1384	1527	1414
1290	1364	1348
1348	1436	1290
1348	1364	1436
1312	1565	1353
1353	1281	1312
1353	1318	1281
1565	1540	1353
1565	1753	1540
1753	1748	1540
1322	1337	1338
1338	1373	1322
1338	1461	1373
1322	1145	1337
1328	1358	1446
1356	1407	1429
1407	1486	1429
1407	1653	1486
1375	1462	1450
1375	1596	1462
1450	1198	1375
1377	1525	1443
1525	1520	1443
1525	1641	1520
1401	1495	1453
1427	1533	1571
1427	1562	1533
1562	1624	1533
1438	1532	1468
1532	1585	1468
1470	1537	1506
1537	1575	1506
1537	1711	1575
1537	1609	1711
1609	1707	1711
1707	1798	1711
1488	1593	1552
1508	1513	1607
1518	1598	1541
1598	1776	1541
1522	1715	1608
1715	1762	1608
1715	1822	1762
1822	1856	1762
1856	1796	1762
1856	1868	1796
1868	1838	1796
1868	1837	1838
1524	1606	1553
1606	1578	1553
1546	1591	1625
1625	1671	1546
1625	1803	1671
1625	1591	1803
1591	1754	1803
1754	1826	1803
1754	1820	1826
1820	1850	1826
1820	1756	1850
1820	1631	1756
1556	1705	1667
1705	1773	1667
1705	1760	1773
1559	1687	1643
1643	1560	1559
1567	1718	1660
1718	1751	1660
1751	1787	1660
1751	1825	1787
1567	1745	1718
1745	1937	1718
1569	1673	1677
1582	1696	1701
1696	1853	1701
1595	1638	1650
1613	1808	1648
1648	1534	1613
1808	1875	1648
1875	1824	1648
1875	1959	1824
1875	1976	1959
1976	2087	1959
2087	2055	1959
2087	2243	2055
2087	2270	2243
2270	2301	2243
2301	2327	2243
2270	2473	2301
2087	2160	2270
2160	2200	2270
2160	2067	2200
2067	2109	2200
2109	2359	2200
2067	1860	2109
1860	2094	2109
1860	1921	2094
1921	2110	2094
1921	2118	2110
2118	2192	2110
1921	2029	2118
2029	2191	2118
2029	2066	2191
2066	2132	2191
2132	2361	2191
2132	2366	2361
2132	2272	2366
2132	2079	2272
2132	2013	2079
2013	1958	2079
1958	1961	2079
1961	2046	2079
1958	1935	1961
2013	2000	1958
2013	2066	2000
2066	2029	2000
2013	2132	2066
1921	1829	2029
2067	1875	1860
1875	1808	1860
1808	1761	1860
2067	1976	1875
2067	2087	1976
2067	2160	2087
1630	1654	1797
1654	1728	1797
1797	1680	1630
1640	1801	1859
1661	1706	1819
1668	1698	1749
1729	1789	1895
1789	1818	1895
1818	1975	1895
1818	1836	1975
1895	1872	1729
1872	1811	1729
1872	1925	1811
1872	1895	1925
1752	1916	1810
1916	1947	1810
1794	1893	1915
1893	2017	1915
1893	1954	2017
1954	2069	2017
1954	2081	2069
2081	2193	2069
1847	1889	1967
1889	2107	1967
1889	2047	2107
1865	1873	1936
1873	2112	1936
2112	2077	1936
2077	2047	1936
2112	2268	2077
1880	1963	1892
1880	2008	1963
1904	2083	1908
2083	1919	1908
1919	1806	1908
1806	1702	1908
1905	2004	1965
1909	2031	1952
1952	1753	1909
1952	1984	1753
1984	1854	1753
1952	2031	1984
1910	2011	1987
2011	2131	1987
2131	2008	1987
1913	2021	1995
1913	1859	2021
1924	1996	2101
1928	2061	1945
2061	2086	1945
1931	1948	2014
1931	1861	1948
1933	2052	2018
2052	2115	2018
2115	2051	2018
2052	2248	2115
2052	2030	2248
2030	2304	2248
2304	2342	2248
2304	2414	2342
2414	2487	2342
1968	2062	2020
1971	2023	2060
2023	2104	2060
1977	2064	2075
2064	2119	2075
2064	2163	2119
2064	2111	2163
2111	2255	2163
2111	2165	2255
2165	2279	2255
2279	2410	2255
2410	2465	2255
2279	2467	2410
2111	2025	2165
2025	2051	2165
2025	1906	2051
1981	2170	2164
1988	2103	2074
2103	2194	2074
2103	2128	2194
2002	2024	2230
2024	2186	2230
2006	2185	2059
2006	2220	2185
2006	1965	2220
2185	2233	2059
2233	2209	2059
2209	2106	2059
2106	2037	2059
2209	2175	2106
2209	2216	2175
2216	2147	2175
2185	2238	2233
2238	2381	2233
2010	2167	2045
2010	2166	2167
2166	2295	2167
2076	2108	2156
2108	2293	2156
2089	2144	2152
2098	2136	2182
2136	2223	2182
2113	2274	2154
2154	2044	2113
2274	2331	2154
2331	2332	2154
2274	2405	2331
2274	2404	2405
2404	2572	2405
2572	2654	2405
2654	2594	2405
2654	2792	2594
2792	2579	2594
2579	2559	2594
2654	2828	2792
2654	2743	2828
2654	2572	2743
2404	2494	2572
2404	2283	2494
2404	2262	2283
2262	2130	2283
2404	2274	2262
2120	2214	2174
2125	2266	2178
2266	2294	2178
2294	2325	2178
2125	2218	2266
2218	2313	2266
2126	2282	2203
2282	2372	2203
2372	2286	2203
2286	2250	2203
2282	2402	2372
2151	2190	2246
2176	2235	2236
2180	2344	2197
2197	2021	2180
2344	2265	2197
2180	2276	2344
2276	2435	2344
2276	2334	2435
2334	2352	2435
2334	2253	2352
2253	2302	2352
2302	2376	2352
2302	2375	2376
2253	2107	2302
2334	2276	2253
2184	2386	2202
2187	2224	2280
2204	2373	2369
2369	2170	2204
2212	2305	2292
2292	2237	2212
2292	2239	2237
2305	2416	2292
2222	2341	2326
2341	2362	2326
2341	2532	2362
2227	2434	2271
2227	2401	2434
2227	2356	2401
2356	2453	2401
2356	2377	2453
2229	2420	2374
2229	2348	2420
2234	2257	2264
2257	2411	2264
2247	2379	2437
2379	2545	2437
2545	2606	2437
2606	2556	2437
2556	2351	2437
2351	2247	2437
2545	2772	2606
2772	2762	2606
2545	2726	2772
2726	2907	2772
2545	2525	2726
2525	2510	2726
2510	2626	2726
2626	2795	2726
2525	2379	2510
2379	2399	2510
2399	2450	2510
2399	2429	2450
2399	2354	2429
2354	2390	2429
2354	2295	2390
2295	2358	2390
2525	2545	2379
2252	2384	2431
2259	2452	2400
2452	2490	2400
2297	2318	2394
2318	2311	2394
2311	2397	2394
2397	2451	2394
2451	2507	2394
2507	2544	2394
2507	2553	2544
2507	2601	2553
2507	2466	2601
2466	2519	2601
2519	2695	2601
2695	2693	2601
2695	2708	2693
2708	2846	2693
2695	2656	2708
2695	2519	2656
2519	2514	2656
2514	2522	2656
2514	2417	2522
2507	2451	2466
2451	2438	2466
2451	2409	2438
2409	2280	2438
2409	2397	2280
2397	2311	2280
2409	2451	2397
2318	2226	2311
2298	2495	2418
2495	2575	2418
2575	2491	2418
2575	2509	2491
2575	2661	2509
2661	2616	2509
2616	2567	2509
2661	2725	2616
2725	2659	2616
2725	2795	2659
2661	2767	2725
2661	2810	2767
2309	2310	2485
2317	2338	2425
2338	2563	2425
2563	2681	2425
2563	2775	2681
2563	2565	2775
2565	2595	2775
2565	2477	2595
2477	2333	2595
2333	2503	2595
2503	2615	2595
2615	2696	2595
2333	2395	2503
2395	2463	2503
2395	2265	2463
2565	2563	2477
2563	2338	2477
2321	2388	2592
2388	2591	2592
2592	2583	2321
2592	2814	2583
2814	2679	2583
2679	2629	2583
2679	2724	2629
2724	2664	2629
2664	2534	2629
2664	2542	2534
2542	2504	2534
2542	2473	2504
2724	2739	2664
2739	2838	2664
2739	2880	2838
2880	2975	2838
2880	3049	2975
3049	3130	2975
2739	2724	2880
2724	2679	2880
2679	2814	2880
2339	2521	2523
2521	2596	2523
2596	2700	2523
2521	2573	2596
2347	2520	2474
2520	2564	2474
2347	2391	2520
2370	2396	2433
2385	2484	2462
2484	2561	2462
2561	2571	2462
2571	2384	2462
2561	2689	2571
2689	2788	2571
2385	2316	2484
2398	2531	2607
2407	2528	2476
2528	2666	2476
2666	2475	2476
2528	2631	2666
2528	2569	2631
2528	2407	2569
2407	2482	2569
2413	2582	2552
2582	2790	2552
2582	2698	2790
2698	2864	2790
2864	2951	2790
2951	3009	2790
3009	3038	2790
3009	3227	3038
3227	3302	3038
3227	3344	3302
3344	3291	3302
3227	3420	3344
3420	3558	3344
3558	3605	3344
3558	3675	3605
3675	3700	3605
3700	3693	3605
3693	3649	3605
3693	3743	3649
3743	3641	3649
3743	3610	3641
3610	3503	3641
3610	3560	3503
3560	3358	3503
3358	3310	3503
3358	3293	3310
3293	3114	3310
3114	3083	3310
3114	2857	3083
3114	3070	2857
3114	3196	3070
3114	3293	3196
3293	3358	3196
3358	3360	3196
3358	3391	3360
3391	3567	3360
3567	3601	3360
3567	3836	3601
3836	3668	3601
3668	3656	3601
3668	3696	3656
3696	3804	3656
3567	3642	3836
3642	3821	3836
3821	3924	3836
3567	3560	3642
3560	3610	3642
3567	3391	3560
3391	3358	3560
3675	3900	3700
3009	3099	3227
3099	3273	3227
3009	2951	3099
2951	2913	3099
2951	2864	2913
2552	2373	2413
2426	2590	2432
2427	2713	2430
2713	2707	2430
2713	2932	2707
2713	2942	2932
2942	3155	2932
3155	2937	2932
3155	3129	2937
3129	2899	2937
2427	2641	2713
2427	2526	2641
2526	2652	2641
2652	2818	2641
2427	2381	2526
2381	2461	2526
2461	2540	2526
2436	2593	2440
2593	2560	2440
2593	2758	2560
2758	2705	2560
2758	2831	2705
2758	2886	2831
2886	3004	2831
2886	3148	3004
3148	3173	3004
3148	3248	3173
3148	3308	3248
3148	3150	3308
3150	3238	3308
3150	3212	3238
3212	3246	3238
3212	3193	3246
3193	3200	3246
3193	3093	3200
3093	3216	3200
3216	3377	3200
3216	3274	3377
3216	3057	3274
3216	3093	3057
3093	2891	3057
2891	3035	3057
3093	2803	2891
3148	2886	3150
2886	2905	3150
2886	2878	2905
2878	2746	2905
2746	2803	2905
2878	2562	2746
2886	2758	2878
2758	2593	2878
2436	2562	2593
2436	2517	2562
2439	2515	2497
2441	2680	2455
2680	2662	2455
2680	2848	2662
2848	2894	2662
2680	2888	2848
2680	2704	2888
2680	2441	2704
2457	2502	2499
2502	2732	2499
2732	2710	2499
2486	2576	2557
2486	2588	2576
2588	2729	2576
2588	2799	2729
2799	2842	2729
2799	2808	2842
2799	2669	2808
2669	2722	2808
2669	2625	2722
2669	2605	2625
2669	2799	2605
2799	2588	2605
2492	2506	2508
2508	2529	2492
2496	2577	2518
2511	2547	2624
2530	2682	2691
2682	2778	2691
2778	2841	2691
2778	2949	2841
2778	2908	2949
2908	3060	2949
2778	2789	2908
2682	2643	2778
2537	2673	2763
2763	2683	2537
2763	2825	2683
2825	2733	2683
2733	2704	2683
2763	2984	2825
2539	2671	2554
2539	2660	2671
2549	2621	2570
2550	2634	2644
2644	2685	2550
2685	2613	2550
2644	2889	2685
2644	2723	2889
2644	2634	2723
2550	2529	2634
2555	2600	2603
2600	2774	2603
2774	2781	2603
2774	2901	2781
2600	2736	2774
2600	2711	2736
2568	2653	2804
2574	2587	2651
2585	2623	2617
2586	2745	2697
2697	2590	2586
2697	2690	2590
2589	2610	2719
2589	2557	2610
2589	2540	2557
2719	2748	2589
2597	2609	2667
2602	2637	2753
2637	2755	2753
2755	2849	2753
2849	2813	2753
2813	2779	2753
2779	2630	2753
2630	2602	2753
2813	2914	2779
2813	2985	2914
2813	2849	2985
2849	2955	2985
2955	3032	2985
2637	2734	2755
2604	2684	2747
2684	2703	2747
2703	2766	2747
2703	2716	2766
2716	2794	2766
2794	2999	2766
2684	2431	2703
2747	2623	2604
2608	2858	2740
2858	2768	2740
2614	2638	2658
2658	2573	2614
2638	2730	2658
2730	2834	2658
2730	2804	2834
2804	2873	2834
2873	2972	2834
2972	2986	2834
2873	3062	2972
2873	2885	3062
2885	2933	3062
2873	2804	2885
2622	2844	2811
2627	2769	2628
2640	2797	2649
2645	2801	2809
2809	2877	2645
2665	2850	2881
2881	2923	2665
2668	2862	2815
2862	2976	2815
2862	3046	2976
3046	3125	2976
3125	3066	2976
3066	2963	2976
3066	3115	2963
3115	3023	2963
3023	2984	2963
3023	3090	2984
3023	3142	3090
3142	3256	3090
3256	3105	3090
3023	3115	3142
3115	3151	3142
3115	3066	3151
3125	3223	3066
2674	2692	2688
2692	2796	2688
2692	2830	2796
2692	2819	2830
2678	2702	2791
2791	2857	2678
2701	2859	2757
2859	2872	2757
2715	2784	2816
2784	2948	2816
2948	2928	2816
2784	2852	2948
2784	2685	2852
2717	2826	2738
2717	2904	2826
2721	2871	2896
2744	2770	2829
2749	2807	2821
2821	2806	2749
2821	2938	2806
2821	2958	2938
2958	3010	2938
3010	2971	2938
3010	3133	2971
3133	2992	2971
2992	2957	2971
2992	2926	2957
2992	2973	2926
3133	3108	2992
3133	3185	3108
3133	3222	3185
2958	3104	3010
2751	2869	2759
2760	2836	2997
2836	3070	2997
2761	2898	2764
2761	2765	2898
2777	2917	2863
2917	2956	2863
2917	3047	2956
2787	2851	2974
2800	2843	2940
2843	2954	2940
2954	3056	2940
2824	2977	3020
2847	3065	2919
3065	3107	2919
3107	2895	2919
3107	3167	2895
3107	3367	3167
3367	3416	3167
3416	3157	3167
3157	2991	3167
3157	3145	2991
3145	2990	2991
2990	2889	2991
3145	3058	2990
3145	3190	3058
3157	3416	3145
3107	3138	3367
3138	3392	3367
3392	3443	3367
3138	3192	3392
3192	3276	3392
3276	3366	3392
3366	3644	3392
3366	3626	3644
3626	3687	3644
3687	3755	3644
3687	3786	3755
3786	3988	3755
3988	3993	3755
3786	4013	3988
3786	4019	4013
4019	4163	4013
4019	4219	4163
4219	4296	4163
4296	4309	4163
4309	4185	4163
4185	4175	4163
4185	4114	4175
4185	4288	4114
4288	4292	4114
4288	4376	4292
4288	4309	4376
4309	4365	4376
4365	4504	4376
4365	4567	4504
4567	4581	4504
4567	4663	4581
4663	4605	4581
4663	4771	4605
4771	4755	4605
4755	4715	4605
4755	4785	4715
4785	4799	4715
4799	4698	4715
4799	4842	4698
4842	4722	4698
4722	4556	4698
4722	4570	4556
4570	4496	4556
4496	4508	4556
4496	4452	4508
4496	4489	4452
4489	4364	4452
4364	4289	4452
4364	4359	4289
4359	4327	4289
4359	4527	4327
4527	4325	4327
4359	4489	4527
4489	4566	4527
4566	4697	4527
4566	4571	4697
4571	4570	4697
4570	4727	4697
4727	4827	4697
4827	4836	4697
4836	4723	4697
4836	4778	4723
4778	4747	4723
4778	4707	4747
4836	4937	4778
4937	4951	4778
4951	4948	4778
4951	5040	4948
5040	4988	4948
4988	4923	4948
4923	4861	4948
4923	4922	4861
4922	4896	4861
4922	4892	4896
4892	4890	4896
4923	4957	4922
4957	5071	4922
4957	4988	5071
4988	5040	5071
5040	5088	5071
5088	5034	5071
5088	5079	5034
5079	5018	5034
5018	5025	5034
5025	4924	5034
5025	4950	4924
4950	4862	4924
4862	4888	4924
4888	4892	4924
4862	4813	4888
4862	4802	4813
4802	4783	4813
4783	4710	4813
4710	4667	4813
4667	4683	4813
4710	4653	4667
4653	4621	4667
4653	4575	4621
4575	4528	4621
4575	4455	4528
4653	4650	4575
4653	4744	4650
4744	4728	4650
4744	4802	4728
4802	4871	4728
4871	4748	4728
4748	4672	4728
4748	4671	4672
4671	4609	4672
4748	4670	4671
4670	4618	4671
4670	4634	4618
4634	4469	4618
4634	4463	4469
4463	4331	4469
4634	4630	4463
4630	4533	4463
4533	4448	4463
4533	4583	4448
4583	4547	4448
4547	4425	4448
4425	4345	4448
4425	4419	4345
4419	4402	4345
4402	4260	4345
4419	4511	4402
4419	4425	4511
4425	4547	4511
4547	4562	4511
4562	4595	4511
4562	4651	4595
4651	4713	4595
4713	4629	4595
4629	4585	4595
4585	4523	4595
4523	4470	4595
4523	4553	4470
4553	4440	4470
4553	4406	4440
4406	4381	4440
4406	4313	4381
4406	4294	4313
4406	4342	4294
4342	4251	4294
4251	4243	4294
4251	4171	4243
4406	4374	4342
4374	4344	4342
4344	4330	4342
4344	4312	4330
4312	4208	4330
4312	4218	4208
4312	4301	4218
4301	4183	4218
4301	4234	4183
4301	4346	4234
4346	4222	4234
4346	4349	4222
4349	4242	4222
4349	4379	4242
4379	4315	4242
4315	4268	4242
4268	4149	4242
4315	4280	4268
4315	4339	4280
4339	4348	4280
4348	4249	4280
4249	4164	4280
4249	4198	4164
4198	4075	4164
4249	4322	4198
4249	4348	4322
4348	4429	4322
4429	4410	4322
4410	4361	4322
4361	4195	4322
4429	4580	4410
4580	4551	4410
4580	4597	4551
4580	4655	4597
4655	4701	4597
4701	4675	4597
4701	4717	4675
4717	4661	4675
4661	4600	4675
4600	4555	4675
4600	4602	4555
4602	4453	4555
4453	4393	4555
4453	4422	4393
4422	4303	4393
4303	4316	4393
4316	4423	4393
4303	4265	4316
4303	4233	4265
4303	4252	4233
4303	4293	4252
4293	4329	4252
4329	4255	4252
4255	4148	4252
4255	4191	4148
4191	4108	4148
4108	4035	4148
4108	4036	4035
4036	3921	4035
4036	3982	3921
3982	3907	3921
3982	3903	3907
3903	3851	3907
3903	3867	3851
3867	3783	3851
3867	3904	3783
3904	3864	3783
3904	3941	3864
3867	3903	3904
4036	4041	3982
4041	4022	3982
4255	4279	4191
4279	4274	4191
4279	4311	4274
4311	4318	4274
4279	4385	4311
4279	4329	4385
4329	4360	4385
4360	4414	4385
4414	4486	4385
4414	4534	4486
4414	4453	4534
4453	4602	4534
4602	4626	4534
4602	4661	4626
4661	4674	4626
4674	4712	4626
4712	4742	4626
4712	4733	4742
4733	4777	4742
4777	4761	4742
4761	4699	4742
4761	4779	4699
4779	4725	4699
4725	4641	4699
4725	4647	4641
4647	4599	4641
4647	4509	4599
4509	4486	4599
4725	4668	4647
4725	4741	4668
4741	4694	4668
4741	4696	4694
4741	4751	4696
4751	4700	4696
4700	4658	4696
4658	4624	4696
4658	4646	4624
4646	4468	4624
4658	4678	4646
4658	4703	4678
4703	4721	4678
4721	4711	4678
4711	4679	4678
4679	4633	4678
4633	4526	4678
4633	4607	4526
4607	4495	4526
4495	4468	4526
4495	4363	4468
4363	4377	4468
4363	4332	4377
4332	4300	4377
4300	4383	4377
4332	4247	4300
4247	4160	4300
4247	4165	4160
4247	4257	4165
4257	4324	4165
4257	4363	4324
4257	4332	4363
4257	4247	4332
4633	4705	4607
4705	4714	4607
4714	4587	4607
4705	4737	4714
4737	4724	4714
4724	4648	4714
4737	4788	4724
4737	4800	4788
4800	4838	4788
4838	4826	4788
4826	4753	4788
4753	4642	4788
4826	4870	4753
4870	4780	4753
4780	4706	4753
4780	4784	4706
4784	4735	4706
4735	4613	4706
4613	4591	4706
4613	4579	4591
4613	4466	4579
4466	4465	4579
4466	4405	4465
4405	4378	4465
4378	4373	4465
4373	4529	4465
4373	4428	4529
4428	4449	4529
4449	4586	4529
4449	4450	4586
4450	4593	4586
4450	4539	4593
4539	4648	4593
4539	4545	4648
4545	4606	4648
4606	4587	4648
4606	4594	4587
4594	4494	4587
4594	4521	4494
4521	4457	4494
4521	4480	4457
4521	4568	4480
4568	4538	4480
4538	4438	4480
4438	4467	4480
4438	4418	4467
4438	4351	4418
4438	4382	4351
4382	4237	4351
4237	4225	4351
4225	4284	4351
4225	4170	4284
4225	4129	4170
4129	4111	4170
4111	4250	4170
4111	4168	4250
4168	4215	4250
4215	4267	4250
4215	4199	4267
4215	4168	4199
4168	4055	4199
4111	4071	4168
4071	4057	4168
4071	4000	4057
4071	3994	4000
3994	3972	4000
3994	3898	3972
3898	3837	3972
3898	3812	3837
3812	3733	3837
3898	3827	3812
3898	3852	3827
3852	3749	3827
3852	3710	3749
4071	4040	3994
4071	4060	4040
4060	3987	4040
4060	4048	3987
4048	3883	3987
3883	3859	3987
3883	3799	3859
3799	3684	3859
3684	3681	3859
3684	3587	3681
3587	3540	3681
3684	3611	3587
3684	3773	3611
3773	3662	3611
3773	3745	3662
3745	3704	3662
3704	3538	3662
3704	3531	3538
3531	3480	3538
3531	3417	3480
3531	3562	3417
3531	3704	3562
3684	3799	3773
3799	3883	3773
4048	3984	3883
4048	4084	3984
4048	4129	4084
4129	4200	4084
4200	4153	4084
4200	4216	4153
4216	4154	4153
4154	4081	4153
4216	4281	4154
4281	4302	4154
4281	4395	4302
4395	4396	4302
4396	4290	4302
4396	4449	4290
4449	4372	4290
4449	4428	4372
4428	4373	4372
4373	4338	4372
4338	4245	4372
4338	4246	4245
4338	4378	4246
4378	4328	4246
4328	4266	4246
4266	4130	4246
4328	4337	4266
4328	4405	4337
4405	4466	4337
4328	4378	4405
4338	4373	4378
4396	4450	4449
4396	4395	4450
4395	4539	4450
4395	4392	4539
4392	4545	4539
4392	4458	4545
4458	4574	4545
4574	4606	4545
4574	4589	4606
4589	4594	4606
4589	4568	4594
4568	4521	4594
4589	4538	4568
4589	4574	4538
4574	4525	4538
4525	4438	4538
4525	4382	4438
4525	4441	4382
4441	4390	4382
4390	4224	4382
4224	4237	4382
4224	4129	4237
4129	4225	4237
4224	4220	4129
4220	4200	4129
4220	4263	4200
4263	4216	4200
4263	4281	4216
4263	4357	4281
4357	4395	4281
4357	4392	4395
4357	4220	4392
4220	4390	4392
4390	4458	4392
4390	4441	4458
4441	4525	4458
4525	4574	4458
4220	4224	4390
4357	4263	4220
4048	4060	4129
4060	4111	4129
4060	4071	4111
4613	4558	4466
4558	4493	4466
4784	4772	4735
4784	4940	4772
4940	4884	4772
4884	4786	4772
4786	4775	4772
4786	4884	4775
4884	4915	4775
4915	4835	4775
4835	4804	4775
4804	4750	4775
4804	4774	4750
4774	4709	4750
4774	4690	4709
4690	4639	4709
4639	4590	4709
4639	4437	4590
4437	4409	4590
4409	4493	4590
4639	4559	4437
4559	4401	4437
4401	4320	4437
4320	4317	4437
4320	4202	4317
4202	4156	4317
4156	4121	4317
4121	4282	4317
4282	4409	4317
4121	4145	4282
4145	4181	4282
4145	4130	4181
4145	4026	4130
4026	4082	4130
4145	4059	4026
4145	4121	4059
4202	4150	4156
4150	4093	4156
4150	4089	4093
4089	4056	4093
4056	3954	4093
4089	4159	4056
4089	4150	4159
4150	4304	4159
4304	4277	4159
4304	4403	4277
4403	4380	4277
4304	4401	4403
4304	4320	4401
4304	4202	4320
4304	4150	4202
4639	4638	4559
4639	4690	4638
4690	4708	4638
4690	4770	4708
4770	4820	4708
4820	4794	4708
4794	4752	4708
4752	4689	4708
4752	4718	4689
4718	4560	4689
4560	4610	4689
4560	4430	4610
4560	4427	4430
4560	4520	4427
4520	4356	4427
4520	4310	4356
4310	4308	4356
4310	4157	4308
4157	4047	4308
4047	4210	4308
4157	4025	4047
4025	3999	4047
3999	4007	4047
3999	3906	4007
3906	3922	4007
3922	3986	4007
3906	3788	3922
3788	3766	3922
3766	3770	3922
3766	3583	3770
3583	3695	3770
3583	3608	3695
3608	3751	3695
3751	3797	3695
3751	3832	3797
3751	3828	3832
3828	3872	3832
3828	3865	3872
3865	3954	3872
3828	3716	3865
3828	3751	3716
3751	3664	3716
3751	3555	3664
3751	3553	3555
3751	3608	3553
3583	3446	3608
3583	3477	3446
3477	3232	3446
3477	3468	3232
3477	3625	3468
3477	3583	3625
3583	3766	3625
3766	3788	3625
3788	3834	3625
3788	3909	3834
3909	3985	3834
3909	4025	3985
4025	4128	3985
4025	4157	4128
4157	4205	4128
3909	3999	4025
3909	3906	3999
3909	3788	3906
4560	4729	4520
4729	4522	4520
4729	4664	4522
4729	4766	4664
4766	4731	4664
4731	4604	4664
4731	4769	4604
4731	4766	4769
4766	4807	4769
4807	4849	4769
4849	4805	4769
4849	4823	4805
4823	4781	4805
4781	4719	4805
4823	4831	4781
4831	4792	4781
4831	4797	4792
4831	4868	4797
4868	4848	4797
4848	4695	4797
4848	4843	4695
4843	4726	4695
4726	4596	4695
4726	4665	4596
4665	4530	4596
4665	4628	4530
4726	4767	4665
4767	4833	4665
4833	4828	4665
4833	4907	4828
4907	4981	4828
4981	4930	4828
4930	4795	4828
4795	4754	4828
4795	4734	4754
4734	4635	4754
4795	4872	4734
4872	4880	4734
4872	5011	4880
5011	5038	4880
5038	4954	4880
4954	4928	4880
4928	4824	4880
4928	4879	4824
4879	4815	4824
4815	4730	4824
4815	4791	4730
4791	4764	4730
4764	4623	4730
4764	4745	4623
4745	4611	4623
4745	4627	4611
4627	4550	4611
4550	4476	4611
4550	4442	4476
4627	4567	4550
4627	4756	4567
4756	4663	4567
4756	4771	4663
4756	4852	4771
4852	4882	4771
4882	4798	4771
4798	4755	4771
4798	4785	4755
4798	4898	4785
4898	4929	4785
4929	4799	4785
4929	4991	4799
4991	4842	4799
4991	4881	4842
4881	4827	4842
4827	4722	4842
4827	4727	4722
4727	4570	4722
4881	4851	4827
4851	4847	4827
4847	4836	4827
4847	4925	4836
4925	4937	4836
4925	4951	4937
4925	4991	4951
4991	5040	4951
4925	4881	4991
4925	4851	4881
4925	4847	4851
4929	5046	4991
4929	5043	5046
5043	5077	5046
5077	5093	5046
5077	5083	5093
5077	5050	5083
5050	5020	5083
5050	5043	5020
5043	4899	5020
4899	4992	5020
4992	5002	5020
4992	4865	5002
4865	4982	5002
4982	5033	5002
5033	5112	5002
5033	5084	5112
5033	5087	5084
5033	4943	5087
4943	5015	5087
5015	5068	5087
5068	5102	5087
5102	5113	5087
5113	5152	5087
5113	5147	5152
5147	5168	5152
5168	5170	5152
5170	5169	5152
5170	5153	5169
5153	5159	5169
5159	5162	5169
5162	5164	5169
5162	5131	5164
5131	5155	5164
5131	5121	5155
5121	5140	5155
5140	5133	5155
5133	5123	5155
5123	5112	5155
5133	5097	5123
5097	5101	5123
5101	5099	5123
5099	5093	5123
5101	5098	5099
5098	5088	5099
5098	5101	5088
5101	5079	5088
5101	5097	5079
5097	5073	5079
5073	5049	5079
5049	5018	5079
5049	5012	5018
5012	4918	5018
4918	4950	5018
4950	5025	5018
4918	4862	4950
4918	4874	4862
4874	4802	4862
4874	4871	4802
4874	4934	4871
4934	4897	4871
4897	4748	4871
4897	4920	4748
4920	4782	4748
4782	4670	4748
4782	4760	4670
4760	4630	4670
4630	4634	4670
4760	4619	4630
4619	4583	4630
4583	4533	4630
4619	4547	4583
4619	4676	4547
4676	4651	4547
4651	4562	4547
4676	4757	4651
4757	4713	4651
4757	4818	4713
4818	4814	4713
4814	4796	4713
4796	4746	4713
4746	4629	4713
4746	4657	4629
4657	4585	4629
4657	4553	4585
4553	4523	4585
4746	4743	4657
4743	4720	4657
4743	4809	4720
4809	4740	4720
4809	4840	4740
4840	4787	4740
4787	4763	4740
4763	4685	4740
4763	4768	4685
4768	4640	4685
4640	4637	4685
4637	4485	4685
4637	4603	4485
4603	4541	4485
4541	4512	4485
4512	4454	4485
4454	4424	4485
4424	4344	4485
4344	4374	4485
4374	4388	4485
4388	4426	4485
4426	4537	4485
4426	4553	4537
4426	4406	4553
4426	4388	4406
4388	4374	4406
4424	4312	4344
4424	4301	4312
4424	4346	4301
4424	4454	4346
4454	4517	4346
4517	4500	4346
4500	4416	4346
4416	4349	4346
4416	4407	4349
4407	4379	4349
4407	4481	4379
4481	4445	4379
4445	4339	4379
4339	4315	4379
4445	4348	4339
4445	4536	4348
4536	4429	4348
4536	4576	4429
4576	4580	4429
4576	4660	4580
4660	4655	4580
4660	4749	4655
4749	4701	4655
4749	4821	4701
4821	4811	4701
4811	4717	4701
4811	4832	4717
4832	4674	4717
4674	4661	4717
4832	4712	4674
4832	4733	4712
4832	4837	4733
4837	4777	4733
4837	4850	4777
4850	4779	4777
4779	4761	4777
4850	4844	4779
4844	4725	4779
4844	4855	4725
4855	4758	4725
4758	4741	4725
4758	4751	4741
4855	4889	4758
4855	4905	4889
4905	4903	4889
4905	4962	4903
4962	4963	4903
4963	4902	4903
4902	4864	4903
4902	4909	4864
4909	4856	4864
4856	4845	4864
4845	4776	4864
4845	4721	4776
4721	4703	4776
4703	4751	4776
4703	4700	4751
4703	4658	4700
4856	4927	4845
4927	4825	4845
4927	4838	4825
4838	4800	4825
4927	4870	4838
4870	4826	4838
4927	4949	4870
4949	4940	4870
4940	4784	4870
4784	4780	4870
4949	4942	4940
4942	4884	4940
4942	4915	4884
4942	5008	4915
5008	5013	4915
5013	4893	4915
4893	4835	4915
4893	4900	4835
4900	4804	4835
4900	4867	4804
4867	4820	4804
4820	4770	4804
4770	4774	4804
4770	4690	4774
4867	4846	4820
4846	4822	4820
4822	4794	4820
4822	4810	4794
4810	4752	4794
4810	4718	4752
4810	4801	4718
4801	4729	4718
4729	4560	4718
4801	4806	4729
4806	4766	4729
4806	4807	4766
4806	4885	4807
4885	4849	4807
4885	4913	4849
4913	4901	4849
4901	4823	4849
4901	4831	4823
4901	4938	4831
4938	4868	4831
4938	4848	4868
4901	4947	4938
4947	4958	4938
4958	4998	4938
4958	5006	4998
5006	5065	4998
5065	5059	4998
5059	5037	4998
5059	5005	5037
5005	4895	5037
4895	4848	5037
4895	4843	4848
4895	4910	4843
4910	4833	4843
4833	4767	4843
4767	4726	4843
4910	4907	4833
4910	4971	4907
4971	5041	4907
5041	5032	4907
5032	4981	4907
5032	5066	4981
5066	5016	4981
5016	4930	4981
5016	5011	4930
5011	4872	4930
4872	4795	4930
5066	5108	5016
5066	5129	5108
5129	5138	5108
5129	5151	5138
5151	5161	5138
5161	5146	5138
5146	5128	5138
5146	5157	5128
5157	5154	5128
5154	5062	5128
5062	5038	5128
5038	5011	5128
5062	4954	5038
5062	5051	4954
5051	4928	4954
5051	4965	4928
4965	4879	4928
4965	4943	4879
4943	4875	4879
4875	4791	4879
4791	4815	4879
4875	4839	4791
4839	4764	4791
4839	4817	4764
4817	4745	4764
4817	4812	4745
4812	4756	4745
4756	4627	4745
4812	4803	4756
4803	4852	4756
4803	4865	4852
4865	4992	4852
4992	4899	4852
4899	4882	4852
4899	4898	4882
4898	4798	4882
4899	5043	4898
5043	4929	4898
4803	4812	4865
4812	4982	4865
4812	4817	4982
4817	4912	4982
4912	5033	4982
4912	4943	5033
4912	4875	4943
4912	4839	4875
4912	4817	4839
4965	5015	4943
4965	5068	5015
4965	5051	5068
5051	5127	5068
5127	5102	5068
5127	5147	5102
5147	5113	5102
5127	5168	5147
5127	5154	5168
5154	5167	5168
5167	5163	5168
5163	5170	5168
5163	5153	5170
5163	5144	5153
5144	5159	5153
5144	5135	5159
5135	5120	5159
5120	5162	5159
5120	5131	5162
5120	5103	5131
5103	5121	5131
5103	5073	5121
5073	5133	5121
5133	5140	5121
5073	5097	5133
5103	5017	5073
5017	5048	5073
5048	5049	5073
5048	5012	5049
5048	4920	5012
4920	4934	5012
4934	4918	5012
4934	4874	4918
4920	4897	4934
5048	5017	4920
5017	4952	4920
5017	4994	4952
4994	4961	4952
4961	4916	4952
4961	4996	4916
4996	4914	4916
4914	4859	4916
4914	4869	4859
4869	4808	4859
4808	4684	4859
4684	4760	4859
4760	4782	4859
4684	4619	4760
4684	4676	4619
4684	4757	4676
4684	4808	4757
4808	4818	4757
4808	4829	4818
4829	4814	4818
4829	4887	4814
4887	4946	4814
4946	4796	4814
4946	4873	4796
4873	4809	4796
4809	4743	4796
4743	4746	4796
4873	4840	4809
4873	4931	4840
4931	4841	4840
4841	4787	4840
4841	4768	4787
4768	4763	4787
4841	4917	4768
4917	4877	4768
4877	4793	4768
4793	4738	4768
4738	4686	4768
4686	4644	4768
4644	4640	4768
4644	4603	4640
4603	4637	4640
4644	4584	4603
4584	4517	4603
4517	4541	4603
4517	4512	4541
4517	4454	4512
4584	4500	4517
4584	4572	4500
4572	4514	4500
4514	4416	4500
4514	4481	4416
4481	4407	4416
4514	4445	4481
4514	4616	4445
4616	4536	4445
4616	4660	4536
4660	4576	4536
4616	4716	4660
4716	4789	4660
4789	4749	4660
4789	4790	4749
4790	4821	4749
4790	4863	4821
4863	4883	4821
4883	4811	4821
4883	4933	4811
4933	4939	4811
4939	4832	4811
4939	4857	4832
4857	4876	4832
4876	4837	4832
4876	4886	4837
4886	4858	4837
4858	4850	4837
4858	4878	4850
4878	4844	4850
4878	4855	4844
4878	4973	4855
4973	4905	4855
4973	4962	4905
4973	5021	4962
5021	4963	4962
5021	5019	4963
5019	5008	4963
5008	4902	4963
5008	4909	4902
5008	4949	4909
4949	4927	4909
4927	4856	4909
5008	4942	4949
5019	5013	5008
5019	5044	5013
5044	4900	5013
4900	4893	5013
5044	4970	4900
4970	4867	4900
4970	4908	4867
4908	4846	4867
4908	4944	4846
4908	4974	4944
4974	4986	4944
4986	4964	4944
4964	4941	4944
4941	4919	4944
4919	4834	4944
4919	4891	4834
4891	4854	4834
4854	4801	4834
4801	4810	4834
4810	4822	4834
4822	4846	4834
4854	4806	4801
4854	4885	4806
4854	4906	4885
4906	4911	4885
4911	4926	4885
4926	4913	4885
4926	4977	4913
4977	4978	4913
4978	4953	4913
4953	4901	4913
4953	4959	4901
4959	4947	4901
4959	5006	4947
5006	4958	4947
4959	4979	5006
4979	5030	5006
5030	5065	5006
5030	5063	5065
5063	5070	5065
5070	5114	5065
5070	5132	5114
5132	5136	5114
5136	5137	5114
5137	5124	5114
5137	5125	5124
5125	5059	5124
5125	5134	5059
5125	5141	5134
5141	5129	5134
5129	5041	5134
5129	5032	5041
5129	5066	5032
5141	5151	5129
5141	5125	5151
5137	5142	5125
5142	5150	5125
5137	5136	5142
5136	5132	5142
5132	5126	5142
5126	5118	5142
5126	5117	5118
5117	5092	5118
5092	5085	5118
5085	5109	5118
5085	5075	5109
5075	5082	5109
5082	5111	5109
5111	5139	5109
5139	5150	5109
5139	5145	5150
5145	5158	5150
5145	5148	5158
5148	5156	5158
5156	5151	5158
5156	5161	5151
5145	5139	5148
5139	5122	5148
5122	5143	5148
5143	5166	5148
5143	5160	5166
5160	5165	5166
5165	5157	5166
5157	5161	5166
5157	5146	5161
5165	5167	5157
5167	5154	5157
5165	5163	5167
5165	5160	5163
5160	5149	5163
5149	5130	5163
5130	5144	5163
5130	5091	5144
5091	5135	5144
5091	5078	5135
5078	5095	5135
5095	5120	5135
5095	5103	5120
5095	5036	5103
5036	5017	5103
5036	4994	5017
5036	5035	4994
5035	4961	4994
5035	4996	4961
5035	5057	4996
5057	5027	4996
5027	4987	4996
4987	4914	4996
4987	4887	4914
4887	4869	4914
4887	4829	4869
4829	4808	4869
4987	4946	4887
4987	5027	4946
5057	5086	5027
5086	5074	5027
5086	5089	5074
5089	5072	5074
5089	5107	5072
5107	5096	5072
5096	5054	5072
5054	5026	5072
5026	4969	5072
5026	4931	4969
4931	4873	4969
4873	4932	4969
4873	4946	4932
5026	4966	4931
4966	4841	4931
4966	4917	4841
4966	4976	4917
4976	4945	4917
4945	4877	4917
4945	5000	4877
5000	4985	4877
4985	4853	4877
4853	4816	4877
4816	4793	4877
4816	4739	4793
4739	4738	4793
4739	4686	4738
4739	4704	4686
4704	4514	4686
4514	4572	4686
4572	4644	4686
4572	4584	4644
4704	4616	4514
4704	4736	4616
4736	4716	4616
4736	4762	4716
4762	4789	4716
4762	4819	4789
4819	4860	4789
4860	4863	4789
4863	4790	4789
4860	4936	4863
4936	4904	4863
4904	4883	4863
4904	4933	4883
4904	4997	4933
4997	4989	4933
4989	4983	4933
4983	4939	4933
4983	4956	4939
4956	4857	4939
4956	4876	4857
4956	4886	4876
4956	5004	4886
5004	4955	4886
4955	4858	4886
4955	4878	4858
4955	4967	4878
4967	4973	4878
4967	5021	4973
4967	5014	5021
4967	4955	5014
4955	5004	5014
5004	5023	5014
5023	5009	5014
5023	5028	5009
5028	5022	5009
5028	5055	5022
5055	4993	5022
4993	5010	5022
5010	4980	5022
5010	4974	4980
5010	4986	4974
5010	4990	4986
4990	4964	4986
4990	4993	4964
4993	4935	4964
4935	4941	4964
4935	4919	4941
4935	4891	4919
4935	4906	4891
4906	4854	4891
4935	4972	4906
4972	4911	4906
4972	4960	4911
4960	4926	4911
4960	4977	4926
4960	4995	4977
4995	5039	4977
5039	5030	4977
5030	4978	4977
5030	4979	4978
4979	4953	4978
4979	4959	4953
5039	5063	5030
5039	5070	5063
5039	5069	5070
5069	5110	5070
5110	5117	5070
5117	5132	5070
5117	5126	5132
5110	5115	5117
5115	5092	5117
5115	5106	5092
5106	5076	5092
5076	5042	5092
5042	5056	5092
5056	5085	5092
5056	5075	5085
5056	5000	5075
5000	5061	5075
5061	5082	5075
5000	4976	5061
5000	4945	4976
5056	4985	5000
5056	5003	4985
5003	4975	4985
4975	4921	4985
4921	4853	4985
4921	4894	4853
4894	4830	4853
4830	4816	4853
4830	4739	4816
4830	4736	4739
4736	4704	4739
4830	4819	4736
4819	4762	4736
4830	4894	4819
4894	4866	4819
4866	4860	4819
4866	4936	4860
4866	4894	4936
4894	5007	4936
5007	4984	4936
4984	4997	4936
4997	4904	4936
4984	5024	4997
5024	5047	4997
5047	5052	4997
5052	4989	4997
5052	5001	4989
5001	4983	4989
5001	4956	4983
5001	5004	4956
5001	5023	5004
5001	5052	5023
5052	5067	5023
5067	5028	5023
5067	5055	5028
5067	5080	5055
5080	5053	5055
5053	4993	5055
5053	4972	4993
4972	4935	4993
5053	4995	4972
4995	4960	4972
5053	5060	4995
5060	5064	4995
5064	5039	4995
5064	5069	5039
5064	5094	5069
5094	5104	5069
5104	5110	5069
5104	5100	5110
5100	5116	5110
5116	5115	5110
5116	5106	5115
5116	5100	5106
5100	5076	5106
5100	5047	5076
5047	5031	5076
5031	5007	5076
5007	5042	5076
5007	4975	5042
4975	5029	5042
5029	5056	5042
5029	5003	5056
5029	4975	5003
5007	4894	4975
4894	4921	4975
5031	4984	5007
5031	5024	4984
5031	5047	5024
5100	5058	5047
5058	5052	5047
5058	5067	5052
5058	5081	5067
5081	5080	5067
5081	5104	5080
5104	5094	5080
5094	5060	5080
5060	5053	5080
5094	5064	5060
5081	5100	5104
5081	5058	5100
4990	5010	4993
4966	5054	4976
4966	5026	5054
5096	5082	5054
5096	5090	5082
5090	5111	5082
5090	5119	5111
5119	5139	5111
5119	5122	5139
5119	5096	5122
5096	5107	5122
5107	5143	5122
5107	5089	5143
5089	5160	5143
5089	5149	5160
5089	5130	5149
5089	5086	5130
5086	5091	5130
5086	5057	5091
5057	5078	5091
5057	5035	5078
5035	5095	5078
5035	5036	5095
5119	5090	5096
4908	4968	4974
4968	4999	4974
4968	4970	4999
4970	5044	4999
5044	5045	4999
5044	5019	5045
5019	5021	5045
4968	4908	4970
5127	5062	5154
5127	5051	5062
4971	5005	5041
4971	4895	5005
4971	4910	4895
5050	5077	5043
4737	4759	4800
4759	4711	4800
4759	4705	4711
4705	4679	4711
4705	4633	4679
4759	4737	4705
4602	4600	4661
4414	4422	4453
4414	4360	4422
4360	4303	4422
4360	4293	4303
4360	4329	4293
4279	4255	4329
4744	4783	4802
4957	4923	4988
4571	4496	4570
4571	4489	4496
4571	4566	4489
4359	4364	4489
4309	4296	4365
4288	4185	4309
4019	4021	4219
4021	4221	4219
4021	4131	4221
4131	4259	4221
4259	4442	4221
4131	4295	4259
4131	4105	4295
4105	4179	4295
4179	4386	4295
4386	4464	4295
4386	4554	4464
4179	4197	4386
4197	4399	4386
4399	4461	4386
4399	4471	4461
4471	4535	4461
4399	4433	4471
4433	4446	4471
4433	4272	4446
4272	4240	4446
4240	4323	4446
4240	4189	4323
4189	4275	4323
4275	4477	4323
4275	4370	4477
4275	4138	4370
4138	4270	4370
4138	4186	4270
4138	4033	4186
4275	4189	4138
4189	4087	4138
4087	4014	4138
4087	4010	4014
4010	3963	4014
3963	3835	4014
3835	3804	4014
3963	3820	3835
3963	4008	3820
4008	3950	3820
3950	3910	3820
3910	3847	3820
3847	3714	3820
3847	3735	3714
3735	3606	3714
3606	3493	3714
3493	3489	3714
3493	3352	3489
3352	3267	3489
3267	3334	3489
3334	3376	3489
3376	3476	3489
3376	3289	3476
3289	3360	3476
3376	3162	3289
3162	3076	3289
3162	3082	3076
3162	3154	3082
3154	3071	3082
3162	3376	3154
3352	3140	3267
3352	3097	3140
3352	3179	3097
3352	3363	3179
3363	3324	3179
3324	3194	3179
3194	3069	3179
3324	3348	3194
3352	3493	3363
3606	3584	3493
3606	3735	3584
3735	3630	3584
3630	3516	3584
3735	3763	3630
3735	3850	3763
3735	3847	3850
3910	4098	3847
3910	3950	4098
3950	4008	4098
4008	4051	4098
4051	4240	4098
4240	4272	4098
4272	4197	4098
4197	4137	4098
4197	4141	4137
4141	4063	4137
4141	4105	4063
4141	4179	4105
4141	4197	4179
4272	4399	4197
4272	4433	4399
4051	4189	4240
4051	4087	4189
4051	4010	4087
4051	4008	4010
4008	3963	4010
4131	3937	4105
4131	3913	3937
4131	4021	3913
4021	3787	3913
3787	3707	3913
3787	3626	3707
3626	3469	3707
3469	3498	3707
3498	3522	3707
3498	3285	3522
3285	3348	3522
3498	3253	3285
3253	3123	3285
3253	3197	3123
3253	3258	3197
3258	3422	3197
3422	3366	3197
3422	3626	3366
3422	3469	3626
3422	3258	3469
3258	3253	3469
3253	3498	3469
3787	3813	3626
3813	3758	3626
3758	3687	3626
3758	3786	3687
3758	3813	3786
3813	4019	3786
3813	4021	4019
3813	3787	4021
3138	3061	3192
3061	3025	3192
3061	2959	3025
2959	3073	3025
2959	2922	3073
3138	3065	3061
3065	2847	3061
3138	3107	3065
2868	2950	2920
2950	3041	2920
3041	3050	2920
2950	3080	3041
2950	2924	3080
2950	2868	2924
2874	2875	2943
2943	3143	2874
2943	3186	3143
2943	3106	3186
3106	3127	3186
3127	3288	3186
3127	3325	3288
3127	3266	3325
3266	3321	3325
3106	3037	3127
3037	2995	3127
3106	2943	3037
2876	3027	2969
3027	3000	2969
3027	3264	3000
3264	3219	3000
3264	3362	3219
3362	3346	3219
3027	3094	3264
3027	2981	3094
3027	2876	2981
2887	3008	3087
3008	3209	3087
3008	3211	3209
3008	3109	3211
3109	3188	3211
2915	2979	3085
2915	2846	2979
2846	2931	2979
2931	2960	2979
2960	3126	2979
3126	3207	2979
2960	2967	3126
2960	2931	2967
2966	3181	3182
3181	3260	3182
3260	3339	3182
2982	3055	3064
2987	3171	3022
3171	3168	3022
2998	3078	3030
3078	3086	3030
3086	3031	3030
3031	2809	3030
2809	2998	3030
3086	3152	3031
3086	3235	3152
3086	3078	3235
3078	3250	3235
3078	3225	3250
3225	3417	3250
3013	3233	3247
3014	3074	3217
3074	3230	3217
3074	3033	3230
3017	3245	3183
3245	3283	3183
3283	3415	3183
3415	3410	3183
3415	3483	3410
3483	3492	3410
3492	3491	3410
3492	3573	3491
3573	3578	3491
3492	3483	3573
3283	3472	3415
3017	3206	3245
3018	3098	3103
3098	3240	3103
3098	3268	3240
3019	3172	3204
3172	3298	3204
3298	3270	3204
3270	3229	3204
3172	3332	3298
3021	3228	3169
3228	3368	3169
3368	3202	3169
3202	3101	3169
3368	3300	3202
3368	3446	3300
3029	3092	3096
3029	3088	3092
3088	3156	3092
3034	3075	3063
3034	3045	3075
3075	3198	3063
3077	3132	3081
3077	3071	3132
3112	3177	3279
3279	3299	3112
3299	3244	3112
3149	3165	3243
3165	3277	3243
3277	3272	3243
3159	3280	3176
3176	3104	3159
3280	3313	3176
3313	3222	3176
3280	3436	3313
3280	3380	3436
3380	3464	3436
3159	3262	3280
3159	3170	3262
3166	3349	3205
3349	3329	3205
3199	3297	3340
3203	3295	3213
3203	3372	3295
3372	3430	3295
3295	3281	3213
3234	3347	3315
3234	3296	3347
3236	3282	3411
3236	3251	3282
3251	3388	3282
3251	3406	3388
3406	3638	3388
3406	3426	3638
3426	3670	3638
3411	3207	3236
3237	3284	3257
3237	3341	3284
3341	3357	3284
3341	3598	3357
3598	3609	3357
3609	3591	3357
3284	3461	3257
3265	3345	3568
3265	3130	3345
3265	3273	3130
3265	3420	3273
3265	3568	3420
3568	3640	3420
3568	3744	3640
3271	3287	3385
3275	3408	3473
3275	3304	3408
3290	3306	3369
3369	3440	3290
3369	3587	3440
3301	3364	3365
3364	3539	3365
3305	3470	3382
3305	3484	3470
3314	3395	3328
3395	3496	3328
3395	3600	3496
3395	3346	3600
3322	3359	3444
3444	3519	3322
3323	3383	3398
3327	3453	3351
3330	3528	3335
3528	3356	3335
3338	3509	3429
3338	3471	3509
3379	3418	3501
3381	3465	3502
3387	3460	3490
3460	3461	3490
3461	3683	3490
3461	3594	3683
3594	3762	3683
3461	3591	3594
3460	3387	3461
3389	3572	3623
3396	3541	3459
3541	3570	3459
3400	3463	3527
3463	3518	3527
3518	3724	3527
3518	3729	3724
3729	3860	3724
3729	3814	3860
3814	3893	3860
3893	3967	3860
3967	3925	3860
3967	4052	3925
3814	3741	3893
3814	3698	3741
3698	3647	3741
3698	3592	3647
3592	3528	3647
3528	3616	3647
3698	3729	3592
3729	3518	3592
3698	3814	3729
3402	3424	3545
3424	3532	3545
3532	3597	3545
3597	3551	3545
3551	3402	3545
3551	3456	3402
3409	3435	3523
3523	3454	3409
3421	3515	3481
3441	3525	3563
3441	3398	3525
3441	3336	3398
3442	3621	3617
3457	3513	3495
3513	3577	3495
3577	3580	3495
3577	3717	3580
3577	3631	3717
3631	3825	3717
3577	3513	3631
3513	3635	3631
3513	3457	3635
3462	3504	3466
3462	3481	3504
3481	3624	3504
3504	3566	3466
3474	3655	3529
3655	3702	3529
3478	3588	3679
3478	3580	3588
3478	3377	3580
3679	3620	3478
3679	3722	3620
3485	3508	3507
3488	3520	3534
3494	3575	3574
3575	3602	3574
3602	3682	3574
3602	3660	3682
3574	3521	3494
3505	3692	3618
3692	3779	3618
3692	3845	3779
3845	3895	3779
3845	4002	3895
4002	4018	3895
4002	4092	4018
4092	4132	4018
4092	4223	4132
4223	4334	4132
4334	4286	4132
4334	4326	4286
3845	3886	4002
3886	4023	4002
3886	3857	4023
3886	3845	3857
3845	3692	3857
3512	3549	3628
3549	3614	3628
3614	3661	3628
3526	3627	3615
3627	3676	3615
3676	3619	3615
3676	3691	3619
3530	3613	3576
3613	3829	3576
3613	3753	3829
3542	3556	3585
3552	3554	3794
3552	3349	3554
3349	3482	3554
3559	3589	3723
3589	3736	3723
3589	3604	3736
3589	3527	3604
3561	3612	3669
3612	3705	3669
3705	3816	3669
3816	3715	3669
3581	3726	3694
3582	3633	3652
3582	3603	3633
3607	3738	3712
3712	3661	3607
3712	3765	3661
3712	3802	3765
3802	3844	3765
3844	3826	3765
3844	3965	3826
3965	3874	3826
3844	3935	3965
3712	3738	3802
3607	3697	3738
3622	3690	3665
3690	3742	3665
3651	3878	3703
3659	3689	3711
3689	3789	3711
3689	3811	3789
3811	3888	3789
3811	3858	3888
3858	3902	3888
3902	4045	3888
4045	3946	3888
4045	4091	3946
4091	4095	3946
4095	4086	3946
4086	3961	3946
3961	3800	3946
4086	3977	3961
4086	4104	3977
4104	3856	3977
4104	3933	3856
3933	3806	3856
3806	3785	3856
3933	3808	3806
4104	4116	3933
4104	4133	4116
4095	4139	4086
4139	4146	4086
4139	4176	4146
4139	4095	4176
4095	4091	4176
4091	4072	4176
4072	4269	4176
4269	4299	4176
4269	4353	4299
4091	4045	4072
4045	4005	4072
4005	4125	4072
4045	3902	4005
3902	3830	4005
3830	3792	4005
3830	3678	3792
3830	3858	3678
3858	3811	3678
3830	3902	3858
3667	3796	3747
3667	3686	3796
3671	3713	3750
3713	3942	3750
3713	3863	3942
3863	4029	3942
4029	3979	3942
3863	4017	4029
4017	4078	4029
4078	4187	4029
4017	3974	4078
4017	3917	3974
3917	3955	3974
3917	3817	3955
3817	3918	3955
3917	3805	3817
3917	3863	3805
3863	3713	3805
3917	4017	3863
3671	3600	3713
3673	3780	3677
3780	3778	3677
3780	3880	3778
3880	3803	3778
3780	3843	3880
3843	3940	3880
3940	4006	3880
3940	4046	4006
3940	3945	4046
3940	3843	3945
3780	3768	3843
3780	3673	3768
3674	3756	3777
3701	3772	3774
3772	3815	3774
3815	3869	3774
3869	3801	3774
3727	3776	3734
3734	3598	3727
3731	3848	3798
3848	3916	3798
3916	3775	3798
3916	3764	3775
3916	3825	3764
3916	3866	3825
3916	3943	3866
3943	3951	3866
3943	3990	3951
3943	3953	3990
3953	3873	3990
3873	4016	3990
3873	3960	4016
3953	3848	3873
3953	3916	3848
3953	3943	3916
3737	3739	3841
3761	3819	3891
3819	3824	3891
3782	3926	3912
3926	3980	3912
3807	3899	3923
3807	3744	3899
3899	4039	3923
3899	3985	4039
3985	4070	4039
4070	4134	4039
3810	3889	3818
3818	3670	3810
3670	3593	3810
3822	3875	3919
3875	3978	3919
3978	3944	3919
3875	3989	3978
3989	4099	3978
4099	4142	3978
4099	4169	4142
4099	4115	4169
4099	4058	4115
4099	3989	4058
3919	3726	3822
3823	3846	4012
3823	3794	3846
3846	3976	4012
4012	4034	3823
4034	3930	3823
4012	4106	4034
3870	3928	3920
3876	3992	3885
3992	4043	3885
4043	4027	3885
3876	3882	3992
3877	4015	3968
3877	3938	4015
3887	3996	3901
3908	3981	4020
3929	3969	3948
3931	3971	4068
4068	3997	3931
4068	4113	3997
4113	4110	3997
4068	4173	4113
4068	4201	4173
4068	4122	4201
3932	4024	4031
3932	3993	4024
3993	4114	4024
3936	4028	3966
3966	3743	3936
3966	3821	3743
4028	4097	3966
4097	4124	3966
4028	4120	4097
4028	4192	4120
4192	4236	4120
4028	3964	4192
3964	4001	4192
3964	3900	4001
3900	3923	4001
3964	3936	3900
3964	4028	3936
3952	3991	4030
3991	4103	4030
3991	4011	4103
4011	4158	4103
4011	4074	4158
3973	4112	4044
4032	4080	4073
4080	4127	4073
4127	4096	4073
4127	4208	4096
4127	4171	4208
4054	4207	4217
4061	4143	4085
4061	4229	4143
4229	4305	4143
4305	4254	4143
4254	4085	4143
4254	4112	4085
4079	4155	4174
4155	4264	4174
4155	4195	4264
4090	4238	4161
4094	4178	4151
4109	4212	4177
4212	4285	4177
4177	4046	4109
4046	4037	4109
4123	4193	4226
4193	4271	4226
4123	4136	4193
4123	3924	4136
4135	4258	4211
4211	4167	4135
4211	4244	4167
4244	4262	4167
4244	4415	4262
4415	4451	4262
4451	4413	4262
4451	4474	4413
4474	4389	4413
4474	4482	4389
4482	4472	4389
4472	4391	4389
4472	4513	4391
4513	4398	4391
4513	4473	4398
4451	4475	4474
4475	4645	4474
4645	4643	4474
4645	4693	4643
4693	4677	4643
4645	4691	4693
4645	4673	4691
4673	4692	4691
4692	4861	4691
4692	4707	4861
4692	4649	4707
4649	4601	4707
4692	4673	4649
4673	4645	4649
4645	4507	4649
4645	4506	4507
4506	4415	4507
4415	4497	4507
4415	4479	4497
4415	4444	4479
4415	4258	4444
4258	4397	4444
4397	4411	4444
4411	4524	4444
4415	4244	4258
4244	4211	4258
4506	4475	4415
4475	4451	4415
4506	4645	4475
4140	4354	4241
4354	4336	4241
4147	4228	4261
4261	4166	4147
4180	4231	4333
4333	4314	4180
4230	4434	4276
4248	4306	4362
4319	4367	4347
4367	4491	4347
4341	4460	4408
4412	4565	4564
4443	4499	4552
4499	4569	4552
4499	4518	4569
4518	4605	4569
4443	4292	4499
4447	4487	4516
4487	4615	4516
4615	4631	4516
4631	4548	4516
4483	4620	4519
4519	4362	4483
4519	4502	4362
4502	4432	4362
4519	4544	4502
4519	4620	4544
4490	4510	4573
4561	4577	4617
4592	4688	4636
171	53	167
676	648	540
258	299	218
258	287	299
252	348	382
35	57	23
973	788	1006
788	789	1006
714	617	797
96	121	62
121	130	62
1411	1434	1270
1434	1203	1270
1434	1255	1203
1194	1427	1147
1897	1782	1907
1345	1518	1389
1644	1347	1633
1644	1507	1347
1507	1371	1347
1119	1090	1124
264	274	243
274	267	243
311	226	328
311	265	226
177	243	187
27	36	18
27	41	36
1547	1523	1688
1481	1271	1354
1481	1391	1271
443	432	440
472	473	424
608	462	555
532	462	547
1665	1699	1523
41	59	66
784	778	732
1542	1628	1390
1785	1775	1628
1775	1709	1628
1785	1940	1775
1940	1941	1775
2168	2455	2419
2168	2441	2455
2168	2201	2441
2349	2683	2383
2683	2704	2383
2704	2441	2383
2349	2537	2683
1587	1511	1326
1511	1294	1326
1036	1202	1035
1202	1076	1152
1257	1259	1202
1344	1261	1296
1690	1692	1651
1778	1861	1804
1137	1173	1201
940	1079	1025
1079	1136	1025
1079	1236	1136
536	565	562
521	589	565
589	747	565
373	523	421
39	124	115
1382	1613	1534
1117	1050	1382
1050	1198	1382
1198	1450	1382
1450	1475	1382
1050	1053	1198
303	403	391
259	164	225
1156	1262	964
1423	1573	1323
1719	1830	1610
1830	1935	1610
1935	1617	1610
1935	1958	1617
1958	1568	1617
1958	1829	1568
1829	1596	1568
1958	2000	1829
2000	2029	1829
1764	1691	1681
380	538	516
538	549	516
465	369	460
1004	1197	916
1004	1216	1197
1004	1304	1216
890	1080	994
839	679	842
1213	1426	1131
1309	1352	1242
1309	1522	1352
1309	1467	1522
1770	1668	1906
1668	2051	1906
1668	1749	2051
1749	2018	2051
1749	1933	2018
1770	1528	1668
1528	1545	1668
1748	1576	1540
1537	1446	1609
1756	2010	1850
2010	2045	1850
1820	1754	1631
1546	1494	1591
1648	1824	1534
1959	2055	1824
2270	2200	2473
2200	2504	2473
2200	2359	2504
2079	2046	2272
1889	1936	2047
1905	1924	2004
2414	2700	2487
2700	2727	2487
2727	2527	2487
2700	2817	2727
2700	2906	2817
2255	2459	2163
2255	2465	2459
2465	2580	2459
2580	2537	2459
2220	2238	2185
2106	1974	2037
2209	2396	2216
2293	2378	2156
2378	2468	2156
2468	2307	2156
2176	2232	2235
2344	2463	2265
2187	2205	2224
2373	2552	2369
2552	2702	2369
2438	2280	2466
2298	2460	2495
2696	2921	2595
3049	3345	3130
2396	2707	2433
2396	2430	2707
2385	2241	2316
2531	2530	2607
2607	2406	2398
2607	2522	2406
2607	2655	2522
2607	2663	2655
3302	3291	3038
3344	3649	3291
3649	3641	3291
3641	3503	3291
3503	3310	3291
3344	3605	3649
3601	3476	3360
3601	3656	3476
3656	3489	3476
3656	3835	3489
3835	3820	3489
3820	3714	3489
3656	3804	3835
3821	3966	3924
3966	4124	3924
4124	4136	3924
3675	3923	3900
3675	3807	3923
3227	3273	3420
3099	3130	3273
2942	3182	3155
3200	3377	3246
3274	3495	3377
3495	3580	3377
3093	2905	2803
3093	3193	2905
3193	3212	2905
3212	3150	2905
2878	2593	2562
2486	2307	2588
2778	2643	2789
2889	2852	2685
2568	2386	2653
2386	2633	2653
2386	2332	2633
2332	2579	2633
2386	2322	2332
2623	2747	2617
2747	2853	2617
2853	2660	2617
2703	2431	2716
2997	2712	2760
2997	3082	2712
3082	3071	2712
3071	2735	2712
3071	3077	2735
3077	3081	2735
3081	2968	2735
2997	3076	3082
2851	2968	2974
2968	3069	2974
2968	3179	3069
2968	3097	3179
4292	4031	4114
4031	4024	4114
4292	4203	4031
4292	4443	4203
4452	4203	4508
4452	4182	4203
4452	4289	4182
4697	4723	4527
4707	4601	4747
4778	4861	4707
4778	4948	4861
4922	5071	4892
5071	4924	4892
4198	4322	4075
4322	4195	4075
4361	4264	4195
4252	4053	4233
4252	4148	4053
4486	4509	4385
4742	4699	4626
4678	4526	4646
4607	4587	4495
4593	4642	4586
3972	3837	4000
3733	3672	3837
4056	3986	3954
3986	3872	3954
4056	4159	3986
3695	3797	3770
4628	4484	4530
4628	4546	4484
4623	4554	4730
4991	5046	5040
5046	5099	5040
5099	5088	5040
5046	5093	5099
4758	4903	4751
4903	4776	4751
4903	4864	4776
4758	4889	4903
4800	4721	4825
4800	4711	4721
4938	5037	4848
4938	4998	5037
5016	5128	5011
5016	5108	5128
5108	5138	5128
4952	4916	4920
4916	4782	4920
4916	4859	4782
5114	5059	5065
5114	5124	5059
5134	5005	5059
5134	5041	5005
5125	5150	5151
5150	5158	5151
5142	5118	5150
5118	5109	5150
5156	5166	5161
5027	4932	4946
5027	5072	4932
5072	4969	4932
5027	5074	5072
4976	5054	5061
4477	4635	4323
4138	4014	4033
4014	3881	4033
4014	3804	3881
3847	4063	3850
3847	4098	4063
4098	4137	4063
3186	3379	3143
3379	3195	3143
3225	3244	3417
3410	2947	3183
3410	2952	2947
3203	3342	3372
3281	3141	3213
3281	3401	3141
3401	3305	3141
3401	3484	3305
3401	3458	3484
3236	2967	3251
3591	3461	3357
3271	3129	3287
3271	3224	3129
3271	3198	3224
3600	3671	3496
3528	3592	3356
3527	3292	3400
3292	3136	3400
3618	3385	3505
3742	3760	3665
3742	3849	3760
3961	3791	3800
3926	4135	3980
4135	4167	3980
3926	3949	4135
3949	3957	4135
3818	3854	3670
4097	4120	4124
4112	4227	4044
4227	4067	4044
4231	4384	4333
