3.349582173835884760e+02 1.283335405125353645e+02 1.408060803103689977e+02
3.383001620960784521e+02 1.132591997321092094e+02 1.371102181592227680e+02
3.412031474764579571e+02 9.875514608047774345e+01 1.280274211451457518e+02
3.450526687765716929e+02 8.606649822329819699e+01 1.080935279978632479e+02
3.534290179088151831e+02 7.358693918225463904e+01 9.877905176175386259e+01
3.585177142620019026e+02 6.233350624780655380e+01 7.158534721842545423e+01
3.692947239615576791e+02 5.587046042941972246e+01 2.433061607010279204e+01
3.661677154391489353e+02 7.371068664724083419e+01 8.197146973570625050e+00
3.622404899315736202e+02 8.954541245596379895e+01 4.710408621632723225e+00
3.534251814672198861e+02 1.025952586258020460e+02 8.637949994811151555e+00
3.478198228386650044e+02 1.175650549981601216e+02 7.024103690370793629e+00
3.423607831446778391e+02 1.323447567558721403e+02 7.205891997318985887e+00
3.297502453136433473e+02 1.442350361090593083e+02 9.492236059414608462e+00
