27.600000 36.787667 11.750000 255 0 0
27.856792 36.588124 10.718750 255 0 0
28.179500 36.256749 9.687500 255 0 0
28.568126 35.793541 8.656250 255 0 0
29.022667 35.198499 7.625000 255 0 0
29.543126 34.471624 6.593750 255 0 0
30.129500 33.612916 5.562500 255 0 0
30.781792 32.622374 4.531250 255 0 0
31.500000 31.500000 3.500000 0 255 0
30.781792 30.377626 4.531250 0 255 0
30.129500 29.387084 5.562500 0 255 0
29.543126 28.528376 6.593750 0 255 0
29.022667 27.801501 7.625000 0 255 0
28.568126 27.206459 8.656250 0 255 0
28.179500 26.743251 9.687500 0 255 0
27.856792 26.411876 10.718750 0 255 0
27.600000 26.212333 11.750000 0 255 0
