346.766301 220.047241 19.799604 255 0 0
353.137694 207.975933 23.371573 255 0 0
360.349692 196.732712 27.811543 255 0 0
368.402295 186.317578 33.119515 255 0 0
377.295505 176.730531 39.295489 255 0 0
387.029320 167.971570 46.339464 255 0 0
397.603741 160.040697 54.251441 255 0 0
409.018768 152.937910 63.031420 255 0 0
421.274400 146.663210 72.679400 0 255 0
401.703447 145.308917 75.705272 0 255 0
383.137169 144.944338 79.768563 0 255 0
365.575567 145.569471 84.869272 0 255 0
349.018640 147.184318 91.007399 0 255 0
333.466388 149.788877 98.182945 0 255 0
318.918812 153.383150 106.395910 0 255 0
305.375911 157.967136 115.646292 0 255 0
292.837685 163.540834 125.934094 0 255 0
