3.142456383158140625e+02 1.539814896465802292e+02 1.334565215911132725e+02
3.202739779160218063e+02 1.448919224439642619e+02 1.239654030750901370e+02
3.267377916935743656e+02 1.383045267521373205e+02 1.073714584397576743e+02
3.397240132833807138e+02 1.324915274320684659e+02 9.987993065381647284e+01
3.509259761108942826e+02 1.265511913211931585e+02 8.963245839312452290e+01
3.696407580715845711e+02 1.245448047984951643e+02 8.029784879706664924e+01
3.956294230116609469e+02 1.301619440453758045e+02 5.984389846419171022e+01
4.053184550396020995e+02 1.548909268366466847e+02 4.793094225522415286e+01
3.967716943193051975e+02 1.659629455046318469e+02 4.672868925257563433e+01
3.941326985396699456e+02 1.780743912319823323e+02 5.270752266693949650e+01
3.833064630743984367e+02 1.874392886128515840e+02 5.284410884079895254e+01
3.747597125754256808e+02 1.985113107097532463e+02 5.164186313187886412e+01
3.715060380486678469e+02 2.108877706643200725e+02 5.569935443842297218e+01
