28.505848 37.395369 10.974400 255 0 0
28.707565 37.143235 9.965873 255 0 0
28.960715 36.757405 8.960698 255 0 0
29.265298 36.237878 7.958872 255 0 0
29.621314 35.584656 6.960397 255 0 0
30.028762 34.797738 5.965272 255 0 0
30.487643 33.877124 4.973498 255 0 0
30.997956 32.822814 3.985074 255 0 0
31.559702 31.634808 3.000000 0 255 0
30.792679 30.628366 4.014856 0 255 0
30.102491 29.744398 5.026361 0 255 0
29.489136 28.982904 6.034516 0 255 0
28.952616 28.343884 7.039320 0 255 0
28.492930 27.827339 8.040775 0 255 0
28.110078 27.433267 9.038878 0 255 0
27.804060 27.161669 10.033632 0 255 0
27.574877 27.012546 11.025035 0 255 0
