   4.0758075e+02   1.8656211e+02   1.1000000e+02
   4.0881056e+02   1.8302174e+02   1.0200000e+02
   4.0527019e+02   1.8425155e+02   9.4000000e+01
   4.0968012e+02   1.8548137e+02   8.6000000e+01
   4.0913975e+02   1.9130124e+02   7.6000000e+01
   4.1354969e+02   1.9571118e+02   7.2000000e+01
   4.0841925e+02   1.9853106e+02   6.8000000e+01
   4.0646894e+02   1.9340062e+02   6.4000000e+01
   4.0133851e+02   2.0258075e+02   6.0000000e+01
   3.9938820e+02   2.1335093e+02   5.6000000e+01
   3.9902795e+02   2.1617081e+02   5.2000000e+01
   3.9071739e+02   2.2376087e+02   4.8000000e+01
   3.7763665e+02   2.2976087e+02   4.4000000e+01
