   2.8504965e+01   2.8246691e+01   1.3000000e+01
   2.8654498e+01   2.8246691e+01   1.2000000e+01
   2.8878797e+01   2.8811397e+01   1.1000000e+01
   2.8953563e+01   2.8811397e+01   1.0000000e+01
   2.9103096e+01   2.9729044e+01   9.0000000e+00
   2.9327395e+01   3.0505515e+01   8.0000000e+00
   2.9626460e+01   3.3046691e+01   7.0000000e+00
   3.0000292e+01   3.4529044e+01   8.0000000e+00
   2.9775993e+01   3.5376103e+01   9.0000000e+00
   2.9327395e+01   3.5517279e+01   1.0000000e+01
   2.9252629e+01   3.5234926e+01   1.1000000e+01
   2.9252629e+01   3.5234926e+01   1.2000000e+01
   2.8953563e+01   3.5234926e+01   1.3000000e+01
