   3.2270896e+02   9.4728856e+01   1.2500000e+02
   3.2406716e+02   8.5898010e+01   1.1900000e+02
   3.2797264e+02   7.7067164e+01   1.1300000e+02
   3.3442537e+02   7.3330846e+01   1.0700000e+02
   3.3833085e+02   7.2141791e+01   1.0100000e+02
   3.3714179e+02   6.8405473e+01   9.5000000e+01
   3.4104726e+02   6.9763682e+01   8.9000000e+01
   3.3985821e+02   7.1121891e+01   8.1000000e+01
   3.3866915e+02   7.2480100e+01   7.5000000e+01
   3.4512189e+02   7.6385572e+01   6.9000000e+01
   3.4138557e+02   7.7743781e+01   6.3000000e+01
   3.3255473e+02   8.4196517e+01   5.7000000e+01
   3.4410199e+02   8.8101990e+01   5.1000000e+01
   3.4291294e+02   9.7101990e+01   4.5000000e+01
   3.4681841e+02   1.0100746e+02   3.9000000e+01
   3.3289303e+02   1.3802736e+02   3.3000000e+01
   3.4758209e+02   1.5399005e+02   2.7000000e+01
