   2.9247260e+01   2.6417969e+01   1.5000000e+01
   2.8844275e+01   2.6792969e+01   1.4000000e+01
   2.8441290e+01   2.6917969e+01   1.3000000e+01
   2.7769648e+01   2.7792969e+01   1.2000000e+01
   2.7232334e+01   2.8667969e+01   1.1000000e+01
   2.7098006e+01   3.0042969e+01   1.0000000e+01
   2.7098006e+01   3.1667969e+01   9.0000000e+00
   2.7232334e+01   3.2167969e+01   8.0000000e+00
   2.8709946e+01   3.5167969e+01   7.0000000e+00
   2.9112931e+01   3.6292969e+01   8.0000000e+00
   2.9515917e+01   3.6792969e+01   9.0000000e+00
   2.9381588e+01   3.6542969e+01   1.0000000e+01
   2.8844275e+01   3.6792969e+01   1.1000000e+01
   2.8709946e+01   3.6542969e+01   1.2000000e+01
   2.8575618e+01   3.6917969e+01   1.3000000e+01
   2.8306961e+01   3.7042969e+01   1.4000000e+01
   2.8306961e+01   3.7042969e+01   1.5000000e+01
