   2.8897264e+02   9.4106965e+01   1.2200000e+02
   2.8568905e+02   9.0823383e+01   1.1400000e+02
   2.8240547e+02   8.2445274e+01   1.0600000e+02
   2.7148010e+02   8.9350746e+01   9.8000000e+01
   2.7329104e+02   8.0972637e+01   9.0000000e+01
   2.7255473e+02   8.0236318e+01   8.2000000e+01
   2.7946020e+02   7.9500000e+01   7.4000000e+01
   2.8891294e+02   8.1310945e+01   6.6000000e+01
   2.9236567e+02   8.2216418e+01   6.2000000e+01
   2.8817662e+02   7.5480100e+01   5.8000000e+01
   2.8653483e+02   8.1480100e+01   5.4000000e+01
   2.9508209e+02   8.7480100e+01   5.0000000e+01
   2.9344030e+02   8.8385572e+01   4.6000000e+01
   3.0962935e+02   1.0457463e+02   4.2000000e+01
   2.8656219e+02   1.4136816e+02   3.8000000e+01
