   2.9614719e+01   2.6573640e+01   1.1000000e+01
   2.9500292e+01   2.7106047e+01   1.0000000e+01
   2.9042580e+01   2.7319010e+01   9.0000000e+00
   2.9271436e+01   2.7638455e+01   8.0000000e+00
   2.8470441e+01   2.9342159e+01   7.0000000e+00
   2.8584869e+01   2.9981047e+01   6.0000000e+00
   2.8356013e+01   3.1578270e+01   5.0000000e+00
   2.9042580e+01   3.4772714e+01   4.0000000e+00
   2.9157008e+01   3.5411603e+01   5.0000000e+00
   2.9042580e+01   3.6156973e+01   6.0000000e+00
   2.8699296e+01   3.6156973e+01   7.0000000e+00
   2.8127157e+01   3.6156973e+01   8.0000000e+00
   2.8584869e+01   3.6369936e+01   9.0000000e+00
   2.8356013e+01   3.5944010e+01   1.0000000e+01
   2.7898301e+01   3.5944010e+01   1.1000000e+01
