   2.8603106e+02   1.2066460e+02   1.4100000e+02
   2.8036025e+02   1.0545342e+02   1.2900000e+02
   2.8086957e+02   1.0596273e+02   1.1700000e+02
   2.8296894e+02   1.0329193e+02   1.0500000e+02
   2.9196894e+02   9.6391304e+01   9.9000000e+01
   3.0201863e+02   9.3720497e+01   8.7000000e+01
   3.1101863e+02   9.6360248e+01   8.1000000e+01
   3.2001863e+02   9.4229814e+01   7.5000000e+01
   3.1788820e+02   1.0004969e+02   6.9000000e+01
   3.2370807e+02   1.0109938e+02   6.3000000e+01
   3.2157764e+02   1.0055901e+02   5.7000000e+01
   3.3852795e+02   1.1432919e+02   5.1000000e+01
   3.2138199e+02   1.4329503e+02   4.5000000e+01
   2.7524534e+02   1.8938199e+02   4.9000000e+01
   2.5403416e+02   2.0951242e+02   5.5000000e+01
