   2.8080522e+01   2.6752068e+01   1.3000000e+01
   2.7846877e+01   2.6825597e+01   1.2000000e+01
   2.7613233e+01   2.7781480e+01   1.1000000e+01
   2.8002641e+01   2.8002068e+01   1.0000000e+01
   2.7924759e+01   2.8737362e+01   9.0000000e+00
   2.7691114e+01   3.0355009e+01   8.0000000e+00
   2.7924759e+01   3.1825597e+01   7.0000000e+00
   2.8859338e+01   3.3369715e+01   6.0000000e+00
   2.9248747e+01   3.4472656e+01   7.0000000e+00
   2.9015102e+01   3.5428539e+01   8.0000000e+00
   2.8392049e+01   3.5281480e+01   9.0000000e+00
   2.7924759e+01   3.5134421e+01   1.0000000e+01
   2.8158404e+01   3.5134421e+01   1.1000000e+01
   2.8158404e+01   3.5428539e+01   1.2000000e+01
   2.8080522e+01   3.5281480e+01   1.3000000e+01
