1	27	19
27	32	19
32	40	19
40	39	19
39	41	19
39	52	41
52	65	41
65	88	41
88	109	41
88	135	109
135	151	109
151	162	109
162	108	109
108	60	109
108	74	60
74	35	60
74	36	35
36	23	35
23	6	35
23	7	6
7	4	6
7	14	4
14	22	4
22	20	4
22	48	20
48	26	20
48	33	26
33	53	26
33	77	53
77	123	53
123	64	53
64	27	53
64	61	27
61	32	27
64	72	61
72	124	61
124	73	61
72	100	124
100	137	124
137	177	124
177	202	124
137	159	177
137	158	159
137	118	158
118	154	158
154	233	158
154	198	233
154	168	198
168	153	198
153	210	198
210	300	198
210	225	300
225	265	300
265	312	300
312	339	300
210	171	225
210	153	171
168	119	153
119	97	153
119	82	97
82	48	97
82	77	48
77	33	48
82	119	77
119	123	77
119	168	123
168	154	123
154	118	123
118	64	123
118	100	64
100	72	64
118	137	100
22	50	48
22	37	50
37	54	50
37	43	54
43	87	54
87	99	54
99	95	54
99	136	95
136	150	95
150	125	95
150	155	125
150	188	155
150	187	188
187	196	188
196	269	188
196	234	269
196	173	234
196	187	173
187	150	173
150	136	173
136	129	173
129	134	173
129	112	134
129	93	112
93	94	112
93	87	94
87	43	94
43	25	94
25	47	94
47	102	94
47	69	102
69	116	102
116	160	102
116	161	160
161	219	160
219	201	160
219	236	201
236	208	201
208	234	201
208	237	234
237	315	234
237	224	315
224	236	315
236	346	315
346	331	315
346	384	331
384	420	331
384	473	420
384	371	473
371	427	473
371	398	427
398	386	427
398	361	386
361	317	386
317	318	386
318	408	386
318	306	408
306	385	408
385	422	408
422	511	408
511	510	408
511	610	510
422	486	511
486	629	511
486	521	629
521	624	629
624	662	629
624	639	662
624	569	639
569	530	639
530	623	639
623	642	639
642	743	639
743	770	639
623	577	642
623	530	577
530	483	577
483	540	577
530	531	483
531	413	483
531	521	413
521	486	413
486	347	413
347	333	413
347	289	333
289	259	333
259	335	333
259	316	335
316	363	335
259	304	316
259	215	304
215	194	304
194	319	304
194	250	319
194	181	250
181	179	250
179	279	250
181	114	179
114	144	179
114	90	144
90	113	144
114	91	90
91	44	90
91	49	44
114	121	91
121	101	91
101	98	91
98	86	91
98	122	86
122	79	86
79	49	86
79	68	49
68	31	49
68	47	31
47	24	31
24	21	31
24	25	21
24	47	25
68	75	47
75	69	47
75	116	69
75	122	116
122	161	116
122	163	161
163	249	161
249	219	161
249	287	219
287	236	219
287	346	236
287	361	346
361	398	346
398	371	346
371	384	346
287	317	361
287	249	317
249	318	317
249	271	318
271	306	318
271	254	306
254	289	306
289	385	306
289	347	385
347	422	385
347	486	422
254	231	289
231	214	289
214	259	289
214	215	259
214	191	215
191	186	215
186	194	215
186	143	194
143	181	194
143	114	181
143	121	114
143	133	121
133	120	121
120	101	121
120	166	101
166	98	101
166	122	98
166	156	122
156	163	122
156	222	163
222	249	163
222	246	249
246	271	249
246	254	271
246	222	254
222	231	254
222	182	231
182	178	231
178	191	231
191	214	231
178	172	191
172	186	191
172	133	186
133	143	186
172	120	133
172	166	120
172	178	166
178	182	166
182	222	166
222	156	166
75	79	122
75	68	79
531	569	521
569	624	521
531	530	569
224	208	236
224	237	208
93	99	87
93	129	99
129	136	99
22	16	37
16	11	37
16	7	11
7	3	11
7	2	3
7	28	2
28	29	2
29	18	2
18	9	2
18	21	9
18	15	21
15	8	21
15	5	8
5	10	8
10	13	8
10	34	13
34	56	13
56	42	13
56	46	42
56	70	46
56	76	70
76	146	70
146	113	70
76	165	146
76	139	165
139	193	165
193	227	165
193	228	227
228	248	227
248	341	227
341	322	227
322	257	227
257	223	227
257	226	223
257	284	226
284	241	226
241	190	226
241	263	190
241	284	263
284	301	263
301	299	263
299	279	263
299	367	279
299	298	367
298	327	367
327	357	367
357	415	367
415	443	367
415	447	443
447	581	443
581	592	443
447	458	581
458	459	581
458	456	459
458	414	456
414	452	456
414	357	452
357	372	452
372	421	452
372	327	421
372	357	327
414	415	357
414	447	415
414	458	447
298	334	327
298	293	334
298	299	293
299	301	293
301	336	293
301	358	336
358	399	336
301	311	358
311	370	358
370	380	358
380	426	358
380	446	426
446	489	426
380	370	446
370	445	446
445	472	446
445	515	472
445	505	515
505	559	515
559	684	515
559	647	684
647	690	684
690	840	684
840	842	684
840	1030	842
1030	1009	842
1009	944	842
944	909	842
944	901	909
901	847	909
847	828	909
828	853	909
901	836	847
836	834	847
834	785	847
836	864	834
864	890	834
836	866	864
866	896	864
866	918	896
918	883	896
883	913	896
913	982	896
982	1000	896
982	1006	1000
1006	1180	1000
982	991	1006
991	1153	1006
991	1141	1153
991	1122	1141
982	936	991
936	966	991
966	946	991
966	923	946
923	952	946
952	977	946
977	1029	946
1029	1122	946
1029	1199	1122
977	1011	1029
1011	992	1029
992	1049	1029
992	1014	1049
992	1100	1014
992	1011	1100
1011	1034	1100
1034	1179	1100
1179	1241	1100
1241	1250	1100
1250	1152	1100
1152	1089	1100
1089	1052	1100
1052	1025	1100
1052	1066	1025
1066	1049	1025
1052	1089	1066
1089	1056	1066
1056	1236	1066
1056	1114	1236
1056	1132	1114
1056	1089	1132
1089	1152	1132
1241	1267	1250
1267	1285	1250
1267	1269	1285
1269	1291	1285
1291	1312	1285
1291	1344	1312
1344	1335	1312
1335	1303	1312
1335	1263	1303
1263	1234	1303
1263	1206	1234
1206	1159	1234
1206	1255	1159
1206	1219	1255
1219	1218	1255
1218	1365	1255
1365	1417	1255
1218	1310	1365
1218	1219	1310
1206	1263	1219
1263	1409	1219
1263	1335	1409
1335	1344	1409
1344	1357	1409
1357	1444	1409
1444	1497	1409
1497	1449	1409
1497	1531	1449
1531	1464	1449
1464	1310	1449
1464	1461	1310
1464	1489	1461
1489	1535	1461
1464	1511	1489
1511	1510	1489
1510	1567	1489
1567	1696	1489
1567	1720	1696
1720	1767	1696
1767	1685	1696
1685	1535	1696
1567	1628	1720
1628	1697	1720
1628	1729	1697
1628	1648	1729
1567	1511	1628
1567	1510	1511
1464	1549	1511
1549	1568	1511
1549	1637	1568
1637	1648	1568
1637	1666	1648
1666	1668	1648
1668	1795	1648
1668	1783	1795
1783	1818	1795
1818	1946	1795
1946	1874	1795
1874	1806	1795
1806	1729	1795
1783	1851	1818
1783	1779	1851
1779	1781	1851
1781	1902	1851
1781	1882	1902
1882	1922	1902
1922	1967	1902
1922	2022	1967
2022	2150	1967
2150	2155	1967
2155	2123	1967
2022	2073	2150
2022	1953	2073
1953	2040	2073
2040	2127	2073
2127	2235	2073
2127	2134	2235
2134	2281	2235
2281	2296	2235
2281	2374	2296
2374	2560	2296
2281	2274	2374
2274	2378	2374
2378	2528	2374
2378	2381	2528
2381	2542	2528
2381	2409	2542
2409	2410	2542
2409	2354	2410
2409	2381	2354
2381	2270	2354
2381	2274	2270
2381	2378	2274
2281	2134	2274
2127	2040	2134
2040	1979	2134
1979	2033	2134
1979	1958	2033
1958	1957	2033
1957	2007	2033
1957	1879	2007
1879	1909	2007
1909	1945	2007
1909	1910	1945
1910	1986	1945
1986	2162	1945
1986	2047	2162
1910	1887	1986
1910	1800	1887
1800	1850	1887
1850	1911	1887
1800	1772	1850
1800	1745	1772
1745	1702	1772
1702	1687	1772
1687	1727	1772
1687	1639	1727
1639	1707	1727
1639	1634	1707
1634	1678	1707
1634	1633	1678
1634	1569	1633
1634	1639	1569
1639	1530	1569
1530	1512	1569
1512	1440	1569
1440	1447	1569
1440	1397	1447
1397	1378	1447
1397	1356	1378
1356	1308	1378
1356	1233	1308
1233	1273	1308
1233	1175	1273
1175	1146	1273
1175	1113	1146
1113	1004	1146
1004	1042	1146
1004	998	1042
998	1039	1042
1039	1208	1042
998	1017	1039
1017	1104	1039
1017	1016	1104
1016	1010	1104
1010	1116	1104
1016	942	1010
942	933	1010
933	1002	1010
942	871	933
871	805	933
805	835	933
805	691	835
691	735	835
735	867	835
867	889	835
867	914	889
867	806	914
867	703	806
867	735	703
735	692	703
692	573	703
692	550	573
550	513	573
550	470	513
470	444	513
444	438	513
444	406	438
406	441	438
406	350	441
406	352	350
352	262	350
352	260	262
260	255	262
255	324	262
255	277	324
277	307	324
277	268	307
268	314	307
268	354	314
268	264	354
264	313	354
313	355	354
355	417	354
417	453	354
453	527	354
453	549	527
453	517	549
453	417	517
417	432	517
417	368	432
368	321	432
417	355	368
264	207	313
207	211	313
211	247	313
207	149	211
207	200	149
200	195	149
195	157	149
157	138	149
138	104	149
138	84	104
84	83	104
83	106	104
83	85	106
85	141	106
85	115	141
85	81	115
83	57	85
83	84	57
84	59	57
59	52	57
59	58	52
58	65	52
58	103	65
103	88	65
103	135	88
103	170	135
170	183	135
183	151	135
183	185	151
185	174	151
174	162	151
174	197	162
197	220	162
220	152	162
152	108	162
152	107	108
107	74	108
107	89	74
89	78	74
78	36	74
78	45	36
45	29	36
29	28	36
28	23	36
28	7	23
45	30	29
30	17	29
17	18	29
17	15	18
17	12	15
12	5	15
12	10	5
12	63	10
63	34	10
63	56	34
12	96	63
96	111	63
96	212	111
212	205	111
96	80	212
17	30	12
30	55	12
30	66	55
66	80	55
66	145	80
30	67	66
67	92	66
67	127	92
127	105	92
127	184	105
127	167	184
127	117	167
117	218	167
117	176	218
117	152	176
152	220	176
220	286	176
220	330	286
330	379	286
379	397	286
397	356	286
397	508	356
508	467	356
467	391	356
467	488	391
488	424	391
424	340	391
424	353	340
353	253	340
353	297	253
297	276	253
276	145	253
353	437	297
437	351	297
437	373	351
437	450	373
450	457	373
457	482	373
482	376	373
376	332	373
376	341	332
341	248	332
376	429	341
429	445	341
445	370	341
370	322	341
370	284	322
284	257	322
370	311	284
311	301	284
429	505	445
429	496	505
496	559	505
496	547	559
547	572	559
572	647	559
572	690	647
572	650	690
650	733	690
733	801	690
733	794	801
650	681	733
681	765	733
681	705	765
705	793	765
681	658	705
658	655	705
655	699	705
655	579	699
579	635	699
635	716	699
716	845	699
716	725	845
725	726	845
726	859	845
859	940	845
940	846	845
846	793	845
940	967	846
967	925	846
967	1070	925
967	1145	1070
1145	1171	1070
1145	1229	1171
1229	1179	1171
1179	1150	1171
1179	1121	1150
1121	1103	1150
1103	1098	1150
1103	1030	1098
1030	986	1098
1103	1050	1030
1050	1009	1030
1050	985	1009
985	944	1009
985	941	944
941	901	944
941	953	901
953	918	901
918	836	901
918	866	836
953	929	918
929	883	918
929	910	883
910	913	883
910	936	913
936	982	913
910	966	936
910	943	966
943	923	966
943	910	923
953	1036	929
953	985	1036
985	1050	1036
1050	1103	1036
1103	1015	1036
1103	1121	1015
1121	1085	1015
1121	1179	1085
1179	1034	1085
1034	977	1085
977	952	1085
1034	1011	977
953	941	985
1229	1241	1179
1229	1267	1241
1229	1166	1267
1166	1269	1267
1166	1244	1269
1244	1291	1269
1244	1223	1291
1223	1224	1291
1224	1323	1291
1323	1344	1291
1323	1357	1344
1323	1243	1357
1243	1307	1357
1307	1405	1357
1405	1444	1357
1405	1453	1444
1453	1497	1444
1453	1503	1497
1503	1545	1497
1545	1531	1497
1545	1549	1531
1549	1464	1531
1545	1589	1549
1589	1637	1549
1589	1660	1637
1660	1666	1637
1660	1721	1666
1721	1783	1666
1783	1668	1666
1721	1779	1783
1721	1781	1779
1721	1743	1781
1743	1759	1781
1759	1882	1781
1743	1714	1759
1714	1705	1759
1705	1773	1759
1773	1839	1759
1773	1792	1839
1792	1830	1839
1830	1888	1839
1888	1941	1839
1941	1953	1839
1941	2040	1953
1941	1979	2040
1941	1943	1979
1943	1958	1979
1943	1957	1958
1943	1787	1957
1787	1879	1957
1787	1776	1879
1776	1752	1879
1752	1862	1879
1862	1909	1879
1862	1910	1909
1862	1800	1910
1862	1752	1800
1752	1745	1800
1752	1642	1745
1642	1702	1745
1642	1583	1702
1583	1687	1702
1583	1593	1687
1593	1639	1687
1593	1561	1639
1561	1530	1639
1561	1495	1530
1495	1512	1530
1495	1456	1512
1456	1440	1512
1456	1356	1440
1356	1397	1440
1456	1389	1356
1389	1275	1356
1275	1233	1356
1275	1204	1233
1204	1175	1233
1204	1113	1175
1204	1207	1113
1207	1109	1113
1207	1165	1109
1165	1149	1109
1149	1020	1109
1149	1082	1020
1082	1041	1020
1041	922	1020
1082	1137	1041
1149	1211	1082
1149	1165	1211
1165	1275	1211
1165	1207	1275
1207	1204	1275
1389	1301	1275
1389	1410	1301
1410	1402	1301
1410	1460	1402
1460	1498	1402
1498	1439	1402
1498	1521	1439
1521	1516	1439
1516	1477	1439
1516	1532	1477
1532	1523	1477
1523	1485	1477
1485	1425	1477
1523	1509	1485
1509	1458	1485
1458	1455	1485
1455	1403	1485
1455	1433	1403
1433	1396	1403
1433	1434	1396
1434	1363	1396
1363	1319	1396
1363	1324	1319
1324	1289	1319
1289	1217	1319
1217	1227	1319
1217	1156	1227
1217	1130	1156
1130	1013	1156
1217	1174	1130
1174	1107	1130
1174	1151	1107
1151	1080	1107
1080	1035	1107
1035	972	1107
1035	990	972
990	937	972
937	892	972
937	863	892
863	800	892
800	772	892
800	720	772
720	596	772
596	649	772
596	621	649
621	593	649
593	631	649
631	687	649
631	771	687
593	546	631
593	522	546
522	493	546
493	500	546
493	425	500
425	435	500
435	439	500
439	583	500
583	599	500
583	607	599
607	638	599
607	646	638
646	704	638
704	706	638
704	737	706
737	736	706
737	764	736
764	798	736
798	782	736
782	771	736
782	823	771
782	798	823
798	876	823
876	957	823
876	894	957
894	969	957
894	1041	969
876	861	894
876	798	861
798	764	861
764	829	861
829	922	861
829	789	922
789	799	922
799	874	922
799	854	874
854	897	874
854	871	897
871	928	897
928	998	897
998	1004	897
928	1017	998
928	1016	1017
928	942	1016
928	871	942
854	805	871
799	763	854
799	745	763
745	665	763
665	691	763
665	692	691
692	735	691
665	563	692
563	550	692
563	553	550
553	465	550
465	470	550
465	444	470
465	406	444
465	411	406
411	352	406
411	310	352
310	260	352
310	232	260
232	216	260
216	255	260
216	244	255
244	277	255
244	268	277
244	252	268
252	264	268
252	207	264
252	200	207
252	244	200
244	195	200
244	216	195
216	221	195
221	157	195
221	189	157
189	126	157
189	199	126
199	142	126
142	110	126
110	71	126
110	62	71
62	59	71
59	84	71
62	58	59
62	110	58
110	103	58
110	142	103
142	170	103
142	175	170
175	213	170
213	183	170
213	258	183
258	185	183
258	281	185
281	174	185
281	266	174
266	197	174
266	245	197
245	220	197
245	330	220
245	266	330
266	365	330
365	379	330
365	388	379
388	461	379
461	462	379
462	397	379
388	497	461
497	533	461
388	477	497
477	539	497
477	522	539
522	564	539
564	596	539
564	621	596
564	593	621
564	522	593
477	433	522
433	493	522
433	425	493
433	402	425
402	362	425
362	435	425
362	412	435
412	439	435
412	405	439
412	290	405
290	294	405
412	362	290
362	288	290
288	275	290
288	213	275
213	175	275
288	285	213
285	258	213
285	296	258
296	281	258
296	323	281
323	266	281
323	365	266
323	344	365
344	401	365
401	388	365
401	477	388
401	389	477
389	433	477
389	402	433
389	296	402
296	362	402
296	285	362
285	288	362
389	344	296
344	323	296
389	401	344
142	199	175
221	261	189
221	270	261
270	294	261
270	273	294
270	221	273
221	232	273
232	310	273
221	216	232
465	469	411
469	464	411
469	484	464
563	633	553
633	554	553
633	589	554
633	728	589
728	609	589
728	646	609
728	718	646
718	704	646
718	737	704
718	792	737
792	813	737
813	764	737
813	829	764
813	789	829
813	792	789
792	728	789
728	745	789
745	799	789
728	660	745
660	665	745
660	643	665
643	563	665
643	633	563
643	660	633
660	728	633
792	718	728
607	583	646
583	542	646
542	538	646
583	439	542
800	661	720
800	863	661
937	920	863
920	821	863
920	860	821
860	726	821
726	717	821
726	725	717
725	694	717
694	635	717
635	612	717
612	686	717
635	627	612
627	523	612
523	545	612
523	488	545
488	467	545
467	508	545
523	424	488
627	558	523
627	635	558
635	579	558
579	560	558
560	481	558
560	480	481
480	437	481
437	451	481
437	353	451
353	424	451
480	450	437
480	457	450
480	498	457
498	482	457
498	548	482
548	556	482
556	547	482
547	496	482
496	429	482
429	376	482
556	572	547
556	591	572
591	650	572
591	658	650
658	681	650
591	587	658
587	619	658
619	655	658
619	579	655
619	560	579
619	587	560
587	480	560
587	548	480
548	498	480
587	591	548
591	556	548
694	716	635
694	725	716
860	859	726
860	1012	859
1012	940	859
1012	967	940
1012	1046	967
1046	1145	967
1046	1166	1145
1166	1229	1145
1046	1124	1166
1124	1244	1166
1124	1223	1244
1124	1224	1223
1124	1201	1224
1201	1243	1224
1243	1323	1224
1201	1160	1243
1160	1307	1243
1160	1198	1307
1198	1322	1307
1322	1429	1307
1429	1438	1307
1438	1405	1307
1438	1453	1405
1438	1503	1453
1438	1429	1503
1429	1487	1503
1487	1526	1503
1526	1548	1503
1548	1545	1503
1548	1589	1545
1548	1571	1589
1571	1609	1589
1609	1629	1589
1629	1660	1589
1629	1654	1660
1654	1703	1660
1703	1709	1660
1709	1721	1660
1709	1743	1721
1709	1703	1743
1703	1714	1743
1703	1674	1714
1674	1646	1714
1646	1670	1714
1670	1705	1714
1646	1597	1670
1597	1606	1670
1606	1618	1670
1606	1575	1618
1606	1509	1575
1509	1523	1575
1523	1532	1575
1532	1585	1575
1532	1565	1585
1565	1619	1585
1619	1657	1585
1619	1652	1657
1652	1774	1657
1774	1748	1657
1774	1787	1748
1787	1830	1748
1830	1792	1748
1792	1773	1748
1773	1705	1748
1787	1888	1830
1787	1943	1888
1943	1941	1888
1774	1776	1787
1774	1752	1776
1774	1652	1752
1652	1642	1752
1652	1619	1642
1619	1583	1642
1619	1553	1583
1553	1521	1583
1521	1498	1583
1498	1496	1583
1496	1593	1583
1496	1561	1593
1496	1495	1561
1496	1460	1495
1460	1456	1495
1460	1410	1456
1410	1389	1456
1496	1498	1460
1553	1516	1521
1553	1565	1516
1565	1532	1516
1553	1619	1565
1606	1578	1509
1578	1507	1509
1507	1458	1509
1507	1490	1458
1490	1399	1458
1399	1374	1458
1374	1434	1458
1434	1455	1458
1434	1433	1455
1374	1363	1434
1374	1361	1363
1361	1381	1363
1381	1286	1363
1286	1324	1363
1286	1289	1324
1286	1248	1289
1248	1174	1289
1174	1217	1289
1248	1151	1174
1248	1232	1151
1232	1203	1151
1203	1110	1151
1110	1080	1151
1110	1128	1080
1128	996	1080
996	1035	1080
996	990	1035
996	930	990
930	937	990
930	920	937
930	924	920
924	860	920
930	996	924
1110	1203	1128
1203	1240	1128
1240	1300	1128
1300	1225	1128
1225	1198	1128
1225	1322	1198
1225	1300	1322
1300	1393	1322
1393	1429	1322
1393	1487	1429
1393	1392	1487
1392	1424	1487
1424	1526	1487
1424	1514	1526
1514	1538	1526
1538	1548	1526
1538	1571	1548
1538	1514	1571
1514	1609	1571
1514	1552	1609
1552	1590	1609
1590	1629	1609
1590	1624	1629
1624	1654	1629
1624	1674	1654
1674	1703	1654
1624	1646	1674
1624	1592	1646
1592	1597	1646
1592	1576	1597
1576	1578	1597
1578	1606	1597
1576	1507	1578
1576	1490	1507
1576	1590	1490
1590	1552	1490
1552	1493	1490
1493	1399	1490
1493	1381	1399
1381	1361	1399
1361	1374	1399
1493	1514	1381
1514	1382	1381
1382	1286	1381
1382	1385	1286
1385	1240	1286
1240	1203	1286
1203	1232	1286
1232	1248	1286
1385	1300	1240
1385	1392	1300
1392	1393	1300
1385	1424	1392
1385	1382	1424
1382	1514	1424
1493	1552	1514
1576	1592	1590
1592	1624	1590
1160	1081	1198
1160	1094	1081
1094	1077	1081
1077	1012	1081
1077	1124	1012
1124	1046	1012
1077	1094	1124
1094	1201	1124
1094	1160	1201
117	89	152
89	107	152
117	78	89
117	67	78
67	45	78
67	30	45
117	127	67
2022	1882	1953
2022	1922	1882
76	56	139
16	14	7
16	22	14
180	204	230
204	229	230
229	267	230
267	349	230
229	278	267
278	348	267
209	295	235
295	243	235
217	280	242
274	303	387
303	360	387
282	305	381
305	393	381
393	460	381
460	394	381
460	476	394
460	534	476
534	525	476
525	520	476
525	571	520
571	632	520
632	616	520
616	576	520
571	709	632
709	696	632
525	534	571
460	503	534
305	364	393
381	295	282
302	434	440
325	395	416
326	359	418
369	375	436
374	475	492
475	594	492
594	528	492
594	613	528
613	575	528
613	625	575
613	757	625
757	640	625
613	674	757
674	791	757
791	921	757
791	950	921
674	803	791
803	902	791
803	848	902
803	839	848
674	651	803
651	673	803
651	597	673
674	594	651
674	613	594
378	474	499
474	555	499
474	526	555
526	574	555
574	630	555
526	541	574
392	400	494
392	349	400
403	404	466
430	524	552
524	570	552
570	588	552
570	636	588
448	501	454
501	441	454
455	506	463
506	606	463
606	512	463
512	434	463
606	634	512
606	670	634
509	562	620
562	568	620
568	749	620
749	755	620
568	666	749
568	611	666
611	738	666
620	582	509
582	466	509
514	618	644
536	567	664
567	626	664
537	557	608
537	440	557
537	487	440
557	748	608
608	584	537
543	656	657
585	667	637
667	797	637
797	710	637
797	820	710
820	816	710
820	993	816
993	886	816
993	1106	886
993	1053	1106
1053	1125	1106
1125	1264	1106
1125	1259	1264
1125	1115	1259
1115	1086	1259
1086	1271	1259
1271	1411	1259
1086	1102	1271
1086	1007	1102
1086	1115	1007
1115	1053	1007
1115	1125	1053
595	680	712
595	610	680
610	677	680
645	758	740
671	723	685
723	809	685
809	754	685
672	731	742
676	722	753
722	766	753
722	636	766
688	713	862
688	644	713
644	780	713
644	796	780
693	891	721
697	815	701
698	729	751
702	747	756
702	837	747
837	819	747
819	784	747
784	756	747
784	873	756
784	819	873
819	868	873
819	837	868
837	911	868
837	804	911
804	915	911
915	1027	911
1027	1068	911
1027	1189	1068
1027	1304	1189
1304	1353	1189
1353	1342	1189
1353	1432	1342
1353	1479	1432
1353	1472	1479
1472	1519	1479
1519	1751	1479
1519	1756	1751
1756	1864	1751
1864	1775	1751
1775	1689	1751
1775	1672	1689
1672	1615	1689
1672	1658	1615
1672	1803	1658
1803	1661	1658
1661	1608	1658
1661	1641	1608
1641	1411	1608
1672	1775	1803
1775	1864	1803
1864	1981	1803
1864	1933	1981
1933	2114	1981
2114	2104	1981
2104	2011	1981
2104	2070	2011
2104	2261	2070
2261	2211	2070
2104	2275	2261
2104	2310	2275
2104	2201	2310
2201	2317	2310
2201	2316	2317
2316	2486	2317
2486	2487	2317
2316	2370	2486
2316	2268	2370
2268	2361	2370
2361	2527	2370
2268	2333	2361
2316	2114	2268
2316	2201	2114
2201	2104	2114
1933	2017	2114
1933	1837	2017
1933	1756	1837
1933	1864	1756
1472	1475	1519
1475	1566	1519
1475	1662	1566
1475	1580	1662
1580	1610	1662
1475	1345	1580
1353	1304	1472
1027	1140	1304
1140	1187	1304
1027	989	1140
1027	915	989
915	939	989
915	785	939
915	804	785
804	773	785
773	742	785
804	837	773
702	742	837
702	683	742
708	807	831
708	753	807
753	907	807
907	934	807
934	831	807
715	832	818
832	843	818
832	955	843
832	893	955
832	750	893
750	724	893
832	715	750
730	759	904
759	857	904
857	947	904
947	976	904
976	885	904
885	730	904
976	1051	885
947	963	976
963	1040	976
963	1062	1040
1062	1188	1040
1062	1205	1188
1205	1309	1188
1205	1280	1309
1062	1024	1205
1062	916	1024
916	906	1024
906	1047	1024
906	1059	1047
916	838	906
1062	963	916
963	857	916
963	947	857
759	783	857
759	734	783
761	932	768
932	814	768
814	670	768
761	931	932
931	975	932
931	1067	975
931	862	1067
862	945	1067
945	1161	1067
1161	1088	1067
1088	1142	1067
1088	1161	1142
1161	1257	1142
931	855	862
855	795	862
855	767	795
855	931	767
931	761	767
762	903	844
762	830	903
830	971	903
971	1005	903
1005	960	903
769	858	808
858	994	808
774	882	817
777	900	938
900	983	938
983	965	938
781	888	935
888	961	935
961	1170	935
812	841	880
850	884	895
884	1038	895
884	1003	1038
1003	1095	1038
1095	1111	1038
852	968	870
870	891	852
870	956	891
870	968	956
968	1108	956
1108	1021	956
1108	1164	1021
1164	1057	1021
1164	1182	1057
1182	1097	1057
1164	1163	1182
1164	1108	1163
968	1072	1108
856	905	865
905	959	865
959	968	865
959	987	968
959	1044	987
879	1054	1083
879	808	1054
879	811	808
879	796	811
908	1071	980
1071	1023	980
1023	949	980
1023	1008	949
1008	970	949
970	919	949
919	815	949
970	1043	919
970	1069	1043
970	1008	1069
1008	1158	1069
954	1118	995
954	957	1118
1022	1176	1037
1022	1197	1176
1197	1366	1176
1197	1372	1366
1176	1196	1037
1196	1054	1037
1054	994	1037
1026	1075	1134
1075	1311	1134
1311	1194	1134
1194	1216	1134
1216	1169	1134
1216	1277	1169
1216	1481	1277
1216	1442	1481
1442	1462	1481
1462	1534	1481
1534	1572	1481
1462	1621	1534
1462	1480	1621
1480	1734	1621
1734	1682	1621
1682	1699	1621
1682	1908	1699
1682	1833	1908
1833	1903	1908
1903	2054	1908
2054	2093	1908
2093	1904	1908
1903	2046	2054
2046	2252	2054
2252	2231	2054
2252	2382	2231
2252	2396	2382
2396	2479	2382
2396	2439	2479
2439	2661	2479
2661	2634	2479
2439	2615	2661
2615	2702	2661
2615	2729	2702
2729	2838	2702
2729	2867	2838
2867	2928	2838
2867	2894	2928
2894	3064	2928
3064	3093	2928
2867	2729	2894
2729	2730	2894
2730	2754	2894
2754	2802	2894
2802	2974	2894
2802	2877	2974
2877	2897	2974
2897	2995	2974
2897	2910	2995
2897	2877	2910
2877	2893	2910
2877	2715	2893
2715	2808	2893
2808	2896	2893
2877	2802	2715
2802	2754	2715
2439	2429	2615
2439	2391	2429
2391	2377	2429
2377	2454	2429
2377	2444	2454
2377	2425	2444
2391	2257	2377
2257	2189	2377
2189	2182	2377
2189	2098	2182
2098	2111	2182
2111	2255	2182
2111	2110	2255
2110	2321	2255
2321	2395	2255
2111	2010	2110
2010	1912	2110
2111	2053	2010
2053	1948	2010
2053	2098	1948
2098	2128	1948
2098	2189	2128
2189	2257	2128
2257	2252	2128
2252	2046	2128
2046	1870	2128
2046	1903	1870
1903	1833	1870
1833	1835	1870
1835	1948	1870
1833	1734	1835
1833	1682	1734
2257	2349	2252
2349	2396	2252
2349	2439	2396
2349	2391	2439
2349	2257	2391
2053	2111	2098
1480	1466	1734
1466	1555	1734
1480	1376	1466
1376	1331	1466
1376	1311	1331
1311	1075	1331
1376	1442	1311
1442	1194	1311
1442	1216	1194
1376	1462	1442
1376	1480	1462
1031	1131	1091
1131	1213	1091
1032	1136	1063
1063	902	1032
1136	1126	1063
1060	1190	1178
1190	1337	1178
1087	1090	1209
1090	1181	1209
1181	1239	1209
1092	1143	1148
1143	1296	1148
1296	1252	1148
1252	1265	1148
1252	1395	1265
1252	1296	1395
1296	1400	1395
1099	1288	1298
1298	1131	1099
1101	1281	1320
1120	1123	1228
1123	1129	1228
1123	975	1129
1228	1185	1120
1135	1452	1195
1452	1261	1195
1261	1220	1195
1261	1500	1220
1261	1501	1500
1501	1547	1500
1547	1611	1500
1611	1546	1500
1611	1715	1546
1611	1766	1715
1766	1841	1715
1547	1741	1611
1547	1501	1741
1261	1452	1501
1135	1388	1452
1388	1499	1452
1147	1249	1214
1249	1325	1214
1184	1292	1251
1192	1254	1245
1212	1371	1314
1215	1413	1373
1413	1517	1373
1215	1158	1413
1158	1278	1413
1230	1287	1313
1238	1401	1450
1401	1522	1450
1522	1632	1450
1522	1631	1632
1631	1695	1632
1695	1758	1632
1695	1797	1758
1797	1821	1758
1821	1848	1758
1848	1762	1758
1762	1570	1758
1762	1564	1570
1564	1471	1570
1471	1446	1570
1471	1317	1446
1471	1352	1317
1352	1256	1317
1352	1270	1256
1270	1136	1256
1352	1339	1270
1339	1327	1270
1762	1692	1564
1692	1627	1564
1821	2012	1848
1821	1935	2012
1821	1797	1935
1276	1340	1330
1340	1431	1330
1340	1386	1431
1386	1486	1431
1284	1297	1437
1290	1332	1360
1332	1543	1360
1543	1524	1360
1543	1659	1524
1659	1623	1524
1659	1750	1623
1750	1780	1623
1750	1817	1780
1817	1886	1780
1886	1898	1780
1898	1905	1780
1898	1923	1905
1898	1886	1923
1817	1860	1886
1817	1823	1860
1290	1318	1332
1293	1391	1483
1391	1508	1483
1508	1643	1483
1643	1436	1483
1436	1293	1483
1508	1591	1643
1508	1602	1591
1602	1753	1591
1294	1347	1443
1326	1368	1469
1326	1199	1368
1329	1416	1370
1333	1502	1364
1502	1536	1364
1536	1604	1364
1536	1598	1604
1536	1494	1598
1536	1502	1494
1502	1377	1494
1502	1333	1377
1338	1451	1404
1338	1488	1451
1341	1418	1520
1418	1528	1520
1528	1599	1520
1528	1691	1599
1691	1708	1599
1708	1613	1599
1708	1679	1613
1708	1805	1679
1805	1693	1679
1805	1828	1693
1805	1897	1828
1691	1863	1708
1346	1362	1419
1346	1325	1362
1349	1594	1375
1594	1598	1375
1598	1467	1375
1467	1377	1375
1594	1640	1598
1640	1732	1598
1349	1572	1594
1572	1699	1594
1350	1540	1379
1540	1435	1379
1540	1556	1435
1540	1688	1556
1540	1653	1688
1540	1603	1653
1603	1667	1653
1667	1809	1653
1667	1681	1809
1667	1603	1681
1354	1527	1550
1527	1617	1550
1527	1649	1617
1369	1420	1474
1384	1427	1390
1384	1407	1427
1407	1584	1427
1584	1582	1427
1582	1390	1427
1582	1542	1390
1542	1478	1390
1478	1387	1390
1387	1309	1390
1542	1574	1478
1574	1562	1478
1562	1506	1478
1562	1525	1506
1525	1513	1506
1525	1680	1513
1525	1712	1680
1712	1754	1680
1712	1733	1754
1733	1829	1754
1733	1813	1829
1813	1956	1829
1813	1854	1956
1733	1739	1813
1733	1574	1739
1733	1581	1574
1581	1562	1574
1581	1525	1562
1581	1712	1525
1581	1733	1712
1407	1426	1584
1426	1622	1584
1622	1638	1584
1622	1793	1638
1793	1815	1638
1815	1845	1638
1622	1794	1793
1794	1952	1793
1622	1728	1794
1622	1627	1728
1407	1327	1426
1470	1664	1675
1492	1588	1586
1588	1686	1586
1686	1655	1586
1588	1768	1686
1768	1724	1686
1768	1812	1724
1812	1790	1724
1492	1417	1588
1518	1596	1529
1596	1677	1529
1677	1718	1529
1718	1664	1529
1677	1804	1718
1529	1469	1518
1537	1710	1563
1710	1760	1563
1710	1951	1760
1710	1735	1951
1539	1579	1587
1539	1676	1579
1676	1587	1579
1539	1737	1676
1737	1807	1676
1807	1827	1676
1807	1920	1827
1920	1876	1827
1876	1838	1827
1876	1857	1838
1737	1822	1807
1822	1921	1807
1822	1900	1921
1900	2049	1921
2049	2043	1921
2049	2071	2043
1900	2002	2049
2002	2115	2049
2002	2020	2115
2020	2196	2115
2196	2181	2115
2196	2251	2181
2196	2293	2251
2293	2355	2251
2293	2383	2355
2383	2402	2355
2402	2437	2355
2402	2526	2437
2526	2586	2437
2586	2490	2437
2586	2644	2490
2644	2621	2490
2586	2641	2644
2586	2526	2641
2402	2611	2526
2402	2459	2611
2459	2550	2611
2459	2549	2550
2549	2602	2550
2549	2739	2602
2739	2738	2602
2738	2745	2602
2549	2634	2739
2634	2734	2739
2402	2383	2459
2383	2293	2459
2196	2186	2293
2186	2142	2293
2186	2035	2142
2186	1993	2035
2186	2020	1993
2020	1976	1993
1976	1801	1993
1976	1950	1801
1950	1853	1801
1853	1742	1801
1742	1731	1801
1731	1604	1801
1731	1737	1604
1731	1742	1737
1742	1853	1737
1853	1822	1737
1853	1900	1822
1853	2002	1900
1853	1950	2002
1950	2020	2002
1950	1976	2020
2186	2196	2020
1544	1701	1557
1701	1716	1557
1701	1777	1716
1701	1842	1777
1701	1893	1842
1893	1912	1842
1551	1558	1755
1755	1607	1551
1755	1788	1607
1560	1706	1740
1706	1947	1740
1706	1826	1947
1706	1675	1826
1740	1610	1560
1610	1474	1560
1740	1749	1610
1577	1698	1650
1698	1782	1650
1782	1725	1650
1782	1746	1725
1698	1717	1782
1698	1683	1717
1698	1669	1683
1698	1577	1669
1595	1620	1600
1620	1635	1600
1626	1722	1636
1647	1747	1656
1663	1796	1784
1663	1761	1796
1671	1713	1704
1671	1673	1713
1711	1825	1816
1726	1757	1844
1844	1884	1726
1764	1834	1928
1764	1760	1834
1834	1960	1928
1960	1893	1928
1770	1867	1824
1824	1831	1770
1824	1880	1831
1824	1867	1880
1867	2006	1880
2006	2074	1880
1778	1798	1930
1798	1973	1930
1973	2036	1930
1973	2059	2036
1798	1808	1973
1808	1832	1973
1802	1942	1927
1843	2029	1852
1843	2041	2029
2041	2140	2029
1847	1906	1856
1847	1944	1906
1944	1971	1906
1944	1966	1971
1966	2171	1971
1966	2048	2171
1966	1978	2048
1978	2051	2048
1978	2042	2051
2042	2113	2051
1978	1899	2042
1966	1847	1978
1966	1944	1847
1849	1990	1872
1872	1825	1849
1990	1954	1872
1859	2055	1914
2055	2161	1914
2161	2119	1914
2119	1955	1914
2119	2118	1955
2118	2003	1955
2003	1938	1955
1938	1841	1955
2118	2226	2003
2226	2139	2003
2118	2188	2226
2188	2385	2226
2385	2386	2226
2386	2334	2226
2385	2427	2386
2427	2614	2386
2614	2598	2386
2614	2686	2598
2686	2751	2598
2751	2638	2598
2638	2558	2598
2638	2669	2558
2669	2628	2558
2669	2807	2628
2807	2852	2628
2852	2624	2628
2624	2416	2628
2852	2741	2624
2807	2869	2852
2869	2997	2852
2997	3067	2852
2997	3174	3067
3174	3225	3067
3174	3216	3225
3216	3327	3225
3216	3312	3327
3312	3369	3327
3312	3307	3369
3307	3441	3369
3307	3321	3441
3321	3478	3441
3478	3613	3441
3613	3612	3441
3613	3711	3612
3613	3688	3711
3688	3773	3711
3688	3814	3773
3814	3887	3773
3887	3821	3773
3613	3590	3688
3613	3478	3590
3478	3542	3590
3542	3629	3590
3629	3729	3590
3478	3347	3542
3478	3318	3347
3478	3321	3318
3321	3245	3318
3245	3142	3318
3245	3128	3142
3245	3015	3128
3015	3026	3128
3015	2952	3026
2952	2988	3026
3015	2934	2952
2934	2764	2952
2934	2751	2764
2751	2686	2764
2686	2714	2764
2686	2614	2714
2614	2580	2714
2580	2646	2714
2614	2427	2580
2427	2456	2580
2427	2385	2456
2385	2373	2456
2385	2208	2373
2208	2229	2373
2229	2322	2373
2322	2512	2373
2322	2401	2512
2401	2505	2512
2505	2649	2512
2229	2195	2322
2229	2161	2195
2161	2055	2195
2055	2031	2195
2031	2057	2195
2057	2120	2195
2031	1881	2057
2055	1859	2031
2229	2208	2161
2208	2119	2161
2208	2188	2119
2188	2118	2119
2208	2385	2188
2934	2967	2751
2967	2786	2751
2786	2638	2751
2786	2669	2638
2786	2807	2669
2786	2967	2807
2967	2869	2807
2967	2997	2869
2967	3106	2997
3106	3143	2997
3143	3174	2997
3143	3216	3174
3143	3312	3216
3143	3245	3312
3245	3307	3312
3245	3321	3307
3143	3106	3245
2967	3015	3106
2967	2934	3015
1861	1875	1936
1875	1963	1936
1963	1994	1936
1994	1889	1936
1889	1895	1936
1895	1861	1936
1895	1889	1861
1875	1970	1963
1875	1926	1970
1926	1949	1970
1866	1878	1918
1918	2013	1866
1918	2014	2013
1877	1917	1969
1892	2084	2085
2084	2132	2085
2132	2154	2085
2154	2058	2085
2154	2193	2058
2193	2212	2058
2212	2045	2058
2212	2056	2045
2212	2230	2056
2154	2357	2193
2154	2132	2357
2132	2194	2357
2194	2243	2357
2132	2061	2194
2061	2012	2194
2132	2084	2061
1896	1984	2025
1984	2078	2025
1984	1991	2078
1991	2080	2078
1901	2026	1998
1998	1826	1901
1916	2027	2067
2027	2083	2067
2083	2112	2067
2112	2019	2067
2019	1916	2067
2112	2121	2019
2027	2177	2083
2027	2236	2177
2236	2286	2177
2236	2330	2286
2330	2314	2286
2330	2403	2314
2330	2344	2403
2344	2339	2403
2344	2330	2339
2330	2236	2339
2236	2272	2339
2236	2148	2272
2236	2027	2148
2027	1969	2148
1919	2086	2075
2086	2143	2075
2086	2265	2143
2265	2362	2143
2362	2369	2143
2362	2590	2369
2590	2595	2369
2595	2428	2369
2595	2635	2428
2595	2766	2635
2766	2713	2635
2766	2889	2713
2889	2922	2713
2922	2883	2713
2883	2726	2713
2883	2882	2726
2882	2671	2726
2882	2885	2671
2882	3035	2885
3035	2925	2885
2925	2892	2885
2925	2823	2892
2925	2848	2823
2848	2818	2823
2848	2845	2818
2845	2642	2818
2845	2825	2642
2825	2700	2642
2700	2527	2642
2527	2553	2642
2553	2569	2642
2553	2492	2569
2553	2380	2492
2825	2815	2700
2825	2860	2815
2860	2828	2815
2828	2688	2815
2828	2791	2688
2791	2678	2688
2791	2562	2678
2562	2591	2678
2562	2487	2591
2828	2834	2791
2834	2913	2791
2834	2947	2913
2834	2828	2947
2860	3036	2828
3036	3078	2828
2845	2954	2825
2954	2948	2825
2954	3043	2948
2889	2946	2922
2889	2965	2946
2889	2766	2965
2595	2640	2766
2640	2699	2766
2640	2664	2699
2664	2573	2699
2573	2797	2699
2797	2840	2699
2840	2846	2699
2846	2887	2699
2840	3005	2846
2664	2594	2573
2664	2640	2594
2640	2590	2594
2590	2362	2594
2640	2595	2590
2265	2299	2362
1925	2044	2050
1934	2102	2097
2102	2276	2097
2276	2305	2097
2276	2375	2305
2375	2315	2305
1937	2065	2062
1968	2024	1992
1980	2052	2037
2037	1911	1980
1995	2191	1997
2191	2060	1997
2004	2101	2095
2101	2116	2095
2116	2096	2095
2116	2197	2096
2015	2090	2156
2156	2016	2015
2021	2109	2144
2109	2214	2144
2109	2168	2214
2144	2100	2021
2066	2130	2176
2130	2312	2176
2312	2320	2176
2320	2254	2176
2254	2151	2176
2151	2066	2176
2312	2400	2320
2400	2441	2320
2400	2489	2441
2489	2533	2441
2489	2613	2533
2489	2508	2613
2508	2653	2613
2653	2692	2613
2508	2503	2653
2503	2659	2653
2659	2776	2653
2659	2857	2776
2857	2874	2776
2503	2480	2659
2503	2400	2480
2503	2508	2400
2508	2489	2400
2312	2340	2400
2312	2319	2340
2130	2117	2312
2077	2137	2106
2137	2184	2106
2184	2206	2106
2206	2185	2106
2206	2148	2185
2184	2327	2206
2327	2367	2206
2327	2419	2367
2419	2488	2367
2327	2184	2419
2137	2139	2184
2079	2180	2088
2087	2175	2335
2087	2093	2175
2335	2142	2087
2091	2163	2192
2107	2250	2152
2126	2216	2227
2216	2326	2227
2133	2264	2271
2271	2168	2133
2133	2203	2264
2203	2331	2264
2141	2246	2147
2246	2159	2147
2246	2224	2159
2224	2200	2159
2200	2165	2159
2246	2298	2224
2298	2325	2224
2325	2358	2224
2358	2388	2224
2325	2323	2358
2325	2298	2323
2298	2336	2323
2298	2246	2336
2246	2313	2336
2246	2304	2313
2304	2471	2313
2304	2363	2471
2304	2287	2363
2287	2247	2363
2145	2190	2166
2166	2172	2145
2166	2263	2172
2166	2190	2263
2190	2240	2263
2164	2204	2237
2204	2284	2237
2174	2242	2278
2174	2156	2242
2242	2384	2278
2178	2210	2241
2183	2220	2328
2183	2071	2220
2220	2437	2328
2209	2269	2232
2232	2218	2209
2232	2285	2218
2285	2289	2218
2232	2269	2285
2213	2234	2343
2234	2356	2343
2234	2192	2356
2219	2266	2248
2219	2211	2266
2225	2346	2238
2346	2371	2238
2253	2379	2345
2379	2467	2345
2379	2501	2467
2501	2596	2467
2501	2577	2596
2577	2685	2596
2501	2578	2577
2267	2453	2394
2453	2474	2394
2474	2443	2394
2474	2578	2443
2474	2579	2578
2579	2701	2578
2579	2721	2701
2721	2770	2701
2770	2809	2701
2809	2725	2701
2770	2796	2809
2770	2721	2796
2721	2762	2796
2579	2557	2721
2579	2474	2557
2474	2453	2557
2453	2532	2557
2453	2494	2532
2494	2547	2532
2494	2417	2547
2417	2434	2547
2434	2517	2547
2494	2453	2417
2453	2267	2417
2277	2301	2414
2414	2398	2277
2290	2435	2404
2404	2269	2290
2435	2495	2404
2435	2500	2495
2292	2405	2351
2405	2536	2351
2536	2414	2351
2536	2585	2414
2585	2599	2414
2585	2665	2599
2585	2536	2665
2536	2732	2665
2732	2777	2665
2777	2839	2665
2777	2979	2839
2732	2789	2777
2302	2392	2353
2392	2516	2353
2392	2572	2516
2572	2671	2516
2392	2496	2572
2496	2545	2572
2545	2575	2572
2496	2515	2545
2496	2428	2515
2496	2329	2428
2303	2332	2493
2306	2510	2418
2510	2507	2418
2510	2534	2507
2534	2629	2507
2534	2720	2629
2720	2728	2629
2720	2912	2728
2912	2873	2728
2873	2788	2728
2873	2905	2788
2905	2907	2788
2907	2760	2788
2905	2940	2907
2905	3062	2940
2905	2873	3062
2873	2912	3062
2912	3102	3062
3102	3123	3062
3123	3210	3062
3102	3104	3123
3102	3052	3104
3052	3084	3104
3052	3004	3084
3004	3103	3084
3004	3009	3103
3102	2912	3052
2534	2712	2720
2534	2524	2712
2534	2510	2524
2308	2318	2473
2364	2537	2387
2393	2475	2465
2393	2266	2475
2475	2655	2465
2397	2430	2472
2407	2481	2470
2481	2554	2470
2481	2645	2554
2470	2243	2407
2408	2565	2504
2565	2518	2504
2518	2524	2504
2411	2451	2551
2451	2571	2551
2412	2476	2431
2476	2469	2431
2469	2500	2431
2421	2498	2423
2498	2652	2423
2652	2438	2423
2438	2433	2423
2438	2482	2433
2482	2497	2433
2482	2652	2497
2652	2662	2497
2652	2747	2662
2747	2690	2662
2747	2898	2690
2898	2780	2690
2747	2911	2898
2911	3127	2898
3127	3066	2898
3127	3275	3066
3127	3353	3275
3353	3438	3275
3353	3481	3438
3481	3627	3438
3627	3611	3438
3127	3137	3353
3137	3175	3353
3137	2978	3175
3137	2973	2978
2973	2911	2978
2911	2945	2978
2945	3120	2978
2945	2895	3120
2895	3065	3120
2895	2991	3065
2991	3109	3065
2991	2949	3109
2991	2750	2949
2991	2835	2750
2835	2676	2750
2676	2593	2750
2593	2753	2750
2835	2673	2676
2835	2895	2673
2895	2677	2673
2677	2498	2673
2677	2681	2498
2681	2652	2498
2681	2747	2652
2681	2911	2747
2835	2991	2895
2973	3127	2911
2973	3137	3127
2482	2438	2652
2432	2458	2552
2458	2555	2552
2555	2610	2552
2436	2462	2502
2462	2457	2502
2447	2543	2463
2447	2570	2543
2543	2626	2463
2626	2499	2463
2499	2452	2463
2448	2485	2529
2449	2523	2530
2449	2562	2523
2562	2530	2523
2562	2761	2530
2761	2604	2530
2604	2520	2530
2520	2449	2530
2604	2682	2520
2604	2761	2682
2464	2466	2478
2483	2539	2522
2483	2704	2539
2513	2564	2535
2514	2561	2574
2514	2473	2561
2561	2689	2574
2540	2639	2660
2567	2666	2781
2666	2899	2781
2781	2570	2567
2601	2755	2746
2603	2792	2717
2717	2466	2603
2605	2775	2805
2605	2771	2775
2771	2831	2775
2771	2784	2831
2784	2919	2831
2919	3056	2831
3056	3002	2831
3056	3090	3002
3090	3167	3002
3167	3118	3002
3118	3108	3002
3108	2936	3002
3108	2979	2936
3108	3133	2979
3108	3118	3133
3118	3256	3133
3118	3226	3256
3226	3417	3256
3417	3414	3256
3414	3472	3256
3417	3448	3414
3417	3559	3448
3226	3252	3417
3226	3167	3252
3167	3169	3252
3167	3090	3169
3090	3112	3169
3090	3056	3112
3056	3076	3112
3076	3248	3112
3076	3224	3248
3076	3114	3224
3076	2994	3114
3076	2919	2994
2919	2909	2994
2909	2884	2994
2909	2919	2884
2919	2806	2884
2806	2737	2884
2806	2765	2737
2806	2784	2765
2784	2654	2765
2784	2771	2654
2771	2605	2654
2806	2919	2784
3076	3056	2919
3226	3118	3167
2606	2773	2680
2630	2691	2657
2657	2560	2630
2647	2672	2696
2650	2844	2668
2658	2724	2769
2724	2778	2769
2724	2810	2778
2769	2667	2658
2769	2687	2667
2769	2803	2687
2675	2735	2698
2693	2820	2759
2693	2744	2820
2744	2740	2820
2697	2705	2722
2705	2782	2722
2705	2731	2782
2736	2861	2804
2752	2842	2785
2758	2763	2886
2763	2960	2886
2886	2872	2758
2872	2794	2758
2783	2822	2790
2783	2908	2822
2908	3040	2822
2908	3061	3040
3061	3158	3040
3061	3131	3158
2787	2942	2817
2801	2927	2957
2927	3086	2957
2811	2935	2951
2935	3025	2951
2935	3058	3025
3058	3132	3025
3132	3173	3025
3173	3238	3025
3058	3079	3132
3058	2953	3079
2953	3022	3079
3022	3213	3079
3213	3239	3079
2953	2921	3022
2921	2924	3022
2953	2917	2921
2953	3058	2917
3058	2935	2917
2813	2863	2875
2863	3023	2875
3023	3080	2875
3080	2977	2875
2977	2824	2875
2977	2837	2824
2837	2646	2824
2863	2881	3023
2881	3042	3023
2814	2902	2987
2819	2841	2850
2819	3011	2841
3011	2850	2841
3011	2906	2850
3011	3094	2906
3011	3110	3094
2829	2864	2943
2864	3020	2943
3020	3088	2943
3088	2966	2943
2966	2829	2943
2966	2888	2829
2888	2833	2829
3088	3082	2966
2836	2859	2904
2904	2985	2836
2985	2962	2836
2962	2810	2836
2962	2870	2810
2904	2959	2985
2959	3126	2985
2900	2961	2969
2961	3105	2969
2961	3095	3105
3095	3140	3105
2901	2937	2972
2937	2956	2972
2956	3096	2972
3096	3130	2972
3096	3192	3130
3096	3157	3192
3157	3274	3192
3157	3160	3274
3160	3337	3274
3157	3115	3160
3157	3096	3115
2914	2990	3001
3001	2926	2914
2915	2970	3155
2920	2996	3006
2932	3075	2971
3075	3038	2971
3075	3098	3038
3098	3100	3038
3100	3070	3038
3070	3045	3038
3098	3233	3100
3233	3308	3100
3233	3401	3308
3401	3427	3308
3427	3362	3308
3362	3297	3308
3362	3397	3297
3427	3587	3362
3427	3518	3587
3518	3656	3587
3656	3702	3587
3518	3631	3656
3631	3706	3656
3518	3447	3631
3447	3424	3631
3447	3398	3424
3398	3335	3424
3335	3231	3424
3398	3361	3335
3398	3447	3361
3447	3401	3361
3401	3233	3361
3447	3427	3401
3447	3518	3427
3098	3075	3233
2950	3044	2998
3044	3050	2998
3044	3091	3050
3044	3149	3091
2976	2983	3051
2982	3074	3135
3074	3262	3135
3262	3237	3135
3262	3443	3237
3262	3469	3443
3469	3531	3443
3531	3485	3443
3531	3666	3485
3666	3511	3485
3666	3701	3511
3701	3586	3511
3701	3750	3586
3750	3514	3586
3750	3626	3514
3626	3404	3514
3626	3564	3404
3564	3376	3404
3376	3339	3404
3376	3306	3339
3306	3166	3339
3166	3214	3339
3166	3016	3214
3016	3144	3214
3016	3053	3144
3053	3092	3144
3053	3032	3092
3053	3003	3032
3053	3016	3003
3016	2899	3003
3306	3179	3166
3179	3125	3166
3125	3024	3166
3179	3124	3125
3306	3413	3179
3413	3402	3179
3306	3376	3413
3376	3432	3413
3376	3564	3432
3626	3608	3564
3666	3731	3701
3666	3531	3731
3027	3073	3047
3073	3146	3047
3034	3152	3134
3046	3071	3055
3059	3153	3181
3060	3129	3222
3129	3264	3222
3129	3253	3264
3253	3386	3264
3386	3454	3264
3454	3409	3264
3454	3544	3409
3544	3475	3409
3475	3359	3409
3475	3498	3359
3498	3328	3359
3498	3439	3328
3475	3591	3498
3591	3610	3498
3475	3544	3591
3454	3571	3544
3454	3537	3571
3537	3569	3571
3537	3589	3569
3589	3622	3569
3622	3751	3569
3622	3668	3751
3668	3776	3751
3776	3832	3751
3832	3768	3751
3768	3745	3751
3768	3872	3745
3872	3800	3745
3872	3909	3800
3768	3832	3872
3832	3893	3872
3832	3882	3893
3882	3922	3893
3922	3983	3893
3983	4012	3893
3983	4107	4012
4107	4118	4012
4118	4103	4012
4103	4032	4012
4032	3996	4012
4032	4054	3996
4054	3921	3996
3921	3909	3996
4054	3991	3921
4054	4073	3991
4073	4007	3991
4007	3898	3991
4073	4034	4007
4073	4142	4034
4142	4095	4034
4095	4071	4034
4071	4008	4034
4008	3866	4034
4095	4126	4071
4095	4142	4126
4142	4203	4126
4203	4247	4126
4203	4228	4247
4228	4271	4247
4271	4372	4247
4372	4354	4247
4354	4281	4247
4354	4333	4281
4372	4491	4354
4491	4492	4354
4491	4563	4492
4563	4536	4492
4536	4468	4492
4468	4417	4492
4536	4578	4468
4578	4515	4468
4515	4459	4468
4515	4510	4459
4510	4413	4459
4413	4328	4459
4328	4341	4459
4328	4330	4341
4413	4326	4328
4413	4379	4326
4413	4504	4379
4504	4518	4379
4518	4448	4379
4518	4531	4448
4531	4538	4448
4538	4432	4448
4531	4682	4538
4682	4745	4538
4745	4670	4538
4670	4576	4538
4576	4553	4538
4576	4523	4553
4576	4644	4523
4644	4487	4523
4644	4634	4487
4634	4462	4487
4462	4338	4487
4462	4412	4338
4462	4457	4412
4457	4399	4412
4462	4657	4457
4462	4634	4657
4634	4679	4657
4679	4804	4657
4679	4704	4804
4704	4843	4804
4843	4887	4804
4887	4936	4804
4936	4824	4804
4936	4907	4824
4936	4964	4907
4964	4995	4907
4964	4979	4995
4979	5038	4995
5038	5056	4995
5056	5029	4995
5056	5065	5029
5065	5064	5029
5064	5015	5029
5015	4998	5029
4998	4967	5029
4998	4951	4967
4951	4816	4967
4951	4879	4816
4879	4788	4816
4788	4762	4816
4762	4778	4816
4788	4610	4762
4610	4664	4762
4610	4587	4664
4587	4604	4664
4604	4619	4664
4619	4698	4664
4619	4663	4698
4663	4741	4698
4741	4824	4698
4824	4778	4698
4663	4656	4741
4656	4657	4741
4788	4801	4610
4801	4685	4610
4801	4728	4685
4728	4602	4685
4728	4706	4602
4728	4869	4706
4869	4755	4706
4869	4823	4755
4823	4710	4755
4710	4625	4755
4710	4550	4625
4550	4546	4625
4546	4602	4625
4546	4524	4602
4550	4427	4546
4823	4769	4710
4823	4853	4769
4853	4748	4769
4853	4911	4748
4911	4808	4748
4911	4908	4808
4908	4875	4808
4875	4775	4808
4875	4829	4775
4829	4774	4775
4774	4618	4775
4618	4589	4775
4589	4630	4775
4589	4453	4630
4453	4418	4630
4589	4540	4453
4540	4375	4453
4375	4346	4453
4375	4253	4346
4253	4348	4346
4253	4263	4348
4263	4369	4348
4369	4418	4348
4369	4569	4418
4369	4367	4569
4367	4568	4569
4369	4353	4367
4353	4235	4367
4235	4307	4367
4235	4237	4307
4353	4263	4235
4263	4084	4235
4263	4075	4084
4075	4020	4084
4263	4253	4075
4253	4221	4075
4221	4156	4075
4253	4375	4221
4353	4369	4263
4540	4359	4375
4540	4441	4359
4589	4618	4540
4774	4735	4618
4774	4797	4735
4797	4841	4735
4841	4830	4735
4830	4725	4735
4725	4675	4735
4725	4600	4675
4600	4582	4675
4582	4557	4675
4582	4437	4557
4600	4629	4582
4600	4707	4629
4707	4747	4629
4747	4752	4629
4752	4667	4629
4667	4627	4629
4627	4595	4629
4627	4579	4595
4579	4403	4595
4579	4435	4403
4435	4343	4403
4343	4332	4403
4343	4145	4332
4579	4483	4435
4579	4573	4483
4573	4499	4483
4499	4450	4483
4499	4502	4450
4502	4397	4450
4397	4321	4450
4397	4319	4321
4319	4182	4321
4182	4304	4321
4502	4478	4397
4502	4586	4478
4502	4596	4586
4596	4683	4586
4596	4723	4683
4723	4781	4683
4596	4631	4723
4631	4649	4723
4649	4753	4723
4649	4660	4753
4660	4667	4753
4667	4752	4753
4752	4820	4753
4820	4873	4753
4820	4891	4873
4891	4963	4873
4891	4934	4963
4934	4954	4963
4954	5005	4963
4954	4987	5005
4987	5024	5005
5024	5039	5005
5024	5052	5039
5052	5042	5039
5042	5030	5039
5030	5018	5039
5030	4997	5018
5030	4968	4997
4968	4945	4997
4945	4958	4997
4945	4845	4958
4845	4898	4958
4845	4890	4898
4890	4873	4898
4845	4807	4890
4807	4781	4890
4807	4760	4781
4807	4694	4760
4807	4773	4694
4773	4598	4694
4598	4486	4694
4598	4446	4486
4446	4401	4486
4773	4726	4598
4773	4802	4726
4802	4720	4726
4802	4783	4720
4783	4705	4720
4802	4868	4783
4802	4846	4868
4846	4885	4868
4885	4926	4868
4926	4932	4868
4932	4863	4868
4932	4952	4863
4952	4893	4863
4893	4856	4863
4856	4793	4863
4856	4835	4793
4835	4761	4793
4761	4739	4793
4761	4678	4739
4678	4705	4739
4761	4639	4678
4761	4652	4639
4652	4597	4639
4652	4608	4597
4608	4485	4597
4485	4452	4597
4485	4393	4452
4485	4514	4393
4485	4580	4514
4485	4608	4580
4608	4727	4580
4608	4652	4727
4652	4767	4727
4767	4817	4727
4767	4861	4817
4861	4923	4817
4923	4927	4817
4923	4953	4927
4953	4901	4927
4953	4996	4901
4996	4957	4901
4957	4913	4901
4913	4805	4901
4913	4864	4805
4864	4818	4805
4864	4810	4818
4810	4754	4818
4810	4806	4754
4806	4751	4754
4751	4653	4754
4653	4689	4754
4653	4647	4689
4653	4637	4647
4653	4734	4637
4734	4633	4637
4734	4730	4633
4734	4809	4730
4734	4751	4809
4751	4880	4809
4880	4859	4809
4859	4866	4809
4859	4895	4866
4895	4896	4866
4896	4803	4866
4896	4795	4803
4795	4768	4803
4896	4938	4795
4938	4897	4795
4897	4812	4795
4812	4800	4795
4812	4917	4800
4917	4871	4800
4871	4757	4800
4757	4684	4800
4757	4671	4684
4671	4616	4684
4671	4521	4616
4521	4503	4616
4521	4512	4503
4512	4461	4503
4461	4382	4503
4382	4386	4503
4461	4406	4382
4512	4489	4461
4512	4521	4489
4757	4722	4671
4757	4787	4722
4787	4847	4722
4847	4822	4722
4822	4772	4722
4772	4696	4722
4772	4732	4696
4732	4655	4696
4655	4609	4696
4655	4575	4609
4575	4532	4609
4532	4548	4609
4532	4490	4548
4490	4489	4548
4532	4395	4490
4532	4525	4395
4525	4431	4395
4431	4314	4395
4314	4283	4395
4314	4272	4283
4272	4224	4283
4272	4284	4224
4272	4314	4284
4314	4377	4284
4377	4336	4284
4336	4256	4284
4336	4324	4256
4324	4289	4256
4289	4309	4256
4289	4312	4309
4289	4324	4312
4377	4436	4336
4436	4447	4336
4436	4475	4447
4475	4559	4447
4559	4530	4447
4559	4593	4530
4593	4539	4530
4539	4508	4530
4539	4571	4508
4571	4402	4508
4402	4363	4508
4571	4500	4402
4571	4543	4500
4543	4498	4500
4498	4384	4500
4498	4335	4384
4335	4249	4384
4335	4291	4249
4291	4194	4249
4194	4180	4249
4291	4204	4194
4291	4308	4204
4308	4233	4204
4233	4193	4204
4233	4177	4193
4177	4081	4193
4177	4078	4081
4078	4001	4081
4001	4043	4081
4001	3940	4043
3940	3962	4043
3962	4056	4043
3962	3986	4056
3962	3917	3986
3917	3960	3986
3960	3964	3986
3960	3869	3964
3869	3829	3964
3960	3917	3869
4001	3904	3940
3904	3833	3940
3904	3804	3833
3904	3916	3804
3916	3789	3804
3789	3704	3804
3916	3808	3789
3808	3754	3789
3754	3733	3789
3754	3715	3733
3715	3671	3733
3715	3707	3671
3715	3807	3707
3807	3765	3707
3765	3633	3707
3807	3854	3765
3854	3809	3765
3809	3722	3765
3809	3806	3722
3806	3723	3722
3723	3643	3722
3806	3788	3723
3806	3842	3788
3842	3843	3788
3843	3778	3788
3843	3920	3778
3920	3862	3778
3862	3766	3778
3862	3739	3766
3862	3823	3739
3823	3752	3739
3862	3875	3823
3875	3891	3823
3875	3956	3891
3956	4029	3891
4029	3990	3891
3990	3860	3891
3990	3938	3860
3938	3882	3860
3882	3767	3860
3882	3776	3767
3776	3698	3767
3698	3642	3767
3776	3668	3698
3882	3832	3776
3938	3922	3882
3938	3983	3922
3938	4041	3983
4041	4107	3983
4041	4049	4107
4049	4188	4107
4188	4185	4107
4185	4118	4107
4185	4149	4118
4149	4103	4118
4149	4160	4103
4160	4032	4103
4160	4054	4032
4160	4135	4054
4135	4108	4054
4108	4097	4054
4097	4073	4054
4097	4142	4073
4097	4108	4142
4108	4218	4142
4218	4203	4142
4218	4228	4203
4218	4271	4228
4218	4310	4271
4310	4391	4271
4391	4372	4271
4391	4464	4372
4464	4470	4372
4470	4491	4372
4470	4526	4491
4526	4563	4491
4526	4556	4563
4556	4606	4563
4606	4536	4563
4606	4578	4536
4606	4709	4578
4709	4750	4578
4750	4743	4578
4743	4674	4578
4674	4562	4578
4562	4515	4578
4562	4510	4515
4562	4561	4510
4561	4511	4510
4511	4413	4510
4511	4504	4413
4511	4541	4504
4541	4518	4504
4541	4531	4518
4541	4599	4531
4599	4682	4531
4599	4669	4682
4669	4724	4682
4724	4792	4682
4792	4745	4682
4792	4814	4745
4814	4771	4745
4771	4746	4745
4746	4670	4745
4746	4644	4670
4644	4576	4670
4814	4831	4771
4831	4815	4771
4815	4811	4771
4815	4876	4811
4876	4850	4811
4850	4704	4811
4850	4843	4704
4850	4928	4843
4928	4887	4843
4928	4936	4887
4928	4979	4936
4979	4964	4936
4928	4920	4979
4920	4984	4979
4984	5034	4979
5034	5038	4979
5034	5071	5038
5071	5056	5038
5071	5088	5056
5088	5065	5056
5088	5082	5065
5082	5077	5065
5077	5064	5065
5077	5106	5064
5106	5076	5064
5076	5015	5064
5076	5008	5015
5008	4998	5015
5008	4951	4998
5008	4916	4951
4916	4879	4951
4916	4937	4879
4937	4899	4879
4899	4869	4879
4869	4813	4879
4813	4788	4879
4813	4801	4788
4813	4869	4801
4869	4728	4801
4899	4881	4869
4881	4823	4869
4881	4878	4823
4878	4900	4823
4900	4853	4823
4900	4911	4853
4878	4904	4900
4904	4983	4900
4904	4959	4983
4959	4999	4983
4999	5009	4983
5009	5033	4983
5033	5045	4983
5033	5057	5045
5057	5062	5045
5062	5060	5045
5060	5048	5045
5060	5035	5048
5062	5111	5060
5062	5096	5111
5096	5114	5111
5114	5126	5111
5126	5112	5111
5126	5125	5112
5125	5117	5112
5117	5095	5112
5117	5072	5095
5072	5092	5095
5072	5073	5092
5073	5058	5092
5073	5049	5058
5049	5052	5058
5049	5042	5052
5049	5032	5042
5032	4986	5042
4986	4981	5042
4981	5019	5042
5019	5025	5042
5025	5030	5042
5025	5019	5030
5019	4952	5030
4952	4968	5030
4952	4932	4968
4932	4926	4968
4926	4933	4968
4933	4945	4968
4933	4885	4945
4885	4832	4945
4832	4845	4945
4832	4836	4845
4836	4807	4845
4836	4773	4807
4836	4832	4773
4832	4802	4773
4832	4846	4802
4832	4858	4846
4858	4885	4846
4858	4832	4885
4933	4926	4885
5019	4978	4952
4978	4955	4952
4955	4893	4952
4955	4882	4893
4882	4856	4893
4882	4835	4856
4882	4861	4835
4861	4767	4835
4767	4761	4835
4767	4652	4761
4882	4922	4861
4922	4909	4861
4909	4923	4861
4909	4940	4923
4940	4976	4923
4976	4953	4923
4976	4991	4953
4991	4996	4953
4991	5067	4996
5067	5093	4996
5093	4990	4996
4990	4957	4996
4990	4961	4957
4961	4864	4957
4864	4913	4957
4961	4906	4864
4906	4806	4864
4806	4810	4864
4906	4880	4806
4880	4751	4806
4906	4961	4880
4961	4960	4880
4960	4859	4880
4960	4944	4859
4944	4895	4859
4944	4966	4895
4966	4896	4895
4966	4946	4896
4946	4938	4896
4946	4992	4938
4992	4977	4938
4977	4897	4938
4977	4965	4897
4965	4943	4897
4943	4812	4897
4943	4917	4812
4943	5031	4917
4943	4965	5031
4965	5000	5031
5000	5061	5031
5061	5075	5031
5075	5051	5031
5051	4975	5031
5051	5037	4975
5037	4982	4975
4982	4914	4975
4914	4941	4975
4941	4888	4975
4888	4917	4975
4888	4871	4917
4888	4847	4871
4847	4787	4871
4787	4757	4871
4888	4894	4847
4894	4822	4847
4894	4857	4822
4857	4782	4822
4782	4772	4822
4782	4766	4772
4766	4732	4772
4766	4681	4732
4681	4655	4732
4681	4601	4655
4601	4575	4655
4601	4525	4575
4525	4532	4575
4681	4721	4601
4721	4717	4601
4721	4744	4717
4744	4777	4717
4777	4713	4717
4777	4764	4713
4764	4714	4713
4714	4690	4713
4690	4614	4713
4614	4594	4713
4614	4590	4594
4590	4475	4594
4475	4522	4594
4475	4436	4522
4436	4497	4522
4497	4525	4522
4497	4431	4525
4497	4436	4431
4436	4377	4431
4377	4314	4431
4590	4559	4475
4590	4593	4559
4590	4614	4593
4614	4661	4593
4661	4626	4593
4626	4539	4593
4626	4642	4539
4642	4641	4539
4641	4571	4539
4641	4665	4571
4665	4651	4571
4651	4591	4571
4591	4543	4571
4591	4567	4543
4567	4498	4543
4567	4454	4498
4454	4439	4498
4439	4366	4498
4366	4335	4498
4366	4345	4335
4345	4291	4335
4345	4308	4291
4345	4366	4308
4366	4439	4308
4439	4374	4308
4374	4233	4308
4374	4270	4233
4270	4177	4233
4270	4133	4177
4133	4078	4177
4133	4082	4078
4082	4001	4078
4082	3916	4001
3916	3904	4001
4082	3981	3916
3981	3935	3916
3935	3808	3916
3935	3877	3808
3877	3807	3808
3807	3715	3808
3715	3754	3808
3877	3854	3807
3877	3937	3854
3937	3888	3854
3888	3809	3854
3888	3806	3809
3888	3842	3806
3888	3843	3842
3888	4010	3843
4010	3920	3843
4010	4006	3920
4006	3933	3920
3933	3862	3920
3933	3875	3862
3933	3975	3875
3975	3956	3875
3975	4029	3956
3975	4067	4029
4067	4148	4029
4148	4049	4029
4049	3990	4029
4049	4041	3990
4041	3938	3990
4148	4188	4049
4067	4094	4148
4094	4189	4148
4189	4282	4148
4189	4201	4282
4201	4329	4282
4329	4318	4282
4318	4331	4282
4318	4373	4331
4373	4420	4331
4420	4337	4331
4337	4311	4331
4311	4207	4331
4207	4188	4331
4207	4200	4188
4200	4185	4188
4200	4229	4185
4229	4149	4185
4229	4160	4149
4229	4259	4160
4259	4135	4160
4259	4218	4135
4218	4108	4135
4259	4310	4218
4259	4293	4310
4293	4300	4310
4293	4229	4300
4229	4311	4300
4229	4200	4311
4200	4207	4311
4293	4259	4229
4337	4419	4311
4337	4420	4419
4420	4484	4419
4484	4471	4419
4471	4422	4419
4471	4442	4422
4442	4391	4422
4391	4310	4422
4442	4443	4391
4443	4464	4391
4443	4488	4464
4488	4470	4464
4488	4526	4470
4488	4542	4526
4542	4556	4526
4542	4677	4556
4677	4606	4556
4677	4709	4606
4677	4695	4709
4695	4763	4709
4763	4750	4709
4763	4825	4750
4825	4743	4750
4825	4715	4743
4715	4674	4743
4715	4673	4674
4673	4561	4674
4561	4562	4674
4673	4541	4561
4541	4511	4561
4673	4687	4541
4687	4599	4541
4687	4669	4599
4687	4724	4669
4687	4765	4724
4765	4786	4724
4786	4792	4724
4786	4851	4792
4851	4865	4792
4865	4814	4792
4865	4831	4814
4865	4931	4831
4931	4815	4831
4931	4876	4815
4931	4929	4876
4929	4920	4876
4920	4850	4876
4920	4928	4850
4929	4984	4920
4929	4931	4984
4931	5010	4984
4931	4939	5010
4939	5023	5010
5023	5080	5010
5023	5036	5080
5036	5094	5080
5094	5113	5080
5113	5090	5080
5113	5105	5090
5105	5097	5090
5097	5068	5090
5097	5078	5068
5078	5071	5068
5071	5034	5068
5097	5120	5078
5120	5115	5078
5120	5129	5115
5129	5101	5115
5101	5088	5115
5101	5082	5088
5101	5077	5082
5101	5106	5077
5101	5121	5106
5120	5142	5129
5142	5147	5129
5147	5148	5129
5148	5139	5129
5139	5132	5129
5139	5134	5132
5139	5138	5134
5139	5137	5138
5137	5131	5138
5131	5123	5138
5123	5128	5138
5123	5100	5128
5100	5089	5128
5089	5070	5128
5070	5086	5128
5086	5116	5128
5116	5144	5128
5144	5134	5128
5116	5143	5144
5116	5109	5143
5109	5122	5143
5122	5145	5143
5145	5141	5143
5145	5146	5141
5146	5133	5141
5133	5114	5141
5114	5102	5141
5114	5096	5102
5096	5091	5102
5096	5044	5091
5044	5053	5091
5044	5008	5053
5044	4974	5008
4974	4916	5008
4974	4937	4916
4974	4970	4937
4970	4959	4937
4959	4899	4937
4959	4904	4899
4904	4881	4899
4904	4878	4881
4970	4999	4959
4970	5044	4999
5044	5009	4999
5044	5033	5009
5044	5057	5033
5044	5096	5057
5096	5062	5057
4970	4974	5044
5133	5126	5114
5133	5125	5126
5133	5136	5125
5136	5117	5125
5136	5118	5117
5118	5085	5117
5085	5072	5117
5085	5054	5072
5054	5016	5072
5016	5032	5072
5032	5073	5072
5032	5049	5073
5016	5001	5032
5001	4986	5032
5001	4940	4986
4940	4956	4986
4956	4981	4986
4956	4955	4981
4955	4978	4981
4978	5019	4981
4956	4922	4955
4922	4882	4955
4956	4909	4922
4956	4940	4909
5001	5016	4940
5016	4976	4940
5016	5017	4976
5017	4991	4976
5017	5028	4991
5028	5067	4991
5028	5054	5067
5054	5085	5067
5085	5110	5067
5110	5093	5067
5110	5124	5093
5124	5122	5093
5122	5087	5093
5087	5026	5093
5026	4990	5093
5026	4961	4990
5026	5004	4961
5004	4960	4961
5004	5047	4960
5047	4989	4960
4989	4944	4960
4989	4966	4944
4989	5003	4966
5003	4992	4966
4992	4946	4966
5003	5050	4992
5050	5027	4992
5027	5000	4992
5000	4977	4992
5000	4965	4977
5027	5061	5000
5027	5074	5061
5074	5108	5061
5108	5075	5061
5108	5119	5075
5119	5107	5075
5107	5051	5075
5107	5083	5051
5083	5037	5051
5083	5013	5037
5013	4982	5037
5013	5011	4982
5011	4969	4982
4969	4942	4982
4942	4914	4982
4942	4930	4914
4930	4867	4914
4867	4782	4914
4782	4857	4914
4857	4918	4914
4918	4941	4914
4918	4894	4941
4894	4888	4941
4918	4857	4894
4930	4969	4867
4969	4902	4867
4902	4838	4867
4838	4777	4867
4777	4744	4867
4838	4827	4777
4827	4764	4777
4827	4837	4764
4837	4791	4764
4791	4718	4764
4718	4719	4764
4719	4714	4764
4719	4690	4714
4719	4661	4690
4661	4614	4690
4719	4718	4661
4718	4642	4661
4642	4626	4661
4718	4654	4642
4654	4641	4642
4654	4680	4641
4680	4699	4641
4699	4665	4641
4699	4711	4665
4711	4658	4665
4658	4645	4665
4645	4651	4665
4645	4591	4651
4658	4583	4645
4658	4676	4583
4676	4688	4583
4688	4545	4583
4545	4520	4583
4545	4480	4520
4480	4465	4520
4465	4374	4520
4374	4454	4520
4374	4439	4454
4465	4347	4374
4347	4279	4374
4279	4270	4374
4279	4257	4270
4257	4133	4270
4279	4347	4257
4347	4380	4257
4380	4248	4257
4248	4220	4257
4220	4191	4257
4220	4209	4191
4209	4178	4191
4178	4055	4191
4178	4087	4055
4087	4066	4055
4066	4010	4055
4010	4017	4055
4017	3997	4055
3997	4053	4055
3997	3979	4053
3979	3981	4053
3981	4082	4053
3979	3935	3981
3979	3877	3935
3979	3997	3877
3997	3937	3877
3997	3948	3937
3948	3888	3937
3948	4010	3888
3948	4017	4010
3948	3997	4017
4066	4006	4010
4066	4094	4006
4094	4067	4006
4067	3975	4006
3975	3933	4006
4066	4087	4094
4087	4189	4094
4087	4201	4189
4087	4190	4201
4190	4260	4201
4260	4329	4201
4190	4209	4260
4209	4248	4260
4248	4380	4260
4209	4220	4248
4190	4178	4209
4190	4087	4178
4347	4414	4380
4347	4465	4414
4465	4480	4414
4480	4494	4414
4480	4545	4494
4545	4566	4494
4566	4549	4494
4549	4507	4494
4507	4409	4494
4507	4496	4409
4496	4420	4409
4420	4373	4409
4373	4329	4409
4373	4318	4329
4496	4484	4420
4496	4564	4484
4564	4471	4484
4564	4544	4471
4544	4501	4471
4501	4442	4471
4501	4443	4442
4501	4488	4443
4501	4528	4488
4528	4535	4488
4535	4542	4488
4535	4570	4542
4570	4662	4542
4662	4677	4542
4662	4695	4677
4662	4701	4695
4701	4763	4695
4701	4785	4763
4785	4833	4763
4785	4872	4833
4872	4839	4833
4839	4854	4833
4854	4848	4833
4854	4884	4848
4884	4860	4848
4860	4825	4848
4825	4763	4848
4860	4759	4825
4759	4715	4825
4759	4687	4715
4687	4673	4715
4759	4765	4687
4759	4828	4765
4828	4786	4765
4828	4852	4786
4852	4851	4786
4852	4924	4851
4924	4921	4851
4921	4915	4851
4915	4865	4851
4915	4931	4865
4915	4939	4931
4915	4921	4939
4921	4980	4939
4980	5023	4939
4980	5002	5023
5002	5036	5023
5002	5022	5036
5022	5040	5036
5040	5066	5036
5066	5094	5036
5066	5098	5094
5098	5103	5094
5103	5113	5094
5103	5104	5113
5104	5127	5113
5127	5140	5113
5140	5105	5113
5140	5120	5105
5120	5097	5105
5140	5142	5120
5140	5147	5142
5140	5127	5147
5127	5148	5147
5127	5107	5148
5107	5119	5148
5119	5137	5148
5137	5139	5148
5119	5131	5137
5119	5108	5131
5108	5123	5131
5108	5100	5123
5108	5074	5100
5074	5089	5100
5074	5027	5089
5027	5050	5089
5050	5070	5089
5050	5069	5070
5069	5086	5070
5069	5059	5086
5059	5116	5086
5059	5109	5116
5059	5047	5109
5047	5043	5109
5043	5087	5109
5087	5122	5109
5043	5026	5087
5043	5004	5026
5043	5047	5004
5059	4989	5047
5059	5003	4989
5059	5069	5003
5069	5050	5003
5127	5104	5107
5104	5083	5107
5104	5081	5083
5081	5013	5083
5081	5011	5013
5081	5012	5011
5012	4969	5011
5012	5006	4969
5006	4988	4969
4988	4950	4969
4950	4902	4969
4950	4889	4902
4889	4838	4902
4889	4827	4838
4889	4855	4827
4855	4837	4827
4855	4910	4837
4910	4862	4837
4862	4840	4837
4840	4791	4837
4840	4789	4791
4789	4776	4791
4776	4718	4791
4776	4700	4718
4700	4654	4718
4700	4680	4654
4700	4697	4680
4697	4699	4680
4697	4749	4699
4749	4711	4699
4749	4738	4711
4738	4658	4711
4738	4716	4658
4716	4676	4658
4716	4688	4676
4716	4691	4688
4691	4668	4688
4668	4566	4688
4566	4545	4688
4668	4549	4566
4668	4623	4549
4623	4588	4549
4588	4507	4549
4588	4496	4507
4588	4564	4496
4588	4624	4564
4624	4584	4564
4584	4544	4564
4584	4570	4544
4570	4528	4544
4528	4501	4544
4570	4535	4528
4584	4650	4570
4650	4662	4570
4650	4692	4662
4692	4701	4662
4692	4756	4701
4756	4794	4701
4794	4785	4701
4794	4826	4785
4826	4872	4785
4826	4849	4872
4849	4840	4872
4840	4870	4872
4870	4877	4872
4877	4839	4872
4877	4854	4839
4877	4892	4854
4892	4886	4854
4886	4925	4854
4925	4884	4854
4925	4935	4884
4935	4883	4884
4883	4860	4884
4883	4828	4860
4828	4759	4860
4883	4852	4828
4883	4905	4852
4905	4924	4852
4905	4949	4924
4949	4980	4924
4980	4921	4924
4949	5002	4980
4949	5022	5002
4949	4947	5022
4947	5014	5022
5014	5040	5022
4947	4962	5014
4947	4892	4962
4892	4877	4962
4877	4910	4962
4877	4862	4910
4877	4870	4862
4870	4840	4862
4947	4886	4892
4947	4925	4886
4947	4935	4925
4947	4949	4935
4949	4905	4935
4905	4883	4935
4849	4842	4840
4842	4789	4840
4842	4834	4789
4834	4776	4789
4834	4796	4776
4796	4749	4776
4749	4700	4776
4749	4697	4700
4796	4738	4749
4796	4798	4738
4798	4716	4738
4798	4779	4716
4779	4691	4716
4779	4733	4691
4733	4668	4691
4733	4672	4668
4672	4623	4668
4672	4638	4623
4638	4624	4623
4624	4588	4623
4638	4650	4624
4650	4584	4624
4638	4692	4650
4638	4712	4692
4712	4756	4692
4712	4731	4756
4731	4790	4756
4790	4826	4756
4826	4794	4756
4790	4849	4826
4790	4834	4849
4834	4842	4849
4790	4798	4834
4798	4796	4834
4790	4779	4798
4790	4733	4779
4790	4731	4733
4731	4702	4733
4702	4672	4733
4702	4638	4672
4702	4731	4638
4731	4712	4638
4988	4993	4950
4988	5046	4993
5046	5055	4993
5055	5063	4993
5063	5066	4993
5066	5040	4993
5063	5079	5066
5079	5098	5066
5079	5103	5098
5079	5104	5103
5079	5081	5104
5079	5046	5081
5046	5012	5081
5046	5006	5012
5046	4988	5006
5079	5055	5046
5079	5063	5055
4930	4942	4969
5124	5145	5122
5124	5136	5145
5136	5146	5145
5136	5133	5146
5124	5118	5136
5124	5110	5118
5110	5085	5118
5028	5017	5054
5017	5016	5054
4721	4782	4744
4721	4766	4782
4721	4681	4766
4734	4653	4751
4954	4948	4987
4948	4973	4987
4948	4919	4973
4919	4972	4973
4919	4971	4972
4919	4912	4971
4912	4994	4971
4912	4985	4994
4985	5021	4994
5021	5041	4994
4985	5007	5021
5007	5035	5021
4985	4908	5007
4908	4911	5007
4985	4912	4908
4912	4875	4908
4912	4841	4875
4841	4829	4875
4841	4797	4829
4797	4774	4829
4912	4919	4841
4919	4830	4841
4919	4874	4830
4874	4784	4830
4784	4725	4830
4784	4707	4725
4707	4600	4725
4784	4747	4707
4784	4819	4747
4819	4752	4747
4819	4820	4752
4819	4891	4820
4819	4934	4891
4819	4874	4934
4874	4954	4934
4874	4948	4954
4874	4919	4948
4819	4784	4874
4660	4627	4667
4660	4579	4627
4660	4611	4579
4611	4573	4579
4611	4649	4573
4649	4631	4573
4631	4499	4573
4631	4596	4499
4596	4502	4499
4611	4660	4649
4679	4634	4704
3537	3484	3589
3537	3480	3484
3480	3386	3484
3386	3429	3484
3429	3391	3484
3480	3454	3386
3480	3537	3454
3063	3215	3139
3215	3273	3139
3273	3218	3139
3273	3422	3218
3273	3305	3422
3305	3400	3422
3400	3510	3422
3510	3482	3422
3510	3584	3482
3584	3525	3482
3510	3594	3584
3273	3215	3305
3087	3164	3263
3164	3295	3263
3295	3383	3263
3383	3410	3263
3410	3340	3263
3410	3352	3340
3410	3466	3352
3164	3206	3295
3206	3316	3295
3206	3336	3316
3089	3212	3249
3099	3204	3196
3196	3171	3099
3171	3086	3099
3086	3037	3099
3107	3186	3188
3107	3229	3186
3229	3365	3186
3365	3266	3186
3266	3188	3186
3266	3148	3188
3148	3107	3188
3266	3197	3148
3266	3320	3197
3365	3489	3266
3365	3433	3489
3365	3416	3433
3416	3601	3433
3365	3229	3416
3229	3385	3416
3385	3488	3416
3111	3154	3141
3154	3269	3141
3154	3193	3269
3154	3165	3193
3116	3172	3159
3172	3281	3159
3281	3290	3159
3117	3283	3211
3283	3315	3211
3283	3479	3315
3283	3452	3479
3452	3549	3479
3549	3547	3479
3549	3632	3547
3632	3780	3547
3632	3793	3780
3632	3635	3793
3632	3549	3635
3452	3346	3549
3346	3502	3549
3452	3301	3346
3301	3190	3346
3452	3302	3301
3452	3283	3302
3136	3287	3244
3244	3042	3136
3042	3054	3136
3287	3300	3244
3300	3319	3244
3319	3277	3244
3319	3329	3277
3319	3453	3329
3319	3300	3453
3300	3392	3453
3300	3287	3392
3287	3396	3392
3396	3536	3392
3536	3585	3392
3536	3758	3585
3396	3516	3536
3178	3257	3235
3257	3298	3235
3298	3276	3235
3276	3126	3235
3126	3178	3235
3276	3254	3126
3298	3372	3276
3298	3428	3372
3428	3519	3372
3519	3455	3372
3519	3551	3455
3551	3550	3455
3550	3444	3455
3444	3254	3455
3444	3272	3254
3551	3686	3550
3686	3774	3550
3774	3650	3550
3774	3734	3650
3734	3724	3650
3734	3799	3724
3551	3519	3686
3428	3528	3519
3298	3412	3428
3183	3202	3267
3183	2946	3202
3202	3234	3267
3187	3242	3258
3189	3207	3198
3198	3120	3189
3198	3175	3120
3198	3207	3175
3189	3354	3207
3201	3309	3285
3208	3420	3334
3420	3388	3334
3217	3366	3261
3217	3367	3366
3217	3343	3367
3228	3341	3230
3228	3314	3341
3314	3380	3341
3380	3425	3341
3425	3289	3341
3425	3431	3289
3425	3526	3431
3425	3497	3526
3425	3512	3497
3425	3380	3512
3243	3331	3384
3331	3552	3384
3552	3560	3384
3246	3381	3406
3246	3390	3381
3390	3517	3381
3390	3377	3517
3251	3363	3325
3325	3326	3251
3326	3231	3251
3325	3363	3326
3265	3313	3457
3268	3374	3284
3374	3423	3284
3279	3418	3293
3280	3322	3344
3280	3403	3322
3403	3364	3322
3364	3344	3322
3294	3449	3477
3303	3324	3378
3378	3349	3303
3378	3534	3349
3378	3545	3534
3545	3588	3534
3588	3619	3534
3588	3579	3619
3579	3628	3619
3579	3545	3628
3579	3588	3545
3310	3323	3411
3323	3461	3411
3323	3375	3461
3333	3458	3442
3342	3456	3371
3342	3527	3456
3456	3430	3371
3430	3393	3371
3430	3434	3393
3434	3355	3393
3434	3412	3355
3434	3501	3412
3434	3430	3501
3348	3474	3505
3360	3500	3373
3360	3388	3500
3387	3491	3609
3609	3557	3387
3609	3614	3557
3614	3553	3557
3614	3700	3553
3700	3718	3553
3718	3615	3553
3718	3682	3615
3682	3638	3615
3638	3459	3615
3682	3846	3638
3682	3787	3846
3682	3718	3787
3718	3782	3787
3782	3934	3787
3934	3947	3787
3934	3976	3947
3976	4128	3947
3976	4089	4128
4089	4170	4128
3976	3934	4089
3718	3700	3782
3700	3840	3782
3700	3614	3840
3614	3738	3840
3614	3609	3738
3609	3769	3738
3407	3486	3440
3486	3509	3440
3509	3421	3440
3509	3468	3421
3450	3618	3541
3618	3669	3541
3450	3561	3618
3450	3494	3561
3462	3470	3503
3503	3596	3462
3596	3577	3462
3503	3648	3596
3648	3673	3596
3473	3605	3659
3473	3489	3605
3473	3320	3489
3473	3304	3320
3659	3662	3473
3662	3530	3473
3659	3836	3662
3492	3524	3681
3524	3676	3681
3676	3749	3681
3749	3672	3681
3672	3492	3681
3672	3538	3492
3676	3759	3749
3759	3777	3749
3759	3865	3777
3495	3578	3574
3574	3624	3495
3624	3507	3495
3507	3472	3495
3472	3578	3495
3624	3642	3507
3642	3623	3507
3578	3752	3574
3499	3646	3546
3515	3558	3665
3665	3690	3515
3665	3771	3690
3771	3717	3690
3771	3801	3717
3801	3829	3717
3523	3581	3599
3523	3453	3581
3453	3649	3581
3649	3658	3581
3453	3585	3649
3543	3620	3640
3567	3580	3606
3580	3675	3606
3580	3713	3675
3568	3670	3657
3575	3598	3655
3575	3559	3598
3595	3636	3664
3597	3674	3741
3604	3653	3616
3604	3647	3653
3604	3552	3647
3621	3684	3735
3630	3747	3727
3727	3636	3630
3639	3692	3755
3755	3835	3639
3755	3984	3835
3984	3885	3835
3885	3772	3835
3885	3853	3772
3853	3828	3772
3853	4021	3828
3853	3963	4021
3963	4000	4021
4000	4144	4021
4000	4031	4144
4031	4268	4144
4031	4231	4268
4231	4357	4268
4031	4157	4231
4157	4371	4231
4031	3969	4157
3969	4093	4157
4031	3984	3969
3984	3755	3969
4031	3885	3984
4031	4000	3885
4000	3963	3885
3963	3853	3885
3639	3517	3692
3517	3487	3692
3639	3520	3517
3520	3521	3517
3641	3763	3705
3763	3946	3705
3946	3794	3705
3946	3918	3794
3946	4040	3918
3946	4080	4040
3763	3848	3946
3652	3783	3784
3652	3694	3783
3694	3810	3783
3810	3861	3783
3861	3908	3783
3908	3784	3783
3908	3831	3784
3831	3770	3784
3831	3883	3770
3831	3950	3883
3950	3936	3883
3936	3895	3883
3861	3932	3908
3932	4019	3908
3861	3810	3932
3810	3870	3932
3870	4016	3932
4016	4039	3932
3660	3811	3757
3757	3687	3660
3757	3736	3687
3757	3817	3736
3757	3871	3817
3871	3925	3817
3871	4013	3925
3871	3989	4013
3989	4141	4013
4141	4136	4013
3871	3811	3989
3811	3841	3989
3811	3792	3841
3811	3660	3792
3871	3757	3811
3677	3880	3824
3880	3954	3824
3689	3838	3864
3691	3827	3786
3703	3820	3818
3820	3845	3818
3710	3742	3737
3737	3851	3710
3737	3790	3851
3737	3742	3790
3712	3825	3748
3825	3859	3748
3825	3970	3859
3970	4015	3859
4015	3910	3859
3970	4028	4015
3970	4070	4028
3716	3753	3725
3753	3878	3725
3753	3951	3878
3719	3728	3791
3791	3781	3719
3791	3863	3781
3863	3852	3781
3720	3879	3945
3720	3819	3879
3762	3764	3798
3798	3731	3762
3816	3973	3839
3973	3919	3839
3919	3923	3839
3919	4044	3923
4044	4052	3923
4052	3929	3923
4052	4058	3929
4052	4096	4058
4096	4208	4058
4052	4044	4096
3822	3881	3913
3881	3993	3913
3993	4038	3913
4038	4026	3913
4038	4121	4026
4121	4085	4026
4085	3911	4026
3993	4167	4038
3993	4005	4167
3993	3881	4005
3881	3890	4005
3890	3965	4005
3965	3999	4005
3999	4114	4005
3999	4122	4114
4122	4164	4114
3965	3958	3999
3965	3890	3958
3837	3855	3884
3855	4064	3884
3873	3966	4023
3966	4027	4023
3894	4060	3902
4060	3941	3902
3941	3901	3902
3894	3971	4060
3894	3925	3971
3899	3977	3900
3977	4068	3900
3977	4137	4068
4137	4212	4068
3977	4119	4137
3905	3995	3930
3930	3880	3905
3995	4117	3930
4117	4101	3930
3926	4009	4051
4009	4057	4051
4051	3939	3926
4051	4018	3939
3927	3943	3985
3953	4061	3994
4061	4099	3994
4099	4129	3994
3955	4077	4092
4077	4147	4092
4147	4173	4092
4077	4069	4147
4077	3955	4069
3957	3967	4127
4127	4104	3957
4127	4210	4104
3959	4036	4106
4036	4161	4106
4036	4072	4161
4072	4153	4161
4153	4262	4161
4153	4168	4262
4168	4344	4262
4168	4368	4344
4368	4398	4344
4398	4456	4344
4168	4278	4368
4153	4116	4168
4116	4086	4168
4086	4047	4168
4086	4030	4047
4116	4072	4086
4116	4153	4072
3974	4098	4213
3987	4014	4045
4014	4197	4045
4014	4138	4197
4138	4280	4197
4138	4292	4280
4014	4109	4138
4109	4226	4138
4109	4050	4226
4050	4232	4226
4050	4242	4232
4242	4385	4232
4242	4258	4385
4024	4037	4102
4033	4222	4227
4227	4223	4033
4042	4299	4162
4299	4275	4162
4275	4234	4162
4275	4274	4234
4275	4350	4274
4350	4269	4274
4269	4179	4274
4275	4388	4350
4275	4455	4388
4299	4404	4275
4042	4255	4299
4042	4238	4255
4238	4349	4255
4238	4277	4349
4277	4340	4349
4277	4266	4340
4042	4124	4238
4063	4139	4252
4139	4265	4252
4139	4261	4265
4252	4163	4063
4112	4154	4181
4154	4216	4181
4216	4356	4181
4356	4358	4181
4132	4140	4267
4150	4302	4159
4155	4246	4239
4246	4399	4239
4399	4400	4239
4400	4301	4239
4158	4236	4186
4165	4251	4287
4251	4339	4287
4251	4199	4339
4166	4240	4219
4174	4352	4376
4352	4434	4376
4352	4482	4434
4482	4552	4434
4482	4612	4552
4612	4628	4552
4612	4585	4628
4612	4428	4585
4428	4560	4585
4428	4458	4560
4458	4466	4560
4458	4425	4466
4425	4254	4466
4425	4394	4254
4394	4316	4254
4394	4428	4316
4428	4482	4316
4482	4296	4316
4482	4352	4296
4428	4612	4482
4394	4458	4428
4394	4425	4458
4183	4313	4206
4192	4273	4322
4273	4370	4322
4370	4476	4322
4273	4217	4370
4322	4320	4192
4244	4317	4286
4317	4437	4286
4315	4389	4472
4390	4451	4463
4411	4509	4477
4509	4565	4477
4565	4551	4477
4415	4423	4505
4423	4516	4505
4440	4506	4444
4506	4509	4444
4467	4615	4517
4615	4607	4517
4467	4472	4615
4472	4633	4615
4473	4558	4474
4555	4574	4603
4555	4598	4574
4621	4643	4666
4643	4737	4666
4737	4780	4666
4643	4729	4737
4622	4646	4693
1	20	27
20	53	27
20	26	53
1	4	20
61	40	32
61	73	40
73	39	40
155	148	125
155	206	148
206	171	148
155	274	206
155	188	274
188	303	274
188	269	303
269	360	303
173	201	234
173	134	201
134	112	201
112	102	201
102	160	201
408	510	386
662	693	629
144	190	179
49	90	86
31	8	49
8	42	49
31	21	8
25	9	21
25	43	9
43	2	9
43	11	2
43	37	11
46	44	42
847	742	828
742	731	828
731	719	828
1818	1851	1946
1146	1208	1273
1146	1042	1208
1104	1231	1039
85	52	81
52	73	81
80	276	212
705	845	793
705	699	845
1030	840	986
1953	1882	1839
1041	861	922
631	638	771
638	706	771
706	736	771
631	599	638
500	599	546
461	533	462
1670	1748	1705
1670	1618	1748
1618	1585	1748
1585	1657	1748
1618	1575	1585
996	1012	924
996	1081	1012
996	1198	1081
455	494	506
494	566	506
494	605	566
618	796	644
657	668	543
710	648	637
648	581	637
581	585	637
1007	868	1102
1007	873	868
780	862	713
911	1068	868
1479	1615	1432
1615	1412	1432
1479	1689	1615
1479	1751	1689
724	875	893
975	1123	932
1170	1064	935
1064	958	935
1170	1238	1064
968	987	1072
1169	1026	1134
1169	826	1026
1169	988	826
988	912	826
1481	1349	1277
2429	2454	2615
2377	2182	2425
2182	2395	2425
2395	2513	2425
2182	2255	2395
2128	1870	1948
1101	1293	1281
1101	1167	1293
1228	1354	1185
1611	1741	1766
1741	1859	1766
1741	1765	1859
1765	2031	1859
1765	1881	2031
1741	1499	1765
1741	1452	1499
1741	1501	1452
1313	1127	1230
1632	1446	1450
1632	1758	1446
1564	1627	1471
1276	1200	1340
1860	2170	1886
1469	1470	1326
1470	1274	1326
1469	1529	1470
1529	1664	1470
1604	1372	1364
1604	1539	1372
1604	1737	1539
1598	1801	1604
1598	1732	1801
1603	1414	1681
1414	1645	1681
1645	1836	1681
1655	1630	1586
1563	1297	1537
1676	1827	1587
2437	2220	2355
2644	2881	2621
2526	2611	2641
2611	2756	2641
1746	1802	1725
1669	1644	1683
1669	1635	1644
1867	2050	2006
1867	1925	2050
2041	2076	2140
2076	2365	2140
1978	1753	1899
1753	1865	1899
2628	2488	2558
2628	2416	2488
2416	2367	2488
3225	3251	3067
3711	3821	3612
3821	3566	3612
3711	3773	3821
3688	3826	3814
3826	3957	3814
3957	4104	3814
3688	3729	3826
3688	3590	3729
1889	1871	1861
2193	2483	2212
2193	2357	2483
2243	2477	2357
2243	2470	2477
2194	2012	2243
2061	2009	2012
2403	2407	2314
2403	2481	2407
2403	2645	2481
2403	2647	2645
2647	2703	2645
2703	2932	2645
2647	2696	2703
2492	2818	2569
2380	2300	2492
2380	2205	2300
2380	2153	2205
2791	2761	2562
2791	2913	2761
2947	3182	2913
3182	3131	2913
2825	2948	2860
2954	3117	3043
3117	3211	3043
2882	3147	3035
3147	3190	3035
3190	3117	3035
3190	3301	3117
2882	2883	3147
2883	2922	3147
2922	3183	3147
2922	2946	3183
2965	3202	2946
2965	3234	3202
2965	3240	3234
3240	3304	3234
3304	3493	3234
3493	3267	3234
3304	3530	3493
3304	3473	3530
2965	3017	3240
2846	3148	2887
3148	3017	2887
3148	3197	3017
2846	3005	3148
3005	3107	3148
2594	2299	2573
2299	2303	2573
2303	2493	2573
2594	2362	2299
2090	2242	2156
2088	2012	2079
2331	2411	2264
2203	2230	2331
2200	2224	2165
2536	2605	2732
2605	2805	2732
2536	2405	2605
2405	2455	2605
2405	2389	2455
3062	3022	2940
3062	3210	3022
3210	3286	3022
3286	3213	3022
2551	2450	2411
2551	2616	2450
2978	3120	3175
2949	3040	3109
3040	3162	3109
2681	2677	2911
2677	2945	2911
2677	2895	2945
2672	2741	2696
2658	2623	2724
2769	2849	2803
2942	2982	2817
2982	2902	2817
2942	3074	2982
2917	2760	2921
2935	2811	2917
2811	2589	2917
3080	3097	2977
3042	3277	3023
3042	3244	3277
2881	3054	3042
2850	2584	2819
2584	2772	2819
2772	2950	2819
3155	3178	2915
3178	2904	2915
3038	2767	2971
3038	3045	2767
3706	3959	3656
3706	4036	3959
3706	4072	4036
3706	4030	4072
4030	4086	4072
3706	3884	4030
3706	3631	3884
3631	3657	3884
3657	3837	3884
3657	3670	3837
3631	3568	3657
3231	3326	3424
3443	3485	3237
3626	3677	3608
3626	3880	3677
3626	3905	3880
3626	3750	3905
3047	2803	3027
3047	2950	2803
3800	3743	3745
4354	4492	4333
4995	4903	4907
4995	5029	4903
5029	4967	4903
4967	4816	4903
4816	4778	4903
4235	3918	4237
3918	4040	4237
4040	4080	4237
4235	4020	3918
4235	4084	4020
4723	4753	4781
4753	4873	4781
4873	4890	4781
4963	4958	4873
4958	4898	4873
4997	4958	5018
4730	4809	4633
4809	4615	4633
4809	4866	4615
4800	4684	4795
4521	4722	4489
4722	4696	4489
4696	4548	4489
4696	4609	4548
4256	4175	4284
4256	4309	4175
4530	4309	4447
4530	4508	4309
4508	4363	4309
4900	5035	4911
5035	5007	4911
4900	5048	5035
4900	5045	5048
4900	4983	5045
5111	5112	5060
5031	4975	4917
4601	4717	4525
4717	4594	4525
4594	4522	4525
4148	4282	4188
4282	4331	4188
4300	4422	4310
4300	4419	4422
4300	4311	4419
5010	5034	4984
5010	5068	5034
5010	5090	5068
5010	5080	5090
5078	5115	5071
5115	5088	5071
5101	5129	5121
5129	5132	5121
5132	5130	5121
5132	5134	5130
4867	4744	4782
4257	4082	4133
4257	4053	4082
4257	4191	4053
4191	4055	4053
4414	4329	4380
4414	4494	4329
4494	4409	4329
4962	4993	5014
4962	4910	4993
4910	4889	4993
4889	4950	4993
4910	4855	4889
3305	3215	3400
3295	3316	3383
3266	3489	3320
3488	3678	3416
3479	3547	3315
3547	3582	3315
3635	3645	3793
3392	3585	3453
3516	3602	3536
3420	3674	3388
3674	3500	3388
3674	3597	3500
3420	3582	3674
3331	3311	3552
3311	3395	3552
3605	3836	3659
3605	3913	3836
3605	3822	3913
3605	3601	3822
3946	3848	4080
3848	4130	4080
3848	4106	4130
4106	4183	4130
4106	4351	4183
4106	4161	4351
3848	3959	4106
3851	3684	3710
4005	4114	4167
4278	4301	4368
4213	4155	3974
4213	4246	4155
4165	4199	4251
4313	4307	4206
4390	4303	4451
