280.567171 225.549115 33.602758 255 0 0
291.902841 214.976467 40.128709 255 0 0
304.325274 205.770662 46.646774 255 0 0
317.834469 197.931699 53.156955 255 0 0
332.430427 191.459577 59.659250 255 0 0
348.113149 186.354297 66.153661 255 0 0
364.882633 182.615860 72.640186 255 0 0
382.738880 180.244264 79.118825 255 0 0
401.681890 179.239510 85.589580 0 255 0
381.829324 180.004173 96.293277 0 255 0
363.211379 182.321640 106.988016 0 255 0
345.828052 186.191911 117.673797 0 255 0
329.679346 191.614986 128.350620 0 255 0
314.765260 198.590866 139.018485 0 255 0
301.085793 207.119550 149.677392 0 255 0
288.640946 217.201038 160.327341 0 255 0
277.430718 228.835331 170.968332 0 255 0
