3.098484372745696760e+02 1.887442673431427522e+02 1.648101012885827004e+02
3.147454593805249488e+02 1.766167931328136831e+02 1.538289350158038076e+02
3.227148160735301303e+02 1.661465559386271309e+02 1.420649375394998231e+02
3.270490580303700767e+02 1.608882458493488627e+02 1.065296402446190882e+02
3.406049216977123706e+02 1.527141333918700923e+02 9.581195250045777811e+01
3.480765864388912405e+02 1.439678614726100534e+02 7.731434910965913332e+01
3.686772005000979675e+02 1.394343415356904927e+02 6.535048203223794872e+01
3.682109183169549169e+02 1.662251129097880664e+02 3.294252542185336097e+01
3.603323044039395882e+02 1.808088399177617305e+02 3.068815393051062301e+01
3.515233840387853093e+02 1.936952991405679256e+02 3.278707673768633413e+01
3.360720582604963056e+02 2.049912291555658328e+02 2.971805548267849417e+01
3.266746863928090647e+02 2.154881533587345359e+02 3.910175055568663538e+01
3.144515291913194801e+02 2.274096168534779565e+02 3.905204014072438667e+01
