27.589838 36.088372 10.250000 255 0 0
27.923014 35.926488 9.343750 255 0 0
28.305399 35.640094 8.437500 255 0 0
28.736994 35.229191 7.531250 255 0 0
29.217797 34.693778 6.625000 255 0 0
29.747809 34.033856 5.718750 255 0 0
30.327030 33.249424 4.812500 255 0 0
30.955461 32.340482 3.906250 255 0 0
31.633100 31.307031 3.000000 0 255 0
30.786299 30.406951 3.906250 0 255 0
30.009580 29.620944 4.812500 0 255 0
29.302943 28.949010 5.718750 0 255 0
28.666388 28.391149 6.625000 0 255 0
28.099916 27.947361 7.531250 0 255 0
27.603526 27.617646 8.437500 0 255 0
27.177218 27.402004 9.343750 0 255 0
26.820993 27.300435 10.250000 0 255 0
