   3.4455970e+02   1.3186318e+02   1.3100000e+02
   3.4546517e+02   1.2512687e+02   1.2300000e+02
   3.4682338e+02   1.2648507e+02   1.1700000e+02
   3.4563433e+02   1.2020149e+02   1.1100000e+02
   3.4444527e+02   1.1901244e+02   1.0500000e+02
   3.3816169e+02   1.2037065e+02   9.9000000e+01
   3.3697264e+02   1.2937065e+02   9.3000000e+01
   3.4597264e+02   1.2818159e+02   8.7000000e+01
   3.4478358e+02   1.2953980e+02   8.1000000e+01
   3.5633085e+02   1.3599254e+02   7.5000000e+01
   3.5004726e+02   1.2716169e+02   6.9000000e+01
   3.5140547e+02   1.3106716e+02   6.3000000e+01
   3.5531095e+02   1.2987811e+02   5.7000000e+01
   3.6431095e+02   1.4142537e+02   5.1000000e+01
   3.6566915e+02   1.5551990e+02   4.5000000e+01
   3.6552736e+02   1.8212438e+02   3.9000000e+01
   2.7773632e+02   2.3188557e+02   4.5000000e+01
