   2.9112931e+01   2.6792969e+01   1.4000000e+01
   2.8978603e+01   2.7042969e+01   1.3000000e+01
   2.8441290e+01   2.7042969e+01   1.2000000e+01
   2.8306961e+01   2.7792969e+01   1.1000000e+01
   2.7903976e+01   2.8792969e+01   1.0000000e+01
   2.7366663e+01   3.0042969e+01   9.0000000e+00
   2.7366663e+01   3.1792969e+01   8.0000000e+00
   2.8172633e+01   3.2042969e+01   7.0000000e+00
   2.8172633e+01   3.3917969e+01   6.0000000e+00
   2.8441290e+01   3.5292969e+01   7.0000000e+00
   2.8306961e+01   3.6292969e+01   8.0000000e+00
   2.8172633e+01   3.6542969e+01   9.0000000e+00
   2.7769648e+01   3.5667969e+01   1.0000000e+01
   2.8038305e+01   3.6167969e+01   1.1000000e+01
   2.8038305e+01   3.6292969e+01   1.2000000e+01
   2.8306961e+01   3.6167969e+01   1.3000000e+01
   2.7769648e+01   3.6542969e+01   1.4000000e+01
