311.409301 219.238450 39.593634 255 0 0
328.347327 211.950701 45.257483 255 0 0
346.105826 206.540048 50.812542 255 0 0
364.684798 203.006490 56.258809 255 0 0
384.084242 201.350027 61.596285 255 0 0
404.304160 201.570660 66.824971 255 0 0
425.344550 203.668388 71.944865 255 0 0
447.205414 207.643211 76.955968 255 0 0
469.886750 213.495130 81.858280 0 255 0
448.035542 207.601706 94.323296 0 255 0
427.076452 203.749289 106.670022 0 255 0
407.009480 201.937877 118.898457 0 255 0
387.834625 202.167470 131.008601 0 255 0
369.551888 204.438070 143.000454 0 255 0
352.161269 208.749675 154.874016 0 255 0
335.662767 215.102286 166.629287 0 255 0
320.056383 223.495902 178.266268 0 255 0
