3.994978385238978262e+02 2.245935544685375476e+02 1.742366439179501185e+02
4.128506659536743655e+02 2.145636854979283612e+02 1.653396287144918233e+02
4.142997923304923233e+02 1.970668762945462618e+02 1.342927331625422767e+02
4.224095546459287789e+02 1.825598836507564897e+02 1.172672666636290160e+02
4.231754957118983498e+02 1.666870003326512801e+02 8.213776536353418578e+01
4.280741119083681383e+02 1.673416589323259700e+02 3.561049454030569450e+01
4.113053579243494369e+02 1.854911573293193783e+02 2.409448100303666251e+01
3.986357158054213414e+02 1.938971004146516748e+02 3.707410195464069602e+01
3.853852751448800404e+02 2.074479796524333892e+02 4.142672086527181818e+01
3.651670313412095084e+02 2.074460102463698945e+02 4.539108259928207190e+01
3.495598607098800130e+02 2.153056031804790678e+02 5.112908121531529559e+01
