27.944322 35.382569 10.500000 255 0 0
28.188333 35.298145 9.562500 255 0 0
28.489615 35.099179 8.625000 255 0 0
28.848169 34.785671 7.687500 255 0 0
29.263993 34.357621 6.750000 255 0 0
29.737088 33.815029 5.812500 255 0 0
30.267454 33.157894 4.875000 255 0 0
30.855092 32.386218 3.937500 255 0 0
31.500000 31.500000 3.000000 0 255 0
30.855092 30.613782 3.937500 0 255 0
30.267454 29.842106 4.875000 0 255 0
29.737088 29.184971 5.812500 0 255 0
29.263993 28.642379 6.750000 0 255 0
28.848169 28.214329 7.687500 0 255 0
28.489615 27.900821 8.625000 0 255 0
28.188333 27.701855 9.562500 0 255 0
27.944322 27.617431 10.500000 0 255 0
