   2.9586287e+01   2.6149306e+01   1.5000000e+01
   2.9228078e+01   2.5927083e+01   1.4000000e+01
   2.8153451e+01   2.6927083e+01   1.3000000e+01
   2.6601213e+01   2.8593750e+01   1.2000000e+01
   2.6243004e+01   2.8927083e+01   1.1000000e+01
   2.6720616e+01   2.9371528e+01   1.0000000e+01
   2.6840019e+01   2.9371528e+01   9.0000000e+00
   2.6959422e+01   3.0038194e+01   8.0000000e+00
   2.7078825e+01   3.0482639e+01   7.0000000e+00
   2.7198228e+01   3.3260417e+01   6.0000000e+00
   2.8153451e+01   3.5038194e+01   7.0000000e+00
   2.7675840e+01   3.5038194e+01   8.0000000e+00
   2.7198228e+01   3.5260417e+01   9.0000000e+00
   2.7795243e+01   3.5927083e+01   1.0000000e+01
   2.7675840e+01   3.6149306e+01   1.1000000e+01
   2.8153451e+01   3.6593750e+01   1.2000000e+01
   2.8034049e+01   3.6371528e+01   1.3000000e+01
   2.8989272e+01   3.6593750e+01   1.4000000e+01
   2.9586287e+01   3.6815972e+01   1.5000000e+01
