297.628803 191.565099 28.306162 255 0 0
313.459067 178.974771 32.832765 255 0 0
330.352807 168.199135 37.696911 255 0 0
348.310021 159.238193 42.898601 255 0 0
367.330711 152.091944 48.437834 255 0 0
387.414875 146.760388 54.314611 255 0 0
408.562515 143.243525 60.528930 255 0 0
430.773630 141.541356 67.080794 255 0 0
454.048220 141.653880 73.970200 0 255 0
428.748431 137.312239 86.900734 0 255 0
404.722240 135.143842 100.235504 0 255 0
381.969648 135.148688 113.974510 0 255 0
360.490654 137.326778 128.117751 0 255 0
340.285258 141.678112 142.665228 0 255 0
321.353461 148.202689 157.616941 0 255 0
303.695263 156.900510 172.972890 0 255 0
287.310662 167.771574 188.733075 0 255 0
