26.222382 34.314836 11.000000 255 0 0
26.587188 34.238373 10.125000 255 0 0
27.048652 34.070394 9.250000 255 0 0
27.606771 33.810900 8.375000 255 0 0
28.261548 33.459891 7.500000 255 0 0
29.012981 33.017366 6.625000 255 0 0
29.861071 32.483326 5.750000 255 0 0
30.805817 31.857770 4.875000 255 0 0
31.847220 31.140699 4.000000 0 255 0
31.510383 29.921990 4.875000 0 255 0
31.188765 28.835515 5.750000 0 255 0
30.882365 27.881275 6.625000 0 255 0
30.591184 27.059269 7.500000 0 255 0
30.315220 26.369498 8.375000 0 255 0
30.054475 25.811962 9.250000 0 255 0
29.808949 25.386660 10.125000 0 255 0
29.578640 25.093592 11.000000 0 255 0
