   3.1783230e+02   1.2225466e+02   1.2900000e+02
   3.2275155e+02   1.0332298e+02   1.1300000e+02
   3.1885093e+02   1.0260248e+02   1.0500000e+02
   3.2449068e+02   9.0751553e+01   9.7000000e+01
   3.3100000e+02   8.1360248e+01   8.1000000e+01
   3.3345963e+02   7.7459627e+01   7.3000000e+01
   3.2478882e+02   8.1509317e+01   6.5000000e+01
   3.3519876e+02   8.7149068e+01   5.7000000e+01
   3.3288820e+02   8.9608696e+01   4.9000000e+01
   3.4011801e+02   8.8888199e+01   4.1000000e+01
   3.3462733e+02   9.7708075e+01   3.3000000e+01
   3.3390683e+02   1.0652795e+02   2.5000000e+01
   3.1129193e+02   1.4592547e+02   2.3000000e+01
   2.9308075e+02   1.6905590e+02   3.1000000e+01
   2.5967391e+02   1.9607143e+02   3.9000000e+01
