   2.8652198e+01   2.7165763e+01   1.4000000e+01
   2.8399861e+01   2.7324586e+01   1.3000000e+01
   2.7979301e+01   2.8118704e+01   1.2000000e+01
   2.7726964e+01   2.8833410e+01   1.1000000e+01
   2.7474628e+01   2.9786351e+01   1.0000000e+01
   2.7642852e+01   3.0739292e+01   9.0000000e+00
   2.7474628e+01   3.2168704e+01   8.0000000e+00
   2.8063413e+01   3.4551057e+01   7.0000000e+00
   2.8231637e+01   3.5662822e+01   8.0000000e+00
   2.8231637e+01   3.5662822e+01   9.0000000e+00
   2.7726964e+01   3.5265763e+01   1.0000000e+01
   2.7642852e+01   3.4948116e+01   1.1000000e+01
   2.7726964e+01   3.4868704e+01   1.2000000e+01
   2.7558740e+01   3.5027528e+01   1.3000000e+01
   2.7642852e+01   3.5027528e+01   1.4000000e+01
