   2.9287811e+02   2.0754478e+02   1.1000000e+02
   2.9978358e+02   1.9661940e+02   1.0200000e+02
   2.9904726e+02   1.9078856e+02   9.4000000e+01
   2.8812189e+02   1.9769403e+02   8.6000000e+01
   2.9502736e+02   1.9441045e+02   7.8000000e+01
   2.9938557e+02   1.9367413e+02   7.0000000e+01
   2.8591294e+02   1.9548507e+02   6.2000000e+01
   3.0300746e+02   1.9220149e+02   5.4000000e+01
   3.0991294e+02   2.0420149e+02   4.6000000e+01
   3.0917662e+02   2.0855970e+02   3.8000000e+01
   3.1353483e+02   2.4603234e+02   3.0000000e+01
