   2.9192553e+01   2.6198495e+01   1.1000000e+01
   2.9491060e+01   2.6013310e+01   1.0000000e+01
   2.9491060e+01   2.6661458e+01   9.0000000e+00
   2.8595538e+01   2.7865162e+01   8.0000000e+00
   2.8297030e+01   3.1105903e+01   7.0000000e+00
   2.8993548e+01   3.3420718e+01   6.0000000e+00
   2.9789568e+01   3.5179977e+01   7.0000000e+00
   2.8695040e+01   3.4717014e+01   8.0000000e+00
   2.8595538e+01   3.5457755e+01   9.0000000e+00
   2.8695040e+01   3.5272569e+01   1.0000000e+01
   2.8595538e+01   3.5272569e+01   1.1000000e+01
