1	2	3
2	5	3
5	13	3
13	4	3
4	1	3
4	8	1
4	14	8
4	26	14
13	21	4
13	23	21
23	25	21
23	49	25
49	46	25
46	18	25
46	43	18
43	20	18
20	7	18
20	30	7
30	42	7
42	6	7
30	70	42
70	94	42
94	63	42
63	39	42
63	76	39
76	40	39
40	37	39
37	36	39
36	35	39
36	68	35
37	40	36
76	106	40
106	128	40
106	162	128
162	260	128
260	264	128
264	257	128
264	342	257
342	335	257
106	117	162
117	159	162
159	196	162
159	180	196
159	109	180
159	117	109
117	76	109
76	90	109
90	108	109
76	94	90
94	134	90
94	116	134
116	142	134
142	154	134
154	175	134
175	187	134
175	213	187
213	231	187
231	215	187
215	214	187
215	279	214
279	242	214
242	166	214
242	224	166
224	202	166
202	190	166
190	180	166
202	240	190
202	239	240
239	252	240
252	323	240
323	341	240
341	332	240
341	401	332
401	388	332
401	517	388
517	428	388
517	426	428
401	563	517
401	405	563
405	402	563
402	568	563
568	717	563
405	341	402
341	389	402
389	442	402
442	548	402
442	515	548
515	631	548
442	488	515
389	347	442
347	343	442
347	328	343
347	323	328
323	306	328
306	331	328
306	262	331
262	327	331
327	361	331
361	369	331
361	420	369
361	508	420
508	499	420
499	450	420
499	481	450
481	419	450
508	597	499
508	529	597
529	550	597
529	410	550
410	498	550
498	543	550
543	606	550
606	668	550
543	608	606
498	506	543
498	440	506
440	418	506
418	539	506
440	375	418
375	348	418
375	354	348
354	305	348
354	275	305
275	279	305
279	251	305
279	215	251
215	231	251
275	242	279
275	248	242
248	224	242
248	282	224
282	262	224
262	238	224
238	202	224
238	239	202
238	252	239
238	262	252
262	323	252
262	306	323
282	316	262
316	327	262
282	354	316
354	386	316
354	410	386
410	361	386
354	375	410
375	440	410
440	498	410
282	275	354
282	248	275
508	361	529
347	341	323
347	389	341
405	401	341
213	253	231
175	183	213
175	154	183
154	142	183
142	135	183
135	174	183
135	79	174
79	110	174
79	67	110
67	98	110
67	58	98
58	78	98
58	59	78
59	115	78
115	99	78
115	147	99
147	139	99
139	146	99
146	129	99
139	169	146
139	172	169
172	173	169
173	177	169
177	222	169
177	197	222
177	173	197
173	211	197
211	232	197
211	276	232
276	311	232
311	314	232
314	292	232
292	299	232
292	351	299
351	392	299
392	322	299
351	384	392
384	423	392
384	430	423
384	337	430
337	449	430
449	514	430
449	536	514
449	438	536
438	534	536
534	602	536
534	577	602
577	674	602
577	659	674
659	683	674
683	770	674
770	761	674
770	948	761
770	822	948
770	767	822
767	805	822
805	931	822
534	500	577
500	494	577
494	477	577
494	478	477
478	404	477
404	463	477
404	406	463
404	319	406
404	353	319
353	258	319
258	241	319
258	179	241
179	189	241
189	221	241
179	164	189
164	167	189
164	107	167
107	145	167
107	119	145
107	52	119
52	60	119
60	75	119
75	85	119
85	95	119
95	118	119
95	111	118
111	125	118
111	149	125
149	143	125
149	181	143
181	204	143
181	212	204
212	256	204
256	245	204
212	286	256
286	300	256
212	270	286
270	355	286
270	340	355
340	413	355
340	425	413
425	516	413
425	491	516
491	593	516
491	610	593
610	653	593
610	632	653
491	466	610
491	425	466
425	421	466
421	458	466
421	422	458
425	377	421
377	441	421
377	381	441
381	470	441
470	523	441
470	524	523
524	605	523
605	594	523
594	483	523
594	525	483
525	447	483
525	531	447
531	424	447
594	591	525
594	701	591
701	666	591
666	625	591
666	740	625
740	628	625
628	599	625
599	573	625
599	642	573
642	656	573
656	644	573
656	718	644
718	615	644
615	531	644
718	855	615
628	667	599
628	639	667
639	720	667
639	669	720
639	671	669
671	719	669
671	812	719
812	772	719
772	690	719
772	769	690
769	707	690
769	734	707
769	747	734
747	817	734
747	776	817
776	779	817
776	791	779
791	850	779
791	806	850
806	830	850
830	854	850
854	880	850
854	863	880
863	914	880
914	952	880
863	895	914
895	894	914
894	926	914
926	1013	914
1013	1034	914
1013	1148	1034
926	943	1013
943	989	1013
989	1118	1013
989	1075	1118
1075	1105	1118
1105	1217	1118
1105	1117	1217
1117	1202	1217
1117	1169	1202
1117	1053	1169
1053	1145	1169
1145	1222	1169
1222	1226	1169
1222	1266	1226
1266	1363	1226
1266	1294	1363
1294	1373	1363
1373	1427	1363
1373	1481	1427
1481	1567	1427
1373	1375	1481
1373	1294	1375
1266	1265	1294
1265	1250	1294
1250	1228	1294
1250	1215	1228
1215	1152	1228
1152	1191	1228
1191	1218	1228
1191	1173	1218
1173	1225	1218
1225	1340	1218
1173	1146	1225
1146	1241	1225
1146	1192	1241
1192	1255	1241
1192	1180	1255
1180	1264	1255
1264	1345	1255
1345	1374	1255
1345	1353	1374
1353	1437	1374
1437	1463	1374
1463	1426	1374
1463	1439	1426
1439	1451	1426
1451	1340	1426
1451	1375	1340
1451	1485	1375
1451	1517	1485
1517	1525	1485
1525	1481	1485
1517	1577	1525
1577	1622	1525
1622	1589	1525
1622	1665	1589
1665	1691	1589
1691	1682	1589
1691	1741	1682
1691	1745	1741
1745	1807	1741
1807	1876	1741
1807	1948	1876
1948	2021	1876
2021	1904	1876
2021	2085	1904
2085	2041	1904
2041	1939	1904
2085	2084	2041
1948	2003	2021
2003	2050	2021
2003	2010	2050
2010	2079	2050
2010	2035	2079
2003	1875	2010
1875	1895	2010
1875	1807	1895
1807	1778	1895
1778	1772	1895
1772	1872	1895
1772	1790	1872
1790	1906	1872
1906	1991	1872
1906	2102	1991
1790	1898	1906
1790	1821	1898
1790	1744	1821
1744	1775	1821
1775	1810	1821
1810	1889	1821
1810	1868	1889
1868	1917	1889
1810	1750	1868
1750	1749	1868
1750	1687	1749
1687	1762	1749
1762	1794	1749
1687	1726	1762
1687	1614	1726
1614	1746	1726
1687	1596	1614
1596	1570	1614
1570	1554	1614
1554	1576	1614
1570	1533	1554
1570	1515	1533
1515	1398	1533
1398	1436	1533
1398	1385	1436
1385	1331	1436
1385	1313	1331
1313	1213	1331
1213	1286	1331
1213	1251	1286
1213	1176	1251
1176	1165	1251
1165	1256	1251
1256	1303	1251
1256	1314	1303
1165	1153	1256
1153	1164	1256
1153	1142	1164
1153	1154	1142
1154	1076	1142
1076	984	1142
1076	964	984
964	971	984
964	852	971
852	887	971
852	796	887
796	843	887
843	963	887
843	886	963
843	866	886
866	902	886
866	832	902
866	663	832
663	698	832
698	736	832
736	783	832
783	837	832
783	869	837
736	755	783
736	698	755
866	843	663
852	773	796
852	759	773
759	706	773
759	709	706
709	631	706
759	844	709
844	717	709
844	901	717
901	864	717
901	955	864
955	1042	864
955	1035	1042
1035	1133	1042
1035	1161	1133
1161	1162	1133
1162	1136	1133
1035	1004	1161
1004	1006	1161
1006	1092	1161
1092	1197	1161
1197	1292	1161
1197	1282	1292
1282	1287	1292
1287	1387	1292
1387	1364	1292
1364	1323	1292
1323	1325	1292
1323	1400	1325
1323	1364	1400
1287	1297	1387
1297	1398	1387
1398	1515	1387
1297	1385	1398
1297	1313	1385
1297	1213	1313
1297	1166	1213
1166	1176	1213
1166	1112	1176
1112	1154	1176
1154	1165	1176
1154	1153	1165
1112	1076	1154
1112	1073	1076
1073	964	1076
1073	974	964
974	852	964
1073	1092	974
1092	1006	974
1073	1189	1092
1189	1197	1092
1189	1287	1197
1287	1282	1197
1189	1297	1287
1189	1166	1297
1189	1073	1166
1073	1112	1166
1035	976	1004
976	901	1004
976	955	901
976	969	955
969	1035	955
969	976	1035
1570	1596	1515
1596	1662	1515
1662	1538	1515
1662	1623	1538
1623	1549	1538
1549	1516	1538
1549	1521	1516
1521	1400	1516
1521	1440	1400
1521	1490	1440
1490	1430	1440
1430	1399	1440
1430	1474	1399
1474	1437	1399
1437	1353	1399
1474	1463	1437
1474	1560	1463
1560	1517	1463
1517	1439	1463
1517	1451	1439
1560	1577	1517
1560	1647	1577
1647	1636	1577
1636	1622	1577
1636	1665	1622
1636	1679	1665
1679	1691	1665
1679	1745	1691
1679	1735	1745
1735	1778	1745
1778	1807	1745
1735	1772	1778
1735	1690	1772
1690	1780	1772
1780	1790	1772
1780	1744	1790
1780	1680	1744
1680	1668	1744
1668	1723	1744
1723	1754	1744
1754	1775	1744
1754	1723	1775
1723	1810	1775
1723	1750	1810
1723	1684	1750
1684	1687	1750
1684	1662	1687
1662	1596	1687
1684	1650	1662
1650	1623	1662
1650	1591	1623
1591	1549	1623
1591	1564	1549
1564	1521	1549
1564	1518	1521
1518	1490	1521
1518	1532	1490
1532	1474	1490
1474	1430	1490
1532	1560	1474
1518	1564	1532
1564	1591	1532
1591	1640	1532
1591	1650	1640
1650	1723	1640
1723	1668	1640
1650	1684	1723
1680	1647	1668
1680	1681	1647
1681	1666	1647
1666	1636	1647
1666	1667	1636
1667	1679	1636
1667	1735	1679
1667	1666	1735
1666	1690	1735
1666	1681	1690
1681	1680	1690
1680	1780	1690
1875	1948	1807
1875	2003	1948
1345	1264	1353
1180	1230	1264
1180	1080	1230
1180	1102	1080
1102	996	1080
996	1016	1080
1016	1044	1080
1044	1046	1080
996	861	1016
1102	1057	996
1102	1134	1057
1134	1072	1057
1072	999	1057
1072	950	999
1072	962	950
962	876	950
876	841	950
841	930	950
841	857	930
841	784	857
784	807	857
807	804	857
807	786	804
786	778	804
778	861	804
786	721	778
721	738	778
721	622	738
721	685	622
721	784	685
784	726	685
726	676	685
726	616	676
726	699	616
699	611	616
611	580	616
611	501	580
611	505	501
611	571	505
571	484	505
484	446	505
571	581	484
581	471	484
471	439	484
439	382	484
439	344	382
344	333	382
344	205	333
205	226	333
344	298	205
298	249	205
249	137	205
249	153	137
249	237	153
237	198	153
198	148	153
148	127	153
127	80	153
127	72	80
127	150	72
150	61	72
61	55	72
55	22	72
55	29	22
29	12	22
12	9	22
12	11	9
29	10	12
10	38	12
10	19	38
19	73	38
73	93	38
93	91	38
91	77	38
91	105	77
105	130	77
130	131	77
131	102	77
131	141	102
141	144	102
144	122	102
122	74	102
74	62	102
62	28	102
62	13	28
13	5	28
5	11	28
5	2	11
62	49	13
49	23	13
62	74	49
74	100	49
100	69	49
69	46	49
69	54	46
54	65	46
65	43	46
65	101	43
101	70	43
70	30	43
30	20	43
101	94	70
101	116	94
101	89	116
89	142	116
89	135	142
89	87	135
87	79	135
87	66	79
66	67	79
66	53	67
53	64	67
64	58	67
64	59	58
64	86	59
86	115	59
86	132	115
132	147	115
132	151	147
151	184	147
184	158	147
158	139	147
158	172	139
158	211	172
211	173	172
158	223	211
223	276	211
223	244	276
244	325	276
325	311	276
325	314	311
325	438	314
438	449	314
449	337	314
337	292	314
337	351	292
337	384	351
325	329	438
329	390	438
390	478	438
478	534	438
478	500	534
478	494	500
390	383	478
383	404	478
383	353	404
383	356	353
356	265	353
265	250	353
250	258	353
250	186	258
186	179	258
186	155	179
155	164	179
155	104	164
104	107	164
104	56	107
56	52	107
56	17	52
17	31	52
31	47	52
47	60	52
47	88	60
88	75	60
88	113	75
113	85	75
113	95	85
113	156	95
156	111	95
156	149	111
156	192	149
192	247	149
247	229	149
229	181	149
229	212	181
229	270	212
229	247	270
247	340	270
156	201	192
201	236	192
201	220	236
220	271	236
271	269	236
271	338	269
338	366	269
366	291	269
366	377	291
377	340	291
377	425	340
366	381	377
366	338	381
338	468	381
468	470	381
468	524	470
468	513	524
513	605	524
513	629	605
629	652	605
652	650	605
650	594	605
650	701	594
650	730	701
730	765	701
765	702	701
702	666	701
702	740	666
702	792	740
792	812	740
812	671	740
671	628	740
671	639	628
792	847	812
847	936	812
936	840	812
840	772	812
840	769	772
840	878	769
878	747	769
878	872	747
872	776	747
872	791	776
872	830	791
830	806	791
872	968	830
968	854	830
968	945	854
945	863	854
945	903	863
903	895	863
903	926	895
926	894	895
903	945	926
968	1012	945
1012	1054	945
1012	1024	1054
1024	1023	1054
1023	1041	1054
1041	1062	1054
1062	991	1054
991	943	1054
991	989	943
991	1071	989
1071	1053	989
1053	1075	989
1053	1117	1075
1117	1105	1075
1071	1145	1053
1071	1151	1145
1151	1178	1145
1178	1222	1145
1178	1266	1222
1178	1265	1266
1178	1215	1265
1215	1250	1265
1178	1179	1215
1179	1156	1215
1156	1152	1215
1156	1127	1152
1127	1107	1152
1107	1095	1152
1095	1173	1152
1173	1191	1152
1095	1072	1173
1072	1146	1173
1072	1134	1146
1134	1192	1146
1134	1102	1192
1102	1180	1192
1095	1059	1072
1059	962	1072
1059	967	962
967	912	962
912	879	962
879	876	962
879	785	876
785	841	876
785	777	841
777	784	841
777	726	784
777	785	726
785	699	726
785	737	699
737	646	699
646	611	699
646	630	611
630	571	611
630	581	571
630	655	581
655	664	581
664	598	581
598	558	581
558	471	581
558	473	471
473	453	471
453	439	471
453	385	439
385	344	439
385	301	344
301	298	344
301	249	298
301	237	249
301	233	237
233	228	237
228	198	237
228	233	198
233	150	198
150	152	198
152	148	198
152	127	148
152	150	127
233	194	150
194	160	150
160	96	150
96	61	150
96	48	61
48	44	61
44	55	61
44	29	55
44	10	29
44	15	10
15	19	10
15	17	19
17	57	19
57	73	19
57	104	73
104	93	73
104	155	93
155	138	93
138	105	93
105	91	93
138	130	105
138	163	130
163	131	130
163	141	131
163	200	141
200	165	141
165	144	141
165	122	144
165	151	122
151	132	122
132	86	122
86	92	122
92	100	122
100	74	122
92	69	100
92	84	69
84	64	69
64	54	69
64	53	54
53	65	54
53	66	65
66	71	65
71	101	65
71	89	101
71	87	89
71	66	87
84	86	64
84	92	86
165	193	151
193	184	151
193	244	184
244	223	184
223	158	184
193	199	244
199	209	244
209	235	244
235	313	244
313	329	244
329	325	244
313	321	329
321	390	329
321	356	390
356	383	390
321	265	356
321	235	265
235	217	265
217	250	265
217	186	250
217	155	186
217	216	155
216	163	155
163	138	155
216	200	163
216	209	200
209	199	200
199	165	200
199	193	165
216	235	209
216	217	235
321	313	235
57	56	104
57	17	56
15	31	17
15	48	31
48	47	31
48	88	47
48	96	88
96	160	88
160	178	88
178	191	88
191	185	88
185	123	88
123	113	88
123	156	113
123	201	156
123	185	201
185	220	201
185	208	220
208	271	220
208	293	271
293	302	271
302	349	271
349	338	271
349	468	338
349	358	468
349	302	358
208	255	293
255	320	293
255	277	320
277	379	320
277	272	379
272	373	379
373	460	379
272	364	373
364	461	373
364	385	461
385	453	461
453	475	461
453	473	475
473	585	475
473	579	585
579	590	585
590	731	585
590	598	731
598	664	731
664	742	731
742	744	731
744	757	731
744	771	757
771	794	757
794	823	757
823	802	757
802	705	757
802	692	705
802	730	692
730	652	692
652	629	692
629	578	692
629	513	578
513	437	578
437	460	578
730	650	652
802	815	730
815	765	730
815	792	765
792	702	765
815	847	792
815	870	847
870	905	847
905	936	847
905	904	936
904	947	936
947	933	936
933	840	936
933	878	840
933	946	878
946	872	878
946	957	872
957	968	872
957	985	968
985	1024	968
1024	1012	968
985	916	1024
916	934	1024
934	1023	1024
934	918	1023
918	1041	1023
918	1030	1041
1030	1098	1041
1098	1062	1041
1098	991	1062
1098	1071	991
1098	1151	1071
1098	1137	1151
1137	1179	1151
1179	1178	1151
1137	1156	1179
1137	1127	1156
1137	1030	1127
1030	1089	1127
1089	1107	1127
1089	1095	1107
1089	1059	1095
1089	967	1059
1089	1030	967
1030	918	967
918	932	967
932	912	967
932	893	912
893	879	912
893	871	879
871	785	879
871	756	785
756	737	785
756	713	737
713	646	737
713	630	646
713	655	630
713	722	655
722	742	655
742	664	655
722	809	742
809	834	742
834	744	742
834	771	744
834	794	771
834	904	794
904	853	794
853	823	794
853	802	823
853	826	802
826	815	802
826	870	815
826	853	870
853	905	870
853	904	905
834	897	904
897	947	904
897	985	947
985	946	947
946	933	947
985	957	946
897	916	985
897	809	916
809	829	916
829	918	916
918	934	916
829	828	918
828	871	918
871	932	918
871	893	932
828	790	871
790	756	871
790	713	756
790	727	713
727	722	713
727	800	722
800	809	722
800	829	809
800	828	829
800	790	828
800	727	790
897	834	809
1137	1098	1030
590	579	598
579	558	598
579	473	558
364	301	385
364	233	301
364	272	233
272	194	233
272	277	194
277	255	194
255	178	194
178	160	194
255	191	178
255	208	191
208	185	191
15	44	48
721	786	784
786	807	784
76	63	94
117	106	76
16	32	50
50	81	16
51	112	124
51	103	112
103	114	112
114	133	112
133	124	112
133	176	124
133	206	176
206	234	176
133	188	206
161	267	170
168	290	225
182	195	203
203	254	182
203	243	254
243	315	254
315	318	254
318	307	254
318	352	307
318	371	352
318	374	371
374	391	371
391	504	371
374	359	391
359	502	391
374	284	359
284	267	359
374	315	284
315	243	284
243	218	284
243	195	218
195	170	218
243	203	195
374	318	315
210	219	266
266	226	210
226	171	210
261	397	368
397	432	368
397	431	432
397	489	431
489	507	431
489	645	507
397	380	489
380	526	489
380	400	526
400	544	526
400	411	544
411	527	544
411	455	527
455	549	527
455	486	549
486	620	549
486	538	620
486	444	538
444	467	538
444	387	467
444	372	387
411	326	455
281	336	294
287	310	334
317	403	435
403	485	435
403	414	485
324	396	376
396	497	376
346	408	445
408	495	445
362	434	398
365	464	465
464	521	465
521	576	465
576	552	465
552	476	465
552	528	476
521	617	576
365	394	464
370	429	407
370	443	429
443	540	429
540	480	429
370	300	443
300	409	443
412	457	416
416	368	412
452	547	533
454	520	553
520	732	553
520	637	732
637	648	732
648	803	732
462	503	490
503	567	490
567	546	490
479	638	511
482	557	512
557	556	512
557	682	556
557	587	682
557	482	587
482	586	587
518	582	619
518	504	582
504	604	582
604	654	582
654	619	582
619	565	518
537	665	560
665	678	560
678	675	560
675	547	560
678	728	675
728	724	675
728	831	724
728	811	831
728	824	811
728	678	824
678	689	824
678	665	689
665	569	689
665	537	569
564	691	612
691	787	612
787	632	612
691	710	787
710	774	787
774	953	787
691	564	710
572	621	725
725	603	572
588	596	627
600	670	679
600	661	670
601	697	687
613	715	695
613	723	715
723	775	715
775	695	715
723	846	775
846	906	775
723	842	846
723	741	842
723	680	741
684	696	801
684	565	696
565	688	696
684	569	565
696	825	801
825	873	801
694	793	766
711	813	892
892	714	711
892	911	714
892	1003	911
1003	1074	911
1074	1047	911
750	762	782
762	913	782
750	670	762
754	891	849
891	994	849
994	868	849
994	993	868
993	896	868
896	869	868
993	986	896
993	1097	986
993	1123	1097
993	994	1123
994	1132	1123
994	1021	1132
1021	1018	1132
1021	891	1018
891	939	1018
891	799	939
1021	994	891
758	821	814
814	768	758
763	810	919
810	977	919
788	818	889
818	882	889
882	1002	889
882	995	1002
995	1174	1002
1174	1138	1002
1174	1318	1138
1174	1384	1318
1384	1475	1318
1384	1627	1475
1627	1651	1475
1627	1654	1651
1654	1853	1651
1853	1685	1651
1853	1718	1685
1853	1852	1718
1852	1881	1718
1881	1812	1718
1881	1926	1812
1881	1989	1926
1989	1972	1926
1989	2126	1972
2126	2022	1972
1989	2127	2126
2127	2188	2126
1853	1946	1852
1627	1397	1654
1627	1384	1397
1384	1358	1397
1384	1174	1358
1174	1190	1358
1174	995	1190
995	1119	1190
882	851	995
882	818	851
797	874	835
835	820	797
797	881	874
881	908	874
908	1045	874
908	988	1045
988	1113	1045
908	881	988
881	990	988
798	885	910
910	938	798
910	997	938
910	1106	997
1106	1100	997
1100	1139	997
1100	1168	1139
1100	1106	1168
1106	1220	1168
1220	1263	1168
910	885	1106
827	838	1029
836	937	922
922	1025	836
1025	975	836
922	1084	1025
1084	1120	1025
1084	1171	1120
1084	1188	1171
1188	1209	1171
1188	1247	1209
1247	1395	1209
1247	1262	1395
1084	1090	1188
1084	937	1090
1084	922	937
845	865	1121
860	973	954
860	1008	973
1008	1091	973
1091	954	973
1091	1015	954
1091	1065	1015
1065	982	1015
982	855	1015
1091	1289	1065
1289	1253	1065
1289	1392	1253
1392	1452	1253
1289	1299	1392
1289	1167	1299
1167	1372	1299
1167	1305	1372
1305	1414	1372
1305	1420	1414
1305	1273	1420
1273	1405	1420
1273	1227	1405
1273	1121	1227
1121	1182	1227
1273	1135	1121
1273	1305	1135
1305	1167	1135
1167	1008	1135
1167	1091	1008
1167	1289	1091
884	998	1007
998	1028	1007
898	941	1026
898	915	941
915	927	941
927	1078	941
900	979	972
979	1037	972
979	1070	1037
1070	1083	1037
979	987	1070
979	961	987
979	900	961
909	959	928
959	1022	928
917	1040	1055
917	1038	1040
917	944	1038
949	960	1081
970	1096	1032
1032	1014	970
1014	983	970
983	803	970
1032	1216	1014
1216	1130	1014
1216	1231	1130
1032	1096	1216
1000	1077	1009
1077	1069	1009
1069	1049	1009
1010	1063	1033
1011	1110	1039
1110	1199	1039
1199	1125	1039
1125	1052	1039
1125	1124	1052
1125	1199	1124
1019	1086	1085
1086	1155	1085
1155	1181	1085
1048	1200	1101
1056	1141	1111
1141	1290	1111
1058	1103	1108
1061	1115	1185
1061	1047	1115
1185	1078	1061
1067	1172	1128
1172	1187	1128
1187	1082	1128
1187	1232	1082
1232	1177	1082
1232	1261	1177
1261	1229	1177
1232	1312	1261
1312	1338	1261
1338	1369	1261
1338	1367	1369
1338	1382	1367
1338	1312	1382
1187	1249	1232
1249	1337	1232
1249	1350	1337
1350	1433	1337
1433	1472	1337
1472	1382	1337
1433	1457	1472
1457	1484	1472
1484	1628	1472
1484	1569	1628
1457	1433	1484
1249	1317	1350
1249	1198	1317
1198	1195	1317
1198	1172	1195
1198	1249	1172
1249	1187	1172
1088	1109	1159
1109	1170	1159
1170	1242	1159
1116	1239	1275
1122	1214	1196
1214	1258	1196
1258	1272	1196
1129	1276	1158
1276	1210	1158
1131	1293	1221
1293	1285	1221
1285	1236	1221
1285	1296	1236
1163	1341	1248
1341	1458	1248
1458	1371	1248
1458	1486	1371
1458	1540	1486
1540	1688	1486
1458	1503	1540
1458	1341	1503
1184	1267	1333
1267	1334	1333
1334	1383	1333
1383	1418	1333
1418	1409	1333
1409	1295	1333
1295	1184	1333
1409	1403	1295
1403	1401	1295
1383	1497	1418
1334	1488	1383
1334	1455	1488
1334	1319	1455
1334	1267	1319
1267	1210	1319
1186	1244	1223
1244	1298	1223
1244	1359	1298
1359	1393	1298
1193	1291	1377
1291	1480	1377
1291	1352	1480
1204	1205	1432
1205	1460	1432
1207	1288	1402
1219	1306	1271
1306	1280	1271
1243	1252	1315
1243	1226	1252
1226	1301	1252
1226	1321	1301
1321	1423	1301
1321	1376	1423
1376	1477	1423
1477	1456	1423
1456	1487	1423
1456	1477	1487
1376	1505	1477
1270	1354	1309
1354	1263	1309
1281	1425	1336
1425	1394	1336
1283	1346	1421
1421	1365	1283
1365	1347	1283
1284	1362	1381
1284	1231	1362
1362	1450	1381
1450	1565	1381
1565	1590	1381
1565	1669	1590
1669	1608	1590
1669	1816	1608
1816	1813	1608
1813	1652	1608
1565	1712	1669
1565	1535	1712
1565	1450	1535
1381	1262	1284
1302	1404	1324
1404	1351	1324
1351	1320	1324
1304	1415	1379
1379	1355	1304
1379	1386	1355
1386	1471	1355
1471	1428	1355
1428	1417	1355
1417	1317	1355
1471	1498	1428
1498	1569	1428
1498	1572	1569
1572	1615	1569
1572	1673	1615
1572	1696	1673
1696	1792	1673
1696	1818	1792
1818	1870	1792
1818	1969	1870
1696	1789	1818
1696	1747	1789
1747	1842	1789
1747	1695	1842
1695	1728	1842
1747	1672	1695
1672	1642	1695
1672	1541	1642
1541	1527	1642
1527	1568	1642
1527	1513	1568
1513	1483	1568
1513	1415	1483
1513	1527	1415
1527	1446	1415
1446	1386	1415
1386	1379	1415
1446	1471	1386
1446	1541	1471
1541	1498	1471
1541	1572	1498
1541	1696	1572
1446	1527	1541
1747	1696	1672
1326	1422	1468
1326	1391	1422
1327	1424	1344
1327	1478	1424
1478	1543	1424
1328	1465	1419
1330	1396	1416
1396	1529	1416
1335	1407	1520
1407	1534	1520
1339	1536	1412
1536	1571	1412
1536	1683	1571
1683	1714	1571
1714	1639	1571
1639	1468	1571
1639	1479	1468
1683	1850	1714
1683	1743	1850
1743	1835	1850
1835	1952	1850
1952	1896	1850
1683	1536	1743
1339	1371	1536
1349	1357	1411
1357	1467	1411
1467	1489	1411
1489	1552	1411
1467	1504	1489
1467	1579	1504
1467	1447	1579
1467	1390	1447
1390	1395	1447
1361	1449	1459
1366	1493	1511
1370	1389	1445
1389	1408	1445
1408	1502	1445
1408	1444	1502
1380	1454	1443
1443	1442	1380
1443	1522	1442
1443	1454	1522
1380	1491	1454
1491	1496	1454
1491	1575	1496
1462	1605	1617
1605	1645	1617
1645	1664	1617
1617	1606	1462
1606	1547	1462
1606	1705	1547
1606	1766	1705
1606	1800	1766
1606	1617	1800
1466	1611	1508
1611	1674	1508
1500	1523	1584
1523	1633	1584
1633	1715	1584
1715	1670	1584
1670	1612	1584
1633	1716	1715
1716	1802	1715
1507	1609	1558
1609	1600	1558
1609	1660	1600
1660	1720	1600
1660	1770	1720
1770	1760	1720
1660	1725	1770
1660	1609	1725
1609	1676	1725
1507	1542	1609
1509	1553	1555
1514	1537	1526
1514	1550	1537
1550	1675	1537
1526	1465	1514
1539	1610	1587
1539	1544	1610
1544	1607	1610
1544	1567	1607
1539	1505	1544
1545	1599	1638
1546	1580	1686
1686	1675	1546
1686	1809	1675
1686	1782	1809
1686	1753	1782
1686	1580	1753
1580	1722	1753
1722	1761	1753
1761	1914	1753
1722	1787	1761
1580	1603	1722
1557	1583	1621
1583	1739	1621
1559	1592	1798
1559	1480	1592
1480	1625	1592
1625	1637	1592
1637	1798	1592
1561	1594	1573
1561	1487	1594
1566	1824	1671
1824	1717	1671
1717	1625	1671
1717	1858	1625
1717	1900	1858
1900	2012	1858
1717	1824	1900
1824	1860	1900
1824	1877	1860
1585	1732	1620
1588	1597	1624
1597	1619	1624
1593	1661	1635
1661	1755	1635
1755	1663	1635
1661	1767	1755
1598	1759	1711
1759	1899	1711
1629	1630	1656
1630	1631	1656
1631	1707	1656
1707	1708	1656
1707	1806	1708
1806	1777	1708
1631	1655	1707
1631	1632	1655
1644	1757	1698
1757	1734	1698
1734	1700	1698
1734	1769	1700
1769	1763	1700
1769	1859	1763
1859	1783	1763
1859	1866	1783
1859	1953	1866
1769	1803	1859
1769	1734	1803
1646	1801	1788
1648	1799	1737
1649	1774	1731
1649	1890	1774
1677	1915	1811
1692	1857	1885
1692	1815	1857
1815	2038	1857
2038	2045	1857
2045	1885	1857
1815	2033	2038
1815	2013	2033
1815	1856	2013
1815	1838	1856
1694	1864	1758
1703	1822	1897
1706	1985	1925
1985	2111	1925
1985	2128	2111
1713	1847	1752
1721	1756	1839
1839	1894	1721
1894	1901	1721
1894	1940	1901
1940	1978	1901
1978	1795	1901
1940	2129	1978
2129	2145	1978
2145	2068	1978
1733	1784	1888
1740	1908	1865
1764	1833	1959
1833	1997	1959
1997	2019	1959
2019	1999	1959
1999	1950	1959
1950	1764	1959
1999	1986	1950
1986	1923	1950
1923	1823	1950
1999	2060	1986
1997	2155	2019
1997	2171	2155
2171	2283	2155
2171	2332	2283
2332	2329	2283
2332	2460	2329
2460	2499	2329
2460	2552	2499
2552	2524	2499
2524	2483	2499
2552	2704	2524
2552	2695	2704
2695	2786	2704
2332	2398	2460
2332	2351	2398
2351	2345	2398
2351	2215	2345
2215	2196	2345
2196	2246	2345
2246	2383	2345
2351	2332	2215
1997	2063	2171
1997	1983	2063
1997	1833	1983
1833	1781	1983
1781	1844	1983
1771	1862	1836
1808	1907	1841
1814	1830	1878
1837	1951	1892
1855	1992	2016
1992	2052	2016
2052	2049	2016
2049	2008	2016
2049	2042	2008
2042	2007	2008
2049	2109	2042
2049	2052	2109
2052	2187	2109
2052	2077	2187
2077	2256	2187
2256	2311	2187
2052	1992	2077
1992	2020	2077
1879	1903	1905
1880	1961	1970
1961	2071	1970
2071	2093	1970
2071	2263	2093
2263	2325	2093
1883	2032	1920
1883	1998	2032
1998	2029	2032
2029	2182	2032
2029	2205	2182
2029	2028	2205
2028	2143	2205
2028	2012	2143
2029	1998	2028
1998	1798	2028
1884	1919	1918
1919	1944	1918
1944	1945	1918
1944	1990	1945
1944	1919	1990
1887	1934	1932
1909	1955	2064
1909	1813	1955
1909	1832	1813
1955	2025	2064
2025	2116	2064
2025	2200	2116
2025	2211	2200
2025	2054	2211
2054	2125	2211
2125	2195	2211
2054	2014	2125
2064	1993	1909
2064	2053	1993
2053	1994	1993
1994	1927	1993
1994	2026	1927
2026	2001	1927
2001	1864	1927
2001	1882	1864
2026	2140	2001
2026	2130	2140
2026	2141	2130
2026	1994	2141
1994	2053	2141
1910	1935	1974
1974	2037	1910
2037	2000	1910
2037	2096	2000
2096	2080	2000
2096	2120	2080
2096	2162	2120
1911	1975	2051
1975	2150	2051
1916	1964	2006
2006	2005	1916
2006	2156	2005
2006	2136	2156
1921	2059	2070
2059	2088	2070
2059	2191	2088
1921	1899	2059
1922	1971	1938
1930	1995	1984
1930	1947	1995
1947	2075	1995
2075	2175	1995
2175	1984	1995
2175	2134	1984
2075	2204	2175
2204	2244	2175
2204	2280	2244
2204	2355	2280
2204	2221	2355
2221	2433	2355
2433	2475	2355
2475	2517	2355
2475	2665	2517
2475	2684	2665
2684	2791	2665
2684	2794	2791
2794	2909	2791
2909	2910	2791
2910	2843	2791
2910	2939	2843
2939	2908	2843
2908	2815	2843
2815	2760	2843
2815	2766	2760
2815	2796	2766
2815	2824	2796
2824	2782	2796
2824	2977	2782
2977	2854	2782
2977	2956	2854
2956	2931	2854
2931	2837	2854
2837	2700	2854
2931	2853	2837
2853	2741	2837
2853	2744	2741
2744	2663	2741
2663	2572	2741
2663	2494	2572
2853	2887	2744
2887	2897	2744
2887	2989	2897
2989	2982	2897
2989	3152	2982
2989	3120	3152
3120	3228	3152
3120	3288	3228
3288	3304	3228
3288	3381	3304
3288	3217	3381
3288	3154	3217
3154	3105	3217
3154	3131	3105
3131	2956	3105
2956	2977	3105
3154	3120	3131
3120	3061	3131
3120	2989	3061
2989	2953	3061
2989	2887	2953
2887	2853	2953
3154	3288	3120
2815	2908	2824
2939	3000	2908
2939	3035	3000
2939	2966	3035
2966	3124	3035
2966	2909	3124
2966	2910	2909
2966	2939	2910
2684	2560	2794
2560	2712	2794
2560	2585	2712
2585	2591	2712
2591	2780	2712
2591	2763	2780
2763	2911	2780
2763	2882	2911
2763	2652	2882
2652	2718	2882
2718	2964	2882
2652	2646	2718
2646	2739	2718
2646	2653	2739
2653	2728	2739
2728	2764	2739
2764	2943	2739
2943	2944	2739
2943	3057	2944
3057	2964	2944
2943	3018	3057
3018	3203	3057
3018	3187	3203
3018	3133	3187
3133	3139	3187
3133	3104	3139
3104	2981	3139
3104	2929	2981
2929	2884	2981
2884	2967	2981
2967	3093	2981
2884	2872	2967
2929	2733	2884
2733	2649	2884
3104	3018	2929
3104	3133	3018
2943	2764	3018
2653	2490	2728
2653	2496	2490
2653	2443	2496
2653	2646	2443
2652	2446	2646
2652	2601	2446
2601	2486	2446
2585	2513	2591
2513	2563	2591
2585	2560	2513
2560	2469	2513
2469	2316	2513
2469	2433	2316
2433	2221	2316
2469	2475	2433
2469	2684	2475
2469	2560	2684
1933	2066	2036
2036	1957	1933
2036	2048	1957
2048	2101	1957
2036	2181	2048
2036	2066	2181
2066	2164	2181
2066	2024	2164
2024	2174	2164
2066	1933	2024
1941	1949	2058
2058	2044	1941
2058	2160	2044
2160	2194	2044
2194	2138	2044
2194	2206	2138
2206	2172	2138
2194	2262	2206
2194	2160	2262
2160	2360	2262
2360	2371	2262
2360	2467	2371
2467	2468	2371
2468	2559	2371
2559	2416	2371
2416	2258	2371
2416	2328	2258
2328	2242	2258
2416	2364	2328
2416	2436	2364
2416	2571	2436
2571	2664	2436
2664	2441	2436
2664	2554	2441
2571	2676	2664
2676	2866	2664
2866	2888	2664
2888	2745	2664
2888	2881	2745
2676	2859	2866
2859	2916	2866
2676	2683	2859
2676	2559	2683
2559	2588	2683
2588	2691	2683
2588	2468	2691
2468	2511	2691
2511	2732	2691
2511	2604	2732
2511	2477	2604
2511	2360	2477
2511	2467	2360
2511	2468	2467
2588	2559	2468
2676	2571	2559
2571	2416	2559
1943	2030	1966
2030	2142	1966
2142	2186	1966
1954	2015	2002
2015	2062	2002
2015	2234	2062
2234	2184	2062
2184	2179	2062
2179	1958	2062
2179	2108	1958
2179	2157	2108
2157	2149	2108
2149	2013	2108
2157	2180	2149
2157	2179	2180
2179	2257	2180
2179	2276	2257
2276	2394	2257
2276	2346	2394
2276	2234	2346
2234	2245	2346
2245	2348	2346
2245	2350	2348
2234	2057	2245
2057	2073	2245
2234	2015	2057
2276	2184	2234
2276	2179	2184
1960	2159	2092
2092	1897	1960
2092	1877	1897
2159	2189	2092
1960	2056	2159
2056	2216	2159
2216	2240	2159
2056	2115	2216
1962	1963	2004
1967	1996	1979
1976	2018	2133
1976	1977	2018
1977	2072	2018
2072	2133	2018
2072	2154	2133
2072	2099	2154
2072	2076	2099
2072	1977	2076
1977	2007	2076
2133	2083	1976
2133	2193	2083
2133	2238	2193
2238	2237	2193
2238	2314	2237
1981	2065	2165
1982	2097	2123
1982	2122	2097
2122	2167	2097
2167	2123	2097
2122	2323	2167
2122	2374	2323
2123	1914	1982
2123	1949	1914
2023	2203	2114
2203	2178	2114
2178	2207	2114
2207	2069	2114
2207	2236	2069
2236	2132	2069
2031	2105	2103
2105	2177	2103
2177	2146	2103
2146	2104	2103
2104	2047	2103
2047	2031	2103
2104	2043	2047
2034	2095	2089
2095	2268	2089
2095	2124	2268
2124	2321	2268
2074	2118	2185
2118	2273	2185
2273	2272	2185
2273	2451	2272
2273	2391	2451
2391	2529	2451
2529	2536	2451
2536	2390	2451
2536	2442	2390
2442	2304	2390
2536	2570	2442
2536	2655	2570
2655	2709	2570
2273	2278	2391
2273	2118	2278
2082	2286	2235
2286	2372	2235
2286	2302	2372
2302	2471	2372
2471	2465	2372
2471	2597	2465
2471	2678	2597
2471	2557	2678
2471	2533	2557
2471	2406	2533
2471	2320	2406
2471	2302	2320
2302	2286	2320
2086	2163	2224
2094	2255	2271
2094	2111	2255
2255	2431	2271
2106	2147	2119
2131	2267	2201
2151	2287	2161
2161	2060	2151
2166	2218	2254
2166	2119	2218
2119	2312	2218
2312	2296	2218
2296	2254	2218
2254	2173	2166
2173	2102	2166
2254	2288	2173
2288	2318	2173
2192	2243	2227
2198	2382	2230
2198	2378	2382
2378	2476	2382
2378	2384	2476
2202	2298	2219
2209	2292	2220
2292	2338	2220
2248	2339	2322
2248	2359	2339
2359	2404	2339
2404	2447	2339
2447	2322	2339
2248	2340	2359
2252	2299	2429
2252	2045	2299
2299	2449	2429
2449	2602	2429
2299	2444	2449
2444	2509	2449
2264	2305	2335
2305	2420	2335
2290	2370	2373
2294	2434	2307
2307	2177	2294
2434	2501	2307
2434	2461	2501
2461	2628	2501
2628	2730	2501
2628	2696	2730
2696	2754	2730
2754	2771	2730
2300	2366	2385
2366	2392	2385
2366	2503	2392
2303	2336	2363
2336	2445	2363
2445	2535	2363
2535	2395	2363
2445	2470	2535
2445	2455	2470
2445	2336	2455
2313	2399	2417
2417	2375	2313
2417	2421	2375
2421	2489	2375
2399	2479	2417
2399	2463	2479
2463	2518	2479
2463	2548	2518
2548	2592	2518
2399	2453	2463
2313	2311	2399
2347	2409	2435
2347	2325	2409
2352	2367	2376
2352	2500	2367
2352	2425	2500
2353	2413	2408
2353	2388	2413
2353	2314	2388
2357	2415	2423
2415	2603	2423
2603	2579	2423
2579	2481	2423
2579	2480	2481
2480	2474	2481
2480	2487	2474
2487	2482	2474
2487	2507	2482
2487	2543	2507
2543	2553	2507
2553	2546	2507
2553	2649	2546
2553	2654	2649
2553	2543	2654
2543	2579	2654
2543	2480	2579
2543	2487	2480
2603	2624	2579
2415	2576	2603
2576	2681	2603
2415	2485	2576
2369	2430	2540
2377	2381	2464
2464	2370	2377
2381	2519	2464
2519	2607	2464
2519	2621	2607
2400	2424	2568
2424	2600	2568
2568	2414	2400
2568	2407	2414
2407	2240	2414
2401	2520	2488
2520	2621	2488
2411	2544	2583
2544	2580	2583
2580	2775	2583
2775	2618	2583
2618	2573	2583
2618	2659	2573
2659	2606	2573
2606	2485	2573
2659	2681	2606
2659	2806	2681
2806	2857	2681
2659	2769	2806
2659	2618	2769
2618	2775	2769
2580	2723	2775
2580	2544	2723
2418	2631	2491
2631	2677	2491
2677	2505	2491
2677	2516	2505
2677	2538	2516
2677	2725	2538
2418	2629	2631
2450	2556	2566
2493	2564	2569
2569	2584	2493
2584	2562	2493
2584	2635	2562
2635	2637	2562
2637	2567	2562
2637	2642	2567
2642	2604	2567
2635	2816	2637
2635	2641	2816
2635	2584	2641
2584	2569	2641
2569	2713	2641
2569	2564	2713
2564	2643	2713
2643	2587	2713
2643	2564	2587
2502	2615	2692
2502	2504	2615
2504	2581	2615
2581	2736	2615
2736	2692	2615
2736	2842	2692
2842	2849	2692
2842	2920	2849
2920	2876	2849
2876	2715	2849
2876	2950	2715
2950	2768	2715
2920	3094	2876
2920	2992	3094
2736	2834	2842
2834	2875	2842
2834	3030	2875
2834	2823	3030
2823	2904	3030
2504	2537	2581
2512	2575	2667
2512	2407	2575
2667	2470	2512
2522	2690	2574
2522	2605	2690
2605	2612	2690
2523	2674	2609
2674	2707	2609
2707	2645	2609
2523	2540	2674
2540	2716	2674
2540	2703	2716
2703	2825	2716
2825	2838	2716
2825	2945	2838
2945	2959	2838
2945	3010	2959
2945	2976	3010
2976	3110	3010
2976	3091	3110
2976	2978	3091
2978	2990	3091
2990	3015	3091
2990	2947	3015
2947	2948	3015
2947	2903	2948
2903	2975	2948
2975	3078	2948
2990	2978	2947
2976	2828	2978
2976	2826	2828
2976	2945	2826
2945	2825	2826
2825	2798	2826
2825	2703	2798
2540	2685	2703
2528	2705	2647
2541	2596	2661
2549	2669	2682
2669	2743	2682
2743	2757	2682
2757	2749	2682
2757	2790	2749
2790	2880	2749
2880	2800	2749
2757	2743	2790
2743	2979	2790
2743	2893	2979
2614	2731	2787
2622	2675	2840
2840	2695	2622
2623	2666	2735
2623	2650	2666
2627	2679	2687
2633	2738	2708
2738	2804	2708
2804	2883	2708
2640	2862	2870
2862	3082	2870
3082	2962	2870
2962	2867	2870
2962	2885	2867
2885	2869	2867
2648	2751	2783
2751	2803	2783
2668	2734	2752
2697	2711	2747
2711	2785	2747
2714	2746	2776
2776	2685	2714
2746	2765	2776
2746	2777	2765
2721	2812	2781
2721	2758	2812
2781	2755	2721
2740	2949	2820
2949	2960	2820
2960	2986	2820
2986	2972	2820
2972	2917	2820
2972	3006	2917
3006	2983	2917
2983	2839	2917
2983	2997	2839
2983	3039	2997
3039	3101	2997
2983	3185	3039
3185	3215	3039
3185	3270	3215
3270	3301	3215
3301	3101	3215
3270	3281	3301
3270	3185	3281
3185	3208	3281
3208	3313	3281
3185	3022	3208
3022	2986	3208
2986	3177	3208
3022	2972	2986
3022	3006	2972
3022	3185	3006
3185	2983	3006
2748	2877	2762
2877	2860	2762
2877	2892	2860
2892	2836	2860
2877	3024	2892
2753	2795	2918
2795	2996	2918
2767	2817	2914
2914	2921	2767
2914	3129	2921
3129	2961	2921
3129	3165	2961
3165	2980	2961
3129	3164	3165
3164	3264	3165
3264	3300	3165
2772	2896	2833
2784	2905	2810
2801	3003	2809
2802	2946	2878
2946	3079	2878
2946	3095	3079
3095	3220	3079
3220	3182	3079
3220	3387	3182
3387	3247	3182
3247	3130	3182
3247	3193	3130
3193	3055	3130
3055	3051	3130
3193	3046	3055
3247	3207	3193
3247	3422	3207
3247	3366	3422
3366	3482	3422
3366	3387	3482
3366	3247	3387
3220	3343	3387
3343	3405	3387
2946	3047	3095
2946	2927	3047
2927	3065	3047
3065	3161	3047
3065	3160	3161
3160	3339	3161
3160	3306	3339
3306	3373	3339
3306	3401	3373
3160	3103	3306
3103	3183	3306
3103	3136	3183
3136	3146	3183
3103	2988	3136
2988	2880	3136
3103	3065	2988
3065	2927	2988
3103	3160	3065
2807	2899	2856
2807	2850	2899
2850	2926	2899
2926	2974	2899
2974	3048	2899
2974	3135	3048
3135	3075	3048
3075	3066	3048
3135	3162	3075
3135	3201	3162
3201	3263	3162
3201	3297	3263
3297	3344	3263
2850	2855	2926
2808	2906	2879
2814	2865	2957
2865	3031	2957
3031	3085	2957
2865	2991	3031
2991	3119	3031
2991	3076	3119
2821	2852	2900
2835	2868	2985
2985	2934	2835
2985	3052	2934
3052	3027	2934
2844	3034	3033
2848	3005	2993
3005	3100	2993
2864	2898	2933
2898	3116	2933
3116	3147	2933
3116	3272	3147
3272	3174	3147
3272	3213	3174
3213	3178	3174
2889	2951	2912
2889	3014	2951
3014	3073	2951
2889	2895	3014
2901	3049	3070
2907	2919	3032
2919	2932	3032
2932	2930	3032
2932	2713	2930
2932	2919	2713
2915	2970	3028
2970	3099	3028
2970	2968	3099
2968	3060	3099
3060	3268	3099
3268	3291	3099
3268	3321	3291
3321	3296	3291
3321	3428	3296
3428	3293	3296
3321	3447	3428
3321	3517	3447
3517	3640	3447
3640	3526	3447
3517	3590	3640
3590	3629	3640
3590	3651	3629
3590	3631	3651
3590	3430	3631
3590	3517	3430
3517	3321	3430
3321	3364	3430
3321	3268	3364
3268	3311	3364
3268	3265	3311
3265	3327	3311
3265	3284	3327
3265	3320	3284
3060	3064	3268
3064	3069	3268
3064	3063	3069
3063	3056	3069
3063	2999	3056
2999	3071	3056
2999	2955	3071
3063	2883	2999
3063	3064	2883
3064	2968	2883
3064	3060	2968
3028	2904	2915
3028	3045	2904
2937	3040	3087
2937	2907	3040
2937	2816	2907
2937	2941	2816
2937	3087	2941
3040	3195	3087
3195	3218	3087
3195	3399	3218
3399	3303	3218
3303	3149	3218
3399	3412	3303
3195	3393	3399
3195	3292	3393
3292	3452	3393
3292	3239	3452
3239	3334	3452
3334	3509	3452
3509	3557	3452
3557	3563	3452
3563	3582	3452
3563	3623	3582
3563	3557	3623
3334	3531	3509
2987	3088	3007
3088	3184	3007
3088	3259	3184
3259	3250	3184
3250	3253	3184
3250	3448	3253
3448	3336	3253
3259	3500	3250
3259	3459	3500
3459	3678	3500
3088	3236	3259
3236	3305	3259
3088	3090	3236
3090	3246	3236
3090	3113	3246
3113	3230	3246
3230	3326	3246
3230	3445	3326
3445	3527	3326
3445	3486	3527
3486	3620	3527
3486	3633	3620
3633	3790	3620
3790	3781	3620
3781	3714	3620
3781	3825	3714
3781	3880	3825
3880	3981	3825
3981	3931	3825
3931	3895	3825
3931	3976	3895
3976	3890	3895
3890	3720	3895
3976	3951	3890
3976	4041	3951
3880	4067	3981
4067	4140	3981
4067	4205	4140
4205	4309	4140
4205	4317	4309
4317	4399	4309
4399	4418	4309
4399	4459	4418
4459	4501	4418
4501	4473	4418
4473	4432	4418
4432	4376	4418
4432	4400	4376
4432	4457	4400
4457	4387	4400
4432	4545	4457
4545	4558	4457
4545	4609	4558
4609	4547	4558
4547	4526	4558
4547	4461	4526
4461	4489	4526
4547	4549	4461
4547	4612	4549
4612	4579	4549
4612	4642	4579
4642	4712	4579
4712	4610	4579
4712	4646	4610
4646	4634	4610
4634	4566	4610
4646	4710	4634
4646	4787	4710
4787	4757	4710
4787	4815	4757
4787	4864	4815
4864	4904	4815
4904	4847	4815
4904	4938	4847
4938	4901	4847
4901	4846	4847
4938	4952	4901
4952	4913	4901
4952	4990	4913
4990	4982	4913
4990	5038	4982
5038	4996	4982
5038	5091	4996
5091	5077	4996
5077	4981	4996
5077	5037	4981
5037	4995	4981
5037	5012	4995
5012	4970	4995
5037	5024	5012
5037	5031	5024
5031	5013	5024
5031	5045	5013
5045	5030	5013
5045	5056	5030
5031	5079	5045
5031	5073	5079
5073	5118	5079
5073	5078	5118
5078	5111	5118
5111	5128	5118
5128	5136	5118
5128	5135	5136
5135	5145	5136
5145	5142	5136
5142	5133	5136
5142	5140	5133
5140	5137	5133
5137	5119	5133
5137	5103	5119
5140	5134	5137
5142	5144	5140
5144	5141	5140
5144	5143	5141
5143	5139	5141
5139	5125	5141
5139	5122	5125
5122	5100	5125
5100	5112	5125
5100	5097	5112
5097	5098	5112
5098	5113	5112
5098	5099	5113
5099	5093	5113
5099	5063	5093
5063	5059	5093
5059	5072	5093
5072	5085	5093
5072	5055	5085
5055	5066	5085
5066	5089	5085
5066	5050	5089
5050	5054	5089
5054	5051	5089
5054	5004	5051
5004	4994	5051
4994	4980	5051
4994	4918	4980
4994	4934	4918
4934	4877	4918
4934	4873	4877
4873	4768	4877
4768	4741	4877
4873	4786	4768
4873	4845	4786
4845	4773	4786
4845	4825	4773
4825	4816	4773
4825	4865	4816
4865	4903	4816
4865	4845	4903
4845	4934	4903
4934	4953	4903
4953	4956	4903
4953	4986	4956
4986	4965	4956
4986	5050	4965
5050	5055	4965
5055	5027	4965
5055	5072	5027
5050	5066	5055
4986	5054	5050
4986	5004	5054
4986	4953	5004
4953	4994	5004
4953	4934	4994
4845	4873	4934
4865	4825	4845
5059	5002	5072
5059	5003	5002
5003	4992	5002
5003	4888	4992
4888	4961	4992
4888	4879	4961
4879	4899	4961
4899	4927	4961
4899	4869	4927
4899	4820	4869
4820	4792	4869
4899	4858	4820
4858	4849	4820
4849	4752	4820
4752	4739	4820
4752	4728	4739
4728	4586	4739
4586	4647	4739
4586	4550	4647
4550	4576	4647
4550	4528	4576
4528	4425	4576
4550	4463	4528
4550	4535	4463
4535	4438	4463
4438	4372	4463
4372	4377	4463
4372	4329	4377
4329	4312	4377
4372	4382	4329
4372	4438	4382
4438	4415	4382
4415	4368	4382
4415	4421	4368
4438	4577	4415
4438	4586	4577
4586	4728	4577
4728	4723	4577
4723	4578	4577
4578	4557	4577
4728	4734	4723
4734	4765	4723
4765	4785	4723
4765	4821	4785
4821	4867	4785
4821	4888	4867
4821	4874	4888
4874	4879	4888
4874	4858	4879
4858	4899	4879
4874	4849	4858
4874	4765	4849
4765	4752	4849
4765	4734	4752
4734	4728	4752
4874	4821	4765
4438	4535	4586
4535	4550	4586
5059	5009	5003
5009	4999	5003
5009	4973	4999
5009	4976	4973
5059	5063	5009
5099	5067	5063
5099	5098	5067
5098	5070	5067
5070	5044	5067
5070	5064	5044
5064	5036	5044
5036	5029	5044
5029	4976	5044
5029	4964	4976
4964	4876	4976
4964	4907	4876
4907	4842	4876
4842	4790	4876
4790	4834	4876
4834	4850	4876
4842	4758	4790
4842	4747	4758
4747	4635	4758
4747	4719	4635
4719	4581	4635
4581	4559	4635
4559	4561	4635
4561	4598	4635
4559	4476	4561
4559	4444	4476
4444	4396	4476
4559	4477	4444
4559	4581	4477
4747	4788	4719
4747	4842	4788
4842	4838	4788
4838	4779	4788
4838	4848	4779
4848	4767	4779
4767	4684	4779
4848	4813	4767
4813	4750	4767
4813	4827	4750
4827	4851	4750
4851	4807	4750
4827	4848	4851
4827	4813	4848
4838	4881	4848
4838	4842	4881
4842	4906	4881
4906	4968	4881
4906	4964	4968
4964	5029	4968
5029	5035	4968
5029	5036	5035
5036	5064	5035
5064	5069	5035
5069	5062	5035
5062	5047	5035
5047	5022	5035
5022	5015	5035
5022	5053	5015
5053	5010	5015
5010	4977	5015
5010	4946	4977
4946	4851	4977
5010	4947	4946
4947	4885	4946
4947	4895	4885
4947	4948	4895
4948	4889	4895
4889	4814	4895
4889	4811	4814
4811	4732	4814
4732	4709	4814
4709	4735	4814
4732	4677	4709
4811	4706	4732
4811	4701	4706
4811	4727	4701
4727	4685	4701
4727	4681	4685
4727	4742	4681
4742	4667	4681
4742	4764	4667
4764	4689	4667
4764	4763	4689
4763	4756	4689
4756	4755	4689
4755	4657	4689
4657	4588	4689
4755	4670	4657
4670	4655	4657
4670	4683	4655
4683	4591	4655
4683	4622	4591
4683	4643	4622
4643	4544	4622
4643	4571	4544
4643	4611	4571
4611	4521	4571
4611	4620	4521
4620	4583	4521
4620	4614	4583
4620	4700	4614
4700	4682	4614
4682	4563	4614
4682	4628	4563
4628	4580	4563
4580	4540	4563
4580	4513	4540
4580	4487	4513
4580	4483	4487
4483	4456	4487
4483	4369	4456
4483	4410	4369
4410	4314	4369
4410	4322	4314
4410	4360	4322
4360	4290	4322
4290	4240	4322
4360	4370	4290
4370	4363	4290
4363	4228	4290
4363	4321	4228
4321	4256	4228
4256	4155	4228
4155	4129	4228
4129	4085	4228
4085	4104	4228
4085	3983	4104
4129	4096	4085
4096	3950	4085
4096	3977	3950
4096	4099	3977
4099	4046	3977
4046	3941	3977
3941	3833	3977
4046	3987	3941
4046	4030	3987
4030	4031	3987
4031	3934	3987
4031	4044	3934
4044	3990	3934
3990	3857	3934
3857	3830	3934
3830	3856	3934
3830	3792	3856
3792	3775	3856
3792	3695	3775
3792	3793	3695
3793	3752	3695
3793	3857	3752
3857	3848	3752
3848	3805	3752
3805	3764	3752
3764	3679	3752
3805	3771	3764
3857	3990	3848
3990	3928	3848
3990	4019	3928
4019	3929	3928
4019	3935	3929
4019	4052	3935
4052	3938	3935
4019	4100	4052
4100	4068	4052
4068	4058	4052
4068	4119	4058
4119	4102	4058
4102	4108	4058
4108	4036	4058
4036	3982	4058
4036	3959	3982
3959	3946	3982
3946	3881	3982
3946	3909	3881
3909	3814	3881
3814	3754	3881
3754	3810	3881
3810	3846	3881
3909	3910	3814
3909	3959	3910
3959	4036	3910
3909	3946	3959
4108	4107	4036
4107	4124	4036
4124	4122	4036
4122	4013	4036
4122	4012	4013
4122	4094	4012
4122	4187	4094
4187	4190	4094
4190	4086	4094
4190	4160	4086
4190	4215	4160
4215	4189	4160
4189	4147	4160
4189	4270	4147
4270	4179	4147
4189	4224	4270
4224	4287	4270
4287	4294	4270
4294	4299	4270
4294	4395	4299
4395	4340	4299
4395	4420	4340
4420	4474	4340
4474	4486	4340
4486	4471	4340
4471	4399	4340
4399	4317	4340
4471	4459	4399
4471	4501	4459
4471	4584	4501
4584	4603	4501
4603	4510	4501
4510	4473	4501
4510	4432	4473
4510	4545	4432
4510	4603	4545
4603	4627	4545
4627	4609	4545
4627	4547	4609
4627	4612	4547
4627	4642	4612
4627	4704	4642
4704	4686	4642
4686	4712	4642
4686	4707	4712
4707	4794	4712
4794	4802	4712
4802	4797	4712
4797	4803	4712
4803	4793	4712
4793	4646	4712
4793	4787	4646
4793	4864	4787
4793	4884	4864
4884	4917	4864
4917	4904	4864
4917	4966	4904
4966	4938	4904
4966	4967	4938
4967	4952	4938
4967	5000	4952
5000	4990	4952
5000	5038	4990
5000	5068	5038
5068	5083	5038
5083	5091	5038
5083	5094	5091
5094	5111	5091
5111	5077	5091
5111	5078	5077
5078	5037	5077
5078	5073	5037
5073	5031	5037
5094	5106	5111
5106	5126	5111
5126	5130	5111
5130	5128	5111
5130	5135	5128
5130	5126	5135
5106	5121	5126
5106	5115	5121
5106	5087	5115
5087	5105	5115
5105	5108	5115
5108	5109	5115
5108	5092	5109
5092	5075	5109
5075	5107	5109
5075	5080	5107
5080	5090	5107
5090	5102	5107
5102	5117	5107
5102	5131	5117
5102	5127	5131
5127	5138	5131
5127	5124	5138
5124	5146	5138
5146	5145	5138
5146	5144	5145
5144	5142	5145
5146	5143	5144
5146	5124	5143
5124	5123	5143
5123	5120	5143
5120	5116	5143
5116	5129	5143
5129	5139	5143
5129	5122	5139
5129	5095	5122
5095	5100	5122
5095	5081	5100
5081	5097	5100
5081	5070	5097
5070	5098	5097
5081	5064	5070
5081	5086	5064
5086	5069	5064
5086	5062	5069
5086	5053	5062
5053	5047	5062
5053	5022	5047
5086	5101	5053
5086	5116	5101
5116	5120	5101
5120	5114	5101
5120	5123	5114
5123	5124	5114
5124	5127	5114
5127	5096	5114
5127	5102	5096
5102	5076	5096
5076	5061	5096
5076	5040	5061
5040	5021	5061
5021	5026	5061
5021	4978	5026
4978	5010	5026
4978	4947	5010
4978	4948	4947
4978	5021	4948
5021	4985	4948
4985	4889	4948
5021	5040	4985
5076	5043	5040
5043	4988	5040
4988	4962	5040
4988	4941	4962
4941	4936	4962
4936	4892	4962
4936	4871	4892
4871	4796	4892
4796	4811	4892
4811	4889	4892
4796	4727	4811
4796	4742	4727
4796	4809	4742
4809	4800	4742
4800	4764	4742
4800	4804	4764
4804	4763	4764
4804	4756	4763
4804	4755	4756
4804	4810	4755
4810	4753	4755
4753	4670	4755
4753	4683	4670
4753	4746	4683
4746	4745	4683
4745	4643	4683
4745	4668	4643
4668	4611	4643
4668	4669	4611
4669	4620	4611
4669	4700	4620
4669	4751	4700
4751	4783	4700
4751	4812	4783
4812	4819	4783
4819	4776	4783
4819	4824	4776
4824	4844	4776
4844	4771	4776
4771	4730	4776
4730	4690	4776
4690	4682	4776
4682	4700	4776
4690	4628	4682
4690	4702	4628
4702	4615	4628
4615	4601	4628
4601	4580	4628
4601	4530	4580
4530	4483	4580
4530	4497	4483
4497	4410	4483
4497	4504	4410
4504	4404	4410
4404	4393	4410
4393	4370	4410
4370	4360	4410
4393	4363	4370
4393	4404	4363
4404	4394	4363
4394	4355	4363
4355	4321	4363
4355	4342	4321
4342	4281	4321
4281	4256	4321
4281	4219	4256
4219	4164	4256
4164	4155	4256
4164	4115	4155
4115	4129	4155
4115	4099	4129
4099	4096	4129
4115	4046	4099
4115	4030	4046
4115	4050	4030
4050	4031	4030
4050	4044	4031
4050	4120	4044
4120	4019	4044
4019	3990	4044
4120	4100	4019
4120	4173	4100
4173	4231	4100
4231	4119	4100
4119	4068	4100
4231	4206	4119
4206	4162	4119
4162	4102	4119
4162	4132	4102
4132	4108	4102
4132	4107	4108
4132	4124	4107
4132	4238	4124
4238	4203	4124
4203	4122	4124
4203	4187	4122
4203	4295	4187
4295	4190	4187
4295	4215	4190
4295	4315	4215
4315	4274	4215
4274	4224	4215
4224	4189	4215
4274	4287	4224
4274	4357	4287
4357	4294	4287
4357	4395	4294
4357	4446	4395
4446	4420	4395
4446	4503	4420
4503	4474	4420
4503	4531	4474
4531	4525	4474
4525	4486	4474
4525	4584	4486
4584	4471	4486
4525	4605	4584
4605	4640	4584
4640	4603	4584
4640	4678	4603
4678	4656	4603
4656	4627	4603
4656	4704	4627
4656	4708	4704
4708	4781	4704
4781	4775	4704
4775	4717	4704
4717	4686	4704
4717	4707	4686
4717	4775	4707
4775	4794	4707
4775	4799	4794
4799	4835	4794
4835	4856	4794
4856	4802	4794
4856	4884	4802
4884	4803	4802
4803	4797	4802
4884	4793	4803
4856	4935	4884
4935	4960	4884
4960	4917	4884
4960	4966	4917
4960	5011	4966
5011	5017	4966
5017	4993	4966
4993	4967	4966
4993	5000	4967
4993	5017	5000
5017	5068	5000
5017	5060	5068
5060	5105	5068
5105	5087	5068
5087	5083	5068
5087	5106	5083
5106	5094	5083
5060	5108	5105
5017	5011	5060
5011	5046	5060
5011	5016	5046
5016	5019	5046
5019	5032	5046
5032	5058	5046
5032	5052	5058
5052	5057	5058
5057	5074	5058
5074	5088	5058
5074	5071	5088
5074	5049	5071
5049	5041	5071
5041	5039	5071
5039	5048	5071
5039	5008	5048
5008	5020	5048
5008	5006	5020
5006	5007	5020
5007	5042	5020
5007	4991	5042
4991	5001	5042
5001	5034	5042
5034	5043	5042
5043	5080	5042
5080	5075	5042
5043	5090	5080
5043	5076	5090
5076	5102	5090
5034	4988	5043
5034	5001	4988
5001	4969	4988
4969	4941	4988
4969	4949	4941
4949	4891	4941
4949	4928	4891
4928	4897	4891
4897	4872	4891
4897	4810	4872
4810	4804	4872
4804	4800	4872
4800	4833	4872
4800	4809	4833
4809	4871	4833
4809	4796	4871
4897	4870	4810
4870	4801	4810
4801	4753	4810
4801	4746	4753
4801	4745	4746
4801	4806	4745
4806	4711	4745
4711	4668	4745
4711	4669	4668
4711	4751	4669
4711	4806	4751
4806	4812	4751
4806	4823	4812
4823	4880	4812
4880	4886	4812
4886	4819	4812
4886	4854	4819
4854	4824	4819
4854	4844	4824
4854	4898	4844
4898	4926	4844
4926	4911	4844
4911	4868	4844
4868	4853	4844
4853	4817	4844
4817	4772	4844
4772	4771	4844
4772	4730	4771
4772	4702	4730
4702	4690	4730
4772	4778	4702
4778	4693	4702
4693	4676	4702
4676	4615	4702
4676	4582	4615
4582	4530	4615
4530	4601	4615
4582	4504	4530
4504	4497	4530
4582	4490	4504
4490	4440	4504
4440	4404	4504
4440	4394	4404
4440	4490	4394
4490	4422	4394
4422	4355	4394
4422	4342	4355
4422	4339	4342
4339	4281	4342
4339	4320	4281
4320	4289	4281
4289	4219	4281
4289	4181	4219
4181	4145	4219
4145	4164	4219
4145	4115	4164
4145	4050	4115
4145	4120	4050
4145	4157	4120
4157	4172	4120
4172	4173	4120
4172	4255	4173
4255	4259	4173
4259	4251	4173
4251	4231	4173
4251	4275	4231
4275	4206	4231
4275	4238	4206
4238	4162	4206
4238	4163	4162
4163	4132	4162
4163	4238	4132
4251	4359	4275
4251	4259	4359
4259	4378	4359
4378	4407	4359
4407	4428	4359
4428	4361	4359
4428	4423	4361
4423	4333	4361
4333	4313	4361
4313	4260	4361
4313	4203	4260
4203	4238	4260
4313	4295	4203
4313	4333	4295
4333	4315	4295
4333	4357	4315
4357	4274	4315
4333	4403	4357
4403	4446	4357
4403	4468	4446
4468	4517	4446
4517	4503	4446
4517	4531	4503
4517	4565	4531
4565	4594	4531
4594	4605	4531
4605	4525	4531
4594	4616	4605
4616	4654	4605
4654	4640	4605
4654	4678	4640
4654	4696	4678
4696	4715	4678
4715	4708	4678
4708	4656	4678
4715	4720	4708
4720	4781	4708
4720	4774	4781
4774	4795	4781
4795	4799	4781
4799	4775	4781
4795	4866	4799
4866	4835	4799
4866	4856	4835
4866	4942	4856
4942	4951	4856
4951	4935	4856
4951	4987	4935
4987	5019	4935
5019	4960	4935
5019	5016	4960
5016	5011	4960
4987	4998	5019
4998	5032	5019
4998	5028	5032
5028	5052	5032
5028	5049	5052
5049	5057	5052
5049	5074	5057
5028	5018	5049
5018	5041	5049
5018	5025	5041
5025	5039	5041
5018	5014	5025
5014	4972	5025
5014	4958	4972
4958	4944	4972
4944	4926	4972
4926	4931	4972
4931	4963	4972
4963	4971	4972
4963	4975	4971
4975	5008	4971
4975	5006	5008
4975	4959	5006
4959	5007	5006
4959	4949	5007
4949	4991	5007
4949	4969	4991
4969	5001	4991
4959	4928	4949
4959	4940	4928
4940	4870	4928
4870	4897	4928
4940	4912	4870
4912	4840	4870
4840	4801	4870
4840	4806	4801
4840	4823	4806
4840	4916	4823
4916	4880	4823
4916	4931	4880
4931	4886	4880
4931	4898	4886
4898	4854	4886
4931	4926	4898
4916	4945	4931
4945	4963	4931
4945	4975	4963
4945	4943	4975
4943	4959	4975
4943	4940	4959
4943	4912	4940
4943	4945	4912
4945	4916	4912
4916	4840	4912
4944	4932	4926
4932	4911	4926
4932	4944	4911
4944	4958	4911
4958	4955	4911
4955	4921	4911
4921	4900	4911
4900	4883	4911
4883	4868	4911
4883	4853	4868
4883	4863	4853
4883	4900	4863
4900	4921	4863
4921	4859	4863
4921	4909	4859
4909	4908	4859
4908	4861	4859
4861	4831	4859
4861	4862	4831
4862	4818	4831
4818	4789	4831
4818	4798	4789
4798	4762	4789
4762	4748	4789
4762	4736	4748
4736	4697	4748
4736	4674	4697
4674	4679	4697
4679	4703	4697
4703	4714	4697
4703	4695	4714
4695	4729	4714
4695	4725	4729
4695	4644	4725
4644	4664	4725
4664	4713	4725
4713	4759	4725
4713	4778	4759
4778	4817	4759
4817	4853	4759
4778	4772	4817
4713	4693	4778
4713	4664	4693
4664	4592	4693
4592	4676	4693
4592	4582	4676
4592	4552	4582
4552	4490	4582
4552	4536	4490
4536	4422	4490
4536	4551	4422
4536	4630	4551
4630	4644	4551
4630	4650	4644
4650	4664	4644
4650	4630	4664
4630	4592	4664
4630	4536	4592
4536	4552	4592
4695	4662	4644
4662	4638	4644
4662	4679	4638
4679	4585	4638
4662	4703	4679
4662	4695	4703
4674	4658	4679
4674	4616	4658
4674	4654	4616
4674	4696	4654
4674	4736	4696
4736	4715	4696
4736	4762	4715
4762	4774	4715
4774	4720	4715
4762	4798	4774
4798	4795	4774
4798	4818	4795
4818	4860	4795
4860	4866	4795
4860	4910	4866
4910	4942	4866
4910	4925	4942
4925	4997	4942
4997	4987	4942
4987	4951	4942
4997	4998	4987
4997	5028	4998
4997	5018	5028
4997	4954	5018
4954	4930	5018
4930	4955	5018
4955	5014	5018
4955	4958	5014
4930	4921	4955
4930	4909	4921
4930	4908	4909
4930	4954	4908
4954	4929	4908
4929	4861	4908
4929	4925	4861
4925	4862	4861
4925	4860	4862
4860	4818	4862
4925	4910	4860
4929	4954	4925
4954	4997	4925
4594	4565	4616
4403	4423	4468
4423	4428	4468
4428	4491	4468
4491	4516	4468
4491	4515	4516
4515	4585	4516
4491	4464	4515
4491	4407	4464
4407	4365	4464
4365	4416	4464
4365	4320	4416
4320	4339	4416
4339	4422	4416
4365	4289	4320
4365	4323	4289
4323	4255	4289
4255	4172	4289
4172	4181	4289
4172	4157	4181
4157	4145	4181
4323	4259	4255
4323	4378	4259
4323	4365	4378
4365	4407	4378
4491	4428	4407
4403	4333	4423
5086	5095	5116
5095	5129	5116
5086	5081	5095
5108	5088	5092
3793	3830	3857
3793	3792	3830
4906	4907	4964
4906	4842	4907
4067	4179	4205
3880	3903	4067
3903	3961	4067
3903	3790	3961
3903	3781	3790
3903	3880	3781
3230	3223	3445
3090	3023	3113
2995	3004	3191
3191	3176	2995
3176	3158	2995
3176	3197	3158
3176	3369	3197
3369	3435	3197
3435	3410	3197
3435	3504	3410
3504	3485	3410
3504	3567	3485
3504	3698	3567
3504	3687	3698
3687	3735	3698
3687	3828	3735
3828	3837	3735
3828	3949	3837
3949	3888	3837
3687	3722	3828
3722	3806	3828
3806	3874	3828
3806	3904	3874
3904	3948	3874
3904	4117	3948
4117	4022	3948
4117	4126	4022
4126	4066	4022
4066	3949	4022
4126	4123	4066
4117	4212	4126
4212	4249	4126
4212	4304	4249
4304	4330	4249
4212	4192	4304
4192	4352	4304
4212	4135	4192
4135	4023	4192
4212	4117	4135
3806	3780	3904
3806	3722	3780
3504	3479	3687
3504	3435	3479
3435	3369	3479
3016	3068	3157
3068	3138	3157
3068	3021	3138
3021	3181	3138
3021	3062	3181
3062	3077	3181
3017	3144	3086
3144	3222	3086
3222	3108	3086
3017	3080	3144
3080	3211	3144
3080	3151	3211
3151	3273	3211
3080	3029	3151
3019	3128	3175
3128	3252	3175
3128	3186	3252
3037	3038	3102
3072	3112	3127
3081	3106	3224
3118	3277	3302
3277	3337	3302
3337	3324	3302
3337	3498	3324
3277	3351	3337
3277	3427	3351
3277	3335	3427
3335	3409	3427
3409	3537	3427
3537	3503	3427
3537	3627	3503
3537	3555	3627
3555	3677	3627
3537	3412	3555
3537	3409	3412
3277	3196	3335
3277	3122	3196
3121	3258	3140
3258	3153	3140
3121	3340	3258
3340	3318	3258
3340	3453	3318
3453	3362	3318
3340	3396	3453
3396	3560	3453
3340	3377	3396
3132	3214	3233
3132	3200	3214
3214	3249	3233
3249	3374	3233
3374	3202	3233
3202	3132	3233
3137	3188	3232
3188	3245	3232
3232	3192	3137
3142	3319	3267
3319	3342	3267
3319	3467	3342
3467	3524	3342
3319	3415	3467
3415	3569	3467
3319	3248	3415
3319	3227	3248
3319	3142	3227
3143	3276	3150
3276	3255	3150
3255	3180	3150
3255	3317	3180
3145	3285	3338
3156	3194	3205
3159	3241	3266
3173	3190	3314
3190	3324	3314
3314	3212	3173
3314	3385	3212
3198	3330	3353
3330	3468	3353
3468	3474	3353
3199	3389	3397
3389	3490	3397
3210	3235	3391
3235	3463	3391
3463	3497	3391
3237	3423	3368
3423	3392	3368
3254	3358	3359
3358	3398	3359
3359	3377	3254
3359	3402	3377
3269	3379	3390
3379	3354	3390
3354	3472	3390
3472	3541	3390
3541	3533	3390
3541	3598	3533
3541	3796	3598
3796	3823	3598
3796	3906	3823
3906	3942	3823
3906	4081	3942
4081	4059	3942
4059	3925	3942
3472	3600	3541
3600	3680	3541
3600	3576	3680
3354	3376	3472
3379	3309	3354
3274	3278	3407
3278	3279	3407
3280	3406	3345
3406	3492	3345
3492	3433	3345
3289	3312	3469
3312	3476	3469
3289	3203	3312
3308	3419	3372
3419	3458	3372
3458	3471	3372
3372	3245	3308
3245	3299	3308
3322	3394	3352
3323	3421	3332
3325	3347	3470
3325	3213	3347
3347	3529	3470
3529	3588	3470
3529	3617	3588
3617	3663	3588
3529	3672	3617
3672	3701	3617
3701	3719	3617
3329	3403	3432
3432	3423	3329
3432	3550	3423
3432	3510	3550
3510	3570	3550
3432	3403	3510
3329	3300	3403
3331	3420	3460
3460	3444	3331
3460	3538	3444
3356	3360	3388
3360	3418	3388
3418	3530	3388
3360	3362	3418
3360	3287	3362
3357	3564	3508
3361	3438	3363
3361	3515	3438
3438	3501	3363
3501	3484	3363
3501	3584	3484
3584	3610	3484
3584	3642	3610
3642	3795	3610
3642	3767	3795
3767	3878	3795
3878	3927	3795
3878	3953	3927
3953	3960	3927
3953	4116	3960
3953	4016	4116
3953	3908	4016
3953	3878	3908
3878	3901	3908
3878	3767	3901
3584	3501	3642
3501	3438	3642
3365	3535	3384
3535	3532	3384
3395	3540	3506
3506	3475	3395
3506	3553	3475
3553	3654	3475
3654	3630	3475
3506	3540	3553
3404	3494	3416
3408	3434	3548
3548	3491	3408
3548	3684	3491
3684	3576	3491
3684	3800	3576
3411	3572	3578
3572	3643	3578
3643	3591	3578
3572	3575	3643
3436	3562	3461
3562	3606	3461
3462	3477	3566
3477	3625	3566
3477	3544	3625
3544	3593	3625
3544	3571	3593
3566	3552	3462
3552	3489	3462
3566	3709	3552
3465	3511	3496
3511	3581	3496
3511	3703	3581
3511	3542	3703
3542	3655	3703
3495	3636	3559
3636	3685	3559
3685	3704	3559
3704	3585	3559
3636	3674	3685
3636	3599	3674
3636	3495	3599
3513	3660	3668
3660	3789	3668
3789	3705	3668
3513	3589	3660
3589	3647	3660
3589	3490	3647
3521	3594	3637
3594	3723	3637
3594	3611	3723
3594	3405	3611
3637	3644	3521
3522	3554	3545
3554	3733	3545
3522	3528	3554
3528	3561	3554
3539	3673	3616
3539	3582	3673
3551	3592	3697
3592	3716	3697
3583	3657	3700
3603	3676	3725
3603	3538	3676
3676	3708	3725
3604	3706	3675
3706	3694	3675
3609	3765	3740
3765	3863	3740
3765	3822	3863
3765	3725	3822
3725	3834	3822
3613	3632	3641
3614	3731	3681
3681	3570	3614
3619	3710	3667
3621	3653	3772
3624	3826	3748
3624	3644	3826
3649	3760	3757
3656	3665	3815
3665	3769	3815
3665	3702	3769
3815	3683	3656
3815	3816	3683
3659	3845	3804
3845	3860	3804
3860	3866	3804
3866	3873	3804
3873	3693	3804
3873	3843	3693
3860	3920	3866
3860	3845	3920
3682	3738	3726
3686	3770	3779
3770	3855	3779
3855	3803	3779
3803	3729	3779
3729	3686	3779
3803	3760	3729
3690	3692	3736
3692	3870	3736
3692	3872	3870
3872	3887	3870
3872	4000	3887
3872	3963	4000
3696	3758	3877
3758	3801	3877
3801	3824	3877
3824	4011	3877
3824	4026	4011
3824	4072	4026
4072	4170	4026
4072	4222	4170
4072	4121	4222
3801	3836	3824
3699	3711	3750
3750	3759	3699
3750	3797	3759
3750	3915	3797
3915	3923	3797
3750	3802	3915
3802	3853	3915
3707	3743	3728
3743	3774	3728
3743	3819	3774
3743	3858	3819
3712	3794	3811
3721	3832	3849
3832	3902	3849
3902	3896	3849
3896	3812	3849
3902	4009	3896
4009	3995	3896
3902	4015	4009
3902	4063	4015
3902	3943	4063
3902	3865	3943
3865	3844	3943
3865	3832	3844
3865	3902	3832
3727	3788	3820
3788	3817	3820
3817	3954	3820
3817	3879	3954
3817	3788	3879
3820	3677	3727
3730	3734	3798
3734	3829	3798
3732	3917	3893
3893	3706	3732
3742	3840	3898
3898	3776	3742
3744	3745	3778
3745	3705	3778
3768	3827	3886
3827	3897	3886
3897	4003	3886
4003	3936	3886
3936	3768	3886
3799	3867	3876
3867	4038	3876
4038	4008	3876
3799	3744	3867
3808	3913	3842
3839	3985	4004
4004	3947	3839
4004	4112	3947
4112	4007	3947
4007	3964	3947
4007	4109	3964
4007	4150	4109
4150	4196	4109
4150	4223	4196
4223	4286	4196
4223	4391	4286
4391	4374	4286
4374	4267	4286
4374	4324	4267
4007	4112	4150
4112	4221	4150
4004	4138	4112
4138	4225	4112
4138	4226	4225
4226	4406	4225
4004	3985	4138
3985	4008	4138
3847	3851	3914
3859	3988	3962
3988	4079	3962
4079	4043	3962
4043	3940	3962
3869	3966	3965
3966	4088	3965
3966	4127	4088
4127	4133	4088
4127	4291	4133
4291	4232	4133
4232	4080	4133
4080	3968	4133
4080	4045	3968
4080	4148	4045
4148	4038	4045
4148	4136	4038
4148	4156	4136
4156	4293	4136
4156	4319	4293
4319	4408	4293
4319	4364	4408
4364	4527	4408
4527	4512	4408
4527	4596	4512
4596	4694	4512
4694	4645	4512
4694	4660	4645
4660	4573	4645
4660	4632	4573
4660	4761	4632
4761	4675	4632
4761	4743	4675
4743	4687	4675
4687	4633	4675
4743	4754	4687
4596	4784	4694
4784	4829	4694
4784	4841	4829
4841	4893	4829
4784	4830	4841
4784	4808	4830
4784	4777	4808
4784	4688	4777
4688	4698	4777
4698	4832	4777
4698	4760	4832
4698	4661	4760
4661	4738	4760
4738	4852	4760
4661	4637	4738
4661	4617	4637
4617	4402	4637
4617	4520	4402
4520	4373	4402
4373	4344	4402
4344	4434	4402
4344	4291	4434
4344	4232	4291
4661	4698	4617
4784	4606	4688
4784	4596	4606
4596	4527	4606
4156	4148	4319
3966	3952	4127
3952	3967	4127
3967	3974	4127
3966	3930	3952
3885	3900	3994
3891	4018	3955
3955	3829	3891
3905	3924	4034
3924	4047	4034
4047	4071	4034
4047	4028	4071
4047	3924	4028
3916	3986	4042
3986	4089	4042
3986	4118	4089
3926	3970	4039
3970	3984	4039
3933	3937	4056
3937	4064	4056
4056	4048	3933
4048	3944	3933
4048	4040	3944
4040	3906	3944
4048	4053	4040
4048	4084	4053
4048	4056	4084
4056	4177	4084
4177	4283	4084
4177	4284	4283
3971	4049	3989
4049	4002	3989
4002	3917	3989
4049	4103	4002
3975	4075	4101
4075	4111	4101
4111	4207	4101
4207	4201	4101
4111	4186	4207
4186	4356	4207
4111	4075	4186
4101	4006	3975
3978	4098	4062
4098	4220	4062
4220	4092	4062
4220	4263	4092
4220	4306	4263
4306	4398	4263
4398	4379	4263
4379	4302	4263
4398	4419	4379
4419	4466	4379
4466	4414	4379
4466	4496	4414
4419	4548	4466
4419	4543	4548
4220	4183	4306
3997	4137	4037
3997	4069	4137
3998	4005	4087
4005	4153	4087
4010	4033	4134
4017	4091	4151
4020	4110	4021
4020	4197	4110
4197	4245	4110
4197	4338	4245
4338	4452	4245
4452	4470	4245
4452	4499	4470
4452	4338	4499
4338	4498	4499
4338	4358	4498
4358	4500	4498
4358	4488	4500
4488	4532	4500
4358	4442	4488
4442	4485	4488
4485	4493	4488
4485	4442	4493
4442	4522	4493
4522	4604	4493
4442	4324	4522
4442	4272	4324
4442	4248	4272
4248	4191	4272
4442	4358	4248
4358	4247	4248
4358	4236	4247
4358	4338	4236
4338	4197	4236
4197	4065	4236
4197	4020	4065
4024	4204	4082
4025	4051	4073
4051	4193	4073
4051	4174	4193
4174	4279	4193
4279	4254	4193
4174	4077	4279
4077	4278	4279
4077	4093	4278
4174	4061	4077
4174	4051	4061
4029	4113	4090
4113	4128	4090
4076	4182	4142
4182	4233	4142
4233	4301	4142
4233	4305	4301
4305	4388	4301
4305	4430	4388
4430	4465	4388
4465	4411	4388
4305	4308	4430
4308	4450	4430
4308	4367	4450
4308	4234	4367
4305	4233	4308
4095	4218	4214
4141	4209	4288
4209	4311	4288
4209	4297	4311
4209	4230	4297
4230	4348	4297
4230	4273	4348
4273	4362	4348
4273	4351	4362
4351	4455	4362
4455	4431	4362
4209	4152	4230
4149	4229	4261
4149	4159	4229
4159	4199	4229
4199	4292	4229
4261	4185	4149
4185	4000	4149
4167	4277	4239
4169	4345	4271
4345	4327	4271
4327	4244	4271
4345	4417	4327
4417	4436	4327
4178	4180	4276
4276	4300	4178
4300	4204	4178
4300	4334	4204
4334	4331	4204
4331	4268	4204
4334	4435	4331
4334	4300	4435
4300	4433	4435
4300	4392	4433
4392	4384	4433
4384	4494	4433
4494	4529	4433
4529	4518	4433
4494	4568	4529
4494	4447	4568
4447	4564	4568
4447	4506	4564
4506	4546	4564
4392	4276	4384
4392	4300	4276
4202	4258	4262
4202	4216	4258
4202	4151	4216
4258	4336	4262
4210	4325	4265
4265	4137	4210
4210	4201	4325
4217	4341	4307
4341	4478	4307
4478	4285	4307
4478	4460	4285
4478	4534	4460
4478	4626	4534
4253	4349	4337
4296	4405	4335
4405	4467	4335
4467	4401	4335
4401	4343	4335
4467	4505	4401
4467	4555	4505
4555	4533	4505
4555	4619	4533
4555	4636	4619
4555	4631	4636
4631	4684	4636
4303	4383	4502
4385	4412	4445
4412	4492	4445
4389	4429	4439
4389	4421	4429
4439	4413	4389
4448	4542	4509
4449	4556	4519
4556	4588	4519
4475	4541	4602
4602	4575	4475
4537	4659	4648
4537	4623	4659
4624	4731	4639
4629	4737	4673
4737	4740	4673
4740	4692	4673
4737	4826	4740
4826	4836	4740
4737	4837	4826
4837	4894	4826
4837	4923	4894
4737	4805	4837
4737	4721	4805
4721	4780	4805
4721	4691	4780
4721	4629	4691
4721	4737	4629
4680	4724	4770
4733	4782	4769
4782	4792	4769
4857	4887	4950
4887	4896	4950
4882	4920	4890
4920	4922	4890
4920	4989	4922
4989	4979	4922
4920	5005	4989
4920	4983	5005
4924	5023	4984
5033	5065	5084
5033	5056	5065
5084	5023	5033
5084	5103	5023
25	41	21
187	166	134
166	108	134
166	180	108
187	214	166
450	442	420
410	529	361
577	551	659
577	477	551
477	463	551
1427	1376	1363
1376	1321	1363
1375	1485	1481
1255	1426	1241
1426	1340	1241
1255	1374	1426
1682	1602	1589
1251	1303	1286
1256	1380	1314
796	773	843
706	663	773
1133	1136	1042
1364	1387	1400
1387	1516	1400
1387	1538	1516
1387	1515	1538
1668	1647	1640
1647	1560	1640
804	861	857
192	236	247
310	554	334
547	634	533
710	483	774
813	1003	892
2126	2279	2022
2279	2210	2022
2210	2027	2022
2279	2316	2210
2279	2513	2316
2126	2188	2279
1989	1881	2127
1881	2223	2127
1881	1946	2223
1946	2226	2223
1946	2225	2226
2225	2490	2226
2490	2496	2226
2496	2443	2226
2225	2249	2490
2225	1990	2249
2225	1945	1990
2225	1946	1945
1946	1654	1945
1654	1918	1945
1654	1884	1918
1654	1854	1884
1854	2070	1884
2070	1919	1884
1854	1921	2070
1854	1828	1921
1828	1805	1921
1805	1777	1921
1777	1806	1921
1805	1708	1777
1805	1654	1708
1805	1828	1654
1828	1854	1654
1946	1853	1654
1881	1852	1946
1397	1656	1654
1397	1629	1656
1358	1119	1397
1119	1068	1397
1358	1190	1119
788	527	818
1139	1131	997
1168	1263	1139
1263	1211	1139
885	1147	1106
827	693	838
1262	1381	1395
1381	1447	1395
1381	1608	1447
1381	1590	1608
1247	1188	1262
1015	718	954
1216	1362	1231
1199	1355	1124
1355	1195	1124
1355	1317	1195
1199	1304	1355
1199	1278	1304
1141	1308	1290
1141	1280	1308
1472	1523	1382
1523	1500	1382
1275	1234	1116
1158	945	1129
1158	952	945
1210	980	1158
1296	1246	1236
1296	1257	1246
1403	1429	1401
1409	1418	1403
1418	1497	1403
1383	1488	1497
1204	1018	1205
1535	1658	1712
1658	1849	1712
1849	1826	1712
1522	1492	1442
1575	1704	1496
1664	1800	1617
1716	1733	1802
1914	1949	1753
1594	1795	1573
1594	1901	1795
1594	1721	1901
1624	1586	1588
1635	1434	1593
1899	1921	1711
1731	1710	1649
2033	2299	2038
2013	2149	2033
1841	1784	1808
1951	1937	1892
1892	1678	1837
1892	1643	1678
1643	1574	1678
1643	1576	1574
2325	2347	2093
2347	2229	2093
2012	2228	2143
1998	1883	1798
1932	1893	1887
1909	1993	1832
1975	2229	2150
2088	2191	2070
2191	2357	2070
2357	2423	2070
2423	2474	2070
2423	2481	2474
2665	2760	2517
2760	2582	2517
2582	2428	2517
2665	2791	2760
2791	2843	2760
2837	2494	2700
2837	2741	2494
2897	2631	2744
2631	2629	2744
2977	2824	3105
2824	2908	3105
2908	3000	3105
2882	3142	2911
2882	3227	3142
2882	2964	3227
2964	3248	3227
2718	2944	2964
2718	2739	2944
3203	3289	3057
2884	2654	2872
2884	2649	2654
2733	2728	2649
2733	2929	2728
2929	3018	2728
1984	1849	1930
2174	2301	2164
2866	2916	2888
2916	3122	2888
3122	3118	2888
3122	3277	3118
2186	2121	1966
2121	1988	1966
2121	2122	1988
2122	1982	1988
1982	1846	1988
2121	2190	2122
2121	2186	2190
2186	2274	2190
2073	2295	2245
2073	2232	2295
2314	2408	2237
2314	2353	2408
2104	2146	2043
2597	2528	2465
2286	2113	2320
2147	2312	2119
2384	2501	2476
2384	2307	2501
2298	2301	2219
2209	2197	2292
2209	2084	2197
2602	2673	2429
2602	2620	2673
2444	2394	2509
2394	2541	2509
2394	2596	2541
2507	2249	2482
2573	2411	2583
2573	2315	2411
2491	2341	2418
2641	2907	2816
2575	2742	2667
2690	2817	2574
2975	3009	3078
2975	2832	3009
2790	2979	2880
2979	3126	2880
3126	3146	2880
3146	3136	2880
2708	2458	2633
2697	2473	2711
2746	2623	2777
2623	2827	2777
2827	2846	2777
2846	2903	2777
2746	2551	2623
2997	3029	2839
2748	2771	2877
3055	2778	3051
3482	3521	3422
3521	3644	3422
2993	2949	2848
2907	2713	2919
3268	3069	3265
3623	3673	3582
3250	3500	3448
4418	4376	4309
5140	5141	5134
5141	5112	5134
5112	5132	5134
5112	5113	5132
5113	5093	5132
5141	5125	5112
5027	4927	4965
5027	4961	4927
5027	4992	4961
5027	5002	4992
5027	5072	5002
4820	4769	4792
4377	4312	4463
5009	5063	4976
5063	5044	4976
5063	5067	5044
4758	4598	4790
4758	4635	4598
4848	4977	4851
4848	4968	4977
4968	5035	4977
5035	5015	4977
4848	4881	4968
4814	4735	4895
3764	3523	3679
3523	3568	3679
4052	4058	3938
4058	3982	3938
3982	3881	3938
3881	3846	3938
4179	3961	4147
4179	4067	3961
5126	5131	5135
5131	5138	5135
5138	5145	5135
5126	5121	5131
5121	5115	5131
5115	5117	5131
5115	5107	5117
5115	5109	5107
5101	5010	5053
5101	5026	5010
5101	5114	5026
5114	5096	5026
5096	5061	5026
4985	4892	4889
4985	4962	4892
4985	5040	4962
4783	4776	4700
5060	5088	5108
5060	5058	5088
5060	5046	5058
5071	5092	5088
5071	5048	5092
5048	5075	5092
5048	5020	5075
5020	5042	5075
4891	4871	4941
4871	4936	4941
4891	4872	4871
4275	4359	4238
4359	4361	4238
4361	4260	4238
5025	4971	5039
4971	5008	5039
5025	4972	4971
4863	4759	4853
4863	4729	4759
4729	4725	4759
4831	4729	4859
4831	4714	4729
4831	4748	4714
4748	4697	4714
4551	4416	4422
4551	4464	4416
4551	4515	4464
4551	4638	4515
4638	4585	4515
4551	4644	4638
4468	4516	4517
3633	3605	3790
3949	4093	3888
4093	3996	3888
4192	4390	4352
3077	3172	3181
3172	3346	3181
3340	3094	3377
3340	3121	3094
3389	3426	3490
3398	3402	3359
3925	3598	3942
3925	3739	3598
3739	3540	3598
3739	3654	3540
3925	3813	3739
3796	3680	3906
3680	3944	3906
3680	3933	3944
3796	3541	3680
3576	3800	3680
3354	3206	3376
3354	3309	3206
3575	3733	3643
3789	3778	3705
3660	3869	3789
3667	3455	3619
3667	3476	3455
3954	4017	3820
3954	4091	4017
3732	3971	3917
3971	3989	3917
3778	3867	3744
3778	3968	3867
3968	4038	3867
3968	4045	4038
4088	4133	3965
4133	3968	3965
4408	4512	4293
4512	4226	4293
4402	4434	4637
4606	4527	4688
3974	4237	4127
3974	4134	4237
3974	4010	4134
3974	3843	4010
3974	3967	3843
4053	4081	4040
4084	4283	4053
4091	4216	4151
4204	4268	4082
4460	4350	4285
4733	4816	4782
