2.913564481136376116e+02 6.048443746954535527e+01 1.738730456782957958e+02
2.962383325761218771e+02 5.215114176384668099e+01 1.581238690764643025e+02
3.064743729036478044e+02 4.621193360171264430e+01 1.476412756528745263e+02
3.109375689486230385e+02 3.571667590531228598e+01 1.344029035727050427e+02
3.104964506651385250e+02 2.859368559960478251e+01 1.081038678533910229e+02
3.210531366684228942e+02 2.890164120972985984e+01 8.890301034308731687e+01
3.360285536667953465e+02 3.136493210530636588e+01 7.378292126628804226e+01
3.490039502914163450e+02 3.383153294779560838e+01 5.536705225801779306e+01
3.576275144969641815e+02 2.645322021513800337e+01 4.436114072799443875e+01
3.698947067504877850e+02 2.411507580166073694e+01 3.189104429726876333e+01
3.616183471718255760e+02 5.624331623836508243e+01 6.838124918880112091e+00
3.538321687546329031e+02 6.794556938784387512e+01 1.282241781303793005e+01
3.378544498771185545e+02 7.293312377183622175e+01 1.526597323271465712e+01
3.260370847166111616e+02 8.103762711842693989e+01 1.994195951840544012e+01
3.118321549305790086e+02 9.058785492936681294e+01 1.854970404758807945e+01
3.041440155949845803e+02 9.820491992013751315e+01 3.074143032234877637e+01
2.947453610558138735e+02 1.084680684990928512e+02 3.620240511007290252e+01
2.838634225953360897e+02 1.168113172923719958e+02 4.206421923272563390e+01
2.639837002218409907e+02 1.177203102229060505e+02 4.412363507783891237e+01
