28.075519 36.598254 11.477493 255 0 0
28.329481 36.359102 10.532484 255 0 0
28.644133 35.995673 9.590424 255 0 0
29.019474 35.507966 8.651313 255 0 0
29.455504 34.895981 7.715152 255 0 0
29.952223 34.159718 6.781940 255 0 0
30.509631 33.299177 5.851677 255 0 0
31.127729 32.314358 4.924364 255 0 0
31.806516 31.205261 4.000000 0 255 0
31.114650 30.154237 4.950577 0 255 0
30.486416 29.227492 5.898204 0 255 0
29.921815 28.425024 6.842882 0 255 0
29.420846 27.746835 7.784611 0 255 0
28.983510 27.192923 8.723390 0 255 0
28.609806 26.763289 9.659220 0 255 0
28.299735 26.457934 10.592101 0 255 0
28.053296 26.276856 11.522032 0 255 0
