3	11	8
11	6	8
6	10	8
10	45	8
45	42	8
45	72	42
72	36	42
72	35	36
72	80	35
80	64	35
64	40	35
40	19	35
19	7	35
19	5	7
5	16	7
16	3	7
16	33	3
33	11	3
33	55	11
55	6	11
55	39	6
39	14	6
14	10	6
14	26	10
26	45	10
26	67	45
67	79	45
79	72	45
79	116	72
116	105	72
105	80	72
105	91	80
91	84	80
84	64	80
84	75	64
75	63	64
63	52	64
52	51	64
51	40	64
51	25	40
25	19	40
25	12	19
12	13	19
13	5	19
25	23	12
25	27	23
27	17	23
17	24	23
24	49	23
49	37	23
49	69	37
24	18	49
24	9	18
9	17	18
17	31	18
31	29	18
29	50	18
29	32	50
32	38	50
38	60	50
60	76	50
76	115	50
76	131	115
131	167	115
76	95	131
95	165	131
165	221	131
95	97	165
97	104	165
104	138	165
104	136	138
104	123	136
123	151	136
151	170	136
151	164	170
151	120	164
120	127	164
127	133	164
133	153	164
153	202	164
202	219	164
219	220	164
220	211	164
220	238	211
238	268	211
268	193	211
193	170	211
193	266	170
193	250	266
250	274	266
274	312	266
274	435	312
274	278	435
278	436	435
278	342	436
342	452	436
452	525	436
452	546	525
452	470	546
470	503	546
503	633	546
503	595	633
595	674	633
674	797	633
674	813	797
813	846	797
846	854	797
846	1001	854
1001	1067	854
846	885	1001
846	813	885
813	782	885
782	903	885
903	995	885
782	883	903
813	674	782
674	689	782
689	702	782
689	630	702
630	697	702
630	668	697
630	543	668
630	595	543
630	674	595
630	689	674
470	420	503
470	376	420
376	365	420
365	382	420
382	395	420
395	419	420
419	438	420
438	543	420
438	516	543
438	471	516
471	508	516
471	447	508
447	534	508
447	445	534
445	456	534
445	378	456
445	364	378
364	335	378
335	340	378
340	371	378
371	401	378
401	430	378
401	423	430
423	493	430
401	371	423
340	251	371
251	228	371
228	373	371
228	275	373
228	227	275
228	176	227
228	201	176
201	150	176
150	159	176
159	140	176
159	150	140
150	158	140
158	141	140
158	153	141
153	132	141
132	94	141
94	107	141
94	93	107
93	154	107
154	169	107
154	178	169
178	189	169
189	168	169
189	190	168
189	260	190
260	248	190
248	246	190
260	281	248
281	311	248
281	327	311
327	362	311
327	393	362
393	475	362
475	367	362
475	467	367
467	454	367
393	497	475
327	353	393
327	281	353
281	368	353
368	388	353
368	427	388
368	426	427
426	484	427
426	458	484
458	487	484
458	466	487
466	505	487
505	527	487
505	561	527
561	598	527
598	724	527
724	693	527
724	824	693
824	913	693
913	889	693
561	549	598
561	607	549
561	629	607
629	662	607
662	612	607
662	664	612
629	660	662
660	755	662
755	780	662
780	767	662
767	708	662
767	727	708
727	706	708
727	721	706
727	879	721
727	812	879
812	849	879
849	1049	879
1049	949	879
1049	1041	949
727	767	812
780	788	767
788	855	767
788	775	855
775	809	855
809	873	855
873	907	855
907	933	855
907	970	933
970	989	933
970	1038	989
1038	1107	989
1107	1141	989
1141	1130	989
1130	998	989
1141	1213	1130
1213	1236	1130
1141	1162	1213
1038	1077	1107
1077	1122	1107
1122	1183	1107
1183	1190	1107
1183	1253	1190
1253	1308	1190
1308	1283	1190
1308	1464	1283
1308	1309	1464
1308	1253	1309
1253	1357	1309
1253	1240	1357
1240	1346	1357
1346	1408	1357
1408	1422	1357
1408	1494	1422
1408	1398	1494
1398	1385	1494
1398	1334	1385
1334	1386	1385
1386	1427	1385
1427	1540	1385
1386	1405	1427
1405	1410	1427
1405	1386	1410
1386	1359	1410
1359	1382	1410
1382	1450	1410
1382	1402	1450
1402	1490	1450
1402	1479	1490
1479	1590	1490
1479	1599	1590
1599	1642	1590
1642	1695	1590
1642	1716	1695
1716	1770	1695
1716	1786	1770
1786	1857	1770
1716	1734	1786
1716	1599	1734
1599	1707	1734
1599	1511	1707
1511	1644	1707
1644	1681	1707
1681	1701	1707
1681	1687	1701
1687	1825	1701
1687	1843	1825
1843	1880	1825
1843	1966	1880
1687	1793	1843
1687	1647	1793
1647	1683	1793
1647	1648	1683
1647	1502	1648
1502	1508	1648
1508	1660	1648
1508	1573	1660
1573	1692	1660
1692	1773	1660
1692	1732	1773
1692	1643	1732
1692	1573	1643
1573	1559	1643
1559	1483	1643
1483	1587	1643
1483	1480	1587
1483	1436	1480
1483	1434	1436
1434	1313	1436
1313	1292	1436
1292	1316	1436
1292	1234	1316
1234	1342	1316
1342	1365	1316
1342	1300	1365
1342	1234	1300
1234	1167	1300
1167	1155	1300
1155	1220	1300
1155	1116	1220
1155	1075	1116
1075	1080	1116
1075	1012	1080
1012	975	1080
975	1040	1080
1040	1083	1080
975	938	1040
975	897	938
897	806	938
806	810	938
810	881	938
810	784	881
810	806	784
806	698	784
698	661	784
698	658	661
658	600	661
600	588	661
588	617	661
588	583	617
583	601	617
583	473	601
473	522	601
522	621	601
522	584	621
584	688	621
584	695	688
695	720	688
695	584	720
522	501	584
501	514	584
501	461	514
461	398	514
461	389	398
389	352	398
352	369	398
369	390	398
390	468	398
390	494	468
494	593	468
494	507	593
494	463	507
390	330	494
390	369	330
369	352	330
352	284	330
284	258	330
258	280	330
280	345	330
280	254	345
280	232	254
232	209	254
209	237	254
209	197	237
197	276	237
276	347	237
276	339	347
339	400	347
339	459	400
276	239	339
239	307	339
307	391	339
307	306	391
276	172	239
276	188	172
188	155	172
188	148	155
188	197	148
197	147	148
147	119	148
119	100	148
119	162	100
119	147	162
147	166	162
147	173	166
173	199	166
199	226	166
199	231	226
231	255	226
255	253	226
253	184	226
184	162	226
184	175	162
184	191	175
191	208	175
191	252	208
252	242	208
242	222	208
242	277	222
277	243	222
277	270	243
270	283	243
283	213	243
283	290	213
290	244	213
244	186	213
244	218	186
218	187	186
187	180	186
180	139	186
139	125	186
139	112	125
112	109	125
109	108	125
109	82	108
82	73	108
73	92	108
73	90	92
73	70	90
70	100	90
70	87	100
70	81	87
70	61	81
70	48	61
70	46	48
70	73	46
73	54	46
54	28	46
28	44	46
28	21	44
21	39	44
39	68	44
39	55	68
55	135	68
135	142	68
142	129	68
142	192	129
192	217	129
192	195	217
195	223	217
195	142	223
195	192	142
21	14	39
21	26	14
21	30	26
30	67	26
30	54	67
54	82	67
82	112	67
112	110	67
110	79	67
110	111	79
111	116	79
111	126	116
126	137	116
137	105	116
137	145	105
145	122	105
122	91	105
122	101	91
101	84	91
101	85	84
85	75	84
85	98	75
98	71	75
71	63	75
71	56	63
56	53	63
53	52	63
53	27	52
27	25	52
25	51	52
53	56	27
56	47	27
47	31	27
31	17	27
47	43	31
43	29	31
43	59	29
59	32	29
59	58	32
58	38	32
58	60	38
58	99	60
99	104	60
104	89	60
89	95	60
95	76	60
89	97	95
89	104	97
99	117	104
117	123	104
117	120	123
120	151	123
117	99	120
99	127	120
99	114	127
114	133	127
114	128	133
128	153	133
128	132	153
128	121	132
121	96	132
96	94	132
96	86	94
86	74	94
74	93	94
74	71	93
71	98	93
98	154	93
98	134	154
98	101	134
101	149	134
101	122	149
122	161	149
161	182	149
161	156	182
156	210	182
210	230	182
230	235	182
230	247	235
247	295	235
295	259	235
259	229	235
259	241	229
259	262	241
262	205	241
262	189	205
189	178	205
262	260	189
262	305	260
305	281	260
305	343	281
343	368	281
343	402	368
402	426	368
402	458	426
402	451	458
451	466	458
451	505	466
451	433	505
433	513	505
513	561	505
433	440	513
440	512	513
440	434	512
434	439	512
439	481	512
481	565	512
565	573	512
573	649	512
649	629	512
649	660	629
649	666	660
666	755	660
666	676	755
676	735	755
735	775	755
775	780	755
775	788	780
735	809	775
676	692	735
676	656	692
656	651	692
656	606	651
606	578	651
578	626	651
626	665	651
665	759	651
665	753	759
753	816	759
753	829	816
829	850	816
850	894	816
894	895	816
895	908	816
895	996	908
996	1006	908
1006	873	908
1006	907	873
1006	970	907
1006	1038	970
1006	996	1038
996	1077	1038
996	981	1077
981	982	1077
982	1100	1077
1100	1122	1077
1100	1131	1122
1131	1160	1122
1160	1183	1122
1160	1240	1183
1240	1253	1183
1160	1187	1240
1187	1229	1240
1229	1346	1240
1229	1334	1346
1334	1398	1346
1398	1408	1346
1229	1215	1334
1215	1359	1334
1359	1386	1334
1215	1294	1359
1294	1382	1359
1294	1333	1382
1333	1402	1382
1333	1324	1402
1324	1479	1402
1324	1305	1479
1305	1376	1479
1376	1448	1479
1448	1504	1479
1504	1511	1479
1511	1599	1479
1504	1485	1511
1504	1448	1485
1448	1416	1485
1416	1462	1485
1416	1391	1462
1391	1443	1462
1443	1484	1462
1443	1502	1484
1502	1532	1484
1502	1647	1532
1647	1626	1532
1647	1687	1626
1687	1644	1626
1644	1618	1626
1644	1511	1618
1687	1681	1644
1443	1435	1502
1435	1508	1502
1435	1445	1508
1445	1543	1508
1543	1573	1508
1543	1559	1573
1543	1483	1559
1543	1418	1483
1418	1434	1483
1418	1313	1434
1418	1348	1313
1348	1302	1313
1302	1292	1313
1302	1222	1292
1222	1234	1292
1222	1181	1234
1181	1167	1234
1181	1075	1167
1075	1155	1167
1181	1150	1075
1150	1020	1075
1020	1012	1075
1020	980	1012
980	897	1012
897	975	1012
980	898	897
898	807	897
807	806	897
807	698	806
807	743	698
743	658	698
743	711	658
711	610	658
610	600	658
610	537	600
537	588	600
537	583	588
537	473	583
537	540	473
540	443	473
443	399	473
399	469	473
469	522	473
469	501	522
469	461	501
469	389	461
469	399	389
399	375	389
375	338	389
338	352	389
338	300	352
338	361	300
361	285	300
285	255	300
285	253	255
285	316	253
316	317	253
317	252	253
252	184	253
252	191	184
316	381	317
316	361	381
316	285	361
338	375	361
375	399	361
399	443	361
540	538	443
538	547	443
547	477	443
547	506	477
506	485	477
485	432	477
432	381	477
432	405	381
432	417	405
417	411	405
411	344	405
411	372	344
372	319	344
319	298	344
319	277	298
319	270	277
319	356	270
356	283	270
356	292	283
292	290	283
292	333	290
333	294	290
294	244	290
294	218	244
333	337	294
337	321	294
337	355	321
355	359	321
359	326	321
326	264	321
326	279	264
279	234	264
234	216	264
216	206	264
206	218	264
206	181	218
181	187	218
181	180	187
181	139	180
181	110	139
110	112	139
181	163	110
163	111	110
163	126	111
163	137	126
163	145	137
163	160	145
160	144	145
144	122	145
144	156	122
156	161	122
144	160	156
160	194	156
194	210	156
194	215	210
215	265	210
265	247	210
247	230	210
265	320	247
320	295	247
320	349	295
349	314	295
314	259	295
314	318	259
318	262	259
318	305	262
318	328	305
328	343	305
328	349	343
349	370	343
370	402	343
370	374	402
374	413	402
413	451	402
413	433	451
413	412	433
412	440	433
412	434	440
412	385	434
385	439	434
385	437	439
437	481	439
437	406	481
406	476	481
476	504	481
504	529	481
529	552	481
552	565	481
552	606	565
606	604	565
604	573	565
604	649	573
604	666	649
604	606	666
606	676	666
606	656	676
552	578	606
552	529	578
529	504	578
504	570	578
570	626	578
570	602	626
602	665	626
602	576	665
576	545	665
545	671	665
671	707	665
707	753	665
707	671	753
671	829	753
671	687	829
671	624	687
624	643	687
643	685	687
643	628	685
628	678	685
678	740	685
678	737	740
737	779	740
779	805	740
805	934	740
934	791	740
934	819	791
819	843	791
819	920	843
920	868	843
868	829	843
868	850	829
868	918	850
918	894	850
918	981	894
981	895	894
981	996	895
918	982	981
918	973	982
973	1068	982
1068	1099	982
1099	1097	982
1097	1100	982
1097	1131	1100
1097	1187	1131
1187	1160	1131
1097	1099	1187
1099	1229	1187
1099	1136	1229
1136	1198	1229
1198	1215	1229
1198	1178	1215
1178	1258	1215
1258	1294	1215
1258	1249	1294
1249	1333	1294
1249	1223	1333
1223	1252	1333
1252	1324	1333
1252	1281	1324
1281	1305	1324
1281	1261	1305
1261	1376	1305
1261	1230	1376
1230	1306	1376
1306	1391	1376
1391	1416	1376
1416	1448	1376
1306	1443	1391
1306	1435	1443
1306	1307	1435
1307	1393	1435
1393	1445	1435
1393	1543	1445
1393	1378	1543
1378	1418	1543
1378	1348	1418
1378	1298	1348
1298	1286	1348
1286	1302	1348
1286	1260	1302
1260	1222	1302
1260	1150	1222
1150	1181	1222
1260	1154	1150
1154	1120	1150
1120	1020	1150
1120	1034	1020
1034	992	1020
992	980	1020
992	898	980
992	925	898
925	878	898
878	807	898
878	743	807
878	860	743
860	796	743
796	757	743
757	711	743
757	696	711
696	680	711
680	614	711
614	610	711
614	538	610
538	540	610
540	537	610
614	547	538
614	574	547
574	506	547
574	528	506
528	485	506
528	474	485
474	432	485
474	417	432
474	478	417
478	411	417
478	380	411
380	372	411
380	356	372
356	319	372
380	396	356
396	363	356
363	333	356
333	292	356
363	337	333
363	355	337
363	392	355
363	394	392
394	428	392
394	396	428
396	491	428
394	363	396
474	495	478
495	490	478
490	519	478
519	517	478
517	502	478
517	586	502
586	526	502
526	491	502
526	545	491
545	576	491
576	544	491
576	602	544
602	570	544
526	671	545
526	586	671
586	624	671
586	643	624
586	594	643
594	628	643
594	592	628
592	632	628
632	678	628
632	737	678
632	714	737
714	779	737
714	738	779
738	805	779
738	776	805
776	874	805
874	930	805
930	967	805
967	956	805
956	934	805
956	1010	934
1010	973	934
973	920	934
920	819	934
973	918	920
918	868	920
1010	1068	973
1010	967	1068
1010	956	967
930	994	967
930	945	994
945	990	994
990	1147	994
1147	1178	994
1147	1191	1178
1191	1258	1178
1191	1249	1258
1191	1223	1249
1191	1147	1223
1147	1252	1223
1147	1135	1252
1135	1175	1252
1175	1281	1252
1175	1261	1281
1175	1230	1261
1175	1204	1230
1204	1306	1230
1204	1275	1306
1275	1307	1306
1275	1298	1307
1298	1351	1307
1351	1393	1307
1351	1378	1393
1351	1298	1378
1275	1180	1298
1180	1199	1298
1199	1286	1298
1199	1260	1286
1199	1161	1260
1161	1154	1260
1161	1120	1154
1161	1142	1120
1142	1064	1120
1064	1048	1120
1048	1034	1120
1048	987	1034
987	992	1034
987	925	992
987	905	925
905	860	925
860	878	925
905	835	860
835	817	860
817	796	860
817	729	796
729	757	796
729	696	757
729	705	696
705	639	696
639	667	696
667	680	696
667	614	680
667	574	614
667	608	574
608	554	574
554	528	574
554	495	528
495	474	528
554	520	495
520	490	495
520	519	490
520	567	519
567	517	519
567	586	517
567	594	586
567	592	594
567	554	592
554	653	592
653	632	592
653	714	632
653	699	714
699	738	714
699	776	738
699	772	776
772	823	776
823	858	776
858	874	776
858	945	874
945	930	874
858	906	945
906	969	945
969	990	945
969	1047	990
1047	1090	990
1090	1147	990
1090	1135	1147
1090	1105	1135
1105	1175	1135
1105	1109	1175
1109	1102	1175
1102	1204	1175
1102	1148	1204
1148	1180	1204
1180	1275	1204
1148	1111	1180
1111	1142	1180
1142	1199	1180
1142	1161	1199
1111	1064	1142
1111	1045	1064
1045	1007	1064
1007	1048	1064
1007	979	1048
979	987	1048
979	905	987
979	875	905
875	866	905
866	835	905
866	773	835
773	728	835
728	729	835
729	817	835
728	705	729
728	699	705
699	645	705
645	639	705
645	608	639
608	667	639
645	653	608
653	554	608
645	699	653
728	773	699
773	772	699
773	818	772
818	823	772
818	852	823
852	900	823
900	858	823
900	906	858
900	969	906
900	928	969
928	972	969
972	1047	969
972	1056	1047
1056	1105	1047
1105	1090	1047
1056	1109	1105
1056	1102	1109
1056	1019	1102
1019	1004	1102
1004	1111	1102
1111	1148	1102
1004	1045	1111
1004	968	1045
968	1007	1045
968	979	1007
968	875	979
968	939	875
939	901	875
901	828	875
828	866	875
828	773	866
828	818	773
828	852	818
828	901	852
901	900	852
901	928	900
901	939	928
939	972	928
939	1004	972
1004	1019	972
1019	1056	972
939	968	1004
567	520	554
1198	1136	1178
1136	1068	1178
1136	1099	1068
437	377	406
377	350	406
350	359	406
350	326	359
350	279	326
350	331	279
331	291	279
291	265	279
265	234	279
265	215	234
215	216	234
215	194	216
194	206	216
194	163	206
163	181	206
194	160	163
291	320	265
291	331	320
331	385	320
385	370	320
370	349	320
385	374	370
385	412	374
412	413	374
331	377	385
377	437	385
331	350	377
328	318	349
318	314	349
98	85	101
74	66	71
66	56	71
66	47	56
66	57	47
57	43	47
57	59	43
57	62	59
62	78	59
78	58	59
78	99	58
78	83	99
83	114	99
83	96	114
96	121	114
121	128	114
83	78	96
78	86	96
78	62	86
62	66	86
66	74	86
62	57	66
82	109	112
54	73	82
30	28	54
30	21	28
199	236	231
199	232	236
232	258	236
258	284	236
232	280	258
199	209	232
199	173	209
173	197	209
173	147	197
188	276	197
1716	1642	1599
158	202	153
158	201	202
201	240	202
240	251	202
251	219	202
251	310	219
310	220	219
310	297	220
297	238	220
297	286	238
286	301	238
301	308	238
308	268	238
308	342	268
342	278	268
278	250	268
250	193	268
278	274	250
308	376	342
376	452	342
376	470	452
308	336	376
336	365	376
336	382	365
336	364	382
364	395	382
364	447	395
447	419	395
447	446	419
446	438	419
446	471	438
446	447	471
364	445	447
336	297	364
297	335	364
297	310	335
310	340	335
310	251	340
336	301	297
301	286	297
336	308	301
240	228	251
240	201	228
158	150	201
9	24	17
16	34	33
65	106	130
124	143	177
204	324	212
204	329	324
204	296	329
204	249	296
214	299	245
299	269	245
233	287	273
273	223	233
273	325	223
273	287	325
287	431	325
431	449	325
449	348	325
449	483	348
431	557	449
431	524	557
524	700	557
700	748	557
748	663	557
700	777	748
431	421	524
431	304	421
304	302	421
304	282	302
431	287	304
257	322	288
288	227	257
257	272	322
272	351	322
272	309	351
309	383	351
309	386	383
386	460	383
386	442	460
313	384	341
384	414	341
414	415	341
414	441	415
441	464	415
441	579	464
441	414	579
414	590	579
590	620	579
620	683	579
683	746	579
620	704	683
414	558	590
414	410	558
410	541	558
414	384	410
323	354	408
354	424	408
332	346	403
332	221	346
346	465	403
465	555	403
555	572	403
555	619	572
555	646	619
555	596	646
596	636	646
636	800	646
800	820	646
800	904	820
904	859	820
800	916	904
800	833	916
833	955	916
955	1044	916
955	1072	1044
1072	1071	1044
1072	1262	1071
1072	1246	1262
1072	1201	1246
1201	1235	1246
1235	1274	1246
1235	1201	1274
1201	1392	1274
1392	1456	1274
1392	1477	1456
1392	1404	1477
1404	1522	1477
1404	1384	1522
1384	1499	1522
1499	1583	1522
1583	1561	1522
1561	1600	1522
1561	1583	1600
1583	1651	1600
1651	1652	1600
1651	1712	1652
1651	1785	1712
1651	1730	1785
1730	1749	1785
1749	1856	1785
1856	1846	1785
1846	1839	1785
1749	1780	1856
1780	1833	1856
1833	1936	1856
1936	1944	1856
1936	1979	1944
1936	1956	1979
1956	2059	1979
1956	1954	2059
1956	1833	1954
1833	1861	1954
1861	1970	1954
1861	1992	1970
1861	1821	1992
1821	1766	1992
1821	1649	1766
1649	1638	1766
1638	1645	1766
1638	1579	1645
1638	1531	1579
1531	1548	1579
1531	1471	1548
1471	1459	1548
1459	1487	1548
1471	1397	1459
1397	1272	1459
1397	1284	1272
1284	1174	1272
1284	1293	1174
1293	1207	1174
1207	1216	1174
1207	1431	1216
1431	1411	1216
1431	1505	1411
1505	1519	1411
1207	1293	1431
1293	1397	1431
1397	1471	1431
1471	1550	1431
1471	1531	1550
1531	1649	1550
1649	1634	1550
1634	1635	1550
1634	1727	1635
1634	1821	1727
1821	1861	1727
1861	1833	1727
1833	1754	1727
1833	1780	1754
1780	1664	1754
1780	1749	1664
1749	1730	1664
1730	1592	1664
1592	1565	1664
1565	1605	1664
1565	1495	1605
1565	1499	1495
1499	1278	1495
1278	1288	1495
1288	1411	1495
1278	1152	1288
1278	1271	1152
1271	1094	1152
1271	1170	1094
1170	1084	1094
1170	1128	1084
1170	1197	1128
1197	1137	1128
1197	1201	1137
1201	1055	1137
1055	942	1137
1055	914	942
914	842	942
842	931	942
1055	910	914
910	865	914
910	833	865
910	955	833
910	1055	955
1055	1072	955
1055	1201	1072
1197	1392	1201
1197	1295	1392
1295	1384	1392
1384	1404	1392
1295	1339	1384
1339	1345	1384
1345	1499	1384
1345	1278	1499
1345	1271	1278
1345	1339	1271
1339	1170	1271
1339	1295	1170
1295	1197	1170
1565	1583	1499
1565	1592	1583
1592	1651	1583
1592	1730	1651
1634	1649	1821
1531	1638	1649
1293	1284	1397
1956	1936	1833
800	636	833
555	553	596
553	465	596
553	555	465
358	416	515
515	444	358
515	551	444
551	489	444
515	640	551
379	509	453
387	418	429
387	403	418
404	457	448
409	492	531
409	408	492
492	542	531
542	675	531
675	575	531
675	679	575
679	725	575
679	762	725
679	675	762
675	803	762
675	638	803
675	542	638
455	571	559
455	563	571
563	599	571
563	691	599
479	648	564
648	770	564
648	841	770
648	746	841
482	499	498
498	530	482
530	457	482
499	536	498
536	556	498
536	670	556
518	589	581
521	568	618
568	634	618
568	580	634
568	448	580
523	673	650
532	637	597
637	681	597
681	616	597
548	690	652
548	677	690
677	742	690
742	715	690
715	652	690
715	739	652
739	670	652
715	786	739
715	742	786
560	659	654
569	582	635
582	605	635
631	774	731
774	915	731
915	745	731
657	717	733
669	750	761
750	870	761
682	730	815
815	882	682
815	1002	882
684	703	814
694	763	836
709	732	801
732	872	801
732	734	872
734	909	872
909	1022	872
909	1070	1022
1070	1082	1022
1082	1091	1022
909	924	1070
924	1030	1070
924	935	1030
935	1025	1030
935	926	1025
924	909	935
732	710	734
713	856	736
713	765	856
716	811	756
756	751	716
756	912	751
756	811	912
811	937	912
716	754	811
716	723	754
723	802	754
802	838	754
838	789	754
802	851	838
851	839	838
851	947	839
851	922	947
851	802	922
723	719	802
723	716	719
718	778	822
778	963	822
963	1003	822
1003	891	822
891	825	822
963	1087	1003
963	960	1087
960	1081	1087
1081	1291	1087
1081	1268	1291
1081	986	1268
986	1108	1268
1081	960	986
963	794	960
963	778	794
760	863	848
863	953	848
768	785	771
785	932	771
785	857	932
785	848	857
781	832	793
832	985	793
985	840	793
985	1031	840
1031	1011	840
985	1124	1031
985	1063	1124
985	1039	1063
1039	1035	1063
1035	1276	1063
1039	880	1035
1039	837	880
1039	832	837
1039	985	832
790	958	993
958	1061	993
1061	1189	993
993	746	790
798	892	844
798	876	892
876	940	892
940	1017	892
1017	844	892
876	950	940
950	1121	940
950	1112	1121
1112	1344	1121
950	991	1112
991	1104	1112
1104	1177	1112
1104	1057	1177
950	929	991
821	826	961
861	877	946
861	854	877
861	717	854
862	911	1036
862	839	911
864	957	936
957	977	936
867	971	890
890	777	867
893	954	978
954	1092	978
948	1054	1052
1052	1051	948
1054	1133	1052
959	1115	1043
966	1000	1042
974	1026	1085
1026	1163	1085
1163	1285	1085
1026	1074	1163
976	984	1033
976	1125	984
997	1096	1098
1098	1089	997
1089	1053	997
1096	1186	1098
1096	1060	1186
1016	1079	1073
1016	1024	1079
1027	1139	1166
1139	1217	1166
1139	1164	1217
1028	1168	1086
1046	1156	1145
1046	1126	1156
1156	1210	1145
1058	1192	1195
1062	1238	1146
1238	1233	1146
1233	1228	1146
1228	1117	1146
1117	1033	1146
1117	1021	1033
1021	1125	1033
1233	1325	1228
1233	1282	1325
1282	1353	1325
1353	1379	1325
1353	1414	1379
1414	1420	1379
1420	1367	1379
1420	1432	1367
1432	1273	1367
1432	1406	1273
1406	1267	1273
1406	1237	1267
1406	1415	1237
1406	1526	1415
1526	1528	1415
1528	1521	1415
1521	1498	1415
1498	1524	1415
1498	1589	1524
1589	1628	1524
1628	1580	1524
1580	1355	1524
1589	1676	1628
1676	1809	1628
1589	1564	1676
1564	1581	1676
1581	1705	1676
1705	1750	1676
1750	1788	1676
1750	1771	1788
1750	1705	1771
1705	1823	1771
1581	1593	1705
1581	1564	1593
1564	1597	1593
1564	1521	1597
1521	1528	1597
1528	1526	1597
1526	1627	1597
1627	1702	1597
1627	1693	1702
1693	1790	1702
1790	1838	1702
1838	1840	1702
1838	1896	1840
1896	1851	1840
1851	1823	1840
1851	1960	1823
1960	1971	1823
1960	2002	1971
2002	2166	1971
2002	2139	2166
2139	2188	2166
2188	2305	2166
2188	2273	2305
2273	2381	2305
2381	2345	2305
2002	2040	2139
2040	2167	2139
2167	2203	2139
2167	2173	2203
2167	2096	2173
2096	2115	2173
2096	2044	2115
2044	1985	2115
1985	2099	2115
2099	2202	2115
2099	2112	2202
2112	2150	2202
2112	2072	2150
2072	2114	2150
2114	2211	2150
2114	2147	2211
2147	2233	2211
2233	2302	2211
2233	2327	2302
2327	2357	2302
2357	2371	2302
2357	2468	2371
2468	2463	2371
2463	2477	2371
2463	2529	2477
2529	2504	2477
2504	2394	2477
2504	2417	2394
2417	2315	2394
2504	2480	2417
2529	2589	2504
2463	2548	2529
2463	2468	2548
2468	2465	2548
2465	2552	2548
2552	2600	2548
2552	2576	2600
2576	2640	2600
2576	2534	2640
2534	2524	2640
2524	2685	2640
2534	2365	2524
2534	2465	2365
2465	2357	2365
2357	2327	2365
2327	2340	2365
2327	2233	2340
2233	2251	2340
2251	2259	2340
2251	2157	2259
2157	2130	2259
2130	2244	2259
2244	2266	2259
2266	2389	2259
2157	2028	2130
2157	2147	2028
2147	2108	2028
2108	2017	2028
2108	2001	2017
2108	2092	2001
2092	2072	2001
2072	1980	2001
1980	1918	2001
1980	1837	1918
1837	1874	1918
1980	1995	1837
1995	1903	1837
1903	1835	1837
1835	1791	1837
1791	1729	1837
1791	1641	1729
1641	1566	1729
1641	1512	1566
1641	1568	1512
1568	1585	1512
1568	1641	1585
1641	1637	1585
1637	1630	1585
1637	1777	1630
1777	1640	1630
1640	1595	1630
1640	1577	1595
1640	1613	1577
1640	1742	1613
1742	1693	1613
1693	1666	1613
1666	1558	1613
1558	1461	1613
1558	1465	1461
1465	1401	1461
1401	1407	1461
1558	1493	1465
1493	1454	1465
1493	1433	1454
1433	1396	1454
1396	1349	1454
1433	1347	1396
1433	1383	1347
1383	1340	1347
1340	1264	1347
1340	1257	1264
1257	1143	1264
1257	1159	1143
1257	1186	1159
1257	1263	1186
1257	1340	1263
1340	1266	1263
1340	1282	1266
1282	1238	1266
1282	1233	1238
1340	1371	1282
1371	1353	1282
1371	1400	1353
1400	1476	1353
1476	1414	1353
1476	1420	1414
1400	1409	1476
1409	1433	1476
1433	1493	1476
1493	1510	1476
1493	1558	1510
1558	1612	1510
1558	1646	1612
1646	1627	1612
1646	1693	1627
1646	1666	1693
1646	1558	1666
1409	1383	1433
1409	1400	1383
1400	1371	1383
1371	1340	1383
1742	1790	1693
1742	1777	1790
1777	1860	1790
1860	1838	1790
1860	1878	1838
1878	1896	1838
1878	1963	1896
1963	1962	1896
1962	1851	1896
1962	1960	1851
1962	2002	1960
1962	2040	2002
1962	1963	2040
1963	2044	2040
2044	2167	2040
2044	2096	2167
1963	1985	2044
1963	1986	1985
1986	2099	1985
1986	2014	2099
2014	2054	2099
2054	2112	2099
2054	2072	2112
2054	1995	2072
1995	1980	2072
2054	2014	1995
2014	1955	1995
1955	1903	1995
1955	1987	1903
1987	1930	1903
1930	1868	1903
1868	1835	1903
1868	1791	1835
1868	1778	1791
1778	1641	1791
1778	1637	1641
1778	1777	1637
1778	1877	1777
1877	1860	1777
1877	1878	1860
1877	1930	1878
1930	1963	1878
1930	1986	1963
1930	1987	1986
1987	2014	1986
1987	1955	2014
1877	1868	1930
1877	1778	1868
1742	1640	1777
2092	2114	2072
2092	2147	2114
2092	2108	2147
2157	2251	2147
2251	2233	2147
2465	2468	2357
2534	2576	2465
2576	2552	2465
1564	1589	1521
1589	1498	1521
1406	1432	1526
1432	1446	1526
1432	1420	1446
1065	1172	1218
1066	1224	1113
1224	1317	1113
1078	1093	1208
1106	1254	1179
1254	1366	1179
1366	1369	1179
1366	1444	1369
1444	1412	1369
1444	1615	1412
1615	1516	1412
1516	1460	1412
1460	1269	1412
1516	1639	1460
1444	1544	1615
1544	1758	1615
1444	1366	1544
1366	1582	1544
1582	1751	1544
1119	1129	1225
1225	1165	1119
1225	1231	1165
1231	1123	1165
1140	1329	1323
1323	1254	1140
1144	1337	1336
1144	1184	1337
1184	1368	1337
1368	1413	1337
1413	1364	1337
1364	1336	1337
1364	1362	1336
1362	1343	1336
1364	1413	1362
1157	1243	1338
1243	1451	1338
1243	1374	1451
1374	1625	1451
1243	1303	1374
1169	1280	1182
1171	1314	1319
1314	1403	1319
1403	1442	1319
1442	1350	1319
1403	1619	1442
1403	1466	1619
1466	1655	1619
1655	1724	1619
1655	1714	1724
1714	1866	1724
1714	1902	1866
1655	1567	1714
1655	1469	1567
1469	1358	1567
1469	1466	1358
1469	1655	1466
1171	1166	1314
1185	1202	1247
1202	1373	1247
1373	1327	1247
1327	1330	1247
1327	1395	1330
1327	1373	1395
1188	1320	1321
1188	1277	1320
1209	1417	1326
1417	1458	1326
1417	1617	1458
1209	1390	1417
1214	1489	1474
1489	1536	1474
1489	1584	1536
1219	1259	1341
1259	1449	1341
1449	1535	1341
1221	1239	1244
1248	1360	1296
1270	1394	1289
1394	1425	1289
1394	1563	1425
1394	1380	1563
1394	1270	1380
1270	1344	1380
1279	1335	1482
1299	1361	1440
1423	1525	1596
1596	1602	1423
1429	1533	1570
1430	1523	1503
1438	1441	1520
1441	1609	1520
1441	1539	1609
1539	1694	1609
1539	1747	1694
1747	1898	1694
1898	1794	1694
1898	1951	1794
1951	1824	1794
1898	2078	1951
2078	2172	1951
2172	2201	1951
2201	2111	1951
2111	2062	1951
2111	2109	2062
2109	2090	2062
2201	2263	2111
2201	2347	2263
2347	2523	2263
2347	2492	2523
2492	2609	2523
2609	2572	2523
2572	2493	2523
2572	2586	2493
2586	2497	2493
2497	2330	2493
2330	2263	2493
2572	2769	2586
2769	2678	2586
2769	2861	2678
2861	2845	2678
2861	3008	2845
3008	3013	2845
3013	2925	2845
2925	2856	2845
2925	2800	2856
2800	2692	2856
2692	2681	2856
2692	2557	2681
2557	2479	2681
2479	2454	2681
2557	2374	2479
2374	2310	2479
2374	2324	2310
2374	2333	2324
2333	2285	2324
2333	2304	2285
2304	2142	2285
2333	2412	2304
2412	2401	2304
2401	2280	2304
2401	2282	2280
2282	2175	2280
2401	2332	2282
2332	2295	2282
2332	2300	2295
2332	2457	2300
2457	2431	2300
2457	2511	2431
2511	2606	2431
2511	2623	2606
2623	2775	2606
2623	2699	2775
2699	2838	2775
2511	2457	2623
2457	2401	2623
2401	2513	2623
2401	2412	2513
2412	2596	2513
2412	2582	2596
2582	2670	2596
2670	2706	2596
2412	2374	2582
2374	2557	2582
2557	2692	2582
2692	2789	2582
2692	2800	2789
2412	2333	2374
2457	2332	2401
3013	3091	2925
3013	3170	3091
2861	3025	3008
2861	2980	3025
2980	3040	3025
3040	3173	3025
2980	3046	3040
3046	3106	3040
2572	2609	2769
2609	2802	2769
2201	2172	2347
2078	2120	2172
2078	1917	2120
1917	2159	2120
1917	1905	2159
1905	2046	2159
2046	2170	2159
1905	1983	2046
1983	2118	2046
1983	1939	2118
1939	2048	2118
2048	2135	2118
1983	1801	1939
1801	1797	1939
1797	1876	1939
1797	1661	1876
1797	1631	1661
1631	1467	1661
1631	1586	1467
1631	1797	1586
1797	1757	1586
1757	1673	1586
1673	1584	1586
1757	1789	1673
1789	1726	1673
1789	1801	1726
1801	1905	1726
1905	1762	1726
1905	1917	1762
1917	1747	1762
1917	1898	1747
1917	2078	1898
1801	1983	1905
1789	1797	1801
1789	1757	1797
1438	1268	1441
1472	1653	1551
1653	1682	1551
1653	1591	1682
1591	1810	1682
1591	1859	1810
1859	1899	1810
1591	1697	1859
1478	1555	1538
1478	1654	1555
1486	1492	1610
1492	1700	1610
1700	1678	1610
1700	1803	1678
1803	1753	1678
1700	1792	1803
1792	1990	1803
1792	1871	1990
1871	1895	1990
1871	1760	1895
1871	1784	1760
1784	1700	1760
1700	1517	1760
1517	1614	1760
1784	1792	1700
1784	1871	1792
1507	1594	1556
1534	1725	1542
1725	1662	1542
1534	1688	1725
1534	1659	1688
1569	1814	1606
1814	1704	1606
1704	1567	1606
1571	1575	1680
1575	1601	1680
1601	1745	1680
1601	1604	1745
1601	1578	1604
1601	1575	1578
1572	1598	1721
1598	1691	1721
1598	1602	1691
1721	1769	1572
1769	1667	1572
1721	1841	1769
1841	1864	1769
1841	1906	1864
1841	1885	1906
1841	1721	1885
1576	1774	1748
1607	1812	1763
1607	1736	1812
1607	1684	1736
1684	1761	1736
1684	1617	1761
1812	1998	1763
1763	1563	1607
1656	1781	1738
1781	1832	1738
1832	1882	1738
1882	1815	1738
1669	1779	1689
1779	1848	1689
1779	1827	1848
1827	1928	1848
1827	1953	1928
1953	2019	1928
2019	2016	1928
2019	2068	2016
1670	1800	1782
1677	1696	1887
1679	1865	1845
1845	1806	1679
1711	1735	1768
1768	1834	1711
1717	1775	1759
1717	1947	1775
1717	1755	1947
1755	1893	1947
1893	2013	1947
2013	1997	1947
2013	2134	1997
2134	2117	1997
2013	2181	2134
1893	1931	2013
1931	2037	2013
1893	1850	1931
1893	1755	1850
1733	1817	1804
1737	1973	1808
1973	2000	1808
1973	2057	2000
1744	1776	1820
1820	1774	1744
1795	1923	1831
1802	1807	1826
1811	1908	2039
1908	2087	2039
1813	1894	1863
1894	1933	1863
1894	1967	1933
1819	1867	1922
1867	1982	1922
1982	1988	1922
1867	1919	1982
1919	2006	1982
1852	1869	1969
1869	2063	1969
1853	1875	1935
1935	1957	1853
1935	2026	1957
1854	2029	1920
2029	2043	1920
2043	2031	1920
2043	2146	2031
2043	2029	2146
1854	2023	2029
1854	1958	2023
1958	2075	2023
1958	1972	2075
1972	2110	2075
1972	2176	2110
1958	1942	1972
1855	1873	1914
1858	1912	1999
1912	2027	1999
2027	2091	1999
2091	2063	1999
2027	2116	2091
2116	2299	2091
2299	2337	2091
2337	2301	2091
2337	2530	2301
2116	2195	2299
2195	2268	2299
2268	2471	2299
2268	2352	2471
2352	2387	2471
2387	2585	2471
2585	2495	2471
2495	2502	2471
2495	2559	2502
2559	2550	2502
2559	2683	2550
2495	2585	2559
2585	2641	2559
2585	2701	2641
2701	2721	2641
2352	2186	2387
2186	2390	2387
2186	2314	2390
2314	2455	2390
2186	2124	2314
2124	2033	2314
2186	1902	2124
1902	1926	2124
2352	2268	2186
2268	2195	2186
1879	1994	1952
1994	2101	1952
2101	2052	1952
2101	2149	2052
2101	2245	2149
2245	2348	2149
2101	2160	2245
2101	1994	2160
1889	1959	1932
1889	2083	1959
2083	2161	1959
2083	2102	2161
2102	2240	2161
2240	2393	2161
2393	2398	2161
2398	2264	2161
2398	2265	2264
2393	2422	2398
2393	2438	2422
2393	2362	2438
2393	2240	2362
2102	2121	2240
2102	2083	2121
1959	2060	1932
1897	1950	1927
1900	2022	2010
2010	1908	1900
1900	1753	2022
1915	1984	1964
1937	2084	2047
2084	2200	2047
1943	1975	2082
1975	2085	2082
1945	2021	1996
1996	2012	1945
1996	2053	2012
2053	2034	2012
2053	1984	2034
1945	2009	2021
2009	2163	2021
1946	2132	2007
1977	1978	2049
1978	1887	2049
2020	2242	2061
2242	2192	2061
2192	2055	2061
2020	2098	2242
2098	2289	2242
2289	2369	2242
2289	2316	2369
2289	2290	2316
2024	2079	2077
2077	2123	2024
2077	2182	2123
2182	2223	2123
2223	2311	2123
2311	2250	2123
2250	2137	2123
2250	2187	2137
2187	2042	2137
2250	2392	2187
2250	2311	2392
2311	2361	2392
2311	2223	2361
2182	2234	2223
2182	2208	2234
2182	2079	2208
2079	2086	2208
2086	2207	2208
2207	2257	2208
2207	2086	2257
2182	2077	2079
2024	1864	2079
2030	2066	2206
2035	2178	2074
2178	2336	2074
2336	2179	2074
2178	2343	2336
2343	2446	2336
2446	2456	2336
2446	2501	2456
2446	2343	2501
2343	2562	2501
2343	2423	2562
2343	2276	2423
2276	2408	2423
2343	2178	2276
2036	2198	2177
2198	2399	2177
2198	2253	2399
2253	2470	2399
2470	2469	2399
2469	2430	2399
2469	2674	2430
2674	2652	2430
2652	2558	2430
2652	2717	2558
2469	2470	2674
2051	2154	2171
2171	1992	2051
2171	2131	1992
2171	2148	2131
2069	2256	2153
2256	2376	2153
2376	2364	2153
2364	2141	2153
2069	2151	2256
2070	2190	2239
2239	2129	2070
2073	2237	2095
2237	2331	2095
2088	2228	2106
2228	2162	2106
2104	2255	2292
2255	2489	2292
2489	2522	2292
2489	2620	2522
2489	2622	2620
2622	2743	2620
2622	2787	2743
2255	2219	2489
2292	2272	2104
2122	2145	2214
2214	2189	2122
2189	2164	2122
2164	2026	2122
2189	2226	2164
2189	2384	2226
2384	2366	2226
2189	2247	2384
2247	2439	2384
2439	2556	2384
2439	2476	2556
2439	2413	2476
2413	2421	2476
2439	2247	2413
2189	2214	2247
2143	2254	2225
2254	2414	2225
2414	2339	2225
2143	2205	2254
2144	2155	2306
2155	2262	2306
2262	2428	2306
2262	2356	2428
2356	2448	2428
2448	2616	2428
2448	2574	2616
2183	2402	2199
2191	2221	2275
2191	2146	2221
2196	2291	2325
2291	2380	2325
2380	2368	2325
2368	2237	2325
2380	2331	2368
2291	2508	2380
2508	2619	2380
2508	2648	2619
2648	2664	2619
2648	2724	2664
2724	2710	2664
2710	2660	2664
2710	2809	2660
2809	2642	2660
2710	2783	2809
2783	2955	2809
2955	2894	2809
2955	2966	2894
2783	2840	2955
2783	2724	2840
2783	2710	2724
2325	2363	2196
2197	2303	2379
2303	2344	2379
2303	2279	2344
2217	2294	2318
2318	2354	2217
2354	2229	2217
2229	2059	2217
2318	2426	2354
2231	2260	2403
2269	2335	2317
2271	2405	2346
2278	2396	2386
2386	2397	2278
2288	2409	2353
2409	2452	2353
2409	2561	2452
2307	2450	2383
2309	2434	2334
2434	2411	2334
2411	2521	2334
2411	2434	2521
2328	2375	2407
2329	2360	2543
2360	2506	2543
2506	2579	2543
2543	2404	2329
2543	2587	2404
2587	2443	2404
2587	2575	2443
2355	2485	2531
2531	2381	2355
2372	2378	2420
2420	2491	2372
2420	2437	2491
2437	2458	2491
2458	2536	2491
2536	2702	2491
2536	2738	2702
2738	2747	2702
2747	2749	2702
2749	2649	2702
2747	2848	2749
2738	2764	2747
2764	2982	2747
2982	2981	2747
2982	3056	2981
2738	2536	2764
2536	2558	2764
2536	2458	2558
2420	2378	2437
2372	2190	2378
2373	2385	2496
2496	2391	2373
2391	2253	2373
2377	2519	2449
2382	2527	2406
2527	2566	2406
2527	2605	2566
2605	2631	2566
2605	2718	2631
2718	2653	2631
2718	2716	2653
2716	2618	2653
2618	2496	2653
2716	2803	2618
2803	2825	2618
2825	2650	2618
2825	2746	2650
2825	2926	2746
2926	2858	2746
2825	3028	2926
2825	3075	3028
2825	3021	3075
3021	3105	3075
3105	3279	3075
3105	3191	3279
3105	3158	3191
2825	2803	3021
2716	2718	2803
2527	2615	2605
2388	2461	2509
2461	2520	2509
2520	2633	2509
2633	2666	2509
2666	2655	2509
2666	2751	2655
2666	2847	2751
2847	2917	2751
2847	2835	2917
2835	2936	2917
2835	2996	2936
2996	3019	2936
2847	2666	2835
2509	2481	2388
2481	2441	2388
2400	2512	2488
2512	2532	2488
2532	2486	2488
2532	2553	2486
2410	2602	2427
2602	2637	2427
2602	2777	2637
2602	2853	2777
2853	2903	2777
2903	2956	2777
2956	2892	2777
2892	2742	2777
2742	2698	2777
2956	3005	2892
3005	3012	2892
3005	3051	3012
2903	3119	2956
3119	3210	2956
3119	3148	3210
3148	3367	3210
3367	3394	3210
3394	3393	3210
3393	3271	3210
3393	3490	3271
3393	3587	3490
3587	3691	3490
3393	3394	3587
3394	3595	3587
3394	3367	3595
3367	3523	3595
3148	3235	3367
3235	3252	3367
3235	3142	3252
3142	3057	3252
3057	3117	3252
3117	3313	3252
3235	3148	3142
3119	2920	3148
2920	2941	3148
3119	2903	2920
2903	2853	2920
2429	2466	2444
2466	2499	2444
2466	2510	2499
2466	2441	2510
2466	2429	2441
2429	2275	2441
2432	2503	2581
2435	2546	2482
2442	2487	2515
2487	2617	2515
2487	2661	2617
2442	2257	2487
2447	2542	2539
2539	2474	2447
2539	2671	2474
2671	2635	2474
2671	2700	2635
2539	2679	2671
2539	2542	2679
2542	2687	2679
2460	2612	2533
2483	2656	2644
2656	2755	2644
2755	2910	2644
2656	2740	2755
2516	2634	2621
2634	2736	2621
2736	2707	2621
2707	2518	2621
2736	2931	2707
2931	2826	2707
2516	2569	2634
2517	2560	2580
2580	2593	2517
2560	2651	2580
2651	2695	2580
2560	2630	2651
2538	2613	2614
2613	2744	2614
2613	2794	2744
2794	2897	2744
2794	2899	2897
2899	2985	2897
2794	2859	2899
2794	2722	2859
2722	2723	2859
2794	2613	2722
2540	2547	2675
2555	2705	2672
2705	2714	2672
2705	2797	2714
2705	2763	2797
2763	2949	2797
2763	2937	2949
2937	2993	2949
2993	2977	2949
2993	3107	2977
2993	3043	3107
3043	3232	3107
3043	3169	3232
3169	3188	3232
3188	3395	3232
3395	3352	3232
3395	3496	3352
3496	3461	3352
3496	3651	3461
3496	3636	3651
3636	3733	3651
3496	3628	3636
3496	3507	3628
3507	3655	3628
3496	3395	3507
3395	3343	3507
3395	3188	3343
3188	3262	3343
3043	3029	3169
3043	2944	3029
2993	2937	3043
2763	2778	2937
2763	2659	2778
2763	2668	2659
2763	2705	2668
2563	2603	2766
2603	2810	2766
2810	2950	2766
2950	2964	2766
2950	3050	2964
3050	3035	2964
2950	2983	3050
2950	2810	2983
2810	2807	2983
2807	2952	2983
2810	2603	2807
2573	2691	2597
2691	2711	2597
2711	2690	2597
2690	2601	2597
2690	2684	2601
2690	2733	2684
2690	2711	2733
2691	2918	2711
2918	2946	2711
2577	2595	2818
2595	2712	2818
2712	2878	2818
2712	2720	2878
2720	2756	2878
2818	2688	2577
2818	2916	2688
2916	2767	2688
2916	2896	2767
2896	2748	2767
2748	2553	2767
2896	2870	2748
2896	3065	2870
3065	3007	2870
3065	3072	3007
3072	3134	3007
3072	3300	3134
3300	3351	3134
3300	3390	3351
3072	3290	3300
3290	3336	3300
3290	3263	3336
3263	3414	3336
3263	3280	3414
3280	3318	3414
3318	3526	3414
3526	3495	3414
3526	3567	3495
3567	3514	3495
3514	3508	3495
3514	3567	3508
3567	3725	3508
2896	3059	3065
2896	2940	3059
2940	3103	3059
2896	2916	2940
2590	2667	2636
2667	2693	2636
2693	2686	2636
2686	2627	2636
2686	2669	2627
2686	2760	2669
2760	2784	2669
2784	2731	2669
2784	2819	2731
2819	2906	2731
2784	2837	2819
2784	2760	2837
2760	2812	2837
2812	2890	2837
2812	2898	2890
2760	2693	2812
2760	2686	2693
2598	2737	2758
2758	2753	2598
2758	2779	2753
2779	2704	2753
2779	2828	2704
2828	2854	2704
2854	2863	2704
2854	2919	2863
2919	2968	2863
2968	2814	2863
2758	2817	2779
2758	2737	2817
2611	2816	2677
2816	2813	2677
2813	2839	2677
2839	2732	2677
2732	2628	2677
2816	2986	2813
2816	2852	2986
2624	2662	2654
2625	2741	2639
2626	2645	2680
2680	2665	2626
2680	2673	2665
2658	2735	2774
2774	2729	2658
2663	2862	2867
2867	2685	2663
2708	2762	2830
2713	2829	2887
2715	2801	2871
2801	2891	2871
2871	2952	2715
2719	2877	2832
2752	2869	2792
2869	2915	2792
2915	2857	2792
2915	3068	2857
2915	3083	3068
3083	3220	3068
3220	3201	3068
3201	3127	3068
3201	3200	3127
3200	3145	3127
3200	3196	3145
2754	2824	2808
2824	2885	2808
2824	2841	2885
2824	2754	2841
2754	2751	2841
2759	2849	2831
2849	3044	2831
3044	3041	2831
2768	2866	2815
2866	2930	2815
2930	2905	2815
2930	3046	2905
2770	2868	2806
2780	2911	2969
2788	2796	2799
2796	3016	2799
3016	2995	2799
2811	3027	2992
3027	3069	2992
3069	3111	2992
3111	2984	2992
3069	3225	3111
3225	3274	3111
3225	3303	3274
3303	3407	3274
3303	3386	3407
3386	3486	3407
3486	3570	3407
3386	3441	3486
3225	3165	3303
3225	3157	3165
3225	3069	3157
3069	3027	3157
2834	2865	3006
2834	2695	2865
2850	3018	2962
2850	2851	3018
2851	2895	3018
2851	2879	2895
2881	2901	2912
2901	3033	2912
2901	2935	3033
2935	2959	3033
2935	2906	2959
2886	3121	3124
3121	3163	3124
3163	3159	3124
3159	2942	3124
2942	2886	3124
3159	3017	2942
3159	3126	3017
3163	3399	3159
3399	3382	3159
3163	3286	3399
3163	3121	3286
3121	3226	3286
3226	3342	3286
3342	3418	3286
3342	3416	3418
3416	3444	3418
3416	3412	3444
3416	3368	3412
3416	3342	3368
3342	3137	3368
3137	3182	3368
3137	3129	3182
3121	3166	3226
2907	3020	2948
2948	2945	2907
2909	2999	3080
2999	3214	3080
3214	3215	3080
3214	3283	3215
3214	3289	3283
2913	3062	3047
3062	3073	3047
2924	2998	2973
2998	3055	2973
2998	3171	3055
2998	3138	3171
3138	3238	3171
3238	3315	3171
3238	3329	3315
3238	3375	3329
3238	3340	3375
3340	3446	3375
3238	3205	3340
3205	3275	3340
3205	3180	3275
3180	3253	3275
3205	3114	3180
3205	3077	3114
3077	3002	3114
3205	3138	3077
3138	2998	3077
3205	3238	3138
2943	2954	3052
3052	3079	2943
3052	3136	3079
2951	2971	2988
2988	3101	2951
3101	3054	2951
2953	3139	3095
3139	3154	3095
3154	3123	3095
3154	3261	3123
3154	3139	3261
3139	3282	3261
3282	3498	3261
3282	3527	3498
3282	3311	3527
3311	3544	3527
3544	3603	3527
3544	3521	3603
3544	3376	3521
3376	3400	3521
3544	3311	3376
3311	3301	3376
2957	2965	2972
2972	3082	2957
2972	3045	3082
2963	3144	3030
3030	2898	2963
2898	2884	2963
3144	3098	3030
2978	3024	3009
3024	3207	3009
3207	3176	3009
3176	3022	3009
3024	3125	3207
2990	3110	3161
2990	2969	3110
3110	3111	3161
3111	3259	3161
3259	3224	3161
3259	3385	3224
3385	3297	3224
3297	3222	3224
3297	3391	3222
3391	3273	3222
3000	3167	3104
3000	3184	3167
3184	3272	3167
3272	3104	3167
3272	3316	3104
3316	3087	3104
3087	2910	3104
2910	3000	3104
3087	3037	2910
3037	2921	2910
3087	3277	3037
3087	3316	3277
3184	3371	3272
3184	3194	3371
3194	3362	3371
3362	3485	3371
3362	3422	3485
3422	3445	3485
3445	3634	3485
3445	3497	3634
3497	3639	3634
3639	3863	3634
3639	3761	3863
3639	3647	3761
3639	3497	3647
3445	3339	3497
3445	3422	3339
3422	3324	3339
3324	3194	3339
3324	3362	3194
3324	3422	3362
3184	3000	3194
3001	3034	3131
3034	3195	3131
3195	3288	3131
3195	3284	3288
3034	3085	3195
3036	3067	3049
3038	3155	3228
3071	3175	3147
3175	3331	3147
3076	3100	3140
3081	3285	3250
3285	3344	3250
3081	3273	3285
3097	3204	3150
3204	3240	3150
3204	3270	3240
3270	3354	3240
3354	3230	3240
3270	3500	3354
3500	3593	3354
3593	3499	3354
3113	3218	3130
3130	2955	3113
3218	3276	3130
3276	3262	3130
3218	3244	3276
3244	3380	3276
3380	3462	3276
3244	3356	3380
3244	3370	3356
3218	3113	3244
3116	3255	3179
3133	3216	3152
3141	3317	3160
3317	3307	3160
3307	3245	3160
3141	3302	3317
3141	3126	3302
3162	3294	3308
3294	3337	3308
3337	3341	3308
3172	3243	3292
3243	3287	3292
3177	3198	3237
3198	3372	3237
3372	3473	3237
3473	3306	3237
3372	3471	3473
3471	3542	3473
3542	3621	3473
3542	3662	3621
3662	3786	3621
3662	3894	3786
3662	3685	3894
3662	3542	3685
3372	3389	3471
3372	3365	3389
3365	3283	3389
3283	3374	3389
3372	3198	3365
3185	3334	3256
3334	3409	3256
3334	3424	3409
3334	3448	3424
3206	3299	3269
3299	3360	3269
3360	3335	3269
3206	3249	3299
3249	3480	3299
3249	3239	3480
3239	3248	3480
3248	3512	3480
3239	3209	3248
3213	3314	3260
3231	3378	3291
3378	3396	3291
3396	3248	3291
3231	3277	3378
3258	3347	3406
3264	3323	3355
3355	3349	3264
3355	3427	3349
3427	3326	3349
3266	3361	3404
3295	3366	3484
3310	3363	3319
3363	3359	3319
3359	3503	3319
3503	3479	3319
3503	3549	3479
3549	3517	3479
3517	3423	3479
3549	3613	3517
3613	3728	3517
3613	3643	3728
3643	3836	3728
3643	3830	3836
3643	3730	3830
3730	3807	3830
3807	3927	3830
3807	3853	3927
3853	3970	3927
3970	4039	3927
4039	3986	3927
4039	4021	3986
4039	4139	4021
4039	4113	4139
4113	4153	4139
4153	4188	4139
4188	4180	4139
4180	4182	4139
4182	4164	4139
4182	4223	4164
4223	4206	4164
4206	4072	4164
4206	4183	4072
4183	4048	4072
4048	4001	4072
4001	3992	4072
4048	4019	4001
4019	3918	4001
3918	3910	4001
3910	3895	4001
3910	3824	3895
3824	3790	3895
3790	3797	3895
3797	3842	3895
3797	3768	3842
3797	3701	3768
3797	3790	3701
3910	3896	3824
3910	3918	3896
3918	3923	3896
3918	4019	3923
4019	4000	3923
4000	3980	3923
4000	4062	3980
4000	4048	4062
4048	4154	4062
4154	4127	4062
4154	4245	4127
4245	4227	4127
4245	4319	4227
4319	4365	4227
4365	4232	4227
4232	4117	4227
4365	4359	4232
4365	4425	4359
4425	4503	4359
4503	4372	4359
4372	4257	4359
4372	4219	4257
4372	4276	4219
4276	4196	4219
4276	4129	4196
4129	4145	4196
4276	4092	4129
4276	4067	4092
4372	4345	4276
4372	4487	4345
4487	4495	4345
4495	4426	4345
4495	4470	4426
4470	4401	4426
4401	4325	4426
4401	4383	4325
4383	4361	4325
4361	4221	4325
4361	4163	4221
4163	4194	4221
4163	4106	4194
4383	4402	4361
4402	4473	4361
4402	4544	4473
4544	4538	4473
4538	4484	4473
4538	4563	4484
4563	4457	4484
4457	4378	4484
4378	4335	4484
4538	4622	4563
4622	4630	4563
4630	4637	4563
4630	4706	4637
4706	4729	4637
4729	4696	4637
4729	4794	4696
4794	4738	4696
4738	4672	4696
4738	4686	4672
4686	4624	4672
4624	4601	4672
4624	4620	4601
4620	4551	4601
4551	4419	4601
4551	4375	4419
4375	4366	4419
4551	4527	4375
4527	4448	4375
4448	4347	4375
4527	4458	4448
4527	4545	4458
4527	4598	4545
4598	4615	4545
4615	4625	4545
4625	4523	4545
4625	4685	4523
4685	4623	4523
4623	4552	4523
4552	4424	4523
4552	4553	4424
4552	4652	4553
4552	4633	4652
4633	4710	4652
4710	4809	4652
4710	4773	4809
4773	4878	4809
4878	4837	4809
4837	4775	4809
4837	4855	4775
4855	4836	4775
4836	4751	4775
4751	4652	4775
4855	4924	4836
4924	4937	4836
4937	4868	4836
4937	4874	4868
4874	4854	4868
4874	4869	4854
4874	4921	4869
4921	4883	4869
4883	4782	4869
4883	4756	4782
4756	4690	4782
4756	4579	4690
4579	4628	4690
4628	4638	4690
4638	4746	4690
4628	4594	4638
4594	4645	4638
4756	4713	4579
4883	4884	4756
4883	4999	4884
4999	4981	4884
4999	5037	4981
5037	5036	4981
5036	4892	4981
4892	4862	4981
4892	4818	4862
4818	4830	4862
4818	4783	4830
4818	4659	4783
4659	4621	4783
4892	4829	4818
4892	4900	4829
4900	4858	4829
4892	4947	4900
4892	5024	4947
5024	5033	4947
5033	5002	4947
5033	5053	5002
5053	5007	5002
5007	4960	5002
5007	4958	4960
5007	4922	4958
4922	4915	4958
4915	4908	4958
5007	4996	4922
4996	4948	4922
4996	5000	4948
5000	4935	4948
4935	4898	4948
4935	4897	4898
4897	4848	4898
4848	4791	4898
4935	4971	4897
4971	4890	4897
4971	5013	4890
4935	4982	4971
4982	5017	4971
4982	5000	5017
5000	5011	5017
5011	5039	5017
5039	5077	5017
5039	5057	5077
5057	5082	5077
5082	5088	5077
5088	5080	5077
5080	5078	5077
5080	5090	5078
5090	5091	5078
5091	5073	5078
5073	5066	5078
5066	5064	5078
5066	5062	5064
5062	5038	5064
5062	5040	5038
5040	5021	5038
5021	5004	5038
5004	5019	5038
5004	5010	5019
5010	5013	5019
5010	4987	5013
4987	4923	5013
4987	4926	4923
4926	4891	4923
4891	4840	4923
4926	4919	4891
4919	4875	4891
4919	4926	4875
4926	4927	4875
4926	4987	4927
4987	5004	4927
5004	4998	4927
5004	5021	4998
4987	5010	5004
5062	5055	5040
5055	5020	5040
5020	4952	5040
5055	5023	5020
5023	4973	5020
5023	4989	4973
4989	4885	4973
4885	4881	4973
4989	4953	4885
4989	5003	4953
5003	4986	4953
4986	4939	4953
4986	4928	4939
4986	5008	4928
5008	4988	4928
5008	5034	4988
5034	5049	4988
5049	4990	4988
5049	4983	4990
4983	4949	4990
4949	4845	4990
4949	4880	4845
4880	4842	4845
4842	4793	4845
4793	4802	4845
4793	4717	4802
4717	4749	4802
4717	4639	4749
4793	4708	4717
4793	4762	4708
4762	4691	4708
4762	4680	4691
4680	4570	4691
4762	4750	4680
4750	4721	4680
4750	4797	4721
4750	4824	4797
4824	4817	4797
4817	4839	4797
4839	4755	4797
4839	4780	4755
4780	4678	4755
4780	4810	4678
4810	4683	4678
4683	4543	4678
4543	4634	4678
4543	4584	4634
4683	4669	4543
4683	4741	4669
4741	4650	4669
4741	4724	4650
4724	4662	4650
4662	4577	4650
4577	4605	4650
4662	4560	4577
4560	4462	4577
4662	4612	4560
4612	4515	4560
4612	4542	4515
4542	4498	4515
4498	4435	4515
4435	4412	4515
4435	4354	4412
4354	4367	4412
4435	4404	4354
4404	4336	4354
4404	4390	4336
4404	4460	4390
4460	4525	4390
4525	4403	4390
4525	4501	4403
4525	4564	4501
4564	4597	4501
4597	4500	4501
4597	4641	4500
4641	4540	4500
4540	4483	4500
4483	4455	4500
4483	4368	4455
4368	4318	4455
4368	4302	4318
4302	4207	4318
4302	4253	4207
4302	4349	4253
4349	4268	4253
4268	4109	4253
4349	4275	4268
4349	4377	4275
4349	4429	4377
4429	4472	4377
4472	4387	4377
4472	4566	4387
4566	4502	4387
4502	4382	4387
4382	4358	4387
4358	4273	4387
4358	4258	4273
4258	4198	4273
4198	4158	4273
4258	4161	4198
4258	4150	4161
4150	4034	4161
4034	4047	4161
4150	4131	4034
4131	4042	4034
4131	4111	4042
4111	4116	4042
4116	4105	4042
4105	4017	4042
4017	3950	4042
3950	3957	4042
3950	3864	3957
3950	3909	3864
3909	3775	3864
3775	3750	3864
3750	3759	3864
3759	3841	3864
3841	3866	3864
3759	3834	3841
3759	3810	3834
3759	3686	3810
3759	3623	3686
3759	3750	3623
3750	3638	3623
3638	3541	3623
3909	3840	3775
3840	3785	3775
3840	3812	3785
3812	3674	3785
3674	3667	3785
3674	3584	3667
3812	3792	3674
3792	3664	3674
3792	3678	3664
3678	3573	3664
3573	3547	3664
3573	3454	3547
3454	3469	3547
3469	3476	3547
3476	3584	3547
3573	3430	3454
3678	3596	3573
3678	3712	3596
3712	3709	3596
3709	3572	3596
3572	3539	3596
3572	3417	3539
3572	3494	3417
3572	3558	3494
3558	3457	3494
3712	3740	3709
3740	3778	3709
3778	3722	3709
3778	3757	3722
3757	3717	3722
3717	3616	3722
3717	3597	3616
3717	3601	3597
3717	3670	3601
3670	3566	3601
3566	3519	3601
3670	3633	3566
3633	3482	3566
3670	3690	3633
3690	3719	3633
3719	3654	3633
3719	3730	3654
3730	3642	3654
3642	3626	3654
3642	3619	3626
3642	3643	3619
3643	3546	3619
3546	3405	3619
3546	3363	3405
3546	3359	3363
3546	3503	3359
3546	3549	3503
3546	3613	3549
3546	3643	3613
3642	3730	3643
3719	3807	3730
3719	3690	3807
3690	3717	3807
3717	3838	3807
3838	3853	3807
3838	3970	3853
3838	3839	3970
3839	3835	3970
3835	3932	3970
3932	3988	3970
3988	4039	3970
3988	4113	4039
3988	4120	4113
4120	4168	4113
4168	4153	4113
4168	4173	4153
4173	4188	4153
4173	4259	4188
4259	4223	4188
4223	4180	4188
4223	4182	4180
4259	4285	4223
4285	4279	4223
4279	4206	4223
4279	4287	4206
4287	4183	4206
4287	4254	4183
4254	4176	4183
4176	4048	4183
4176	4154	4048
4176	4254	4154
4254	4245	4154
4254	4319	4245
4254	4352	4319
4352	4391	4319
4391	4365	4319
4391	4425	4365
4391	4510	4425
4510	4503	4425
4510	4572	4503
4572	4526	4503
4526	4497	4503
4497	4372	4503
4497	4534	4372
4534	4487	4372
4534	4571	4487
4571	4495	4487
4571	4619	4495
4619	4617	4495
4617	4470	4495
4617	4608	4470
4608	4586	4470
4586	4544	4470
4544	4402	4470
4402	4401	4470
4402	4383	4401
4586	4622	4544
4622	4538	4544
4586	4635	4622
4635	4687	4622
4687	4630	4622
4687	4706	4630
4687	4740	4706
4740	4729	4706
4740	4794	4729
4740	4821	4794
4821	4823	4794
4823	4838	4794
4838	4770	4794
4770	4738	4794
4770	4712	4738
4712	4682	4738
4682	4686	4738
4682	4624	4686
4682	4712	4624
4712	4684	4624
4684	4620	4624
4684	4615	4620
4615	4598	4620
4598	4527	4620
4527	4551	4620
4684	4742	4615
4742	4625	4615
4742	4685	4625
4742	4773	4685
4773	4710	4685
4710	4623	4685
4710	4633	4623
4633	4552	4623
4742	4772	4773
4772	4851	4773
4851	4878	4773
4851	4888	4878
4888	4912	4878
4912	4938	4878
4938	4913	4878
4913	4837	4878
4913	4855	4837
4913	4924	4855
4913	4977	4924
4977	4937	4924
4977	5006	4937
5006	5001	4937
5001	4874	4937
5001	4921	4874
5001	5042	4921
5001	5031	5042
5031	5060	5042
5060	5045	5042
5045	4999	5042
5045	5037	4999
5045	5061	5037
5061	5036	5037
5061	5063	5036
5063	5033	5036
5033	5024	5036
5024	4892	5036
5061	5103	5063
5061	5087	5103
5087	5104	5103
5104	5107	5103
5107	5099	5103
5107	5101	5099
5101	5088	5099
5088	5085	5099
5088	5082	5085
5082	5075	5085
5082	5057	5075
5057	5035	5075
5035	5053	5075
5035	5007	5053
5035	4996	5007
5035	5057	4996
5057	5039	4996
5039	5011	4996
5011	5000	4996
5101	5094	5088
5094	5090	5088
5090	5080	5088
5094	5091	5090
5094	5096	5091
5096	5067	5091
5067	5073	5091
5067	5062	5073
5062	5066	5073
5067	5055	5062
5067	5059	5055
5059	5023	5055
5059	5025	5023
5025	4989	5023
5025	5003	4989
5025	5058	5003
5058	5052	5003
5052	4986	5003
5052	5008	4986
5052	5034	5008
5052	5086	5034
5086	5049	5034
5052	5081	5086
5052	5058	5081
5058	5076	5081
5076	5102	5081
5076	5083	5102
5083	5095	5102
5095	5097	5102
5097	5107	5102
5107	5112	5102
5112	5110	5102
5112	5111	5110
5111	5113	5110
5113	5086	5110
5111	5109	5113
5109	5105	5113
5105	5098	5113
5105	5092	5098
5092	5074	5098
5074	5086	5098
5092	5051	5074
5051	5054	5074
5054	5049	5074
5054	4983	5049
5054	5012	4983
5012	4976	4983
4976	4949	4983
4976	4925	4949
4925	4880	4949
4925	4872	4880
4872	4824	4880
4824	4863	4880
4863	4842	4880
4863	4750	4842
4750	4762	4842
4762	4793	4842
4863	4824	4750
4872	4856	4824
4856	4817	4824
4856	4839	4817
4856	4872	4839
4872	4910	4839
4910	4879	4839
4879	4828	4839
4828	4780	4839
4828	4810	4780
4828	4850	4810
4850	4841	4810
4841	4800	4810
4800	4741	4810
4741	4683	4810
4800	4724	4741
4800	4796	4724
4796	4771	4724
4771	4701	4724
4701	4662	4724
4701	4748	4662
4748	4648	4662
4648	4612	4662
4648	4542	4612
4648	4581	4542
4581	4525	4542
4525	4498	4542
4525	4460	4498
4460	4435	4498
4460	4404	4435
4581	4564	4525
4581	4632	4564
4632	4616	4564
4616	4597	4564
4616	4641	4597
4616	4654	4641
4654	4681	4641
4681	4540	4641
4654	4745	4681
4745	4734	4681
4745	4804	4734
4804	4843	4734
4843	4819	4734
4819	4798	4734
4798	4725	4734
4725	4705	4734
4725	4689	4705
4689	4658	4705
4689	4725	4658
4725	4665	4658
4665	4550	4658
4550	4532	4658
4532	4482	4658
4532	4472	4482
4472	4429	4482
4429	4349	4482
4349	4463	4482
4463	4540	4482
4463	4483	4540
4463	4368	4483
4463	4349	4368
4349	4302	4368
4532	4550	4472
4550	4566	4472
4550	4665	4566
4665	4674	4566
4674	4627	4566
4627	4556	4566
4556	4502	4566
4556	4449	4502
4449	4382	4502
4449	4398	4382
4398	4358	4382
4398	4274	4358
4274	4278	4358
4278	4258	4358
4278	4225	4258
4225	4150	4258
4225	4131	4150
4225	4240	4131
4240	4156	4131
4156	4111	4131
4156	4116	4111
4156	4256	4116
4256	4105	4116
4256	4110	4105
4110	4065	4105
4065	4017	4105
4065	4035	4017
4035	3995	4017
3995	3950	4017
3995	3909	3950
3995	3840	3909
3995	3941	3840
3941	3812	3840
3941	3857	3812
3857	3792	3812
3857	3811	3792
3811	3712	3792
3712	3678	3792
3811	3740	3712
3811	3857	3740
3857	3778	3740
3857	3874	3778
3874	3757	3778
3874	3932	3757
3932	3835	3757
3835	3777	3757
3777	3717	3757
3777	3838	3717
3777	3835	3838
3835	3839	3838
3874	3933	3932
3933	3988	3932
3933	3929	3988
3929	4060	3988
4060	4103	3988
4103	4120	3988
4103	4214	4120
4214	4168	4120
4214	4259	4168
4259	4173	4168
4214	4290	4259
4290	4330	4259
4330	4357	4259
4357	4327	4259
4327	4285	4259
4327	4384	4285
4384	4287	4285
4287	4279	4285
4384	4352	4287
4352	4254	4287
4384	4391	4352
4384	4454	4391
4454	4510	4391
4454	4512	4510
4512	4606	4510
4606	4572	4510
4606	4600	4572
4600	4534	4572
4534	4526	4572
4534	4497	4526
4606	4614	4600
4606	4613	4614
4613	4649	4614
4613	4626	4649
4626	4656	4649
4656	4700	4649
4656	4716	4700
4716	4739	4700
4613	4574	4626
4574	4547	4626
4574	4529	4547
4529	4459	4547
4459	4475	4547
4475	4524	4547
4524	4531	4547
4524	4453	4531
4453	4437	4531
4437	4434	4531
4434	4464	4531
4434	4422	4464
4422	4442	4464
4442	4449	4464
4449	4604	4464
4449	4556	4604
4556	4627	4604
4627	4640	4604
4627	4668	4640
4668	4695	4640
4695	4716	4640
4695	4719	4716
4719	4735	4716
4735	4790	4716
4735	4779	4790
4779	4844	4790
4844	4857	4790
4844	4895	4857
4895	4876	4857
4876	4853	4857
4876	4906	4853
4876	4916	4906
4916	4946	4906
4946	4957	4906
4957	4961	4906
4961	4934	4906
4957	4980	4961
4957	4946	4980
4916	4895	4946
4895	4887	4946
4895	4859	4887
4859	4860	4887
4860	4886	4887
4886	4933	4887
4886	4877	4933
4877	4929	4933
4929	4979	4933
4979	4980	4933
4929	4972	4979
4929	4852	4972
4852	4893	4972
4893	4931	4972
4931	4985	4972
4985	4975	4972
4985	4984	4975
4984	4954	4975
4954	4965	4975
4954	5005	4965
4954	4991	5005
4991	5016	5005
5016	5027	5005
5016	5029	5027
5029	5043	5027
5043	5018	5027
5018	5009	5027
5018	4997	5009
4997	4964	5009
4997	4941	4964
4941	4911	4964
4911	4882	4964
4882	4889	4964
4889	4942	4964
4942	4950	4964
4942	4945	4950
4945	4943	4950
4943	4955	4950
4943	4920	4955
4920	4969	4955
4969	4965	4955
4920	4918	4969
4920	4902	4918
4902	4823	4918
4823	4917	4918
4917	4934	4918
4823	4821	4917
4902	4838	4823
4902	4894	4838
4894	4889	4838
4894	4942	4889
4894	4943	4942
4943	4945	4942
4894	4920	4943
4894	4902	4920
4882	4766	4889
4882	4834	4766
4834	4759	4766
4759	4728	4766
4728	4712	4766
4712	4770	4766
4728	4684	4712
4728	4742	4684
4728	4759	4742
4759	4772	4742
4759	4834	4772
4834	4851	4772
4834	4888	4851
4834	4911	4888
4911	4941	4888
4941	4912	4888
4941	4967	4912
4941	4997	4967
4997	4995	4967
4997	5018	4995
5018	5030	4995
5030	4994	4995
5030	5041	4994
5041	5044	4994
5044	5046	4994
5046	5028	4994
5028	4978	4994
5028	4974	4978
4974	4956	4978
4956	4944	4978
4944	4938	4978
4938	4912	4978
4944	4913	4938
4944	4956	4913
4956	4974	4913
4974	4977	4913
4974	5015	4977
5015	5006	4977
5015	5026	5006
5026	5001	5006
5026	5031	5001
4974	5028	5015
5041	5056	5044
5041	5048	5056
5048	5050	5056
5048	5047	5050
5047	5022	5050
5022	4993	5050
5022	4962	4993
4962	4930	4993
4930	4904	4993
4904	4925	4993
4925	4976	4993
4976	4992	4993
4976	5012	4992
4904	4872	4925
4904	4910	4872
4904	4930	4910
4930	4962	4910
4962	4932	4910
4932	4909	4910
4909	4896	4910
4896	4879	4910
4896	4905	4879
4905	4850	4879
4850	4828	4879
4905	4914	4850
4914	4841	4850
4914	4847	4841
4847	4820	4841
4820	4800	4841
4820	4796	4800
4820	4847	4796
4847	4870	4796
4870	4771	4796
4870	4846	4771
4846	4748	4771
4748	4701	4771
4870	4907	4846
4907	4893	4846
4893	4852	4846
4907	4931	4893
4907	4968	4931
4968	4985	4931
4968	4984	4985
4968	4963	4984
4963	4959	4984
4959	4954	4984
4959	4991	4954
4959	4966	4991
4966	5016	4991
4966	5014	5016
5014	5029	5016
5014	5032	5029
5032	5043	5029
5032	5047	5043
5047	5041	5043
5041	5030	5043
5030	5018	5043
5047	5048	5041
5032	5022	5047
5032	5014	5022
5014	4962	5022
5014	4966	4962
4966	4932	4962
4966	4905	4932
4905	4909	4932
4905	4896	4909
4966	4936	4905
4936	4914	4905
4936	4940	4914
4940	4847	4914
4940	4870	4847
4940	4907	4870
4940	4968	4907
4940	4963	4968
4940	4936	4963
4936	4951	4963
4951	4959	4963
4951	4966	4959
4951	4936	4966
4834	4882	4911
4929	4877	4852
4877	4808	4852
4808	4769	4852
4769	4736	4852
4769	4745	4736
4745	4654	4736
4654	4677	4736
4677	4661	4736
4661	4648	4736
4648	4748	4736
4661	4581	4648
4661	4632	4581
4661	4677	4632
4677	4654	4632
4654	4616	4632
4769	4804	4745
4769	4808	4804
4808	4886	4804
4886	4843	4804
4886	4860	4843
4860	4819	4843
4860	4859	4819
4859	4826	4819
4826	4798	4819
4826	4807	4798
4807	4725	4798
4807	4781	4725
4781	4761	4725
4761	4723	4725
4723	4665	4725
4723	4674	4665
4723	4735	4674
4735	4668	4674
4668	4627	4674
4735	4719	4668
4719	4695	4668
4723	4761	4735
4761	4779	4735
4761	4781	4779
4781	4844	4779
4781	4807	4844
4807	4826	4844
4826	4859	4844
4859	4895	4844
4808	4877	4886
4916	4876	4895
4442	4398	4449
4442	4332	4398
4332	4274	4398
4332	4240	4274
4240	4225	4274
4225	4278	4274
4332	4256	4240
4256	4156	4240
4332	4305	4256
4305	4309	4256
4305	4373	4309
4373	4290	4309
4290	4214	4309
4373	4385	4290
4385	4330	4290
4385	4357	4330
4385	4459	4357
4459	4409	4357
4409	4327	4357
4409	4384	4327
4409	4454	4384
4409	4459	4454
4459	4512	4454
4459	4529	4512
4529	4606	4512
4529	4574	4606
4574	4613	4606
4385	4475	4459
4385	4451	4475
4451	4453	4475
4453	4524	4475
4451	4406	4453
4406	4437	4453
4406	4373	4437
4373	4399	4437
4399	4408	4437
4408	4434	4437
4408	4422	4434
4408	4332	4422
4332	4442	4422
4408	4305	4332
4408	4399	4305
4399	4373	4305
4406	4385	4373
4406	4451	4385
4103	4141	4214
4103	4054	4141
4054	4110	4141
4054	4007	4110
4007	4035	4110
4035	4065	4110
4007	3999	4035
3999	3995	4035
3999	3941	3995
3999	4007	3941
4054	4060	4007
4060	3911	4007
4060	3929	3911
3929	3874	3911
3929	3933	3874
4054	4103	4060
5054	5051	5012
5105	5100	5092
5100	5093	5092
5100	5084	5093
5100	5105	5084
5105	5089	5084
5089	5072	5084
5089	5079	5072
5079	5068	5072
5068	5060	5072
5060	5031	5072
5068	5045	5060
5068	5071	5045
5071	5061	5045
5071	5087	5061
5071	5068	5087
5068	5079	5087
5079	5106	5087
5106	5104	5087
5106	5112	5104
5112	5107	5104
5106	5111	5112
5106	5109	5111
5106	5108	5109
5108	5105	5109
5108	5089	5105
5108	5079	5089
5108	5106	5079
5097	5096	5107
5096	5101	5107
5096	5094	5101
5097	5067	5096
5097	5083	5067
5083	5059	5067
5083	5070	5059
5070	5025	5059
5070	5058	5025
5070	5076	5058
5070	5083	5076
5097	5095	5083
4687	4744	4740
4687	4720	4744
4720	4786	4744
4687	4635	4720
4635	4643	4720
4643	4699	4720
4643	4608	4699
4608	4617	4699
4617	4619	4699
4643	4586	4608
4643	4635	4586
3690	3670	3717
4982	4935	5000
4883	4921	4999
4000	4019	4048
3320	3403	3475
3320	3328	3403
3320	3289	3328
3403	3481	3475
3325	3398	3431
3398	3582	3431
3582	3540	3431
3540	3450	3431
3450	3284	3431
3350	3410	3429
3350	3432	3410
3432	3477	3410
3477	3429	3410
3432	3604	3477
3604	3590	3477
3604	3617	3590
3617	3698	3590
3604	3625	3617
3625	3738	3617
3625	3673	3738
3625	3578	3673
3625	3432	3578
3432	3420	3578
3432	3292	3420
3625	3604	3432
3357	3463	3379
3463	3571	3379
3571	3487	3379
3571	3666	3487
3463	3537	3571
3373	3449	3489
3449	3637	3489
3637	3657	3489
3449	3466	3637
3377	3460	3504
3504	3534	3377
3534	3506	3377
3534	3646	3506
3646	3589	3506
3589	3564	3506
3646	3659	3589
3646	3676	3659
3646	3721	3676
3646	3764	3721
3460	3562	3504
3460	3458	3562
3458	3456	3562
3456	3387	3562
3381	3455	3513
3513	3525	3381
3513	3607	3525
3384	3551	3538
3551	3602	3538
3602	3622	3538
3602	3669	3622
3669	3635	3622
3669	3734	3635
3602	3831	3669
3602	3781	3831
3781	3865	3831
3865	3888	3831
3865	3936	3888
3865	3891	3936
3865	3781	3891
3602	3627	3781
3627	3645	3781
3627	3536	3645
3536	3508	3645
3627	3551	3536
3551	3351	3536
3551	3384	3351
3627	3602	3551
3388	3428	3483
3483	3509	3388
3483	3510	3509
3510	3610	3509
3610	3591	3509
3591	3493	3509
3610	3751	3591
3610	3783	3751
3510	3702	3610
3510	3533	3702
3533	3735	3702
3735	3819	3702
3510	3428	3533
3428	3478	3533
3428	3467	3478
3510	3483	3428
3402	3488	3447
3488	3555	3447
3555	3562	3447
3411	3545	3515
3545	3578	3515
3411	3487	3545
3487	3615	3545
3426	3531	3437
3433	3518	3592
3436	3468	3605
3605	3569	3436
3569	3520	3436
3569	3554	3520
3554	3528	3520
3438	3516	3522
3516	3553	3522
3553	3631	3522
3631	3439	3522
3439	3438	3522
3439	3331	3438
3331	3364	3438
3440	3648	3579
3452	3529	3505
3491	3606	3492
3491	3663	3606
3511	3611	3640
3543	3745	3704
3550	3679	3583
3679	3758	3583
3758	3708	3583
3758	3787	3708
3787	3716	3708
3787	3803	3716
3803	3847	3716
3847	3828	3716
3847	3876	3828
3876	3889	3828
3787	3758	3803
3758	3907	3803
3758	3821	3907
3821	3882	3907
3882	4050	3907
3882	4018	4050
4018	4108	4050
4108	4133	4050
4133	4088	4050
4133	4277	4088
4277	4126	4088
4126	4064	4088
4277	4152	4126
4152	4084	4126
4018	4027	4108
3821	3902	3882
3758	3679	3821
3552	3581	3574
3552	3684	3581
3684	3726	3581
3726	3737	3581
3737	3574	3581
3737	3700	3574
3737	3806	3700
3806	3754	3700
3754	3724	3700
3724	3568	3700
3806	3851	3754
3851	3873	3754
3851	3977	3873
3977	3997	3873
3851	4043	3977
3737	3726	3806
3726	3742	3806
3742	3886	3806
3726	3684	3742
3684	3744	3742
3684	3680	3744
3680	3779	3744
3680	3570	3779
3574	3385	3552
3575	3689	3588
3599	3682	3699
3682	3770	3699
3599	3592	3682
3620	3827	3816
3827	3875	3816
3827	3930	3875
3930	4124	3875
3624	3693	3710
3693	3845	3710
3632	3652	3791
3652	3796	3791
3796	3854	3791
3796	3962	3854
3796	3794	3962
3794	3931	3962
3931	3972	3962
3794	3860	3931
3652	3688	3796
3791	3697	3632
3641	3849	3763
3653	3656	3782
3653	3512	3656
3656	3813	3782
3656	3731	3813
3731	3749	3813
3782	3837	3653
3782	3884	3837
3658	3825	3814
3658	3755	3825
3755	3877	3825
3755	3713	3877
3668	3767	3706
3767	3741	3706
3671	3696	3694
3672	3695	3718
3718	3815	3672
3705	3809	3753
3705	3741	3809
3809	3852	3753
3852	3772	3753
3772	3723	3753
3809	3928	3852
3928	4004	3852
3928	4020	4004
3928	3879	4020
3879	3912	4020
3912	4040	4020
3928	3809	3879
3720	3798	3870
3870	3880	3720
3870	4030	3880
4030	3915	3880
3915	3779	3880
4030	4041	3915
4041	3959	3915
4041	4058	3959
3870	4075	4030
3720	3691	3798
3739	3800	3820
3739	3784	3800
3784	3858	3800
3788	3937	3893
3795	3844	3855
3795	3826	3844
3826	3942	3844
3942	3855	3844
3808	3998	3996
3998	4083	3996
3998	4090	4083
3817	3859	3885
3859	3989	3885
3885	3869	3817
3832	4002	3969
4002	4028	3969
3862	3985	3987
3867	3943	3868
3943	3968	3868
3943	4074	3968
3943	4068	4074
4068	4117	4074
4117	4101	4074
4068	4063	4117
4068	3943	4063
3868	3738	3867
3871	3961	3935
3935	3842	3871
3961	3992	3935
3872	4100	3916
4100	4148	3916
4148	4135	3916
3897	3953	3939
3953	4089	3939
3901	3924	3946
3914	4061	4044
4061	4125	4044
4125	4104	4044
4061	4169	4125
4061	4216	4169
4216	4250	4169
4250	4239	4169
4216	4288	4250
4044	3971	3914
3919	4013	3944
4013	4006	3944
3919	4029	4013
3919	3947	4029
3947	4077	4029
3947	4023	4077
3947	3948	4023
3920	3981	3949
3981	4024	3949
4024	4122	3949
4122	3964	3949
4122	4015	3964
4015	4003	3964
4003	3849	3964
4003	3990	3849
4003	4015	3990
4015	4185	3990
4015	4122	4185
4122	4203	4185
4203	4263	4185
4122	4224	4203
4224	4350	4203
4122	4024	4224
3921	3952	4053
4053	4059	3921
4053	4146	4059
4146	4186	4059
4186	4093	4059
4093	3958	4059
4093	4140	3958
4140	4016	3958
4093	4271	4140
4146	4292	4186
4146	4286	4292
4053	4046	4146
3934	4026	4005
3955	3976	4102
3960	4056	4011
4056	4123	4011
4056	4073	4123
4073	4159	4123
4159	4202	4123
4159	4249	4202
4249	4348	4202
4159	4229	4249
4229	4294	4249
4229	4264	4294
4264	4379	4294
4264	4376	4379
4376	4474	4379
4264	4237	4376
4264	4220	4237
4220	4171	4237
4171	4197	4237
4220	4184	4171
4184	4076	4171
4076	4032	4171
4076	3982	4032
4184	4091	4076
4184	4159	4091
4159	4073	4091
4073	4056	4091
4184	4229	4159
4184	4264	4229
4184	4220	4264
3965	4031	4025
4025	3894	3965
3975	4119	4008
4119	4114	4008
4119	4162	4114
4119	4266	4162
4119	4210	4266
3979	4078	3984
3979	4179	4078
4036	4181	4190
4036	4135	4181
4181	4338	4190
4338	4432	4190
4432	4364	4190
4364	4243	4190
4243	4157	4190
4157	4036	4190
4432	4415	4364
4049	4085	4055
4085	4246	4055
4246	4066	4055
4070	4234	4306
4071	4136	4230
4136	4236	4230
4136	4124	4236
4230	4212	4071
4212	4170	4071
4212	4293	4170
4293	4144	4170
4086	4142	4192
4142	4233	4192
4142	4138	4233
4192	4226	4086
4095	4231	4200
4137	4362	4215
4137	4315	4362
4315	4369	4362
4137	4102	4315
4137	3994	4102
4151	4218	4204
4204	4166	4151
4204	4314	4166
4204	4312	4314
4312	4374	4314
4374	4505	4314
4312	4400	4374
4400	4514	4374
4400	4466	4514
4204	4218	4312
4167	4248	4241
4241	4178	4167
4241	4280	4178
4241	4248	4280
4167	4226	4248
4205	4394	4363
4394	4443	4363
4443	4433	4363
4433	4392	4363
4433	4430	4392
4430	4340	4392
4443	4507	4433
4443	4589	4507
4217	4356	4300
4356	4344	4300
4300	4179	4217
4242	4291	4380
4380	4388	4242
4272	4337	4303
4337	4367	4303
4282	4297	4414
4297	4427	4414
4427	4494	4414
4297	4386	4427
4283	4317	4324
4317	4456	4324
4284	4322	4326
4326	4394	4284
4322	4481	4326
4296	4471	4313
4471	4407	4313
4407	4371	4313
4371	4316	4313
4310	4321	4465
4310	4277	4321
4328	4447	4511
4329	4334	4410
4329	4263	4334
4341	4397	4461
4397	4539	4461
4397	4520	4539
4370	4561	4489
4561	4591	4489
4405	4420	4450
4411	4478	4469
4411	4491	4478
4478	4599	4469
4599	4513	4469
4418	4530	4522
4418	4439	4530
4439	4582	4530
4418	4246	4439
4423	4508	4468
4508	4580	4468
4508	4587	4580
4587	4666	4580
4587	4731	4666
4731	4743	4666
4743	4767	4666
4767	4679	4666
4767	4801	4679
4801	4776	4679
4776	4709	4679
4709	4562	4679
4776	4768	4709
4776	4849	4768
4587	4718	4731
4718	4732	4731
4718	4730	4732
4730	4784	4732
4718	4714	4730
4718	4607	4714
4718	4587	4607
4587	4569	4607
4587	4477	4569
4477	4467	4569
4467	4565	4569
4565	4595	4569
4467	4450	4565
4477	4423	4467
4477	4508	4423
4477	4587	4508
4428	4479	4537
4479	4559	4537
4440	4517	4452
4517	4554	4452
4554	4496	4452
4496	4445	4452
4496	4528	4445
4528	4420	4445
4496	4554	4528
4554	4610	4528
4554	4517	4610
4517	4651	4610
4651	4663	4610
4663	4698	4610
4663	4667	4698
4663	4651	4667
4651	4657	4667
4651	4518	4657
4651	4517	4518
4476	4583	4588
4499	4536	4546
4536	4555	4546
4568	4642	4676
4576	4653	4703
4653	4752	4703
4602	4715	4618
4660	4722	4688
4722	4787	4688
4787	4693	4688
4787	4763	4693
4763	4642	4693
4787	4873	4763
4787	4899	4873
4664	4754	4803
4754	4777	4803
4777	4866	4803
4866	4840	4803
4777	4757	4866
4757	4890	4866
4757	4814	4890
4777	4760	4757
4777	4754	4760
4803	4657	4664
4737	4774	4747
4737	4768	4774
4768	4816	4774
4816	4747	4774
4788	4813	4805
4792	4871	4835
702	697	782
595	503	543
503	420	543
378	430	456
227	288	275
168	141	169
855	1049	767
1843	2056	1966
1843	1793	2056
720	1024	688
494	330	463
330	345	463
237	347	254
175	90	162
908	873	816
255	284	300
255	236	284
317	298	252
317	344	298
381	405	317
361	477	381
361	443	477
294	321	218
380	502	396
380	478	502
994	1178	967
282	183	302
464	479	415
464	579	479
579	648	479
579	746	648
1979	2130	1944
1979	2059	2130
404	499	457
499	550	457
599	559	571
521	404	568
605	954	635
954	893	635
893	749	635
717	861	733
768	848	785
1112	1177	1344
798	758	876
798	686	758
867	1011	971
1089	1224	1053
997	923	1096
1702	1788	1597
1840	1823	1702
2173	2274	2203
2274	2355	2203
2355	2381	2203
1172	1447	1218
1362	1272	1343
1374	1303	1625
1442	1594	1350
1594	1507	1350
1902	2186	1866
2186	2116	1866
2186	2195	2116
1417	1390	1617
1563	1569	1425
1563	1763	1569
1763	1814	1569
2523	2493	2263
2775	2801	2606
2775	2891	2801
2582	2789	2670
2789	2844	2670
2789	2953	2844
2800	3091	2789
2800	2925	3091
3040	3106	3173
3106	3292	3173
3292	3350	3173
3292	3432	3350
3106	3172	3292
2861	2769	2980
1661	1739	1876
1661	1467	1739
1467	1426	1739
1803	2094	1753
2094	2022	1753
1803	1990	2094
1760	1614	1895
1614	1965	1895
1614	1674	1965
1674	1715	1965
1906	2079	1864
1906	2086	2079
1906	2058	2086
2058	2093	2086
1748	1731	1576
1617	1872	1761
1779	1713	1827
1677	1680	1696
1795	1968	1923
1968	2035	1923
1807	1857	1826
1811	1633	1908
1908	2010	2087
1957	1710	1853
1920	1796	1854
2559	2709	2683
2314	2239	2455
2314	2129	2239
2314	2033	2129
2161	2060	1959
2161	2264	2060
2398	2563	2265
2563	2290	2265
2563	2316	2290
2083	2005	2121
2005	2119	2121
2083	1889	2005
1964	1766	1915
2717	2764	2558
2717	2822	2764
2228	2486	2162
2486	2402	2162
2402	2133	2162
2402	2183	2133
2486	2535	2402
2535	2505	2402
2505	2475	2402
2505	2615	2475
2228	2488	2486
2228	2400	2488
2228	2320	2400
2743	2909	2620
2909	2737	2620
2909	2817	2737
2909	3080	2817
3080	3177	2817
3177	2779	2817
3177	2828	2779
3177	2854	2828
3080	3198	3177
3080	3365	3198
3080	3215	3365
3215	3283	3365
2787	2823	2743
2787	2744	2823
2787	2614	2744
2787	2622	2614
2622	2538	2614
2622	2489	2538
2489	2194	2538
2489	2158	2194
2489	2219	2158
2421	2753	2476
2753	2704	2476
2421	2453	2753
2453	2598	2753
2453	2500	2598
2421	2349	2453
2214	2145	2247
2229	2244	2059
2318	2459	2426
2491	2649	2372
2649	2567	2372
2567	2455	2372
2491	2702	2649
2747	2981	2848
2385	2653	2496
2253	2049	2373
2650	2470	2618
2650	2746	2470
2803	2718	3021
2718	2989	3021
2718	2876	2989
2718	2605	2876
2605	2615	2876
2615	2872	2876
2444	2499	2429
2499	2541	2429
2826	2564	2707
3636	3628	3733
3628	3958	3733
3958	4016	3733
3628	3774	3958
3774	4059	3958
3774	3921	4059
3628	3655	3774
2684	2554	2601
2554	2405	2601
3390	3536	3351
2662	2759	2654
2862	3145	2867
2780	2617	2911
2780	2612	2617
2780	2785	2612
2886	2875	3121
3207	3421	3176
3207	3295	3421
3295	3484	3421
3000	2968	3194
3270	3474	3500
3270	3204	3474
3894	3872	3786
3894	4100	3872
3894	4160	4100
3894	4025	4160
3248	3396	3512
3396	3656	3512
3927	3986	3830
4139	4164	4021
4164	3992	4021
4164	4072	3992
3768	3871	3842
3790	3666	3701
3896	3923	3824
4696	4672	4637
4366	4351	4419
4809	4775	4652
4818	4829	4659
5077	5013	5017
5077	5019	5013
5077	5064	5019
5077	5078	5064
5021	5040	4998
5040	4952	4998
4990	4845	4988
4650	4605	4669
4377	4158	4275
4377	4273	4158
4377	4387	4273
4042	3957	4034
3709	3722	3572
5042	4999	4921
5086	5074	5049
5081	5110	5086
5081	5102	5110
5113	5098	5086
4681	4705	4540
4705	4658	4540
4658	4482	4540
4681	4734	4705
4656	4604	4716
4656	4531	4604
4531	4464	4604
4656	4626	4531
4626	4547	4531
4961	4969	4934
4969	4918	4934
4961	4980	4969
4946	4887	4980
4887	4933	4980
4979	4975	4980
4975	4965	4980
4889	4770	4838
4995	4994	4967
4994	4978	4967
5026	5072	5031
5026	5084	5072
5050	5093	5056
5050	5051	5093
5051	5092	5093
5050	5012	5051
5050	4992	5012
5050	4993	4992
4846	4736	4748
4846	4852	4736
4309	4141	4256
4309	4214	4141
3874	3857	3911
3481	3658	3475
3481	3755	3658
3481	3713	3755
3325	3211	3398
3607	3675	3525
3592	3599	3433
3516	3739	3553
3516	3784	3739
3875	4071	3816
3875	4136	4071
3875	4124	4136
3930	4243	4124
3930	4157	4243
3930	4036	4157
3930	3863	4036
3796	3688	3794
3749	3816	3813
3731	3563	3749
4185	4096	3990
4096	4022	3990
4185	4263	4096
4263	4172	4096
4172	4211	4096
4211	4031	4096
4031	3877	4096
4263	4262	4172
4024	4069	4224
4024	3939	4069
4140	4045	4016
4230	4476	4212
4230	4413	4476
4840	4657	4803
