255.655008 121.963560 30.299193 255 0 0
265.992410 107.132364 34.133640 255 0 0
278.047884 93.361987 38.112944 255 0 0
291.821430 80.652430 42.237104 255 0 0
307.313048 69.003692 46.506122 255 0 0
324.522738 58.415773 50.919996 255 0 0
343.450500 48.888674 55.478727 255 0 0
364.096334 40.422394 60.182315 255 0 0
386.460240 33.016934 65.030760 0 255 0
363.586683 37.644674 76.865608 0 255 0
342.599563 43.437189 88.859508 0 255 0
323.498878 50.394480 101.012460 0 255 0
306.284629 58.516546 113.324465 0 255 0
290.956817 67.803388 125.795522 0 255 0
277.515440 78.255004 138.425631 0 255 0
265.960499 89.871396 151.214792 0 255 0
256.291994 102.652564 164.163005 0 255 0
