2.970838711993185939e+02 9.085888207408223138e+01 1.561409724562935821e+02
3.017972787454078230e+02 6.963388237555651017e+01 1.424701667820911553e+02
2.946429392547178736e+02 5.334978989408421057e+01 1.488445350140915480e+02
2.926883418373541303e+02 3.440275227815322978e+01 1.369663033627340383e+02
2.926097641768390645e+02 1.487392428299537528e+01 1.257074048321936175e+02
2.938666551323585168e+02 -6.854738502922160137e+00 8.094186570658104074e+01
3.057007556525193763e+02 7.032706858727408417e+00 5.814018157773267603e+01
3.112951715445653349e+02 2.411568338070733830e+01 5.724159673905035106e+01
3.245975398380834918e+02 3.838810929337080324e+01 5.089992132916233913e+01
3.333117980441869008e+02 5.387332023518555957e+01 3.904978684539696587e+01
3.493262845746482412e+02 6.751474383005930235e+01 3.759726535467490294e+01
