27.996088 35.646663 10.250000 255 0 0
28.278341 35.522377 9.406250 255 0 0
28.605090 35.285506 8.562500 255 0 0
28.976335 34.936050 7.718750 255 0 0
29.392076 34.474009 6.875000 255 0 0
29.852313 33.899384 6.031250 255 0 0
30.357046 33.212174 5.187500 255 0 0
30.906275 32.412379 4.343750 255 0 0
31.500000 31.500000 3.500000 0 255 0
30.756862 30.704581 4.343750 0 255 0
30.077094 30.012310 5.187500 0 255 0
29.460696 29.423186 6.031250 0 255 0
28.907668 28.937210 6.875000 0 255 0
28.418011 28.554381 7.718750 0 255 0
27.991724 28.274701 8.562500 0 255 0
27.628806 28.098168 9.406250 0 255 0
27.329259 28.024782 10.250000 0 255 0
