1	24	4
24	35	4
35	36	4
35	52	36
35	93	52
93	83	52
83	68	52
83	71	68
83	105	71
105	114	71
105	148	114
148	125	114
125	127	114
125	160	127
160	211	127
211	142	127
142	89	127
142	141	89
141	60	89
60	12	89
12	28	89
12	20	28
20	26	28
26	68	28
20	19	26
19	9	26
19	22	9
22	5	9
22	14	5
14	16	5
16	45	5
45	8	5
45	63	8
63	73	8
73	80	8
80	70	8
70	65	8
70	100	65
100	46	65
100	67	46
67	51	46
67	54	51
54	6	51
54	37	6
37	15	6
15	24	6
24	2	6
24	1	2
1	3	2
15	27	24
27	38	24
38	39	24
39	48	24
48	35	24
48	77	35
48	39	77
39	38	77
27	66	38
27	50	66
50	90	66
90	88	66
90	136	88
136	116	88
116	108	88
116	126	108
126	169	108
169	123	108
123	77	108
123	107	77
123	115	107
115	93	107
115	155	93
155	105	93
105	83	93
155	163	105
163	148	105
163	195	148
195	214	148
214	172	148
172	125	148
172	160	125
172	181	160
181	210	160
210	229	160
229	211	160
229	287	211
287	219	211
219	191	211
191	142	211
191	153	142
153	141	142
153	95	141
95	60	141
95	49	60
49	32	60
32	30	60
30	7	60
7	12	60
30	10	7
30	49	10
49	33	10
33	18	10
33	13	18
13	11	18
13	29	11
29	41	11
41	23	11
41	56	23
56	40	23
56	57	40
57	44	40
44	25	40
44	14	25
14	21	25
14	22	21
22	20	21
20	12	21
22	19	20
44	43	14
43	17	14
17	16	14
17	31	16
31	45	16
31	61	45
61	86	45
86	63	45
86	111	63
111	73	63
111	112	73
112	80	73
112	87	80
87	70	80
87	100	70
111	176	112
86	128	111
86	109	128
109	129	128
129	216	128
129	165	216
165	225	216
225	250	216
250	234	216
234	263	216
234	398	263
234	250	398
225	259	250
165	179	225
179	273	225
179	264	273
264	327	273
327	415	273
327	380	415
380	548	415
548	550	415
550	426	415
550	463	426
463	398	426
548	559	550
559	639	550
639	588	550
559	659	639
559	575	659
575	734	659
734	795	659
795	757	659
795	872	757
872	837	757
837	749	757
837	839	749
839	755	749
755	725	749
755	744	725
755	843	744
843	833	744
833	816	744
833	906	816
833	843	906
843	924	906
924	934	906
924	1062	934
1062	1071	934
1071	1054	934
1071	1150	1054
1150	1139	1054
1062	1068	1071
1068	1218	1071
1068	1124	1218
1124	1211	1218
1124	1141	1211
1141	1232	1211
1141	1176	1232
1176	1241	1232
1176	1208	1241
1176	1140	1208
1140	1263	1208
1263	1282	1208
1263	1378	1282
1140	1111	1263
1111	1230	1263
1230	1278	1263
1230	1187	1278
1230	1111	1187
1111	1093	1187
1093	1108	1187
1108	1117	1187
1117	1121	1187
1093	931	1108
1093	1034	931
1034	914	931
914	878	931
914	850	878
850	827	878
850	695	827
850	647	695
647	564	695
564	667	695
667	832	695
667	706	832
706	738	832
667	649	706
667	545	649
545	513	649
545	456	513
667	564	545
564	498	545
564	563	498
563	380	498
563	548	380
563	575	548
575	559	548
563	647	575
647	734	575
647	751	734
751	799	734
799	795	734
799	932	795
932	872	795
932	946	872
946	910	872
910	837	872
910	899	837
899	909	837
909	916	837
916	839	837
916	924	839
924	843	839
843	755	839
909	926	916
909	910	926
910	1038	926
910	946	1038
909	899	910
799	914	932
914	1034	932
799	850	914
799	751	850
751	647	850
563	564	647
1093	1111	1034
1111	1061	1034
1061	1038	1034
1061	1097	1038
1097	1114	1038
1097	1140	1114
1140	1176	1114
1176	1141	1114
1141	1124	1114
1097	1100	1140
1100	1111	1140
1100	1061	1111
1100	1097	1061
1062	924	1068
264	282	327
264	237	282
237	281	282
281	352	282
281	288	352
288	373	352
373	449	352
288	294	373
294	343	373
343	396	373
343	379	396
379	495	396
495	496	396
495	541	496
541	558	496
558	513	496
541	640	558
640	706	558
541	554	640
554	650	640
554	643	650
643	658	650
643	620	658
620	609	658
609	653	658
653	728	658
728	776	658
728	769	776
769	789	776
789	848	776
789	769	848
769	796	848
796	929	848
929	918	848
918	912	848
912	925	848
912	971	925
971	1077	925
1077	1055	925
1055	950	925
950	819	925
1077	1094	1055
1077	1146	1094
1146	1209	1094
1209	1250	1094
1250	1131	1094
1250	1288	1131
1288	1200	1131
1288	1353	1200
1288	1336	1353
1288	1309	1336
1288	1250	1309
1250	1209	1309
971	1059	1077
971	929	1059
929	1095	1059
971	918	929
971	912	918
796	930	929
769	728	796
728	764	796
728	665	764
728	653	665
653	609	665
609	584	665
584	685	665
584	560	685
560	682	685
682	702	685
682	700	702
682	715	700
609	620	584
643	554	620
541	495	554
495	439	554
495	379	439
379	364	439
364	407	439
407	453	439
407	394	453
394	458	453
458	502	453
458	435	502
435	533	502
533	532	502
435	569	533
435	480	569
480	543	569
543	585	569
543	684	585
480	390	543
480	340	390
340	348	390
348	355	390
348	338	355
338	275	355
275	300	355
275	215	300
215	197	300
197	302	300
302	329	300
302	326	329
326	369	329
326	419	369
326	382	419
302	284	326
284	269	326
284	240	269
240	242	269
242	279	269
242	232	279
232	342	279
242	199	232
199	157	232
157	166	232
166	243	232
157	102	166
102	154	166
102	135	154
102	91	135
91	79	135
91	53	79
53	29	79
29	47	79
47	75	79
47	59	75
59	94	75
59	104	94
104	134	94
134	156	94
59	103	104
103	140	104
140	159	104
103	145	140
145	201	140
145	152	201
152	236	201
236	238	201
236	272	238
236	266	272
266	361	272
361	353	272
145	103	152
103	138	152
103	78	138
78	113	138
113	189	138
113	95	189
95	153	189
153	191	189
191	203	189
203	220	189
220	233	189
233	253	189
253	266	189
233	296	253
233	220	296
220	278	296
278	332	296
278	349	332
278	341	349
341	391	349
341	367	391
367	473	391
473	506	391
473	504	506
473	461	504
461	462	504
462	478	504
478	511	504
511	562	504
562	576	504
576	598	504
576	613	598
576	628	613
628	689	613
576	562	628
562	608	628
562	544	608
544	530	608
530	526	608
526	670	608
670	741	608
670	680	741
680	774	741
680	809	774
809	842	774
809	864	842
864	937	842
937	953	842
953	854	842
937	965	953
965	976	953
976	994	953
976	1014	994
1014	1063	994
1014	1009	1063
1009	1118	1063
1118	1160	1063
1160	1089	1063
1160	1193	1089
1160	1179	1193
1179	1281	1193
1179	1233	1281
1233	1370	1281
1370	1374	1281
1374	1290	1281
1374	1308	1290
1374	1395	1308
1395	1433	1308
1395	1440	1433
1440	1439	1433
1395	1563	1440
1395	1482	1563
1482	1577	1563
1577	1663	1563
1663	1634	1563
1634	1574	1563
1634	1597	1574
1597	1568	1574
1568	1439	1574
1568	1445	1439
1568	1533	1445
1533	1459	1445
1459	1387	1445
1387	1325	1445
1387	1373	1325
1373	1260	1325
1373	1303	1260
1303	1216	1260
1303	1237	1216
1303	1264	1237
1387	1459	1373
1459	1526	1373
1459	1533	1526
1533	1650	1526
1650	1612	1526
1533	1593	1650
1593	1673	1650
1593	1597	1673
1597	1698	1673
1698	1773	1673
1698	1772	1773
1772	1835	1773
1772	1941	1835
1698	1678	1772
1678	1672	1772
1678	1634	1672
1634	1663	1672
1663	1754	1672
1678	1698	1634
1698	1597	1634
1593	1568	1597
1593	1533	1568
1482	1501	1577
1501	1586	1577
1501	1595	1586
1501	1517	1595
1517	1594	1595
1594	1606	1595
1594	1584	1606
1584	1666	1606
1666	1726	1606
1666	1724	1726
1666	1600	1724
1666	1584	1600
1594	1517	1584
1501	1436	1517
1501	1482	1436
1482	1370	1436
1370	1401	1436
1370	1318	1401
1318	1369	1401
1369	1383	1401
1369	1377	1383
1369	1318	1377
1318	1286	1377
1286	1404	1377
1318	1270	1286
1270	1239	1286
1270	1163	1239
1163	1190	1239
1270	1165	1163
1270	1233	1165
1233	1179	1165
1179	1118	1165
1179	1160	1118
1270	1318	1233
1318	1370	1233
1482	1374	1370
1482	1395	1374
1014	976	1009
976	965	1009
965	937	1009
937	919	1009
937	864	919
680	771	809
680	677	771
526	555	670
526	519	555
519	477	555
477	535	555
535	549	555
535	525	549
525	581	549
525	527	581
527	605	581
605	677	581
605	704	677
605	721	704
721	748	704
748	857	704
527	551	605
527	497	551
527	482	497
482	389	497
389	422	497
389	350	422
350	420	422
350	339	420
339	397	420
397	446	420
339	311	397
311	307	397
311	299	307
299	289	307
289	262	307
262	331	307
262	239	331
239	310	331
262	241	239
241	212	239
241	223	212
223	175	212
175	136	212
136	164	212
175	126	136
126	116	136
175	182	126
182	174	126
174	169	126
174	200	169
200	222	169
222	196	169
196	123	169
196	155	123
155	115	123
196	202	155
202	163	155
202	195	163
202	257	195
257	214	195
257	246	214
246	221	214
221	181	214
181	172	214
221	210	181
221	274	210
274	229	210
274	287	229
274	336	287
336	295	287
295	278	287
278	219	287
278	220	219
220	203	219
203	191	219
295	341	278
295	367	341
295	336	367
336	405	367
405	461	367
461	473	367
405	462	461
405	366	462
366	455	462
455	478	462
455	487	478
487	511	478
487	544	511
544	562	511
487	486	544
486	530	544
486	520	530
520	526	530
520	519	526
520	489	519
489	477	519
489	408	477
408	421	477
421	482	477
482	525	477
525	535	477
482	527	525
421	347	482
347	389	482
347	356	389
356	350	389
356	285	350
285	339	350
285	289	339
289	299	339
299	311	339
285	258	289
258	223	289
223	241	289
241	262	289
258	213	223
213	184	223
184	175	223
184	182	175
184	213	182
213	174	182
213	200	174
213	231	200
231	222	200
231	314	222
314	321	222
321	317	222
317	227	222
227	196	222
227	235	196
235	202	196
235	254	202
254	257	202
254	335	257
335	246	257
254	271	335
271	305	335
305	387	335
387	388	335
388	381	335
381	371	335
381	429	371
429	366	371
429	455	366
429	487	455
429	486	487
429	381	486
381	388	486
388	489	486
489	520	486
388	408	489
388	387	408
387	393	408
393	421	408
393	347	421
393	317	347
317	321	347
321	314	347
314	356	347
314	285	356
314	231	285
231	258	285
231	213	258
393	305	317
305	271	317
271	227	317
271	235	227
271	254	235
393	387	305
405	336	366
336	274	366
221	246	274
113	72	95
72	49	95
72	78	49
78	33	49
78	59	33
59	47	33
47	13	33
47	29	13
78	103	59
72	113	78
53	34	29
34	41	29
53	84	34
53	91	84
91	102	84
102	157	84
157	139	84
139	99	84
99	96	84
96	82	84
96	98	82
98	118	82
118	110	82
110	81	82
81	74	82
74	56	82
56	41	82
74	64	56
64	57	56
64	55	57
55	44	57
55	43	44
55	62	43
62	61	43
61	31	43
31	17	43
62	97	61
97	101	61
101	109	61
109	86	61
101	129	109
101	97	129
97	165	129
97	144	165
144	179	165
144	143	179
143	178	179
178	264	179
178	237	264
178	188	237
188	224	237
224	281	237
224	288	281
224	248	288
248	294	288
248	303	294
303	343	294
303	325	343
325	379	343
325	364	379
325	315	364
315	323	364
323	330	364
330	407	364
330	319	407
319	394	407
319	340	394
340	400	394
400	458	394
400	435	458
400	340	435
340	480	435
319	286	340
286	252	340
252	276	340
276	338	340
338	348	340
276	275	338
276	252	275
252	215	275
252	206	215
206	197	215
206	171	197
171	168	197
168	187	197
168	146	187
146	190	187
190	240	187
190	199	240
199	242	240
190	157	199
190	139	157
190	146	139
146	132	139
132	99	139
132	96	99
132	120	96
120	98	96
120	137	98
137	118	98
137	161	118
161	122	118
122	110	118
122	143	110
143	144	110
144	92	110
92	81	110
92	74	81
92	64	74
92	62	64
62	55	64
92	97	62
92	144	97
122	161	143
161	178	143
161	188	178
161	205	188
205	224	188
205	228	224
228	248	224
228	217	248
217	226	248
226	247	248
247	303	248
247	290	303
290	315	303
315	325	303
290	323	315
290	309	323
309	330	323
309	319	330
309	286	319
309	290	286
290	244	286
244	252	286
244	206	252
244	207	206
207	171	206
207	208	171
207	226	208
226	217	208
217	151	208
217	205	151
205	161	151
161	137	151
137	120	151
120	149	151
149	171	151
149	168	171
149	146	168
149	132	146
149	120	132
217	228	205
207	244	226
244	247	226
244	290	247
30	32	49
90	133	136
90	119	133
119	193	133
90	85	119
85	158	119
85	69	158
69	117	158
117	183	158
117	131	183
131	209	183
209	255	183
255	313	183
255	312	313
312	450	313
255	359	312
255	209	359
209	344	359
209	301	344
209	186	301
186	147	301
186	130	147
130	106	147
130	37	106
37	54	106
130	58	37
58	42	37
42	15	37
42	27	15
42	50	27
42	58	50
58	69	50
69	85	50
85	90	50
58	117	69
58	131	117
58	130	131
130	186	131
186	209	131
67	76	54
67	100	76
100	170	76
100	150	170
150	177	170
162	173	185
192	204	251
192	156	204
192	154	156
204	265	251
194	291	260
291	297	260
297	310	260
297	324	310
324	370	310
324	376	370
376	434	370
376	470	434
470	443	434
470	510	443
510	425	443
376	383	470
383	417	470
417	448	470
448	501	470
501	524	470
501	556	524
448	457	501
457	469	501
457	464	469
457	448	464
448	378	464
378	427	464
427	505	464
505	583	464
583	567	464
505	582	583
582	740	583
740	720	583
740	900	720
582	603	740
603	712	740
603	607	712
603	505	607
505	491	607
505	427	491
427	414	491
414	467	491
467	465	491
467	360	465
360	406	465
406	433	465
433	534	465
360	351	406
360	328	351
328	320	351
320	333	351
333	392	351
392	418	351
333	334	392
334	440	392
440	475	392
320	306	333
320	291	306
320	328	291
328	324	291
324	297	291
328	354	324
354	383	324
383	376	324
354	417	383
354	378	417
378	448	417
354	368	378
368	427	378
368	414	427
368	365	414
365	328	414
328	360	414
360	467	414
365	354	328
365	368	354
603	582	505
198	362	267
362	386	267
386	372	267
386	445	372
445	476	372
445	536	476
445	566	536
566	638	536
638	661	536
661	629	536
661	723	629
638	688	661
638	616	688
638	566	616
566	529	616
529	561	616
561	763	616
561	697	763
529	514	561
529	483	514
529	566	483
230	268	292
283	403	410
283	385	403
298	358	459
358	395	459
395	565	459
565	590	459
590	577	459
577	537	459
565	573	590
565	552	573
565	481	552
481	471	552
471	591	552
591	642	552
481	442	471
481	395	442
395	345	442
345	346	442
345	304	346
395	358	345
481	565	395
318	423	424
423	484	424
322	436	404
436	454	404
436	375	454
337	402	401
337	438	402
438	488	402
488	401	402
488	515	401
515	428	401
428	342	401
342	337	401
428	382	342
488	546	515
546	621	515
488	523	546
488	438	523
411	474	494
490	604	574
490	586	604
586	716	604
716	623	604
716	745	623
745	686	623
745	753	686
753	767	686
767	681	686
767	793	681
793	731	681
731	595	681
595	574	681
767	895	793
895	993	793
716	792	745
716	765	792
716	726	765
726	727	765
726	690	727
690	645	727
645	714	727
714	815	727
645	627	714
627	662	714
627	622	662
622	568	662
568	678	662
568	668	678
622	599	568
622	601	599
622	627	601
627	597	601
627	645	597
716	586	726
503	571	508
571	528	508
571	614	528
614	618	528
614	705	618
503	600	571
507	592	625
592	739	625
522	593	683
593	717	683
531	633	663
633	711	663
711	709	663
633	672	711
633	606	672
557	624	615
624	666	615
624	737	666
737	786	666
624	762	737
602	766	641
766	788	641
788	610	641
788	697	610
766	852	788
852	1019	788
1019	956	788
852	1033	1019
1033	1157	1019
852	867	1033
867	947	1033
947	1070	1033
947	898	1070
947	933	898
933	867	898
933	947	867
852	766	867
766	703	867
766	634	703
634	693	703
766	602	634
612	635	637
617	733	719
631	801	718
631	817	801
817	870	801
817	896	870
896	1003	870
1003	988	870
1003	1013	988
896	1012	1003
1012	1040	1003
1012	1123	1040
1123	1103	1040
1123	1243	1103
1123	1132	1243
1123	1067	1132
1067	1035	1132
1035	1184	1132
1067	901	1035
1067	884	901
1067	1012	884
1067	1123	1012
651	730	696
696	668	651
730	746	696
730	814	746
814	853	746
853	768	746
853	907	768
907	893	768
893	815	768
730	835	814
835	834	814
655	800	722
800	807	722
807	777	722
777	708	722
777	820	708
820	877	708
777	808	820
777	807	808
807	856	808
856	943	808
943	959	808
943	942	959
942	990	959
990	981	959
990	1031	981
990	1134	1031
990	1072	1134
1072	1102	1134
1102	1231	1134
1102	1053	1231
1053	1172	1231
1172	1356	1231
1053	1082	1172
1082	1092	1172
1092	1182	1172
1053	1045	1082
1102	1072	1053
1072	928	1053
1072	942	928
942	856	928
856	845	928
845	949	928
856	800	845
856	807	800
942	943	856
1072	990	942
669	692	674
674	600	669
671	758	858
758	897	858
897	944	858
944	885	858
885	770	858
770	756	858
756	671	858
770	698	756
885	913	770
885	944	913
944	1158	913
944	1167	1158
679	710	775
691	742	760
691	701	742
742	822	760
822	783	760
822	863	783
863	759	783
863	785	759
785	692	759
863	829	785
863	860	829
863	945	860
945	999	860
863	1001	945
863	987	1001
987	1042	1001
987	1036	1042
987	940	1036
940	985	1036
940	911	985
940	863	911
863	822	911
940	987	863
694	713	781
713	902	781
902	957	781
957	891	781
891	804	781
957	1024	891
957	1028	1024
1028	1181	1024
1181	1202	1024
1202	1143	1024
1143	1002	1024
1143	1032	1002
1032	948	1002
948	805	1002
1032	1135	948
1202	1223	1143
1181	1298	1202
1181	1277	1298
1277	1327	1298
1181	1207	1277
1181	1178	1207
1178	1155	1207
1155	1324	1207
1324	1386	1207
1324	1456	1386
1456	1466	1386
1456	1500	1466
1500	1608	1466
1324	1408	1456
1155	1168	1324
1155	1096	1168
1155	1088	1096
1088	871	1096
1088	967	871
967	927	871
927	868	871
868	844	871
868	735	844
868	902	735
902	713	735
868	927	902
927	967	902
967	957	902
967	989	957
989	1028	957
989	1088	1028
1088	1178	1028
1178	1181	1028
1088	1155	1178
989	967	1088
736	812	798
798	784	736
798	862	784
862	846	784
823	905	838
831	915	952
915	972	952
972	1018	952
1018	960	952
841	886	961
869	1007	887
869	921	1007
921	1008	1007
1008	1049	1007
1008	1251	1049
875	983	920
983	996	920
983	1047	996
879	904	992
882	935	951
951	939	882
939	835	882
903	1015	986
1015	1074	986
922	979	1021
955	968	982
955	969	968
969	1026	968
1026	1011	968
1011	1025	968
1025	982	968
1011	1183	1025
1183	1203	1025
1183	1221	1203
1221	1253	1203
1253	1188	1203
1253	1332	1188
1332	1164	1188
1221	1183	1253
1183	1367	1253
1183	1201	1367
1201	1375	1367
1201	1206	1375
1201	1065	1206
1065	1101	1206
1065	1137	1101
1137	1220	1101
1220	1133	1101
1137	1186	1220
1186	1242	1220
1242	1301	1220
1301	1185	1220
1301	1305	1185
1305	1205	1185
1205	1294	1185
1294	1334	1185
1294	1405	1334
1405	1491	1334
1491	1488	1334
1405	1484	1491
1484	1579	1491
1405	1340	1484
1340	1505	1484
1340	1489	1505
1405	1293	1340
1293	1382	1340
1293	1305	1382
1305	1352	1382
1352	1417	1382
1417	1420	1382
1420	1316	1382
1316	1287	1382
1316	1340	1287
1417	1427	1420
1427	1487	1420
1487	1469	1420
1469	1398	1420
1487	1550	1469
1550	1470	1469
1550	1520	1470
1520	1516	1470
1520	1532	1516
1532	1561	1516
1561	1705	1516
1532	1569	1561
1520	1550	1532
1550	1641	1532
1550	1559	1641
1559	1557	1641
1557	1637	1641
1637	1753	1641
1753	1660	1641
1753	1794	1660
1794	1824	1660
1824	1816	1660
1824	1878	1816
1878	1705	1816
1878	1782	1705
1878	1910	1782
1878	1951	1910
1951	2127	1910
2127	2118	1910
2127	2181	2118
1951	2132	2127
1951	1980	2132
1951	1824	1980
1824	1794	1980
1794	1823	1980
1823	2017	1980
2017	2038	1980
2017	2093	2038
1823	1907	2017
1907	1969	2017
1907	1959	1969
1907	1861	1959
1861	1947	1959
1947	2028	1959
1861	1828	1947
1828	1840	1947
1840	1935	1947
1840	1889	1935
1840	1745	1889
1745	1868	1889
1868	1913	1889
1868	1955	1913
1868	2008	1955
2008	1968	1955
2008	2071	1968
2008	1997	2071
1997	2026	2071
1997	1896	2026
1896	2009	2026
2009	2039	2026
2009	1927	2039
1927	2116	2039
1927	2075	2116
2075	2186	2116
2075	2187	2186
2075	2143	2187
2143	2315	2187
1997	1881	1896
1997	2008	1881
2008	1868	1881
1868	1864	1881
1864	1766	1881
1864	1774	1766
1774	1759	1766
1759	1746	1766
1746	1682	1766
1746	1759	1682
1759	1628	1682
1759	1774	1628
1774	1638	1628
1638	1476	1628
1476	1554	1628
1476	1507	1554
1507	1519	1554
1507	1473	1519
1473	1485	1519
1485	1648	1519
1648	1659	1519
1648	1683	1659
1648	1664	1683
1664	1667	1683
1667	1711	1683
1711	1851	1683
1851	1785	1683
1711	1809	1851
1809	1927	1851
1711	1751	1809
1751	1862	1809
1751	1790	1862
1751	1629	1790
1648	1540	1664
1540	1601	1664
1540	1522	1601
1522	1629	1601
1522	1495	1629
1495	1498	1629
1495	1437	1498
1495	1432	1437
1432	1379	1437
1432	1333	1379
1333	1353	1379
1432	1390	1333
1390	1339	1333
1339	1278	1333
1390	1402	1339
1390	1432	1402
1432	1485	1402
1485	1473	1402
1432	1540	1485
1540	1648	1485
1432	1522	1540
1432	1495	1522
1476	1400	1507
1400	1378	1507
1476	1511	1400
1476	1638	1511
1638	1607	1511
1638	1670	1607
1670	1619	1607
1619	1537	1607
1619	1528	1537
1528	1511	1537
1528	1391	1511
1528	1499	1391
1528	1590	1499
1590	1576	1499
1576	1496	1499
1496	1429	1499
1496	1480	1429
1590	1653	1576
1590	1657	1653
1657	1808	1653
1657	1780	1808
1780	1828	1808
1828	1861	1808
1861	1817	1808
1861	1907	1817
1780	1783	1828
1783	1840	1828
1783	1745	1840
1783	1733	1745
1733	1670	1745
1670	1638	1745
1638	1774	1745
1774	1868	1745
1774	1864	1868
1733	1699	1670
1699	1619	1670
1699	1590	1619
1590	1528	1619
1699	1657	1590
1699	1780	1657
1699	1730	1780
1730	1783	1780
1730	1733	1783
1730	1699	1733
1823	1788	1907
1823	1794	1788
1794	1753	1788
1951	1878	1824
1557	1535	1637
1535	1596	1637
1535	1539	1596
1559	1487	1557
1559	1550	1487
1305	1301	1352
1293	1294	1305
1294	1205	1305
1293	1405	1294
1186	1166	1242
1186	1090	1166
1186	1137	1090
1137	1065	1090
1065	1026	1090
1026	970	1090
970	974	1090
1026	969	970
1065	1046	1026
1046	1011	1026
1046	1183	1011
1065	1066	1046
1065	1201	1066
982	1000	955
978	984	1052
1052	1106	978
1052	1129	1106
1052	1128	1129
1128	1159	1129
1128	1240	1159
1128	1265	1240
1128	1138	1265
1138	1271	1265
1128	1052	1138
1052	984	1138
980	1057	1051
1017	1145	1136
1145	1169	1136
1145	1215	1169
1145	1196	1215
1196	1338	1215
1338	1360	1215
1360	1348	1215
1360	1494	1348
1494	1529	1348
1529	1328	1348
1529	1531	1328
1531	1471	1328
1471	1320	1328
1320	1276	1328
1320	1235	1276
1320	1337	1235
1320	1422	1337
1320	1452	1422
1452	1565	1422
1452	1544	1565
1452	1481	1544
1481	1531	1544
1481	1471	1531
1481	1452	1471
1452	1320	1471
1338	1458	1360
1338	1425	1458
1338	1310	1425
1027	1087	1073
1087	1170	1073
1170	1110	1073
1170	1197	1110
1048	1107	1177
1107	1122	1177
1122	1323	1177
1323	1344	1177
1323	1462	1344
1462	1478	1344
1177	1116	1048
1050	1084	1228
1084	1229	1228
1229	1273	1228
1273	1297	1228
1273	1254	1297
1254	1306	1297
1306	1457	1297
1457	1411	1297
1457	1461	1411
1457	1558	1461
1457	1503	1558
1503	1512	1558
1512	1715	1558
1715	1655	1558
1715	1833	1655
1833	1839	1655
1512	1545	1715
1545	1734	1715
1545	1722	1734
1545	1583	1722
1583	1692	1722
1545	1467	1583
1545	1349	1467
1349	1332	1467
1545	1512	1349
1512	1457	1349
1457	1306	1349
1512	1503	1457
1273	1229	1254
1058	1173	1192
1173	1292	1192
1292	1296	1192
1292	1342	1296
1342	1389	1296
1292	1314	1342
1314	1371	1342
1292	1173	1314
1079	1127	1113
1127	1174	1113
1127	1252	1174
1104	1153	1285
1285	1283	1104
1285	1357	1283
1357	1435	1283
1357	1514	1435
1112	1148	1161
1112	1147	1148
1125	1162	1257
1162	1299	1257
1162	1347	1299
1347	1446	1299
1347	1502	1446
1502	1598	1446
1502	1521	1598
1521	1625	1598
1625	1677	1598
1521	1731	1625
1521	1741	1731
1741	1829	1731
1741	1911	1829
1521	1510	1741
1510	1635	1741
1635	1727	1741
1510	1543	1635
1510	1508	1543
1510	1424	1508
1424	1430	1508
1424	1319	1430
1424	1226	1319
1226	1210	1319
1226	1194	1210
1226	1347	1194
1347	1162	1194
1226	1396	1347
1396	1502	1347
1396	1521	1502
1396	1510	1521
1396	1424	1510
1396	1226	1424
1126	1236	1171
1149	1247	1213
1247	1329	1213
1154	1280	1227
1156	1256	1262
1175	1195	1393
1195	1421	1393
1421	1447	1393
1447	1483	1393
1483	1434	1393
1434	1372	1393
1372	1175	1393
1447	1530	1483
1530	1693	1483
1447	1421	1530
1421	1330	1530
1330	1513	1530
1513	1591	1530
1513	1713	1591
1330	1351	1513
1421	1195	1330
1214	1358	1284
1224	1248	1385
1385	1345	1224
1385	1409	1345
1409	1350	1345
1409	1362	1350
1409	1474	1362
1244	1267	1274
1244	1139	1267
1244	1182	1139
1244	1274	1182
1267	1313	1274
1313	1363	1274
1313	1388	1363
1388	1429	1363
1268	1376	1300
1289	1438	1406
1438	1570	1406
1291	1315	1366
1354	1365	1448
1365	1453	1448
1453	1524	1448
1524	1490	1448
1490	1418	1448
1418	1354	1448
1418	1359	1354
1418	1490	1359
1490	1454	1359
1454	1410	1359
1490	1523	1454
1523	1548	1454
1548	1556	1454
1381	1442	1426
1394	1468	1465
1468	1589	1465
1589	1498	1465
1465	1309	1394
1397	1527	1492
1527	1685	1492
1399	1413	1599
1412	1423	1518
1415	1506	1536
1536	1385	1415
1451	1460	1538
1538	1578	1451
1509	1630	1588
1509	1613	1630
1515	1658	1560
1525	1621	1707
1707	1611	1525
1707	1689	1611
1707	1789	1689
1789	1859	1689
1859	1797	1689
1859	2012	1797
1547	1662	1605
1549	1622	1551
1555	1587	1564
1581	1609	1647
1609	1671	1647
1671	1740	1647
1609	1633	1671
1633	1708	1671
1647	1604	1581
1582	1668	1615
1668	1767	1615
1767	1718	1615
1640	1762	1676
1640	1655	1762
1644	1778	1737
1645	1749	1765
1749	1813	1765
1651	1776	1695
1776	1736	1695
1651	1764	1776
1764	1886	1776
1886	1988	1776
1661	1747	1837
1747	1865	1837
1865	1919	1837
1919	1915	1837
1915	1801	1837
1801	1661	1837
1801	1688	1661
1688	1608	1661
1919	2096	1915
1919	2109	2096
1919	2148	2109
2148	2179	2109
2179	2302	2109
2148	2180	2179
2180	2268	2179
2180	2144	2268
2144	2218	2268
2218	2272	2268
2144	2098	2218
2098	2082	2218
2082	2073	2218
2073	2217	2218
2098	1865	2082
2180	2148	2144
1747	1755	1865
1679	1720	1725
1680	1691	1848
1681	1750	1732
1750	1770	1732
1684	1799	1841
1799	1961	1841
1799	1887	1961
1687	1857	1811
1690	1784	1836
1784	1925	1836
1925	1912	1836
1784	1905	1925
1784	1860	1905
1860	1920	1905
1784	1826	1860
1826	1903	1860
1826	1820	1903
1696	1825	1866
1866	1778	1696
1866	1971	1778
1866	2062	1971
2062	2078	1971
1701	1742	1771
1771	1728	1701
1771	1849	1728
1849	1790	1728
1849	1930	1790
1930	1945	1790
1930	1953	1945
1953	2061	1945
2061	2045	1945
2061	2124	2045
2124	2134	2045
2134	2143	2045
2124	2361	2134
2061	2074	2124
2061	2040	2074
2040	1999	2074
1999	2094	2074
2040	1953	1999
1953	1930	1999
1930	1849	1999
2040	2061	1953
1771	1932	1849
1771	1847	1932
1847	1942	1932
1847	1843	1942
1847	1742	1843
1847	1771	1742
1706	1744	1928
1706	1599	1744
1599	1654	1744
1706	1674	1599
1744	1944	1928
1944	1963	1928
1963	1917	1928
1710	1900	1883
1712	1768	1769
1719	1781	1757
1729	1858	1822
1729	1850	1858
1850	2021	1858
2021	1904	1858
1904	1822	1858
1850	1975	2021
1975	2129	2021
1735	1821	1846
1735	1763	1821
1763	1855	1821
1855	1846	1821
1855	1874	1846
1763	1853	1855
1739	1872	1832
1872	1891	1832
1787	1815	1795
1815	1954	1795
1791	1877	1967
1791	1685	1877
1685	1716	1877
1877	1921	1967
1921	2086	1967
2086	2100	1967
2100	1964	1967
1964	1876	1967
2100	1985	1964
2086	2214	2100
2214	2316	2100
2316	2327	2100
2316	2446	2327
2214	2311	2316
2214	2086	2311
2086	2246	2311
2246	2392	2311
2246	2405	2392
2086	2076	2246
2086	1921	2076
1793	1852	1875
1798	1902	1810
1803	2019	2029
2019	2046	2029
2019	2072	2046
1805	1818	1870
1818	1856	1870
1805	1726	1818
1807	1974	1885
1974	2050	1885
2050	2060	1885
2060	2052	1885
2052	1890	1885
2060	2077	2052
1838	1854	1895
1854	1918	1895
1838	1740	1854
1842	1888	1939
1888	1998	1939
1998	2024	1939
1998	2030	2024
1998	2015	2030
1998	1888	2015
1842	1813	1888
1863	1994	1949
1994	2105	1949
1994	2176	2105
2176	2194	2105
2194	2131	2105
2194	2196	2131
2196	2165	2131
2196	2172	2165
2196	2208	2172
2208	2213	2172
2194	2377	2196
2194	2301	2377
2301	2461	2377
2301	2290	2461
2290	2496	2461
2496	2511	2461
2511	2676	2461
2676	2658	2461
2676	2846	2658
2676	2917	2846
2511	2695	2676
2301	2239	2290
2301	2176	2239
2176	2159	2239
2176	1994	2159
1994	2117	2159
2301	2194	2176
1871	1972	1962
1972	2073	1962
1879	1901	2027
2027	2002	1879
1884	2000	2006
2000	2067	2006
2000	2080	2067
1892	2010	1908
1892	1988	2010
1988	2079	2010
2079	2063	2010
1892	1736	1988
1892	1761	1736
1909	1995	1948
1916	2106	2121
2106	2207	2121
2106	2245	2207
2245	2358	2207
2245	2359	2358
2359	2433	2358
2359	2407	2433
2407	2465	2433
2407	2424	2465
2407	2257	2424
2257	2380	2424
2380	2489	2424
2407	2202	2257
2202	2041	2257
2202	2020	2041
2202	2245	2020
2202	2359	2245
2202	2407	2359
1931	2022	1970
1950	2032	2016
2032	2066	2016
1952	1984	1983
1984	2115	1983
1984	2146	2115
2146	2230	2115
1984	1993	2146
1993	2081	2146
1993	2014	2081
1958	2031	2023
1960	2104	2090
2104	2158	2090
2104	2286	2158
2286	2177	2158
2177	2034	2158
2104	2228	2286
2104	2169	2228
2104	2036	2169
2036	2113	2169
2036	2063	2113
2104	1960	2036
1966	2095	2047
2047	1903	1966
1986	2003	2068
1992	2069	2043
2069	2154	2043
2154	2085	2043
2154	2102	2085
2069	2198	2154
2198	2247	2154
2198	2243	2247
2243	2308	2247
1996	2107	2018
1996	2178	2107
2035	2188	2120
2188	2216	2120
2042	2119	2156
2119	2303	2156
2303	2310	2156
2310	2261	2156
2310	2428	2261
2428	2262	2261
2262	2171	2261
2262	2122	2171
2310	2516	2428
2516	2533	2428
2533	2513	2428
2533	2553	2513
2553	2537	2513
2553	2579	2537
2553	2612	2579
2612	2567	2579
2567	2331	2579
2331	2312	2579
2331	2282	2312
2282	2292	2312
2282	2229	2292
2229	2262	2292
2229	2173	2262
2173	2049	2262
2229	2201	2173
2229	2282	2201
2282	2232	2201
2282	2331	2232
2567	2470	2331
2567	2484	2470
2612	2684	2567
2684	2761	2567
2761	2730	2567
2684	2798	2761
2684	2814	2798
2814	2887	2798
2684	2753	2814
2684	2612	2753
2612	2770	2753
2770	2777	2753
2777	2820	2753
2777	2770	2820
2770	2741	2820
2741	2888	2820
2770	2612	2741
2612	2553	2741
2553	2701	2741
2553	2533	2701
2533	2696	2701
2533	2623	2696
2623	2661	2696
2623	2611	2661
2623	2516	2611
2516	2404	2611
2516	2310	2404
2310	2303	2404
2303	2362	2404
2303	2119	2362
2119	2338	2362
2119	2283	2338
2623	2533	2516
2087	2130	2142
2088	2101	2152
2101	2153	2152
2153	2221	2152
2089	2205	2164
2205	2294	2164
2089	2234	2205
2089	2199	2234
2199	2259	2234
2199	2306	2259
2199	2248	2306
2114	2191	2263
2191	2240	2263
2240	2271	2263
2271	2330	2263
2330	2332	2263
2271	2299	2330
2271	2240	2299
2240	2269	2299
2240	2191	2269
2123	2313	2141
2313	2183	2141
2313	2365	2183
2139	2147	2195
2195	2226	2139
2195	2323	2226
2323	2295	2226
2195	2341	2323
2341	2444	2323
2444	2429	2323
2195	2147	2341
2147	2140	2341
2150	2193	2219
2155	2266	2163
2266	2225	2163
2225	2161	2163
2225	2167	2161
2225	2162	2167
2162	2129	2167
2225	2354	2162
2354	2238	2162
2354	2460	2238
2354	2417	2460
2354	2225	2417
2225	2266	2417
2266	2275	2417
2275	2493	2417
2493	2571	2417
2493	2501	2571
2501	2675	2571
2501	2587	2675
2493	2327	2501
2493	2275	2327
2266	2258	2275
2258	2155	2275
2258	2266	2155
2170	2346	2298
2346	2423	2298
2423	2387	2298
2387	2328	2298
2387	2367	2328
2367	2313	2328
2387	2596	2367
2387	2443	2596
2443	2653	2596
2443	2521	2653
2443	2423	2521
2423	2346	2521
2443	2387	2423
2175	2197	2235
2189	2288	2264
2189	2241	2288
2241	2384	2288
2384	2363	2288
2363	2264	2288
2384	2507	2363
2507	2568	2363
2568	2405	2363
2507	2592	2568
2507	2613	2592
2189	2077	2241
2203	2304	2204
2211	2222	2244
2244	2198	2211
2233	2333	2366
2233	2232	2333
2242	2307	2252
2249	2425	2289
2289	2181	2249
2425	2350	2289
2350	2290	2289
2249	2348	2425
2250	2373	2293
2373	2355	2293
2355	2319	2293
2355	2394	2319
2250	2388	2373
2388	2419	2373
2419	2471	2373
2419	2535	2471
2535	2538	2471
2265	2342	2395
2342	2498	2395
2498	2642	2395
2642	2432	2395
2642	2641	2432
2641	2604	2432
2604	2381	2432
2604	2468	2381
2468	2349	2381
2604	2652	2468
2604	2641	2652
2641	2774	2652
2774	2734	2652
2642	2723	2641
2498	2526	2642
2526	2724	2642
2267	2270	2403
2277	2383	2402
2383	2474	2402
2474	2584	2402
2277	2366	2383
2284	2457	2396
2457	2545	2396
2457	2530	2545
2530	2597	2545
2287	2442	2389
2296	2400	2334
2400	2437	2334
2305	2352	2356
2356	2269	2305
2352	2411	2356
2318	2326	2497
2321	2406	2351
2336	2390	2534
2340	2564	2540
2343	2376	2466
2466	2420	2343
2345	2370	2562
2370	2565	2562
2562	2557	2345
2557	2458	2345
2557	2572	2458
2572	2625	2458
2557	2573	2572
2557	2562	2573
2357	2418	2509
2418	2525	2509
2525	2546	2509
2525	2655	2546
2655	2602	2546
2655	2704	2602
2704	2640	2602
2704	2728	2640
2525	2524	2655
2524	2544	2655
2544	2697	2655
2544	2618	2697
2618	2752	2697
2618	2680	2752
2525	2418	2524
2364	2453	2490
2368	2469	2483
2483	2449	2368
2483	2522	2449
2522	2486	2449
2486	2436	2449
2522	2589	2486
2483	2469	2522
2374	2452	2482
2374	2426	2452
2482	2467	2374
2467	2435	2374
2467	2485	2435
2467	2654	2485
2467	2482	2654
2375	2415	2508
2508	2559	2375
2378	2454	2504
2382	2385	2558
2382	2295	2385
2393	2502	2477
2393	2583	2502
2583	2577	2502
2577	2477	2502
2577	2494	2477
2583	2669	2577
2669	2670	2577
2583	2664	2669
2664	2707	2669
2398	2445	2401
2408	2514	2532
2421	2510	2475
2510	2615	2475
2422	2427	2476
2476	2551	2422
2476	2608	2551
2608	2660	2551
2476	2578	2608
2476	2450	2578
2431	2472	2520
2448	2619	2624
2619	2694	2624
2694	2785	2624
2785	2614	2624
2614	2581	2624
2581	2448	2624
2614	2597	2581
2451	2574	2503
2574	2523	2503
2523	2519	2503
2455	2621	2552
2621	2636	2552
2636	2492	2552
2636	2647	2492
2636	2800	2647
2636	2795	2800
2636	2621	2795
2455	2631	2621
2463	2632	2620
2463	2658	2632
2491	2543	2606
2517	2527	2570
2531	2681	2561
2550	2605	2633
2575	2639	2590
2576	2751	2717
2586	2628	2593
2628	2784	2593
2588	2749	2650
2594	2685	2595
2685	2733	2595
2685	2735	2733
2735	2754	2733
2735	2685	2754
2595	2466	2594
2466	2528	2594
2601	2667	2772
2607	2648	2643
2609	2775	2736
2616	2693	2673
2673	2631	2616
2617	2747	2794
2747	2861	2794
2747	2833	2861
2747	2776	2833
2776	2853	2833
2853	2923	2833
2923	2957	2833
2853	2841	2923
2853	2776	2841
2776	2705	2841
2705	2726	2841
2726	2766	2841
2726	2758	2766
2726	2725	2758
2725	2811	2758
2811	2905	2758
2811	2883	2905
2883	2953	2905
2953	2950	2905
2883	3014	2953
2811	2817	2883
2725	2743	2811
2743	2731	2811
2743	2691	2731
2691	2671	2731
2691	2654	2671
2743	2725	2691
2776	2589	2705
2776	2747	2589
2626	2702	2703
2702	2821	2703
2703	2605	2626
2605	2520	2626
2638	2729	2796
2796	2838	2638
2729	2850	2796
2646	2789	2787
2646	2689	2789
2689	2844	2789
2844	2932	2789
2844	3055	2932
3055	3110	2932
2844	2936	3055
2844	2928	2936
2844	2816	2928
2789	2812	2787
2649	2657	2686
2665	2692	2819
2665	2633	2692
2819	2828	2665
2819	2922	2828
2922	3015	2828
2922	3005	3015
2922	2819	3005
2666	2783	2711
2783	2865	2711
2865	2810	2711
2810	2677	2711
2810	2745	2677
2674	2779	2764
2674	2765	2779
2765	2802	2779
2765	2845	2802
2765	2869	2845
2765	2829	2869
2829	2989	2869
2829	2899	2989
2765	2786	2829
2708	2759	2859
2759	2911	2859
2713	2719	2854
2715	2832	2782
2782	2760	2715
2782	2830	2760
2830	2809	2760
2809	2767	2760
2809	2830	2767
2830	2880	2767
2830	2949	2880
2830	3009	2949
2830	2782	3009
2782	2832	3009
2720	2921	2840
2840	2660	2720
2840	2792	2660
2840	2876	2792
2840	2921	2876
2921	3033	2876
3033	2992	2876
2722	2827	2818
2727	2737	2835
2742	2834	2815
2834	2935	2815
2834	2959	2935
2750	2769	2757
2750	2970	2769
2756	2837	2860
2763	2969	2790
2790	2693	2763
2768	2884	2893
2884	2942	2893
2773	2986	2910
2773	2907	2986
2797	2843	2891
2891	2754	2797
2843	2903	2891
2843	2961	2903
2799	2996	2851
2799	2880	2996
2801	2858	2824
2801	2908	2858
2908	2906	2858
2906	2824	2858
2906	2943	2824
2803	2808	2847
2804	2868	2929
2825	2916	2951
2826	2894	2849
2894	2899	2849
2826	2881	2894
2839	3073	3041
3073	3108	3041
3073	3164	3108
3073	3163	3164
2839	2887	3073
2856	2902	2987
2902	3076	2987
3076	3077	2987
3077	3114	2987
3114	3124	2987
3114	3350	3124
3350	3378	3124
3378	3335	3124
3350	3375	3378
3350	3290	3375
3290	3340	3375
3340	3366	3375
3340	3338	3366
3340	3290	3338
3290	3158	3338
3158	3251	3338
3158	3193	3251
3193	3214	3251
3214	3256	3251
3214	3228	3256
3228	3286	3256
3228	3182	3286
3182	3223	3286
3228	3113	3182
3228	3175	3113
3175	2942	3113
3175	3158	2942
3175	3193	3158
3175	3214	3193
3175	3228	3214
3290	3148	3158
3148	2927	3158
3148	3136	2927
3136	3109	2927
3109	2902	2927
3109	3076	2902
3109	3137	3076
3137	3077	3076
3137	3114	3077
3137	3350	3114
3137	3290	3350
3137	3136	3290
3136	3148	3290
3137	3109	3136
2863	2963	2890
2963	3022	2890
2867	2872	2940
2870	2976	3023
2871	3029	3011
2875	2934	3027
2934	2975	3027
2975	3160	3027
2975	3168	3160
3168	3225	3160
2975	3091	3168
2975	2955	3091
2955	3020	3091
3020	3154	3091
2878	2972	2886
2886	2821	2878
2972	2997	2886
2878	2998	2972
2998	3202	2972
2889	3021	2913
3021	3050	2913
3050	3039	2913
3039	2930	2913
3039	2995	2930
3039	3222	2995
3222	3263	2995
3222	3321	3263
3321	3386	3263
3386	3295	3263
3386	3459	3295
3459	3337	3295
3337	3202	3295
3337	3332	3202
3332	3275	3202
3275	3183	3202
3275	3389	3183
3389	3209	3183
3209	3146	3183
3275	3397	3389
3397	3418	3389
3418	3423	3389
3275	3364	3397
3275	3332	3364
3386	3496	3459
3496	3567	3459
3496	3526	3567
3526	3654	3567
3526	3660	3654
3660	3688	3654
3526	3638	3660
3526	3448	3638
3526	3369	3448
3369	3301	3448
3301	3427	3448
3301	3319	3427
3319	3400	3427
3400	3500	3427
3400	3446	3500
3400	3304	3446
3400	3210	3304
3400	3319	3210
3319	3301	3210
3301	3060	3210
3060	3041	3210
3526	3321	3369
3321	3069	3369
3321	3222	3069
3222	3050	3069
3050	3021	3069
3222	3039	3050
3526	3496	3321
3496	3386	3321
2913	2775	2889
2775	2784	2889
2892	3045	3129
2898	2990	2941
2900	3051	3056
3051	3093	3056
3051	3152	3093
2904	2981	3000
2981	3102	3000
3102	3111	3000
3102	3294	3111
3294	3234	3111
3294	3244	3234
3294	3343	3244
3343	3501	3244
2946	3135	3095
3095	3030	2946
3095	3097	3030
3097	3042	3030
3042	3006	3030
3042	3057	3006
3042	3130	3057
3130	3092	3057
3130	3177	3092
3177	3131	3092
3177	3258	3131
3177	3280	3258
3280	3285	3258
3130	3097	3177
3097	3195	3177
3097	3095	3195
3095	3135	3195
3135	3215	3195
3215	3318	3195
3318	3344	3195
3344	3419	3195
3135	3074	3215
3074	3236	3215
3074	3048	3236
3130	3042	3097
2947	3038	3085
3085	3149	2947
3149	3100	2947
3085	3120	3149
3085	3038	3120
3038	3054	3120
2965	3065	3083
2973	2978	3002
2978	3034	3002
2984	3081	2994
3081	3171	2994
3081	3310	3171
3310	3242	3171
3310	3334	3242
3334	3452	3242
3452	3298	3242
3298	3252	3242
3081	3357	3310
3008	3036	3013
3016	3064	3176
3064	3191	3176
3191	3229	3176
3229	3293	3176
3293	3247	3176
3247	3086	3176
3086	3016	3176
3247	3243	3086
3247	3305	3243
3305	3219	3243
3229	3420	3293
3229	3312	3420
3312	3498	3420
3312	3525	3498
3032	3118	3079
3047	3082	3147
3071	3134	3185
3134	3156	3185
3185	3223	3071
3084	3126	3300
3088	3284	3155
3089	3221	3231
3090	3261	3197
3261	3346	3197
3098	3274	3245
3274	3385	3245
3274	3437	3385
3274	3232	3437
3101	3119	3200
3119	3151	3200
3103	3281	3259
3281	3398	3259
3115	3138	3153
3117	3325	3287
3117	3393	3325
3393	3476	3325
3393	3200	3476
3393	3200	3271
3123	3179	3351
3179	3299	3351
3299	3407	3351
3351	3151	3123
3127	3172	3128
3142	3308	3227
3142	3150	3308
3150	3190	3308
3190	3330	3308
3159	3181	3238
3238	3342	3159
3181	3377	3238
3377	3450	3238
3377	3287	3450
3159	3110	3181
3162	3208	3390
3208	3402	3390
3402	3454	3390
3454	3477	3390
3477	3473	3390
3473	3370	3390
3370	3162	3390
3477	3524	3473
3524	3689	3473
3524	3667	3689
3524	3641	3667
3641	3837	3667
3641	3817	3837
3817	3865	3837
3817	3866	3865
3477	3454	3524
3454	3402	3524
3169	3303	3241
3241	3201	3169
3170	3266	3268
3196	3237	3250
3237	3336	3250
3336	3314	3250
3336	3439	3314
3199	3282	3203
3213	3345	3349
3217	3288	3277
3224	3341	3320
3341	3432	3320
3432	3429	3320
3429	3382	3320
3382	3246	3320
3246	3224	3320
3429	3475	3382
3429	3481	3475
3481	3569	3475
3341	3365	3432
3365	3431	3432
3365	3353	3431
3353	3362	3431
3362	3433	3431
3433	3495	3431
3495	3578	3431
3578	3560	3431
3578	3590	3560
3590	3642	3560
3590	3735	3642
3735	3764	3642
3764	3640	3642
3735	3781	3764
3781	3899	3764
3899	3852	3764
3852	3827	3764
3852	3878	3827
3878	3881	3827
3881	3909	3827
3909	3884	3827
3884	3782	3827
3884	3851	3782
3851	3742	3782
3851	3713	3742
3713	3677	3742
3713	3580	3677
3713	3575	3580
3884	3882	3851
3884	3909	3882
3909	3974	3882
3909	3942	3974
3942	4004	3974
4004	4054	3974
4054	4053	3974
4053	4028	3974
4053	4097	4028
4097	4089	4028
4089	4038	4028
4089	4095	4038
4095	4057	4038
4057	3983	4038
4095	4120	4057
4095	4147	4120
4095	4171	4147
4171	4303	4147
4303	4203	4147
4303	4331	4203
4331	4262	4203
4262	4199	4203
4331	4339	4262
4339	4297	4262
4339	4374	4297
4374	4382	4297
4382	4270	4297
4382	4323	4270
4323	4200	4270
4200	4182	4270
4323	4263	4200
4263	4250	4200
4323	4330	4263
4330	4307	4263
4330	4430	4307
4430	4358	4307
4430	4431	4358
4431	4284	4358
4284	4250	4358
4431	4299	4284
4299	4226	4284
4431	4375	4299
4431	4520	4375
4330	4458	4430
4458	4495	4430
4458	4578	4495
4578	4521	4495
4578	4541	4521
4578	4693	4541
4578	4617	4693
4617	4676	4693
4676	4768	4693
4768	4756	4693
4768	4797	4756
4797	4791	4756
4797	4857	4791
4857	4859	4791
4859	4749	4791
4749	4707	4791
4749	4667	4707
4667	4599	4707
4599	4594	4707
4594	4582	4707
4599	4520	4594
4667	4670	4599
4667	4749	4670
4749	4713	4670
4713	4696	4670
4713	4739	4696
4713	4790	4739
4713	4749	4790
4749	4826	4790
4826	4889	4790
4826	4883	4889
4883	4952	4889
4952	4913	4889
4952	4969	4913
4969	4941	4913
4941	4869	4913
4941	4878	4869
4878	4849	4869
4878	4943	4849
4878	4945	4943
4945	4949	4943
4949	4931	4943
4949	4964	4931
4964	5026	4931
5026	5010	4931
5010	4950	4931
5010	4992	4950
5010	4997	4992
5010	5023	4997
5023	4961	4997
5023	4940	4961
4940	4892	4961
4940	4925	4892
4925	4855	4892
4855	4868	4892
4925	4847	4855
4847	4733	4855
5023	5029	4940
5023	5103	5029
5103	5092	5029
5092	5082	5029
5082	5059	5029
5082	5093	5059
5093	5118	5059
5093	5148	5118
5148	5145	5118
5145	5135	5118
5145	5141	5135
5141	5105	5135
5141	5158	5105
5158	5142	5105
5142	5085	5105
5085	5046	5105
5085	4976	5046
5085	5013	4976
5013	4954	4976
4954	4933	4976
4954	4836	4933
4836	4866	4933
4836	4831	4866
4836	4764	4831
4836	4763	4764
4763	4723	4764
4723	4673	4764
4723	4565	4673
4565	4569	4673
4565	4509	4569
4565	4500	4509
4500	4408	4509
4500	4432	4408
4432	4231	4408
4432	4173	4231
4173	4035	4231
4035	4110	4231
4110	4207	4231
4110	4058	4207
4058	4214	4207
4214	4306	4207
4058	4201	4214
4058	4155	4201
4155	4246	4201
4155	4175	4246
4175	4309	4246
4155	4118	4175
4155	3924	4118
4110	4001	4058
4001	3951	4058
4001	3804	3951
3804	3730	3951
4001	3856	3804
4110	4035	4001
4173	4060	4035
4060	3972	4035
4173	4153	4060
4173	4215	4153
4500	4470	4432
4723	4643	4565
4723	4763	4643
4763	4777	4643
5013	4971	4954
5085	5096	5013
5096	5080	5013
5096	5149	5080
5149	5152	5080
5152	5133	5080
5133	5125	5080
5125	5111	5080
5111	5088	5080
5088	5034	5080
5088	5066	5034
5066	5054	5034
5054	5015	5034
5066	5086	5054
5066	5088	5086
5088	5121	5086
5121	5126	5086
5126	5075	5086
5121	5168	5126
5168	5178	5126
5178	5173	5126
5178	5202	5173
5202	5191	5173
5191	5176	5173
5176	5131	5173
5176	5163	5131
5163	5132	5131
5132	5110	5131
5110	5107	5131
5110	5094	5107
5094	5050	5107
5050	5075	5107
5050	4988	5075
4988	4996	5075
5050	4999	4988
5094	5049	5050
5094	5053	5049
5053	4906	5049
5094	5110	5053
5110	5047	5053
5047	4973	5053
5047	4994	4973
4994	4958	4973
4958	4828	4973
4958	4929	4828
4929	4772	4828
4929	4890	4772
4929	4924	4890
4929	4982	4924
4929	4994	4982
4994	5047	4982
5047	5058	4982
5058	5021	4982
5058	5069	5021
5069	5043	5021
5043	5019	5021
5019	4974	5021
5019	4978	4974
5019	5011	4978
5011	4965	4978
4965	4891	4978
4965	4854	4891
4854	4835	4891
4854	4824	4835
4854	4785	4824
4785	4705	4824
4785	4744	4705
4744	4640	4705
4744	4639	4640
4744	4682	4639
4682	4602	4639
4744	4769	4682
4744	4785	4769
4785	4886	4769
4785	4854	4886
4854	4916	4886
4916	4919	4886
4919	4816	4886
4919	4815	4816
4815	4766	4816
4815	4801	4766
4801	4761	4766
4801	4781	4761
4801	4813	4781
4813	4853	4781
4853	4903	4781
4903	4803	4781
4803	4767	4781
4803	4811	4767
4803	4837	4811
4837	4817	4811
4837	4877	4817
4877	4808	4817
4877	4917	4808
4917	4912	4808
4912	4861	4808
4861	4814	4808
4814	4732	4808
4861	4820	4814
4861	4858	4820
4858	4852	4820
4858	4885	4852
4885	4896	4852
4885	4861	4896
4861	4918	4896
4918	4956	4896
4918	4962	4956
4918	4932	4962
4932	4993	4962
4993	5052	4962
4993	5032	5052
5032	5064	5052
5032	5063	5064
5063	5072	5064
5072	5120	5064
5072	5079	5120
5079	5115	5120
5115	5170	5120
5170	5164	5120
5170	5198	5164
5170	5196	5198
5196	5201	5198
5201	5215	5198
5215	5207	5198
5215	5217	5207
5217	5212	5207
5212	5194	5207
5194	5188	5207
5194	5182	5188
5194	5199	5182
5199	5185	5182
5199	5197	5185
5197	5184	5185
5197	5183	5184
5183	5169	5184
5169	5156	5184
5169	5150	5156
5169	5162	5150
5162	5161	5150
5161	5138	5150
5138	5124	5150
5124	5129	5150
5129	5117	5150
5129	5095	5117
5095	5099	5117
5099	5122	5117
5099	5091	5122
5099	5065	5091
5065	5067	5091
5065	5039	5067
5039	5055	5067
5055	5089	5067
5055	5038	5089
5038	5056	5089
5056	5114	5089
5114	5122	5089
5114	5134	5122
5134	5156	5122
5134	5147	5156
5134	5136	5147
5134	5130	5136
5130	5108	5136
5130	5104	5108
5104	5101	5108
5101	5070	5108
5101	5044	5070
5044	5057	5070
5057	5074	5070
5074	5076	5070
5074	5041	5076
5041	5097	5076
5074	5035	5041
5035	5003	5041
5035	5007	5003
5007	4995	5003
4995	4977	5003
4995	4948	4977
4948	4897	4977
4948	4881	4897
4948	4968	4881
4968	4902	4881
4902	4843	4881
4843	4806	4881
4843	4796	4806
4843	4875	4796
4875	4783	4796
4875	4833	4783
4833	4753	4783
4753	4692	4783
4833	4771	4753
4771	4686	4753
4771	4678	4686
4678	4585	4686
4585	4601	4686
4678	4548	4585
4771	4697	4678
4833	4888	4771
4833	4904	4888
4904	4938	4888
4938	4876	4888
4904	4934	4938
4934	4963	4938
4963	5005	4938
5005	4960	4938
5005	4967	4960
4967	4972	4960
4972	4921	4960
4921	4907	4960
4907	4898	4960
4898	4876	4960
4898	4887	4876
4887	4845	4876
4887	4787	4845
4787	4737	4845
4787	4755	4737
4755	4665	4737
4665	4633	4737
4633	4616	4737
4616	4662	4737
4662	4697	4737
4662	4566	4697
4662	4608	4566
4608	4557	4566
4608	4485	4557
4608	4543	4485
4543	4482	4485
4482	4409	4485
4482	4421	4409
4482	4479	4421
4479	4426	4421
4479	4505	4426
4505	4406	4426
4406	4395	4426
4406	4320	4395
4406	4347	4320
4406	4419	4347
4419	4319	4347
4319	4308	4347
4319	4244	4308
4319	4235	4244
4235	4217	4244
4235	4198	4217
4198	4129	4217
4129	4104	4217
4198	4033	4129
4198	4136	4033
4198	4242	4136
4242	4211	4136
4211	4099	4136
4099	4041	4136
4099	3964	4041
4099	4075	3964
4075	3998	3964
3998	3913	3964
3913	3892	3964
3998	3930	3913
3930	3907	3913
3930	3857	3907
3857	3747	3907
3747	3758	3907
3747	3670	3758
3747	3701	3670
3747	3740	3701
3740	3626	3701
3626	3602	3701
3626	3573	3602
3573	3523	3602
3523	3528	3602
3523	3461	3528
3523	3466	3461
3523	3573	3466
3573	3469	3466
3573	3589	3469
3589	3436	3469
3573	3637	3589
3637	3658	3589
3626	3723	3573
3723	3729	3573
3723	3787	3729
3787	3812	3729
3787	3915	3812
3915	3823	3812
3823	3769	3812
3823	3813	3769
3813	3806	3769
3806	3737	3769
3737	3717	3769
3717	3673	3769
3673	3658	3769
3673	3587	3658
3673	3717	3587
3717	3707	3587
3717	3737	3707
3737	3746	3707
3746	3696	3707
3746	3700	3696
3700	3630	3696
3700	3695	3630
3695	3617	3630
3695	3756	3617
3756	3619	3617
3619	3610	3617
3610	3468	3617
3468	3438	3617
3468	3394	3438
3468	3433	3394
3433	3362	3394
3468	3486	3433
3486	3495	3433
3486	3610	3495
3610	3622	3495
3622	3578	3495
3622	3590	3578
3622	3735	3590
3622	3781	3735
3610	3619	3622
3486	3468	3610
3695	3762	3756
3762	3767	3756
3767	3844	3756
3844	3781	3756
3844	3901	3781
3901	3899	3781
3901	3937	3899
3937	3936	3899
3936	3852	3899
3936	3878	3852
3936	3942	3878
3942	3881	3878
3942	3909	3881
3936	4004	3942
3936	4031	4004
4031	4055	4004
4055	4054	4004
4055	4101	4054
4101	4053	4054
4101	4119	4053
4119	4097	4053
4119	4135	4097
4135	4149	4097
4149	4171	4097
4171	4089	4097
4171	4095	4089
4149	4190	4171
4190	4291	4171
4291	4303	4171
4291	4384	4303
4384	4331	4303
4384	4367	4331
4367	4339	4331
4367	4374	4339
4367	4384	4374
4384	4433	4374
4433	4382	4374
4433	4428	4382
4428	4323	4382
4428	4330	4323
4428	4458	4330
4428	4484	4458
4484	4578	4458
4484	4584	4578
4584	4617	4578
4584	4676	4617
4584	4606	4676
4606	4654	4676
4654	4685	4676
4685	4746	4676
4746	4768	4676
4746	4784	4768
4784	4827	4768
4827	4804	4768
4804	4797	4768
4804	4867	4797
4867	4857	4797
4867	4901	4857
4901	4879	4857
4879	4859	4857
4879	4883	4859
4883	4749	4859
4883	4826	4749
4879	4957	4883
4957	4952	4883
4957	4970	4952
4970	4969	4952
4970	4990	4969
4970	4998	4990
4998	5036	4990
4998	5017	5036
5017	5037	5036
5037	5060	5036
5060	5073	5036
5073	5071	5036
5073	5109	5071
5109	5090	5071
5109	5084	5090
5084	5031	5090
5084	5098	5031
5098	5026	5031
5026	4964	5031
5098	5010	5026
5098	5103	5010
5103	5023	5010
5098	5137	5103
5137	5140	5103
5140	5092	5103
5140	5093	5092
5093	5082	5092
5140	5148	5093
5140	5172	5148
5172	5180	5148
5180	5145	5148
5180	5195	5145
5195	5189	5145
5189	5141	5145
5189	5158	5141
5189	5175	5158
5175	5142	5158
5175	5181	5142
5181	5149	5142
5149	5119	5142
5119	5085	5142
5119	5112	5085
5112	5106	5085
5106	5096	5085
5106	5149	5096
5106	5119	5149
5106	5112	5119
5181	5153	5149
5153	5152	5149
5153	5177	5152
5177	5159	5152
5159	5133	5152
5159	5125	5133
5159	5111	5125
5159	5121	5111
5121	5088	5111
5159	5168	5121
5159	5205	5168
5205	5178	5168
5205	5202	5178
5205	5208	5202
5208	5191	5202
5208	5186	5191
5186	5176	5191
5186	5163	5176
5186	5179	5163
5179	5144	5163
5144	5132	5163
5144	5128	5132
5128	5113	5132
5113	5100	5132
5100	5069	5132
5069	5110	5132
5069	5058	5110
5058	5047	5110
5100	5043	5069
5100	5102	5043
5102	5019	5043
5102	5011	5019
5102	5078	5011
5102	5139	5078
5139	5077	5078
5077	5018	5078
5077	5061	5018
5061	4984	5018
4984	4926	5018
4926	4919	5018
4926	4851	4919
4851	4815	4919
4851	4801	4815
4851	4813	4801
4851	4853	4813
4851	4926	4853
4926	4944	4853
4944	4903	4853
4926	4984	4944
5061	5030	4984
5030	5000	4984
5030	5040	5000
5040	5027	5000
5027	4985	5000
4985	4955	5000
4985	4917	4955
4917	4877	4955
4877	4930	4955
4877	4837	4930
4837	4903	4930
4837	4803	4903
4985	4980	4917
4980	4932	4917
4932	4912	4917
4932	4918	4912
4918	4861	4912
4980	4993	4932
4980	5012	4993
5012	5032	4993
5012	5063	5032
5012	5027	5063
5027	5072	5063
5027	5079	5072
5027	5040	5079
5040	5087	5079
5087	5115	5079
5087	5123	5115
5123	5170	5115
5087	5127	5123
5127	5151	5123
5151	5155	5123
5151	5166	5155
5166	5190	5155
5190	5170	5155
5190	5196	5170
5190	5206	5196
5206	5201	5196
5206	5215	5201
5206	5218	5215
5087	5030	5127
5087	5040	5030
5012	4985	5027
5012	4980	4985
5102	5128	5139
5128	5144	5139
5144	5171	5139
5144	5179	5171
5179	5186	5171
5186	5166	5171
5102	5113	5128
5102	5100	5113
5205	5218	5208
5205	5216	5218
5205	5203	5216
5205	5159	5203
5159	5177	5203
5153	5181	5177
5181	5210	5177
5181	5209	5210
5209	5214	5210
5214	5217	5210
5214	5212	5217
5214	5211	5212
5211	5199	5212
5199	5194	5212
5211	5197	5199
5211	5213	5197
5213	5192	5197
5192	5187	5197
5187	5183	5197
5187	5174	5183
5174	5169	5183
5174	5162	5169
5174	5161	5162
5174	5167	5161
5167	5157	5161
5157	5138	5161
5157	5137	5138
5137	5098	5138
5098	5109	5138
5109	5124	5138
5109	5073	5124
5073	5060	5124
5060	5095	5124
5095	5129	5124
5060	5068	5095
5068	5065	5095
5065	5099	5095
5068	5024	5065
5024	5022	5065
5022	5028	5065
5028	5039	5065
5028	5009	5039
5009	5025	5039
5025	5042	5039
5042	5055	5039
5042	5038	5055
5042	5025	5038
5025	5006	5038
5006	5014	5038
5014	5056	5038
5014	5005	5056
5005	5001	5056
5001	5020	5056
5020	5062	5056
5062	5104	5056
5104	5114	5056
5104	5130	5114
5130	5134	5114
5062	5101	5104
5062	5044	5101
5062	5020	5044
5020	4968	5044
4968	5033	5044
5033	5051	5044
5051	5057	5044
5051	5074	5057
5051	5035	5074
5051	5007	5035
5051	5033	5007
5033	4968	5007
4968	4948	5007
4948	4995	5007
5020	4934	4968
4934	4902	4968
4934	4904	4902
4904	4875	4902
4875	4843	4902
4904	4833	4875
5020	5001	4934
5001	4975	4934
4975	4963	4934
4975	5005	4963
4975	5001	5005
5014	4967	5005
5014	4972	4967
5014	5006	4972
5006	4989	4972
4989	4908	4972
4908	4921	4972
4908	4907	4921
4908	4860	4907
4860	4842	4907
4842	4819	4907
4819	4823	4907
4823	4898	4907
4823	4887	4898
4823	4787	4887
4823	4776	4787
4776	4755	4787
4776	4701	4755
4701	4679	4755
4679	4665	4755
4679	4603	4665
4603	4633	4665
4603	4542	4633
4542	4543	4633
4543	4616	4633
4543	4608	4616
4608	4662	4616
4542	4507	4543
4507	4482	4543
4507	4479	4482
4507	4505	4479
4507	4542	4505
4542	4603	4505
4603	4571	4505
4571	4511	4505
4511	4406	4505
4511	4455	4406
4455	4419	4406
4455	4483	4419
4483	4451	4419
4451	4404	4419
4404	4319	4419
4404	4372	4319
4372	4310	4319
4310	4235	4319
4310	4242	4235
4242	4198	4235
4310	4241	4242
4241	4211	4242
4241	4169	4211
4169	4099	4211
4169	4075	4099
4169	4137	4075
4137	4093	4075
4093	3998	4075
4093	4020	3998
4020	3939	3998
3939	3930	3998
4020	4009	3939
4009	3977	3939
3977	3915	3939
3977	3952	3915
3977	4019	3952
4019	4018	3952
4018	4002	3952
4018	4047	4002
4018	4019	4047
4019	4029	4047
4019	3977	4029
3977	4009	4029
4009	4020	4029
4137	4112	4093
4137	4154	4112
4154	4157	4112
4154	4239	4157
4239	4237	4157
4239	4294	4237
4294	4338	4237
4338	4281	4237
4338	4335	4281
4335	4343	4281
4343	4257	4281
4257	4236	4281
4257	4205	4236
4205	4130	4236
4130	4134	4236
4134	4166	4236
4130	4059	4134
4130	4125	4059
4125	4107	4059
4107	4037	4059
4037	4052	4059
4037	3945	4052
4037	3935	3945
3935	3912	3945
3912	3887	3945
3887	4002	3945
3887	3858	4002
3887	3840	3858
3840	3801	3858
3801	3806	3858
3806	3813	3858
3801	3737	3806
3801	3746	3737
3801	3840	3746
3840	3767	3746
3767	3700	3746
3767	3762	3700
3762	3695	3700
3840	3844	3767
3840	3912	3844
3912	3935	3844
3935	3929	3844
3929	3901	3844
3929	3943	3901
3943	3937	3901
3943	4014	3937
4014	3936	3937
4014	4031	3936
4014	4048	4031
4048	4072	4031
4072	4055	4031
4072	4091	4055
4091	4101	4055
4091	4113	4101
4113	4119	4101
4113	4158	4119
4158	4181	4119
4181	4135	4119
4181	4149	4135
4181	4190	4149
4181	4254	4190
4254	4264	4190
4264	4291	4190
4264	4349	4291
4349	4384	4291
4349	4368	4384
4368	4418	4384
4418	4433	4384
4418	4468	4433
4468	4497	4433
4497	4466	4433
4466	4452	4433
4452	4428	4433
4452	4484	4428
4452	4466	4484
4466	4497	4484
4497	4584	4484
4497	4550	4584
4550	4606	4584
4550	4597	4606
4597	4654	4606
4597	4613	4654
4613	4668	4654
4668	4719	4654
4719	4685	4654
4719	4746	4685
4719	4780	4746
4780	4784	4746
4780	4841	4784
4841	4809	4784
4809	4827	4784
4809	4862	4827
4862	4927	4827
4862	4905	4927
4905	4937	4927
4937	4953	4927
4953	4981	4927
4953	5008	4981
5008	5024	4981
5024	5002	4981
5024	5017	5002
5017	4998	5002
4998	4957	5002
4998	4970	4957
5024	5037	5017
5024	5068	5037
5068	5060	5037
5008	5022	5024
5008	5009	5022
5009	5028	5022
5008	4953	5009
4953	4991	5009
4991	5025	5009
4991	4979	5025
4979	4989	5025
4989	5006	5025
4979	4939	4989
4939	4908	4989
4939	4923	4908
4923	4895	4908
4895	4860	4908
4895	4822	4860
4822	4842	4860
4822	4799	4842
4799	4819	4842
4799	4745	4819
4745	4776	4819
4776	4823	4819
4745	4701	4776
4745	4675	4701
4675	4679	4701
4675	4603	4679
4675	4661	4603
4661	4571	4603
4661	4560	4571
4560	4511	4571
4560	4455	4511
4560	4483	4455
4560	4546	4483
4546	4489	4483
4489	4451	4483
4489	4503	4451
4503	4517	4451
4517	4439	4451
4439	4404	4451
4439	4372	4404
4439	4345	4372
4345	4310	4372
4345	4329	4310
4329	4282	4310
4282	4241	4310
4282	4256	4241
4256	4169	4241
4256	4223	4169
4223	4188	4169
4188	4137	4169
4188	4154	4137
4188	4230	4154
4230	4239	4154
4230	4322	4239
4322	4342	4239
4342	4326	4239
4326	4294	4239
4326	4341	4294
4341	4338	4294
4341	4425	4338
4425	4385	4338
4385	4348	4338
4348	4335	4338
4348	4385	4335
4385	4343	4335
4385	4411	4343
4411	4405	4343
4405	4340	4343
4340	4286	4343
4286	4257	4343
4286	4205	4257
4286	4255	4205
4255	4177	4205
4177	4125	4205
4125	4130	4205
4177	4128	4125
4128	4107	4125
4128	4072	4107
4072	4048	4107
4048	4037	4107
4048	4014	4037
4014	3935	4037
4014	3943	3935
3943	3929	3935
4128	4091	4072
4128	4158	4091
4158	4113	4091
4128	4177	4158
4177	4255	4158
4255	4181	4158
4255	4254	4181
4255	4286	4254
4286	4340	4254
4340	4325	4254
4325	4264	4254
4325	4349	4264
4325	4354	4349
4354	4368	4349
4354	4416	4368
4416	4471	4368
4471	4418	4368
4471	4468	4418
4471	4510	4468
4510	4537	4468
4537	4547	4468
4547	4497	4468
4547	4550	4497
4547	4597	4550
4547	4613	4597
4547	4537	4613
4537	4563	4613
4563	4621	4613
4621	4668	4613
4621	4656	4668
4656	4717	4668
4717	4719	4668
4717	4754	4719
4754	4780	4719
4754	4786	4780
4786	4841	4780
4786	4825	4841
4825	4865	4841
4865	4856	4841
4856	4862	4841
4862	4809	4841
4856	4905	4862
4856	4893	4905
4856	4865	4893
4865	4920	4893
4920	4939	4893
4920	4923	4939
4920	4895	4923
4920	4863	4895
4863	4822	4895
4863	4818	4822
4818	4794	4822
4794	4736	4822
4736	4747	4822
4747	4799	4822
4747	4745	4799
4747	4712	4745
4712	4675	4745
4712	4661	4675
4712	4709	4661
4709	4653	4661
4653	4624	4661
4624	4560	4661
4624	4546	4560
4624	4612	4546
4612	4631	4546
4631	4552	4546
4552	4524	4546
4524	4503	4546
4503	4489	4546
4524	4517	4503
4524	4552	4517
4552	4496	4517
4496	4439	4517
4496	4392	4439
4392	4345	4439
4392	4329	4345
4392	4322	4329
4322	4282	4329
4322	4230	4282
4230	4223	4282
4223	4256	4282
4230	4188	4223
4392	4381	4322
4381	4342	4322
4381	4427	4342
4427	4341	4342
4341	4326	4342
4427	4425	4341
4427	4501	4425
4501	4457	4425
4457	4385	4425
4457	4411	4385
4457	4417	4411
4417	4405	4411
4417	4416	4405
4416	4354	4405
4354	4340	4405
4354	4325	4340
4417	4457	4416
4457	4471	4416
4457	4510	4471
4457	4574	4510
4574	4563	4510
4563	4537	4510
4574	4621	4563
4574	4656	4621
4574	4577	4656
4577	4644	4656
4644	4681	4656
4681	4694	4656
4694	4717	4656
4694	4725	4717
4725	4754	4717
4725	4770	4754
4770	4786	4754
4770	4802	4786
4802	4825	4786
4802	4818	4825
4818	4863	4825
4863	4865	4825
4863	4920	4865
4802	4794	4818
4802	4770	4794
4770	4742	4794
4742	4729	4794
4729	4736	4794
4729	4702	4736
4702	4716	4736
4716	4747	4736
4716	4709	4747
4709	4712	4747
4716	4653	4709
4716	4702	4653
4702	4631	4653
4631	4612	4653
4612	4624	4653
4702	4729	4631
4729	4681	4631
4681	4657	4631
4657	4638	4631
4638	4552	4631
4638	4644	4552
4644	4544	4552
4544	4496	4552
4544	4514	4496
4514	4381	4496
4381	4392	4496
4544	4530	4514
4530	4427	4514
4530	4501	4427
4530	4529	4501
4529	4457	4501
4529	4574	4457
4529	4577	4574
4529	4530	4577
4530	4544	4577
4544	4644	4577
4638	4657	4644
4657	4681	4644
4729	4694	4681
4729	4742	4694
4742	4725	4694
4742	4770	4725
4979	4991	4939
3840	3883	3912
3883	3887	3912
3883	3840	3887
5098	5084	5109
5157	5146	5137
5146	5140	5137
5146	5154	5140
5154	5172	5140
5154	5165	5172
5165	5192	5172
5192	5193	5172
5193	5180	5172
5193	5195	5180
5193	5200	5195
5200	5209	5195
5209	5189	5195
5209	5175	5189
5209	5181	5175
5200	5213	5209
5213	5214	5209
5213	5211	5214
5200	5193	5213
5193	5192	5213
5165	5187	5192
5165	5167	5187
5167	5174	5187
5165	5157	5167
5165	5154	5157
5154	5146	5157
4879	4901	4957
4867	4927	4901
4804	4827	4867
3723	3740	3787
3723	3626	3740
4885	4858	4861
4854	4959	4916
4854	4965	4959
4965	5011	4959
4929	4958	4994
4949	4945	4964
4878	4941	4945
4941	4969	4945
3365	3341	3353
3249	3368	3317
3368	3487	3317
3249	3253	3368
3262	3406	3297
3262	3291	3406
3291	3540	3406
3264	3494	3510
3494	3697	3510
3697	3618	3510
3697	3789	3618
3264	3241	3494
3273	3360	3309
3360	3442	3309
3442	3462	3309
3462	3391	3309
3462	3552	3391
3552	3458	3391
3458	3327	3391
3458	3440	3327
3552	3603	3458
3552	3649	3603
3552	3614	3649
3360	3416	3442
3416	3557	3442
3416	3554	3557
3554	3778	3557
3554	3683	3778
3283	3352	3311
3352	3424	3311
3424	3384	3311
3424	3414	3384
3424	3493	3414
3352	3436	3424
3315	3326	3396
3323	3374	3392
3328	3354	3412
3347	3399	3415
3415	3345	3347
3372	3625	3513
3513	3357	3372
3357	3270	3372
3625	3615	3513
3625	3684	3615
3625	3722	3684
3625	3755	3722
3376	3404	3520
3404	3646	3520
3646	3730	3520
3646	3749	3730
3379	3480	3474
3480	3572	3474
3572	3399	3474
3399	3379	3474
3480	3706	3572
3706	3655	3572
3706	3848	3655
3848	3886	3655
3886	3744	3655
3744	3715	3655
3744	3777	3715
3777	3768	3715
3768	3531	3715
3768	3537	3531
3744	3886	3777
3886	3957	3777
3957	3941	3777
3886	3987	3957
3886	3955	3987
3955	4039	3987
4039	4117	3987
4039	4138	4117
4039	4146	4138
4146	4334	4138
4146	4225	4334
4146	3990	4225
3990	4100	4225
3990	3966	4100
3966	4036	4100
4036	4160	4100
4036	4083	4160
4083	4220	4160
4083	4079	4220
4079	4261	4220
4261	4369	4220
4261	4422	4369
4422	4556	4369
4422	4575	4556
4575	4627	4556
4422	4443	4575
4443	4626	4575
4626	4734	4575
4443	4573	4626
4573	4740	4626
4573	4777	4740
4443	4459	4573
4079	4187	4261
4187	4240	4261
4187	4194	4240
4194	4103	4240
4103	4289	4240
4103	4098	4289
4098	4139	4289
4139	4215	4289
4098	4062	4139
4098	3868	4062
3868	3940	4062
3868	3833	3940
3833	3919	3940
3868	3845	3833
3845	3659	3833
3845	3672	3659
3672	3549	3659
3672	3656	3549
3656	3476	3549
3672	3845	3656
4098	3931	3868
4098	4103	3931
4103	4115	3931
4115	3999	3931
3999	3904	3931
3904	3898	3931
3904	3682	3898
3904	3853	3682
3853	3725	3682
3853	3830	3725
3853	3859	3830
3859	3877	3830
3877	3873	3830
3877	3949	3873
3949	3966	3873
3966	3978	3873
3966	3990	3978
3990	4039	3978
4039	3955	3978
3955	3848	3978
3848	3763	3978
3763	3734	3978
3763	3706	3734
3706	3480	3734
3763	3848	3706
3955	3886	3848
3990	4146	4039
3949	4036	3966
3949	4083	4036
3949	3999	4083
3999	4079	4083
3999	4115	4079
4115	4187	4079
4115	4194	4187
4115	4103	4194
3949	3859	3999
3859	3853	3999
3853	3904	3999
3949	3877	3859
3387	3570	3606
3570	3645	3606
3645	3635	3606
3635	3550	3606
3635	3648	3550
3388	3479	3408
3409	3434	3508
3508	3565	3409
3508	3563	3565
3563	3666	3565
3666	3753	3565
3666	3775	3753
3775	3836	3753
3775	3835	3836
3835	3965	3836
3965	3933	3836
3965	3993	3933
3835	3864	3965
3864	4045	3965
3864	4007	4045
4007	4102	4045
3422	3551	3444
3422	3609	3551
3609	3662	3551
3609	3765	3662
3765	3824	3662
3609	3639	3765
3639	3699	3765
3639	3634	3699
3634	3726	3699
3639	3577	3634
3551	3608	3444
3428	3665	3588
3588	3330	3428
3588	3532	3330
3588	3690	3532
3690	3570	3532
3588	3745	3690
3745	3809	3690
3588	3665	3745
3665	3786	3745
3441	3600	3651
3443	3467	3485
3447	3530	3548
3530	3643	3548
3643	3669	3548
3643	3759	3669
3759	3710	3669
3759	3772	3710
3643	3716	3759
3449	3482	3516
3453	3518	3465
3492	3631	3760
3506	3678	3593
3678	3721	3593
3721	3727	3593
3727	3598	3593
3721	3792	3727
3512	3685	3533
3521	3541	3579
3541	3582	3579
3579	3576	3521
3542	3709	3561
3542	3533	3709
3584	3676	3632
3676	3808	3632
3808	3743	3632
3632	3595	3584
3586	3675	3616
3611	3663	3623
3623	3611	3856
3612	3668	3719
3613	3620	3757
3613	3518	3620
3624	3776	3751
3776	3838	3751
3838	3794	3751
3776	3875	3838
3681	3712	3691
3681	3800	3712
3687	3766	3698
3698	3446	3687
3446	3597	3687
3446	3507	3597
3446	3322	3507
3322	3300	3507
3300	3492	3507
3766	3784	3698
3784	3739	3698
3739	3694	3698
3766	3918	3784
3918	3903	3784
3918	4042	3903
4042	3916	3903
4042	3971	3916
3918	4094	4042
3918	4088	4094
4088	4178	4094
4178	4180	4094
4178	4222	4180
4222	4316	4180
4222	4277	4316
4277	4365	4316
4365	4410	4316
4365	4453	4410
4453	4534	4410
4365	4415	4453
4365	4277	4415
4222	4178	4277
4178	4252	4277
4178	4213	4252
4213	4224	4252
4224	4304	4252
4224	4184	4304
4224	4213	4184
4213	4132	4184
4132	4080	4184
4080	4174	4184
4132	4068	4080
4132	4088	4068
4088	3968	4068
4088	3918	3968
4132	4213	4088
4213	4178	4088
3714	3805	3847
3805	3934	3847
3718	3783	3803
3720	3826	3728
3720	3822	3826
3724	3885	3819
3819	3697	3724
3885	4021	3819
4021	3861	3819
3885	3984	4021
3984	4087	4021
3984	4168	4087
3984	4106	4168
3984	3954	4106
3984	3885	3954
3732	3863	3733
3733	3709	3732
3863	3780	3733
3732	3893	3863
3893	4006	3863
3893	4016	4006
4016	4070	4006
3771	3855	3790
3855	3891	3790
3779	3797	3869
3869	3776	3779
3776	3741	3779
3795	3938	3807
3938	3963	3807
3963	3900	3807
3963	4030	3900
4030	3970	3900
3970	3905	3900
3938	3982	3963
3802	3811	3841
3811	3920	3841
3920	3889	3841
3920	4003	3889
3920	3989	4003
3920	3811	3989
3814	3897	3956
3816	3818	3917
3829	3906	3923
3906	3941	3923
3832	3911	3902
3834	3874	3854
3842	3862	3980
3843	3962	3914
3962	3992	3914
3992	3969	3914
3953	4076	4050
4050	3997	3953
3958	4078	4140
4140	4066	3958
3975	4069	4023
4069	4044	4023
3975	4066	4069
3981	4064	4073
4064	4189	4073
4189	4170	4073
4189	4276	4170
4189	4247	4276
4247	4332	4276
4189	4127	4247
4189	4064	4127
3981	3986	4064
3985	3995	4142
3988	4010	4063
4063	4172	3988
3991	4024	4161
4024	4071	4161
4071	4196	4161
4196	4195	4161
4196	4313	4195
4313	4376	4195
4376	4321	4195
4321	4274	4195
4196	4287	4313
4196	4082	4287
4196	4077	4082
4077	4017	4082
4017	4022	4082
4017	3854	4022
4017	3786	3854
4077	4024	4017
4024	3809	4017
4077	4071	4024
4077	4196	4071
4000	4109	4012
4013	4025	4085
4025	4199	4085
4085	4015	4013
4085	4067	4015
4026	4141	4116
4027	4084	4122
4122	4151	4027
4032	4164	4212
4164	4268	4212
4212	4114	4032
4114	4056	4032
4212	4209	4114
4046	4186	4162
4061	4124	4183
4183	4179	4061
4086	4245	4221
4245	4302	4221
4143	4150	4216
4156	4337	4210
4176	4315	4280
4218	4285	4229
4285	4249	4229
4249	4069	4229
4285	4295	4249
4285	4469	4295
4469	4401	4295
4401	4344	4295
4401	4400	4344
4285	4486	4469
4228	4271	4379
4232	4355	4272
4355	4377	4272
4355	4450	4377
4233	4350	4258
4258	4172	4233
4234	4301	4324
4301	4461	4324
4248	4305	4300
4248	4388	4305
4273	4352	4283
4352	4296	4283
4352	4361	4296
4361	4366	4296
4361	4494	4366
4361	4352	4494
4352	4492	4494
4492	4609	4494
4352	4424	4492
4352	4273	4424
4279	4314	4412
4314	4351	4412
4412	4364	4279
4290	4360	4373
4333	4353	4362
4363	4434	4477
4434	4472	4477
4434	4464	4472
4371	4420	4397
4420	4478	4397
4478	4435	4397
4435	4386	4397
4420	4502	4478
4502	4545	4478
4390	4438	4512
4396	4490	4475
4436	4528	4564
4440	4456	4558
4440	4373	4456
4558	4526	4440
4449	4568	4559
4449	4513	4568
4513	4637	4568
4513	4538	4637
4473	4519	4619
4519	4625	4619
4619	4525	4473
4619	4663	4525
4474	4589	4476
4474	4553	4589
4553	4635	4589
4488	4591	4554
4488	4475	4591
4499	4604	4581
4604	4649	4581
4649	4651	4581
4651	4572	4581
4651	4652	4572
4499	4549	4604
4549	4602	4604
4531	4618	4579
4618	4647	4579
4618	4690	4647
4690	4798	4647
4618	4674	4690
4618	4628	4674
4618	4531	4628
4535	4671	4570
4540	4680	4684
4540	4545	4680
4680	4743	4684
4743	4703	4684
4703	4645	4684
4645	4540	4684
4703	4623	4645
4703	4732	4623
4680	4767	4743
4555	4632	4607
4607	4558	4555
4607	4650	4558
4567	4677	4622
4677	4721	4622
4721	4720	4622
4576	4610	4636
4595	4620	4666
4605	4735	4718
4630	4655	4660
4655	4772	4660
4660	4438	4630
4658	4728	4750
4728	4830	4750
4830	4828	4750
4669	4782	4688
4688	4534	4669
4782	4722	4688
4722	4714	4688
4669	4715	4782
4715	4775	4782
4775	4810	4782
4672	4726	4695
4683	4711	4710
4711	4807	4710
4711	4758	4807
4758	4792	4807
4792	4871	4807
4871	4873	4807
4873	4846	4807
4873	4899	4846
4899	4840	4846
4899	4942	4840
4942	4936	4840
4936	4821	4840
4821	4738	4840
4936	4884	4821
4936	4911	4884
4911	4848	4884
4911	4915	4848
4911	4947	4915
4942	4946	4936
4899	4966	4942
4966	5016	4942
4899	4873	4966
4873	4951	4966
4873	4871	4951
4871	4928	4951
4871	4838	4928
4871	4792	4838
4689	4700	4757
4708	4748	4752
4752	4650	4708
4731	4793	4760
4793	4834	4760
4834	4765	4760
4834	4812	4765
4793	4850	4834
4793	4880	4850
4793	4874	4880
4759	4778	4795
4759	4671	4778
5045	5083	5081
36	9	4
36	52	9
52	68	9
71	89	68
89	28	68
71	127	89
71	114	127
5	3	9
3	1	9
2	46	6
77	107	35
107	93	35
38	66	77
66	108	77
7	21	12
7	40	21
40	25	21
7	10	40
11	23	18
23	40	18
216	263	128
816	811	744
811	573	744
811	590	573
1117	931	1121
931	878	1121
878	991	1121
1117	1108	931
513	558	649
916	1068	924
916	926	1068
926	1114	1068
1114	1124	1068
926	1038	1114
327	282	380
620	554	584
355	531	390
138	266	152
138	189	266
842	854	774
1445	1325	1439
1401	1383	1436
677	704	771
605	551	721
331	425	307
239	260	310
239	212	260
335	371	246
371	366	246
366	274	246
34	84	41
84	82	41
208	151	171
106	54	147
185	363	162
363	362	162
362	198	162
556	644	524
501	583	556
607	846	712
607	784	846
334	313	440
536	629	476
681	574	686
592	652	739
592	578	652
737	762	786
1132	1406	1243
1132	1289	1406
1132	1184	1289
1184	1204	1289
1158	1070	913
1158	1217	1070
1217	1222	1070
944	1135	1167
1135	1258	1167
944	897	1135
691	598	701
1327	1555	1298
1327	1608	1555
1277	1466	1327
1277	1386	1466
1277	1207	1386
784	656	736
656	625	736
1253	1467	1332
1782	1641	1705
1910	2117	1782
2117	1863	1782
2117	1994	1863
1889	1913	1935
2143	2416	2315
2416	2459	2315
2459	2479	2315
2479	2480	2315
2416	2560	2459
2143	2361	2416
2143	2134	2361
1511	1391	1400
1429	1388	1499
1653	1623	1576
1352	1335	1417
1240	1404	1159
1136	1115	1017
1027	1098	1087
1122	1060	1323
1060	1322	1323
1060	1152	1322
1839	1926	1655
1926	1762	1655
1926	1976	1762
1839	1943	1926
1254	1229	1306
1635	1543	1727
1513	1492	1713
1492	1685	1713
1685	1791	1713
1513	1351	1492
1385	1506	1409
1442	1475	1426
1599	1674	1399
1674	1616	1399
1616	1441	1399
1776	1988	1736
2179	2455	2302
2455	2552	2302
2552	2391	2302
2391	2297	2302
2552	2492	2391
2098	1919	1865
2098	2144	1919
2144	2148	1919
1860	1903	1920
1917	1706	1928
1944	2112	1963
1729	1693	1850
1693	1831	1850
1693	1775	1831
2100	2275	1985
2275	2155	1985
2155	1977	1985
2100	2327	2275
2446	2587	2327
2587	2501	2327
2446	2539	2587
2539	2659	2587
2539	2650	2659
2046	2274	2029
2046	2072	2274
1818	1867	1856
1867	1893	1856
2461	2658	2377
2658	2463	2377
2000	2033	2080
2079	2113	2063
2358	2283	2207
2433	2527	2358
2177	2291	2034
2291	2193	2034
2193	2065	2034
2065	1929	2034
1929	1954	2034
2428	2513	2262
2513	2292	2262
2513	2537	2292
2537	2579	2292
2579	2312	2292
2484	2232	2470
2567	2730	2484
2730	2554	2484
2730	2628	2554
2730	2839	2628
2839	2784	2628
2404	2582	2611
2123	2328	2313
2123	2028	2328
2323	2385	2295
2140	2099	2341
2099	2256	2341
2256	2434	2341
2099	2078	2256
2460	2340	2238
2460	2564	2340
2460	2656	2564
2460	2417	2656
2417	2744	2656
2744	3006	2656
3006	2714	2656
3006	3057	2714
3057	2901	2714
2901	2724	2714
3057	3092	2901
2744	3030	3006
2289	2117	2181
2774	2871	2734
2871	2699	2734
2530	2457	2597
2457	2581	2597
2284	2294	2457
2435	2235	2374
2435	2325	2235
2654	2691	2485
2482	2671	2654
2669	2707	2670
2427	2450	2476
2561	2434	2531
2681	2715	2561
2715	2444	2561
2631	2438	2616
2812	2978	2787
2810	2848	2745
2779	2806	2764
2806	2771	2764
2949	2996	2880
2832	2947	3009
2947	3100	3009
3100	3165	3009
3100	3404	3165
3100	3149	3404
3149	3444	3404
3149	3120	3444
3120	3422	3444
2876	2992	2792
2763	2848	2969
2763	2645	2848
2996	3123	2851
3108	3210	3041
3163	3322	3164
3378	3497	3335
2998	3295	3202
2998	2995	3295
2995	3263	3295
3446	3698	3500
3698	3694	3500
3369	3069	3301
3129	2857	2892
3177	3419	3280
3177	3195	3419
3034	3211	3002
3034	3159	3211
3498	3558	3420
3498	3629	3558
3119	2879	3151
2879	2851	3151
2879	2785	2851
2879	2909	2785
3713	3620	3575
3851	3882	3713
4147	4203	4120
4693	4551	4541
4693	4582	4551
4790	4869	4739
4790	4913	4869
4790	4889	4913
4940	5059	4925
4940	5029	5059
4173	4432	4215
4432	4470	4215
4470	4459	4215
5126	5173	5075
5173	5107	5075
5173	5131	5107
4982	4974	4924
4974	4870	4924
4974	4872	4870
4824	4705	4835
4705	4727	4835
4811	4743	4767
4962	5052	4956
5052	5003	4956
5003	4977	4956
5052	5041	5003
5052	5116	5041
5052	5064	5116
5064	5120	5116
5120	5164	5116
5164	5143	5116
5143	5097	5116
5164	5160	5143
5160	5182	5143
5182	5108	5143
5108	5076	5143
5108	5070	5076
5182	5147	5108
5147	5136	5108
5182	5185	5147
5185	5156	5147
5185	5184	5156
5160	5188	5182
5160	5207	5188
5160	5198	5207
5160	5164	5198
5150	5122	5156
5150	5117	5122
5091	5067	5122
5067	5089	5122
4881	4806	4897
4678	4697	4548
4771	4845	4697
4845	4737	4697
4771	4876	4845
4771	4888	4876
4938	4960	4876
3756	3781	3619
5036	5071	4990
5090	4964	5071
4964	4945	5071
4945	4969	5071
5090	5031	4964
5078	5018	5011
5018	4959	5011
5018	4916	4959
5018	4919	4916
5123	5155	5170
5218	5210	5215
5218	5216	5210
5216	5203	5210
5203	5177	5210
5127	5171	5151
5127	5139	5171
5127	5077	5139
5127	5061	5077
5127	5030	5061
3952	4002	3915
4002	3813	3915
3813	3823	3915
4002	3858	3813
4047	4134	4002
4134	4059	4002
4059	4052	4002
4052	3945	4002
4047	4166	4134
4047	4237	4166
4237	4236	4166
4237	4281	4236
4047	4112	4237
4112	4157	4237
4047	4029	4112
4029	4093	4112
4029	4020	4093
4927	4867	4827
4981	4901	4927
4981	5002	4901
5002	4957	4901
4893	4937	4905
4893	4939	4937
4939	4991	4937
4514	4427	4381
3552	3462	3614
4117	4278	3987
3845	3931	3656
3931	3682	3656
3682	3581	3656
3931	3898	3682
3845	3868	3931
3824	3799	3662
3824	3910	3799
3910	3924	3799
3639	3609	3577
3745	4017	3809
3745	3786	4017
3428	3748	3665
3631	3914	3760
3631	3843	3914
3631	3649	3843
3649	3816	3843
3533	3255	3512
3507	3492	3597
4316	4206	4180
4453	4629	4534
4629	4669	4534
4453	4415	4629
4415	4525	4629
4184	4174	4304
3783	3870	3803
3826	3975	3728
3954	4056	4106
4056	4114	4106
3954	3950	4056
3950	3719	4056
3954	3908	3950
4044	3960	4023
4066	4229	4069
4151	3910	4027
4151	4118	3910
4151	4163	4118
4285	4448	4486
4448	4498	4486
4355	4445	4450
4388	4463	4305
4477	4467	4363
4531	4526	4628
4658	4580	4728
4775	4715	4810
4966	5048	5016
