380.098573 248.028025 92.175044 255 0 0
382.937239 225.772050 97.768607 255 0 0
385.473607 203.671972 101.201579 255 0 0
387.707675 181.727791 102.473960 255 0 0
389.639445 159.939508 101.585750 255 0 0
391.268915 138.307123 98.536949 255 0 0
392.596086 116.830635 93.327557 255 0 0
393.620957 95.510045 85.957574 255 0 0
394.343530 74.345352 76.427000 0 255 0
375.655544 82.072325 87.435309 0 255 0
356.667844 89.953862 96.301511 0 255 0
337.380432 97.989962 103.025606 0 255 0
317.793307 106.180627 107.607594 0 255 0
297.906469 114.525855 110.047474 0 255 0
277.719918 123.025648 110.345248 0 255 0
257.233653 131.680004 108.500915 0 255 0
236.447676 140.488923 104.514474 0 255 0
