3.193481936657572646e+02 1.209808587842372845e+02 1.878993878794829584e+02
3.185532423839350713e+02 1.063234667734532763e+02 1.777704560427579850e+02
3.171915041885669098e+02 9.067652742356824547e+01 1.713772619245561941e+02
3.135437445574051480e+02 7.701023691398017945e+01 1.529103336278286065e+02
3.118891685953669821e+02 6.383794115413195414e+01 1.348766642298889451e+02
3.173477471441605644e+02 5.412673167675802688e+01 1.106713025420274903e+02
3.253662962756235402e+02 4.589906428822496309e+01 8.316346203443060858e+01
3.328274879652529989e+02 3.371242862347742175e+01 7.289970015897608846e+01
3.658884448343160898e+02 3.636122855724397596e+01 2.961116298769019295e+01
3.700841175974143198e+02 5.695590460263406385e+01 1.732566851327595714e+01
3.728628379148323120e+02 7.507671597779790318e+01 1.437952156055018804e+01
3.659684183005642240e+02 8.825289530412021577e+01 2.090754249210107218e+01
3.542280215060177966e+02 1.019261850594248244e+02 1.866431129024175561e+01
3.473336018917496517e+02 1.151023643857472507e+02 2.519233222179258291e+01
3.418561643995313375e+02 1.307524157373483149e+02 2.238101208241590712e+01
3.338187414864588050e+02 1.449189213225822641e+02 2.287216753739420483e+01
3.294843072930448784e+02 1.595786464152718054e+02 2.609771287459017231e+01
