27.468473 36.950295 12.500000 255 0 0
27.790258 36.727895 11.500000 255 0 0
28.178840 36.371902 10.500000 255 0 0
28.634220 35.882314 9.500000 255 0 0
29.156396 35.259133 8.500000 255 0 0
29.745369 34.502358 7.500000 255 0 0
30.401139 33.611989 6.500000 255 0 0
31.123706 32.588026 5.500000 255 0 0
31.913070 31.430469 4.500000 0 255 0
31.123706 30.272912 5.500000 0 255 0
30.401139 29.248949 6.500000 0 255 0
29.745369 28.358580 7.500000 0 255 0
29.156396 27.601805 8.500000 0 255 0
28.634220 26.978624 9.500000 0 255 0
28.178840 26.489036 10.500000 0 255 0
27.790258 26.133043 11.500000 0 255 0
27.468473 25.910643 12.500000 0 255 0
