1	2	6
2	44	6
44	10	6
10	23	6
23	16	6
16	1	6
16	8	1
8	4	1
4	3	1
4	7	3
7	27	3
27	17	3
27	30	17
30	54	17
30	69	54
69	112	54
112	89	54
89	66	54
89	91	66
91	100	66
100	88	66
88	85	66
88	104	85
104	129	85
129	131	85
131	82	85
82	36	85
82	28	36
82	79	28
79	56	28
79	86	56
86	62	56
62	46	56
46	45	56
45	44	56
44	2	56
45	32	44
32	10	44
32	22	10
22	12	10
12	18	10
18	23	10
18	68	23
68	58	23
58	21	23
21	16	23
21	8	16
21	34	8
34	47	8
47	37	8
37	4	8
37	33	4
33	7	4
33	50	7
50	27	7
50	67	27
67	48	27
48	30	27
48	65	30
65	84	30
84	69	30
84	127	69
127	112	69
65	80	84
65	48	80
48	67	80
67	168	80
67	114	168
67	50	114
50	33	114
33	37	114
37	63	114
37	47	63
34	57	47
34	41	57
41	90	57
41	61	90
41	39	61
39	53	61
53	102	61
53	60	102
60	73	102
73	96	102
73	92	96
92	111	96
92	75	111
75	103	111
103	140	111
103	95	140
95	98	140
98	108	140
108	135	140
135	182	140
182	193	140
182	208	193
208	226	193
226	240	193
240	210	193
240	243	210
240	306	243
306	301	243
240	267	306
240	226	267
226	268	267
226	182	268
182	196	268
196	271	268
196	262	271
262	311	271
196	237	262
196	176	237
176	217	237
176	201	217
201	222	217
201	234	222
201	202	234
201	188	202
188	183	202
183	219	202
183	174	219
174	221	219
174	239	221
174	169	239
169	205	239
205	213	239
213	250	239
250	328	239
250	291	328
291	326	328
326	353	328
353	361	328
361	337	328
361	342	337
353	395	361
395	468	361
395	498	468
353	369	395
369	397	395
397	401	395
369	364	397
364	403	397
364	336	403
336	358	403
358	383	403
383	414	403
383	492	414
383	445	492
445	551	492
551	536	492
551	651	536
651	654	536
654	590	536
551	643	651
643	664	651
664	688	651
664	639	688
639	753	688
753	763	688
639	644	753
639	619	644
619	658	644
658	714	644
714	743	644
658	751	714
751	752	714
752	775	714
775	827	714
752	765	775
752	811	765
752	751	811
751	733	811
733	784	811
733	640	784
640	768	784
768	848	784
848	926	784
768	682	848
682	732	848
732	776	848
776	902	848
733	595	640
595	533	640
595	519	533
519	391	533
391	457	533
457	450	533
519	393	391
595	585	519
585	510	519
595	733	585
733	751	585
619	587	658
619	551	587
551	537	587
551	445	537
619	643	551
619	639	643
639	664	643
383	407	445
383	358	407
358	339	407
358	336	339
336	269	339
269	253	339
269	250	253
250	213	253
213	209	253
213	205	209
205	169	209
169	149	209
169	136	149
169	123	136
169	147	123
147	137	123
137	110	123
110	105	123
105	107	123
105	126	107
105	119	126
119	235	126
105	72	119
72	99	119
72	51	99
51	55	99
55	31	99
55	24	31
55	49	24
49	38	24
49	70	38
70	71	38
71	52	38
52	35	38
35	9	38
35	26	9
26	11	9
11	13	9
13	5	9
13	14	5
14	15	5
15	19	5
19	40	5
40	74	5
40	93	74
93	115	74
93	251	115
93	242	251
93	128	242
93	109	128
109	81	128
81	153	128
81	94	153
81	15	94
15	22	94
22	32	94
32	83	94
83	132	94
83	164	132
164	225	132
83	64	164
64	152	164
64	62	152
62	86	152
86	134	152
134	179	152
134	158	179
158	177	179
177	215	179
177	189	215
189	261	215
261	287	215
261	323	287
261	277	323
277	289	323
277	223	289
223	233	289
233	258	289
233	224	258
233	190	224
190	198	224
198	197	224
197	245	224
197	172	245
172	173	245
173	230	245
230	249	245
230	238	249
238	246	249
246	294	249
294	355	249
294	359	355
359	366	355
366	387	355
387	378	355
387	413	378
413	375	378
387	488	413
387	470	488
387	431	470
431	531	470
431	430	531
430	561	531
561	571	531
571	575	531
571	607	575
607	748	575
748	703	575
703	535	575
703	596	535
607	720	748
720	790	748
790	805	748
790	918	805
607	583	720
583	681	720
681	715	720
715	772	720
715	799	772
715	814	799
715	681	814
681	687	814
687	747	814
687	722	747
722	735	747
607	571	583
571	561	583
561	572	583
572	567	583
572	528	567
572	480	528
480	505	528
505	538	528
572	561	480
561	430	480
431	402	430
431	359	402
431	366	359
431	387	366
294	304	359
304	321	359
304	290	321
304	294	290
294	246	290
246	241	290
241	313	290
246	232	241
246	218	232
218	186	232
186	178	232
186	154	178
154	145	178
145	175	178
175	191	178
175	220	191
175	142	220
142	146	220
142	106	146
106	124	146
124	148	146
148	206	146
148	195	206
106	112	124
106	89	112
106	142	89
175	143	142
175	145	143
154	116	145
154	161	116
161	139	116
139	118	116
118	100	116
100	91	116
118	113	100
113	88	100
113	104	88
113	129	104
113	187	129
187	150	129
150	131	129
150	158	131
158	134	131
134	86	131
86	82	131
86	79	82
150	177	158
150	189	177
150	187	189
113	192	187
192	204	187
192	223	204
223	277	204
192	184	223
184	212	223
212	233	223
212	190	233
212	184	190
184	162	190
162	165	190
165	198	190
165	161	198
161	197	198
161	172	197
161	154	172
154	173	172
154	186	173
186	230	173
186	218	230
218	238	230
218	246	238
165	139	161
165	162	139
162	118	139
162	113	118
162	192	113
162	184	192
64	46	62
64	83	46
83	45	46
83	32	45
15	12	22
15	14	12
14	20	12
20	25	12
25	29	12
29	18	12
29	68	18
29	25	68
25	75	68
75	76	68
76	58	68
76	73	58
73	60	58
60	39	58
39	34	58
34	21	58
39	41	34
60	53	39
76	92	73
76	75	92
25	42	75
42	77	75
77	103	75
77	95	103
77	98	95
77	78	98
78	108	98
78	71	108
71	122	108
122	135	108
122	133	135
133	196	135
196	182	135
133	176	196
133	120	176
120	141	176
141	201	176
141	159	201
159	188	201
159	155	188
155	183	188
155	174	183
155	147	174
147	169	174
155	137	147
155	159	137
159	141	137
141	117	137
117	110	137
117	97	110
97	101	110
101	105	110
101	55	105
55	72	105
55	51	72
101	49	55
101	70	49
101	97	70
97	120	70
120	122	70
122	71	70
120	133	122
97	117	120
117	141	120
78	52	71
78	59	52
59	35	52
59	26	35
59	42	26
42	20	26
20	14	26
14	11	26
14	13	11
42	25	20
59	77	42
59	78	77
81	19	15
81	109	19
109	40	19
109	93	40
269	291	250
269	336	291
336	326	291
336	364	326
364	353	326
364	369	353
226	208	182
130	170	211
138	231	157
231	180	157
180	171	157
171	160	157
180	236	171
180	275	236
275	263	236
275	314	263
275	322	314
275	260	322
260	319	322
319	390	322
319	404	390
260	231	319
231	211	319
260	180	231
260	275	180
163	199	167
166	288	259
166	296	288
166	167	296
227	299	228
299	302	228
302	264	228
244	284	256
284	295	256
295	286	256
295	325	286
295	308	325
308	341	325
308	284	341
284	300	341
308	295	284
255	298	350
255	235	298
350	257	255
265	331	270
331	292	270
292	220	270
292	279	220
292	320	279
320	283	279
320	400	283
400	313	283
400	376	313
400	439	376
439	467	376
467	441	376
467	515	441
515	452	441
452	440	441
440	396	441
440	425	396
425	389	396
440	502	425
440	452	502
452	515	502
467	512	515
467	439	512
320	386	400
276	356	409
276	251	356
356	405	409
405	451	409
451	412	409
405	477	451
477	589	451
405	427	477
405	356	427
297	332	348
348	315	297
348	343	315
348	436	343
436	508	343
348	365	436
365	382	436
382	469	436
469	525	436
365	332	382
365	348	332
307	392	349
392	371	349
371	324	349
371	411	324
411	338	324
411	398	338
411	471	398
471	426	398
471	491	426
471	544	491
544	605	491
605	573	491
573	511	491
544	568	605
544	532	568
544	471	532
471	461	532
471	411	461
411	443	461
411	371	443
309	380	329
309	335	380
335	424	380
424	447	380
424	449	447
449	542	447
449	509	542
449	456	509
456	466	509
466	608	509
466	474	608
466	347	474
456	424	466
424	330	466
424	335	330
456	449	424
310	384	333
312	363	368
327	453	354
453	499	354
499	388	354
499	514	388
499	546	514
499	527	546
499	453	527
453	494	527
453	489	494
489	628	494
453	420	489
453	377	420
453	327	377
344	455	381
455	374	381
351	476	481
476	490	481
351	432	476
373	444	520
373	323	444
444	557	520
444	446	557
444	433	446
433	481	446
399	513	478
478	363	399
513	588	478
417	501	534
428	479	463
479	540	463
479	500	540
500	574	540
574	580	540
479	428	500
428	429	500
438	486	442
486	482	442
438	483	486
454	539	485
454	564	539
564	616	539
460	529	562
562	465	460
562	497	465
497	475	465
562	610	497
496	541	503
541	517	503
504	563	577
521	549	612
549	614	612
614	695	612
695	649	612
695	730	649
695	769	730
769	907	730
907	853	730
853	740	730
853	803	740
803	655	740
853	874	803
522	560	633
523	597	578
578	526	523
523	548	597
548	598	597
548	570	598
570	629	598
629	673	598
629	697	673
697	767	673
697	766	767
523	498	548
498	553	548
498	545	553
545	565	553
530	632	606
632	699	606
699	690	606
632	686	699
686	781	699
686	749	781
749	824	781
824	831	781
824	894	831
894	903	831
894	982	903
894	961	982
686	712	749
686	632	712
552	554	609
554	729	609
729	666	609
666	613	609
666	708	613
666	798	708
798	851	708
851	783	708
783	668	708
798	872	851
798	912	872
666	806	798
666	729	806
729	800	806
729	737	800
737	849	800
849	929	800
737	792	849
792	834	849
834	975	849
834	969	975
834	838	969
838	895	969
838	793	895
556	584	685
559	611	601
559	573	611
573	656	611
656	702	611
702	601	611
656	742	702
581	586	696
696	669	581
669	646	581
669	746	646
746	701	646
701	661	646
746	773	701
669	707	746
669	696	707
591	719	659
659	638	591
659	710	638
659	842	710
659	719	842
719	887	842
591	672	719
594	642	631
600	692	620
692	738	620
692	745	738
745	822	738
822	844	738
822	913	844
913	846	844
846	770	844
846	832	770
846	920	832
603	648	674
603	577	648
577	717	648
717	728	648
728	741	648
741	762	648
762	698	648
698	674	648
698	782	674
782	650	674
728	744	741
728	717	744
717	718	744
718	760	744
760	940	744
718	652	760
652	785	760
785	864	760
785	820	864
820	836	864
836	850	864
850	876	864
876	992	864
992	1063	864
1063	1062	864
1062	1008	864
1062	1224	1008
1224	1220	1008
1220	1023	1008
1023	940	1008
1220	1172	1023
1172	1123	1023
1172	1235	1123
1235	1263	1123
1172	1181	1235
1181	1220	1235
1181	1172	1220
1224	1254	1220
1224	1262	1254
1262	1442	1254
1442	1473	1254
1442	1568	1473
1568	1615	1473
1615	1460	1473
992	1061	1063
992	1078	1061
1078	1170	1061
1170	1274	1061
1170	1330	1274
1330	1403	1274
1403	1472	1274
1472	1404	1274
1472	1539	1404
1170	1190	1330
1190	1261	1330
1190	1093	1261
1093	1193	1261
1170	1168	1190
992	1009	1078
992	910	1009
992	876	910
850	691	876
850	693	691
693	679	691
679	625	691
625	677	691
850	836	693
836	797	693
836	820	797
820	785	797
717	577	718
603	506	577
618	739	711
711	614	618
623	756	641
634	723	724
723	759	724
759	817	724
817	725	724
817	829	725
829	808	725
829	862	808
636	731	675
645	726	734
726	755	734
660	662	709
660	553	662
709	774	660
774	697	660
709	860	774
709	835	860
663	706	689
704	780	825
704	654	780
780	868	825
868	950	825
950	880	825
721	787	758
787	959	758
727	852	778
750	837	821
750	879	837
879	968	837
968	821	837
968	955	821
879	896	968
896	1042	968
1042	1167	968
896	878	1042
878	859	1042
859	1021	1042
754	801	875
801	947	875
764	935	871
786	810	854
791	830	919
830	981	919
981	1019	919
1019	973	919
973	899	919
973	1020	899
1020	1022	899
804	809	865
809	843	865
843	930	865
865	931	804
816	845	909
845	869	909
819	884	908
819	811	884
884	948	908
948	1052	908
1052	953	908
948	1173	1052
1173	1175	1052
1175	1144	1052
1175	1230	1144
1175	1173	1230
1173	1242	1230
1242	1346	1230
1242	1380	1346
1380	1524	1346
884	925	948
925	1033	948
925	949	1033
949	974	1033
974	1126	1033
974	1115	1126
974	1031	1115
1031	1195	1115
1031	1066	1195
1066	1058	1195
1058	1277	1195
1058	1073	1277
1073	1227	1277
1227	1415	1277
1415	1325	1277
1415	1402	1325
1073	1079	1227
1079	1138	1227
1138	1148	1227
1148	1192	1227
1148	1171	1192
1171	1221	1192
1221	1197	1192
1197	1169	1192
1169	1139	1192
1197	1188	1169
1197	1231	1188
1197	1221	1231
1221	1260	1231
1260	1311	1231
1311	1265	1231
1265	1264	1231
1311	1352	1265
1311	1317	1352
1311	1350	1317
1350	1374	1317
1350	1398	1374
1398	1428	1374
1398	1399	1428
1398	1365	1399
1365	1361	1399
1361	1358	1399
1358	1342	1399
1361	1276	1358
1276	1248	1358
1276	1206	1248
1206	1127	1248
1127	1158	1248
1127	1105	1158
1127	984	1105
1127	1206	984
1206	1129	984
1129	962	984
962	936	984
936	929	984
1129	957	962
1129	1137	957
1129	1211	1137
1211	1205	1137
1205	1157	1137
1157	1111	1137
1157	1166	1111
1166	1100	1111
1100	991	1111
1166	1171	1100
1171	1098	1100
1171	1138	1098
1138	1068	1098
1068	1054	1098
1054	1051	1098
1051	1032	1098
1051	1054	1032
1054	995	1032
995	967	1032
967	902	1032
995	965	967
965	943	967
965	927	943
927	926	943
927	884	926
927	925	884
927	949	925
927	965	949
965	974	949
965	985	974
985	1031	974
985	1064	1031
1064	1066	1031
1064	1068	1066
1068	1138	1066
1138	1074	1066
1074	1058	1066
1074	1073	1058
1074	1079	1073
1074	1138	1079
1064	995	1068
995	1054	1068
1064	985	995
985	965	995
1171	1148	1138
1166	1202	1171
1202	1221	1171
1202	1205	1221
1205	1260	1221
1205	1211	1260
1211	1282	1260
1282	1350	1260
1350	1311	1260
1282	1361	1350
1361	1365	1350
1365	1398	1350
1282	1276	1361
1282	1272	1276
1272	1206	1276
1272	1282	1206
1282	1211	1206
1211	1129	1206
1202	1166	1205
1166	1157	1205
828	873	847
828	841	873
856	916	1007
916	1017	1007
1017	1163	1007
1163	1046	1007
1163	1075	1046
1075	1038	1046
1075	1133	1038
1133	1146	1038
1146	1028	1038
1028	990	1038
1133	1295	1146
1295	1266	1146
1266	1060	1146
1266	1223	1060
1295	1419	1266
1295	1334	1419
1334	1394	1419
1394	1482	1419
1394	1508	1482
1508	1598	1482
1598	1531	1482
1598	1705	1531
1705	1656	1531
1705	1723	1656
1723	1775	1656
1723	1736	1775
1723	1705	1736
1705	1598	1736
1598	1693	1736
1693	1813	1736
1693	1731	1813
1334	1333	1394
1333	1353	1394
1334	1295	1333
1295	1163	1333
1295	1133	1163
1133	1075	1163
857	1000	898
1000	1059	898
866	1037	1030
1037	1102	1030
867	1029	999
882	922	905
922	1076	905
1076	1003	905
1076	1120	1003
1120	1201	1003
1120	1213	1201
1213	1299	1201
1120	1246	1213
1120	1253	1246
1253	1296	1246
1296	1320	1246
1296	1326	1320
1296	1253	1326
1253	1313	1326
1313	1378	1326
1313	1308	1378
1308	1305	1378
1305	1392	1378
1308	1229	1305
1308	1132	1229
1132	1185	1229
1132	1012	1185
1012	1136	1185
1012	1165	1136
1132	1110	1012
1132	1143	1110
1143	1087	1110
1143	1085	1087
1085	922	1087
1085	1076	922
1085	1120	1076
1085	1143	1120
1143	1253	1120
1143	1308	1253
1308	1313	1253
1143	1132	1308
883	938	941
883	977	938
977	1044	938
1044	941	938
977	1091	1044
977	1080	1091
890	972	979
890	987	972
987	1072	972
1072	979	972
1072	978	979
1072	1082	978
1082	1083	978
911	1014	1056
914	1006	924
914	993	1006
993	1095	1006
928	1010	1084
1010	1117	1084
932	989	976
932	940	989
933	1024	954
933	1035	1024
1035	1090	1024
951	1043	1053
1043	1109	1053
1109	1071	1053
1053	1015	951
1015	935	951
956	1018	1113
1018	1067	1113
1018	1065	1067
1065	1116	1067
1065	1086	1116
1086	1279	1116
1086	1114	1279
1086	924	1114
994	1140	1162
1140	1232	1162
1140	1179	1232
1179	1244	1232
1244	1411	1232
1244	1443	1411
1443	1489	1411
1244	1341	1443
1244	1298	1341
1244	1179	1298
1179	1268	1298
1179	1200	1268
1200	1243	1268
1243	1257	1268
1243	1236	1257
1236	1112	1257
1112	1255	1257
1255	1284	1257
1255	1256	1284
1255	1214	1256
1214	1390	1256
1390	1477	1256
1390	1538	1477
1390	1476	1538
1390	1368	1476
1390	1233	1368
1233	1167	1368
1233	1141	1167
1233	1125	1141
1125	955	1141
1233	1214	1125
1214	1088	1125
1214	1112	1088
1214	1255	1112
1233	1390	1214
1236	1200	1112
1236	1243	1200
1005	1077	1047
1077	1156	1047
1016	1218	1108
1016	1217	1218
1217	1478	1218
1478	1481	1218
1217	1329	1478
1217	1135	1329
1034	1057	1194
1194	1219	1034
1057	1247	1194
1057	1293	1247
1057	1106	1293
1106	1147	1293
1040	1151	1121
1151	1203	1121
1096	1187	1145
1145	1176	1096
1145	1234	1176
1234	1241	1176
1234	1319	1241
1145	1187	1234
1187	1345	1234
1118	1251	1273
1273	1152	1118
1273	1240	1152
1240	1151	1152
1240	1307	1151
1240	1395	1307
1395	1421	1307
1395	1430	1421
1430	1457	1421
1457	1464	1421
1457	1522	1464
1522	1514	1464
1522	1560	1514
1560	1566	1514
1566	1587	1514
1587	1516	1514
1566	1595	1587
1595	1671	1587
1595	1683	1671
1683	1710	1671
1683	1730	1710
1730	1795	1710
1730	1865	1795
1730	1757	1865
1730	1724	1757
1724	1764	1757
1764	1798	1757
1764	1788	1798
1724	1692	1764
1692	1648	1764
1648	1612	1764
1648	1527	1612
1527	1548	1612
1648	1621	1527
1621	1559	1527
1559	1457	1527
1559	1522	1457
1559	1560	1522
1559	1621	1560
1621	1595	1560
1595	1566	1560
1621	1683	1595
1621	1730	1683
1621	1692	1730
1692	1724	1730
1621	1648	1692
1124	1199	1149
1199	1285	1149
1285	1204	1149
1204	1180	1149
1180	1150	1149
1204	1270	1180
1270	1186	1180
1270	1304	1186
1204	1356	1270
1204	1285	1356
1199	1288	1285
1199	1363	1288
1199	1183	1363
1183	1379	1363
1379	1510	1363
1183	1301	1379
1301	1362	1379
1301	1323	1362
1323	1451	1362
1323	1465	1451
1465	1532	1451
1532	1567	1451
1465	1525	1532
1525	1606	1532
1323	1372	1465
1323	1267	1372
1323	1134	1267
1134	1090	1267
1323	1159	1134
1323	1301	1159
1130	1191	1207
1130	1144	1191
1155	1238	1387
1387	1370	1155
1164	1315	1287
1315	1413	1287
1413	1504	1287
1184	1278	1237
1278	1281	1237
1281	1364	1237
1281	1367	1364
1367	1513	1364
1513	1407	1364
1513	1462	1407
1513	1581	1462
1513	1669	1581
1669	1620	1581
1620	1533	1581
1620	1588	1533
1620	1698	1588
1367	1444	1513
1444	1556	1513
1556	1584	1513
1556	1578	1584
1578	1640	1584
1556	1534	1578
1556	1444	1534
1367	1336	1444
1367	1281	1336
1281	1278	1336
1278	1290	1336
1278	1216	1290
1216	1384	1290
1216	1208	1384
1208	1312	1384
1278	1184	1216
1198	1303	1309
1210	1259	1297
1259	1250	1297
1250	1475	1297
1475	1440	1297
1475	1562	1440
1562	1695	1440
1475	1551	1562
1551	1690	1562
1475	1406	1551
1475	1250	1406
1212	1258	1335
1239	1280	1338
1245	1343	1283
1343	1347	1283
1347	1324	1283
1347	1405	1324
1347	1432	1405
1347	1343	1432
1302	1488	1436
1436	1366	1302
1436	1459	1366
1459	1327	1366
1459	1386	1327
1459	1499	1386
1499	1446	1386
1499	1544	1446
1544	1418	1446
1544	1528	1418
1499	1549	1544
1499	1459	1549
1310	1340	1466
1318	1393	1371
1331	1426	1435
1426	1450	1435
1332	1427	1540
1339	1425	1429
1425	1501	1429
1348	1357	1605
1351	1397	1360
1397	1434	1360
1359	1555	1439
1555	1639	1439
1639	1410	1439
1410	1279	1439
1555	1746	1639
1555	1713	1746
1713	1768	1746
1713	1695	1768
1695	1782	1768
1359	1440	1555
1373	1463	1416
1463	1541	1416
1541	1426	1416
1377	1485	1494
1485	1557	1494
1381	1414	1498
1414	1454	1498
1498	1456	1381
1456	1345	1381
1498	1552	1456
1498	1599	1552
1599	1629	1552
1629	1646	1552
1599	1742	1629
1742	1765	1629
1498	1604	1599
1383	1449	1423
1383	1445	1449
1396	1558	1420
1400	1453	1529
1409	1431	1452
1417	1437	1448
1437	1628	1448
1437	1469	1628
1469	1623	1628
1623	1647	1628
1647	1696	1628
1469	1511	1623
1511	1644	1623
1644	1729	1623
1644	1718	1729
1469	1470	1511
1470	1519	1511
1470	1502	1519
1441	1543	1582
1441	1402	1543
1402	1536	1543
1536	1582	1543
1536	1591	1582
1591	1688	1582
1688	1685	1582
1688	1791	1685
1688	1777	1791
1777	1927	1791
1777	1799	1927
1799	1981	1927
1981	1998	1927
1777	1688	1799
1688	1760	1799
1688	1591	1760
1591	1738	1760
1591	1703	1738
1441	1354	1402
1582	1553	1441
1455	1547	1467
1455	1594	1547
1594	1699	1547
1699	1716	1547
1716	1721	1547
1721	1727	1547
1721	1716	1727
1716	1833	1727
1833	1809	1727
1833	1843	1809
1716	1878	1833
1878	1964	1833
1716	1699	1878
1699	1750	1878
1750	1942	1878
1750	1778	1942
1778	1980	1942
1778	1951	1980
1951	2009	1980
1951	1937	2009
1937	2046	2009
2046	2120	2009
1699	1594	1750
1594	1649	1750
1471	1474	1515
1515	1565	1471
1515	1602	1565
1602	1630	1565
1602	1663	1630
1663	1701	1630
1663	1702	1701
1702	1720	1701
1720	1744	1701
1720	1753	1744
1753	1819	1744
1753	1815	1819
1815	1886	1819
1753	1769	1815
1753	1702	1769
1702	1684	1769
1684	1709	1769
1684	1725	1709
1725	1871	1709
1684	1631	1725
1631	1682	1725
1631	1580	1682
1580	1537	1682
1537	1626	1682
1626	1739	1682
1626	1654	1739
1626	1567	1654
1626	1510	1567
1626	1537	1510
1702	1574	1684
1702	1663	1574
1663	1602	1574
1602	1515	1574
1515	1474	1574
1753	1720	1702
1493	1661	1564
1500	1545	1506
1545	1607	1506
1523	1550	1611
1611	1526	1523
1535	1561	1610
1561	1619	1610
1561	1542	1619
1542	1636	1619
1542	1600	1636
1600	1811	1636
1811	1792	1636
1811	1824	1792
1824	1874	1792
1811	1875	1824
1811	1780	1875
1811	1600	1780
1600	1590	1780
1590	1586	1780
1546	1622	1583
1563	1677	1776
1677	1762	1776
1677	1756	1762
1571	1603	1573
1571	1680	1603
1680	1766	1603
1575	1728	1577
1585	1608	1670
1585	1601	1608
1670	1557	1585
1670	1679	1557
1589	1655	1668
1592	1689	1616
1689	1650	1616
1596	1633	1704
1633	1752	1704
1633	1812	1752
1812	1829	1752
1812	1913	1829
1812	1907	1913
1907	2070	1913
1597	1638	1618
1597	1706	1638
1706	1733	1638
1733	1618	1638
1706	1821	1733
1821	1822	1733
1822	1794	1733
1706	1818	1821
1818	1933	1821
1818	1968	1933
1968	1982	1933
1968	2115	1982
1968	2135	2115
2135	2171	2115
2135	2186	2171
1968	2042	2135
2042	2069	2135
2042	1968	2069
1968	1840	2069
1968	1818	1840
1818	1735	1840
1627	1678	1662
1678	1754	1662
1754	1659	1662
1754	1745	1659
1745	1756	1659
1745	1848	1756
1632	1642	1715
1632	1524	1642
1524	1634	1642
1634	1708	1642
1635	1672	1749
1635	1605	1672
1637	1697	1667
1697	1641	1667
1697	1740	1641
1740	1664	1641
1740	1785	1664
1697	1825	1740
1645	1711	1851
1711	1852	1851
1852	1867	1851
1867	1863	1851
1863	1832	1851
1832	1810	1851
1810	1645	1851
1810	1747	1645
1810	1823	1747
1810	1869	1823
1869	1908	1823
1869	1863	1908
1869	1832	1863
1869	1810	1832
1852	2043	1867
1711	1803	1852
1657	1771	1674
1771	1676	1674
1771	1790	1676
1657	1786	1771
1675	1767	1726
1767	1828	1726
1767	1857	1828
1857	1849	1828
1675	1804	1767
1712	1732	1797
1797	1801	1712
1797	1839	1801
1839	1870	1801
1870	1838	1801
1870	1887	1838
1839	1883	1870
1839	1925	1883
1839	1797	1925
1743	1872	1772
1748	1758	1939
1748	1615	1758
1758	1898	1939
1898	2025	1939
2025	2041	1939
2025	2054	2041
1898	1983	2025
1763	1885	1876
1876	1708	1763
1774	1793	1890
1793	1794	1890
1779	1846	1834
1787	1807	1845
1787	1774	1807
1789	1827	1902
1827	1919	1902
1919	1997	1902
1997	1973	1902
1997	2074	1973
2074	2033	1973
1997	2113	2074
1997	2010	2113
2010	2072	2113
2072	2147	2113
2147	2217	2113
2010	2021	2072
2010	1963	2021
2010	1919	1963
2010	1997	1919
1796	1868	1918
1918	1831	1796
1808	1928	1960
1928	2104	1960
1816	1881	1990
1881	1975	1990
1844	1880	2006
1847	1931	1947
1847	1887	1931
1947	1929	1847
1929	1879	1847
1929	1971	1879
1971	1950	1879
1971	2005	1950
1929	1994	1971
1929	1947	1994
1853	1943	1941
1941	1921	1853
1921	1872	1853
1921	1914	1872
1921	2018	1914
2018	1954	1914
2018	1961	1954
1961	1882	1954
1961	1928	1882
2018	2112	1961
2018	2126	2112
2018	1972	2126
1972	2143	2126
1972	1941	2143
1972	1921	1941
1972	2018	1921
1854	1861	1873
1854	1776	1861
1858	1892	1864
1864	1739	1858
1866	1891	1910
1910	1937	1866
1937	1737	1866
1884	1977	1949
1977	2083	1949
2083	2049	1949
2049	1956	1949
2049	2139	1956
2139	1948	1956
1948	1865	1956
2139	2100	1948
1894	1901	1940
1940	1904	1894
1904	1896	1894
1904	2031	1896
1904	1940	2031
1901	2012	1940
1894	1775	1901
1906	2026	2019
1911	1915	2089
1917	1953	1922
1920	1962	1978
1978	2076	1920
1978	2030	2076
1978	1962	2030
1920	1786	1962
1944	2036	2075
2036	2134	2075
2036	2059	2134
2036	1995	2059
1995	1992	2059
2075	2087	1944
1952	2078	1987
2078	2177	1987
1952	2028	2078
1958	1996	2082
1996	2050	2082
1967	2114	2007
1967	2136	2114
1967	2068	2136
1967	1890	2068
1976	2013	1991
1991	1875	1976
1991	2034	1875
2034	2037	1875
2034	2131	2037
2131	2093	2037
2093	2107	2037
2093	2127	2107
2093	2131	2127
2131	2260	2127
2260	2245	2127
2034	2160	2131
2034	2066	2160
2066	2199	2160
2066	2102	2199
2102	2258	2199
2066	2013	2102
2013	2073	2102
2066	1991	2013
2066	2034	1991
1985	2003	2016
2000	2103	2001
2001	1834	2000
2001	1945	1834
1945	1835	1834
2103	2133	2001
2103	2297	2133
2297	2255	2133
2297	2393	2255
2393	2278	2255
2002	2023	2027
2023	2098	2027
2023	2151	2098
2023	2118	2151
2118	2210	2151
2210	2250	2151
2210	2241	2250
2241	2279	2250
2279	2325	2250
2210	2200	2241
2200	2354	2241
2210	2118	2200
2118	2161	2200
2011	2110	2051
2110	2172	2051
2172	2214	2051
2172	2251	2214
2172	2271	2251
2172	2110	2271
2014	2057	2058
2015	2101	2108
2015	2031	2101
2101	2150	2108
2020	2081	2097
2022	2124	2121
2121	2167	2022
2121	2169	2167
2169	2310	2167
2121	2124	2169
2022	2085	2124
2024	2063	2219
2063	2188	2219
2032	2080	2061
2080	2122	2061
2122	2091	2061
2122	2182	2091
2122	2206	2182
2206	2248	2182
2248	2256	2182
2248	2387	2256
2387	2416	2256
2416	2383	2256
2383	2239	2256
2383	2308	2239
2416	2449	2383
2416	2588	2449
2416	2387	2588
2387	2573	2588
2573	2682	2588
2573	2643	2682
2643	2791	2682
2643	2780	2791
2780	2879	2791
2387	2395	2573
2387	2382	2395
2382	2222	2395
2382	2206	2222
2206	2122	2222
2122	2164	2222
2164	2207	2222
2122	2080	2164
2382	2248	2206
2382	2387	2248
2048	2060	2168
2060	2145	2168
2060	2092	2145
2092	2213	2145
2052	2129	2056
2056	2012	2052
2129	2243	2056
2055	2157	2088
2088	2085	2055
2084	2220	2276
2084	2058	2220
2220	2319	2276
2220	2320	2319
2320	2358	2319
2320	2366	2358
2320	2300	2366
2320	2220	2300
2276	2294	2084
2095	2228	2173
2099	2274	2119
2274	2149	2119
2274	2295	2149
2295	2261	2149
2261	2175	2149
2261	2216	2175
2261	2305	2216
2261	2287	2305
2261	2295	2287
2117	2153	2252
2125	2203	2205
2125	2041	2203
2203	2304	2205
2304	2321	2205
2304	2392	2321
2392	2337	2321
2392	2483	2337
2483	2410	2337
2483	2500	2410
2500	2542	2410
2542	2561	2410
2542	2593	2561
2593	2572	2561
2500	2673	2542
2673	2731	2542
2500	2483	2673
2483	2502	2673
2138	2230	2234
2230	2318	2234
2318	2353	2234
2353	2286	2234
2318	2440	2353
2440	2524	2353
2524	2512	2353
2524	2669	2512
2669	2583	2512
2524	2533	2669
2533	2717	2669
2524	2477	2533
2524	2440	2477
2142	2190	2237
2190	2316	2237
2144	2181	2218
2146	2187	2312
2146	2115	2187
2187	2330	2312
2330	2390	2312
2390	2434	2312
2390	2629	2434
2629	2535	2434
2629	2672	2535
2672	2680	2535
2629	2658	2672
2629	2547	2658
2547	2701	2658
2155	2224	2174
2224	2259	2174
2259	2209	2174
2162	2212	2323
2212	2242	2323
2242	2443	2323
2443	2414	2323
2242	2454	2443
2242	2240	2454
2242	2212	2240
2323	2143	2162
2163	2332	2166
2166	2104	2163
2332	2380	2166
2380	2385	2166
2332	2367	2380
2367	2528	2380
2170	2285	2232
2176	2296	2202
2176	2215	2296
2184	2191	2231
2196	2324	2339
2324	2450	2339
2450	2348	2339
2450	2417	2348
2324	2543	2450
2543	2649	2450
2649	2636	2450
2543	2619	2649
2619	2798	2649
2798	2752	2649
2798	2883	2752
2798	2903	2883
2798	2840	2903
2798	2781	2840
2798	2619	2781
2197	2293	2343
2293	2466	2343
2221	2272	2301
2272	2335	2301
2335	2391	2301
2391	2407	2301
2225	2244	2314
2229	2341	2435
2341	2408	2435
2408	2491	2435
2491	2436	2435
2491	2520	2436
2520	2456	2436
2520	2474	2456
2474	2475	2456
2474	2520	2475
2520	2545	2475
2545	2411	2475
2411	2340	2475
2411	2240	2340
2240	2219	2340
2545	2589	2411
2589	2506	2411
2506	2454	2411
2589	2639	2506
2589	2758	2639
2589	2545	2758
2545	2766	2758
2491	2564	2520
2491	2565	2564
2491	2584	2565
2491	2408	2584
2408	2421	2584
2408	2341	2421
2341	2253	2421
2249	2262	2346
2266	2388	2375
2388	2389	2375
2389	2228	2375
2388	2551	2389
2273	2429	2379
2280	2309	2355
2309	2377	2355
2377	2428	2355
2428	2505	2355
2505	2412	2355
2377	2446	2428
2377	2309	2446
2309	2327	2446
2327	2349	2446
2349	2563	2446
2563	2624	2446
2563	2700	2624
2283	2462	2290
2288	2338	2298
2298	2207	2288
2298	2338	2207
2288	2334	2338
2334	2405	2338
2334	2302	2405
2302	2495	2405
2495	2514	2405
2514	2622	2405
2514	2579	2622
2514	2495	2579
2495	2546	2579
2546	2591	2579
2546	2482	2591
2546	2495	2482
2334	2288	2302
2292	2344	2311
2292	2352	2344
2326	2508	2336
2336	2186	2326
2186	2308	2326
2508	2547	2336
2328	2487	2539
2331	2409	2422
2409	2442	2422
2409	2460	2442
2422	2252	2331
2345	2359	2499
2359	2478	2499
2350	2370	2488
2370	2419	2488
2361	2531	2521
2531	2594	2521
2594	2600	2521
2600	2516	2521
2594	2620	2600
2620	2763	2600
2594	2590	2620
2590	2540	2620
2590	2523	2540
2590	2531	2523
2531	2361	2523
2590	2594	2531
2362	2452	2451
2452	2554	2451
2452	2532	2554
2451	2310	2362
2451	2363	2310
2364	2526	2470
2526	2538	2470
2378	2468	2396
2398	2399	2525
2399	2560	2525
2560	2650	2525
2650	2641	2525
2641	2455	2525
2455	2398	2525
2650	2718	2641
2718	2786	2641
2399	2530	2560
2403	2485	2476
2476	2466	2403
2476	2570	2466
2570	2556	2466
2556	2578	2466
2556	2750	2578
2750	2738	2578
2750	2773	2738
2570	2597	2556
2570	2599	2597
2570	2476	2599
2476	2485	2599
2485	2572	2599
2413	2513	2471
2418	2527	2515
2420	2489	2484
2484	2642	2420
2420	2488	2489
2423	2461	2463
2423	2574	2461
2574	2586	2461
2586	2463	2461
2574	2696	2586
2463	2285	2423
2437	2595	2674
2444	2566	2537
2444	2609	2566
2609	2511	2566
2511	2537	2566
2511	2510	2537
2510	2444	2537
2511	2486	2510
2486	2460	2510
2445	2536	2612
2536	2596	2612
2596	2759	2612
2759	2606	2612
2606	2445	2612
2453	2473	2493
2493	2660	2453
2660	2544	2453
2660	2675	2544
2660	2767	2675
2767	2714	2675
2660	2723	2767
2723	2808	2767
2457	2549	2503
2459	2603	2614
2603	2647	2614
2614	2555	2459
2464	2646	2605
2605	2557	2464
2605	2775	2557
2605	2656	2775
2656	2735	2775
2735	2914	2775
2914	2837	2775
2914	3022	2837
3022	2881	2837
3022	3066	2881
3066	2925	2881
2925	2915	2881
2925	2964	2915
2964	2988	2915
2925	3086	2964
2925	3092	3086
3092	3214	3086
3092	3109	3214
3109	3302	3214
3302	3242	3214
3242	3218	3214
3242	3253	3218
3092	3066	3109
3066	3208	3109
3092	2925	3066
2735	2880	2914
2880	2939	2914
2880	2998	2939
2880	3046	2998
2880	2961	3046
2961	3060	3046
3060	3238	3046
3060	3226	3238
3226	3299	3238
2961	3015	3060
2961	2933	3015
2933	2820	3015
2933	2822	2820
2735	2740	2880
2740	2770	2880
2735	2646	2740
2735	2656	2646
2656	2605	2646
2467	2575	2552
2575	2751	2552
2575	2690	2751
2575	2636	2690
2472	2638	2628
2638	2668	2628
2668	2720	2628
2720	2742	2628
2720	2833	2742
2833	2810	2742
2720	2811	2833
2811	2953	2833
2953	2997	2833
2997	2922	2833
2953	3027	2997
3027	3090	2997
2811	2896	2953
2811	2779	2896
2779	2714	2896
2496	2558	2625
2625	2534	2496
2625	2602	2534
2497	2541	2548
2548	2526	2497
2501	2608	2692
2550	2648	2693
2550	2499	2648
2553	2683	2569
2568	2652	2613
2568	2678	2652
2581	2653	2709
2709	2595	2581
2709	2774	2595
2585	2611	2637
2598	2677	2651
2677	2821	2651
2821	2842	2651
2821	2849	2842
2821	2894	2849
2601	2664	2670
2601	2505	2664
2617	2768	2762
2768	2787	2762
2787	2765	2762
2765	2717	2762
2717	2617	2762
2787	2870	2765
2787	2851	2870
2851	3035	2870
2851	2884	3035
2851	2768	2884
2851	2787	2768
2618	2702	2685
2623	2659	2686
2623	2515	2659
2515	2661	2659
2661	2818	2659
2818	2686	2659
2818	2707	2686
2707	2591	2686
2818	2854	2707
2854	2887	2707
2887	2843	2707
2887	2936	2843
2936	2968	2843
2968	2978	2843
2968	3159	2978
2968	3133	3159
2968	3085	3133
2968	2936	3085
2818	2919	2854
2661	2842	2818
2626	2667	2663
2627	2635	2754
2635	2744	2754
2630	2715	2691
2630	2538	2715
2630	2481	2538
2631	2760	2705
2632	2645	2732
2634	2745	2736
2655	2741	2688
2741	2724	2688
2681	2721	2848
2721	2890	2848
2848	2756	2681
2695	2809	2841
2699	2794	2776
2794	2888	2776
2703	2871	2801
2871	2889	2801
2889	2804	2801
2871	2913	2889
2703	2737	2871
2737	2868	2871
2737	2733	2868
2734	2824	2856
2856	2802	2734
2743	2866	2830
2746	2806	2826
2806	2786	2826
2769	2838	2812
2812	2732	2769
2769	2969	2838
2771	2930	2864
2930	2979	2864
2930	2972	2979
2972	3072	2979
3072	3137	2979
3137	3123	2979
3137	3171	3123
3171	3152	3123
3152	3074	3123
2930	2942	2972
2930	2771	2942
2771	2923	2942
2923	3010	2942
2923	2900	3010
2923	2872	2900
2923	2771	2872
2772	2877	2823
2777	2815	2835
2835	2816	2777
2835	3013	2816
2835	3040	3013
2835	2815	3040
2778	2832	2805
2832	2963	2805
2963	2827	2805
2832	2940	2963
2788	2828	2855
2855	2803	2788
2790	3003	2931
3003	3001	2931
3003	3063	3001
2795	2858	2860
2860	2976	2795
2976	2861	2795
2860	3002	2976
2860	2983	3002
2795	2814	2858
2795	2731	2814
2829	2898	2859
2898	3048	2859
3048	2958	2859
3048	3055	2958
3055	2924	2958
2924	2892	2958
2924	2831	2892
2831	2847	2892
3048	3128	3055
3048	3052	3128
3052	3150	3128
3150	3286	3128
3150	3284	3286
3150	3285	3284
3285	3481	3284
3481	3431	3284
3481	3522	3431
3522	3496	3431
3522	3656	3496
3656	3569	3496
3656	3725	3569
3656	3727	3725
3727	3916	3725
3916	3923	3725
3923	3812	3725
3916	3960	3923
3960	3980	3923
3980	3965	3923
3916	3996	3960
3916	4034	3996
4034	4168	3996
4034	4118	4168
3727	3762	3916
3727	3700	3762
3727	3522	3700
3522	3621	3700
3522	3481	3621
3481	3452	3621
3452	3493	3621
3493	3728	3621
3493	3738	3728
3738	3788	3728
3738	3578	3788
3738	3493	3578
3452	3326	3493
3481	3285	3452
3727	3656	3522
3150	3091	3285
3150	3052	3091
3048	2898	3052
2836	3014	2863
3014	3036	2863
3036	2948	2863
3014	3116	3036
2857	2921	2909
2909	2808	2857
2867	2912	2886
2912	2929	2886
2929	2905	2886
2929	3033	2905
2876	2977	2917
2902	2920	2986
2907	2937	2959
2959	2977	2907
2959	3039	2977
2908	3093	2985
2985	2896	2908
2985	2941	2896
3093	3125	2985
3125	3174	2985
3174	3204	2985
3125	3246	3174
3125	3149	3246
3149	3184	3246
3149	3126	3184
3126	3195	3184
3126	3107	3195
3107	3166	3195
3166	3321	3195
3166	3155	3321
3166	3061	3155
3061	3079	3155
3061	3008	3079
3061	2955	3008
3061	3107	2955
3107	2921	2955
3061	3166	3107
3126	3111	3107
3126	3149	3111
3149	3093	3111
3093	2909	3111
3149	3125	3093
2927	3034	2992
3034	3082	2992
3082	2980	2992
3034	3064	3082
3064	3168	3082
3064	3097	3168
3097	3199	3168
3064	3029	3097
2935	2981	2975
2981	3103	2975
2938	3073	3037
3073	3139	3037
3073	3185	3139
3185	3278	3139
3278	3197	3139
3278	3354	3197
3354	3363	3197
3363	3349	3197
3349	3169	3197
3349	3228	3169
3228	3051	3169
3051	3021	3169
3021	3007	3169
3051	3024	3021
3051	3167	3024
3167	3095	3024
3051	3228	3167
3354	3572	3363
3354	3580	3572
3580	3601	3572
3601	3588	3572
3580	3603	3601
3603	3759	3601
3603	3663	3759
3663	3860	3759
3860	3872	3759
3663	3674	3860
3674	3909	3860
3674	3824	3909
3824	3931	3909
3824	3926	3931
3674	3622	3824
3674	3602	3622
3603	3561	3663
3561	3535	3663
3561	3580	3535
3580	3366	3535
3561	3603	3580
3278	3323	3354
3323	3366	3354
3323	3278	3366
3037	2890	2938
2944	3054	3068
3054	3135	3068
3135	3199	3068
3135	3273	3199
3135	3244	3273
3244	3267	3273
3267	3419	3273
2947	3056	3057
2947	2948	3056
2966	3000	3080
3000	3049	3080
3080	3188	2966
2967	3115	2973
2967	3180	3115
3180	3235	3115
3180	3305	3235
3305	3312	3235
3305	3426	3312
3426	3447	3312
3305	3458	3426
3305	3437	3458
3305	3375	3437
3305	3180	3375
3180	3260	3375
3180	3132	3260
3132	3205	3260
3205	3259	3260
3259	3335	3260
3259	3351	3335
3259	3225	3351
3180	3081	3132
3081	2971	3132
3081	2967	2971
3081	3180	2967
2989	3170	3222
3170	3216	3222
2994	3028	3113
3028	3100	3113
3100	3254	3113
3254	3241	3113
3100	3112	3254
3112	3138	3254
3112	3017	3138
3017	3127	3138
3100	3028	3112
2996	3096	3147
3096	3202	3147
3202	3292	3147
3096	3042	3202
3006	3030	3053
3053	3178	3006
3178	3151	3006
3053	3236	3178
3053	3255	3236
3255	3326	3236
3255	3438	3326
3255	3283	3438
3283	3332	3438
3332	3414	3438
3414	3578	3438
3414	3616	3578
3414	3427	3616
3427	3534	3616
3534	3576	3616
3576	3697	3616
3697	3815	3616
3697	3846	3815
3576	3703	3697
3576	3558	3703
3558	3613	3703
3558	3510	3613
3510	3532	3613
3532	3600	3613
3600	3681	3613
3532	3479	3600
3558	3440	3510
3440	3338	3510
3440	3427	3338
3440	3534	3427
3440	3558	3534
3558	3576	3534
3414	3332	3427
3332	3231	3427
3332	3283	3231
3283	3053	3231
3053	3030	3231
3030	3190	3231
3030	3025	3190
3283	3255	3053
3006	2830	3030
3009	3172	3031
3031	2856	3009
3023	3201	3044
3023	3026	3201
3043	3145	3220
3145	3269	3220
3269	3313	3220
3269	3355	3313
3269	3264	3355
3264	3362	3355
3045	3050	3131
3050	3120	3131
3065	3075	3117
3117	3101	3065
3117	3142	3101
3117	3224	3142
3076	3157	3193
3157	3213	3193
3213	3252	3193
3213	3360	3252
3360	3348	3252
3360	3371	3348
3213	3275	3360
3275	3364	3360
3275	3306	3364
3275	3291	3306
3275	3212	3291
3212	3243	3291
3275	3198	3212
3198	3157	3212
3157	3098	3212
3198	3213	3157
3198	3275	3213
3083	3200	3153
3087	3223	3164
3223	3262	3164
3089	3206	3110
3206	3311	3110
3089	3215	3206
3102	3210	3203
3210	3258	3203
3258	3377	3203
3258	3314	3377
3314	3392	3377
3258	3210	3314
3105	3240	3221
3105	3241	3240
3241	3345	3240
3345	3341	3240
3341	3221	3240
3341	3413	3221
3413	3336	3221
3413	3442	3336
3413	3487	3442
3487	3636	3442
3636	3604	3442
3636	3646	3604
3413	3341	3487
3341	3345	3487
3345	3421	3487
3106	3196	3211
3211	3257	3106
3257	3250	3106
3257	3303	3250
3257	3330	3303
3257	3211	3330
3108	3229	3124
3124	3033	3108
3229	3192	3124
3108	3272	3229
3114	3141	3134
3129	3343	3329
3130	3140	3230
3136	3187	3219
3187	3265	3219
3265	3294	3219
3294	3271	3219
3271	3136	3219
3187	3253	3265
3143	3274	3270
3274	3385	3270
3385	3395	3270
3395	3359	3270
3359	3321	3270
3359	3446	3321
3359	3412	3446
3412	3547	3446
3547	3565	3446
3547	3606	3565
3606	3644	3565
3644	3583	3565
3547	3631	3606
3547	3538	3631
3538	3627	3631
3627	3673	3631
3627	3717	3673
3547	3412	3538
3412	3395	3538
3412	3359	3395
3274	3280	3385
3146	3154	3186
3186	3161	3146
3186	3162	3161
3186	3316	3162
3316	3298	3162
3148	3282	3232
3175	3324	3308
3308	3334	3175
3308	3344	3334
3308	3324	3344
3324	3503	3344
3503	3525	3344
3176	3248	3217
3227	3266	3237
3266	3372	3237
3237	3090	3227
3234	3320	3239
3234	3342	3320
3320	3370	3239
3370	3230	3239
3370	3243	3230
3320	3350	3370
3276	3361	3277
3277	3172	3276
3277	3251	3172
3361	3398	3277
3287	3358	3425
3358	3428	3425
3428	3464	3425
3464	3451	3425
3464	3567	3451
3464	3428	3567
3288	3432	3356
3432	3475	3356
3475	3439	3356
3439	3416	3356
3432	3465	3475
3432	3424	3465
3424	3575	3465
3575	3593	3465
3575	3708	3593
3708	3772	3593
3708	3834	3772
3834	3796	3772
3796	3748	3772
3748	3598	3772
3748	3591	3598
3748	3733	3591
3733	3643	3591
3708	3870	3834
3424	3518	3575
3424	3546	3518
3546	3592	3518
3546	3571	3592
3432	3368	3424
3290	3477	3394
3477	3468	3394
3477	3497	3468
3477	3516	3497
3477	3543	3516
3543	3679	3516
3543	3670	3679
3670	3797	3679
3797	3704	3679
3543	3557	3670
3293	3408	3407
3408	3521	3407
3521	3450	3407
3521	3568	3450
3568	3514	3450
3514	3474	3450
3474	3376	3450
3514	3584	3474
3584	3524	3474
3524	3396	3474
3584	3649	3524
3649	3574	3524
3649	3647	3574
3647	3530	3574
3584	3724	3649
3514	3568	3584
3408	3448	3521
3448	3562	3521
3296	3397	3304
3309	3406	3353
3406	3441	3353
3441	3327	3353
3441	3433	3327
3433	3302	3327
3441	3492	3433
3492	3523	3433
3523	3619	3433
3492	3694	3523
3406	3500	3441
3353	3208	3309
3208	3238	3309
3310	3315	3486
3315	3387	3486
3387	3515	3486
3515	3555	3486
3555	3502	3486
3502	3310	3486
3555	3586	3502
3586	3519	3502
3555	3662	3586
3555	3589	3662
3589	3675	3662
3589	3609	3675
3589	3515	3609
3589	3555	3515
3322	3436	3457
3436	3528	3457
3328	3417	3382
3417	3484	3382
3417	3531	3484
3333	3472	3418
3472	3509	3418
3472	3460	3509
3460	3676	3509
3460	3569	3676
3472	3299	3460
3299	3295	3460
3299	3144	3295
3418	3299	3333
3337	3390	3346
3390	3445	3346
3369	3449	3410
3369	3469	3449
3469	3552	3449
3469	3634	3552
3469	3506	3634
3469	3467	3506
3467	3388	3506
3381	3517	3498
3498	3311	3381
3383	3470	3476
3389	3539	3399
3399	3330	3389
3402	3453	3560
3560	3548	3402
3422	3444	3490
3444	3485	3490
3443	3549	3585
3549	3607	3585
3607	3590	3585
3590	3461	3585
3590	3511	3461
3590	3617	3511
3617	3550	3511
3617	3668	3550
3617	3761	3668
3761	3852	3668
3617	3590	3761
3590	3607	3761
3549	3625	3607
3454	3624	3482
3624	3614	3482
3454	3582	3624
3501	3620	3570
3620	3654	3570
3654	3571	3570
3620	3660	3654
3620	3618	3660
3620	3504	3618
3620	3501	3504
3529	3553	3612
3533	3648	3595
3540	3640	3628
3540	3605	3640
3605	3608	3640
3605	3540	3608
3551	3581	3554
3551	3583	3581
3583	3682	3581
3682	3705	3581
3551	3480	3583
3564	3688	3722
3637	3702	3667
3702	3723	3667
3723	3737	3667
3702	3696	3723
3696	3896	3723
3696	3701	3896
3696	3525	3701
3696	3702	3525
3702	3637	3525
3638	3687	3742
3687	3726	3742
3655	3790	3778
3657	3765	3779
3657	3588	3765
3657	3573	3588
3765	3875	3779
3765	3892	3875
3765	3861	3892
3861	3971	3892
3765	3845	3861
3661	3734	3718
3734	3849	3718
3661	3730	3734
3730	3752	3734
3684	3747	3785
3747	3813	3785
3689	3758	3741
3691	3732	3712
3732	3837	3712
3695	3729	3763
3709	3814	3792
3792	3634	3709
3714	3719	3780
3715	3807	3858
3731	3775	3867
3775	3894	3867
3867	3774	3731
3867	3868	3774
3867	3950	3868
3735	3751	3890
3751	3848	3890
3848	3986	3890
3890	3756	3735
3736	3746	3854
3743	3786	3871
3871	3900	3743
3749	3810	3804
3760	3809	3822
3809	3879	3822
3809	3821	3879
3821	3958	3879
3821	3820	3958
3820	3865	3958
3776	3827	3866
3827	3994	3866
3994	3988	3866
3994	4029	3988
4029	4091	3988
4029	4165	4091
4165	4110	4091
4165	4245	4110
4245	4206	4110
4206	4090	4110
4245	4263	4206
4263	4291	4206
4291	4226	4206
4226	4170	4206
4226	4195	4170
4195	3991	4170
4195	4033	3991
4195	4123	4033
4123	4021	4033
4021	3966	4033
3966	3957	4033
3966	3885	3957
3966	3895	3885
3966	3929	3895
3929	3969	3895
3969	3884	3895
3884	3862	3895
3929	4021	3969
3929	3966	4021
4195	4213	4123
4291	4376	4226
4291	4347	4376
4347	4456	4376
4456	4451	4376
4451	4401	4376
4291	4263	4347
4263	4330	4347
4263	4245	4330
4029	4150	4165
4150	4238	4165
4029	4066	4150
4029	3994	4066
3994	4022	4066
4022	4174	4066
4022	4055	4174
4055	4215	4174
4215	4242	4174
4215	4288	4242
4288	4382	4242
4382	4287	4242
4215	4308	4288
4215	4203	4308
4215	4055	4203
4055	4018	4203
4018	4092	4203
4092	4114	4203
4114	4200	4203
4200	4281	4203
4200	4296	4281
4200	4175	4296
4175	4319	4296
4319	4336	4296
4200	4114	4175
4018	3990	4092
4018	3930	3990
3930	3838	3990
3838	3959	3990
3838	3803	3959
4018	3943	3930
4018	4055	3943
4055	4022	3943
3783	3897	3913
3795	3938	3993
3938	4079	3993
4079	4080	3993
4080	4084	3993
4084	3905	3993
4084	4159	3905
4159	4162	3905
4162	3919	3905
3919	3817	3905
3919	3882	3817
4084	4120	4159
4084	4080	4120
3938	4109	4079
3799	3925	3924
3801	3808	3937
3808	3968	3937
3968	4043	3937
4043	3955	3937
4043	4028	3955
3805	3851	3899
3899	3790	3805
3825	3936	3922
3825	3977	3936
3977	4059	3936
4059	4023	3936
4023	3998	3936
4059	4136	4023
3826	3908	3880
3880	3780	3826
3908	3970	3880
3908	3979	3970
3979	4062	3970
3908	3902	3979
3832	4082	4039
3836	3948	3891
3840	3962	3889
3841	4030	3898
3841	3852	4030
3852	3947	4030
3947	4041	4030
3947	3989	4041
3856	3967	3904
3863	4035	4045
4045	4017	3863
4017	3788	3863
3788	3815	3863
3914	4011	3939
4011	4060	3939
4060	3954	3939
4060	4002	3954
4002	3962	3954
4002	4001	3962
4001	3981	3962
4001	4074	3981
4011	4056	4060
4056	4093	4060
4093	4108	4060
4093	4173	4108
4173	4182	4108
4182	4185	4108
4173	4179	4182
4179	4262	4182
4262	4280	4182
4262	4299	4280
4299	4310	4280
4310	4353	4280
4310	4354	4353
4354	4366	4353
4366	4379	4353
4366	4410	4379
4410	4421	4379
4410	4463	4421
4463	4508	4421
4508	4534	4421
4508	4536	4534
4536	4594	4534
4594	4560	4534
4560	4520	4534
4560	4551	4520
4551	4478	4520
4478	4408	4520
4478	4392	4408
4392	4375	4408
4375	4314	4408
4375	4251	4314
4251	4185	4314
4251	4172	4185
4251	4246	4172
4246	4103	4172
4246	4183	4103
4183	4074	4103
4183	4061	4074
4246	4258	4183
4258	4160	4183
4258	4311	4160
4311	4156	4160
4156	4047	4160
4047	4004	4160
4047	4009	4004
4047	3948	4009
4311	4340	4156
4340	4275	4156
4340	4350	4275
4350	4329	4275
4329	4316	4275
4316	4259	4275
4316	4320	4259
4320	4177	4259
4177	4050	4259
4320	4205	4177
4205	4126	4177
4205	4260	4126
4260	4115	4126
4260	4315	4115
4315	4276	4115
4315	4380	4276
4380	4294	4276
4315	4415	4380
4415	4504	4380
4315	4320	4415
4315	4260	4320
4260	4205	4320
4316	4388	4320
4388	4431	4320
4388	4385	4431
4385	4512	4431
4512	4510	4431
4510	4503	4431
4510	4553	4503
4553	4623	4503
4623	4504	4503
4623	4609	4504
4609	4602	4504
4602	4527	4504
4623	4701	4609
4701	4657	4609
4701	4756	4657
4553	4670	4623
4510	4512	4553
4512	4524	4553
4512	4445	4524
4445	4480	4524
4480	4551	4524
4480	4478	4551
4480	4378	4478
4378	4392	4478
4378	4362	4392
4362	4375	4392
4378	4356	4362
4378	4311	4356
4311	4246	4356
4246	4317	4356
4246	4251	4317
4251	4375	4317
4311	4258	4246
4378	4340	4311
4378	4435	4340
4435	4350	4340
4435	4445	4350
4445	4329	4350
4445	4385	4329
4385	4316	4329
4385	4388	4316
4445	4512	4385
4435	4480	4445
4435	4378	4480
4594	4648	4560
4594	4606	4648
4606	4658	4648
4658	4733	4648
4733	4744	4648
4744	4702	4648
4744	4754	4702
4754	4776	4702
4776	4712	4702
4712	4688	4702
4776	4811	4712
4811	4840	4712
4811	4890	4840
4890	4850	4840
4890	4873	4850
4873	4849	4850
4849	4817	4850
4849	4888	4817
4888	4886	4817
4888	4961	4886
4961	4931	4886
4931	4841	4886
4931	4832	4841
4931	4943	4832
4943	4932	4832
4943	4956	4932
4943	4998	4956
4943	4989	4998
4989	5006	4998
4989	5039	5006
5039	5067	5006
5039	5098	5067
5098	5088	5067
5098	5121	5088
5121	5131	5088
5121	5128	5131
5128	5146	5131
5146	5123	5131
5123	5105	5131
5105	5076	5131
5105	5075	5076
5075	5030	5076
5075	4995	5030
4995	4986	5030
4995	4920	4986
5075	5038	4995
5075	5080	5038
5080	5089	5038
5080	5160	5089
5160	5139	5089
5139	5126	5089
5126	5099	5089
5126	5124	5099
5124	5081	5099
5124	5152	5081
5152	5074	5081
5152	5134	5074
5134	5052	5074
5134	5073	5052
5073	5027	5052
5152	5166	5134
5166	5165	5134
5166	5190	5165
5166	5194	5190
5194	5193	5190
5193	5191	5190
5193	5183	5191
5183	5174	5191
5174	5163	5191
5163	5169	5191
5163	5159	5169
5159	5154	5169
5154	5158	5169
5154	5137	5158
5137	5132	5158
5132	5119	5158
5119	5133	5158
5133	5151	5158
5151	5165	5158
5151	5073	5165
5151	5077	5073
5151	5120	5077
5120	5104	5077
5104	5086	5077
5104	5110	5086
5110	5091	5086
5091	5057	5086
5091	5037	5057
5091	5100	5037
5100	5051	5037
5100	5085	5051
5085	5070	5051
5070	5033	5051
5070	5043	5033
5043	5024	5033
5043	4990	5024
4990	4996	5024
5043	5050	4990
5050	5032	4990
5032	4959	4990
4959	4933	4990
4959	4913	4933
4959	4945	4913
4945	4897	4913
4897	4834	4913
4897	4820	4834
4820	4706	4834
4897	4806	4820
4897	4870	4806
4870	4791	4806
4870	4800	4791
4800	4772	4791
4800	4827	4772
4827	4751	4772
4827	4821	4751
4827	4918	4821
4918	4854	4821
4854	4797	4821
4797	4766	4821
4797	4739	4766
4797	4768	4739
4768	4691	4739
4797	4854	4768
4854	4878	4768
4878	4812	4768
4878	4839	4812
4839	4785	4812
4839	4787	4785
4787	4759	4785
4787	4760	4759
4760	4680	4759
4680	4667	4759
4667	4690	4759
4667	4634	4690
4634	4691	4690
4667	4645	4634
4667	4680	4645
4680	4629	4645
4629	4607	4645
4629	4664	4607
4664	4622	4607
4622	4577	4607
4577	4467	4607
4577	4425	4467
4425	4449	4467
4425	4295	4449
4295	4447	4449
4295	4289	4447
4289	4293	4447
4293	4399	4447
4293	4300	4399
4300	4348	4399
4348	4482	4399
4348	4452	4482
4348	4297	4452
4297	4397	4452
4297	4301	4397
4301	4343	4397
4348	4274	4297
4348	4300	4274
4300	4151	4274
4151	4139	4274
4139	4128	4274
4128	4130	4274
4139	3975	4128
4139	4133	3975
4133	4148	3975
4133	4161	4148
4161	4244	4148
4244	4141	4148
4244	4295	4141
4244	4289	4295
4244	4293	4289
4244	4300	4293
4244	4151	4300
4244	4161	4151
4161	4133	4151
4133	4139	4151
4664	4710	4622
4710	4666	4622
4710	4719	4666
4710	4727	4719
4727	4773	4719
4773	4836	4719
4773	4844	4836
4844	4937	4836
4937	4903	4836
4937	4940	4903
4940	4923	4903
4940	5004	4923
5004	4950	4923
4940	5022	5004
5022	5066	5004
5022	5094	5066
5022	5090	5094
5090	5111	5094
5111	5125	5094
5111	5127	5125
5127	5144	5125
5144	5179	5125
5144	5148	5179
5148	5159	5179
5148	5154	5159
5148	5136	5154
5136	5147	5154
5147	5142	5154
5142	5140	5154
5140	5137	5154
5140	5100	5137
5100	5132	5137
5100	5119	5132
5100	5091	5119
5091	5110	5119
5110	5133	5119
5110	5104	5133
5104	5120	5133
5120	5151	5133
5140	5115	5100
5115	5085	5100
5115	5082	5085
5082	5070	5085
5082	5043	5070
5082	5083	5043
5083	5050	5043
5083	5053	5050
5053	5032	5050
5053	5034	5032
5034	5011	5032
5011	4959	5032
5011	4945	4959
5011	4976	4945
4976	4926	4945
4926	4897	4945
4926	4901	4897
4901	4870	4897
4901	4918	4870
4918	4827	4870
4827	4800	4870
4901	4926	4918
4926	4976	4918
4976	4952	4918
4952	4854	4918
4952	4878	4854
4976	5012	4952
4976	5011	5012
5011	5034	5012
5034	5041	5012
5041	5008	5012
5041	5002	5008
5002	4912	5008
5002	5001	4912
5001	4977	4912
4977	4944	4912
4977	4994	4944
4994	4937	4944
4937	4882	4944
4937	4844	4882
4994	4940	4937
4994	5022	4940
4994	5020	5022
5020	5090	5022
5020	5026	5090
5020	4994	5026
4994	4977	5026
4977	5001	5026
5001	5041	5026
5041	5060	5026
5041	5034	5060
5034	5069	5060
5069	5092	5060
5069	5096	5092
5096	5107	5092
5107	5130	5092
5130	5090	5092
5130	5127	5090
5127	5111	5090
5130	5136	5127
5136	5144	5127
5136	5148	5144
5130	5138	5136
5138	5147	5136
5138	5142	5147
5138	5130	5142
5130	5107	5142
5107	5115	5142
5115	5140	5142
5107	5083	5115
5083	5082	5115
5107	5053	5083
5107	5096	5053
5096	5069	5053
5069	5034	5053
5001	5002	5041
4710	4664	4727
4629	4680	4664
4787	4839	4760
5183	5172	5174
5172	5153	5174
5153	5143	5174
5143	5157	5174
5143	5113	5157
5113	5155	5157
5113	5101	5155
5101	5114	5155
5101	5087	5114
5101	5065	5087
5065	5023	5087
5065	5010	5023
5010	4997	5023
4997	4984	5023
4997	4973	4984
4973	4949	4984
4949	4887	4984
4887	4925	4984
4887	4801	4925
4887	4822	4801
4822	4732	4801
4732	4764	4801
4822	4758	4732
4758	4713	4732
4758	4737	4713
4737	4699	4713
4699	4681	4713
4949	4936	4887
4949	4973	4936
4973	4924	4936
4997	5010	4973
5010	5028	4973
5010	5056	5028
5010	5061	5056
5061	5093	5056
5061	5101	5093
5101	5113	5093
5113	5129	5093
5113	5143	5129
5143	5153	5129
5153	5162	5129
5162	5145	5129
5145	5106	5129
5145	5102	5106
5102	5059	5106
5102	5071	5059
5102	5084	5071
5102	5122	5084
5122	5097	5084
5122	5116	5097
5116	5078	5097
5116	5117	5078
5117	5079	5078
5079	5062	5078
5079	5054	5062
5079	5108	5054
5108	5112	5054
5108	5135	5112
5135	5109	5112
5109	5068	5112
5068	5055	5112
5068	5015	5055
5015	4974	5055
4974	4983	5055
5015	4929	4974
5015	5017	4929
5017	5003	4929
5003	4927	4929
4927	4881	4929
4927	4863	4881
4863	4829	4881
4829	4815	4881
4829	4771	4815
4771	4809	4815
4771	4781	4809
4781	4855	4809
4781	4767	4855
4767	4861	4855
4861	4910	4855
4910	4908	4855
4861	4921	4910
4921	4955	4910
4955	4983	4910
4955	4992	4983
4992	5054	4983
4955	4921	4992
4921	4895	4992
4921	4859	4895
4859	4852	4895
4852	4883	4895
4852	4845	4883
4845	4874	4883
4874	4879	4883
4879	4934	4883
4879	4865	4934
4865	4891	4934
4865	4869	4891
4865	4837	4869
4837	4816	4869
4816	4793	4869
4793	4814	4869
4814	4928	4869
4793	4765	4814
4793	4816	4765
4837	4777	4816
4837	4874	4777
4874	4845	4777
4845	4748	4777
4845	4789	4748
4845	4852	4789
4852	4859	4789
4837	4879	4874
4837	4865	4879
4921	4861	4859
4781	4730	4767
4781	4745	4730
4745	4672	4730
4672	4638	4730
4638	4647	4730
4638	4604	4647
4638	4612	4604
4638	4672	4612
4672	4615	4612
4615	4561	4612
4615	4528	4561
4528	4466	4561
4615	4559	4528
4559	4535	4528
4535	4432	4528
4432	4381	4528
4432	4384	4381
4384	4269	4381
4384	4342	4269
4342	4241	4269
4241	4218	4269
4241	4124	4218
4342	4267	4241
4342	4272	4267
4342	4334	4272
4334	4217	4272
4217	4145	4272
4217	4096	4145
4334	4313	4217
4334	4416	4313
4416	4349	4313
4416	4453	4349
4453	4363	4349
4363	4271	4349
4363	4373	4271
4373	4303	4271
4373	4396	4303
4396	4351	4303
4351	4257	4303
4351	4250	4257
4250	4105	4257
4351	4262	4250
4262	4232	4250
4232	4190	4250
4232	4179	4190
4179	4056	4190
4056	4067	4190
4056	4011	4067
4179	4173	4056
4173	4093	4056
4232	4262	4179
4351	4299	4262
4351	4354	4299
4354	4310	4299
4351	4396	4354
4396	4366	4354
4396	4438	4366
4438	4410	4366
4438	4463	4410
4438	4476	4463
4476	4484	4463
4484	4508	4463
4484	4580	4508
4580	4536	4508
4580	4594	4536
4580	4606	4594
4580	4582	4606
4582	4658	4606
4582	4639	4658
4639	4661	4658
4661	4733	4658
4661	4786	4733
4786	4752	4733
4752	4744	4733
4752	4794	4744
4794	4811	4744
4811	4754	4744
4811	4776	4754
4794	4826	4811
4826	4853	4811
4853	4890	4811
4853	4892	4890
4892	4909	4890
4909	4873	4890
4909	4888	4873
4888	4849	4873
4909	4966	4888
4966	4969	4888
4969	4961	4888
4969	4967	4961
4967	4931	4961
4967	4943	4931
4967	4989	4943
4967	4969	4989
4969	4979	4989
4979	5042	4989
5042	5039	4989
5042	5098	5039
5042	5072	5098
5072	5103	5098
5103	5121	5098
5103	5109	5121
5109	5128	5121
5109	5135	5128
5135	5156	5128
5156	5146	5128
5156	5167	5146
5167	5164	5146
5164	5149	5146
5149	5123	5146
5149	5095	5123
5095	5105	5123
5095	5075	5105
5095	5080	5075
5095	5160	5080
5095	5149	5160
5149	5178	5160
5178	5177	5160
5177	5168	5160
5168	5139	5160
5168	5124	5139
5124	5126	5139
5168	5152	5124
5168	5185	5152
5185	5176	5152
5176	5173	5152
5173	5166	5152
5173	5186	5166
5186	5194	5166
5186	5189	5194
5189	5180	5194
5180	5193	5194
5180	5172	5193
5172	5183	5193
5180	5153	5172
5180	5162	5153
5180	5181	5162
5181	5170	5162
5170	5161	5162
5161	5145	5162
5161	5122	5145
5122	5102	5145
5161	5150	5122
5150	5116	5122
5150	5117	5116
5150	5141	5117
5141	5108	5117
5108	5079	5117
5141	5135	5108
5150	5171	5141
5150	5188	5171
5188	5192	5171
5192	5187	5171
5187	5167	5171
5167	5156	5171
5156	5135	5171
5187	5178	5167
5178	5164	5167
5178	5149	5164
5187	5177	5178
5187	5192	5177
5192	5195	5177
5195	5168	5177
5195	5185	5168
5195	5176	5185
5195	5186	5176
5186	5173	5176
5195	5189	5186
5195	5196	5189
5196	5170	5189
5170	5181	5189
5181	5180	5189
5196	5175	5170
5175	5161	5170
5175	5150	5161
5175	5182	5150
5182	5188	5150
5182	5196	5188
5196	5195	5188
5195	5192	5188
5182	5175	5196
5103	5068	5109
5103	5058	5068
5058	5036	5068
5036	5017	5068
5017	5015	5068
5036	5003	5017
5036	5040	5003
5040	5018	5003
5018	4947	5003
4947	4927	5003
4947	4915	4927
4915	4858	4927
4858	4863	4927
4858	4830	4863
4830	4813	4863
4813	4829	4863
4813	4775	4829
4775	4774	4829
4774	4771	4829
4774	4743	4771
4743	4729	4771
4729	4750	4771
4750	4745	4771
4745	4781	4771
4750	4672	4745
4774	4775	4743
4775	4741	4743
4741	4708	4743
4741	4715	4708
4715	4692	4708
4692	4643	4708
4692	4640	4643
4640	4608	4643
4608	4589	4643
4589	4516	4643
4516	4575	4643
4516	4506	4575
4506	4535	4575
4535	4559	4575
4506	4481	4535
4481	4432	4535
4481	4384	4432
4481	4414	4384
4414	4342	4384
4414	4334	4342
4414	4416	4334
4414	4454	4416
4454	4453	4416
4454	4475	4453
4475	4422	4453
4422	4363	4453
4422	4373	4363
4422	4436	4373
4436	4396	4373
4436	4476	4396
4476	4438	4396
4436	4484	4476
4436	4493	4484
4493	4541	4484
4541	4556	4484
4556	4580	4484
4556	4582	4580
4556	4598	4582
4598	4639	4582
4598	4640	4639
4640	4661	4639
4640	4692	4661
4692	4715	4661
4715	4786	4661
4715	4761	4786
4761	4810	4786
4810	4825	4786
4825	4794	4786
4794	4752	4786
4825	4826	4794
4825	4884	4826
4884	4899	4826
4899	4853	4826
4899	4935	4853
4935	4892	4853
4935	4909	4892
4935	4966	4909
4935	4942	4966
4942	4979	4966
4979	4969	4966
4942	4970	4979
4970	5018	4979
5018	5042	4979
5018	5040	5042
5040	5072	5042
5040	5058	5072
5058	5103	5072
5040	5036	5058
4970	4947	5018
4970	4948	4947
4948	4941	4947
4941	4915	4947
4941	4899	4915
4899	4884	4915
4884	4858	4915
4884	4810	4858
4810	4830	4858
4810	4813	4830
4810	4761	4813
4761	4741	4813
4741	4775	4813
4761	4715	4741
4884	4825	4810
4941	4942	4899
4942	4935	4899
4941	4948	4942
4948	4970	4942
4598	4608	4640
4598	4589	4608
4598	4556	4589
4556	4541	4589
4541	4475	4589
4541	4493	4475
4493	4422	4475
4493	4436	4422
4454	4507	4475
4507	4516	4475
4507	4506	4516
4507	4481	4506
4507	4414	4481
4507	4454	4414
5061	5065	5101
5061	5010	5065
3914	3927	4011
3917	4076	3999
3940	4058	3976
4058	4086	3976
4086	4013	3976
4058	4099	4086
4058	4180	4099
4058	4052	4180
4052	4169	4180
4058	3940	4052
3946	3953	4015
4015	4081	3946
3956	3997	4027
3997	4153	4027
4153	4119	4027
4153	4252	4119
4153	4304	4252
4304	4324	4252
4304	4450	4324
4304	4489	4450
4489	4542	4450
4542	4442	4450
4542	4545	4442
4542	4663	4545
4542	4700	4663
4700	4707	4663
4542	4724	4700
4489	4642	4542
4153	4155	4304
4155	4270	4304
4155	4143	4270
4143	4286	4270
4286	4344	4270
4286	4292	4344
4155	4020	4143
4155	4153	4020
4153	3997	4020
4027	3846	3956
3846	3859	3956
3961	4087	4006
3978	4107	4138
3983	4054	4024
4024	3959	3983
4054	4111	4024
3983	4028	4054
3984	4057	4069
4069	4072	3984
4000	4075	4085
4085	4087	4000
4016	4083	4070
4016	3946	4083
3946	4106	4083
4063	4163	4100
4071	4089	4186
4097	4116	4197
4116	4243	4197
4112	4158	4121
4112	4039	4158
4039	4224	4158
4039	4234	4224
4117	4211	4240
4211	4333	4240
4211	4290	4333
4125	4204	4207
4125	4212	4204
4212	4331	4204
4331	4266	4204
4266	4207	4204
4331	4429	4266
4429	4359	4266
4127	4209	4129
4127	4225	4209
4225	4355	4209
4355	4321	4209
4321	4129	4209
4321	4214	4129
4214	4109	4129
4321	4337	4214
4321	4374	4337
4321	4355	4374
4355	4550	4374
4550	4526	4374
4225	4332	4355
4332	4448	4355
4332	4501	4448
4501	4557	4448
4557	4584	4448
4557	4620	4584
4620	4632	4584
4632	4550	4584
4620	4653	4632
4557	4673	4620
4673	4717	4620
4673	4695	4717
4695	4735	4717
4735	4779	4717
4779	4876	4717
4695	4631	4735
4631	4704	4735
4631	4654	4704
4631	4611	4654
4611	4633	4654
4611	4564	4633
4611	4419	4564
4419	4403	4564
4419	4372	4403
4372	4335	4403
4335	4457	4403
4335	4369	4457
4419	4307	4372
4419	4395	4307
4419	4515	4395
4515	4411	4395
4411	4312	4395
4515	4501	4411
4501	4332	4411
4515	4631	4501
4631	4673	4501
4673	4557	4501
4631	4695	4673
4515	4611	4631
4515	4419	4611
4127	4168	4225
4129	3980	4127
4142	4248	4227
4227	4212	4142
4227	4264	4212
4166	4327	4339
4327	4437	4339
4437	4364	4339
4437	4474	4364
4474	4471	4364
4474	4498	4471
4474	4499	4498
4474	4437	4499
4339	4169	4166
4188	4198	4236
4236	4402	4188
4236	4409	4402
4409	4544	4402
4544	4440	4402
4236	4265	4409
4236	4198	4265
4189	4191	4365
4189	4162	4191
4208	4302	4306
4222	4230	4254
4318	4383	4387
4322	4497	4538
4497	4605	4538
4497	4570	4605
4323	4400	4390
4323	4370	4400
4370	4413	4400
4413	4477	4400
4413	4521	4477
4325	4539	4423
4423	4234	4325
4328	4417	4368
4357	4358	4393
4357	4163	4358
4163	4233	4358
4393	4491	4357
4393	4500	4491
4393	4418	4500
4418	4610	4500
4360	4394	4487
4367	4460	4412
4367	4386	4460
4377	4426	4464
4405	4509	4496
4509	4533	4496
4509	4621	4533
4621	4579	4533
4621	4651	4579
4651	4637	4579
4424	4428	4439
4427	4479	4562
4479	4601	4562
4479	4563	4601
4563	4616	4601
4616	4647	4601
4479	4477	4563
4434	4546	4488
4488	4458	4434
4488	4566	4458
4488	4546	4566
4546	4599	4566
4443	4469	4502
4502	4492	4443
4492	4382	4443
4502	4523	4492
4523	4569	4492
4569	4555	4492
4569	4650	4555
4650	4547	4555
4547	4518	4555
4547	4568	4518
4568	4483	4518
4547	4619	4568
4547	4650	4619
4455	4531	4600
4459	4468	4522
4468	4543	4522
4543	4558	4522
4543	4662	4558
4473	4530	4529
4519	4537	4587
4537	4593	4587
4593	4709	4587
4548	4659	4624
4624	4521	4548
4548	4636	4659
4636	4765	4659
4554	4635	4618
4635	4766	4618
4571	4614	4586
4571	4698	4614
4698	4684	4614
4571	4576	4698
4625	4720	4762
4720	4796	4762
4720	4718	4796
4644	4703	4780
4703	4784	4780
4784	4832	4780
4655	4736	4669
4660	4723	4689
4723	4857	4689
4723	4823	4857
4823	4871	4857
4823	4953	4871
4953	4963	4871
4953	4982	4963
4982	5029	4963
4982	5077	5029
4675	4804	4782
4675	4828	4804
4828	4866	4804
4675	4808	4828
4677	4740	4722
4722	4683	4677
4677	4725	4740
4687	4749	4763
4696	4803	4819
4819	4764	4696
4728	4742	4877
4742	4795	4877
4795	4843	4877
4843	4894	4877
4894	4930	4877
4877	4842	4728
4738	4848	4824
4848	4907	4824
4848	4900	4907
4753	4778	4805
4755	4799	4864
4755	4707	4799
4799	4893	4864
4893	4867	4864
4867	4755	4864
4867	4770	4755
4867	4851	4770
4851	4818	4770
4851	4951	4818
4951	4835	4818
4951	4939	4835
4951	4999	4939
4999	4985	4939
4851	4867	4951
4889	4904	4957
4889	4842	4904
4957	4980	4889
4980	4991	4889
4991	4914	4889
4957	5005	4980
4957	5009	5005
4957	4930	5009
4930	4988	5009
4930	4964	4988
4898	4972	4946
4972	5014	4946
5014	4938	4946
5014	4954	4938
5014	4993	4954
4993	4919	4954
4972	5025	5014
4916	4968	4971
4978	4987	5031
4987	5013	5031
36	17	85
651	780	654
510	472	519
9	229	38
9	125	229
125	276	229
125	251	276
125	115	251
125	9	115
225	266	132
225	274	266
355	375	249
355	378	375
470	535	488
575	535	531
204	261	187
199	296	167
199	318	296
199	252	318
325	332	286
325	382	332
441	396	376
386	464	400
412	276	409
469	516	525
333	248	310
490	446	481
490	557	446
323	433	444
541	663	517
699	781	690
584	716	685
716	833	685
833	755	685
833	889	755
716	955	833
710	750	638
750	569	638
750	592	569
710	878	750
878	896	750
896	879	750
591	616	672
616	757	672
616	671	757
741	932	762
741	744	932
744	940	932
760	864	940
864	1008	940
876	691	910
723	678	759
860	891	774
663	683	706
959	993	758
993	777	758
875	877	754
973	1209	1020
981	996	1019
953	811	908
953	937	811
1052	1144	953
1342	1514	1399
1514	1516	1399
1342	1355	1514
1355	1464	1514
943	926	967
1736	1901	1775
1229	1185	1305
1087	922	1110
922	871	1110
1067	1314	1113
1314	1215	1113
1215	1021	1113
1067	1116	1314
1116	1279	1314
924	1177	1114
1086	1065	924
1065	818	924
994	1179	1140
1257	1284	1268
1256	1477	1284
1218	1250	1108
1250	1092	1108
1218	1406	1250
1218	1481	1406
1481	1490	1406
1293	1455	1247
1293	1435	1455
1435	1450	1455
1450	1594	1455
1450	1480	1594
1293	1331	1435
1303	1412	1309
1412	1479	1309
1479	1483	1309
1695	1555	1440
1695	1713	1555
1426	1541	1450
1639	1735	1410
1782	2032	1768
1782	1908	2032
1908	2080	2032
1782	1823	1908
1599	1604	1742
1685	1553	1582
1547	1453	1467
2009	2120	1980
2120	2275	1980
2275	2099	1980
2275	2274	2099
2120	2286	2275
2286	2299	2275
2286	2313	2299
2120	2234	2286
1701	1744	1630
1824	2037	1874
2037	2107	1874
1824	1875	2037
1592	1652	1689
2070	2081	1913
2171	2187	2115
2135	2069	2186
2069	2239	2186
2239	2308	2186
1708	1715	1642
1708	1876	1715
1876	1897	1715
1876	1957	1897
1852	2015	2043
2015	2108	2043
2108	2150	2043
2150	2123	2043
1852	1803	2015
1803	1924	2015
1786	1920	1771
1868	2024	1918
2024	1993	1918
2024	2219	1993
1868	2063	2024
1868	1888	2063
1868	1845	1888
1845	2007	1888
1831	1666	1796
1928	1961	2104
1961	2112	2104
2112	2163	2104
1879	1696	1847
1941	2162	2143
1941	1943	2162
1943	2219	2162
2219	2240	2162
2240	2212	2162
1901	2052	2012
2076	2116	1920
2103	2100	2297
2310	2363	2167
2169	2124	2310
2091	2032	2061
2256	2239	2182
2573	2395	2643
2395	2622	2643
2395	2338	2622
2338	2405	2622
2395	2222	2338
2222	2207	2338
2056	2243	2012
2216	2183	2175
2216	2244	2183
2216	2305	2244
2542	2731	2593
2731	2795	2593
2658	2701	2672
2629	2390	2547
2390	2330	2547
2330	2336	2547
2259	2269	2209
2240	2411	2454
2436	2229	2435
2564	2766	2520
2564	2785	2766
2228	2266	2375
2428	2664	2505
2539	2297	2328
2297	2322	2328
2641	2480	2455
2480	2404	2455
2515	2268	2418
2268	2381	2418
2574	2736	2696
2609	2695	2511
2609	2676	2695
2676	2809	2695
2676	2839	2809
2596	2817	2759
2817	2862	2759
2596	2751	2817
2536	2552	2596
2767	2908	2714
2723	2583	2808
2583	2857	2808
2723	2660	2583
2660	2493	2583
3109	3208	3302
3208	3327	3302
3208	3353	3327
2820	2831	3015
2831	2924	3015
2740	2528	2770
2528	2693	2770
2528	2550	2693
2997	3090	2922
3090	3020	2922
3020	2990	2922
2990	2810	2922
2990	2797	2810
3090	3237	3020
3027	3204	3090
3204	3227	3090
2811	2720	2779
2595	2522	2581
2768	2732	2884
2663	2657	2626
2848	3007	2756
3007	3021	2756
2889	2913	2804
2703	2633	2737
2746	2786	2806
2983	3136	3002
2958	2892	2859
2892	2847	2859
2847	2679	2859
3960	4127	3980
3960	3996	4127
3996	4168	4127
3578	3815	3788
3578	3616	3815
3014	3124	3116
3124	3192	3116
3321	3446	3195
3155	3270	3321
3155	3079	3270
3079	3143	3270
3079	3035	3143
3035	3062	3143
3111	2909	3107
3601	3759	3588
3759	3765	3588
3759	3845	3765
3580	3354	3366
3073	3043	3185
3057	2900	2947
3188	3005	2966
3188	3129	3005
3312	3447	3235
3447	3470	3235
3470	3383	3235
3375	3541	3437
3541	3556	3437
3241	3105	3113
3105	2994	3113
3105	2899	2994
3112	2913	3017
3427	3231	3338
3231	3190	3338
3190	3183	3338
3006	2785	2830
2856	2926	3009
3201	3331	3044
3120	3233	3131
3211	3389	3330
3148	3168	3282
3344	3525	3334
3266	3443	3372
3772	3598	3593
3708	3806	3870
3806	3874	3870
3546	3400	3571
3546	3424	3400
3609	3722	3675
3722	3769	3675
3609	3564	3722
3676	3795	3509
3701	3844	3896
3844	3886	3896
3886	4000	3896
3655	3630	3790
3919	4189	3882
4189	4082	3882
4189	4152	4082
3919	4162	4189
4080	4278	4120
3840	3954	3962
4041	4117	4030
4117	4102	4030
4102	4049	4030
4117	4240	4102
3841	3690	3852
4609	4657	4602
4560	4702	4551
4702	4646	4551
4560	4648	4702
5190	5158	5165
5190	5191	5158
5191	5169	5158
4449	4447	4467
4148	4141	3975
4622	4666	4577
5159	5163	5179
4952	5008	4878
5008	4839	4878
5008	4912	4839
4912	4760	4839
4952	5012	5008
5026	5060	5090
5056	5129	5028
5129	5019	5028
5129	5059	5019
5059	5007	5019
5129	5106	5059
5056	5093	5129
4015	4193	4081
4542	4642	4724
4304	4344	4489
4304	4270	4344
4355	4448	4550
4448	4584	4550
4302	4377	4306
4605	4630	4538
4325	4519	4539
4325	4365	4519
4325	4268	4365
4621	4706	4651
4621	4613	4706
4621	4549	4613
4689	4485	4660
4485	4486	4660
4486	4526	4660
4689	4593	4485
4689	4711	4593
4805	4697	4753
4697	4650	4753
