315.045175 302.749162 -6.265079 255 0 0
327.946832 290.220879 0.578535 255 0 0
341.965381 279.260562 8.107818 255 0 0
357.100824 269.868212 16.322770 255 0 0
373.353160 262.043829 25.223392 255 0 0
390.722388 255.787412 34.809683 255 0 0
409.208509 251.098961 45.081643 255 0 0
428.811523 247.978477 56.039272 255 0 0
449.531430 246.425960 67.682571 0 255 0
425.358203 242.845430 72.360623 0 255 0
402.356457 240.909502 77.757857 0 255 0
380.526194 240.618177 83.874273 0 255 0
359.867412 241.971453 90.709870 0 255 0
340.380112 244.969332 98.264650 0 255 0
322.064294 249.611812 106.538611 0 255 0
304.919958 255.898895 115.531754 0 255 0
288.947104 263.830580 125.244079 0 255 0
