26.033214 37.584259 11.750000 255 0 0
26.350239 37.416773 10.718750 255 0 0
26.756862 37.128490 9.687500 255 0 0
27.253083 36.719409 8.656250 255 0 0
27.838901 36.189531 7.625000 255 0 0
28.514318 35.538856 6.593750 255 0 0
29.279332 34.767383 5.562500 255 0 0
30.133943 33.875113 4.531250 255 0 0
31.078153 32.862045 3.500000 0 255 0
30.537376 31.587134 4.531250 0 255 0
30.039478 30.456380 5.562500 0 255 0
29.584459 29.469782 6.593750 0 255 0
29.172320 28.627341 7.625000 0 255 0
28.803059 27.929057 8.656250 0 255 0
28.476678 27.374929 9.687500 0 255 0
28.193176 26.964958 10.718750 0 255 0
27.952554 26.699144 11.750000 0 255 0
