   2.9309627e+02   1.3568012e+02   1.3400000e+02
   2.9714596e+02   1.2064907e+02   1.2600000e+02
   2.8529503e+02   1.2469876e+02   1.1800000e+02
   2.8616460e+02   1.2079814e+02   1.1000000e+02
   2.8385404e+02   1.1848758e+02   1.0200000e+02
   2.7836335e+02   1.1935714e+02   9.4000000e+01
   2.8082298e+02   1.1704658e+02   8.6000000e+01
   2.7851242e+02   1.1950621e+02   7.8000000e+01
   2.9369255e+02   1.1878571e+02   7.0000000e+01
   3.2159317e+02   1.1170497e+02   6.2000000e+01
   3.1451242e+02   1.1893478e+02   5.4000000e+01
   3.2651242e+02   1.1980435e+02   4.6000000e+01
   3.3056211e+02   1.3657453e+02   3.8000000e+01
   2.9698137e+02   1.7454658e+02   3.8000000e+01
   2.6286957e+02   1.9926708e+02   4.6000000e+01
