   2.9248747e+01   2.6163833e+01   1.3000000e+01
   2.8937220e+01   2.6384421e+01   1.2000000e+01
   2.8392049e+01   2.6899127e+01   1.1000000e+01
   2.8002641e+01   2.7340303e+01   1.0000000e+01
   2.8002641e+01   2.8075597e+01   9.0000000e+00
   2.7613233e+01   2.9472656e+01   8.0000000e+00
   2.7613233e+01   3.0796186e+01   7.0000000e+00
   2.8236286e+01   3.2634421e+01   6.0000000e+00
   2.7768996e+01   3.4546186e+01   7.0000000e+00
   2.7379588e+01   3.4766774e+01   8.0000000e+00
   2.7379588e+01   3.5060892e+01   9.0000000e+00
   2.7301706e+01   3.5355009e+01   1.0000000e+01
   2.7457469e+01   3.5355009e+01   1.1000000e+01
   2.7846877e+01   3.5649127e+01   1.2000000e+01
   2.7768996e+01   3.5869715e+01   1.3000000e+01
