   3.1653980e+02   1.8280846e+02   1.2600000e+02
   3.2553980e+02   1.7143035e+02   1.2000000e+02
   3.1925622e+02   1.6514677e+02   1.1400000e+02
   3.3589801e+02   1.6395771e+02   1.0800000e+02
   3.3725622e+02   1.6022139e+02   1.0200000e+02
   3.4116169e+02   1.6157960e+02   9.6000000e+01
   3.3742537e+02   1.5784328e+02   9.0000000e+01
   3.5406716e+02   1.5920149e+02   8.4000000e+01
   3.6816169e+02   1.5546517e+02   7.8000000e+01
   3.6442537e+02   1.5937065e+02   7.2000000e+01
   3.6323632e+02   1.6582338e+02   6.6000000e+01
   3.6459453e+02   1.7482338e+02   6.0000000e+01
   3.5576368e+02   1.8891791e+02   5.4000000e+01
   3.4183831e+02   2.0810697e+02   4.8000000e+01
   3.4260199e+02   2.4580597e+02   4.2000000e+01
