1	5	6
6	16	1
16	7	1
16	15	7
16	14	15
14	47	15
47	34	15
47	74	34
74	112	34
112	67	34
112	121	67
112	140	121
112	223	140
112	165	223
165	329	223
329	357	223
329	494	357
329	380	494
380	518	494
112	74	165
74	153	165
153	164	165
153	122	164
153	71	122
153	74	71
74	47	71
47	56	71
47	14	56
14	28	56
28	78	56
28	44	78
44	91	78
91	133	78
91	144	133
144	156	133
156	176	133
176	204	133
176	267	204
91	106	144
91	75	106
75	84	106
84	143	106
84	131	143
131	141	143
141	245	143
141	211	245
141	187	211
187	228	211
228	276	211
276	266	211
276	306	266
276	362	306
362	344	306
344	328	306
328	245	306
362	389	344
362	426	389
362	439	426
362	355	439
355	410	439
355	387	410
387	465	410
387	409	465
409	450	465
450	508	465
508	540	465
450	483	508
483	570	508
483	538	570
538	556	570
538	448	556
538	483	448
483	450	448
450	367	448
450	409	367
409	326	367
326	346	367
346	351	367
409	387	326
387	304	326
304	228	326
304	276	228
304	355	276
355	362	276
304	387	355
187	180	228
180	222	228
187	141	180
141	131	180
131	124	180
124	159	180
124	116	159
116	142	159
116	130	142
130	172	142
130	118	172
118	115	172
115	173	172
173	184	172
184	213	172
173	208	184
173	170	208
170	195	208
195	271	208
195	230	271
230	307	271
307	354	271
230	250	307
250	281	307
250	257	281
257	347	281
257	280	347
280	364	347
364	408	347
364	428	408
428	496	408
496	512	408
364	438	428
364	352	438
364	298	352
298	314	352
298	255	314
255	269	314
255	233	269
233	231	269
231	309	269
231	303	309
303	317	309
317	411	309
317	372	411
372	400	411
400	429	411
429	480	411
480	466	411
480	517	466
480	583	517
429	461	480
429	440	461
429	400	440
400	372	440
372	415	440
415	470	440
470	534	440
470	524	534
524	558	534
470	484	524
484	593	524
484	564	593
564	587	593
587	626	593
484	458	564
458	520	564
520	557	564
520	485	557
520	458	485
458	463	485
458	376	463
376	384	463
384	443	463
384	378	443
384	358	378
358	368	378
358	349	368
349	388	368
388	486	368
388	437	486
437	478	486
478	507	486
507	543	486
543	547	486
507	620	543
507	575	620
575	627	620
627	645	620
645	671	620
671	662	620
671	698	662
698	720	662
720	660	662
720	738	660
738	729	660
729	673	660
673	636	660
673	586	636
673	618	586
618	592	586
592	523	586
523	547	586
523	459	547
523	522	459
522	443	459
523	592	522
592	565	522
673	751	618
673	771	751
771	840	751
840	773	751
771	803	840
803	890	840
890	942	840
942	983	840
983	938	840
983	1056	938
1056	1061	938
1061	991	938
1056	1153	1061
1056	1058	1153
1058	1190	1153
1058	1113	1190
1058	936	1113
936	1075	1113
936	943	1075
936	912	943
936	872	912
872	927	912
872	919	927
919	955	927
955	984	927
955	986	984
986	1157	984
1157	1156	984
1156	1120	984
1120	1077	984
1120	1075	1077
1156	1266	1120
1156	1279	1266
1279	1303	1266
1156	1157	1279
1157	1281	1279
1157	1200	1281
955	1043	986
1043	1155	986
1043	1118	1155
1118	1214	1155
1214	1299	1155
1299	1191	1155
1191	1200	1155
1191	1213	1200
1191	1299	1213
1214	1297	1299
1297	1384	1299
1384	1395	1299
1395	1424	1299
1395	1406	1424
1406	1563	1424
1395	1384	1406
1384	1372	1406
1384	1297	1372
1297	1311	1372
1311	1444	1372
1297	1290	1311
1290	1215	1311
1215	1244	1311
1215	1173	1244
1173	1193	1244
1193	1276	1244
1193	1186	1276
1193	1147	1186
1147	1133	1186
1147	1107	1133
1107	1014	1133
1014	1115	1133
1014	1028	1115
1028	1163	1115
1028	1111	1163
1111	1174	1163
1111	1080	1174
1080	1146	1174
1080	975	1146
1080	996	975
996	946	975
946	848	975
848	875	975
848	800	875
800	758	875
758	819	875
758	731	819
731	652	819
652	753	819
753	864	819
652	651	753
651	680	753
680	702	753
680	633	702
633	610	702
633	581	610
581	529	610
529	582	610
529	528	582
528	580	582
529	505	528
505	404	528
404	499	528
404	453	499
404	397	453
397	398	453
397	336	398
336	381	398
336	334	381
336	310	334
310	311	334
311	369	334
311	337	369
337	373	369
373	393	369
393	500	369
500	468	369
393	454	500
393	373	454
373	422	454
373	371	422
371	413	422
413	445	422
445	471	422
445	451	471
451	542	471
542	514	471
514	553	471
542	560	514
542	539	560
542	451	539
445	413	451
413	418	451
413	371	418
371	337	418
337	323	418
323	365	418
323	356	365
323	331	356
323	235	331
235	229	331
229	292	331
229	236	292
236	270	292
236	203	270
203	249	270
249	291	270
249	237	291
237	313	291
313	335	291
335	406	291
313	274	335
313	237	274
236	219	203
219	181	203
181	151	203
181	166	151
166	177	151
177	117	151
117	109	151
177	108	117
108	98	117
98	63	117
98	80	63
80	54	63
54	53	63
53	59	63
59	93	63
93	109	63
93	92	109
93	59	92
59	57	92
59	53	57
53	43	57
43	82	57
43	29	82
29	72	82
72	147	82
147	123	82
147	182	123
147	197	182
147	188	197
188	290	197
290	263	197
290	294	263
294	242	263
294	327	242
327	370	242
327	353	370
353	423	370
423	495	370
495	481	370
495	525	481
525	473	481
423	591	495
423	433	591
433	563	591
563	606	591
606	655	591
655	624	591
606	755	655
755	817	655
755	772	817
772	951	817
951	874	817
772	815	951
815	947	951
947	1040	951
947	1051	1040
1051	1123	1040
1123	1143	1040
1143	1139	1040
1143	1278	1139
1278	1206	1139
1206	1183	1139
1183	1106	1139
1183	1179	1106
1179	1154	1106
1154	1055	1106
1055	999	1106
1055	1011	999
1011	904	999
904	874	999
1011	899	904
1011	1067	899
1067	923	899
923	878	899
878	835	899
878	821	835
821	792	835
821	724	792
724	684	792
724	531	684
531	669	684
531	578	669
531	490	578
531	544	490
531	724	544
821	759	724
759	708	724
759	783	708
783	767	708
767	739	708
767	865	739
865	734	739
865	909	734
909	742	734
742	689	734
742	646	689
646	625	689
625	643	689
625	597	643
625	595	597
595	648	597
595	683	648
683	805	648
683	925	805
683	838	925
595	598	683
595	588	598
588	656	598
588	604	656
604	631	656
631	692	656
631	663	692
631	604	663
588	601	604
601	646	604
601	625	646
601	595	625
601	588	595
742	760	646
742	832	760
742	909	832
909	937	832
937	1037	832
1037	921	832
937	1033	1037
1033	1092	1037
1092	1085	1037
1092	1196	1085
1196	1175	1085
1175	1038	1085
1175	1162	1038
1175	1232	1162
1232	1273	1162
1232	1323	1273
1323	1355	1273
1323	1418	1355
1418	1399	1355
1418	1479	1399
1479	1354	1399
1479	1478	1354
1478	1456	1354
1456	1335	1354
1456	1477	1335
1477	1298	1335
1298	1286	1335
1298	1285	1286
1285	1148	1286
1298	1451	1285
1456	1537	1477
1537	1496	1477
1537	1659	1496
1659	1703	1496
1703	1576	1496
1576	1501	1496
1703	1715	1576
1715	1739	1576
1739	1775	1576
1739	1827	1775
1827	1805	1775
1827	1917	1805
1827	1902	1917
1827	1756	1902
1756	1856	1902
1856	1932	1902
1932	2118	1902
1932	2041	2118
2041	2109	2118
2109	2343	2118
2343	2352	2118
2352	2157	2118
2109	2248	2343
2109	2137	2248
2137	2127	2248
2137	2055	2127
2137	2086	2055
2086	2041	2055
2041	1942	2055
1942	2019	2055
2019	2050	2055
2019	2063	2050
2063	2132	2050
2063	2075	2132
2075	2133	2132
2133	2179	2132
2133	2123	2179
2123	2218	2179
2218	2239	2179
2218	2211	2239
2211	2287	2239
2287	2350	2239
2350	2361	2239
2350	2448	2361
2350	2417	2448
2350	2328	2417
2328	2394	2417
2328	2278	2394
2278	2349	2394
2278	2260	2349
2278	2209	2260
2209	2219	2260
2209	2081	2219
2081	2129	2219
2081	2097	2129
2097	2143	2129
2097	2088	2143
2088	2162	2143
2162	2241	2143
2162	2225	2241
2225	2458	2241
2162	2180	2225
2162	2088	2180
2081	1956	2097
2081	2062	1956
2062	1945	1956
1945	1948	1956
1948	1976	1956
1948	1888	1976
1888	1944	1976
1944	2080	1976
1944	2072	2080
2072	2289	2080
2072	2009	2289
2009	2052	2289
1888	1853	1944
1853	1834	1944
1853	1705	1834
1705	1770	1834
1770	1792	1834
1792	1857	1834
1857	1875	1834
1792	1799	1857
1799	1812	1857
1812	1845	1857
1845	2009	1857
1812	1664	1845
1812	1679	1664
1679	1638	1664
1638	1570	1664
1638	1562	1570
1562	1525	1570
1562	1460	1525
1562	1612	1460
1612	1526	1460
1526	1415	1460
1415	1376	1460
1376	1340	1460
1340	1379	1460
1340	1310	1379
1340	1202	1310
1340	1242	1202
1242	1062	1202
1062	1052	1202
1052	1069	1202
1069	1137	1202
1069	1094	1137
1094	1241	1137
1094	1217	1241
1069	1039	1094
1069	1009	1039
1009	917	1039
1009	940	917
940	898	917
898	769	917
769	854	917
769	795	854
795	895	854
769	693	795
769	649	693
649	614	693
898	778	769
778	726	769
940	944	898
944	960	898
944	1062	960
1062	995	960
1062	1242	995
944	1052	1062
944	940	1052
940	1009	1052
1009	1069	1052
1340	1376	1242
1376	1319	1242
1376	1415	1319
1415	1358	1319
1358	1294	1319
1358	1334	1294
1334	1263	1294
1263	1165	1294
1165	1216	1294
1165	1142	1216
1142	1042	1216
1165	1129	1142
1165	1226	1129
1226	1289	1129
1289	1295	1129
1295	1125	1129
1125	1029	1129
1125	1053	1029
1295	1223	1125
1295	1312	1223
1312	1338	1223
1338	1269	1223
1338	1356	1269
1356	1361	1269
1361	1293	1269
1293	1227	1269
1227	1189	1269
1293	1291	1227
1291	1197	1227
1197	1104	1227
1197	1082	1104
1082	1070	1104
1082	1047	1070
1047	1036	1070
1047	877	1036
877	842	1036
842	843	1036
843	1050	1036
843	844	1050
843	678	844
678	845	844
845	860	844
845	674	860
674	885	860
674	781	885
674	706	781
706	816	781
706	737	816
737	790	816
737	747	790
747	797	790
737	574	747
706	667	737
706	612	667
612	506	667
612	488	506
488	455	506
455	390	506
390	420	506
612	562	488
562	491	488
706	674	612
1047	1051	877
1051	947	877
947	815	877
815	806	877
1047	1082	1051
1082	1132	1051
1132	1138	1051
1138	1123	1051
1138	1304	1123
1304	1143	1123
1304	1278	1143
1304	1332	1278
1332	1274	1278
1274	1206	1278
1274	1179	1206
1179	1183	1206
1274	1248	1179
1248	1178	1179
1178	1154	1179
1178	1108	1154
1108	1055	1154
1108	1067	1055
1067	1011	1055
1108	1119	1067
1119	989	1067
989	962	1067
962	950	1067
950	923	1067
950	821	923
821	878	923
950	788	821
788	786	821
786	759	821
786	788	759
788	783	759
788	916	783
916	767	783
916	907	767
907	865	767
907	932	865
932	909	865
932	937	909
932	1033	937
932	1089	1033
1089	1093	1033
1093	1090	1033
1090	1092	1033
1090	1117	1092
1117	1196	1092
1117	1219	1196
1219	1232	1196
1232	1175	1196
1219	1277	1232
1277	1323	1232
1277	1397	1323
1397	1418	1323
1397	1535	1418
1535	1530	1418
1530	1491	1418
1491	1479	1418
1491	1552	1479
1552	1498	1479
1498	1478	1479
1498	1537	1478
1537	1456	1478
1498	1630	1537
1630	1659	1537
1630	1699	1659
1699	1709	1659
1709	1703	1659
1709	1746	1703
1746	1715	1703
1746	1756	1715
1756	1739	1715
1756	1827	1739
1746	1820	1756
1820	1856	1756
1820	1881	1856
1820	1798	1881
1798	1779	1881
1779	1866	1881
1866	1986	1881
1866	1847	1986
1847	1862	1986
1862	1880	1986
1880	1991	1986
1991	2029	1986
2029	2075	1986
2075	2063	1986
2029	2133	2075
2029	2096	2133
2096	2123	2133
2096	2012	2123
2012	2151	2123
2151	2218	2123
2151	2211	2218
2151	2160	2211
2160	2209	2211
2209	2278	2211
2278	2287	2211
2278	2328	2287
2328	2350	2287
2160	2081	2209
2160	2062	2081
2160	2026	2062
2026	1998	2062
1998	1961	2062
1961	1945	2062
1961	1943	1945
1943	1912	1945
1943	1961	1912
1961	1851	1912
1851	1823	1912
1823	1777	1912
1823	1732	1777
1732	1640	1777
1640	1748	1777
1748	1888	1777
1748	1853	1888
1748	1705	1853
1748	1690	1705
1690	1667	1705
1667	1719	1705
1719	1770	1705
1719	1799	1770
1799	1792	1770
1719	1679	1799
1679	1812	1799
1719	1562	1679
1562	1638	1679
1719	1612	1562
1719	1667	1612
1667	1690	1612
1690	1574	1612
1574	1526	1612
1574	1573	1526
1573	1558	1526
1558	1520	1526
1520	1415	1526
1520	1427	1415
1427	1358	1415
1427	1391	1358
1391	1334	1358
1391	1306	1334
1306	1289	1334
1289	1263	1334
1289	1226	1263
1226	1165	1263
1427	1523	1391
1523	1504	1391
1523	1590	1504
1523	1588	1590
1588	1677	1590
1677	1657	1590
1657	1654	1590
1654	1469	1590
1654	1568	1469
1568	1510	1469
1510	1366	1469
1510	1431	1366
1431	1375	1366
1375	1338	1366
1338	1312	1366
1312	1316	1366
1316	1295	1366
1316	1312	1295
1375	1356	1338
1375	1420	1356
1420	1361	1356
1420	1432	1361
1432	1426	1361
1426	1383	1361
1383	1293	1361
1383	1291	1293
1383	1398	1291
1398	1404	1291
1404	1378	1291
1378	1270	1291
1270	1197	1291
1270	1195	1197
1195	1134	1197
1134	1082	1197
1134	1132	1082
1134	1195	1132
1195	1138	1132
1195	1304	1138
1195	1270	1304
1270	1321	1304
1321	1349	1304
1349	1423	1304
1423	1332	1304
1423	1373	1332
1373	1258	1332
1258	1274	1332
1258	1248	1274
1258	1219	1248
1219	1141	1248
1141	1178	1248
1141	1126	1178
1126	1119	1178
1119	1108	1178
1126	1089	1119
1089	989	1119
1089	932	989
932	914	989
914	916	989
916	962	989
916	950	962
916	788	950
914	907	916
914	932	907
1126	1141	1089
1141	1093	1089
1141	1117	1093
1117	1090	1093
1141	1219	1117
1258	1277	1219
1258	1359	1277
1359	1397	1277
1359	1373	1397
1373	1485	1397
1485	1535	1397
1485	1564	1535
1564	1627	1535
1627	1548	1535
1548	1530	1535
1548	1552	1530
1552	1491	1530
1548	1626	1552
1626	1630	1552
1630	1498	1552
1626	1658	1630
1658	1699	1630
1658	1721	1699
1721	1798	1699
1798	1746	1699
1746	1709	1699
1798	1820	1746
1721	1779	1798
1721	1782	1779
1782	1866	1779
1782	1846	1866
1846	1847	1866
1846	1772	1847
1772	1776	1847
1776	1862	1847
1776	1880	1862
1776	1923	1880
1923	1991	1880
1923	1981	1991
1981	2020	1991
2020	2029	1991
2020	2096	2029
2020	2012	2096
2020	1895	2012
1895	1998	2012
1998	2026	2012
2026	2151	2012
2026	2160	2151
1895	1961	1998
1895	1851	1961
1895	1870	1851
1870	1861	1851
1861	1825	1851
1825	1823	1851
1825	1808	1823
1808	1760	1823
1760	1732	1823
1760	1640	1732
1760	1677	1640
1677	1588	1640
1588	1558	1640
1558	1573	1640
1573	1748	1640
1573	1574	1748
1574	1690	1748
1588	1520	1558
1588	1523	1520
1523	1427	1520
1760	1806	1677
1806	1729	1677
1729	1657	1677
1729	1654	1657
1729	1735	1654
1735	1586	1654
1586	1568	1654
1586	1551	1568
1551	1510	1568
1551	1431	1510
1551	1432	1431
1432	1420	1431
1420	1375	1431
1551	1578	1432
1578	1524	1432
1524	1426	1432
1524	1383	1426
1524	1398	1383
1524	1505	1398
1505	1404	1398
1505	1378	1404
1505	1458	1378
1458	1321	1378
1321	1270	1378
1458	1349	1321
1458	1423	1349
1458	1485	1423
1485	1373	1423
1458	1564	1485
1458	1505	1564
1505	1635	1564
1635	1627	1564
1635	1685	1627
1685	1651	1627
1651	1626	1627
1626	1548	1627
1651	1721	1626
1721	1658	1626
1651	1782	1721
1651	1763	1782
1763	1745	1782
1745	1846	1782
1745	1772	1846
1745	1684	1772
1684	1598	1772
1684	1656	1598
1656	1524	1598
1524	1578	1598
1578	1592	1598
1592	1776	1598
1578	1586	1592
1578	1551	1586
1656	1606	1524
1606	1505	1524
1606	1635	1505
1606	1685	1635
1606	1656	1685
1656	1745	1685
1745	1734	1685
1734	1651	1685
1734	1763	1651
1734	1745	1763
1656	1684	1745
1729	1825	1735
1825	1861	1735
1861	1870	1735
1870	1776	1735
1729	1806	1825
1806	1808	1825
1806	1760	1808
1895	1923	1870
1895	1981	1923
1895	2020	1981
1359	1258	1373
1948	1945	1888
1942	1856	2019
1942	1932	1856
1942	2041	1932
2086	2109	2041
2086	2137	2109
755	657	772
657	670	772
657	566	670
657	563	566
563	432	566
432	399	566
399	530	566
563	433	432
433	405	432
405	396	432
405	284	396
284	282	396
284	188	282
188	252	282
284	290	188
284	353	290
353	294	290
353	327	294
284	405	353
405	433	353
433	423	353
657	606	563
657	755	606
147	125	188
43	40	29
40	42	29
42	32	29
32	22	29
32	13	22
32	12	13
12	19	13
12	18	19
12	27	18
27	39	18
39	21	18
21	10	18
10	4	18
4	3	18
4	2	3
2	11	3
11	17	3
17	37	3
37	19	3
17	49	37
17	48	49
48	125	49
17	11	48
11	67	48
11	23	67
11	9	23
9	5	23
9	6	5
9	2	6
2	8	6
8	25	6
25	16	6
25	24	16
24	20	16
20	14	16
20	28	14
20	24	28
24	30	28
30	41	28
41	35	28
35	44	28
35	58	44
58	75	44
75	91	44
58	65	75
65	84	75
65	87	84
87	124	84
124	131	84
87	116	124
87	81	116
81	100	116
100	130	116
100	118	130
100	79	118
79	95	118
95	115	118
95	90	115
90	88	115
88	104	115
104	155	115
155	170	115
170	173	115
155	195	170
155	199	195
199	230	195
199	221	230
221	250	230
221	257	250
221	191	257
191	224	257
224	280	257
224	212	280
212	298	280
298	364	280
212	227	298
227	255	298
227	233	255
227	174	233
174	167	233
167	175	233
175	205	233
205	231	233
205	217	231
217	303	231
217	198	303
198	283	303
283	317	303
283	332	317
332	372	317
332	415	372
332	350	415
350	386	415
386	458	415
458	484	415
484	470	415
386	385	458
385	376	458
350	301	386
350	299	301
299	253	301
253	277	301
253	215	277
215	238	277
238	279	277
279	376	277
279	339	376
339	384	376
339	358	384
339	279	358
279	349	358
279	333	349
333	342	349
342	388	349
342	321	388
321	437	388
342	333	321
333	243	321
243	272	321
272	318	321
318	377	321
318	322	377
322	392	377
392	414	377
414	417	377
417	452	377
417	460	452
460	497	452
497	478	452
478	437	452
497	550	478
550	575	478
575	507	478
550	644	575
644	627	575
644	645	627
644	697	645
697	671	645
697	799	671
799	698	671
799	794	698
794	752	698
752	720	698
752	750	720
750	777	720
777	738	720
777	803	738
803	729	738
803	771	729
771	673	729
777	872	803
872	890	803
872	936	890
936	942	890
936	1058	942
1058	983	942
1058	1056	983
777	919	872
777	794	919
794	887	919
887	1043	919
1043	955	919
887	958	1043
958	1019	1043
1019	1118	1043
1019	1214	1118
1019	1076	1214
1076	1208	1214
1208	1290	1214
1290	1297	1214
1208	1215	1290
1208	1173	1215
1208	1076	1173
1076	1091	1173
1091	1107	1173
1107	1147	1173
1147	1193	1173
1091	1035	1107
1035	978	1107
978	1014	1107
978	969	1014
978	846	969
846	946	969
846	848	946
846	812	848
812	782	848
782	800	848
782	717	800
717	758	800
717	668	758
668	676	758
676	731	758
676	652	731
676	619	652
619	651	652
619	633	651
633	680	651
619	579	633
579	581	633
579	504	581
504	529	581
504	475	529
475	505	529
475	462	505
462	404	505
462	425	404
425	345	404
345	336	404
336	397	404
345	319	336
319	310	336
319	296	310
296	286	310
286	251	310
251	311	310
251	323	311
323	337	311
251	235	323
251	239	235
239	210	235
210	216	235
216	229	235
216	209	229
209	236	229
209	219	236
209	232	219
232	248	219
248	220	219
220	181	219
220	196	181
196	166	181
196	185	166
185	177	166
185	260	177
260	254	177
254	162	177
162	119	177
119	108	177
119	98	108
119	110	98
110	80	98
110	111	80
111	105	80
111	114	105
114	134	105
134	132	105
134	154	132
154	148	132
148	120	132
148	145	120
145	157	120
157	99	120
157	146	99
146	102	99
102	85	99
85	64	99
64	42	99
64	51	42
51	32	42
51	62	32
62	38	32
38	27	32
27	12	32
38	39	27
38	60	39
60	68	39
68	70	39
70	45	39
45	33	39
33	21	39
33	46	21
46	31	21
31	8	21
8	10	21
8	2	10
2	4	10
31	25	8
33	45	46
45	73	46
73	96	46
73	97	96
97	127	96
127	128	96
128	101	96
101	76	96
101	104	76
104	88	76
88	77	76
88	90	77
90	79	77
79	52	77
79	55	52
55	50	52
50	41	52
41	30	52
50	58	41
58	35	41
50	65	58
50	81	65
81	87	65
50	55	81
55	79	81
79	100	81
90	95	79
101	155	104
101	135	155
135	179	155
179	199	155
179	221	199
179	183	221
183	191	221
183	171	191
183	150	171
150	139	171
150	127	139
127	129	139
127	113	129
113	107	129
107	152	129
107	136	152
136	146	152
146	167	152
167	174	152
146	175	167
146	192	175
192	205	175
192	217	205
192	198	217
192	157	198
157	158	198
158	189	198
189	283	198
158	145	189
145	148	189
148	154	189
158	157	145
192	146	157
136	102	146
136	103	102
103	85	102
103	69	85
69	62	85
62	66	85
66	64	85
66	51	64
66	62	51
69	60	62
60	38	62
69	68	60
69	107	68
107	83	68
83	70	68
83	73	70
73	45	70
83	97	73
83	113	97
113	127	97
83	107	113
69	103	107
103	136	107
150	128	127
150	135	128
135	101	128
150	179	135
150	183	179
134	161	154
161	186	154
161	215	186
215	253	186
161	214	215
214	238	215
214	218	238
218	279	238
218	243	279
243	333	279
218	190	243
190	194	243
194	272	243
194	193	272
193	261	272
261	318	272
261	247	318
247	315	318
315	322	318
315	265	322
315	254	265
254	260	265
260	248	265
260	234	248
234	220	248
234	225	220
225	196	220
225	185	196
225	260	185
225	234	260
315	247	254
247	162	254
247	193	162
193	163	162
163	149	162
149	119	162
149	111	119
111	110	119
149	114	111
149	134	114
149	169	134
169	161	134
169	214	161
169	190	214
190	218	214
169	194	190
169	178	194
178	193	194
178	163	193
178	149	163
178	169	149
247	261	193
232	262	248
262	297	248
262	287	297
287	295	297
295	324	297
324	348	297
324	363	348
363	395	348
395	360	348
360	322	348
360	392	322
360	401	392
401	474	392
474	414	392
474	460	414
460	417	414
474	537	460
537	497	460
537	550	497
537	644	550
537	675	644
675	697	644
675	764	697
764	799	697
764	833	799
833	889	799
889	794	799
889	887	794
889	958	887
889	833	958
764	796	833
796	873	833
796	820	873
820	831	873
831	928	873
928	985	873
928	1035	985
1035	1076	985
1076	1019	985
1019	958	985
1035	1091	1076
928	978	1035
928	846	978
928	831	846
831	812	846
831	820	812
820	782	812
820	694	782
694	690	782
690	717	782
690	668	717
690	621	668
621	617	668
617	676	668
617	536	676
536	552	676
552	619	676
552	579	619
552	504	579
552	493	504
493	492	504
492	475	504
492	462	475
492	425	462
492	419	425
419	343	425
343	345	425
343	308	345
308	273	345
273	319	345
273	296	319
273	286	296
273	232	286
232	210	286
210	239	286
239	251	286
232	206	210
206	216	210
206	209	216
206	232	209
273	262	232
273	287	262
273	308	287
308	295	287
308	343	295
343	324	295
343	363	324
343	419	363
419	412	363
412	395	363
412	401	395
401	360	395
412	467	401
467	474	401
467	498	474
498	537	474
498	513	537
513	641	537
641	675	537
641	694	675
694	766	675
766	764	675
766	796	764
766	820	796
766	694	820
641	690	694
641	611	690
611	621	690
611	549	621
549	617	621
549	527	617
527	536	617
527	476	536
476	493	536
493	552	536
476	447	493
447	492	493
447	419	492
447	412	419
447	476	412
476	489	412
489	467	412
489	513	467
513	498	467
489	549	513
549	611	513
611	641	513
489	527	549
489	476	527
777	750	794
750	752	794
299	278	253
299	305	278
305	332	278
305	350	332
305	299	350
227	212	174
24	25	30
9	11	2
40	54	42
40	53	54
40	43	53
371	373	337
996	1028	946
996	1111	1028
996	1080	1111
259	325	320
325	435	320
435	366	320
268	341	312
374	446	427
375	416	391
379	403	441
383	430	449
430	407	449
424	546	510
510	442	424
510	472	442
510	577	472
510	546	577
546	600	577
546	585	600
585	696	600
696	809	600
696	871	809
871	1005	809
1005	979	809
1005	1212	979
1212	1145	979
1145	959	979
431	521	572
521	740	572
740	661	572
740	826	661
740	850	826
850	900	826
900	870	826
850	952	900
850	931	952
850	880	931
850	741	880
741	828	880
850	740	741
501	622	541
622	665	541
665	571	541
665	687	571
665	810	687
810	746	687
746	715	687
746	855	715
855	712	715
712	677	715
712	710	677
712	807	710
807	705	710
746	884	855
884	953	855
953	998	855
746	810	884
665	763	810
763	866	810
763	869	866
665	622	763
622	650	763
515	637	599
561	749	730
568	607	603
607	653	603
653	748	603
748	650	603
653	682	748
682	886	748
682	757	886
682	664	757
682	607	664
682	653	607
576	804	654
804	811	654
811	745	654
811	858	745
858	774	745
774	637	745
858	1016	774
1016	1000	774
811	1031	858
594	608	681
681	761	594
638	659	728
638	704	659
704	743	659
704	762	743
762	818	743
818	830	743
830	663	743
818	988	830
818	1025	988
818	891	1025
891	963	1025
818	704	891
818	762	704
638	685	704
638	728	685
728	686	685
728	881	686
728	902	881
647	732	768
666	852	716
666	841	852
666	813	841
813	1003	841
700	793	754
793	876	754
876	911	754
876	994	911
994	1021	911
876	892	994
892	1001	994
1001	1088	994
892	856	1001
892	793	856
793	722	856
793	700	722
892	876	793
707	784	814
721	801	906
801	926	906
926	961	906
961	956	906
961	1218	956
1218	1116	956
961	1236	1218
736	879	798
879	935	798
765	808	836
765	773	808
808	883	836
775	863	930
863	997	930
997	1209	930
1209	1185	930
1185	1168	930
1168	963	930
1209	1325	1185
1209	1465	1325
1465	1516	1325
1516	1411	1325
1516	1513	1411
1513	1448	1411
1513	1547	1448
1547	1449	1448
1547	1643	1449
1643	1481	1449
1481	1408	1449
1481	1536	1408
1536	1457	1408
1536	1575	1457
1536	1643	1575
1643	1751	1575
1536	1481	1643
1547	1753	1643
1753	1841	1643
1753	1970	1841
1516	1665	1513
1516	1540	1665
1516	1465	1540
1209	1370	1465
1370	1538	1465
1370	1569	1538
1569	1665	1538
1569	1757	1665
1569	1816	1757
1816	1992	1757
1209	1211	1370
1209	997	1211
863	945	997
787	973	934
787	949	973
827	1004	829
1004	1066	829
1066	970	829
1066	1121	970
1066	1234	1121
1234	1243	1121
1243	1272	1121
1243	1348	1272
1243	1234	1348
1234	1245	1348
1245	1386	1348
1386	1480	1348
1386	1559	1480
1386	1508	1559
1508	1642	1559
1642	1689	1559
1642	1712	1689
1386	1336	1508
1386	1245	1336
1245	1283	1336
1283	1430	1336
1234	1066	1245
827	922	1004
922	1140	1004
922	976	1140
976	1013	1140
847	941	913
859	888	933
888	971	933
971	1087	933
971	1071	1087
1071	1192	1087
1071	1188	1192
1071	1128	1188
1128	1228	1188
1228	1284	1188
1228	1301	1284
1228	1252	1301
1252	1401	1301
1252	1287	1401
1287	1363	1401
1363	1486	1401
1486	1519	1401
1486	1611	1519
1363	1454	1486
1454	1495	1486
1495	1587	1486
1495	1545	1587
1495	1467	1545
1467	1492	1545
1492	1621	1545
1495	1396	1467
1396	1360	1467
1396	1328	1360
1396	1363	1328
1363	1287	1328
1287	1153	1328
1396	1454	1363
1396	1495	1454
971	888	1071
861	966	918
966	1034	918
868	968	1098
868	805	968
968	1041	1098
1041	1144	1098
901	964	993
964	1057	993
915	981	954
954	895	915
981	1086	954
981	1073	1086
1073	1131	1086
1073	1158	1131
981	957	1073
957	977	1073
981	915	957
939	1072	1032
1072	1122	1032
1122	1253	1032
1122	1229	1253
1229	1436	1253
1436	1437	1253
1437	1417	1253
1417	1394	1253
1394	1275	1253
1275	1204	1253
1275	1327	1204
1275	1394	1327
1394	1566	1327
1566	1539	1327
1539	1445	1327
1445	1177	1327
1445	1261	1177
1539	1556	1445
1539	1596	1556
1596	1648	1556
1539	1566	1596
1566	1747	1596
1417	1660	1394
1417	1437	1660
1122	1184	1229
1184	1282	1229
1282	1333	1229
1282	1471	1333
1471	1403	1333
1471	1602	1403
1471	1622	1602
1622	1713	1602
1713	1771	1602
1771	1660	1602
1713	1822	1771
1822	1849	1771
1822	1938	1849
1938	2038	1849
2038	1924	1849
2038	1954	1924
1822	1949	1938
1949	2106	1938
1713	1759	1822
1713	1645	1759
1645	1619	1759
1619	1794	1759
1794	1994	1759
1794	1824	1994
1794	1755	1824
1794	1550	1755
1794	1619	1550
1619	1502	1550
1713	1622	1645
1122	1072	1184
967	1006	980
1006	1096	980
1006	1172	1096
974	1017	1045
1045	1112	974
1045	1159	1112
1159	1250	1112
987	1109	1024
1109	1068	1024
1068	1008	1024
992	1046	1169
1012	1059	1048
1060	1194	1161
1194	1257	1161
1257	1135	1161
1257	1210	1135
1257	1324	1210
1257	1409	1324
1079	1180	1256
1081	1167	1105
1167	1182	1105
1095	1367	1164
1367	1440	1164
1440	1203	1164
1203	1110	1164
1440	1503	1203
1503	1400	1203
1503	1500	1400
1500	1661	1400
1661	1560	1400
1560	1413	1400
1661	1723	1560
1500	1801	1661
1500	1767	1801
1767	1832	1801
1767	2065	1832
2065	2126	1832
2126	2089	1832
2126	2167	2089
2167	2166	2089
2166	1971	2089
2166	2092	1971
2166	2198	2092
2166	2370	2198
2370	2254	2198
2370	2314	2254
2370	2373	2314
2370	2512	2373
2512	2398	2373
2370	2371	2512
2371	2585	2512
2585	2629	2512
2585	2755	2629
2585	2676	2755
2676	2698	2755
2698	2921	2755
2698	2942	2921
2942	2971	2921
2942	3104	2971
2942	2899	3104
2942	2698	2899
2698	2656	2899
2656	2869	2899
2869	3047	2899
2869	2864	3047
2656	2628	2869
2628	2607	2869
2628	2397	2607
2628	2452	2397
2628	2656	2452
2656	2451	2452
2451	2371	2452
2451	2585	2371
2451	2676	2585
2451	2656	2676
2656	2698	2676
2370	2166	2371
2166	2167	2371
2126	2397	2167
2126	2340	2397
2126	2065	2340
2065	2023	2340
2065	1767	2023
1767	1728	2023
1728	1697	2023
1728	1440	1697
1728	1503	1440
1728	1767	1503
1767	1500	1503
1099	1238	1262
1238	1369	1262
1238	1265	1369
1265	1343	1369
1343	1466	1369
1343	1463	1466
1343	1435	1463
1343	1284	1435
1265	1192	1343
1262	1176	1099
1176	1088	1099
1262	1224	1176
1262	1302	1224
1302	1314	1224
1103	1181	1247
1181	1288	1247
1181	1235	1288
1181	1124	1235
1127	1402	1368
1402	1697	1368
1402	1698	1697
1698	1833	1697
1698	1561	1833
1561	1768	1833
1768	1890	1833
1890	2090	1833
2090	2024	1833
1890	2091	2090
1768	1859	1890
1859	2025	1890
1859	1926	2025
1926	2064	2025
1926	1990	2064
1926	1928	1990
1926	1695	1928
1695	1717	1928
1717	1996	1928
1717	1731	1996
1731	1898	1996
1898	2093	1996
1898	1962	2093
1898	1648	1962
1768	1769	1859
1768	1662	1769
1662	1663	1769
1768	1561	1662
1561	1628	1662
1698	1402	1561
1149	1187	1267
1160	1292	1240
1240	1144	1160
1240	1268	1144
1240	1292	1268
1166	1346	1305
1305	1140	1166
1198	1326	1296
1326	1428	1296
1428	1416	1296
1416	1410	1296
1416	1623	1410
1416	1610	1623
1610	1670	1623
1610	1838	1670
1610	1546	1838
1546	1577	1838
1546	1482	1577
1482	1487	1577
1487	1615	1577
1615	1754	1577
1487	1484	1615
1484	1696	1615
1484	1603	1696
1482	1326	1487
1326	1268	1487
1482	1428	1326
1482	1546	1428
1546	1416	1428
1546	1610	1416
1201	1347	1313
1347	1419	1313
1201	1314	1347
1230	1259	1365
1237	1330	1249
1239	1497	1246
1246	1016	1239
1239	1308	1497
1308	1529	1497
1308	1522	1529
1522	1680	1529
1522	1609	1680
1260	1464	1441
1464	1591	1441
1591	1476	1441
1476	1439	1441
1317	1453	1442
1320	1388	1382
1382	1172	1320
1322	1434	1341
1342	1412	1387
1412	1541	1387
1541	1443	1387
1541	1599	1443
1352	1472	1455
1472	1490	1455
1490	1459	1455
1490	1584	1459
1584	1534	1459
1371	1407	1521
1407	1506	1521
1521	1385	1371
1377	1414	1483
1483	1601	1377
1422	1494	1461
1450	1462	1499
1488	1641	1514
1641	1580	1514
1641	1724	1580
1488	1594	1641
1489	1604	1509
1604	1544	1509
1544	1492	1509
1489	1555	1604
1555	1593	1604
1593	1702	1604
1593	1634	1702
1593	1555	1634
1555	1532	1634
1512	1718	1730
1718	1968	1730
1718	1844	1968
1844	2074	1968
2074	2112	1968
1844	1865	2074
1865	2120	2074
2120	2116	2074
1865	1966	2120
1966	2113	2120
1865	1809	1966
1809	1680	1966
1680	1916	1966
1865	1844	1809
1517	1666	1693
1666	1839	1693
1666	1802	1839
1802	1882	1839
1518	1631	1605
1631	1738	1605
1738	1700	1605
1631	1804	1738
1533	1650	1652
1650	1784	1652
1533	1639	1650
1557	1585	1708
1585	1599	1708
1708	1716	1557
1572	1691	1655
1691	1749	1655
1749	1649	1655
1579	1774	1814
1774	1906	1814
1906	1868	1814
1774	1835	1906
1581	1720	1608
1582	1789	1686
1583	1637	1600
1583	1737	1637
1737	1600	1637
1583	1810	1737
1810	1872	1737
1872	1901	1737
1583	1700	1810
1595	1653	1795
1595	1506	1653
1506	1618	1653
1618	1673	1653
1618	1563	1673
1563	1646	1673
1653	1863	1795
1863	1947	1795
1947	1826	1795
1826	1791	1795
1826	1852	1791
1826	1980	1852
1826	2018	1980
1826	1947	2018
1863	2003	1947
1624	1765	1830
1632	1722	1733
1647	1683	1682
1683	1783	1682
1783	1714	1682
1671	1761	1842
1671	1621	1761
1761	1922	1842
1678	1773	1909
1773	1984	1909
1681	1780	1815
1780	1829	1815
1780	1905	1829
1687	1701	1692
1706	1860	1762
1762	1740	1706
1707	1787	1807
1787	1897	1807
1787	1842	1897
1710	1828	1821
1828	1908	1821
1908	1766	1821
1741	1850	1893
1850	1953	1893
1953	2021	1893
1953	2094	2021
2094	2193	2021
2094	2087	2193
2087	2189	2193
2189	2281	2193
2281	2285	2193
2087	2058	2189
2058	2104	2189
2104	2295	2189
2058	2027	2104
2027	1999	2104
1758	1797	1885
1797	1896	1885
1758	1764	1797
1790	1848	1811
1800	1855	1843
1800	1784	1855
1784	1837	1855
1803	1920	1874
1813	2060	2031
2060	2163	2031
2060	2165	2163
2165	2339	2163
2165	2342	2339
2342	2423	2339
1818	1935	2048
1935	2002	2048
2048	1789	1818
1864	1929	1930
1930	2040	1864
1930	2136	2040
2136	2107	2040
2136	2264	2107
2136	2196	2264
2196	2294	2264
2294	2342	2264
2196	2318	2294
2196	2375	2318
2196	2188	2375
2188	2384	2375
2384	2415	2375
2384	2426	2415
2384	2431	2426
2431	2443	2426
2431	2500	2443
2431	2489	2500
2489	2598	2500
2489	2541	2598
2541	2584	2598
2584	2681	2598
2541	2410	2584
2384	2158	2431
2158	2200	2431
2384	2188	2158
2196	2056	2188
2196	1929	2056
1929	1894	2056
1929	1751	1894
1929	1864	1751
2196	2136	1929
2136	1930	1929
1867	2036	2035
2036	2142	2035
1871	1972	2000
1972	2131	2000
2131	2039	2000
2131	2134	2039
2134	2079	2039
2134	2238	2079
2238	2223	2079
2238	2360	2223
2134	2240	2238
2134	2131	2240
1884	2084	2030
1884	2059	2084
1903	2101	1995
1925	1959	1975
1936	2177	2006
2177	2139	2006
2139	2033	2006
2033	2015	2006
2177	2194	2139
1952	2054	1982
1982	1691	1952
1955	2099	1973
1973	1909	1955
1960	2148	2146
2148	2321	2146
2148	2191	2321
2191	2386	2321
2386	2517	2321
2517	2436	2321
2436	2432	2321
1965	2078	2082
1965	1901	2078
1969	2053	2061
1979	2016	2105
1993	2182	2022
1993	2005	2182
2005	2122	2182
2005	2071	2122
2071	2195	2122
2001	2068	2008
2008	1838	2001
1838	1940	2001
2068	2224	2008
2068	2270	2224
2068	2001	2270
2001	2163	2270
2007	2145	2017
2145	2014	2017
2145	2144	2014
2145	2293	2144
2293	2273	2144
2273	2215	2144
2273	2320	2215
2273	2293	2320
2034	2045	2181
2045	2115	2181
2115	2280	2181
2037	2256	2117
2256	2208	2117
2208	2159	2117
2208	2262	2159
2262	2206	2159
2206	2200	2159
2200	1970	2159
2208	2256	2262
2256	2410	2262
2037	2183	2256
2037	1992	2183
2046	2128	2199
2073	2156	2102
2156	2150	2102
2076	2114	2213
2077	2252	2103
2083	2175	2169
2169	2183	2083
2098	2283	2274
2283	2304	2274
2304	2311	2274
2110	2186	2119
2186	2178	2119
2110	2192	2186
2130	2230	2247
2247	2222	2130
2222	2114	2130
2114	1947	2130
2114	2153	1947
2247	2324	2222
2324	2367	2222
2367	2153	2222
2324	2374	2367
2374	2381	2367
2381	2484	2367
2381	2374	2484
2374	2457	2484
2457	2636	2484
2636	2666	2484
2666	2662	2484
2662	2440	2484
2666	2697	2662
2697	2802	2662
2802	2670	2662
2670	2573	2662
2697	2862	2802
2862	2985	2802
2985	2947	2802
2947	2870	2802
2862	3018	2985
3018	3097	2985
2862	2868	3018
2862	2697	2868
2697	2832	2868
2697	2666	2832
2666	2752	2832
2666	2636	2752
2457	2529	2636
2374	2247	2457
2374	2324	2247
2130	2099	2230
2147	2312	2310
2312	2422	2310
2312	2398	2422
2398	2453	2422
2453	2514	2422
2514	2564	2422
2514	2562	2564
2562	2756	2564
2453	2513	2514
2149	2154	2307
2307	2317	2149
2307	2319	2317
2319	2389	2317
2319	2356	2389
2356	2478	2389
2356	2483	2478
2483	2524	2478
2524	2540	2478
2540	2533	2478
2540	2687	2533
2540	2524	2687
2483	2550	2524
2356	2346	2483
2346	2347	2483
2346	2267	2347
2346	2205	2267
2346	2307	2205
2346	2356	2307
2356	2319	2307
2168	2261	2299
2299	2054	2168
2261	2379	2299
2379	2434	2299
2434	2357	2299
2379	2471	2434
2379	2542	2471
2542	2578	2471
2171	2212	2243
2243	2334	2171
2334	2214	2171
2334	2354	2214
2243	2363	2334
2243	2212	2363
2212	2378	2363
2171	2048	2212
2048	2069	2212
2174	2236	2250
2236	2249	2250
2185	2253	2272
2210	2325	2365
2325	2558	2365
2558	2552	2365
2552	2408	2365
2408	2335	2365
2335	2175	2365
2175	2210	2365
2558	2591	2552
2558	2579	2591
2558	2462	2579
2462	2645	2579
2645	2725	2579
2558	2327	2462
2558	2325	2327
2220	2456	2284
2228	2306	2231
2232	2337	2246
2233	2405	2390
2405	2532	2390
2405	2445	2532
2405	2234	2445
2405	2233	2234
2237	2290	2275
2290	2502	2275
2502	2378	2275
2255	2377	2300
2265	2323	2345
2276	2428	2329
2428	2525	2329
2277	2351	2286
2351	2473	2286
2282	2523	2362
2523	2538	2362
2538	2411	2362
2523	2613	2538
2613	2651	2538
2613	2696	2651
2696	2710	2651
2710	2665	2651
2710	2661	2665
2710	2789	2661
2710	2804	2789
2804	2887	2789
2887	2959	2789
2959	2949	2789
2949	2830	2789
2949	2929	2830
2710	2696	2804
2696	2801	2804
2288	2291	2315
2292	2486	2309
2486	2485	2309
2485	2439	2309
2439	2395	2309
2485	2580	2439
2485	2630	2580
2485	2682	2630
2485	2673	2682
2673	2718	2682
2718	2820	2682
2718	2739	2820
2739	2836	2820
2836	2932	2820
2932	2907	2820
2907	2721	2820
2907	2801	2721
2932	3065	2907
2932	3033	3065
2932	2836	3033
2836	2859	3033
2836	2827	2859
2836	2739	2827
2739	2673	2827
2739	2718	2673
2485	2486	2673
2297	2413	2301
2301	2195	2297
2413	2427	2301
2413	2574	2427
2302	2369	2380
2369	2399	2380
2399	2590	2380
2590	2577	2380
2577	2504	2380
2313	2511	2537
2511	2566	2537
2566	2567	2537
2338	2391	2368
2391	2392	2368
2392	2561	2368
2355	2393	2425
2382	2385	2437
2437	2446	2382
2437	2497	2446
2387	2475	2477
2477	2414	2387
2414	2253	2387
2475	2554	2477
2554	2594	2477
2475	2575	2554
2475	2553	2575
2553	2634	2575
2388	2469	2442
2400	2403	2429
2429	2622	2400
2622	2589	2400
2622	2653	2589
2653	2663	2589
2663	2587	2589
2429	2527	2622
2429	2403	2527
2403	2473	2527
2401	2521	2449
2449	2289	2401
2404	2454	2433
2433	2295	2404
2295	2348	2404
2450	2509	2658
2509	2659	2658
2455	2556	2515
2556	2713	2515
2556	2761	2713
2459	2461	2600
2461	2503	2600
2503	2609	2600
2503	2508	2609
2463	2544	2480
2480	2464	2463
2468	2531	2592
2531	2635	2592
2635	2791	2592
2791	2753	2592
2791	2831	2753
2831	2811	2753
2831	2997	2811
2997	2935	2811
2935	2902	2811
2935	2933	2902
2933	2879	2902
2935	3019	2933
2997	3045	2935
3045	3041	2935
3045	3098	3041
3098	3183	3041
3098	3290	3183
3098	3130	3290
3130	3350	3290
3098	3049	3130
3049	3093	3130
3049	2998	3093
2998	3043	3093
3043	3100	3093
3100	3278	3093
3100	3190	3278
3190	3306	3278
3306	3378	3278
3378	3385	3278
3378	3556	3385
3378	3584	3556
3378	3355	3584
3378	3306	3355
3306	3297	3355
3297	3231	3355
3297	3306	3231
3306	3190	3231
3190	3080	3231
3190	3100	3080
3100	3043	3080
3043	2889	3080
3049	2997	2998
3049	3045	2997
3049	3098	3045
2635	2646	2791
2646	2750	2791
2750	2889	2791
2476	2583	2530
2583	2618	2530
2476	2557	2583
2479	2586	2496
2586	2655	2496
2655	2599	2496
2655	2711	2599
2482	2555	2546
2546	2491	2482
2546	2620	2491
2546	2555	2620
2488	2652	2572
2490	2547	2506
2506	2306	2490
2494	2602	2499
2498	2615	2595
2498	2707	2615
2707	2694	2615
2707	2787	2694
2787	2715	2694
2787	2937	2715
2787	2874	2937
2874	2990	2937
2874	2956	2990
2956	3074	2990
3074	3113	2990
3113	3233	2990
3233	3192	2990
3233	3214	3192
3214	3296	3192
3214	3394	3296
3394	3429	3296
3214	3261	3394
3214	3233	3261
3233	3316	3261
3233	3113	3316
2956	3050	3074
2874	2837	2956
2874	2787	2837
2787	2707	2837
2543	2549	2612
2549	2668	2612
2551	2632	2601
2632	2667	2601
2632	2821	2667
2632	2805	2821
2805	3052	2821
3052	2910	2821
3052	2941	2910
2632	2813	2805
2570	2683	2611
2683	2708	2611
2596	2654	2762
2596	2532	2654
2597	2701	2757
2701	2808	2757
2701	2810	2808
2810	2936	2808
2936	3032	2808
2936	3127	3032
3127	3152	3032
3152	3115	3032
3115	3060	3032
3060	3011	3032
3011	2772	3032
3011	2754	2772
2754	2704	2772
2704	2610	2772
2610	2757	2772
2610	2597	2757
2704	2654	2610
2704	2754	2654
3011	3010	2754
3010	2872	2754
3010	2912	2872
3010	3111	2912
3011	3060	3010
3060	3115	3010
2936	3129	3127
2936	3027	3129
3027	3089	3129
3027	3034	3089
3034	3077	3089
3077	3276	3089
3077	3078	3276
3078	3270	3276
3077	3029	3078
3029	2992	3078
3029	2915	2992
3029	3034	2915
3034	2810	2915
2810	2803	2915
2810	2764	2803
2810	2627	2764
2627	2578	2764
2810	2701	2627
3034	3027	2810
3027	2936	2810
3029	3077	3034
2606	2700	2699
2617	2672	2624
2617	2637	2672
2637	2746	2672
2746	2735	2672
2623	2647	2689
2689	2775	2623
2644	2741	2771
2644	2731	2741
2731	2806	2741
2806	2878	2741
2878	2771	2741
2806	2911	2878
2657	2818	2678
2818	2809	2678
2660	2730	2728
2675	2817	2760
2760	2590	2675
2675	2699	2817
2699	2826	2817
2680	2692	2788
2680	2634	2692
2692	2825	2788
2825	2979	2788
2686	2866	2790
2690	2770	2733
2705	2759	2807
2759	2916	2807
2916	2982	2807
2916	2996	2982
2916	3030	2996
2916	2895	3030
2895	3000	3030
3000	3128	3030
2895	2833	3000
2833	2987	3000
2895	2759	2833
2759	2749	2833
2895	2916	2759
2719	2860	2751
2751	2584	2719
2720	2778	2774
2726	2891	2776
2726	2774	2891
2727	2732	2834
2727	2586	2732
2586	2740	2732
2740	2777	2732
2777	2834	2732
2777	2783	2834
2783	2943	2834
2943	2920	2834
2777	2740	2783
2740	2594	2783
2834	2793	2727
2737	2888	2815
2888	2845	2815
2845	2795	2815
2845	2960	2795
2960	2848	2795
2845	2888	2960
2888	2931	2960
2931	3021	2960
3021	3057	2960
2745	2779	2819
2779	2875	2819
2875	2973	2819
2973	2797	2819
2797	2780	2819
2780	2745	2819
2973	2850	2797
2973	2986	2850
2973	3003	2986
2973	2983	3003
2973	2875	2983
2875	2926	2983
2875	2855	2926
2855	2824	2926
2855	2779	2824
2855	2875	2779
2763	2928	2945
2767	2786	2877
2767	2708	2786
2786	2924	2877
2786	2900	2924
2900	3118	2924
2900	2927	3118
2927	3039	3118
3039	3134	3118
2877	2851	2767
2773	2852	2892
2784	2838	2968
2784	2760	2838
2812	2861	2898
2861	3031	2898
2814	2858	2856
2816	2952	3002
2952	3020	3002
3020	3086	3002
3020	3221	3086
3020	3012	3221
3012	3252	3221
3020	2953	3012
2953	2934	3012
2934	2966	3012
2953	2844	2934
3020	2952	2953
2829	2905	2901
2905	2958	2901
2958	2966	2901
2842	2843	2967
2842	2700	2843
2843	3058	2967
3058	3133	2967
3133	3085	2967
3085	2938	2967
2938	2842	2967
3085	3016	2938
3085	3185	3016
3185	3006	3016
3006	2826	3016
2846	2883	3095
3095	3064	2846
3095	3117	3064
2849	2876	2963
2876	3009	2963
3009	3072	2963
3072	2957	2963
3072	3179	2957
3179	3131	2957
3179	3237	3131
3237	3347	3131
3347	3139	3131
3139	3057	3131
3347	3384	3139
3384	3380	3139
3384	3492	3380
3347	3477	3384
3179	3303	3237
3179	3072	3303
3072	3268	3303
3268	3333	3303
3333	3342	3303
3342	3360	3303
3342	3443	3360
3342	3333	3443
3333	3383	3443
3383	3459	3443
3459	3576	3443
3459	3611	3576
3611	3767	3576
3767	3772	3576
3459	3480	3611
3459	3365	3480
3459	3383	3365
3383	3279	3365
3279	3202	3365
3383	3268	3279
3268	3075	3279
3268	3072	3075
3072	3009	3075
3009	2876	3075
2876	3024	3075
2876	2860	3024
3383	3333	3268
2849	2681	2876
2849	2792	2681
2863	3035	3037
3035	3055	3037
3037	2832	2863
2885	2999	2995
2999	3106	2995
3106	3160	2995
2894	3023	3051
2894	2892	3023
2892	3096	3023
3096	3142	3023
3142	3051	3023
3142	3114	3051
3142	3253	3114
3253	3170	3114
2925	2980	3056
2980	3137	3056
2930	2948	3044
2930	2733	2948
2948	3124	3044
3124	3099	3044
3099	3040	3044
3040	2930	3044
3099	3079	3040
3079	3015	3040
3015	2911	3040
2948	2970	3124
2970	3066	3124
3066	3168	3124
3168	3222	3124
3168	3313	3222
3168	3258	3313
3258	3468	3313
3258	3275	3468
3258	3244	3275
3244	3146	3275
3146	3262	3275
3146	3109	3262
3244	3196	3146
3244	3258	3196
3258	3168	3196
3168	3066	3196
2970	3004	3066
2939	3150	2962
2939	3119	3150
2939	3111	3119
2944	3053	2978
3053	3067	2978
3053	3092	3067
3092	3162	3067
2950	3001	3091
3001	3105	3091
3105	3223	3091
3223	3307	3091
3307	3135	3091
3307	3372	3135
3307	3426	3372
3001	3046	3105
2951	3013	3122
3122	2994	2951
2994	2891	2951
3122	3155	2994
2965	3121	3038
2972	2976	3173
2972	2866	2976
2866	2977	2976
2977	3143	2976
3143	3173	2976
3143	3208	3173
3208	3257	3173
3208	3254	3257
3254	3434	3257
3208	3204	3254
3204	3191	3254
3191	3224	3254
3191	3171	3224
3171	3153	3224
3191	3120	3171
3208	3166	3204
3208	3143	3166
2972	2946	2866
3007	3144	3061
3144	3112	3061
3144	3159	3112
3008	3200	3017
3200	3153	3017
3008	3193	3200
3193	3298	3200
3298	3331	3200
3193	3274	3298
3193	3180	3274
3180	3272	3274
3180	3363	3272
3363	3327	3272
3363	3548	3327
3193	3065	3180
3014	3073	3028
3025	3081	3141
3025	3054	3081
3036	3227	3084
3227	3265	3084
3265	3158	3084
3265	3332	3158
3059	3063	3136
3063	3138	3136
3062	3123	3069
3062	2979	3123
2979	3157	3123
3157	3249	3123
3249	3300	3123
2979	3005	3157
3068	3070	3126
3126	3076	3068
3076	2945	3068
2945	3070	3068
3126	3156	3076
3156	3024	3076
3070	3197	3126
3197	3295	3126
3070	3086	3197
3083	3178	3177
3178	3287	3177
3178	3288	3287
3288	3462	3287
3462	3438	3287
3462	3495	3438
3462	3559	3495
3559	3596	3495
3559	3642	3596
3642	3652	3596
3642	3676	3652
3676	3753	3652
3753	3835	3652
3835	3763	3652
3642	3626	3676
3642	3515	3626
3515	3595	3626
3642	3559	3515
3559	3407	3515
3559	3462	3407
3462	3288	3407
3288	3311	3407
3288	3136	3311
3177	3172	3083
3094	3266	3335
3266	3310	3335
3310	3377	3335
3310	3458	3377
3458	3499	3377
3458	3524	3499
3524	3621	3499
3621	3569	3499
3310	3354	3458
3310	3266	3354
3108	3187	3217
3187	3240	3217
3145	3211	3286
3211	3308	3286
3308	3368	3286
3308	3422	3368
3422	3418	3368
3211	3242	3308
3147	3188	3149
3188	3161	3149
3151	3164	3349
3169	3340	3264
3181	3194	3259
3182	3207	3371
3371	3388	3182
3186	3362	3245
3362	3414	3245
3414	3363	3245
3362	3448	3414
3448	3619	3414
3362	3391	3448
3362	3215	3391
3362	3186	3215
3189	3293	3317
3293	3366	3317
3293	3430	3366
3293	3411	3430
3411	3536	3430
3198	3346	3269
3198	3370	3346
3203	3260	3305
3205	3402	3375
3402	3433	3375
3402	3464	3433
3464	3651	3433
3651	3639	3433
3639	3484	3433
3639	3622	3484
3622	3535	3484
3535	3460	3484
3460	3395	3484
3460	3351	3395
3460	3517	3351
3460	3535	3517
3535	3655	3517
3535	3622	3655
3464	3505	3651
3464	3483	3505
3483	3537	3505
3464	3402	3483
3209	3216	3267
3267	3309	3209
3213	3241	3319
3241	3412	3319
3241	3329	3412
3219	3312	3397
3232	3255	3404
3404	3413	3232
3413	3144	3232
3144	3140	3232
3404	3456	3413
3456	3435	3413
3456	3564	3435
3564	3454	3435
3454	3441	3435
3454	3491	3441
3454	3564	3491
3456	3677	3564
3677	3623	3564
3677	3744	3623
3456	3510	3677
3510	3550	3677
3510	3604	3550
3510	3381	3604
3381	3409	3604
3409	3472	3604
3381	3323	3409
3456	3404	3510
3234	3396	3250
3396	3341	3250
3341	3280	3250
3280	3238	3250
3280	3271	3238
3280	3341	3271
3341	3406	3271
3234	3264	3396
3235	3357	3263
3247	3302	3467
3302	3474	3467
3251	3374	3379
3379	3242	3251
3242	3162	3251
3282	3284	3336
3283	3508	3481
3508	3726	3481
3508	3688	3726
3688	3778	3726
3688	3859	3778
3688	3748	3859
3748	3822	3859
3748	3737	3822
3508	3561	3688
3294	3339	3373
3339	3322	3373
3299	3304	3320
3320	3410	3299
3318	3338	3436
3338	3482	3436
3482	3533	3436
3533	3542	3436
3533	3647	3542
3647	3609	3542
3609	3610	3542
3609	3724	3610
3724	3792	3610
3436	3270	3318
3270	3195	3318
3337	3549	3555
3549	3674	3555
3549	3789	3674
3789	3810	3674
3810	3741	3674
3789	3841	3810
3353	3534	3450
3356	3447	3431
3361	3523	3469
3469	3424	3361
3469	3506	3424
3506	3391	3424
3469	3670	3506
3469	3523	3670
3523	3671	3670
3671	3829	3670
3829	3840	3670
3840	3791	3670
3671	3769	3829
3769	3940	3829
3940	4079	3829
3940	4115	4079
4115	4168	4079
4168	4258	4079
4258	4148	4079
4258	4219	4148
4219	4122	4148
4122	4011	4148
4219	4256	4122
4219	4364	4256
4219	4258	4364
3940	4080	4115
4080	4127	4115
3940	3884	4080
3940	3769	3884
3769	3816	3884
3769	3762	3816
3769	3671	3762
3523	3525	3671
3523	3415	3525
3523	3361	3415
3376	3567	3585
3387	3591	3568
3399	3445	3452
3445	3563	3452
3405	3501	3592
3405	3349	3501
3428	3449	3632
3449	3565	3632
3565	3707	3632
3707	3710	3632
3710	3680	3632
3710	3770	3680
3770	3681	3680
3681	3669	3680
3681	3738	3669
3681	3817	3738
3681	3770	3817
3770	3890	3817
3890	3950	3817
3950	3939	3817
3950	3991	3939
3991	4113	3939
3991	4084	4113
4084	4157	4113
4157	4163	4113
4157	4204	4163
4204	4246	4163
4246	4260	4163
4260	4180	4163
4260	4275	4180
4275	4198	4180
4198	4103	4180
4103	4043	4180
4043	4012	4180
4012	4033	4180
4275	4300	4198
4300	4259	4198
4300	4407	4259
4407	4406	4259
4407	4505	4406
4505	4481	4406
4505	4550	4481
4550	4653	4481
4653	4528	4481
4653	4594	4528
4594	4570	4528
4570	4504	4528
4570	4617	4504
4570	4603	4617
4603	4717	4617
4717	4748	4617
4748	4682	4617
4748	4783	4682
4783	4700	4682
4700	4637	4682
4783	4801	4700
4801	4745	4700
4745	4698	4700
4745	4755	4698
4755	4744	4698
4744	4564	4698
4564	4584	4698
4564	4567	4584
4564	4429	4567
4564	4527	4429
4527	4409	4429
4409	4333	4429
4409	4254	4333
4409	4234	4254
4564	4540	4527
4745	4805	4755
4805	4889	4755
4889	4815	4755
4889	4847	4815
4847	4749	4815
4847	4866	4749
4866	4806	4749
4806	4691	4749
4806	4826	4691
4826	4721	4691
4721	4566	4691
4566	4595	4691
4721	4624	4566
4624	4471	4566
4471	4317	4566
4624	4591	4471
4624	4722	4591
4722	4690	4591
4690	4479	4591
4479	4468	4591
4468	4402	4591
4468	4418	4402
4468	4479	4418
4690	4490	4479
4690	4695	4490
4695	4625	4490
4690	4722	4695
4721	4776	4624
4806	4853	4826
4853	4928	4826
4928	4914	4826
4928	5007	4914
5007	5010	4914
5010	4956	4914
4956	4901	4914
4956	4915	4901
4915	4863	4901
4863	4825	4901
4863	4834	4825
4863	4915	4834
4915	4851	4834
4915	4945	4851
4945	4953	4851
4945	4986	4953
4945	4915	4986
4915	5004	4986
4915	4984	5004
4984	5039	5004
5039	5099	5004
5039	5065	5099
5065	5118	5099
5118	5127	5099
5127	5100	5099
5127	5117	5100
5117	5090	5100
5117	5129	5090
5129	5102	5090
5102	5041	5090
5041	5013	5090
5041	4954	5013
4954	4953	5013
4954	4918	4953
4954	4917	4918
4954	4962	4917
4962	4890	4917
4890	4873	4917
4962	5009	4890
5009	4952	4890
5009	5015	4952
5015	4957	4952
4957	4906	4952
4957	4896	4906
4896	4864	4906
4864	4829	4906
4864	4798	4829
4798	4737	4829
4737	4753	4829
4753	4740	4829
4753	4714	4740
4753	4737	4714
4957	5006	4896
5006	4948	4896
4948	4930	4896
4948	4951	4930
4951	4895	4930
4895	4827	4930
4895	4820	4827
4820	4686	4827
4820	4687	4686
4687	4659	4686
4659	4646	4686
4659	4601	4646
4601	4619	4646
4601	4544	4619
4544	4443	4619
4443	4556	4619
4443	4467	4556
4544	4423	4443
4544	4463	4423
4463	4335	4423
4463	4365	4335
4544	4492	4463
4544	4601	4492
4601	4519	4492
4519	4514	4492
4514	4346	4492
4514	4510	4346
4514	4667	4510
4667	4628	4510
4628	4578	4510
4628	4638	4578
4638	4645	4578
4645	4498	4578
4645	4507	4498
4645	4694	4507
4694	4508	4507
4508	4482	4507
4482	4434	4507
4508	4614	4482
4508	4694	4614
4694	4704	4614
4704	4718	4614
4718	4702	4614
4702	4611	4614
4702	4728	4611
4728	4604	4611
4604	4485	4611
4485	4437	4611
4485	4344	4437
4485	4432	4344
4432	4315	4344
4432	4375	4315
4375	4353	4315
4375	4451	4353
4375	4432	4451
4432	4488	4451
4488	4541	4451
4541	4536	4451
4541	4649	4536
4541	4656	4649
4656	4792	4649
4656	4759	4792
4759	4868	4792
4868	4897	4792
4897	4883	4792
4897	4932	4883
4932	4907	4883
4907	4936	4883
4936	4845	4883
4845	4709	4883
4936	4865	4845
4936	4913	4865
4913	4799	4865
4913	4848	4799
4848	4777	4799
4848	4872	4777
4848	4885	4872
4885	4961	4872
4961	4920	4872
4920	4782	4872
4782	4726	4872
4782	4711	4726
4711	4679	4726
4711	4678	4679
4711	4782	4678
4782	4818	4678
4782	4859	4818
4859	4828	4818
4828	4663	4818
4828	4813	4663
4828	4899	4813
4899	4877	4813
4877	4858	4813
4877	4922	4858
4922	4796	4858
4922	4766	4796
4766	4725	4796
4766	4739	4725
4766	4835	4739
4766	4922	4835
4922	4902	4835
4902	4879	4835
4879	4770	4835
4879	4781	4770
4781	4707	4770
4707	4661	4770
4781	4752	4707
4752	4712	4707
4752	4773	4712
4773	4671	4712
4671	4626	4712
4671	4696	4626
4671	4751	4696
4751	4727	4696
4727	4630	4696
4727	4639	4630
4639	4557	4630
4639	4532	4557
4639	4632	4532
4632	4561	4532
4632	4585	4561
4585	4549	4561
4549	4497	4561
4497	4408	4561
4497	4393	4408
4393	4253	4408
4393	4341	4253
4341	4225	4253
4225	4175	4253
4175	4224	4253
4225	4073	4175
4073	4100	4175
4073	4026	4100
4026	3925	4100
3925	4013	4100
4013	4137	4100
4013	4048	4137
4048	4068	4137
4068	4131	4137
4131	4167	4137
4068	4075	4131
4026	4009	3925
4026	4073	4009
4073	4136	4009
4393	4387	4341
4393	4497	4387
4497	4495	4387
4497	4549	4495
4549	4572	4495
4572	4547	4495
4572	4620	4547
4620	4596	4547
4596	4476	4547
4596	4580	4476
4580	4539	4476
4539	4470	4476
4470	4386	4476
4386	4368	4476
4368	4292	4476
4368	4264	4292
4264	4201	4292
4264	4142	4201
4264	4173	4142
4470	4477	4386
4477	4400	4386
4400	4311	4386
4400	4390	4311
4400	4522	4390
4522	4517	4390
4522	4571	4517
4571	4546	4517
4546	4474	4517
4546	4484	4474
4546	4560	4484
4560	4525	4484
4525	4475	4484
4525	4461	4475
4461	4342	4475
4461	4376	4342
4376	4316	4342
4376	4328	4316
4328	4270	4316
4328	4215	4270
4215	4200	4270
4328	4232	4215
4232	4166	4215
4232	4118	4166
4232	4209	4118
4232	4267	4209
4267	4171	4209
4267	4189	4171
4189	4159	4171
4159	4143	4171
4143	4102	4171
4143	4088	4102
4143	3924	4088
4143	3938	3924
3938	3886	3924
3938	3904	3886
4159	4149	4143
4159	4189	4149
4189	4227	4149
4227	4172	4149
4227	4226	4172
4226	4205	4172
4205	4139	4172
4139	4054	4172
4054	4097	4172
4054	4067	4097
4067	4149	4097
4054	3973	4067
4054	3982	3973
4054	3981	3982
4054	4093	3981
4093	4091	3981
4091	3903	3981
4091	3915	3903
4091	4078	3915
4078	3999	3915
3999	4002	3915
4002	3891	3915
3891	3858	3915
3999	4056	4002
4056	4112	4002
4056	4181	4112
4181	4216	4112
4216	4203	4112
4203	4202	4112
4202	4186	4112
4186	4039	4112
4186	4060	4039
4060	4046	4039
4060	4070	4046
4070	3961	4046
4070	4133	3961
4133	4130	3961
4130	3954	3961
3954	3901	3961
3901	3842	3961
3842	3873	3961
3842	3803	3873
3842	3739	3803
3739	3633	3803
3633	3678	3803
3678	3711	3803
3739	3661	3633
3661	3540	3633
3661	3618	3540
3618	3461	3540
3661	3750	3618
3750	3707	3618
3750	3774	3707
3774	3710	3707
3774	3806	3710
3806	3818	3710
3818	3770	3710
3818	3831	3770
3831	3890	3770
3831	3932	3890
3831	3937	3932
3937	4020	3932
3937	4062	4020
4062	4057	4020
4062	4197	4057
4062	4125	4197
4125	4130	4197
4130	4247	4197
4247	4257	4197
4257	4236	4197
4257	4268	4236
4268	4306	4236
4306	4237	4236
4237	4204	4236
4204	4153	4236
4204	4157	4153
4157	4084	4153
4084	4057	4153
4084	4008	4057
4084	3991	4008
3991	3950	4008
3950	3890	4008
4237	4246	4204
4237	4284	4246
4284	4260	4246
4284	4325	4260
4325	4381	4260
4381	4348	4260
4348	4332	4260
4332	4275	4260
4332	4396	4275
4396	4300	4275
4396	4415	4300
4415	4422	4300
4422	4407	4300
4422	4505	4407
4422	4542	4505
4542	4550	4505
4542	4618	4550
4618	4641	4550
4641	4653	4550
4641	4669	4653
4669	4716	4653
4716	4594	4653
4716	4603	4594
4603	4570	4594
4716	4717	4603
4716	4757	4717
4757	4748	4717
4757	4783	4748
4757	4842	4783
4842	4801	4783
4842	4882	4801
4882	4884	4801
4884	4805	4801
4805	4745	4801
4884	4889	4805
4882	4925	4884
4882	4842	4925
4842	4880	4925
4880	4972	4925
4880	4974	4972
4880	4869	4974
4869	4929	4974
4929	4978	4974
4978	5008	4974
4978	4999	5008
4999	5052	5008
4999	5024	5052
5024	5066	5052
5066	5071	5052
5066	5091	5071
5066	5081	5091
5081	5098	5091
5098	5110	5091
5098	5125	5110
5125	5138	5110
5138	5113	5110
5138	5143	5113
5143	5130	5113
5130	5119	5113
5119	5094	5113
5119	5109	5094
5109	5080	5094
5080	5067	5094
5109	5079	5080
5079	5018	5080
5079	5073	5018
5073	5045	5018
5045	5036	5018
5036	4972	5018
5045	5057	5036
5045	5073	5057
5073	5092	5057
5092	5078	5057
5078	5061	5057
5061	4985	5057
4985	4942	5057
4985	4919	4942
4919	4931	4942
4919	4847	4931
4847	4889	4931
4919	4905	4847
4905	4866	4847
4905	4944	4866
4944	4853	4866
4853	4806	4866
4944	4928	4853
4944	5007	4928
4944	5064	5007
5064	5089	5007
5089	5083	5007
5083	5043	5007
5043	5010	5007
5043	5025	5010
5025	4984	5010
4984	4956	5010
4984	4915	4956
5025	5065	4984
5065	5039	4984
5025	5103	5065
5103	5116	5065
5116	5121	5065
5121	5118	5065
5121	5146	5118
5146	5127	5118
5146	5133	5127
5133	5117	5127
5133	5129	5117
5133	5146	5129
5146	5142	5129
5142	5134	5129
5134	5102	5129
5134	5107	5102
5107	5040	5102
5040	5041	5102
5040	4962	5041
4962	4954	5041
5040	5009	4962
5040	5022	5009
5022	5015	5009
5022	5038	5015
5038	4996	5015
4996	4957	5015
4996	5006	4957
4996	5060	5006
5060	5030	5006
5030	4948	5006
5030	5005	4948
5005	4951	4948
5005	4965	4951
4965	4895	4951
4965	4894	4895
4894	4820	4895
4894	4788	4820
4788	4687	4820
4788	4685	4687
4685	4519	4687
4519	4659	4687
4519	4601	4659
4685	4514	4519
4685	4667	4514
4685	4765	4667
4765	4677	4667
4677	4628	4667
4677	4638	4628
4677	4645	4638
4677	4713	4645
4713	4694	4645
4713	4704	4694
4713	4761	4704
4761	4718	4704
4761	4860	4718
4761	4819	4860
4819	4910	4860
4910	4938	4860
4938	4871	4860
4871	4862	4860
4862	4843	4860
4862	4868	4843
4862	4871	4868
4871	4966	4868
4966	4912	4868
4912	4897	4868
4912	4966	4897
4966	4932	4897
4966	4997	4932
4997	4933	4932
4933	4907	4932
4933	4964	4907
4964	4936	4907
4964	4982	4936
4982	4959	4936
4959	4913	4936
4959	4885	4913
4885	4848	4913
4959	4961	4885
4959	5003	4961
5003	5019	4961
5019	5014	4961
5014	4940	4961
4940	4920	4961
4940	4888	4920
4888	4782	4920
4888	4859	4782
4888	4828	4859
4888	4899	4828
4888	4970	4899
4970	4955	4899
4955	4877	4899
4955	5001	4877
5001	5011	4877
5011	4988	4877
4988	4922	4877
4988	4995	4922
4995	4902	4922
4995	4969	4902
4969	4963	4902
4963	4879	4902
4963	4921	4879
4921	4875	4879
4875	4781	4879
4875	4852	4781
4852	4814	4781
4814	4773	4781
4773	4752	4781
4814	4800	4773
4800	4751	4773
4751	4671	4773
4800	4837	4751
4837	4727	4751
4837	4804	4727
4804	4764	4727
4764	4743	4727
4743	4639	4727
4743	4789	4639
4789	4710	4639
4710	4632	4639
4710	4681	4632
4681	4585	4632
4681	4692	4585
4692	4629	4585
4629	4549	4585
4629	4572	4549
4629	4620	4572
4629	4665	4620
4665	4705	4620
4705	4644	4620
4644	4596	4620
4644	4636	4596
4636	4580	4596
4636	4607	4580
4607	4539	4580
4607	4522	4539
4522	4477	4539
4477	4470	4539
4522	4400	4477
4607	4571	4522
4607	4654	4571
4607	4636	4654
4636	4644	4654
4705	4741	4644
4705	4775	4741
4775	4787	4741
4787	4795	4741
4795	4772	4741
4772	4689	4741
4689	4654	4741
4772	4732	4689
4732	4724	4689
4724	4703	4689
4703	4612	4689
4703	4666	4612
4666	4590	4612
4590	4576	4612
4590	4546	4576
4546	4571	4576
4590	4560	4546
4590	4666	4560
4666	4583	4560
4583	4525	4560
4583	4559	4525
4559	4543	4525
4543	4461	4525
4543	4518	4461
4518	4439	4461
4439	4376	4461
4439	4385	4376
4385	4328	4376
4385	4337	4328
4337	4232	4328
4337	4281	4232
4281	4267	4232
4281	4189	4267
4337	4349	4281
4337	4385	4349
4385	4457	4349
4457	4436	4349
4436	4419	4349
4419	4374	4349
4419	4379	4374
4379	4354	4374
4354	4273	4374
4354	4289	4273
4289	4226	4273
4226	4227	4273
4227	4189	4273
4289	4205	4226
4289	4262	4205
4262	4187	4205
4187	4139	4205
4187	4091	4139
4091	4093	4139
4093	4054	4139
4187	4181	4091
4181	4078	4091
4181	4056	4078
4056	3999	4078
4187	4261	4181
4261	4220	4181
4220	4216	4181
4220	4233	4216
4233	4295	4216
4295	4203	4216
4295	4202	4203
4295	4285	4202
4285	4186	4202
4285	4191	4186
4191	4060	4186
4191	4070	4060
4191	4133	4070
4191	4182	4133
4182	4130	4133
4182	4247	4130
4182	4307	4247
4307	4339	4247
4339	4257	4247
4339	4350	4257
4350	4347	4257
4347	4268	4257
4347	4306	4268
4347	4378	4306
4378	4323	4306
4323	4237	4306
4323	4284	4237
4323	4325	4284
4323	4378	4325
4378	4381	4325
4378	4446	4381
4446	4456	4381
4456	4395	4381
4395	4348	4381
4395	4332	4348
4395	4396	4332
4395	4447	4396
4447	4415	4396
4447	4521	4415
4521	4542	4415
4542	4422	4415
4521	4569	4542
4569	4627	4542
4627	4618	4542
4627	4657	4618
4657	4680	4618
4680	4641	4618
4680	4669	4641
4680	4738	4669
4738	4754	4669
4754	4742	4669
4742	4716	4669
4742	4771	4716
4771	4757	4716
4771	4794	4757
4794	4880	4757
4880	4842	4757
4794	4812	4880
4812	4869	4880
4812	4870	4869
4870	4929	4869
4870	4916	4929
4916	4943	4929
4943	4978	4929
4943	4990	4978
4990	4999	4978
4990	5024	4999
4990	4989	5024
4989	4992	5024
4992	5032	5024
5032	5066	5024
5032	5029	5066
5029	5047	5066
5047	5081	5066
5047	5048	5081
5048	5058	5081
5058	5105	5081
5105	5098	5081
5105	5125	5098
5105	5124	5125
5124	5140	5125
5140	5157	5125
5140	5149	5157
5149	5162	5157
5149	5161	5162
5161	5174	5162
5161	5179	5174
5179	5177	5174
5161	5165	5179
5165	5168	5179
5168	5182	5179
5182	5183	5179
5182	5178	5183
5178	5176	5183
5176	5181	5183
5181	5184	5183
5181	5169	5184
5169	5180	5184
5180	5177	5184
5180	5175	5177
5175	5158	5177
5175	5170	5158
5170	5156	5158
5156	5143	5158
5143	5138	5158
5156	5135	5143
5135	5130	5143
5135	5119	5130
5135	5109	5119
5135	5152	5109
5135	5156	5152
5156	5170	5152
5170	5173	5152
5173	5153	5152
5153	5114	5152
5153	5108	5114
5108	5097	5114
5108	5078	5097
5078	5092	5097
5092	5073	5097
5108	5061	5078
5108	5064	5061
5064	4985	5061
5064	4944	4985
4944	4905	4985
4905	4919	4985
5108	5088	5064
5088	5089	5064
5088	5111	5089
5111	5083	5089
5111	5103	5083
5103	5043	5083
5103	5025	5043
5111	5116	5103
5088	5108	5111
5108	5153	5111
5153	5166	5111
5153	5173	5166
5173	5180	5166
5180	5164	5166
5180	5169	5164
5173	5175	5180
5173	5170	5175
5181	5172	5169
5181	5176	5172
5178	5160	5176
5160	5171	5176
5171	5159	5176
5171	5155	5159
5155	5154	5159
5154	5151	5159
5151	5146	5159
5151	5142	5146
5151	5147	5142
5147	5128	5142
5128	5134	5142
5128	5107	5134
5128	5106	5107
5106	5084	5107
5084	5063	5107
5063	5056	5107
5056	5040	5107
5056	5022	5040
5056	5038	5022
5056	5063	5038
5063	4996	5038
5063	5060	4996
5063	5084	5060
5128	5122	5106
5122	5112	5106
5122	5126	5112
5126	5086	5112
5086	5082	5112
5082	5059	5112
5082	5046	5059
5046	5051	5059
5051	5030	5059
5030	5060	5059
5051	5005	5030
5051	5016	5005
5016	4965	5005
5016	4991	4965
4991	4947	4965
4947	4894	4965
4947	4910	4894
4910	4819	4894
4819	4788	4894
4819	4785	4788
4785	4685	4788
4785	4765	4685
4785	4790	4765
4790	4677	4765
4790	4761	4677
4761	4713	4677
4790	4819	4761
4790	4785	4819
4947	4938	4910
4947	4991	4938
4991	4987	4938
4987	4966	4938
4966	4871	4938
4987	5000	4966
5000	5020	4966
5020	4997	4966
5020	5035	4997
5035	4982	4997
4982	4964	4997
4964	4933	4997
5035	5002	4982
5002	4998	4982
4998	4959	4982
4998	5003	4959
4998	5027	5003
5027	5019	5003
5027	5076	5019
5076	5085	5019
5085	5070	5019
5070	5014	5019
5070	5034	5014
5034	4983	5014
4983	4970	5014
4970	4940	5014
4970	4888	4940
4983	4976	4970
4976	4955	4970
4976	5017	4955
5017	5001	4955
5017	5062	5001
5062	5028	5001
5028	5011	5001
5028	5055	5011
5055	4988	5011
5055	5044	4988
5044	4995	4988
5044	5021	4995
5021	5037	4995
5037	4980	4995
4980	4969	4995
4980	4963	4969
4980	5037	4963
5037	5068	4963
5068	5012	4963
5012	4921	4963
5012	4973	4921
4973	4946	4921
4946	4852	4921
4852	4875	4921
4946	4814	4852
4946	4837	4814
4837	4800	4814
4946	4898	4837
4898	4886	4837
4886	4804	4837
4886	4900	4804
4900	4789	4804
4789	4764	4804
4789	4743	4764
4900	4841	4789
4841	4821	4789
4821	4710	4789
4821	4756	4710
4756	4734	4710
4734	4681	4710
4734	4692	4681
4734	4665	4692
4665	4629	4692
4734	4705	4665
4734	4775	4705
4734	4756	4775
4756	4811	4775
4811	4831	4775
4831	4787	4775
4831	4822	4787
4822	4795	4787
4822	4857	4795
4857	4817	4795
4817	4772	4795
4857	4878	4817
4878	4861	4817
4861	4824	4817
4824	4778	4817
4824	4762	4778
4762	4746	4778
4746	4733	4778
4733	4732	4778
4733	4724	4732
4733	4703	4724
4733	4666	4703
4733	4683	4666
4683	4664	4666
4664	4583	4666
4664	4608	4583
4608	4559	4583
4608	4579	4559
4579	4543	4559
4579	4518	4543
4579	4589	4518
4589	4558	4518
4558	4489	4518
4489	4439	4518
4489	4457	4439
4457	4385	4439
4489	4558	4457
4558	4436	4457
4558	4506	4436
4506	4453	4436
4453	4419	4436
4453	4379	4419
4558	4592	4506
4592	4553	4506
4592	4605	4553
4605	4602	4553
4602	4565	4553
4602	4600	4565
4600	4551	4565
4551	4513	4565
4513	4469	4565
4513	4413	4469
4413	4442	4469
4442	4382	4469
4442	4389	4382
4389	4289	4382
4289	4354	4382
4354	4379	4382
4389	4262	4289
4389	4357	4262
4357	4282	4262
4282	4261	4262
4261	4187	4262
4282	4233	4261
4233	4220	4261
4282	4370	4233
4370	4295	4233
4370	4383	4295
4383	4285	4295
4370	4411	4383
4411	4450	4383
4411	4513	4450
4513	4551	4450
4551	4568	4450
4551	4600	4568
4600	4650	4568
4650	4658	4568
4658	4616	4568
4616	4555	4568
4616	4587	4555
4587	4534	4555
4534	4444	4555
4534	4435	4444
4435	4319	4444
4435	4394	4319
4394	4307	4319
4307	4182	4319
4182	4191	4319
4191	4285	4319
4394	4339	4307
4394	4369	4339
4369	4350	4339
4369	4347	4350
4369	4378	4347
4369	4445	4378
4445	4446	4378
4445	4516	4446
4516	4456	4446
4516	4487	4456
4487	4452	4456
4452	4395	4456
4452	4447	4395
4452	4487	4447
4487	4554	4447
4554	4537	4447
4537	4521	4447
4537	4569	4521
4537	4655	4569
4655	4627	4569
4655	4684	4627
4684	4697	4627
4697	4676	4627
4676	4657	4627
4676	4680	4657
4676	4797	4680
4797	4763	4680
4763	4738	4680
4763	4754	4738
4763	4823	4754
4823	4812	4754
4812	4794	4754
4794	4742	4754
4794	4771	4742
4823	4870	4812
4823	4830	4870
4830	4836	4870
4836	4916	4870
4836	4839	4916
4839	4844	4916
4844	4923	4916
4923	4950	4916
4950	4937	4916
4937	4943	4916
4937	4989	4943
4989	4990	4943
4937	4950	4989
4950	4992	4989
4950	4979	4992
4979	4981	4992
4981	5032	4992
4981	4977	5032
4981	4968	4977
4968	4967	4977
4968	4958	4967
4958	4949	4967
4958	4908	4949
4908	4891	4949
4908	4878	4891
4878	4857	4891
4857	4822	4891
4822	4846	4891
4822	4831	4846
4831	4811	4846
4811	4893	4846
4811	4850	4893
4850	4887	4893
4887	4934	4893
4887	4903	4934
4903	4926	4934
4926	4993	4934
4926	4971	4993
4971	4994	4993
4994	5033	4993
5033	5023	4993
5033	5054	5023
5054	5053	5023
5053	5048	5023
5048	5026	5023
5048	5047	5026
5047	5029	5026
5053	5058	5048
5053	5054	5058
5054	5105	5058
5054	5101	5105
5101	5140	5105
5140	5124	5105
5054	5087	5101
5054	5072	5087
5054	5033	5072
5033	5031	5072
5033	4994	5031
4994	4975	5031
4975	4973	5031
4973	5012	5031
5012	5069	5031
5012	5068	5069
5068	5137	5069
5137	5149	5069
5149	5140	5069
5137	5161	5149
5137	5104	5161
5104	5165	5161
5104	5132	5165
5132	5168	5165
5132	5163	5168
5163	5182	5168
5163	5178	5182
5163	5148	5178
5148	5160	5178
5148	5136	5160
5136	5150	5160
5150	5155	5160
5155	5171	5160
5150	5139	5155
5139	5144	5155
5144	5154	5155
5144	5147	5154
5147	5151	5154
5144	5126	5147
5126	5122	5147
5122	5128	5147
5144	5115	5126
5115	5093	5126
5093	5086	5126
5093	5075	5086
5075	5035	5086
5035	5077	5086
5077	5082	5086
5077	5020	5082
5020	5046	5082
5020	5000	5046
5000	4991	5046
4991	5016	5046
5016	5051	5046
5000	4987	4991
5077	5035	5020
5075	5027	5035
5027	5002	5035
5027	4998	5002
5075	5076	5027
5075	5093	5076
5093	5095	5076
5095	5085	5076
5095	5115	5085
5115	5120	5085
5120	5070	5085
5120	5050	5070
5050	5034	5070
5050	5017	5034
5017	4983	5034
5017	4976	4983
5050	5062	5017
5050	5096	5062
5096	5123	5062
5123	5028	5062
5123	5131	5028
5131	5055	5028
5131	5132	5055
5132	5044	5055
5132	5049	5044
5049	5021	5044
5049	5037	5021
5049	5104	5037
5104	5068	5037
5104	5137	5068
5049	5132	5104
5131	5163	5132
5131	5141	5163
5141	5148	5163
5141	5123	5148
5123	5136	5148
5123	5096	5136
5096	5139	5136
5139	5150	5136
5096	5120	5139
5120	5144	5139
5120	5115	5144
5096	5050	5120
5141	5131	5123
5095	5093	5115
4975	4946	4973
4975	4898	4946
4975	4971	4898
4971	4900	4898
4900	4886	4898
4971	4926	4900
4926	4903	4900
4903	4841	4900
4903	4850	4841
4850	4821	4841
4850	4811	4821
4811	4756	4821
4903	4887	4850
4975	4994	4971
4908	4881	4878
4881	4861	4878
4881	4876	4861
4876	4824	4861
4876	4874	4824
4874	4816	4824
4816	4762	4824
4816	4769	4762
4769	4747	4762
4747	4746	4762
4747	4708	4746
4708	4733	4746
4708	4683	4733
4708	4675	4683
4675	4664	4683
4675	4608	4664
4675	4648	4608
4648	4610	4608
4610	4579	4608
4610	4589	4579
4610	4592	4589
4592	4558	4589
4610	4622	4592
4622	4605	4592
4622	4633	4605
4633	4602	4605
4633	4600	4602
4633	4650	4600
4633	4674	4650
4674	4719	4650
4719	4672	4650
4672	4658	4650
4672	4616	4658
4674	4720	4719
4720	4769	4719
4720	4747	4769
4720	4708	4747
4720	4675	4708
4720	4674	4675
4674	4648	4675
4674	4622	4648
4622	4610	4648
4674	4633	4622
4816	4807	4769
4807	4808	4769
4808	4786	4769
4808	4840	4786
4840	4803	4786
4803	4730	4786
4803	4750	4730
4750	4723	4730
4723	4668	4730
4723	4715	4668
4715	4643	4668
4643	4615	4668
4615	4586	4668
4586	4587	4668
4586	4531	4587
4531	4534	4587
4531	4435	4534
4531	4394	4435
4531	4445	4394
4445	4369	4394
4531	4516	4445
4531	4582	4516
4582	4606	4516
4606	4554	4516
4554	4487	4516
4606	4655	4554
4655	4537	4554
4606	4673	4655
4673	4684	4655
4673	4697	4684
4673	4729	4697
4729	4676	4697
4729	4784	4676
4784	4797	4676
4784	4810	4797
4810	4839	4797
4839	4836	4797
4836	4830	4797
4830	4763	4797
4830	4823	4763
4810	4844	4839
4810	4849	4844
4849	4909	4844
4909	4923	4844
4909	4927	4923
4927	4935	4923
4935	4950	4923
4935	4979	4950
4935	4939	4979
4939	4941	4979
4941	4981	4979
4941	4968	4981
4941	4958	4968
4941	4924	4958
4924	4908	4958
4924	4881	4908
4924	4876	4881
4924	4911	4876
4911	4874	4876
4911	4904	4874
4904	4867	4874
4867	4840	4874
4840	4816	4874
4840	4807	4816
4840	4808	4807
4867	4832	4840
4832	4803	4840
4832	4791	4803
4791	4750	4803
4791	4774	4750
4774	4729	4750
4729	4673	4750
4673	4715	4750
4715	4723	4750
4673	4643	4715
4673	4615	4643
4673	4606	4615
4606	4582	4615
4582	4586	4615
4582	4531	4586
4774	4768	4729
4768	4784	4729
4768	4810	4784
4768	4849	4810
4768	4793	4849
4793	4832	4849
4832	4867	4849
4867	4892	4849
4892	4909	4849
4892	4904	4909
4904	4927	4909
4904	4911	4927
4911	4939	4927
4939	4935	4927
4911	4924	4939
4924	4941	4939
4892	4867	4904
4793	4791	4832
4793	4774	4791
4793	4768	4774
4411	4413	4513
4411	4357	4413
4357	4442	4413
4357	4389	4442
4411	4370	4357
4370	4282	4357
5116	5145	5121
5116	5164	5145
5079	5109	5073
4125	3963	4130
3963	3954	4130
3963	3901	3954
3963	3899	3901
3899	3833	3901
3833	3842	3901
3833	3739	3842
3833	3750	3739
3750	3661	3739
3833	3801	3750
3801	3774	3750
3801	3806	3774
3801	3899	3806
3899	3911	3806
3911	3907	3806
3907	3818	3806
3907	3831	3818
3907	3937	3831
3907	3911	3937
3911	3963	3937
3963	4062	3937
3963	4125	4062
3911	3899	3963
3801	3833	3899
4656	4728	4759
4728	4767	4759
4728	4702	4767
4656	4604	4728
4656	4541	4604
4541	4488	4604
4488	4485	4604
4488	4432	4485
3437	3503	3465
3503	3583	3465
3503	3706	3583
3706	3716	3583
3716	3627	3583
3716	3860	3627
3716	3843	3860
3843	3935	3860
3503	3522	3706
3522	3696	3706
3503	3437	3522
3437	3491	3522
3440	3507	3489
3466	3520	3657
3520	3684	3657
3470	3587	3511
3511	3355	3470
3470	3471	3587
3497	3721	3667
3497	3581	3721
3581	3679	3721
3498	3529	3643
3529	3648	3643
3648	3747	3643
3747	3815	3643
3815	3725	3643
3815	3853	3725
3648	3637	3747
3637	3668	3747
3668	3743	3747
3743	3875	3747
3743	3754	3875
3754	3965	3875
3637	3617	3668
3648	3529	3637
3504	3600	3570
3600	3635	3570
3600	3685	3635
3685	3703	3635
3685	3844	3703
3844	3722	3703
3685	3867	3844
3867	3880	3844
3880	4017	3844
3880	4047	4017
4047	4150	4017
4150	4111	4017
4047	4045	4150
4045	4199	4150
4045	4223	4199
4223	4327	4199
4223	4287	4327
4287	4391	4327
4287	4266	4391
4266	4425	4391
4287	4188	4266
4287	4162	4188
4287	4223	4162
4223	4001	4162
4001	3946	4162
3946	4007	4162
3946	3910	4007
3910	3978	4007
3978	4071	4007
4001	3877	3946
3877	3759	3946
3877	3836	3759
3836	3689	3759
3836	3867	3689
3836	3880	3867
3836	3877	3880
3877	4045	3880
4045	4047	3880
3877	4001	4045
4001	4223	4045
3513	3663	3691
3691	3597	3513
3597	3539	3513
3691	3705	3597
3518	3572	3552
3572	3708	3552
3708	3575	3552
3575	3429	3552
3575	3463	3429
3463	3426	3429
3519	3645	3573
3645	3594	3573
3645	3702	3594
3702	3700	3594
3700	3673	3594
3673	3593	3594
3673	3607	3593
3673	3630	3607
3630	3571	3607
3700	3713	3673
3700	3768	3713
3700	3821	3768
3821	3781	3768
3700	3839	3821
3700	3702	3839
3702	3802	3839
3802	3943	3839
3802	3906	3943
3802	3779	3906
3802	3702	3779
3702	3645	3779
3645	3640	3779
3640	3723	3779
3645	3519	3640
3531	3704	3579
3704	3828	3579
3828	3714	3579
3704	3761	3828
3761	3962	3828
3962	3936	3828
3962	4065	3936
4065	4126	3936
4126	4096	3936
4096	3916	3936
4126	4214	4096
4214	4272	4096
4214	4334	4272
4334	4371	4272
4371	4326	4272
4371	4424	4326
4065	4283	4126
3962	3989	4065
3989	4146	4065
3989	4059	4146
4059	4211	4146
4211	4329	4146
4329	4304	4146
4304	4283	4146
4304	4330	4283
4330	4356	4283
4304	4529	4330
4304	4329	4529
4329	4538	4529
4538	4599	4529
4599	4662	4529
4599	4693	4662
4693	4736	4662
4693	4760	4736
4693	4538	4760
4538	4625	4760
4538	4493	4625
4538	4329	4493
4693	4599	4538
4211	4241	4329
3704	3719	3761
3719	3720	3761
3704	3531	3719
3532	3543	3558
3543	3631	3558
3541	3798	3649
3798	3871	3649
3798	3917	3871
3917	3948	3871
3917	4123	3948
4123	4106	3948
4106	4117	3948
3798	3968	3917
3798	3823	3968
3823	3967	3968
3823	3826	3967
3823	3757	3826
3823	3798	3757
3798	3541	3757
3580	3590	3730
3590	3616	3730
3616	3728	3730
3728	3764	3730
3764	3794	3730
3764	3693	3794
3693	3849	3794
3693	3804	3849
3764	3728	3693
3728	3616	3693
3582	3686	3586
3586	3536	3582
3599	3664	3636
3664	3773	3636
3773	3675	3636
3773	3825	3675
3825	3666	3675
3664	3784	3773
3602	3628	3695
3602	3477	3628
3612	3699	3827
3613	3732	3659
3613	3620	3732
3620	3771	3732
3771	3846	3732
3620	3742	3771
3613	3534	3620
3614	3746	3658
3624	3660	3783
3634	3715	3687
3715	3788	3687
3715	3852	3788
3852	3927	3788
3927	3851	3788
3715	3712	3852
3665	3727	3733
3697	3701	3824
3698	3805	3709
3698	3729	3805
3717	3847	3987
3847	4041	3987
3847	3892	4041
3892	4085	4041
4085	4087	4041
4085	4164	4087
3892	3908	4085
3847	3658	3892
3734	3983	3799
3735	3809	3782
3782	3804	3735
3740	3931	3998
3745	3920	3885
3920	4031	3885
4031	3958	3885
3958	3795	3885
3958	3889	3795
3958	4042	3889
4042	3988	3889
3958	4035	4042
4035	4156	4042
4156	4192	4042
4156	4286	4192
4286	4251	4192
4251	4104	4192
4251	4230	4104
4230	4082	4104
4286	4373	4251
4286	4355	4373
4355	4449	4373
4449	4438	4373
4035	4135	4156
4035	4031	4135
4035	3958	4031
3752	3977	3872
3752	3897	3977
3765	3820	3861
3775	3811	3893
3811	3898	3893
3785	3848	3951
3790	3895	3862
3862	3783	3790
3862	3819	3783
3862	3970	3819
3970	3909	3819
3970	3945	3909
3945	3933	3909
3945	3993	3933
3945	4034	3993
4034	4132	3993
4132	4101	3993
4101	4000	3993
4132	4154	4101
4132	4222	4154
3945	3970	4034
3862	3947	3970
3862	3984	3947
3862	3942	3984
3942	4019	3984
3862	3895	3942
3808	3837	3832
3808	3891	3837
3812	3929	3883
3856	3922	3979
3979	3956	3856
3863	4044	3971
3881	3926	4003
3887	4010	3888
3887	4089	4010
4089	4055	4010
3887	4095	4089
3900	3960	4029
3900	3744	3960
3912	4005	4053
4005	4142	4053
3955	4083	3986
3959	4037	4030
4030	3975	3959
3985	4090	4004
4090	4036	4004
4036	3983	4004
4090	4174	4036
4174	4213	4036
3985	4152	4090
3992	4129	4155
4022	4063	4169
4063	4176	4169
4176	4290	4169
4290	4217	4169
4217	4151	4169
4151	4022	4169
4217	4252	4151
4176	4277	4290
4024	4108	4141
4108	4212	4141
4108	4194	4212
4194	4293	4212
4194	4255	4293
4255	4372	4293
4372	4455	4293
4372	4462	4455
4255	4320	4372
4255	4221	4320
4032	4098	4119
4098	4218	4119
4072	4210	4165
4072	4238	4210
4072	4138	4238
4074	4109	4110
4076	4178	4160
4092	4336	4124
4336	4351	4124
4351	4170	4124
4170	4083	4124
4170	4184	4083
4170	4245	4184
4245	4338	4184
4245	4351	4338
4351	4428	4338
4351	4367	4428
4351	4336	4367
4245	4170	4351
4092	4248	4336
4248	4312	4336
4120	4297	4240
4140	4190	4310
4310	4277	4140
4195	4384	4291
4384	4392	4291
4392	4288	4291
4392	4417	4288
4384	4458	4392
4235	4460	4345
4460	4440	4345
4250	4322	4280
4250	4388	4322
4388	4431	4322
4250	4361	4388
4250	4252	4361
4265	4305	4360
4305	4504	4360
4321	4448	4427
4448	4515	4427
4515	4483	4427
4483	4401	4427
4483	4310	4401
4483	4499	4310
4483	4520	4499
4483	4609	4520
4483	4515	4609
4448	4486	4515
4359	4472	4464
4359	4455	4472
4397	4545	4562
4412	4552	4548
4548	4420	4412
4548	4509	4420
4548	4623	4509
4478	4593	4512
4593	4574	4512
4593	4670	4574
4670	4598	4574
4593	4725	4670
4491	4621	4577
4577	4431	4491
4621	4663	4577
4621	4678	4663
4491	4526	4621
4496	4501	4575
4501	4647	4575
4647	4701	4575
4647	4662	4701
4647	4501	4662
4496	4334	4501
4524	4530	4573
4530	4631	4573
4524	4425	4530
4779	4838	4856
122	133	164
122	78	133
352	466	438
587	564	626
1157	1155	1200
1213	1371	1200
1213	1299	1371
1424	1407	1299
1424	1618	1407
1618	1506	1407
1311	1422	1444
1422	1461	1444
1461	1941	1444
369	468	334
274	242	335
249	151	237
151	109	237
739	539	708
734	689	739
689	643	739
2055	2050	2127
2239	2361	2179
2052	2401	2289
1202	1241	1310
795	915	895
898	960	778
1129	1022	1142
1129	1029	1022
1029	790	1022
790	797	1022
1053	1002	1029
488	491	455
1881	2019	1856
1881	1986	2019
1986	2063	2019
1912	1888	1945
1912	1777	1888
1586	1735	1592
772	670	815
566	679	670
321	377	437
377	452	437
969	1028	1014
120	80	132
99	54	120
99	42	54
265	348	322
265	297	348
833	985	958
833	873	985
407	431	449
431	572	449
572	511	449
572	661	511
661	714	511
661	870	714
870	857	714
870	1064	857
870	1127	1064
1127	1368	1064
661	826	870
664	719	757
719	785	757
811	804	1031
1643	1841	1751
1753	1665	1970
1665	2037	1970
2037	2117	1970
1665	1757	2037
1757	1992	2037
1753	1547	1665
1547	1513	1665
1508	1607	1642
1607	1704	1642
1508	1430	1607
1430	1571	1607
1508	1336	1430
966	1074	1034
957	894	977
1445	1556	1261
1556	1464	1261
1596	1962	1648
1596	1747	1962
1747	1904	1962
1747	1778	1904
1394	1660	1566
1755	2004	1824
1502	1357	1550
1502	1425	1357
1112	941	974
1169	1237	992
1661	1971	1723
1971	1858	1723
1858	1549	1723
1858	1916	1549
1858	1971	1916
1661	1801	1971
1801	1832	1971
1832	2089	1971
2254	2147	2198
2254	2314	2147
2314	2312	2147
2314	2373	2312
2373	2398	2312
2512	2453	2398
2512	2629	2453
2629	2513	2453
2869	2607	2864
2607	2703	2864
2703	2886	2864
2607	2608	2703
2607	2372	2608
2607	2341	2372
2341	2090	2372
2341	2024	2090
2341	2023	2024
2023	1697	2024
1697	1833	2024
2341	2340	2023
2341	2607	2340
2607	2397	2340
2452	2167	2397
2452	2371	2167
1440	1367	1697
1367	1368	1697
1890	2025	2091
1838	2008	1670
2008	1744	1670
2008	1877	1744
1330	1572	1249
1572	1280	1249
1572	1315	1280
1572	1655	1315
1655	1649	1315
1649	1346	1315
1439	1225	1441
1459	1318	1455
1422	1614	1494
1708	2011	1716
2011	1887	1716
1868	1935	1814
1906	2002	1868
1600	1390	1583
1673	1973	1653
1973	2003	1653
1973	2230	2003
1706	1969	1860
2598	2737	2500
2598	2792	2737
2598	2681	2792
2410	2460	2584
2460	2679	2584
2679	2719	2584
2679	2763	2719
2763	2860	2719
2763	3024	2860
2763	2945	3024
2945	3076	3024
2541	2262	2410
2541	2489	2262
2489	2206	2262
2431	2200	2489
1864	1674	1751
2131	2269	2240
1972	2190	2131
2033	2139	2015
2436	2467	2432
2467	2444	2432
2436	2733	2467
2733	2731	2467
2731	2528	2467
2731	2644	2528
2644	2557	2528
2436	2690	2733
2436	2517	2690
2517	2678	2690
2517	2516	2678
2007	2246	2145
2119	1845	2110
2573	2367	2662
2573	2435	2367
2802	2870	2670
2434	2416	2357
2416	2258	2357
2579	2816	2591
2445	2654	2532
2445	2610	2654
2445	2470	2610
3065	3193	2907
3193	3008	2907
2713	2674	2515
2933	3019	2879
3019	2980	2879
2980	2847	2879
2980	2822	2847
3019	3137	2980
3019	3183	3137
3183	3285	3137
3183	3328	3285
3231	3150	3355
3150	3239	3355
3239	3470	3355
3239	3471	3470
3239	3420	3471
3231	3022	3150
3022	2961	3150
2961	2962	3150
2592	2322	2468
2599	2526	2496
2599	2498	2526
2599	2707	2498
2506	2462	2306
2595	2333	2498
2595	2458	2333
2595	2556	2458
2595	2768	2556
2808	3032	2757
3032	2772	2757
2672	2614	2624
2760	2784	2590
2891	2994	2776
2726	2494	2774
3012	2966	3252
2966	3294	3252
2934	2829	2966
2829	2901	2966
3016	2826	2938
3064	3054	2846
3275	3585	3468
3275	3262	3585
3262	3376	3585
3224	3403	3254
3173	3229	2972
3061	2940	3007
2940	2919	3007
2940	2756	2919
2756	2841	2919
3061	3108	2940
3061	3112	3108
3112	3159	3108
3159	3187	3108
3159	3240	3187
3159	3435	3240
3435	3441	3240
3159	3144	3435
3144	3413	3435
3548	3531	3327
3548	3719	3531
3548	3720	3719
3025	2884	3054
3063	2960	3138
3069	2943	3062
3126	3295	3156
3216	3315	3267
3216	3155	3315
3604	3793	3550
3604	3736	3793
3283	3561	3508
3829	4148	3840
4148	4011	3840
3829	4079	4148
3884	3860	4080
4617	4637	4504
4637	4523	4504
4617	4682	4637
4624	4776	4722
4776	4834	4722
4776	4825	4834
4721	4826	4776
4986	5013	4953
4986	5004	5013
5004	5090	5013
5004	5100	5090
5004	5099	5100
4890	4740	4873
4740	4701	4873
4890	4906	4740
4906	4829	4740
4890	4952	4906
4556	4737	4619
4315	4243	4344
4792	4709	4649
4792	4883	4709
4818	4663	4678
4626	4494	4712
4626	4511	4494
4171	4102	4209
4197	4153	4057
4197	4236	4153
4972	5036	4925
4974	5018	4972
5052	5067	5008
5091	5110	5071
5110	5113	5071
4654	4612	4571
4612	4576	4571
4281	4273	4189
4281	4374	4273
4281	4349	4374
5157	5138	5125
5157	5162	5138
5162	5177	5138
5177	5158	5138
5179	5183	5177
5183	5184	5177
5152	5073	5109
5152	5097	5073
5152	5114	5097
5111	5164	5116
5111	5166	5164
5084	5059	5060
5084	5112	5059
5084	5106	5112
4778	4732	4817
4453	4382	4379
4453	4553	4382
4553	4469	4382
4453	4506	4553
4383	4450	4285
4450	4444	4285
4444	4319	4285
4450	4555	4444
4450	4568	4555
4977	5029	5032
4977	4967	5029
4967	4949	5029
4949	5026	5029
4949	4934	5026
4934	4993	5026
4949	4893	4934
4949	4891	4893
4891	4846	4893
5101	5087	5140
5087	5072	5140
5072	5069	5140
5072	5031	5069
4672	4730	4616
4730	4668	4616
4668	4587	4616
4672	4786	4730
4672	4719	4786
4719	4769	4786
4702	4718	4767
3716	3706	3843
3867	3685	3689
4272	3967	4096
4065	4146	4283
4330	4662	4356
4662	4501	4356
4330	4529	4662
3871	3591	3649
3541	3434	3757
3541	3473	3434
3730	3754	3580
3788	3851	3687
3977	4044	3872
4098	4231	4218
4336	4473	4367
4512	4294	4478
4512	4454	4294
