268.498319 254.152930 35.353941 255 0 0
277.648391 242.762438 40.443745 255 0 0
288.130452 232.284844 45.184940 255 0 0
299.944501 222.720149 49.577527 255 0 0
313.090538 214.068351 53.621506 255 0 0
327.568563 206.329451 57.316877 255 0 0
343.378577 199.503449 60.663639 255 0 0
360.520579 193.590346 63.661794 255 0 0
378.994570 188.590140 66.311340 0 255 0
363.875161 193.892660 79.767744 0 255 0
350.209119 200.191267 92.843772 0 255 0
337.996443 207.485960 105.539426 0 255 0
327.237134 215.776739 117.854704 0 255 0
317.931191 225.063605 129.789607 0 255 0
310.078615 235.346558 141.344134 0 255 0
303.679406 246.625596 152.518287 0 255 0
298.733563 258.900721 163.312064 0 255 0
