3.011444609262956078e+02 2.197898308449503020e+02 1.544951364223967403e+02
2.982023691005011301e+02 2.043822291414589642e+02 1.545774326632468387e+02
2.938414208408246964e+02 1.926392792511378502e+02 1.421626407562745840e+02
2.794368806859271217e+02 1.880256818038674282e+02 1.201795481305961175e+02
2.788929347917133441e+02 1.834439461800763809e+02 7.000400144243440081e+01
2.885899833912421286e+02 1.703272676393873439e+02 3.489211677050110438e+01
3.105131667245919402e+02 1.814992597079090615e+02 1.414919747528176686e+01
3.011288792998793156e+02 2.009743796990445048e+02 2.196096016364913339e+01
3.083237454763767005e+02 2.161472284472525018e+02 1.425406128301659692e+01
3.153622150276029856e+02 2.281408612108390344e+02 2.019723597872615528e+01
3.203525037350449907e+02 2.418414760740770930e+02 2.312766891387639134e+01
