28.768256 35.862620 9.977310 255 0 0
28.999915 35.659467 9.094758 255 0 0
29.287268 35.342070 8.215174 255 0 0
29.630314 34.910428 7.338558 255 0 0
30.029056 34.364542 6.464910 255 0 0
30.483491 33.704412 5.594230 255 0 0
30.993620 32.930038 4.726518 255 0 0
31.559444 32.041420 3.861775 255 0 0
32.180962 31.038557 3.000000 0 255 0
31.546538 30.094467 3.888162 0 255 0
30.970712 29.264621 4.773355 0 255 0
30.453483 28.549020 5.655581 0 255 0
29.994853 27.947662 6.534838 0 255 0
29.594820 27.460549 7.411127 0 255 0
29.253385 27.087680 8.284448 0 255 0
28.970547 26.829056 9.154800 0 255 0
28.746308 26.684675 10.022185 0 255 0
