   3.2242236e+02   6.0062112e+01   1.2500000e+02
   3.2011180e+02   4.3440994e+01   1.1300000e+02
   3.2062112e+02   4.2360248e+01   1.0100000e+02
   3.2326087e+02   3.7049689e+01   9.5000000e+01
   3.2749068e+02   3.8099379e+01   8.9000000e+01
   3.2536025e+02   3.4378882e+01   8.3000000e+01
   3.2959006e+02   3.5428571e+01   7.7000000e+01
   3.3381988e+02   3.4888199e+01   7.1000000e+01
   3.3468944e+02   3.7347826e+01   6.5000000e+01
   3.4686957e+02   3.9987578e+01   5.9000000e+01
   3.4632919e+02   4.1037267e+01   5.3000000e+01
   3.4578882e+02   4.3677019e+01   4.7000000e+01
   3.5637888e+02   5.2677019e+01   4.1000000e+01
   3.4947826e+02   7.1217391e+01   3.5000000e+01
   3.5370807e+02   6.4316770e+01   2.9000000e+01
   3.0016149e+02   1.1141925e+02   3.1000000e+01
   2.7470497e+02   1.1741925e+02   3.7000000e+01
   2.3759317e+02   1.3754969e+02   4.3000000e+01
   2.3864286e+02   1.3541925e+02   4.9000000e+01
