   2.8953563e+01   2.6411397e+01   1.3000000e+01
   2.8579731e+01   2.7046691e+01   1.2000000e+01
   2.8654498e+01   2.7399632e+01   1.1000000e+01
   2.8205900e+01   2.7823162e+01   1.0000000e+01
   2.7458236e+01   2.9164338e+01   9.0000000e+00
   2.7682535e+01   3.0223162e+01   8.0000000e+00
   2.8280666e+01   3.1070221e+01   7.0000000e+00
   2.8729264e+01   3.2129044e+01   6.0000000e+00
   2.8654498e+01   3.2481985e+01   5.0000000e+00
   2.8953563e+01   3.3046691e+01   4.0000000e+00
   2.9551694e+01   3.5587868e+01   5.0000000e+00
   2.9775993e+01   3.5658456e+01   6.0000000e+00
   2.9252629e+01   3.5799632e+01   7.0000000e+00
   2.9103096e+01   3.5870221e+01   8.0000000e+00
   2.8804030e+01   3.6364338e+01   9.0000000e+00
   2.8953563e+01   3.5940809e+01   1.0000000e+01
   2.9028329e+01   3.6011397e+01   1.1000000e+01
   2.8953563e+01   3.6011397e+01   1.2000000e+01
   2.8056367e+01   3.6081985e+01   1.3000000e+01
