   3.6239055e+02   1.4459950e+02   1.2800000e+02
   3.7948507e+02   1.2603234e+02   1.1400000e+02
   3.8220149e+02   1.1346517e+02   1.0200000e+02
   3.9255970e+02   1.1618159e+02   9.0000000e+01
   3.7489801e+02   1.1635075e+02   7.8000000e+01
   3.6351990e+02   1.1516169e+02   7.2000000e+01
   3.6997264e+02   1.1397264e+02   6.6000000e+01
   3.6114179e+02   1.1787811e+02   6.0000000e+01
   3.7014179e+02   1.2433085e+02   5.4000000e+01
   3.6895274e+02   1.2823632e+02   4.8000000e+01
   3.6776368e+02   1.4233085e+02   4.2000000e+01
   3.6402736e+02   1.6661443e+02   3.6000000e+01
   3.5264925e+02   1.9344527e+02   3.0000000e+01
