   2.8241585e+01   2.7638455e+01   1.1000000e+01
   2.8241585e+01   2.7744936e+01   1.0000000e+01
   2.8127157e+01   2.8490307e+01   9.0000000e+00
   2.8012729e+01   2.9555122e+01   8.0000000e+00
   2.8470441e+01   3.0726418e+01   7.0000000e+00
   2.8470441e+01   3.1471788e+01   6.0000000e+00
   2.9042580e+01   3.4027344e+01   5.0000000e+00
   2.9157008e+01   3.5411603e+01   6.0000000e+00
   2.8928152e+01   3.5731047e+01   7.0000000e+00
   2.8928152e+01   3.5731047e+01   8.0000000e+00
   2.8699296e+01   3.6156973e+01   9.0000000e+00
   2.8813724e+01   3.6263455e+01   1.0000000e+01
   2.8699296e+01   3.6476418e+01   1.1000000e+01
