1	2	4
1	9	2
9	16	2
16	11	2
11	3	2
3	4	2
3	13	4
13	10	4
10	1	4
10	6	1
6	5	1
5	9	1
5	22	9
22	42	9
42	16	9
42	52	16
52	43	16
43	19	16
19	11	16
19	17	11
17	12	11
12	3	11
12	13	3
12	30	13
30	24	13
24	36	13
36	10	13
36	20	10
36	26	20
26	28	20
28	15	20
28	14	15
14	8	15
14	18	8
18	7	8
18	34	7
34	22	7
22	6	7
6	10	7
22	5	6
34	35	22
35	42	22
18	37	34
37	39	34
37	60	39
37	54	60
54	93	60
54	81	93
81	104	93
81	177	104
177	197	104
177	225	197
177	232	225
232	261	225
261	269	225
261	284	269
261	232	284
232	238	284
238	305	284
305	333	284
305	338	333
338	364	333
305	292	338
292	360	338
292	345	360
345	395	360
345	318	395
345	286	318
345	292	286
292	201	286
201	247	286
305	238	292
232	185	238
232	177	185
54	56	81
56	88	81
56	83	88
56	55	83
55	62	83
62	98	83
62	66	98
66	82	98
82	111	98
82	91	111
91	128	111
128	127	111
127	131	111
131	173	111
131	174	173
174	198	173
174	182	198
182	239	198
239	260	198
239	249	260
249	322	260
249	264	322
264	328	322
328	368	322
368	435	322
328	340	368
340	396	368
340	349	396
340	308	349
308	310	349
310	361	349
361	405	349
361	416	405
416	477	405
477	471	405
477	485	471
485	515	471
485	555	515
555	552	515
552	585	515
552	555	585
555	693	585
693	699	585
699	645	585
645	655	585
645	701	655
701	729	655
729	692	655
729	718	692
718	730	692
730	674	692
730	709	674
709	675	674
675	611	674
611	530	674
611	613	530
613	534	530
534	480	530
534	531	480
531	474	480
531	584	474
584	561	474
561	435	474
584	602	561
602	574	561
602	608	574
608	619	574
608	671	619
671	648	619
648	590	619
648	640	590
640	623	590
623	580	590
623	656	580
656	537	580
623	644	656
644	725	656
644	724	725
724	801	725
801	792	725
801	873	792
873	831	792
873	863	831
873	941	863
644	640	724
640	648	724
644	623	640
608	602	671
602	633	671
633	676	671
633	584	676
584	613	676
613	666	676
666	705	676
705	780	676
705	804	780
804	858	780
858	861	780
858	961	861
961	979	861
961	1074	979
1074	1071	979
1071	986	979
961	1084	1074
1084	1172	1074
1084	1210	1172
1084	1109	1210
1109	1195	1210
1195	1342	1210
1195	1347	1342
1347	1452	1342
1452	1450	1342
1450	1387	1342
1387	1356	1342
1387	1368	1356
1368	1302	1356
1368	1303	1302
1368	1399	1303
1399	1304	1303
1304	1221	1303
1304	1200	1221
1200	1194	1221
1194	1167	1221
1200	1148	1194
1200	1177	1148
1177	1086	1148
1086	1072	1148
1086	941	1072
1086	1068	941
1086	1124	1068
1124	1105	1068
1124	1142	1105
1142	1053	1105
1142	1225	1053
1225	1185	1053
1225	1290	1185
1290	1292	1185
1292	1232	1185
1290	1350	1292
1350	1328	1292
1350	1477	1328
1477	1357	1328
1357	1288	1328
1288	1263	1328
1288	1294	1263
1294	1215	1263
1350	1395	1477
1395	1534	1477
1534	1541	1477
1534	1601	1541
1601	1727	1541
1727	1686	1541
1727	1763	1686
1763	1742	1686
1727	1801	1763
1727	1786	1801
1727	1790	1786
1790	1895	1786
1895	1959	1786
1790	1748	1895
1748	1824	1895
1824	1949	1895
1949	2001	1895
1824	1945	1949
1790	1657	1748
1657	1667	1748
1657	1648	1667
1648	1542	1667
1648	1601	1542
1648	1657	1601
1657	1727	1601
1657	1790	1727
1350	1337	1395
1337	1252	1395
1337	1222	1252
1222	1226	1252
1226	1330	1252
1330	1355	1252
1330	1366	1355
1366	1459	1355
1366	1414	1459
1414	1472	1459
1472	1488	1459
1472	1558	1488
1558	1542	1488
1472	1567	1558
1567	1656	1558
1567	1627	1656
1627	1758	1656
1758	1709	1656
1627	1743	1758
1627	1630	1743
1630	1718	1743
1718	1784	1743
1784	1805	1743
1784	1804	1805
1784	1777	1804
1777	1867	1804
1777	1820	1867
1820	1901	1867
1901	1915	1867
1820	1877	1901
1877	1954	1901
1820	1834	1877
1820	1781	1834
1781	1791	1834
1791	1808	1834
1791	1797	1808
1791	1721	1797
1721	1624	1797
1624	1765	1797
1765	1782	1797
1765	1638	1782
1721	1592	1624
1592	1532	1624
1592	1509	1532
1509	1452	1532
1509	1450	1452
1509	1521	1450
1521	1489	1450
1489	1387	1450
1489	1368	1387
1489	1413	1368
1413	1399	1368
1413	1414	1399
1414	1343	1399
1343	1304	1399
1343	1209	1304
1209	1200	1304
1209	1177	1200
1209	1198	1177
1198	1124	1177
1124	1086	1177
1198	1226	1124
1226	1222	1124
1222	1161	1124
1161	1142	1124
1161	1225	1142
1161	1311	1225
1311	1290	1225
1311	1350	1290
1311	1337	1350
1311	1222	1337
1311	1161	1222
1198	1209	1226
1209	1330	1226
1209	1343	1330
1343	1366	1330
1343	1414	1366
1413	1544	1414
1544	1472	1414
1544	1567	1472
1544	1627	1567
1544	1630	1627
1544	1543	1630
1543	1649	1630
1649	1718	1630
1649	1658	1718
1658	1738	1718
1738	1777	1718
1777	1784	1718
1738	1820	1777
1738	1781	1820
1738	1717	1781
1717	1721	1781
1721	1791	1781
1717	1658	1721
1658	1597	1721
1597	1592	1721
1597	1509	1592
1597	1521	1509
1597	1543	1521
1543	1489	1521
1543	1544	1489
1544	1413	1489
1597	1649	1543
1597	1658	1649
1717	1738	1658
1347	1329	1452
1329	1474	1452
1329	1398	1474
1398	1415	1474
1415	1514	1474
1415	1484	1514
1484	1533	1514
1415	1388	1484
1415	1307	1388
1307	1259	1388
1259	1224	1388
1224	1358	1388
1358	1478	1388
1478	1525	1388
1478	1602	1525
1224	1258	1358
1259	1132	1224
1132	1093	1224
1132	1070	1093
1259	1269	1132
1259	1307	1269
1307	1316	1269
1316	1245	1269
1316	1329	1245
1329	1195	1245
1329	1347	1195
1316	1398	1329
1316	1307	1398
1307	1415	1398
1109	1153	1195
1153	1127	1195
1153	1040	1127
1040	991	1127
991	983	1127
983	1080	1127
983	963	1080
983	872	963
872	934	963
872	913	934
872	794	913
794	866	913
866	943	913
866	899	943
866	847	899
866	798	847
798	772	847
772	799	847
799	887	847
887	945	847
887	981	945
887	959	981
959	976	981
959	862	976
862	886	976
886	1027	976
886	1024	1027
886	1010	1024
886	879	1010
879	931	1010
879	869	931
869	880	931
879	795	869
879	739	795
739	699	795
739	645	699
739	701	645
739	738	701
738	729	701
738	772	729
772	786	729
786	718	729
786	730	718
786	872	730
872	778	730
778	709	730
778	732	709
732	675	709
732	666	675
666	611	675
666	613	611
732	705	666
732	804	705
732	807	804
807	858	804
807	865	858
865	882	858
882	961	858
882	942	961
942	1084	961
942	1040	1084
1040	1109	1084
1040	1153	1109
942	991	1040
942	954	991
954	983	991
954	872	983
954	865	872
865	778	872
865	807	778
807	732	778
954	942	865
942	882	865
786	794	872
786	772	794
772	798	794
798	866	794
738	799	772
738	812	799
812	887	799
812	862	887
862	959	887
812	739	862
739	879	862
879	886	862
812	738	739
584	534	613
584	531	534
633	602	584
555	685	693
685	766	693
416	424	477
416	361	424
308	251	310
251	307	310
251	253	307
253	274	307
253	275	274
275	335	274
275	324	335
324	348	335
324	401	348
324	367	401
324	314	367
324	258	314
258	281	314
281	302	314
258	233	281
233	211	281
233	183	211
183	175	211
175	154	211
154	158	211
158	193	211
193	267	211
193	255	267
255	334	267
193	256	255
256	343	255
193	176	256
176	215	256
176	188	215
188	216	215
188	202	216
202	299	216
188	166	202
166	180	202
180	218	202
180	208	218
208	226	218
226	301	218
226	277	301
277	351	301
351	378	301
378	406	301
226	221	277
226	208	221
208	190	221
190	186	221
186	220	221
220	289	221
220	285	289
285	303	289
285	353	303
220	205	285
205	283	285
205	246	283
246	287	283
246	282	287
282	347	287
282	250	347
250	344	347
250	240	344
240	321	344
321	357	344
321	337	357
337	412	357
412	428	357
412	455	428
455	458	428
458	463	428
463	453	428
463	516	453
463	540	516
540	532	516
540	629	532
629	642	532
629	754	642
629	653	754
653	789	754
629	571	653
571	573	653
573	616	653
573	564	616
564	594	616
594	665	616
594	657	665
657	781	665
657	740	781
740	833	781
833	851	781
851	842	781
851	904	842
904	937	842
937	930	842
937	1090	930
937	1110	1090
1110	1179	1090
1110	1141	1179
1110	1028	1141
1028	1067	1141
1067	1126	1141
1126	1241	1141
1241	1286	1141
1067	1054	1126
1054	1012	1126
1012	1059	1126
1059	1175	1126
1059	1149	1175
1149	1211	1175
1211	1326	1175
1149	1192	1211
1192	1207	1211
1207	1285	1211
1207	1327	1285
1207	1233	1327
1207	1223	1233
1207	1135	1223
1207	1192	1135
1192	1149	1135
1149	1059	1135
1059	1008	1135
1008	972	1135
972	1077	1135
972	974	1077
974	1015	1077
1015	1098	1077
1098	1166	1077
1166	1223	1077
1166	1217	1223
1217	1310	1223
1217	1266	1310
1266	1373	1310
1266	1407	1373
1266	1365	1407
1365	1421	1407
1365	1418	1421
1418	1451	1421
1451	1500	1421
1418	1460	1451
1460	1479	1451
1479	1629	1451
1418	1341	1460
1418	1365	1341
1365	1251	1341
1251	1193	1341
1193	1237	1341
1193	1212	1237
1193	1147	1212
1147	1128	1212
1147	1112	1128
1112	1002	1128
1002	1033	1128
1033	1055	1128
1112	978	1002
978	840	1002
978	817	840
978	860	817
860	765	817
860	811	765
811	761	765
761	686	765
761	733	686
733	643	686
643	639	686
639	631	686
631	614	686
614	673	686
614	548	673
548	542	673
542	563	673
563	581	673
542	517	563
548	533	542
548	614	533
614	522	533
522	513	533
513	498	533
498	425	533
498	414	425
414	372	425
372	386	425
372	336	386
336	320	386
336	266	320
266	300	320
266	244	300
266	237	244
237	199	244
199	153	244
199	181	153
181	129	153
129	85	153
85	100	153
100	139	153
100	103	139
103	130	139
130	146	139
146	145	139
145	160	139
145	161	160
161	270	160
161	230	270
161	223	230
223	294	230
223	203	294
203	222	294
222	346	294
203	165	222
165	156	222
156	196	222
156	146	196
146	142	196
142	187	196
142	170	187
170	200	187
200	236	187
200	259	236
200	191	259
200	170	191
170	144	191
170	142	144
142	126	144
126	101	144
101	90	144
101	77	90
77	63	90
77	71	63
71	44	63
44	41	63
41	57	63
41	40	57
40	75	57
40	32	75
32	31	75
31	43	75
43	87	75
31	19	43
31	21	19
21	17	19
21	25	17
25	27	17
27	29	17
29	12	17
29	30	12
29	45	30
45	24	30
45	50	24
50	36	24
50	48	36
48	26	36
48	69	26
48	74	69
74	86	69
86	106	69
106	97	69
97	68	69
97	99	68
99	59	68
59	26	68
59	28	26
59	76	28
76	51	28
51	33	28
33	14	28
33	23	14
23	18	14
33	49	23
49	56	23
49	55	56
49	62	55
49	61	62
61	66	62
61	82	66
61	67	82
67	91	82
67	109	91
67	79	109
79	118	109
118	158	109
158	154	109
118	171	158
171	193	158
171	176	193
171	133	176
133	188	176
133	166	188
133	124	166
124	180	166
124	120	180
124	108	120
108	97	120
97	106	120
106	168	120
106	107	168
107	114	168
114	186	168
186	190	168
114	178	186
178	220	186
178	205	220
178	189	205
189	246	205
189	167	246
167	248	246
248	282	246
248	250	282
248	240	250
248	167	240
167	213	240
213	224	240
224	273	240
273	321	240
273	337	321
273	326	337
326	398	337
398	412	337
398	465	412
465	455	412
465	501	455
501	540	455
540	458	455
540	463	458
501	571	540
571	629	540
501	573	571
501	564	573
501	594	564
465	421	501
465	398	421
398	390	421
390	408	421
408	437	421
408	411	437
411	460	437
460	514	437
514	539	437
514	576	539
576	597	539
597	594	539
597	657	594
597	630	657
630	740	657
630	684	740
684	737	740
737	827	740
827	850	740
850	833	740
850	900	833
900	851	833
900	904	851
900	1028	904
1028	937	904
1028	1110	937
900	946	1028
946	1054	1028
1054	1067	1028
946	996	1054
996	1012	1054
996	990	1012
990	1008	1012
1008	1059	1012
990	960	1008
960	972	1008
960	867	972
867	974	972
867	852	974
852	927	974
927	1015	974
927	1046	1015
1046	1098	1015
1046	1088	1098
1088	1165	1098
1165	1166	1098
1165	1217	1166
1165	1266	1217
1165	1251	1266
1251	1365	1266
1165	1156	1251
1156	1154	1251
1154	1193	1251
1154	1112	1193
1112	1147	1193
1154	1088	1112
1088	1046	1112
1154	1156	1088
1156	1165	1088
852	889	927
852	822	889
822	860	889
822	811	860
822	761	811
822	733	761
822	728	733
728	643	733
728	612	643
612	572	643
572	553	643
553	639	643
553	631	639
553	522	631
522	614	631
553	475	522
475	498	522
498	513	522
475	450	498
450	414	498
450	391	414
391	379	414
379	366	414
366	372	414
366	336	372
366	339	336
339	262	336
262	266	336
262	245	266
245	237	266
245	204	237
204	199	237
204	181	199
204	184	181
184	138	181
138	129	181
138	102	129
102	85	129
102	44	85
44	80	85
80	100	85
80	71	100
71	101	100
101	103	100
101	126	103
126	130	103
126	142	130
142	146	130
71	77	101
80	44	71
102	89	44
89	47	44
47	27	44
27	41	44
27	25	41
25	40	41
25	32	40
25	21	32
21	31	32
47	29	27
47	45	29
47	70	45
70	64	45
64	50	45
64	65	50
65	48	50
65	74	48
65	84	74
84	110	74
110	107	74
107	86	74
107	106	86
110	114	107
110	178	114
110	169	178
169	189	178
169	167	189
169	148	167
148	135	167
135	213	167
135	136	213
135	123	136
123	132	136
123	105	132
105	70	132
70	89	132
89	143	132
143	155	132
143	151	155
151	210	155
151	206	210
206	243	210
243	263	210
263	265	210
265	279	210
265	278	279
278	317	279
317	273	279
317	326	273
317	362	326
362	390	326
390	398	326
362	408	390
362	411	408
362	391	411
391	460	411
391	450	460
450	482	460
482	514	460
482	572	514
572	576	514
572	612	576
612	630	576
630	597	576
612	684	630
612	728	684
728	737	684
728	824	737
824	826	737
826	827	737
826	867	827
867	894	827
894	850	827
894	946	850
946	900	850
894	996	946
894	960	996
960	990	996
894	867	960
826	824	867
824	852	867
824	822	852
824	728	822
482	483	572
483	553	572
483	475	553
483	450	475
483	482	450
362	317	391
317	379	391
317	339	379
339	366	379
317	278	339
278	263	339
263	262	339
263	243	262
243	245	262
243	206	245
206	184	245
184	204	245
206	163	184
163	138	184
163	151	138
151	102	138
151	89	102
151	143	89
163	206	151
278	265	263
70	47	89
105	64	70
105	95	64
95	65	64
95	84	65
95	110	84
95	119	110
119	148	110
148	169	110
119	135	148
119	123	135
119	105	123
119	95	105
108	99	97
108	96	99
96	59	99
96	76	59
96	112	76
112	118	76
118	79	76
79	51	76
79	53	51
53	33	51
53	49	33
53	67	49
67	61	49
53	79	67
112	133	118
133	171	118
112	124	133
112	96	124
96	108	124
156	145	146
156	165	145
165	157	145
157	161	145
157	159	161
159	203	161
203	223	161
159	157	203
157	165	203
208	180	190
175	183	154
233	217	183
217	192	183
192	128	183
192	162	128
162	137	128
137	127	128
137	131	127
137	174	131
137	182	174
137	164	182
164	194	182
194	249	182
249	239	182
194	234	249
234	264	249
234	251	264
251	308	264
308	328	264
308	340	328
234	253	251
234	194	253
194	209	253
209	275	253
209	192	275
192	217	275
217	258	275
258	324	275
217	233	258
209	162	192
209	164	162
164	137	162
209	194	164
46	78	73
115	152	121
122	141	254
141	179	254
179	229	254
150	228	219
228	252	219
252	290	219
207	231	268
242	271	272
271	293	272
293	298	272
298	309	272
271	331	293
331	356	293
331	365	356
257	316	288
276	330	313
330	355	313
330	415	355
415	479	355
330	442	415
276	259	330
259	309	330
296	397	329
306	342	407
311	387	350
311	393	387
393	426	387
426	439	387
439	350	387
439	445	350
319	359	409
359	451	409
325	375	332
327	420	363
352	376	381
354	509	413
509	478	413
509	618	478
509	617	618
617	716	618
716	723	618
723	569	618
723	713	569
713	593	569
593	492	569
492	491	569
492	407	491
713	641	593
641	598	593
641	735	598
735	760	598
760	600	598
600	476	598
600	469	476
469	382	476
382	427	476
427	505	476
469	397	382
600	570	469
570	510	469
570	605	510
570	691	605
691	589	605
570	682	691
682	756	691
682	600	756
600	760	756
760	919	756
919	890	756
919	923	890
923	1108	890
1108	917	890
1108	1048	917
1108	1114	1048
1108	1239	1114
1239	1261	1114
1239	1318	1261
1318	1461	1261
1461	1442	1261
1442	1244	1261
1442	1230	1244
1442	1391	1230
1391	1265	1230
1265	1219	1230
1219	1183	1230
1265	1213	1219
1265	1375	1213
1265	1391	1375
1391	1540	1375
1391	1618	1540
1618	1664	1540
1664	1710	1540
1664	1793	1710
1793	1773	1710
1664	1792	1793
1792	1927	1793
1927	1975	1793
1664	1618	1792
1618	1676	1792
1676	1891	1792
1676	1747	1891
1676	1670	1747
1676	1634	1670
1634	1503	1670
1503	1442	1670
1442	1461	1670
1503	1391	1442
1503	1618	1391
1503	1634	1618
1634	1676	1618
1239	1312	1318
1239	1108	1312
1108	1164	1312
1164	1168	1312
1168	1397	1312
1168	1163	1397
1163	1401	1397
1163	1260	1401
1260	1331	1401
1331	1463	1401
1331	1526	1463
1526	1562	1463
1562	1548	1463
1562	1580	1548
1562	1611	1580
1562	1526	1611
1331	1396	1526
1168	1143	1163
1168	1107	1143
1168	1164	1107
1164	1108	1107
1108	919	1107
1108	923	919
760	823	919
823	928	919
823	841	928
841	915	928
915	1032	928
841	844	915
844	769	915
769	898	915
898	971	915
898	957	971
957	989	971
989	1106	971
989	1139	1106
957	911	989
957	898	911
898	808	911
808	883	911
808	805	883
808	716	805
808	723	716
808	898	723
898	769	723
769	713	723
769	844	713
844	735	713
735	641	713
844	841	735
841	823	735
823	760	735
682	570	600
509	557	617
509	494	557
494	551	557
494	497	551
497	620	551
620	714	551
714	719	551
620	745	714
620	687	745
620	610	687
399	403	499
499	432	399
499	507	432
499	523	507
523	558	507
499	538	523
410	461	418
418	356	410
461	444	418
461	472	444
472	503	444
472	579	503
579	637	503
637	588	503
588	484	503
637	690	588
690	722	588
690	803	722
472	545	579
545	565	579
545	543	565
543	554	565
554	678	565
554	669	678
669	764	678
669	742	764
742	797	764
742	771	797
742	717	771
717	806	771
806	864	771
806	825	864
825	881	864
881	922	864
922	967	864
922	1003	967
1003	1049	967
1049	1020	967
1049	1060	1020
1060	1019	1020
1060	1103	1019
1103	1076	1019
1076	1045	1019
1045	994	1019
994	868	1019
994	920	868
920	803	868
994	944	920
994	1013	944
1013	936	944
936	901	944
901	875	944
901	902	875
902	897	875
897	903	875
903	849	875
849	846	875
846	815	875
846	820	815
820	770	815
770	712	815
770	622	712
820	755	770
820	777	755
820	810	777
810	757	777
810	832	757
832	775	757
775	688	757
832	853	775
853	818	775
832	892	853
832	953	892
832	935	953
832	843	935
843	859	935
859	955	935
859	903	955
903	1000	955
903	897	1000
897	975	1000
897	902	975
902	918	975
918	1006	975
1006	1121	975
1006	1062	1121
1006	1041	1062
1006	977	1041
977	1044	1041
1044	1174	1041
1044	1178	1174
1044	1029	1178
1029	1069	1178
1069	1218	1178
1069	1051	1218
1051	1133	1218
1051	1129	1133
1051	1160	1129
1051	1014	1160
1014	1081	1160
1081	1190	1160
1190	1232	1160
1190	1049	1232
1190	1060	1049
1190	1119	1060
1119	1103	1060
1119	1076	1103
1119	1100	1076
1100	1017	1076
1017	1045	1076
1017	984	1045
984	1013	1045
1013	1021	1045
1021	994	1045
1021	1013	994
984	936	1013
984	925	936
925	918	936
918	901	936
918	902	901
925	1006	918
925	977	1006
925	984	977
984	1017	977
1017	964	977
964	1044	977
964	988	1044
988	1029	1044
988	1081	1029
1081	1014	1029
1014	1069	1029
1014	1051	1069
988	1100	1081
1100	1190	1081
1100	1119	1190
988	1017	1100
988	964	1017
859	849	903
859	838	849
838	846	849
838	820	846
838	810	820
838	859	810
859	843	810
843	832	810
1003	1073	1049
1003	1053	1073
1003	922	1053
881	876	922
881	825	876
825	802	876
802	863	876
825	806	802
806	750	802
806	717	750
717	726	750
717	652	726
717	615	652
717	742	615
742	664	615
664	609	615
609	519	615
519	583	615
609	554	519
554	518	519
518	504	519
518	410	504
518	461	410
518	543	461
543	545	461
545	472	461
518	554	543
609	669	554
609	664	669
664	742	669
419	596	464
464	346	419
596	536	464
536	508	464
508	420	464
508	470	420
508	511	470
511	635	470
635	654	470
654	592	470
635	661	654
661	845	654
845	793	654
845	958	793
958	973	793
973	809	793
809	708	793
845	970	958
635	511	661
511	536	661
536	697	661
536	731	697
536	734	731
536	596	734
511	508	536
429	448	459
448	486	459
431	457	462
431	488	457
457	490	462
457	575	490
433	524	456
441	487	467
487	506	467
487	566	506
447	544	500
473	512	520
512	586	520
586	604	520
586	681	604
489	567	634
567	638	634
495	541	535
541	562	535
562	603	535
526	599	621
526	556	599
556	636	599
636	647	599
647	632	599
632	621	599
632	627	621
627	582	621
582	526	621
627	683	582
683	596	582
627	679	683
679	819	683
679	710	819
710	837	819
837	916	819
916	962	819
962	888	819
962	938	888
938	734	888
962	1056	938
962	1026	1056
1026	1228	1056
1228	1291	1056
1291	1094	1056
1291	1256	1094
1291	1348	1256
1291	1385	1348
1385	1408	1348
1385	1441	1408
1441	1529	1408
1385	1278	1441
1278	1297	1441
1278	1228	1297
1228	1227	1297
1228	1026	1227
1278	1291	1228
1278	1385	1291
962	1009	1026
962	916	1009
837	818	916
837	710	818
679	632	710
632	647	710
679	627	632
636	651	647
636	688	651
636	624	688
636	556	624
527	549	559
546	646	668
547	578	607
578	595	607
595	708	607
595	592	708
595	578	592
601	715	736
659	667	727
727	776	659
663	813	787
672	694	762
689	746	703
746	773	703
746	857	773
857	840	773
702	768	788
720	721	829
721	908	829
908	1004	829
1004	1082	829
1082	1035	829
1004	1096	1082
908	1001	1004
908	884	1001
753	791	871
791	870	871
767	814	821
779	939	910
939	948	910
948	924	910
924	784	910
924	929	784
924	997	929
997	914	929
997	1018	914
1018	1005	914
1005	885	914
1005	1011	885
1005	1018	1011
939	1034	948
779	787	939
790	951	878
951	992	878
992	1031	878
1031	848	878
992	1184	1031
992	1111	1184
1111	1150	1184
992	980	1111
992	951	980
951	950	980
830	966	999
966	1136	999
1136	1203	999
966	1035	1136
835	877	940
877	921	940
921	998	940
998	1022	940
1022	1057	940
1057	1066	940
1066	905	940
905	835	940
905	839	835
905	933	839
905	1066	933
1022	1095	1057
1022	1052	1095
1052	1102	1095
1022	998	1052
998	921	1052
921	952	1052
921	877	952
854	965	982
854	949	965
855	895	985
895	1007	985
1007	1050	985
1050	1144	985
895	906	1007
895	789	906
896	1025	1104
1025	1162	1104
1162	1235	1104
1025	995	1162
995	1146	1162
907	1064	912
1064	1047	912
909	1092	1113
1092	1197	1113
909	953	1092
932	1130	1061
968	1043	1030
1038	1117	1063
1065	1099	1115
1085	1120	1089
1085	1158	1120
1158	1243	1120
1158	1282	1243
1282	1249	1243
1158	1306	1282
1158	1216	1306
1216	1277	1306
1123	1220	1138
1123	1189	1220
1189	1246	1220
1189	1267	1246
1267	1351	1246
1267	1271	1351
1267	1189	1271
1189	1121	1271
1189	1123	1121
1125	1279	1234
1137	1338	1159
1338	1238	1159
1238	1150	1159
1338	1340	1238
1145	1151	1254
1254	1334	1145
1254	1339	1334
1339	1362	1334
1362	1403	1334
1403	1309	1334
1403	1346	1309
1346	1139	1309
1403	1446	1346
1362	1344	1403
1362	1339	1344
1339	1254	1344
1180	1283	1240
1283	1322	1240
1180	1144	1283
1187	1268	1293
1268	1298	1293
1298	1359	1293
1359	1378	1293
1359	1457	1378
1293	1229	1187
1196	1299	1199
1202	1422	1231
1202	1410	1422
1214	1335	1367
1335	1454	1367
1454	1470	1367
1454	1550	1470
1550	1440	1470
1550	1617	1440
1617	1394	1440
1617	1576	1394
1236	1320	1319
1248	1255	1273
1273	1349	1248
1273	1496	1349
1253	1363	1325
1363	1496	1325
1257	1400	1485
1400	1598	1485
1598	1498	1485
1498	1410	1485
1410	1257	1485
1400	1428	1598
1274	1275	1313
1275	1448	1313
1448	1433	1313
1275	1280	1448
1280	1447	1448
1284	1437	1336
1437	1443	1336
1300	1380	1412
1380	1487	1412
1380	1364	1487
1364	1420	1487
1420	1453	1487
1453	1513	1487
1412	1411	1300
1305	1426	1345
1308	1402	1390
1308	1371	1402
1402	1512	1390
1512	1502	1390
1502	1374	1390
1502	1389	1374
1389	1377	1374
1512	1568	1502
1512	1555	1568
1317	1361	1552
1317	1174	1361
1361	1570	1552
1570	1644	1552
1644	1553	1552
1553	1317	1552
1553	1434	1317
1553	1473	1434
1553	1494	1473
1494	1351	1473
1494	1586	1351
1494	1647	1586
1647	1616	1586
1616	1571	1586
1616	1646	1571
1646	1604	1571
1604	1578	1571
1578	1511	1571
1578	1610	1511
1610	1674	1511
1674	1475	1511
1475	1468	1511
1468	1431	1511
1468	1439	1431
1439	1279	1431
1468	1475	1439
1610	1604	1674
1604	1728	1674
1728	1802	1674
1802	1735	1674
1802	1878	1735
1878	1883	1735
1878	2020	1883
2020	2062	1883
2020	2156	2062
2156	2135	2062
2135	2158	2062
2135	2292	2158
2292	2268	2158
2268	2167	2158
2167	2008	2158
2008	1939	2158
2008	1941	1939
2008	2068	1941
2068	1922	1941
1922	1719	1941
1922	1942	1719
1922	2068	1942
2068	2051	1942
2051	1932	1942
2051	2037	1932
2068	2222	2051
2068	2232	2222
2232	2398	2222
2398	2405	2222
2398	2570	2405
2570	2636	2405
2636	2616	2405
2616	2423	2405
2636	2696	2616
2636	2776	2696
2776	2803	2696
2636	2678	2776
2678	2750	2776
2678	2694	2750
2694	2725	2750
2694	2485	2725
2678	2570	2694
2678	2636	2570
2232	2391	2398
2232	2239	2391
2232	2177	2239
2177	2167	2239
2167	2268	2239
2177	2008	2167
2177	2068	2008
2177	2232	2068
2135	2358	2292
2135	2156	2358
2156	2384	2358
2156	2341	2384
2156	2203	2341
2203	2335	2341
1604	1646	1728
1610	1578	1604
1616	1647	1646
1644	1756	1553
1644	1754	1756
1754	1846	1756
1846	1990	1756
1754	1644	1846
1323	1538	1523
1538	1734	1523
1734	1609	1523
1538	1560	1734
1333	1427	1383
1427	1456	1383
1360	1507	1392
1507	1519	1392
1360	1466	1507
1466	1565	1507
1393	1471	1504
1471	1564	1504
1471	1510	1564
1510	1701	1564
1701	1697	1564
1701	1872	1697
1872	1851	1697
1851	1690	1697
1851	1749	1690
1872	1983	1851
1510	1626	1701
1626	1694	1701
1510	1551	1626
1551	1730	1626
1510	1462	1551
1462	1501	1551
1501	1537	1551
1501	1541	1537
1471	1294	1510
1471	1393	1294
1393	1370	1294
1409	1554	1458
1409	1549	1554
1549	1589	1554
1409	1422	1549
1423	1522	1528
1522	1585	1528
1522	1672	1585
1672	1716	1585
1672	1708	1716
1708	1871	1716
1708	1762	1871
1708	1672	1762
1672	1593	1762
1593	1632	1762
1632	1771	1762
1771	1933	1762
1771	1759	1933
1759	1964	1933
1771	1632	1759
1672	1522	1593
1435	1607	1465
1436	1557	1506
1438	1531	1530
1531	1612	1530
1469	1619	1508
1469	1583	1619
1583	1677	1619
1583	1705	1677
1583	1723	1705
1476	1642	1486
1480	1515	1603
1515	1614	1603
1614	1713	1603
1713	1811	1603
1811	1688	1603
1811	1829	1688
1829	1740	1688
1811	1857	1829
1857	1848	1829
1811	1847	1857
1811	1814	1847
1811	1713	1814
1713	1780	1814
1614	1515	1713
1481	1482	1581
1482	1631	1581
1631	1715	1581
1631	1841	1715
1505	1637	1566
1637	1666	1566
1666	1635	1566
1635	1555	1566
1666	1712	1635
1516	1546	1606
1606	1623	1516
1518	1660	1584
1518	1613	1660
1518	1577	1613
1577	1596	1613
1563	1643	1722
1572	1678	1684
1684	1655	1572
1575	1659	1652
1659	1698	1652
1582	1633	1755
1633	1673	1755
1673	1931	1755
1595	1689	1695
1689	1766	1695
1766	1768	1695
1639	1817	1764
1764	1589	1639
1764	1806	1589
1764	1822	1806
1822	1887	1806
1887	1980	1806
1887	1997	1980
1997	2003	1980
1997	2162	2003
2162	2150	2003
2162	2265	2150
2265	2192	2150
2162	2314	2265
1764	1817	1822
1817	1888	1822
1653	1876	1750
1653	1897	1876
1897	2014	1876
2014	1815	1876
1815	1750	1876
1815	1873	1750
1815	2014	1873
2014	1904	1873
2014	1987	1904
1897	1976	2014
1976	2115	2014
2115	2165	2014
2115	2282	2165
2282	2258	2165
2115	2276	2282
2276	2360	2282
2276	2328	2360
2276	2208	2328
2276	2115	2208
1654	1681	1682
1654	1729	1681
1663	1706	1683
1706	1830	1683
1665	1751	1788
1665	1716	1751
1751	1816	1788
1816	1870	1788
1816	1989	1870
1816	1800	1989
1816	1751	1800
1669	1685	1896
1685	1740	1896
1896	1909	1669
1909	1874	1669
1874	1692	1669
1909	1920	1874
1909	2110	1920
1909	2127	2110
2127	2154	2110
1909	1953	2127
1909	1896	1953
1691	1732	1720
1732	1884	1720
1884	1843	1720
1843	1726	1720
1843	1837	1726
1843	1882	1837
1843	1884	1882
1884	1968	1882
1968	1885	1882
1732	1832	1884
1707	1900	1902
1900	1958	1902
1958	1929	1902
1929	1819	1902
1819	1707	1902
1958	2090	1929
1958	2139	2090
1958	2027	2139
1958	1900	2027
1736	1840	1844
1840	1853	1844
1853	1961	1844
1961	1960	1844
1960	1924	1844
1960	1982	1924
1960	2066	1982
2066	2125	1982
1960	1961	2066
1961	2063	2066
2063	2184	2066
2063	2204	2184
2063	2168	2204
1961	2002	2063
1840	1818	1853
1840	1712	1818
1840	1736	1712
1737	1783	1826
1739	1778	1798
1778	1889	1798
1889	1900	1798
1778	1835	1889
1741	1906	1861
1861	1722	1741
1861	1799	1722
1753	1761	1875
1757	1886	1836
1886	1938	1836
1886	1977	1938
1977	2036	1938
2036	1905	1938
1977	2109	2036
2109	2163	2036
1757	1715	1886
1760	1807	1795
1760	1856	1807
1807	1831	1795
1807	1930	1831
1769	1881	1833
1881	1973	1833
1881	1974	1973
1881	1937	1974
1937	1947	1974
1937	1858	1947
1858	1991	1947
1991	2058	1947
1991	2015	2058
1991	1899	2015
1991	1858	1899
1937	1881	1858
1881	1809	1858
1809	1772	1858
1881	1769	1809
1845	1898	2004
1898	2095	2004
2095	2035	2004
2095	2124	2035
2095	2151	2124
2151	2205	2124
2205	2272	2124
2205	2359	2272
2205	2151	2359
2095	2011	2151
2011	2113	2151
2095	1898	2011
1855	1972	1996
1972	2210	1996
2210	2180	1996
2180	2042	1996
2042	1999	1996
1999	1855	1996
1999	1841	1855
2042	2130	1999
2130	1977	1999
2042	2180	2130
2180	2207	2130
2207	2254	2130
2254	2109	2130
2207	2281	2254
2281	2419	2254
2419	2297	2254
2419	2447	2297
2447	2414	2297
2414	2194	2297
2447	2505	2414
2505	2522	2414
2505	2520	2522
2505	2544	2520
2505	2447	2544
2447	2509	2544
2207	2261	2281
2207	2180	2261
2210	2436	2180
2210	2275	2436
2275	2385	2436
2385	2458	2436
2385	2361	2458
2361	2487	2458
2487	2486	2458
2361	2388	2487
2388	2635	2487
2635	2659	2487
2635	2721	2659
2721	2723	2659
2721	2779	2723
2779	2987	2723
2779	2890	2987
2890	2991	2987
2991	3232	2987
3232	3117	2987
2991	3174	3232
3174	3313	3232
3313	3426	3232
3313	3367	3426
3313	3214	3367
3214	3321	3367
3214	3316	3321
3313	3174	3214
3174	3103	3214
3174	3065	3103
3174	2991	3065
2991	2890	3065
2890	2891	3065
2890	2807	2891
2807	2753	2891
2807	2639	2753
2807	2779	2639
2779	2721	2639
2721	2635	2639
2635	2388	2639
2388	2387	2639
2388	2235	2387
2388	2361	2235
2361	2275	2235
2361	2385	2275
2807	2890	2779
1860	1951	1863
1860	1926	1951
1926	2013	1951
1926	1918	2013
1918	2064	2013
2064	2132	2013
2064	2190	2132
1918	1970	2064
1918	1862	1970
1865	2043	2023
2043	2225	2023
2043	2103	2225
2103	2266	2225
2103	2290	2266
2043	1946	2103
1946	1931	2103
1931	2037	2103
1879	2009	1986
2009	2134	1986
2009	2196	2134
2196	2308	2134
2196	2386	2308
2386	2350	2308
2386	2492	2350
2386	2451	2492
2451	2626	2492
2386	2304	2451
2304	2353	2451
2304	2332	2353
2332	2348	2353
2348	2578	2353
2578	2590	2353
2578	2677	2590
2677	2773	2590
2677	2692	2773
2677	2606	2692
2606	2618	2692
2606	2466	2618
2466	2531	2618
2466	2450	2531
2450	2424	2531
2450	2395	2424
2395	2280	2424
2280	2438	2424
2395	2182	2280
2182	2099	2280
2182	2082	2099
2182	2118	2082
2118	1979	2082
1979	1871	2082
2182	2260	2118
2182	2395	2260
2395	2450	2260
2450	2466	2260
2578	2561	2677
2578	2348	2561
2332	2140	2348
2140	2144	2348
2144	2339	2348
2386	2196	2304
2196	2187	2304
1893	1978	2052
1894	1914	1916
1914	2048	1916
2048	2040	1916
1894	1741	1914
1907	1923	2034
1923	2070	2034
2070	2078	2034
2078	2094	2034
2094	2098	2034
2094	2174	2098
2174	2072	2098
2078	2245	2094
2070	2111	2078
1923	1928	2070
1917	2022	1934
1917	2025	2022
1935	1955	1988
1935	1944	1955
1955	2045	1988
2045	1994	1988
1994	1962	1988
1962	1935	1988
1962	1832	1935
1994	2028	1962
1994	2061	2028
1994	2045	2061
1948	2024	1967
1952	1981	2069
1957	2059	2077
2059	2219	2077
2219	2145	2077
2219	2216	2145
2216	2220	2145
2220	2119	2145
2059	2176	2219
2059	2107	2176
1965	2079	2129
2079	2122	2129
2122	2340	2129
2340	2325	2129
2340	2370	2325
2370	2496	2325
2496	2501	2325
2501	2443	2325
2496	2607	2501
2496	2557	2607
2557	2565	2607
2557	2370	2565
2370	2397	2565
2370	2340	2397
2340	2267	2397
2267	2356	2397
2356	2406	2397
2406	2467	2397
2340	2122	2267
2557	2496	2370
1984	2056	2041
1984	2073	2056
2073	2179	2056
2179	2041	2056
2179	2131	2041
2131	2031	2041
2131	2126	2031
2126	2032	2031
2131	2330	2126
2131	2179	2330
1992	2006	2071
2006	2108	2071
2108	2107	2071
2108	2197	2107
2006	2007	2108
1993	2060	2189
2060	2153	2189
2189	2047	1993
1995	2050	2075
1995	2030	2050
2030	2157	2050
2030	2038	2157
2038	2233	2157
2233	2316	2157
2038	2039	2233
1998	2138	2104
2104	1888	1998
2010	2085	2018
2085	2084	2018
2018	1891	2010
2018	1927	1891
2016	2017	2086
2017	2087	2086
2017	2019	2087
2019	2065	2087
2065	2269	2087
2269	2333	2087
2269	2317	2333
2269	2288	2317
2269	2101	2288
2101	2147	2288
2147	2334	2288
2147	2088	2334
2147	2101	2088
2101	1990	2088
2101	2065	1990
2065	2019	1990
2101	2269	2065
2067	2170	2218
2074	2106	2164
2106	2160	2164
2164	2186	2074
2112	2213	2352
2213	2355	2352
2355	2506	2352
2116	2136	2289
2136	2331	2289
2331	2369	2289
2331	2367	2369
2367	2459	2369
2459	2573	2369
2331	2271	2367
2331	2136	2271
2136	2221	2271
2221	2193	2271
2289	2259	2116
2289	2326	2259
2289	2371	2326
2371	2543	2326
2371	2516	2543
2516	2624	2543
2516	2660	2624
2516	2623	2660
2623	2726	2660
2516	2573	2623
2166	2251	2250
2251	2299	2250
2299	2318	2250
2318	2403	2250
2251	2238	2299
2169	2379	2183
2379	2357	2183
2379	2411	2357
2379	2444	2411
2379	2522	2444
2171	2228	2181
2173	2240	2214
2188	2278	2295
2200	2293	2230
2293	2291	2230
2209	2329	2445
2329	2430	2445
2430	2558	2445
2430	2534	2558
2534	2707	2558
2534	2528	2707
2528	2730	2707
2730	2834	2707
2834	2889	2707
2430	2446	2534
2329	2296	2430
2223	2241	2303
2241	2236	2303
2236	2256	2303
2303	2324	2223
2303	2390	2324
2390	2315	2324
2303	2428	2390
2428	2464	2390
2464	2479	2390
2464	2603	2479
2464	2645	2603
2464	2532	2645
2532	2698	2645
2532	2634	2698
2634	2710	2698
2710	2749	2698
2749	2735	2698
2749	2886	2735
2886	2810	2735
2810	2794	2735
2532	2511	2634
2532	2471	2511
2471	2472	2511
2471	2363	2472
2363	2497	2472
2363	2323	2497
2323	2517	2497
2323	2381	2517
2323	2294	2381
2323	2257	2294
2257	2244	2294
2471	2428	2363
2471	2464	2428
2471	2532	2464
2226	2319	2383
2319	2347	2383
2243	2277	2394
2277	2498	2394
2498	2481	2394
2498	2537	2481
2246	2400	2338
2246	2313	2400
2247	2286	2310
2286	2427	2310
2286	2470	2427
2286	2435	2470
2248	2365	2342
2252	2264	2307
2264	2295	2307
2295	2460	2307
2460	2478	2307
2460	2580	2478
2580	2598	2478
2598	2600	2478
2598	2775	2600
2598	2824	2775
2598	2741	2824
2598	2591	2741
2591	2580	2741
2580	2682	2741
2580	2460	2682
2591	2598	2580
2284	2461	2372
2298	2376	2378
2378	2359	2298
2301	2373	2377
2373	2593	2377
2593	2589	2377
2589	2594	2377
2589	2737	2594
2737	2605	2594
2737	2731	2605
2731	2604	2605
2731	2811	2604
2811	2733	2604
2737	2924	2731
2589	2617	2737
2589	2593	2617
2301	2333	2373
2344	2366	2425
2366	2374	2425
2374	2431	2425
2431	2546	2425
2431	2620	2546
2620	2687	2546
2620	2715	2687
2374	2389	2431
2354	2408	2456
2364	2453	2468
2453	2585	2468
2585	2582	2468
2375	2421	2439
2439	2510	2375
2380	2437	2432
2437	2545	2432
2545	2548	2432
2548	2452	2432
2545	2701	2548
2407	2440	2469
2440	2491	2469
2491	2611	2469
2611	2646	2469
2491	2547	2611
2547	2581	2611
2581	2699	2611
2699	2734	2611
2699	2704	2734
2699	2581	2704
2547	2463	2581
2547	2491	2463
2413	2563	2426
2563	2550	2426
2413	2416	2563
2418	2540	2587
2420	2521	2465
2465	2347	2420
2465	2533	2347
2533	2608	2347
2533	2722	2608
2722	2826	2608
2722	2879	2826
2879	3014	2826
3014	2883	2826
2883	2853	2826
2883	2896	2853
2896	2815	2853
2896	2881	2815
2881	2862	2815
2862	2668	2815
2668	2615	2815
2668	2595	2615
2668	2579	2595
2579	2512	2595
2579	2541	2512
2541	2376	2512
2541	2503	2376
2541	2632	2503
2632	2628	2503
2628	2597	2503
2597	2575	2503
2628	2784	2597
2628	2632	2784
2541	2579	2632
2579	2774	2632
2579	2668	2774
2668	2862	2774
2881	2972	2862
2881	3110	2972
3110	3153	2972
3153	3023	2972
3153	3228	3023
3153	3264	3228
2881	2896	3110
2896	3119	3110
3119	3203	3110
2896	2883	3119
2883	3014	3119
2879	3015	3014
2533	2567	2722
2533	2521	2567
2521	2568	2567
2533	2465	2521
2429	2448	2555
2555	2513	2429
2455	2457	2592
2480	2671	2621
2480	2670	2671
2670	2688	2671
2670	2693	2688
2671	2767	2621
2767	2709	2621
2709	2509	2621
2767	2849	2709
2849	2846	2709
2849	2981	2846
2981	3029	2846
3029	2874	2846
3029	2968	2874
2968	2965	2874
2968	3034	2965
2968	3222	3034
3222	3260	3034
3260	3217	3034
3217	3158	3034
3260	3297	3217
3297	3270	3217
3297	3408	3270
3297	3260	3408
2968	3029	3222
2981	3189	3029
2981	3040	3189
2767	2822	2849
2822	2863	2849
2822	2767	2863
2489	2666	2562
2494	2713	2706
2519	2627	2586
2627	2629	2586
2629	2564	2586
2529	2676	2552
2535	2662	2672
2662	2781	2672
2538	2708	2674
2539	2716	2576
2542	2577	2658
2553	2697	2649
2649	2656	2553
2649	2697	2656
2697	2836	2656
2554	2689	2643
2689	2739	2643
2689	2780	2739
2780	2868	2739
2780	2919	2868
2571	2638	2695
2572	2748	2644
2644	2517	2572
2602	2746	2622
2610	2740	2685
2740	2808	2685
2808	2817	2685
2808	2907	2817
2740	2790	2808
2625	2743	2711
2743	2800	2711
2800	2825	2711
2800	2921	2825
2921	2899	2825
2921	3071	2899
3071	3008	2899
3008	2814	2899
3008	2878	2814
2878	2692	2814
3008	2994	2878
3008	3062	2994
3062	3066	2994
3066	3035	2994
3066	3139	3035
3139	2948	3035
3062	3185	3066
3062	3008	3185
2921	3111	3071
2921	2918	3111
2918	3145	3111
2918	3039	3145
3039	3204	3145
3204	3208	3145
3204	3286	3208
3286	3290	3208
3039	3242	3204
3039	3077	3242
3077	3225	3242
3077	3112	3225
3112	3198	3225
3198	3336	3225
3198	3166	3336
3198	3114	3166
3198	3112	3114
3039	2892	3077
2892	2894	3077
2892	2809	2894
2809	2761	2894
2761	2720	2894
2809	2655	2761
2921	2800	2918
2743	2844	2800
2630	2755	2752
2648	2691	2760
2650	2681	2652
2681	2830	2652
2681	2745	2830
2745	2912	2830
2912	2909	2830
2909	2855	2830
2855	2766	2830
2909	3001	2855
2909	3063	3001
3063	3170	3001
3170	3027	3001
3027	3003	3001
3063	3181	3170
3181	3303	3170
3303	3268	3170
3063	3144	3181
3063	3137	3144
3137	3158	3144
3137	3063	3158
2909	2912	3063
2680	2865	2856
2717	2747	2792
2747	2829	2792
2829	2805	2792
2805	2717	2792
2727	2828	2867
2727	2674	2828
2732	2838	2869
2736	2759	2893
2736	2676	2759
2759	2851	2893
2851	2950	2893
2950	3017	2893
2950	3052	3017
3052	3072	3017
2950	2851	3052
2754	2833	2877
2833	2923	2877
2923	3006	2877
3006	2993	2877
2923	3099	3006
3099	3197	3006
3099	3191	3197
3191	3345	3197
3191	3234	3345
3191	3157	3234
3157	3223	3234
3223	3434	3234
3191	3109	3157
3109	3051	3157
3191	3099	3109
3099	2917	3109
3099	2923	2917
2923	2833	2917
2757	2827	2839
2757	2888	2827
2888	2873	2827
2873	2839	2827
2873	2951	2839
2951	2944	2839
2944	2791	2839
2791	2658	2839
2658	2757	2839
2791	2702	2658
2951	3025	2944
3025	3031	2944
3025	3073	3031
3025	3042	3073
3042	3215	3073
3042	3092	3215
3092	3325	3215
3092	3246	3325
3246	3388	3325
3388	3387	3325
3388	3553	3387
3553	3555	3387
3553	3669	3555
3553	3681	3669
3553	3692	3681
3553	3510	3692
3553	3388	3510
3246	3279	3388
3246	3173	3279
3042	2951	3092
3042	3025	2951
2757	2798	2888
2798	2969	2888
2798	2820	2969
2820	2977	2969
2977	3108	2969
2977	3023	3108
2798	2784	2820
2762	2860	2768
2762	2961	2860
2763	2934	2789
2765	2769	2980
2980	2835	2765
2980	2967	2835
2980	3147	2967
3147	3033	2967
3147	3178	3033
3178	3141	3033
3141	3106	3033
3106	3075	3033
3075	2930	3033
3106	3043	3075
3106	3233	3043
3233	3300	3043
3106	3141	3233
3147	3226	3178
2980	3056	3147
3056	3195	3147
3056	3054	3195
3054	3240	3195
3240	3278	3195
3278	3339	3195
3339	3378	3195
3339	3443	3378
3443	3404	3378
3278	3310	3339
3278	3240	3310
3240	3256	3310
3240	3089	3256
3089	3138	3256
3138	3267	3256
3089	3076	3138
3089	2962	3076
2962	2942	3076
3056	2980	3054
2782	2861	2905
2861	2949	2905
2949	2963	2905
2963	2906	2905
2963	2925	2906
2861	2840	2949
2783	2875	2845
2813	2882	2913
2882	3061	2913
2848	2975	2958
2958	2903	2848
2958	3049	2903
3049	3020	2903
3020	2885	2903
3020	2932	2885
2932	2829	2885
3049	3098	3020
3049	3207	3098
3049	3055	3207
3049	2958	3055
2958	2975	3055
2848	2907	2975
2858	3037	2956
2956	2898	2858
2956	2946	2898
2956	3041	2946
2956	3130	3041
2956	3037	3130
3037	3167	3130
3167	3245	3130
3037	3131	3167
2858	2803	3037
2803	2983	3037
2859	2887	2900
2887	3012	2900
2887	3022	3012
2871	2911	3083
3083	2997	2871
2880	2964	3011
2901	3046	3087
2901	2811	3046
3046	3168	3087
3168	3289	3087
3289	3133	3087
3133	3013	3087
3013	2901	3087
3013	2957	2901
3168	3331	3289
3046	3116	3168
3116	3248	3168
3046	2998	3116
2908	3048	3101
3048	3229	3101
3048	3184	3229
2916	2952	2928
2927	3010	2979
3010	3021	2979
2938	3044	3078
3044	3132	3078
3044	3163	3132
2970	2974	2995
2973	3007	2982
2988	3102	3113
3113	3100	2988
3113	3219	3100
3219	3187	3100
3016	3080	3160
3080	3094	3160
3094	3259	3160
3094	3150	3259
3160	3171	3016
3030	3090	3115
3064	3275	3129
3275	3251	3129
3275	3291	3251
3068	3201	3081
3201	3183	3081
3201	3221	3183
3201	3263	3221
3069	3224	3281
3069	3187	3224
3224	3283	3281
3283	3412	3281
3412	3280	3281
3412	3447	3280
3447	3301	3280
3301	3259	3280
3447	3431	3301
3447	3482	3431
3482	3451	3431
3451	3338	3431
3482	3604	3451
3604	3584	3451
3584	3488	3451
3488	3407	3451
3584	3630	3488
3630	3534	3488
3534	3471	3488
3584	3642	3630
3642	3705	3630
3584	3604	3642
3604	3696	3642
3604	3657	3696
3657	3641	3696
3641	3693	3696
3641	3603	3693
3641	3604	3603
3604	3482	3603
3482	3484	3603
3484	3490	3603
3490	3516	3603
3490	3412	3516
3412	3470	3516
3412	3283	3470
3283	3459	3470
3490	3447	3412
3490	3484	3447
3484	3482	3447
3641	3657	3604
3091	3269	3304
3096	3156	3151
3104	3220	3107
3107	2934	3104
3107	3074	2934
3123	3258	3254
3258	3348	3254
3348	3305	3254
3124	3209	3126
3127	3128	3186
3186	3320	3127
3320	3211	3127
3320	3238	3211
3320	3361	3238
3320	3334	3361
3140	3165	3205
3159	3236	3172
3159	3229	3236
3236	3298	3172
3298	3354	3172
3298	3381	3354
3298	3326	3381
3326	3374	3381
3374	3477	3381
3374	3561	3477
3561	3617	3477
3617	3618	3477
3617	3672	3618
3672	3847	3618
3847	3818	3618
3818	3753	3618
3818	3785	3753
3785	3831	3753
3785	3818	3831
3818	3890	3831
3890	4063	3831
3890	4069	4063
3890	4029	4069
4029	4050	4069
3890	3847	4029
3890	3818	3847
3617	3814	3672
3617	3610	3814
3610	3758	3814
3758	3932	3814
3610	3662	3758
3662	3816	3758
3662	3813	3816
3813	3992	3816
3813	4001	3992
3813	3819	4001
3813	3685	3819
3685	3667	3819
3813	3662	3685
3617	3561	3610
3561	3456	3610
3326	3236	3374
3326	3298	3236
3162	3277	3322
3277	3376	3322
3376	3324	3322
3194	3314	3243
3243	3203	3194
3200	3311	3284
3212	3227	3213
3216	3391	3266
3391	3417	3266
3391	3494	3417
3216	3372	3391
3241	3261	3375
3244	3383	3362
3249	3294	3364
3257	3400	3423
3400	3462	3423
3462	3489	3423
3489	3492	3423
3400	3481	3462
3265	3330	3347
3330	3429	3347
3274	3445	3357
3357	3248	3274
3274	3450	3445
3450	3469	3445
3469	3601	3445
3450	3546	3469
3450	3571	3546
3450	3410	3571
3410	3503	3571
3503	3697	3571
3697	3795	3571
3697	3917	3795
3917	3934	3795
3934	3912	3795
3912	3865	3795
3865	3687	3795
3865	3796	3687
3796	3601	3687
3796	3623	3601
3796	3808	3623
3808	3664	3623
3664	3548	3623
3664	3544	3548
3912	3998	3865
3912	3934	3998
3934	4071	3998
4071	4052	3998
4071	4187	4052
4187	4151	4052
4151	4114	4052
4114	4030	4052
4151	4307	4114
4071	4184	4187
4184	4252	4187
4184	4302	4252
4071	4090	4184
4090	4134	4184
4090	4068	4134
4068	4170	4134
4090	3957	4068
3957	3970	4068
3957	3799	3970
4090	3917	3957
4090	3934	3917
4090	4071	3934
3503	3602	3697
3288	3398	3427
3398	3530	3427
3427	3343	3288
3302	3379	3306
3302	3385	3379
3385	3507	3379
3317	3435	3346
3328	3360	3384
3328	3303	3360
3303	3349	3360
3335	3448	3508
3350	3401	3368
3353	3432	3464
3432	3535	3464
3535	3564	3464
3564	3606	3464
3564	3633	3606
3633	3742	3606
3564	3535	3633
3535	3616	3633
3616	3700	3633
3616	3684	3700
3616	3568	3684
3568	3598	3684
3598	3666	3684
3666	3734	3684
3734	3778	3684
3778	3762	3684
3778	3827	3762
3827	3798	3762
3380	3446	3502
3446	3614	3502
3614	3575	3502
3575	3591	3502
3575	3635	3591
3635	3740	3591
3635	3702	3740
3702	3915	3740
3915	3922	3740
3922	3772	3740
3915	3974	3922
3915	3933	3974
3915	3755	3933
3755	3936	3933
3755	3790	3936
3790	3955	3936
3955	3983	3936
3983	3968	3936
3955	4022	3983
3755	3613	3790
3755	3614	3613
3755	3702	3614
3702	3575	3614
3702	3635	3575
3755	3915	3702
3390	3419	3439
3390	3284	3419
3390	3285	3284
3392	3460	3524
3460	3565	3524
3460	3590	3565
3393	3536	3585
3394	3474	3506
3397	3537	3486
3537	3541	3486
3537	3643	3541
3643	3648	3541
3648	3579	3541
3579	3517	3541
3648	3701	3579
3648	3718	3701
3648	3643	3718
3643	3722	3718
3722	3878	3718
3643	3537	3722
3399	3480	3519
3480	3594	3519
3594	3674	3519
3594	3717	3674
3717	3789	3674
3425	3487	3430
3487	3467	3430
3487	3485	3467
3487	3558	3485
3487	3527	3558
3487	3425	3527
3437	3511	3498
3511	3587	3498
3587	3527	3498
3440	3567	3468
3461	3647	3619
3483	3521	3569
3521	3599	3569
3521	3654	3599
3654	3730	3599
3730	3802	3599
3730	3858	3802
3730	3759	3858
3759	3919	3858
3919	3929	3858
3759	3825	3919
3759	3719	3825
3759	3654	3719
3759	3730	3654
3491	3549	3624
3499	3649	3625
3649	3739	3625
3649	3767	3739
3649	3660	3767
3660	3754	3767
3504	3578	3551
3505	3724	3538
3515	3605	3586
3605	3706	3586
3706	3650	3586
3706	3737	3650
3737	3786	3650
3786	3675	3650
3786	3729	3675
3729	3659	3675
3737	3864	3786
3605	3714	3706
3605	3620	3714
3518	3637	3668
3518	3576	3637
3518	3439	3576
3518	3466	3439
3637	3710	3668
3710	3733	3668
3733	3677	3668
3710	3788	3733
3788	3787	3733
3710	3764	3788
3710	3637	3764
3526	3628	3573
3526	3629	3628
3529	3545	3752
3529	3426	3545
3545	3655	3752
3545	3676	3655
3543	3597	3626
3557	3699	3760
3699	3821	3760
3821	3867	3760
3559	3574	3589
3560	3682	3627
3682	3743	3627
3743	3646	3627
3743	3747	3646
3743	3791	3747
3743	3805	3791
3805	3861	3791
3861	4027	3791
4027	3963	3791
4027	4051	3963
4027	4159	4051
4159	4192	4051
4192	4113	4051
4192	4150	4113
4150	4048	4113
4150	4044	4048
4044	3940	4048
3940	3963	4048
3940	3910	3963
3940	3806	3910
3806	3766	3910
3806	3680	3766
3806	3695	3680
4150	4160	4044
4150	4218	4160
4218	4232	4160
4218	4338	4232
4218	4400	4338
4400	4420	4338
4420	4391	4338
4420	4541	4391
4420	4468	4541
4468	4565	4541
4565	4667	4541
4667	4602	4541
4565	4752	4667
4752	4770	4667
4770	4784	4667
4770	4852	4784
4852	4836	4784
4836	4828	4784
4836	4882	4828
4882	4906	4828
4882	4935	4906
4935	4945	4906
4945	4898	4906
4898	4868	4906
4898	4853	4868
4853	4792	4868
4945	4958	4898
4958	4987	4898
4958	4994	4987
4994	5015	4987
5015	5019	4987
5019	4990	4987
4990	4975	4987
4975	4929	4987
4975	4942	4929
4942	4901	4929
4901	4899	4929
4899	4853	4929
4899	4866	4853
4866	4841	4853
4866	4867	4841
4866	4899	4867
4899	4901	4867
4901	4887	4867
4901	4921	4887
4921	4949	4887
4921	4942	4949
4942	4984	4949
4984	5001	4949
5001	5008	4949
5008	4924	4949
5008	4928	4924
5008	5017	4928
5017	4954	4928
4954	4915	4928
4954	4938	4915
4938	4891	4915
4938	4998	4891
4998	4889	4891
4889	4878	4891
4878	4837	4891
4837	4808	4891
4837	4766	4808
4766	4715	4808
4715	4721	4808
4766	4698	4715
4837	4889	4766
4889	4870	4766
4889	4905	4870
4905	4871	4870
4889	4998	4905
4837	4878	4889
4938	4991	4998
4991	5048	4998
5048	5049	4998
5048	5058	5049
5048	5082	5058
5082	5086	5058
5086	5087	5058
5086	5089	5087
5089	5081	5087
5081	5083	5087
5083	5070	5087
5070	5063	5087
5070	5022	5063
5022	5034	5063
5034	5046	5063
5034	5000	5046
5000	5018	5046
5018	5042	5046
5042	5078	5046
5042	5072	5078
5072	5069	5078
5072	4999	5069
4999	4970	5069
4999	4960	4970
5072	5039	4999
5039	5033	4999
5033	4946	4999
4946	4913	4999
5033	5012	4946
5012	4966	4946
5012	5018	4966
5018	4982	4966
4982	4953	4966
4953	4912	4966
4912	4888	4966
4912	4886	4888
4886	4805	4888
4805	4814	4888
4814	4832	4888
4814	4681	4832
4681	4679	4832
4679	4682	4832
4682	4831	4832
4814	4738	4681
4814	4805	4738
4805	4775	4738
4775	4703	4738
4805	4819	4775
4819	4815	4775
4819	4863	4815
4863	4795	4815
4795	4743	4815
4795	4750	4743
4750	4653	4743
4750	4737	4653
4737	4670	4653
4670	4628	4653
4628	4586	4653
4586	4593	4653
4593	4630	4653
4630	4680	4653
4630	4564	4680
4564	4703	4680
4564	4540	4703
4564	4535	4540
4564	4525	4535
4525	4439	4535
4525	4506	4439
4506	4433	4439
4433	4365	4439
4506	4459	4433
4506	4593	4459
4593	4521	4459
4593	4586	4521
4586	4589	4521
4589	4508	4521
4586	4628	4589
4506	4564	4593
4564	4630	4593
4506	4525	4564
4737	4761	4670
4761	4730	4670
4730	4723	4670
4730	4767	4723
4767	4742	4723
4767	4804	4742
4767	4829	4804
4829	4830	4804
4830	4833	4804
4833	4739	4804
4830	4880	4833
4880	4900	4833
4880	4940	4900
4940	4923	4900
4923	4823	4900
4940	4951	4923
4951	4925	4923
4925	4835	4923
4925	4927	4835
4927	4864	4835
4864	4848	4835
4848	4781	4835
4848	4736	4781
4864	4894	4848
4864	4927	4894
4927	4955	4894
4955	4971	4894
4971	4902	4894
4902	4897	4894
4897	4780	4894
4897	4824	4780
4824	4798	4780
4798	4716	4780
4716	4728	4780
4728	4736	4780
4728	4712	4736
4728	4688	4712
4688	4644	4712
4688	4654	4644
4654	4546	4644
4546	4545	4644
4545	4547	4644
4545	4500	4547
4500	4483	4547
4500	4473	4483
4473	4415	4483
4415	4368	4483
4415	4395	4368
4415	4436	4395
4436	4471	4395
4436	4546	4471
4436	4545	4546
4436	4473	4545
4473	4500	4545
4436	4415	4473
4688	4672	4654
4688	4716	4672
4716	4713	4672
4716	4753	4713
4753	4691	4713
4753	4740	4691
4740	4714	4691
4740	4757	4714
4757	4748	4714
4748	4633	4714
4748	4684	4633
4684	4591	4633
4684	4601	4591
4601	4470	4591
4470	4466	4591
4470	4422	4466
4470	4359	4422
4470	4387	4359
4470	4485	4387
4470	4575	4485
4575	4514	4485
4514	4503	4485
4503	4480	4485
4503	4484	4480
4484	4305	4480
4503	4549	4484
4549	4517	4484
4517	4409	4484
4517	4519	4409
4519	4432	4409
4432	4353	4409
4519	4488	4432
4488	4478	4432
4478	4481	4432
4481	4440	4432
4440	4377	4432
4440	4384	4377
4440	4373	4384
4373	4346	4384
4346	4332	4384
4346	4289	4332
4289	4216	4332
4289	4261	4216
4289	4311	4261
4311	4226	4261
4311	4244	4226
4289	4346	4311
4346	4373	4311
4373	4392	4311
4392	4299	4311
4392	4306	4299
4392	4328	4306
4328	4313	4306
4313	4254	4306
4313	4262	4254
4313	4323	4262
4323	4272	4262
4323	4268	4272
4268	4208	4272
4208	4158	4272
4208	4128	4158
4128	4067	4158
4067	4079	4158
4208	4145	4128
4145	4096	4128
4096	4061	4128
4145	4137	4096
4137	4104	4096
4104	4007	4096
4104	4019	4007
4019	3903	4007
3903	3956	4007
4019	3935	3903
3935	3877	3903
3935	3830	3877
3830	3781	3877
3935	3965	3830
3965	3897	3830
3897	3824	3830
3824	3780	3830
3824	3810	3780
3824	3873	3810
3873	3832	3810
3832	3727	3810
3727	3645	3810
3727	3608	3645
3727	3582	3608
3582	3507	3608
3832	3715	3727
3832	3857	3715
3857	3809	3715
3809	3771	3715
3771	3704	3715
3771	3745	3704
3771	3862	3745
3771	3809	3862
3809	3928	3862
3928	3948	3862
3948	3871	3862
3928	3984	3948
3984	3994	3948
3994	4060	3948
3994	4024	4060
4024	4062	4060
4062	4139	4060
4062	4073	4139
4073	4078	4139
4078	4115	4139
4115	4130	4139
4130	4251	4139
4251	4235	4139
4251	4339	4235
4339	4310	4235
4310	4285	4235
4285	4269	4235
4269	4172	4235
4269	4243	4172
4243	4194	4172
4194	4168	4172
4168	4143	4172
4168	4121	4143
4121	4074	4143
4074	4080	4143
4121	4112	4074
4112	3990	4074
4112	3976	3990
3976	3881	3990
4112	4087	3976
4087	4006	3976
4087	4025	4006
4087	4103	4025
4103	4135	4025
4135	4117	4025
4117	4004	4025
4117	3995	4004
4117	4101	3995
4117	4144	4101
4117	4175	4144
4175	4266	4144
4266	4236	4144
4266	4366	4236
4366	4280	4236
4366	4397	4280
4366	4428	4397
4428	4425	4397
4425	4435	4397
4425	4498	4435
4498	4509	4435
4509	4499	4435
4509	4606	4499
4606	4580	4499
4580	4645	4499
4645	4532	4499
4532	4438	4499
4532	4340	4438
4340	4326	4438
4532	4502	4340
4532	4520	4502
4520	4542	4502
4520	4616	4542
4532	4594	4520
4532	4645	4594
4645	4631	4594
4631	4641	4594
4631	4789	4641
4789	4701	4641
4701	4616	4641
4789	4797	4701
4797	4794	4701
4794	4702	4701
4794	4778	4702
4778	4650	4702
4778	4772	4650
4772	4732	4650
4732	4552	4650
4552	4516	4650
4516	4542	4650
4516	4400	4542
4516	4468	4400
4468	4420	4400
4516	4552	4468
4552	4565	4468
4552	4732	4565
4732	4752	4565
4732	4773	4752
4773	4770	4752
4773	4859	4770
4859	4852	4770
4859	4879	4852
4879	4882	4852
4882	4836	4852
4879	4935	4882
4879	4893	4935
4893	4952	4935
4952	4967	4935
4967	4945	4935
4967	4958	4945
4967	4994	4958
4967	5002	4994
5002	5015	4994
5002	5032	5015
5032	5019	5015
5002	4996	5032
4996	5027	5032
5027	5047	5032
5047	5066	5032
5066	5075	5032
5066	5074	5075
5074	5062	5075
5074	5061	5062
5061	5021	5062
5061	5036	5021
5036	5010	5021
5010	4941	5021
5010	4986	4941
4986	4934	4941
4934	4824	4941
4824	4897	4941
4897	4974	4941
4897	4902	4974
4902	4971	4974
4971	4980	4974
4980	5029	4974
5029	5024	4974
5024	5014	4974
5014	5021	4974
5024	5037	5014
5037	5062	5014
5037	5056	5062
5037	5044	5056
5044	5076	5056
5076	5053	5056
5076	5041	5053
5041	5038	5053
5038	5025	5053
5038	4993	5025
4993	4990	5025
4990	5019	5025
4993	4975	4990
4993	4942	4975
4993	4995	4942
4995	4984	4942
4995	5001	4984
4995	5030	5001
5030	5051	5001
5051	5060	5001
5060	5008	5001
5060	5017	5008
5060	5067	5017
5067	5020	5017
5020	4954	5017
5020	4991	4954
4991	4938	4954
5020	5048	4991
5020	5077	5048
5077	5082	5048
5077	5089	5082
5089	5086	5082
5077	5090	5089
5090	5091	5089
5091	5081	5089
5091	5079	5081
5079	5071	5081
5071	5083	5081
5071	5070	5083
5071	5050	5070
5050	5022	5070
5050	4992	5022
4992	5000	5022
5000	5034	5022
4992	4903	5000
4903	4931	5000
4931	4953	5000
4953	4982	5000
4982	5018	5000
4931	4916	4953
4916	4912	4953
4916	4886	4912
4916	4931	4886
4931	4863	4886
4863	4819	4886
4819	4805	4886
4931	4903	4863
4903	4795	4863
4903	4885	4795
4885	4829	4795
4829	4761	4795
4761	4750	4795
4761	4737	4750
4829	4767	4761
4767	4730	4761
4885	4939	4829
4939	4930	4829
4930	4830	4829
4930	4880	4830
4930	4950	4880
4950	4940	4880
4950	4951	4940
4950	5007	4951
5007	5006	4951
5006	4976	4951
4976	4927	4951
4927	4925	4951
4976	4955	4927
4976	4980	4955
4980	4971	4955
4976	5006	4980
5006	5031	4980
5031	5029	4980
5031	5045	5029
5045	5055	5029
5055	5024	5029
5055	5044	5024
5044	5037	5024
5055	5068	5044
5068	5085	5044
5085	5076	5044
5085	5084	5076
5084	5041	5076
5084	5073	5041
5073	5051	5041
5051	5030	5041
5030	4993	5041
4993	5038	5041
5030	4995	4993
5073	5060	5051
5073	5067	5060
5073	5088	5067
5088	5020	5067
5088	5077	5020
5088	5090	5077
5088	5092	5090
5092	5091	5090
5092	5093	5091
5093	5079	5091
5092	5084	5093
5084	5085	5093
5085	5080	5093
5085	5068	5080
5068	5045	5080
5045	5064	5080
5045	5059	5064
5059	5007	5064
5059	5031	5007
5031	5006	5007
5059	5045	5031
5068	5055	5045
5092	5073	5084
5092	5088	5073
4950	5011	5007
4950	4973	5011
4973	5009	5011
5009	5050	5011
5050	5071	5011
5009	4972	5050
4972	4992	5050
4972	4939	4992
4939	4903	4992
4939	4885	4903
4972	4930	4939
4972	4965	4930
4965	4961	4930
4961	4950	4930
4961	4973	4950
4961	4965	4973
4965	5009	4973
4965	4972	5009
4934	4860	4824
4860	4798	4824
4860	4857	4798
4857	4856	4798
4856	4768	4798
4768	4753	4798
4753	4716	4798
4768	4740	4753
4768	4757	4740
4768	4812	4757
4812	4813	4757
4813	4801	4757
4801	4748	4757
4801	4771	4748
4771	4684	4748
4771	4731	4684
4731	4626	4684
4626	4601	4684
4626	4575	4601
4575	4470	4601
4626	4514	4575
4626	4587	4514
4587	4503	4514
4587	4549	4503
4587	4558	4549
4558	4517	4549
4558	4566	4517
4566	4519	4517
4566	4551	4519
4551	4527	4519
4527	4488	4519
4527	4553	4488
4553	4496	4488
4496	4481	4488
4481	4478	4488
4496	4479	4481
4479	4440	4481
4479	4475	4440
4475	4427	4440
4427	4373	4440
4427	4392	4373
4475	4524	4427
4475	4555	4524
4555	4554	4524
4554	4462	4524
4554	4497	4462
4497	4469	4462
4469	4421	4462
4421	4392	4462
4421	4328	4392
4421	4399	4328
4399	4344	4328
4344	4323	4328
4323	4313	4328
4344	4358	4323
4358	4268	4323
4358	4350	4268
4350	4263	4268
4263	4199	4268
4199	4208	4268
4199	4145	4208
4199	4137	4145
4199	4196	4137
4196	4104	4137
4196	4207	4104
4207	4124	4104
4124	4019	4104
4124	3982	4019
3982	3935	4019
3982	3965	3935
3982	4046	3965
4046	3897	3965
3982	4124	4046
4124	4146	4046
4146	4106	4046
4106	4021	4046
4106	4077	4021
4077	4005	4021
4005	3985	4021
4005	3953	3985
3953	3887	3985
3887	3857	3985
3887	3809	3857
3887	3928	3809
3887	3953	3928
3953	3997	3928
3997	3984	3928
3997	4073	3984
4073	4024	3984
4024	3994	3984
4073	4062	4024
3997	4078	4073
3997	4005	4078
4005	4077	4078
4077	4115	4078
4077	4130	4115
4077	4106	4130
4106	4182	4130
4182	4251	4130
4182	4245	4251
4245	4339	4251
4182	4213	4245
4182	4177	4213
4177	4173	4213
4173	4248	4213
4248	4256	4213
4248	4263	4256
4263	4350	4256
4350	4378	4256
4350	4389	4378
4389	4456	4378
4389	4463	4456
4463	4477	4456
4477	4437	4456
4389	4350	4463
4350	4406	4463
4406	4447	4463
4447	4497	4463
4447	4442	4497
4442	4469	4497
4442	4421	4469
4442	4399	4421
4442	4406	4399
4406	4344	4399
4406	4358	4344
4406	4350	4358
4442	4447	4406
4248	4207	4263
4207	4199	4263
4207	4196	4199
4248	4173	4207
4173	4146	4207
4146	4124	4207
4173	4177	4146
4177	4182	4146
4182	4106	4146
3997	3953	4005
4554	4560	4497
4554	4573	4560
4573	4619	4560
4619	4578	4560
4578	4581	4560
4578	4619	4581
4619	4612	4581
4612	4592	4581
4612	4629	4592
4629	4611	4592
4611	4550	4592
4611	4599	4550
4599	4536	4550
4536	4446	4550
4446	4437	4550
4446	4348	4437
4348	4339	4437
4339	4378	4437
4348	4310	4339
4348	4329	4310
4329	4300	4310
4300	4285	4310
4300	4286	4285
4286	4269	4285
4286	4243	4269
4286	4209	4243
4209	4194	4243
4209	4203	4194
4203	4168	4194
4203	4112	4168
4112	4121	4168
4203	4103	4112
4103	4087	4112
4203	4190	4103
4190	4135	4103
4190	4214	4135
4190	4203	4214
4203	4316	4214
4316	4356	4214
4316	4341	4356
4316	4321	4341
4321	4286	4341
4286	4376	4341
4286	4300	4376
4300	4329	4376
4329	4348	4376
4348	4446	4376
4321	4316	4286
4316	4209	4286
4316	4203	4209
4536	4501	4446
4536	4489	4501
4489	4445	4501
4489	4448	4445
4448	4356	4445
4448	4349	4356
4349	4275	4356
4349	4303	4275
4303	4266	4275
4266	4175	4275
4303	4366	4266
4303	4375	4366
4375	4428	4366
4375	4472	4428
4472	4513	4428
4513	4425	4428
4513	4530	4425
4530	4498	4425
4530	4544	4498
4544	4509	4498
4544	4606	4509
4544	4652	4606
4652	4727	4606
4727	4605	4606
4605	4580	4606
4605	4645	4580
4605	4697	4645
4697	4631	4645
4697	4789	4631
4697	4706	4789
4706	4811	4789
4811	4797	4789
4811	4822	4797
4822	4875	4797
4822	4840	4875
4840	4877	4875
4877	4948	4875
4948	4919	4875
4919	4892	4875
4919	4944	4892
4944	4936	4892
4936	4850	4892
4850	4834	4892
4850	4859	4834
4859	4773	4834
4773	4772	4834
4772	4778	4834
4778	4794	4834
4773	4732	4772
4850	4893	4859
4893	4879	4859
4850	4908	4893
4908	4952	4893
4908	4937	4952
4937	4997	4952
4997	4988	4952
4988	4985	4952
4985	4967	4952
4985	4996	4967
4996	5002	4967
4985	4988	4996
4988	5027	4996
4988	4997	5027
4997	5047	5027
4997	5054	5047
5054	5066	5047
5054	5074	5066
5054	5043	5074
5043	5057	5074
5057	5065	5074
5065	5061	5074
5065	5040	5061
5040	5036	5061
5040	5005	5036
5005	5010	5036
5005	4986	5010
5005	4989	4986
4989	4956	4986
4956	4920	4986
4920	4934	4986
4920	4860	4934
4920	4857	4860
4920	4883	4857
4883	4856	4857
4883	4884	4856
4884	4812	4856
4812	4768	4856
4884	4851	4812
4851	4813	4812
4851	4839	4813
4839	4801	4813
4839	4826	4801
4826	4771	4801
4826	4791	4771
4791	4731	4771
4791	4751	4731
4751	4626	4731
4751	4717	4626
4717	4656	4626
4656	4587	4626
4656	4566	4587
4566	4558	4587
4656	4598	4566
4598	4551	4566
4598	4627	4551
4627	4553	4551
4553	4527	4551
4627	4582	4553
4582	4507	4553
4507	4496	4553
4507	4479	4496
4507	4475	4479
4507	4555	4475
4507	4595	4555
4595	4643	4555
4643	4649	4555
4649	4573	4555
4573	4554	4555
4649	4651	4573
4651	4619	4573
4649	4676	4651
4676	4699	4651
4699	4707	4651
4699	4758	4707
4758	4776	4707
4776	4765	4707
4765	4720	4707
4765	4774	4720
4774	4686	4720
4686	4666	4720
4666	4665	4720
4665	4640	4720
4665	4629	4640
4629	4612	4640
4612	4619	4640
4665	4611	4629
4665	4635	4611
4635	4599	4611
4635	4613	4599
4613	4536	4599
4635	4659	4613
4659	4674	4613
4674	4664	4613
4664	4648	4613
4648	4568	4613
4648	4636	4568
4636	4523	4568
4523	4472	4568
4472	4489	4568
4472	4448	4489
4472	4349	4448
4472	4375	4349
4375	4303	4349
4523	4513	4472
4523	4530	4513
4523	4636	4530
4636	4623	4530
4623	4544	4530
4623	4647	4544
4647	4652	4544
4647	4695	4652
4695	4725	4652
4725	4727	4652
4725	4746	4727
4746	4799	4727
4799	4821	4727
4799	4810	4821
4810	4843	4821
4843	4865	4821
4865	4877	4821
4877	4840	4821
4840	4811	4821
4840	4822	4811
4865	4874	4877
4874	4922	4877
4922	4948	4877
4922	4959	4948
4959	4977	4948
4977	4957	4948
4957	4919	4948
4957	4944	4919
4957	5003	4944
5003	4997	4944
4997	4937	4944
4937	4936	4944
4937	4908	4936
4908	4850	4936
5003	5035	4997
5035	5054	4997
5035	5043	5054
5035	5023	5043
5023	5028	5043
5028	5057	5043
5028	5052	5057
5052	5065	5057
5052	5040	5065
5052	5026	5040
5026	5013	5040
5026	5016	5013
5016	4983	5013
4983	4978	5013
4978	4981	5013
4978	4933	4981
4933	4895	4981
4933	4896	4895
4896	4872	4895
4872	4846	4895
4846	4890	4895
4846	4826	4890
4826	4839	4890
4839	4851	4890
4851	4884	4890
4884	4956	4890
4884	4920	4956
4884	4883	4920
4846	4791	4826
4846	4872	4791
4872	4855	4791
4855	4845	4791
4845	4764	4791
4764	4751	4791
4764	4717	4751
4764	4709	4717
4709	4656	4717
4709	4692	4656
4692	4598	4656
4692	4627	4598
4692	4710	4627
4710	4734	4627
4734	4700	4627
4700	4671	4627
4671	4643	4627
4643	4595	4627
4595	4582	4627
4595	4507	4582
4671	4676	4643
4676	4649	4643
4671	4749	4676
4749	4699	4676
4749	4758	4699
4749	4788	4758
4788	4776	4758
4788	4793	4776
4793	4765	4776
4793	4774	4765
4793	4816	4774
4816	4777	4774
4777	4762	4774
4762	4686	4774
4762	4664	4686
4664	4674	4686
4674	4659	4686
4659	4666	4686
4659	4635	4666
4635	4665	4666
4762	4735	4664
4735	4695	4664
4695	4648	4664
4695	4636	4648
4695	4623	4636
4695	4647	4623
4735	4724	4695
4724	4725	4695
4724	4746	4725
4724	4735	4746
4735	4799	4746
4735	4760	4799
4760	4803	4799
4803	4820	4799
4820	4810	4799
4820	4843	4810
4820	4838	4843
4838	4842	4843
4842	4881	4843
4881	4865	4843
4881	4874	4865
4881	4917	4874
4917	4922	4874
4917	4959	4922
4917	4918	4959
4918	4969	4959
4969	4979	4959
4979	4977	4959
4969	4964	4979
4964	4983	4979
4983	5016	4979
4964	4963	4983
4963	4947	4983
4947	4978	4983
4947	4933	4978
4947	4909	4933
4909	4896	4933
4909	4855	4896
4855	4872	4896
4909	4861	4855
4861	4845	4855
4861	4849	4845
4849	4806	4845
4806	4764	4845
4806	4709	4764
4806	4734	4709
4734	4710	4709
4710	4692	4709
4806	4769	4734
4769	4747	4734
4747	4700	4734
4747	4749	4700
4749	4671	4700
4747	4787	4749
4787	4788	4749
4787	4844	4788
4844	4816	4788
4816	4793	4788
4844	4847	4816
4847	4854	4816
4854	4842	4816
4842	4838	4816
4838	4803	4816
4803	4777	4816
4803	4762	4777
4803	4760	4762
4760	4735	4762
4838	4820	4803
4854	4881	4842
4854	4847	4881
4847	4914	4881
4914	4910	4881
4910	4917	4881
4910	4918	4917
4910	4914	4918
4914	4844	4918
4844	4911	4918
4911	4964	4918
4964	4969	4918
4911	4963	4964
4911	4932	4963
4932	4947	4963
4932	4909	4947
4932	4907	4909
4907	4861	4909
4907	4849	4861
4907	4858	4849
4858	4806	4849
4858	4779	4806
4779	4769	4806
4779	4786	4769
4786	4747	4769
4786	4787	4747
4786	4844	4787
4786	4858	4844
4858	4911	4844
4858	4907	4911
4907	4932	4911
4786	4779	4858
4914	4847	4844
5026	5028	5016
5028	5023	5016
5026	5052	5028
5035	5004	5023
5004	4977	5023
5004	4957	4977
5004	5003	4957
5004	5035	5003
4989	4981	4956
5005	5040	4989
4706	4727	4811
4706	4605	4727
4706	4697	4605
3832	3873	3857
3824	3897	3873
4688	4728	4716
5012	5042	5018
5012	5033	5042
5033	5039	5042
5039	5072	5042
4921	4901	4942
4218	4267	4400
4218	4192	4267
4192	4159	4267
4218	4150	4192
4027	4075	4159
4075	4058	4159
3805	3794	3861
3794	3869	3861
3794	3829	3869
3829	4013	3869
4013	3973	3869
4013	3987	3973
4013	4058	3987
3829	4011	4013
3794	3750	3829
3794	3682	3750
3794	3743	3682
3794	3805	3743
3563	3738	3691
3738	3757	3691
3757	3686	3691
3686	3661	3691
3661	3567	3691
3686	3676	3661
3686	3761	3676
3761	3803	3676
3761	3828	3803
3828	3961	3803
3961	4033	3803
3828	3904	3961
3904	4016	3961
3904	4009	4016
3904	3852	4009
3852	3853	4009
3852	3757	3853
3757	3738	3853
3738	3833	3853
3833	3977	3853
3852	3686	3757
3852	3904	3686
3904	3761	3686
3904	3828	3761
3691	3440	3563
3566	3711	3652
3596	3817	3670
3607	3631	3698
3631	3638	3698
3632	3731	3703
3640	3658	3812
3812	3651	3640
3644	3721	3746
3721	3768	3746
3768	3851	3746
3851	3837	3746
3851	3943	3837
3768	3721	3851
3721	3944	3851
3665	3779	3709
3665	3769	3779
3769	3807	3779
3807	3880	3779
3769	3871	3807
3707	3748	3741
3726	3770	3838
3838	3859	3726
3838	3937	3859
3732	3782	3826
3751	3834	3777
3834	3845	3777
3845	3784	3777
3834	3855	3845
3855	3924	3845
3834	3898	3855
3834	3751	3898
3751	3787	3898
3783	3800	3916
3800	3895	3916
3800	3798	3895
3916	3918	3783
3918	3742	3783
3916	3956	3918
3793	3839	3909
3797	3899	3941
3815	3989	3913
3822	3886	3896
3886	3971	3896
3822	3826	3886
3849	3986	3920
3849	3789	3986
3854	3949	3978
3949	4065	3978
4065	4070	3978
4065	4178	4070
3949	3952	4065
3949	3856	3952
3856	3921	3952
3866	3925	3900
3900	3889	3866
3889	3752	3866
3900	4014	3889
3900	3925	4014
3925	4037	4014
3925	4108	4037
4108	4253	4037
3925	4033	4108
3874	3888	3993
3882	3907	4031
3907	3981	4031
3907	3892	3981
3892	4010	3981
3884	3905	4015
3905	4045	4015
4045	4132	4015
4045	4169	4132
4045	4195	4169
4045	4167	4195
4167	4290	4195
4290	4288	4195
3891	3946	3901
3946	4042	3901
4042	4001	3901
4042	4171	4001
3894	3959	3979
3927	3958	4098
3927	3878	3958
3878	3913	3958
4098	3975	3927
4098	4123	3975
4098	4125	4123
3942	4008	3972
3950	4026	4093
4026	4200	4093
3964	4116	4023
3964	4110	4116
3988	4049	4155
4049	4129	4155
4129	4223	4155
3991	4038	4054
3991	3979	4038
4034	4126	4091
4043	4092	4142
4092	4240	4142
4240	4202	4142
4092	4120	4240
4053	4183	4154
4183	4247	4154
4183	4284	4247
4183	4206	4284
4206	4330	4284
4053	4054	4183
4057	4148	4107
4057	4222	4148
4059	4239	4164
4059	4122	4239
4066	4246	4099
4246	4220	4099
4246	4287	4220
4287	4273	4220
4273	4188	4220
4273	4242	4188
4273	4357	4242
4357	4317	4242
4357	4362	4317
4362	4333	4317
4287	4382	4273
4287	4320	4382
4320	4369	4382
4287	4246	4320
4246	4221	4320
4246	4066	4221
4076	4086	4176
4086	4174	4176
4174	4205	4176
4205	4281	4176
4205	4308	4281
4308	4314	4281
4314	4327	4281
4314	4383	4327
4314	4379	4383
4314	4308	4379
4308	4396	4379
4205	4217	4308
4205	4174	4217
4176	4161	4076
4083	4084	4291
4084	4274	4291
4274	4331	4291
4331	4290	4291
4331	4416	4290
4274	4345	4331
4084	4157	4274
4088	4102	4147
4088	3986	4102
4089	4211	4250
4211	4404	4250
4211	4264	4404
4264	4423	4404
4264	4334	4423
4211	4193	4264
4097	4166	4127
4100	4186	4198
4109	4152	4301
4136	4163	4219
4163	4257	4219
4257	4295	4219
4295	4277	4219
4277	4136	4219
4140	4249	4292
4292	4197	4140
4292	4380	4197
4292	4405	4380
4405	4431	4380
4156	4231	4282
4231	4283	4282
4231	4277	4283
4181	4347	4271
4347	4418	4271
4347	4474	4418
4181	4324	4347
4185	4315	4255
4201	4343	4238
4343	4390	4238
4343	4434	4390
4434	4453	4390
4343	4522	4434
4522	4622	4434
4204	4401	4260
4401	4403	4260
4212	4417	4265
4224	4279	4394
4279	4388	4394
4279	4253	4388
4351	4444	4458
4444	4450	4458
4450	4548	4458
4548	4579	4458
4548	4561	4579
4450	4443	4548
4355	4539	4424
4424	4222	4355
4222	4318	4355
4539	4567	4424
4361	4455	4370
4371	4430	4454
4371	4486	4430
4486	4618	4430
4371	4374	4486
4372	4510	4596
4385	4490	4402
4407	4408	4515
4413	4441	4537
4451	4504	4590
4504	4512	4590
4460	4584	4615
4461	4556	4491
4556	4538	4491
4556	4609	4538
4491	4417	4461
4417	4312	4461
4465	4533	4492
4533	4661	4492
4533	4639	4661
4563	4572	4607
4572	4705	4607
4705	4741	4607
4705	4759	4741
4607	4569	4563
4569	4394	4563
4607	4634	4569
4571	4658	4637
4637	4604	4571
4637	4687	4604
4637	4683	4687
4637	4658	4683
4571	4574	4658
4620	4718	4638
4718	4744	4638
4744	4675	4638
4675	4618	4638
4675	4726	4618
4726	4584	4618
4625	4755	4677
4694	4719	4785
4754	4862	4763
4756	4817	4782
4756	4827	4817
15	7	20
286	247	318
471	530	405
471	515	530
515	674	530
515	585	674
585	692	674
831	800	792
676	780	671
1105	1053	1068
1053	863	1068
1053	876	863
1053	922	876
1541	1501	1477
1949	1945	2001
1901	2079	1915
1797	1995	1808
1995	2075	1808
1797	1782	1995
1782	2030	1995
1484	1574	1533
1388	1525	1484
1093	1280	1224
1132	1080	1070
976	1027	981
869	795	880
285	283	353
616	665	653
1223	1310	1233
1451	1629	1500
1629	1679	1500
1679	1556	1500
346	327	294
327	270	294
327	373	270
327	363	373
363	420	373
420	400	373
346	420	327
120	168	180
501	539	594
501	437	539
501	421	437
1046	927	1112
927	889	1112
889	978	1112
889	860	978
136	210	213
210	224	213
210	279	224
279	273	224
136	155	210
136	132	155
183	128	154
128	91	154
427	492	505
1710	1773	1540
1773	1631	1540
1631	1482	1540
1773	1785	1631
1785	1841	1631
1773	1793	1785
1670	1904	1747
1904	1987	1747
1987	2010	1747
1670	1873	1904
1670	1750	1873
1670	1547	1750
1396	1432	1526
1432	1492	1526
1396	1346	1432
1396	1139	1346
1396	1106	1139
1396	1331	1106
1331	1260	1106
915	971	1032
971	1106	1032
803	920	722
920	815	722
815	712	722
920	944	815
579	565	637
797	868	764
797	1019	868
797	1020	1019
797	864	1020
864	967	1020
775	818	688
818	651	688
818	710	651
710	647	651
953	1113	892
1062	1317	1121
1317	1434	1121
1434	1271	1121
1434	1473	1271
1473	1351	1271
615	583	652
592	481	470
481	400	470
661	697	845
419	582	596
488	649	457
649	575	457
649	721	575
488	672	649
488	560	672
544	628	500
1408	1582	1348
1529	1633	1408
1529	1661	1633
1661	1673	1633
1661	1838	1673
1661	1932	1838
1661	1942	1932
1661	1719	1942
1661	1579	1719
1661	1529	1579
1441	1297	1529
1227	1382	1297
1227	1188	1382
708	689	607
659	532	667
694	848	762
908	721	884
839	707	835
1277	1416	1306
1416	1384	1306
1125	1431	1279
1125	1083	1431
1125	935	1083
1344	1528	1403
1528	1665	1403
1422	1409	1231
1409	1262	1231
1262	1205	1231
1550	1813	1617
1550	1789	1813
1550	1725	1789
1349	1237	1248
1428	1576	1598
1576	1760	1598
1760	1795	1598
1433	1358	1313
1512	1566	1555
1674	1735	1475
2158	1939	2062
1941	1767	1939
2222	2312	2051
2312	2351	2051
2384	2604	2358
2384	2605	2604
2384	2341	2605
2341	2335	2605
1802	2016	1878
2016	2086	1878
1802	1728	2016
1728	2017	2016
1646	1647	1728
1494	1756	1647
1494	1553	1756
1846	2088	1990
1846	2033	2088
1846	2026	2033
1697	1690	1564
1589	1806	1554
1806	1759	1554
1806	1964	1759
1806	1980	1964
1612	1637	1530
1612	1746	1637
1612	1693	1746
1841	1999	1715
1999	1977	1715
1977	1886	1715
1566	1405	1505
1563	1608	1643
2282	2571	2258
2571	2523	2258
2282	2638	2571
2282	2360	2638
2115	1976	2208
1716	1800	1751
1989	2140	1870
2140	2117	1870
2117	2009	1870
2009	1879	1870
1989	2144	2140
1989	2100	2144
2027	2243	2139
2204	2273	2184
1737	1660	1783
1977	2130	2109
2015	2286	2058
2414	2379	2194
2379	2169	2194
2169	2185	2194
2414	2522	2379
2753	2778	2891
2235	2084	2387
2084	2085	2387
1972	1975	2210
2103	2037	2290
2037	2351	2290
2451	2590	2626
2773	2916	2590
2692	2878	2773
2878	2994	2773
2078	2111	2245
1935	1779	1944
2059	2071	2107
2443	2170	2325
1992	2007	2006
2084	1927	2018
2087	2333	2086
2333	2114	2086
2106	2181	2160
2116	2048	2136
2259	2286	2116
2834	3005	2889
2834	2847	3005
2834	2730	2847
2730	2760	2847
2324	2315	2223
2294	2244	2381
2347	2608	2383
2307	2311	2252
2620	2818	2715
2818	2832	2715
2818	2930	2832
2930	2866	2832
2620	2835	2818
3153	3110	3264
3110	3203	3264
3203	3369	3264
3203	3380	3369
3203	3446	3380
3203	3243	3446
3243	3314	3446
3314	3613	3446
3613	3614	3446
3314	3585	3613
3314	3393	3585
2722	2946	2879
2946	3030	2879
2722	2898	2946
2722	2567	2898
2567	2568	2898
2568	2673	2898
2673	2858	2898
2708	2799	2674
2542	2417	2577
2658	2702	2542
2553	2612	2697
2612	2782	2697
2748	2841	2644
2748	2758	2841
2758	2793	2841
2808	2790	2907
3066	3335	3139
3286	3483	3290
3483	3478	3290
3478	3386	3290
3386	3262	3290
3478	3448	3386
3483	3569	3478
3286	3394	3483
3336	3474	3225
3170	3328	3027
2944	2882	2791
3108	3173	2969
2934	3002	2789
2934	3074	3002
3141	3178	3233
3207	3212	3098
2811	2998	3046
3013	2984	2957
3304	3047	3091
3047	2993	3091
2993	3084	3091
3047	2778	2993
2778	2695	2993
3104	3043	3220
3229	3374	3236
3229	3342	3374
3342	3561	3374
3342	3456	3561
3753	3694	3618
3610	3456	3662
3456	3473	3662
3445	3601	3357
3601	3331	3357
3601	3623	3331
3623	3548	3331
3799	3836	3970
3524	3296	3392
3524	3384	3296
3527	3634	3558
3440	3691	3567
3599	3802	3569
4113	4048	4051
3806	3833	3695
3833	3738	3695
4898	4929	4853
4898	4987	4929
4721	4729	4808
5058	5078	5049
5078	5069	5049
5058	5087	5078
5087	5063	5078
5063	5046	5078
4815	4743	4775
4900	4823	4833
4848	4780	4736
4139	4235	4060
4235	4080	4060
4235	4172	4080
4172	4143	4080
5032	5075	5019
5075	5025	5019
5075	5053	5025
5075	5062	5053
5021	5014	5062
4941	4974	5021
5093	5064	5079
5064	5007	5079
5007	5071	5079
5007	5011	5071
5093	5080	5064
4427	4462	4392
4427	4524	4462
4046	3873	3897
4046	4021	3873
4021	3985	3873
3985	3857	3873
4213	4378	4245
4477	4550	4437
4477	4592	4550
4477	4581	4592
4477	4560	4581
4477	4463	4560
4463	4497	4560
4341	4445	4356
4341	4501	4445
4341	4376	4501
4376	4446	4501
4875	4892	4797
4892	4834	4797
4834	4794	4797
4651	4707	4619
4707	4640	4619
4707	4720	4640
4613	4568	4536
4568	4489	4536
4821	4811	4727
5013	4981	5040
4981	4989	5040
4895	4890	4981
4890	4956	4981
4979	5023	4977
4979	5016	5023
4033	3925	3803
3853	3977	4009
3640	3384	3658
3644	3454	3721
3454	3532	3721
3532	3671	3721
3671	3849	3721
3849	3944	3721
3644	3408	3454
3855	4053	3924
3886	4185	3971
3889	3893	3752
4110	4162	4116
4057	4318	4222
4164	4042	4059
4164	4230	4042
4147	4224	4088
4401	4492	4403
4492	4588	4403
4588	4518	4403
4492	4661	4588
4618	4454	4430
4486	4638	4618
4609	4646	4538
4741	4841	4607
4841	4634	4607
4719	4869	4785
4719	4825	4869
