411.950248 283.404378 97.193984 255 0 0
412.778468 266.655963 99.959949 255 0 0
413.547001 250.057234 101.082966 255 0 0
414.255849 233.608193 100.563035 255 0 0
414.905011 217.308839 98.400156 255 0 0
415.494487 201.159171 94.594329 255 0 0
416.024277 185.159191 89.145554 255 0 0
416.494382 169.308897 82.053831 255 0 0
416.904800 153.608290 73.319160 0 255 0
399.239343 159.853836 82.828136 0 255 0
381.503829 166.275081 90.408655 0 255 0
363.698256 172.872025 96.060718 0 255 0
345.822626 179.644668 99.784325 0 255 0
327.876938 186.593011 101.579475 0 255 0
309.861191 193.717053 101.446169 0 255 0
291.775387 201.016794 99.384406 0 255 0
273.619524 208.492234 95.394187 0 255 0
