3.238095135182466038e+02 1.661006266153872275e+02 1.542245604506165932e+02
3.281766443245754772e+02 1.554341434303579490e+02 1.461809821340592919e+02
3.308089246668704391e+02 1.470741135831937072e+02 1.327357495983438866e+02
3.389675273688884545e+02 1.433932259560766056e+02 1.165261382153119882e+02
3.380557600702677519e+02 1.403779729946518842e+02 9.099488615523688395e+01
3.428190560083219225e+02 1.405781710296466827e+02 6.526463870602077577e+01
3.587093545430520862e+02 1.494048024667756067e+02 3.528832292364768364e+01
3.547384132925084259e+02 1.709379845970730685e+02 2.564522479667999733e+01
3.473478383805460226e+02 1.818263514301462465e+02 3.058159192183461528e+01
3.411715110957671868e+02 1.955311512900984212e+02 3.194081697927992991e+01
3.268172674427160018e+02 2.011194851378328394e+02 3.937063219980882423e+01
3.223757787591570718e+02 2.125178193608221591e+02 4.613152115489003791e+01
3.095332505290837162e+02 2.179952121079372773e+02 5.511493476426954885e+01
