27.528943 35.584023 10.750000 255 0 0
27.779051 35.474380 9.781250 255 0 0
28.099523 35.250206 8.812500 255 0 0
28.490359 34.911501 7.843750 255 0 0
28.951559 34.458264 6.875000 255 0 0
29.483124 33.890495 5.906250 255 0 0
30.085052 33.208195 4.937500 255 0 0
30.757344 32.411363 3.968750 255 0 0
31.500000 31.500000 3.000000 0 255 0
30.926883 30.473522 3.968750 0 255 0
30.403173 29.572053 4.937500 0 255 0
29.928870 28.795595 5.906250 0 255 0
29.503973 28.144147 6.875000 0 255 0
29.128483 27.617709 7.843750 0 255 0
28.802401 27.216281 8.812500 0 255 0
28.525725 26.939863 9.781250 0 255 0
28.298455 26.788456 10.750000 0 255 0
