   3.3572886e+02   6.4445274e+01   1.1500000e+02
   3.3499254e+02   5.6067164e+01   1.0700000e+02
   3.3170896e+02   5.5330846e+01   9.9000000e+01
   3.4625622e+02   5.4594527e+01   9.1000000e+01
   3.4297264e+02   4.6216418e+01   8.3000000e+01
   3.5497264e+02   4.8027363e+01   7.5000000e+01
   3.5933085e+02   4.2196517e+01   6.7000000e+01
   3.6623632e+02   4.4007463e+01   5.9000000e+01
   3.5785821e+02   5.0912935e+01   5.1000000e+01
   3.6731095e+02   6.5460199e+01   4.3000000e+01
   3.5638557e+02   1.0293284e+02   3.5000000e+01
   3.4096517e+02   1.2444776e+02   3.5000000e+01
   2.8209453e+02   1.8275124e+02   4.3000000e+01
