   2.9612582e+01   2.5826823e+01   1.3000000e+01
   2.9239447e+01   2.6174045e+01   1.2000000e+01
   2.7995666e+01   2.8025897e+01   1.1000000e+01
   2.7871288e+01   2.8951823e+01   1.0000000e+01
   2.7871288e+01   3.0109230e+01   9.0000000e+00
   2.7746910e+01   3.2192564e+01   8.0000000e+00
   2.8244422e+01   3.4275897e+01   7.0000000e+00
   2.8493179e+01   3.5433304e+01   8.0000000e+00
   2.8120044e+01   3.5201823e+01   9.0000000e+00
   2.8368801e+01   3.5433304e+01   1.0000000e+01
   2.8368801e+01   3.5433304e+01   1.1000000e+01
   2.8493179e+01   3.5896267e+01   1.2000000e+01
   2.8493179e+01   3.6243490e+01   1.3000000e+01
