1	3	4
4	8	1
8	5	1
5	2	1
2	6	1
6	3	1
6	9	3
9	4	3
9	10	4
10	17	4
17	8	4
17	15	8
15	7	8
7	5	8
7	16	5
16	11	5
11	2	5
11	6	2
11	19	6
19	34	6
34	9	6
34	12	9
12	10	9
12	45	10
45	28	10
28	23	10
23	18	10
18	17	10
18	43	17
43	47	17
47	54	17
54	21	17
21	15	17
21	32	15
32	13	15
13	7	15
13	14	7
14	16	7
14	20	16
20	24	16
24	25	16
25	27	16
27	31	16
31	36	16
36	29	16
29	11	16
29	40	11
40	22	11
22	19	11
22	80	19
80	34	19
80	64	34
64	68	34
68	42	34
42	12	34
42	45	12
64	144	68
144	168	68
144	238	168
238	285	168
238	306	285
238	233	306
233	344	306
233	230	344
64	117	144
64	80	117
29	48	40
29	36	48
25	26	27
26	46	27
26	38	46
38	50	46
50	74	46
38	52	50
38	51	52
51	67	52
51	63	67
63	73	67
73	81	67
81	106	67
106	110	67
81	129	106
129	148	106
129	140	148
140	174	148
140	187	174
187	211	174
187	228	211
187	204	228
204	226	228
226	274	228
226	260	274
260	321	274
260	313	321
313	367	321
367	397	321
397	399	321
399	376	321
376	388	321
376	483	388
483	478	388
478	463	388
463	422	388
463	429	422
429	405	422
429	350	405
429	393	350
429	460	393
460	379	393
460	413	379
413	287	379
413	290	287
290	234	287
290	262	234
262	215	234
262	301	215
301	310	215
310	257	215
257	223	215
257	221	223
221	155	223
155	139	223
155	74	139
221	189	155
221	253	189
253	291	189
291	162	189
162	141	189
141	123	189
141	130	123
141	162	130
162	149	130
257	296	221
262	290	301
413	395	290
413	457	395
457	508	395
508	461	395
461	414	395
457	492	508
492	503	508
492	460	503
492	413	460
492	457	413
478	621	463
478	514	621
514	646	621
646	780	621
780	641	621
780	869	641
869	815	641
815	680	641
815	659	680
815	710	659
710	676	659
676	503	659
710	767	676
710	819	767
819	782	767
782	732	767
782	793	732
782	924	793
924	917	793
917	825	793
917	837	825
837	802	825
802	781	825
802	716	781
802	737	716
737	765	716
765	669	716
765	706	669
706	677	669
706	798	677
706	832	798
832	818	798
832	891	818
891	858	818
858	870	818
870	686	818
870	733	686
733	638	686
733	723	638
733	867	723
867	860	723
860	823	723
823	666	723
823	753	666
753	678	666
678	587	666
753	742	678
742	747	678
747	643	678
643	513	678
513	484	678
513	494	484
494	427	484
427	407	484
407	443	484
443	497	484
497	587	484
497	518	587
497	449	518
497	443	449
427	357	407
427	359	357
359	340	357
340	339	357
359	249	340
359	342	249
342	252	249
342	318	252
342	373	318
373	374	318
373	438	374
438	392	374
438	489	392
438	506	489
506	505	489
505	496	489
496	520	489
496	507	520
507	555	520
555	604	520
604	568	520
568	528	520
528	516	520
516	459	520
459	384	520
459	391	384
568	583	528
568	604	583
604	633	583
633	662	583
662	746	583
662	833	746
662	685	833
685	764	833
764	861	833
764	932	861
932	1028	861
932	1014	1028
1014	1066	1028
764	762	932
762	754	932
754	963	932
754	942	963
754	758	942
754	640	758
640	577	758
577	695	758
695	776	758
776	856	758
776	784	856
784	1002	856
1002	966	856
776	695	784
695	648	784
648	692	784
648	613	692
613	582	692
582	595	692
582	562	595
562	628	595
562	565	628
565	620	628
565	622	620
565	559	622
559	557	622
557	615	622
615	702	622
615	657	702
657	787	702
615	624	657
624	658	657
658	830	657
624	610	658
610	609	658
610	586	609
586	584	609
584	592	609
592	635	609
635	714	609
635	725	714
635	700	725
700	831	725
635	606	700
635	592	606
592	540	606
592	561	540
561	531	540
531	532	540
532	660	540
532	544	660
544	611	660
611	751	660
611	572	751
572	719	751
719	796	751
719	766	796
766	803	796
803	852	796
803	742	852
742	753	852
753	857	852
753	850	857
850	897	857
897	970	857
970	988	857
970	978	988
978	1027	988
1027	1046	988
1027	1062	1046
1062	1068	1046
1062	1087	1068
1062	1086	1087
1086	1180	1087
1086	1170	1180
1170	1253	1180
1253	1300	1180
1300	1269	1180
1269	1222	1180
1269	1258	1222
1258	1231	1222
1258	1265	1231
1265	1248	1231
1248	1175	1231
1258	1324	1265
1258	1352	1324
1352	1417	1324
1417	1390	1324
1417	1526	1390
1526	1549	1390
1549	1372	1390
1372	1325	1390
1526	1606	1549
1606	1603	1549
1603	1596	1549
1606	1742	1603
1606	1750	1742
1526	1573	1606
1352	1441	1417
1352	1374	1441
1374	1460	1441
1460	1475	1441
1475	1527	1441
1475	1490	1527
1490	1534	1527
1534	1634	1527
1534	1657	1634
1657	1673	1634
1673	1744	1634
1673	1779	1744
1779	1994	1744
1779	1938	1994
1938	2044	1994
1673	1755	1779
1755	1765	1779
1755	1728	1765
1755	1673	1728
1673	1657	1728
1657	1711	1728
1534	1536	1657
1534	1490	1536
1490	1510	1536
1510	1569	1536
1510	1537	1569
1537	1597	1569
1537	1584	1597
1584	1624	1597
1624	1644	1597
1624	1662	1644
1662	1734	1644
1662	1704	1734
1704	1748	1734
1748	1787	1734
1787	1819	1734
1787	1837	1819
1837	2003	1819
1837	1896	2003
1837	1824	1896
1824	1843	1896
1824	1822	1843
1822	2042	1843
1824	1758	1822
1758	1776	1822
1758	1686	1776
1686	1769	1776
1686	1717	1769
1686	1666	1717
1666	1653	1717
1653	1796	1717
1653	1726	1796
1726	1802	1796
1802	1832	1796
1802	1726	1832
1653	1581	1726
1581	1579	1726
1581	1543	1579
1543	1511	1579
1511	1635	1579
1511	1591	1635
1591	1692	1635
1511	1491	1591
1511	1455	1491
1455	1345	1491
1345	1339	1491
1345	1318	1339
1345	1340	1318
1345	1370	1340
1370	1343	1340
1370	1384	1343
1384	1399	1343
1399	1381	1343
1381	1338	1343
1381	1386	1338
1386	1322	1338
1322	1233	1338
1233	1237	1338
1322	1194	1233
1322	1371	1194
1371	1259	1194
1259	1126	1194
1126	1129	1194
1126	995	1129
1126	1079	995
1079	874	995
874	869	995
869	967	995
967	956	995
967	877	956
877	855	956
855	954	956
855	918	954
918	993	954
918	907	993
907	997	993
907	886	997
886	971	997
971	1020	997
971	989	1020
989	1089	1020
989	1100	1089
1100	1182	1089
1100	1174	1182
1100	1105	1174
1105	1218	1174
1105	1220	1218
1105	1097	1220
1097	1195	1220
1097	1138	1195
1138	1173	1195
1173	1236	1195
1173	1158	1236
1158	1150	1236
1158	1096	1150
1096	1132	1150
1096	1041	1132
1041	1120	1132
1041	999	1120
999	1075	1120
999	1021	1075
1021	1076	1075
1021	952	1076
1021	903	952
903	806	952
806	789	952
789	845	952
789	773	845
773	808	845
773	674	808
773	630	674
630	597	674
597	593	674
597	500	593
500	534	593
534	672	593
534	642	672
642	715	672
715	791	672
791	820	672
715	883	791
534	538	642
538	637	642
538	511	637
511	553	637
511	435	553
511	476	435
476	418	435
418	372	435
372	401	435
401	437	435
401	394	437
394	444	437
394	411	444
394	361	411
361	308	411
361	305	308
305	277	308
277	286	308
286	360	308
305	271	277
271	232	277
232	205	277
232	208	205
208	181	205
181	182	205
182	206	205
182	199	206
199	212	206
199	222	212
222	251	212
222	245	251
245	307	251
307	347	251
307	416	347
416	387	347
245	278	307
245	273	278
245	241	273
241	240	273
240	270	273
270	293	273
270	299	293
299	352	293
352	378	293
378	400	293
378	439	400
378	377	439
377	426	439
426	455	439
426	467	455
426	412	467
412	453	467
453	536	467
536	626	467
453	486	536
486	580	536
580	731	536
580	687	731
687	835	731
580	591	687
591	667	687
591	647	667
647	690	667
690	740	667
690	772	740
772	827	740
827	828	740
827	866	828
866	986	828
986	951	828
986	1005	951
986	996	1005
996	1163	1005
1163	1176	1005
1163	1229	1176
986	866	996
866	939	996
939	1013	996
1013	1124	996
1013	1088	1124
1088	1168	1124
1168	1183	1124
1183	1235	1124
1183	1257	1235
1257	1279	1235
1183	1219	1257
1183	1168	1219
1168	1165	1219
1165	1212	1219
1212	1293	1219
1212	1213	1293
1213	1272	1293
1213	1209	1272
1209	1169	1272
1169	1292	1272
1169	1234	1292
1209	1157	1169
1157	1106	1169
1157	1074	1106
1074	1017	1106
1017	1030	1106
1017	926	1030
926	921	1030
921	959	1030
921	859	959
859	851	959
921	849	859
921	926	849
926	898	849
898	759	849
898	768	759
768	698	759
768	682	698
768	607	682
607	579	682
579	616	682
579	509	616
607	535	579
607	590	535
590	524	535
524	482	535
524	445	482
445	380	482
380	408	482
380	356	408
356	322	408
322	382	408
322	323	382
323	319	382
319	424	382
319	343	424
343	421	424
421	430	424
430	509	424
421	425	430
425	468	430
425	490	468
425	396	490
396	543	490
543	645	490
396	479	543
479	569	543
479	563	569
563	696	569
563	694	696
694	711	696
694	708	711
694	699	708
699	811	708
811	885	708
699	651	811
651	691	811
651	617	691
617	629	691
651	550	617
550	554	617
550	440	554
440	423	554
440	404	423
404	345	423
404	329	345
329	281	345
281	365	345
281	250	365
250	243	365
243	302	365
302	320	365
320	385	365
320	338	385
338	410	385
320	302	338
302	261	338
261	224	338
224	242	338
242	298	338
224	176	242
224	153	176
153	152	176
152	177	176
152	157	177
157	188	177
152	120	157
152	116	120
116	86	120
116	90	86
90	37	86
37	61	86
37	33	61
33	45	61
33	28	45
33	37	28
37	23	28
37	43	23
43	18	23
90	83	37
90	108	83
108	158	83
158	134	83
134	107	83
107	76	83
107	109	76
109	101	76
101	60	76
60	43	76
60	53	43
53	47	43
53	75	47
75	54	47
75	59	54
59	21	54
59	41	21
41	32	21
41	39	32
39	30	32
30	13	32
30	14	13
30	20	14
30	49	20
49	44	20
44	24	20
44	35	24
35	26	24
26	25	24
35	38	26
35	55	38
55	51	38
55	57	51
57	63	51
57	71	63
71	84	63
84	97	63
97	88	63
88	73	63
88	81	73
88	105	81
88	97	105
97	114	105
114	137	105
137	129	105
137	136	129
136	140	129
136	187	140
136	200	187
200	204	187
200	225	204
225	226	204
225	260	226
225	265	260
265	317	260
317	313	260
317	341	313
341	367	313
341	371	367
371	403	367
403	397	367
403	469	397
469	399	397
403	436	469
436	475	469
475	500	469
500	597	469
597	578	469
578	545	469
545	504	469
545	575	504
575	576	504
576	573	504
573	493	504
493	462	504
493	483	462
483	399	462
483	376	399
493	529	483
529	514	483
514	478	483
529	596	514
596	646	514
596	703	646
703	790	646
790	786	646
786	780	646
786	877	780
877	869	780
877	967	869
786	790	877
790	855	877
790	797	855
797	918	855
797	730	918
730	824	918
824	907	918
824	840	907
840	886	907
840	783	886
783	854	886
854	881	886
881	971	886
881	975	971
975	989	971
975	1031	989
1031	1053	989
1053	1100	989
1053	1105	1100
1053	1097	1105
1053	1069	1097
1069	1117	1097
1117	1138	1097
1117	1069	1138
1069	1139	1138
1139	1173	1138
1139	1158	1173
1139	1096	1158
1139	1069	1096
1069	979	1096
979	984	1096
984	1041	1096
984	980	1041
980	999	1041
980	929	999
929	1021	999
929	903	1021
929	756	903
756	806	903
756	735	806
735	665	806
665	789	806
665	644	789
644	773	789
644	630	773
644	578	630
578	597	630
644	619	578
619	545	578
619	575	545
619	627	575
627	649	575
649	576	575
649	718	576
718	573	576
718	679	573
679	529	573
529	493	573
679	596	529
679	703	596
679	730	703
730	797	703
797	790	703
679	718	730
718	824	730
718	840	824
718	783	840
718	649	783
649	756	783
756	854	783
756	871	854
871	881	854
871	979	881
979	975	881
979	1031	975
979	1069	1031
1069	1053	1031
871	909	979
909	984	979
909	929	984
929	980	984
909	756	929
909	871	756
649	735	756
649	665	735
649	627	665
627	619	665
619	644	665
475	534	500
475	476	534
476	538	534
476	511	538
475	436	476
436	418	476
436	398	418
398	355	418
355	372	418
355	305	372
305	361	372
361	401	372
361	394	401
355	295	305
295	271	305
295	265	271
265	232	271
265	208	232
265	225	208
225	200	208
200	137	208
137	170	208
170	181	208
170	143	181
143	163	181
163	182	181
163	194	182
194	199	182
194	222	199
194	203	222
203	240	222
240	241	222
241	245	222
203	236	240
236	270	240
236	231	270
231	244	270
244	299	270
244	280	299
280	315	299
315	352	299
315	358	352
358	377	352
377	378	352
358	426	377
358	383	426
383	412	426
383	402	412
402	453	412
402	445	453
445	486	453
445	524	486
524	566	486
566	580	486
566	591	580
566	647	591
566	607	647
607	690	647
607	772	690
607	768	772
768	794	772
794	827	772
794	939	827
939	866	827
794	974	939
974	1004	939
1004	1013	939
1004	1058	1013
1058	1088	1013
1058	1165	1088
1165	1168	1088
1058	1074	1165
1074	1186	1165
1186	1212	1165
1186	1213	1212
1186	1209	1213
1186	1157	1209
1186	1074	1157
1058	1003	1074
1003	1001	1074
1001	1017	1074
1001	898	1017
898	926	1017
1001	974	898
974	794	898
794	768	898
1001	1003	974
1003	1004	974
1003	1058	1004
566	524	607
524	590	607
402	390	445
390	380	445
390	354	380
354	356	380
354	268	356
268	256	356
256	322	356
256	323	322
256	300	323
300	319	323
300	343	319
300	284	343
284	266	343
266	333	343
333	425	343
425	421	343
333	369	425
369	368	425
368	396	425
368	335	396
368	327	335
327	311	335
311	297	335
297	364	335
311	276	297
327	333	311
333	259	311
259	216	311
259	266	216
266	201	216
201	147	216
147	197	216
147	115	197
115	180	197
115	160	180
160	193	180
160	151	193
160	115	151
115	132	151
132	128	151
132	109	128
109	107	128
107	134	128
132	101	109
132	100	101
100	75	101
75	60	101
75	53	60
100	70	75
70	59	75
70	41	59
70	66	41
66	39	41
66	79	39
79	30	39
79	49	30
79	65	49
65	69	49
69	44	49
69	72	44
72	56	44
56	35	44
56	55	35
56	62	55
62	57	55
62	71	57
62	87	71
87	84	71
87	113	84
113	97	84
113	126	97
126	114	97
126	143	114
143	137	114
143	170	137
126	166	143
166	163	143
166	184	163
184	194	163
184	203	194
184	164	203
164	207	203
207	231	203
231	236	203
207	244	231
207	220	244
220	280	244
220	247	280
247	279	280
279	315	280
279	328	315
328	358	315
328	383	358
328	402	383
328	330	402
330	390	402
330	354	390
330	294	354
294	268	354
294	267	268
267	264	268
264	235	268
235	227	268
227	256	268
227	209	256
209	288	256
288	300	256
288	284	300
288	201	284
201	266	284
288	209	201
209	185	201
185	161	201
161	147	201
161	125	147
161	185	125
185	178	125
178	131	125
131	92	125
92	79	125
92	65	79
92	118	65
118	69	65
118	85	69
85	72	69
85	56	72
85	62	56
85	96	62
96	87	62
96	111	87
111	103	87
103	113	87
103	142	113
142	154	113
154	126	113
154	164	126
164	166	126
164	184	166
154	169	164
169	207	164
169	220	207
169	191	220
191	213	220
213	247	220
213	219	247
219	264	247
264	279	247
264	294	279
294	328	279
294	330	328
264	267	294
219	235	264
219	196	235
196	227	235
196	173	227
173	178	227
178	209	227
178	195	209
195	185	209
195	178	185
173	131	178
173	138	131
138	118	131
118	92	131
173	196	138
196	192	138
196	219	192
219	191	192
219	213	191
169	142	191
169	154	142
103	111	142
96	95	111
95	118	111
95	85	118
95	96	85
70	102	66
102	104	66
102	115	104
115	147	104
102	100	115
100	132	115
102	70	100
259	333	266
327	369	333
327	368	369
200	136	137
295	317	265
295	355	317
355	341	317
355	371	341
355	398	371
398	403	371
398	417	403
417	436	403
417	398	436
158	165	134
165	179	134
165	210	179
210	254	179
254	193	179
254	276	193
165	158	210
158	272	210
158	172	272
172	250	272
250	281	272
281	329	272
329	381	272
329	404	381
404	440	381
440	431	381
431	364	381
431	441	364
431	440	441
440	550	441
550	558	441
558	466	441
466	396	441
466	479	396
466	563	479
466	558	563
558	651	563
651	694	563
651	699	694
558	550	651
172	183	250
183	237	250
237	243	250
237	183	243
183	202	243
202	261	243
261	302	243
202	217	261
217	224	261
217	153	224
217	202	153
202	150	153
150	116	153
116	152	153
150	108	116
108	90	116
150	158	108
150	172	158
150	183	172
150	202	183
874	815	869
874	844	815
844	819	815
819	710	815
844	927	819
927	924	819
924	782	819
927	992	924
992	969	924
969	917	924
969	994	917
994	1033	917
994	1137	1033
1137	1200	1033
1200	1051	1033
1051	1035	1033
1051	1172	1035
1172	1063	1035
1063	1038	1035
1063	1131	1038
1131	1023	1038
1023	928	1038
1023	914	928
914	879	928
914	832	879
832	814	879
814	802	879
814	737	802
814	765	737
814	706	765
814	832	706
914	891	832
914	968	891
968	964	891
964	858	891
964	915	858
915	870	858
915	911	870
911	867	870
867	733	870
911	919	867
919	897	867
897	860	867
897	823	860
897	850	823
850	753	823
919	978	897
978	970	897
919	1027	978
919	1008	1027
1008	1059	1027
1059	1086	1027
1086	1062	1027
1059	1170	1086
1059	1148	1170
1148	1187	1170
1187	1253	1170
1187	1280	1253
1280	1300	1253
1280	1331	1300
1331	1379	1300
1379	1374	1300
1374	1269	1300
1374	1352	1269
1352	1258	1269
1379	1460	1374
1379	1419	1460
1419	1484	1460
1484	1490	1460
1490	1475	1460
1484	1510	1490
1484	1506	1510
1506	1537	1510
1506	1518	1537
1518	1584	1537
1518	1516	1584
1516	1595	1584
1595	1624	1584
1595	1610	1624
1610	1628	1624
1628	1662	1624
1628	1650	1662
1650	1704	1662
1650	1688	1704
1688	1748	1704
1688	1691	1748
1691	1747	1748
1747	1787	1748
1747	1824	1787
1824	1837	1787
1747	1758	1824
1747	1713	1758
1713	1690	1758
1690	1686	1758
1690	1638	1686
1638	1666	1686
1638	1602	1666
1602	1551	1666
1551	1529	1666
1529	1543	1666
1543	1653	1666
1543	1581	1653
1529	1452	1543
1452	1458	1543
1458	1511	1543
1458	1455	1511
1458	1384	1455
1384	1370	1455
1370	1345	1455
1458	1399	1384
1458	1430	1399
1430	1381	1399
1430	1452	1381
1452	1415	1381
1415	1386	1381
1415	1416	1386
1416	1322	1386
1416	1371	1322
1416	1463	1371
1463	1481	1371
1463	1530	1481
1530	1512	1481
1512	1485	1481
1512	1595	1485
1595	1516	1485
1516	1404	1485
1404	1349	1485
1404	1346	1349
1346	1301	1349
1301	1251	1349
1251	1309	1349
1251	1221	1309
1221	1199	1309
1199	1225	1309
1225	1245	1309
1245	1274	1309
1245	1259	1274
1259	1371	1274
1245	1155	1259
1155	1126	1259
1155	1079	1126
1155	1125	1079
1125	1032	1079
1032	957	1079
957	874	1079
957	844	874
957	927	844
957	992	927
957	1032	992
1032	1125	992
1125	1137	992
1137	969	992
1137	994	969
1125	1225	1137
1225	1199	1137
1199	1200	1137
1199	1221	1200
1221	1208	1200
1208	1179	1200
1179	1051	1200
1179	1172	1051
1179	1301	1172
1301	1315	1172
1315	1210	1172
1210	1153	1172
1153	1063	1172
1153	1131	1063
1153	1154	1131
1154	1210	1131
1210	1160	1131
1160	1023	1131
1160	1025	1023
1025	987	1023
987	968	1023
968	914	1023
987	964	968
987	1025	964
1025	1072	964
1072	1008	964
1008	915	964
1008	911	915
1008	919	911
1072	1059	1008
1072	1148	1059
1072	1025	1148
1025	1160	1148
1160	1187	1148
1160	1280	1187
1160	1286	1280
1286	1329	1280
1329	1331	1280
1329	1383	1331
1383	1410	1331
1410	1379	1331
1410	1419	1379
1410	1484	1419
1410	1457	1484
1457	1506	1484
1457	1518	1506
1457	1421	1518
1421	1437	1518
1437	1516	1518
1437	1404	1516
1437	1408	1404
1408	1346	1404
1408	1355	1346
1355	1315	1346
1315	1301	1346
1355	1286	1315
1286	1210	1315
1286	1160	1210
1355	1329	1286
1355	1383	1329
1355	1421	1383
1421	1413	1383
1413	1410	1383
1413	1457	1410
1413	1421	1457
1355	1437	1421
1355	1408	1437
1154	1153	1210
1179	1208	1301
1208	1251	1301
1208	1221	1251
1125	1245	1225
1125	1155	1245
1512	1611	1595
1611	1610	1595
1611	1628	1610
1611	1650	1628
1611	1622	1650
1622	1688	1650
1622	1691	1688
1622	1638	1691
1638	1690	1691
1690	1713	1691
1713	1747	1691
1622	1602	1638
1622	1572	1602
1572	1546	1602
1546	1551	1602
1546	1497	1551
1497	1529	1551
1497	1452	1529
1497	1469	1452
1469	1415	1452
1469	1416	1415
1469	1496	1416
1496	1463	1416
1496	1530	1463
1496	1546	1530
1546	1572	1530
1572	1512	1530
1572	1611	1512
1572	1622	1611
1496	1497	1546
1496	1469	1497
1430	1458	1452
803	747	742
803	766	747
766	720	747
720	643	747
720	623	643
623	537	643
537	513	643
537	495	513
495	494	513
495	427	494
495	373	427
373	359	427
373	342	359
495	438	373
495	506	438
495	623	506
623	521	506
521	505	506
521	526	505
526	530	505
530	539	505
539	507	505
507	496	505
539	555	507
539	600	555
600	604	555
600	633	604
600	685	633
685	662	633
600	655	685
655	764	685
655	762	764
655	749	762
749	754	762
749	640	754
749	655	640
655	600	640
600	539	640
539	577	640
539	542	577
542	562	577
562	605	577
605	695	577
605	648	695
605	613	648
605	582	613
605	562	582
542	533	562
533	530	562
530	565	562
533	539	530
533	542	539
521	601	526
601	571	526
571	574	526
571	663	574
663	614	574
614	559	574
614	572	559
572	557	559
572	541	557
541	560	557
560	615	557
560	567	615
567	624	615
567	610	624
567	586	610
567	561	586
561	584	586
561	592	584
567	531	561
567	549	531
549	532	531
549	544	532
549	541	544
541	572	544
572	611	544
549	560	541
549	567	560
614	719	572
614	663	719
663	720	719
720	766	719
663	623	720
663	601	623
601	521	623
663	571	601
495	537	623
77	135	112
135	133	112
135	146	133
78	98	93
156	175	198
175	218	198
229	269	275
269	292	275
292	325	275
325	255	275
325	337	255
337	258	255
269	346	292
246	309	263
289	303	334
331	415	348
349	420	406
349	447	420
447	477	420
477	406	420
477	556	406
477	581	556
581	618	556
447	546	477
349	409	447
362	370	432
363	448	366
448	375	366
375	344	366
448	517	375
419	480	456
446	471	470
471	636	470
636	480	470
636	664	480
464	588	510
510	410	464
588	522	510
588	654	522
588	632	654
632	744	654
744	727	654
744	795	727
795	726	727
632	697	744
632	588	697
465	485	491
498	512	552
552	652	498
499	671	689
501	548	705
548	650	705
650	775	705
650	757	775
515	527	608
547	639	681
570	599	688
585	728	805
589	792	800
792	922	800
922	1034	800
1034	876	800
876	822	800
1034	912	876
1034	1042	912
1042	1054	912
1054	961	912
1054	1047	961
1047	1060	961
1047	1054	1060
1054	1207	1060
1034	1061	1042
792	812	922
812	863	922
863	962	922
670	817	704
673	709	693
673	748	709
709	743	693
701	839	721
839	862	721
862	741	721
839	893	862
893	990	862
893	1039	990
1039	1215	990
1039	1110	1215
1110	1277	1215
707	788	829
788	936	829
788	904	936
904	1022	936
713	785	739
722	878	900
729	853	846
853	890	846
853	982	890
853	868	982
853	826	868
853	729	826
736	889	750
889	752	750
738	804	807
738	705	804
705	809	804
809	834	804
834	937	804
937	807	804
937	836	807
937	930	836
930	755	836
930	873	755
801	848	920
848	931	920
931	1122	920
1122	1111	920
1122	1190	1111
1190	1250	1111
1250	1082	1111
1250	1290	1082
1250	1320	1290
1320	1454	1290
1454	1433	1290
1454	1515	1433
1515	1571	1433
1454	1513	1515
1454	1397	1513
1454	1320	1397
1320	1337	1397
1337	1362	1397
1362	1407	1397
1250	1190	1320
931	1130	1122
931	1067	1130
1067	1134	1130
1067	1149	1134
1067	1011	1149
1011	1112	1149
1112	1304	1149
1067	865	1011
865	905	1011
1067	931	865
931	880	865
931	848	880
816	896	948
896	944	948
944	998	948
896	938	944
948	935	816
948	1037	935
843	985	973
985	1018	973
864	950	916
882	1070	1036
902	991	946
946	947	902
947	885	902
885	945	902
945	991	902
945	1056	991
1056	1092	991
1056	1093	1092
1093	1204	1092
1204	1164	1092
1204	1226	1164
1093	1276	1204
1276	1285	1204
1276	1333	1285
1276	1335	1333
1335	1396	1333
1335	1438	1396
1438	1451	1396
1335	1465	1438
1335	1303	1465
1335	1294	1303
1294	1224	1303
1294	1090	1224
1090	1044	1224
1090	1016	1044
1090	1048	1016
1048	981	1016
1294	1256	1090
1294	1335	1256
1335	1276	1256
1056	1048	1093
910	1015	1073
1015	1159	1073
1159	1310	1073
1310	1308	1073
1310	1450	1308
1015	1152	1159
1152	1242	1159
1152	1189	1242
1189	1238	1242
925	976	960
976	1078	960
1078	983	960
1078	1115	983
1115	1091	983
1091	1000	983
1000	934	983
1091	1098	1000
1115	1136	1091
1115	1271	1136
976	1049	1078
1049	1244	1078
960	795	925
977	1050	1116
1116	959	977
1050	1167	1116
1167	1214	1116
1214	1181	1116
1167	1341	1214
1167	1247	1341
1009	1147	1099
1010	1045	1216
1045	1156	1216
1156	1217	1216
1045	1085	1156
1085	1101	1156
1012	1246	1026
1026	787	1012
1026	908	787
1246	1240	1026
1240	1102	1026
1240	1273	1102
1246	1327	1240
1019	1095	1145
1071	1376	1284
1284	1070	1071
1284	1206	1070
1376	1385	1284
1376	1521	1385
1376	1545	1521
1376	1501	1545
1501	1617	1545
1501	1616	1617
1501	1449	1616
1449	1656	1616
1656	1739	1616
1656	1670	1739
1656	1449	1670
1449	1493	1670
1501	1412	1449
1501	1376	1412
1376	1141	1412
1094	1143	1202
1109	1121	1263
1119	1166	1223
1166	1278	1223
1166	1365	1278
1365	1514	1278
1166	1191	1365
1191	1391	1365
1166	1102	1191
1119	1002	1166
1127	1146	1298
1161	1306	1359
1359	1387	1161
1306	1468	1359
1306	1436	1468
1436	1575	1468
1184	1305	1198
1305	1239	1198
1203	1314	1299
1228	1406	1241
1406	1291	1241
1232	1420	1389
1420	1592	1389
1592	1504	1389
1504	1474	1389
1592	1773	1504
1389	1264	1232
1249	1255	1414
1255	1394	1414
1394	1503	1414
1503	1612	1414
1612	1547	1414
1547	1494	1414
1494	1249	1414
1547	1623	1494
1547	1687	1623
1547	1621	1687
1547	1612	1621
1612	1714	1621
1714	1792	1621
1792	1856	1621
1612	1723	1714
1612	1538	1723
1538	1694	1723
1694	1741	1723
1741	1831	1723
1538	1548	1694
1548	1647	1694
1612	1503	1538
1261	1467	1402
1268	1342	1326
1342	1423	1326
1270	1351	1400
1351	1405	1400
1405	1523	1400
1523	1403	1400
1403	1270	1400
1523	1535	1403
1523	1646	1535
1523	1735	1646
1735	1826	1646
1735	1854	1826
1854	1934	1826
1854	1888	1934
1405	1508	1523
1405	1398	1508
1405	1351	1398
1351	1369	1398
1330	1486	1442
1442	1277	1330
1334	1378	1426
1334	1224	1378
1344	1480	1361
1480	1444	1361
1444	1350	1361
1344	1368	1480
1368	1443	1480
1348	1553	1418
1348	1566	1553
1348	1495	1566
1354	1461	1356
1367	1392	1470
1392	1439	1470
1439	1464	1470
1464	1601	1470
1373	1456	1500
1456	1541	1500
1456	1557	1541
1424	1459	1613
1613	1483	1424
1425	1568	1608
1425	1308	1568
1440	1492	1540
1492	1482	1540
1447	1619	1585
1619	1697	1585
1697	1762	1585
1762	1544	1585
1544	1448	1585
1448	1314	1585
1314	1447	1585
1544	1499	1448
1697	1897	1762
1697	1818	1897
1818	1951	1897
1818	1967	1951
1967	2116	1951
2116	2066	1951
1967	1981	2116
1981	2023	2116
2023	2091	2116
2091	2180	2116
2091	2206	2180
2206	2403	2180
2403	2309	2180
2403	2477	2309
2403	2422	2477
2422	2713	2477
2713	2783	2477
2783	2693	2477
2693	2662	2477
2693	2696	2662
2696	2509	2662
2696	2525	2509
2525	2417	2509
2525	2378	2417
2525	2460	2378
2460	2351	2378
2351	2288	2378
2460	2412	2351
2412	2381	2351
2412	2490	2381
2412	2460	2490
2713	2794	2783
2422	2473	2713
2473	2669	2713
2669	2795	2713
2422	2408	2473
2408	2387	2473
2387	2371	2473
2387	2158	2371
2158	2337	2371
2387	2186	2158
2186	2022	2158
2022	2009	2158
2009	2061	2158
2009	1936	2061
1936	2075	2061
1936	1944	2075
1936	1839	1944
1839	1699	1944
2022	1933	2009
2186	2091	2022
2186	2206	2091
1967	1790	1981
1967	1818	1790
1818	1697	1790
1477	1563	1567
1567	1626	1477
1567	1633	1626
1567	1681	1633
1567	1609	1681
1609	1651	1681
1609	1507	1651
1507	1625	1651
1609	1563	1507
1563	1477	1507
1609	1567	1563
1487	1637	1722
1637	1820	1722
1489	1652	1676
1652	1757	1676
1757	1724	1676
1498	1604	1519
1604	1733	1519
1733	1520	1519
1733	1729	1520
1729	1703	1520
1703	1593	1520
1729	1738	1703
1729	1853	1738
1729	1733	1853
1502	1641	1631
1641	1774	1631
1774	1669	1631
1509	1564	1588
1524	1640	1565
1533	1570	1639
1570	1759	1639
1759	1808	1639
1570	1586	1759
1639	1600	1533
1600	1461	1533
1550	1665	1720
1720	1642	1550
1555	1582	1695
1556	1643	1825
1643	1931	1825
1931	1921	1825
1583	1716	1696
1716	1721	1696
1721	1701	1696
1701	1557	1696
1557	1583	1696
1605	1682	1614
1682	1620	1614
1682	1745	1620
1745	1715	1620
1745	1732	1715
1732	1655	1715
1655	1571	1715
1655	1654	1571
1682	1803	1745
1803	1816	1745
1605	1649	1682
1615	1813	1847
1813	1875	1847
1875	1912	1847
1912	1932	1847
1912	2089	1932
1875	1928	1912
1847	1575	1615
1659	1797	1712
1659	1762	1797
1660	1788	1719
1667	1791	1698
1791	1833	1698
1833	1683	1698
1791	1895	1833
1895	1997	1833
1895	1954	1997
1954	2109	1997
1954	2005	2109
2005	2173	2109
2173	2187	2109
2187	2283	2109
2283	2271	2109
2283	2330	2271
2330	2345	2271
2345	2339	2271
2339	2294	2271
2339	2300	2294
2300	2264	2294
2300	2299	2264
2299	2275	2264
2275	2225	2264
2225	2075	2264
2225	2250	2075
2225	2299	2250
2225	2275	2299
2345	2512	2339
2345	2353	2512
2345	2330	2353
1954	1961	2005
1961	1980	2005
1961	1942	1980
1942	1904	1980
1904	1929	1980
1929	2057	1980
1929	2063	2057
2063	2125	2057
2125	2244	2057
2063	1941	2125
2063	1929	1941
1929	1845	1941
1845	1844	1941
1844	1962	1941
1844	1911	1962
1911	1998	1962
1998	2213	1962
1929	1904	1845
1942	1961	1904
1954	1761	1961
1671	1860	1725
1671	1836	1860
1836	1915	1860
1680	1789	1705
1705	1464	1680
1689	1771	1749
1707	1708	1775
1708	1850	1775
1850	1899	1775
1899	1780	1775
1780	1707	1775
1780	1625	1707
1710	1768	1727
1737	1770	1829
1770	1835	1829
1835	1982	1829
1982	1883	1829
1883	1737	1829
1982	1976	1883
1982	2126	1976
2126	2064	1976
2126	2121	2064
1982	2093	2126
1740	1785	1766
1740	1891	1785
1743	1881	1753
1881	1927	1753
1927	1894	1753
1927	1964	1894
1964	1996	1894
1996	1960	1894
1996	2195	1960
2195	2157	1960
2157	2069	1960
2069	1910	1960
2069	1880	1910
2157	2149	2069
2157	2326	2149
1927	1881	1964
1881	2046	1964
1746	1861	1886
1886	1865	1746
1886	1992	1865
1992	2029	1865
1992	2085	2029
2085	2159	2029
1992	2143	2085
2143	2211	2085
1751	1754	1784
1754	1786	1784
1786	1926	1784
1763	1902	1807
1764	1867	1781
1801	1914	1840
1805	1811	1859
1811	1906	1859
1812	1830	1946
1812	1732	1830
1814	1991	1985
1991	2148	1985
1991	2068	2148
1821	1952	2001
1952	2092	2001
1952	1946	2092
1823	1905	1900
1905	1939	1900
1827	1862	1901
1901	1945	1827
1834	1947	1988
1988	1957	1834
1957	1739	1834
1988	2049	1957
2049	2088	1957
2049	2050	2088
2049	1988	2050
1988	1947	2050
1841	2074	2027
2074	2084	2027
2084	2204	2027
2027	1831	1841
1852	1898	1955
1858	1903	1876
1866	2047	1887
2047	1905	1887
1870	2010	2004
2010	2040	2004
2004	1862	1870
1871	1949	2072
1949	2133	2072
2133	2183	2072
2133	2151	2183
2151	2209	2183
2209	2367	2183
2367	2410	2183
2410	2370	2183
2410	2461	2370
2461	2494	2370
2494	2346	2370
2494	2448	2346
2448	2425	2346
2425	2364	2346
2425	2457	2364
2425	2446	2457
2446	2692	2457
2692	2654	2457
2654	2568	2457
2692	2866	2654
2446	2575	2692
2446	2448	2575
2448	2494	2575
2494	2507	2575
2494	2461	2507
2446	2425	2448
2410	2442	2461
2410	2367	2442
2367	2612	2442
2367	2436	2612
2367	2350	2436
2367	2209	2350
2209	2181	2350
2181	2306	2350
2133	2003	2151
2133	1949	2003
1874	2041	1993
1878	2002	2012
2002	2106	2012
2002	2011	2106
2012	1963	1878
1963	1930	1878
1963	1924	1930
1879	2014	2026
2014	2052	2026
2052	2122	2026
1882	1975	1922
1889	1937	2054
1937	2102	2054
2102	2062	2054
2062	2032	2054
2032	1889	2054
2032	1914	1889
1937	2096	2102
1937	2087	2096
1908	2094	1968
2094	2031	1968
1919	1950	1959
1959	1935	1919
1959	2077	1935
1959	2202	2077
2202	2280	2077
2202	2301	2280
2301	2520	2280
2301	2313	2520
1959	2016	2202
2016	2028	2202
2016	1995	2028
1995	2059	2028
2059	2272	2028
2059	2245	2272
2059	2135	2245
2059	2036	2135
2059	1995	2036
1995	1853	2036
2016	1950	1995
2016	1959	1950
1948	1989	2056
1989	2108	2056
2108	2128	2056
2128	2135	2056
2108	2214	2128
1989	1921	2108
1921	2110	2108
1953	2024	1965
2024	2095	1965
2095	1975	1965
2024	2033	2095
2033	2168	2095
2033	2132	2168
1956	1970	2038
1956	1926	1970
1966	2000	1987
2000	2119	1987
1977	2025	2152
1977	1915	2025
1915	2037	2025
2152	1998	1977
1979	2030	2020
2030	2018	2020
2030	2138	2018
2030	2175	2138
2175	2228	2138
2175	2278	2228
2278	2281	2228
2175	2316	2278
2175	2305	2316
2305	2489	2316
2305	2482	2489
2175	2172	2305
2172	2230	2305
2175	2030	2172
2030	2090	2172
1983	1999	2067
1999	2083	2067
2083	2176	2067
2083	2115	2176
1984	2015	2008
2015	2118	2008
2118	1928	2008
2015	2231	2118
2231	2295	2118
2231	2342	2295
2342	2398	2295
2342	2557	2398
2557	2549	2398
2342	2492	2557
2492	2558	2557
2558	2819	2557
2558	2779	2819
2779	2886	2819
2886	2932	2819
2932	2948	2819
2948	2942	2819
2942	2780	2819
2942	2808	2780
2942	2961	2808
2961	3011	2808
3011	2945	2808
3011	3032	2945
3032	2924	2945
3011	3119	3032
3011	3012	3119
3011	2961	3012
2961	2942	3012
2942	2948	3012
2886	3080	2932
2886	2913	3080
2913	3113	3080
2886	2779	2913
2492	2594	2558
2492	2463	2594
2492	2269	2463
2492	2342	2269
2006	2034	2114
2006	1955	2034
2034	2191	2114
2191	2193	2114
2193	2276	2114
2276	2113	2114
2113	2006	2114
2276	2154	2113
2276	2323	2154
2276	2321	2323
2321	2475	2323
2475	2390	2323
2390	2391	2323
2321	2416	2475
2276	2193	2321
2193	2191	2321
2021	2076	2105
2105	2115	2021
2035	2156	2078
2045	2208	2221
2221	2068	2045
2058	2120	2144
2120	2179	2144
2179	2237	2144
2179	2205	2237
2205	2273	2237
2273	2357	2237
2357	2355	2237
2357	2526	2355
2526	2468	2355
2468	2430	2355
2468	2526	2430
2526	2685	2430
2685	2443	2430
2685	2681	2443
2681	2653	2443
2653	2501	2443
2501	2332	2443
2501	2296	2332
2296	2226	2332
2226	2192	2332
2296	2190	2226
2296	2287	2190
2287	2268	2190
2268	2217	2190
2268	2242	2217
2242	2050	2217
2268	2415	2242
2268	2287	2415
2287	2506	2415
2506	2594	2415
2287	2296	2506
2296	2501	2506
2501	2625	2506
2501	2653	2625
2653	2852	2625
2852	2823	2625
2852	2967	2823
2967	2986	2823
2852	3076	2967
2653	2681	2852
2681	2769	2852
2681	2685	2769
2357	2474	2526
2357	2273	2474
2205	2204	2273
2205	2179	2204
2179	2120	2204
2065	2218	2194
2065	2078	2218
2218	2420	2194
2420	2261	2194
2420	2541	2261
2420	2538	2541
2538	2639	2541
2538	2767	2639
2420	2464	2538
2420	2376	2464
2420	2218	2376
2070	2139	2098
2081	2136	2137
2097	2171	2229
2171	2222	2229
2107	2289	2329
2124	2184	2166
2124	2185	2184
2185	2233	2184
2233	2431	2184
2431	2166	2184
2129	2235	2241
2241	2293	2129
2241	2341	2293
2341	2426	2293
2426	2333	2293
2426	2618	2333
2618	2539	2333
2539	2440	2333
2618	2708	2539
2708	2676	2539
2618	2737	2708
2618	2608	2737
2608	2876	2737
2608	2781	2876
2781	2938	2876
2938	3021	2876
2938	2978	3021
2978	3091	3021
3091	2996	3021
3091	3134	2996
3134	2966	2996
2966	2865	2996
3134	3191	2966
3191	3192	2966
3192	3029	2966
3029	2973	2966
2973	2940	2966
3192	3111	3029
3191	3316	3192
3316	3243	3192
3316	3339	3243
3316	3454	3339
3454	3461	3339
3454	3557	3461
3557	3481	3461
3481	3529	3461
3529	3412	3461
3481	3557	3529
3454	3677	3557
3677	3656	3557
3316	3442	3454
3316	3426	3442
3316	3313	3426
3313	3364	3426
3313	3300	3364
3300	3317	3364
3317	3504	3364
3317	3410	3504
3410	3516	3504
3410	3502	3516
3502	3642	3516
3410	3329	3502
3329	3385	3502
3329	3289	3385
3410	3270	3329
3270	3204	3329
3270	3144	3204
3144	3027	3204
3027	3051	3204
3027	2974	3051
3027	2978	2974
2978	2883	2974
2978	2938	2883
2938	2781	2883
2781	2728	2883
2728	2739	2883
2728	2533	2739
2533	2698	2739
2533	2450	2698
2450	2562	2698
2450	2429	2562
2429	2360	2562
2360	2565	2562
2429	2327	2360
2327	2249	2360
2327	2341	2249
2341	2235	2249
2341	2241	2235
2327	2379	2341
2379	2533	2341
2533	2532	2341
2532	2426	2341
2532	2608	2426
2608	2618	2426
2532	2711	2608
2711	2781	2608
2711	2728	2781
2711	2533	2728
2711	2532	2533
2379	2450	2533
2379	2429	2450
2379	2327	2429
3027	3144	2978
3144	3091	2978
3144	3185	3091
3185	3134	3091
3185	3191	3134
3185	3313	3191
3313	3316	3191
3185	3300	3313
3185	3144	3300
3144	3317	3300
3144	3270	3317
3270	3410	3317
2131	2200	2216
2131	2046	2200
2200	2396	2216
2396	2328	2216
2396	2513	2328
2513	2553	2328
2553	2579	2328
2553	2643	2579
2643	2741	2579
2643	2804	2741
2643	2845	2804
2643	2870	2845
2870	3007	2845
2870	3040	3007
2553	2570	2643
2553	2513	2570
2513	2396	2570
2396	2581	2570
2200	2261	2396
2134	2215	2223
2215	2304	2223
2215	2236	2304
2140	2274	2260
2274	2335	2260
2146	2308	2182
2308	2279	2182
2308	2418	2279
2418	2471	2279
2471	2453	2279
2471	2548	2453
2471	2655	2548
2655	2700	2548
2471	2529	2655
2529	2721	2655
2529	2511	2721
2529	2480	2511
2529	2418	2480
2529	2471	2418
2147	2160	2232
2150	2239	2212
2239	2297	2212
2153	2266	2246
2266	2267	2246
2267	2199	2246
2199	2153	2246
2196	2207	2322
2207	2377	2322
2377	2498	2322
2498	2331	2322
2331	2196	2322
2377	2516	2498
2516	2686	2498
2516	2673	2686
2673	2754	2686
2754	2784	2686
2784	2786	2686
2786	2729	2686
2729	2590	2686
2590	2554	2686
2590	2641	2554
2590	2729	2641
2754	2836	2784
2377	2454	2516
2454	2596	2516
2203	2380	2251
2210	2384	2388
2384	2411	2388
2411	2445	2388
2411	2629	2445
2411	2648	2629
2648	2793	2629
2793	2677	2629
2677	2535	2629
2793	2818	2677
2793	2890	2818
2890	2937	2818
2793	2922	2890
2922	3038	2890
2922	2939	3038
2939	2949	3038
2949	3207	3038
2939	2851	2949
2851	2860	2949
2860	3023	2949
2851	2757	2860
2757	2638	2860
2638	2627	2860
2627	2705	2860
2627	2600	2705
2600	2619	2705
2619	2667	2705
2667	2844	2705
2619	2490	2667
2619	2546	2490
2619	2600	2546
2600	2582	2546
2582	2409	2546
2582	2397	2409
2600	2627	2582
2627	2638	2582
2757	2706	2638
2757	2648	2706
2648	2574	2706
2648	2411	2574
2411	2384	2574
2384	2500	2574
2757	2793	2648
2757	2922	2793
2757	2939	2922
2757	2851	2939
2224	2432	2262
2432	2441	2262
2432	2478	2441
2478	2517	2441
2432	2391	2478
2432	2224	2391
2254	2298	2354
2258	2363	2402
2402	2352	2258
2363	2407	2402
2407	2481	2402
2407	2604	2481
2604	2572	2481
2604	2671	2572
2671	2772	2572
2772	2588	2572
2671	2774	2772
2671	2609	2774
2609	2687	2774
2687	2756	2774
2756	2816	2774
2756	2802	2816
2802	3028	2816
2756	2703	2802
2703	2688	2802
2688	2647	2802
2688	2602	2647
2688	2649	2602
2649	2607	2602
2649	2687	2607
2687	2609	2607
2649	2688	2687
2688	2703	2687
2703	2756	2687
2671	2604	2609
2604	2407	2609
2363	2369	2407
2258	2211	2363
2265	2394	2320
2320	2126	2265
2320	2349	2126
2320	2405	2349
2405	2424	2349
2320	2394	2405
2270	2385	2303
2270	2399	2385
2270	2497	2399
2285	2314	2325
2325	2292	2285
2325	2393	2292
2393	2465	2292
2465	2319	2292
2465	2361	2319
2465	2543	2361
2465	2569	2543
2569	2603	2543
2569	2628	2603
2628	2755	2603
2628	2764	2755
2569	2465	2628
2393	2458	2465
2393	2386	2458
2386	2560	2458
2560	2614	2458
2560	2752	2614
2560	2724	2752
2560	2510	2724
2560	2386	2510
2386	2382	2510
2386	2314	2382
2314	2291	2382
2314	2285	2291
2386	2325	2314
2386	2393	2325
2286	2334	2372
2286	2326	2334
2326	2356	2334
2356	2479	2334
2479	2372	2334
2479	2421	2372
2479	2555	2421
2317	2444	2340
2336	2455	2438
2365	2487	2466
2365	2540	2487
2365	2383	2540
2392	2470	2514
2400	2550	2586
2419	2496	2545
2435	2632	2636
2632	2761	2636
2632	2785	2761
2785	2807	2761
2807	2882	2761
2632	2616	2785
2616	2701	2785
2701	2806	2785
2701	2759	2806
2452	2598	2551
2452	2659	2598
2485	2679	2606
2679	2753	2606
2753	2795	2606
2753	2979	2795
2979	2999	2795
2999	2917	2795
2979	3114	2999
2488	2622	2635
2491	2544	2599
2495	2645	2651
2645	2880	2651
2880	2767	2651
2502	2626	2583
2583	2624	2502
2503	2621	2644
2519	2528	2682
2528	2520	2682
2521	2597	2584
2527	2577	2656
2527	2431	2577
2559	2561	2689
2559	2444	2561
2563	2770	2749
2563	2810	2770
2563	2586	2810
2586	2745	2810
2745	2863	2810
2745	2946	2863
2745	2796	2946
2745	2684	2796
2573	2634	2768
2580	2716	2605
2580	2835	2716
2835	2871	2716
2835	2926	2871
2926	2941	2871
2835	2915	2926
2580	2585	2835
2589	2660	2661
2660	2765	2661
2660	2788	2765
2591	2734	2633
2633	2597	2591
2593	2742	2658
2742	2773	2658
2773	2787	2658
2787	2702	2658
2787	2766	2702
2766	2724	2702
2787	2859	2766
2787	2826	2859
2826	3016	2859
3016	3067	2859
3016	3139	3067
3139	3218	3067
3218	3130	3067
3139	3281	3218
2826	2955	3016
2787	2773	2826
2773	2791	2826
2610	2799	2738
2799	2929	2738
2799	2928	2929
2610	2535	2799
2610	2434	2535
2615	2657	2663
2657	2900	2663
2657	2854	2900
2854	2980	2900
2854	2891	2980
2891	3125	2980
3125	3097	2980
2891	3013	3125
3013	3078	3125
2891	2904	3013
2663	2455	2615
2620	2834	2847
2642	2872	2710
2646	2731	2730
2650	2849	2690
2690	2612	2650
2690	2637	2612
2674	2750	2714
2674	2718	2750
2680	2732	2758
2732	2792	2758
2732	2874	2792
2694	2868	2944
2697	2746	2817
2746	2887	2817
2746	2777	2887
2712	2727	2790
2727	2958	2790
2727	2968	2958
2727	2965	2968
2720	2838	2812
2838	3003	2812
2733	2798	2740
2744	2840	2782
2782	2682	2744
2840	2899	2782
2899	2912	2782
2899	3074	2912
2747	2842	3014
2842	3075	3014
3075	3141	3014
2842	3068	3075
2842	3046	3068
2842	3037	3046
2760	2881	2831
2881	2921	2831
2921	2919	2831
2919	2888	2831
2888	2656	2831
2919	3106	2888
2919	3109	3106
3109	3120	3106
3120	3197	3106
3120	3235	3197
2919	2921	3109
2881	2866	2921
2881	2856	2866
2881	2760	2856
2763	2962	2813
2813	2727	2763
2962	2965	2813
2797	2824	2861
2822	2927	2878
2878	2764	2822
2927	3009	2878
2927	3082	3009
3082	3105	3009
3105	3035	3009
2822	2752	2927
2829	2830	2988
2829	2525	2830
2988	3022	2829
3022	2844	2829
3022	3121	2844
3022	3280	3121
3280	3261	3121
3280	3303	3261
3303	3452	3261
3452	3402	3261
3452	3472	3402
3472	3560	3402
3560	3566	3402
3566	3489	3402
3560	3752	3566
3472	3452	3560
3452	3565	3560
3280	3330	3303
2988	3018	3022
2833	2846	2858
2858	2875	2833
2875	2772	2833
2858	2995	2875
2995	2983	2875
2983	2908	2875
2995	3171	2983
3171	3159	2983
3171	3319	3159
3171	3344	3319
3344	3379	3319
3379	3457	3319
3457	3400	3319
3379	3398	3457
3398	3468	3457
3379	3344	3398
3171	3132	3344
3171	2995	3132
2857	2963	2911
2857	2957	2963
2957	3049	2963
3049	3059	2963
3059	3031	2963
3031	2911	2963
3031	3030	2911
3059	3217	3031
3049	3212	3059
3049	3026	3212
3026	3209	3212
3209	3324	3212
3324	3249	3212
3324	3286	3249
3324	3378	3286
3378	3354	3286
3354	3323	3286
3323	3217	3286
3323	3201	3217
3323	3237	3201
3323	3373	3237
3373	3275	3237
3275	3194	3237
3275	3234	3194
3234	3193	3194
3234	3167	3193
3373	3399	3275
3373	3459	3399
3373	3374	3459
3374	3511	3459
3511	3514	3459
3511	3534	3514
3511	3620	3534
3620	3671	3534
3620	3706	3671
3706	3855	3671
3855	3729	3671
3729	3663	3671
3729	3666	3663
3729	3681	3666
3729	3793	3681
3729	3871	3793
3871	3908	3793
3729	3855	3871
3706	3740	3855
3740	3864	3855
3706	3620	3740
3511	3518	3620
3373	3323	3374
3323	3354	3374
3324	3357	3378
3357	3439	3378
3324	3209	3357
3209	3251	3357
3209	3149	3251
3049	2957	3026
2869	2992	2910
2992	3123	2910
3123	2951	2910
2992	3140	3123
3140	3160	3123
3160	3231	3123
3231	3169	3123
3160	3293	3231
3293	3392	3231
3392	3307	3231
3392	3408	3307
3408	3358	3307
3358	3297	3307
3392	3427	3408
3392	3447	3427
3447	3523	3427
3447	3496	3523
3496	3553	3523
3553	3606	3523
3606	3543	3523
3543	3494	3523
3543	3478	3494
3543	3525	3478
3525	3375	3478
3543	3601	3525
3543	3628	3601
3628	3684	3601
3684	3613	3601
3684	3679	3613
3679	3645	3613
3679	3719	3645
3719	3724	3645
3719	3787	3724
3787	3756	3724
3756	3741	3724
3756	3792	3741
3792	3707	3741
3756	3863	3792
3863	3848	3792
3848	3827	3792
3848	3883	3827
3883	3816	3827
3883	3961	3816
3883	3945	3961
3945	4053	3961
4053	4067	3961
4067	4059	3961
4059	4041	3961
4059	4127	4041
4127	4054	4041
4054	3947	4041
4054	4034	3947
4034	3972	3947
3972	3870	3947
3870	3867	3947
3972	3970	3870
3972	4034	3970
4034	4073	3970
4073	4026	3970
4026	3971	3970
3971	3868	3970
3971	3999	3868
3999	3944	3868
3944	3847	3868
3847	3734	3868
3734	3728	3868
3734	3687	3728
3734	3693	3687
3734	3847	3693
3944	3910	3847
3910	3771	3847
3910	3817	3771
3817	3781	3771
3817	3919	3781
3817	3968	3919
3817	3910	3968
3910	3986	3968
3986	4004	3968
4004	4085	3968
4004	4112	4085
4112	4141	4085
4141	4181	4085
4181	4111	4085
4141	4280	4181
4141	4273	4280
4273	4330	4280
4330	4374	4280
4330	4441	4374
4441	4482	4374
4482	4500	4374
4500	4408	4374
4408	4281	4374
4408	4302	4281
4408	4380	4302
4408	4427	4380
4427	4395	4380
4427	4426	4395
4426	4338	4395
4338	4284	4395
4426	4456	4338
4456	4307	4338
4456	4362	4307
4362	4219	4307
4219	4212	4307
4219	4153	4212
4153	4148	4212
4148	4119	4212
4119	4284	4212
4119	4214	4284
4214	4253	4284
4148	3966	4119
3966	3995	4119
3966	3933	3995
3933	3919	3995
3966	3830	3933
4362	4266	4219
4266	4101	4219
4362	4350	4266
4350	4363	4266
4350	4464	4363
4464	4455	4363
4455	4358	4363
4455	4445	4358
4445	4360	4358
4360	4285	4358
4360	4263	4285
4360	4368	4263
4360	4445	4368
4445	4541	4368
4541	4473	4368
4541	4592	4473
4592	4492	4473
4592	4627	4492
4592	4676	4627
4592	4694	4676
4694	4733	4676
4733	4824	4676
4733	4840	4824
4840	4902	4824
4902	4830	4824
4830	4781	4824
4830	4864	4781
4864	4795	4781
4795	4716	4781
4795	4769	4716
4769	4641	4716
4769	4680	4641
4680	4650	4641
4650	4550	4641
4550	4571	4641
4550	4501	4571
4650	4637	4550
4650	4686	4637
4686	4722	4637
4722	4703	4637
4703	4635	4637
4703	4613	4635
4613	4586	4635
4613	4565	4586
4565	4508	4586
4508	4451	4586
4508	4488	4451
4488	4377	4451
4488	4369	4377
4369	4286	4377
4369	4237	4286
4237	4173	4286
4173	4125	4286
4237	4113	4173
4113	3942	4173
3942	3939	4173
3942	3772	3939
3942	3769	3772
3769	3721	3772
3721	3660	3772
3721	3593	3660
3593	3607	3660
3607	3609	3660
3607	3582	3609
3607	3400	3582
3607	3438	3400
3438	3405	3400
3438	3360	3405
3607	3593	3438
3721	3714	3593
3721	3754	3714
3754	3878	3714
3878	3632	3714
3878	3644	3632
3644	3615	3632
3754	3942	3878
3942	4069	3878
3942	4102	4069
4102	4139	4069
4139	4079	4069
4139	4318	4079
4102	4113	4139
4102	3942	4113
3754	3769	3942
3754	3721	3769
4508	4555	4488
4508	4565	4555
4565	4613	4555
4613	4614	4555
4614	4518	4555
4614	4552	4518
4614	4616	4552
4614	4678	4616
4678	4649	4616
4649	4617	4616
4617	4583	4616
4583	4522	4616
4583	4477	4522
4477	4467	4522
4467	4406	4522
4406	4399	4522
4399	4411	4522
4399	4270	4411
4270	4318	4411
4399	4288	4270
4288	4238	4270
4238	4132	4270
4132	4079	4270
4238	4194	4132
4238	4274	4194
4274	4182	4194
4238	4288	4274
4288	4406	4274
4288	4399	4406
4477	4461	4467
4477	4524	4461
4477	4583	4524
4583	4617	4524
4617	4652	4524
4652	4684	4524
4652	4683	4684
4683	4749	4684
4749	4713	4684
4713	4585	4684
4713	4659	4585
4659	4603	4585
4659	4674	4603
4674	4520	4603
4520	4483	4603
4520	4476	4483
4674	4669	4520
4674	4738	4669
4674	4783	4738
4783	4811	4738
4811	4772	4738
4811	4796	4772
4796	4841	4772
4796	4852	4841
4852	4893	4841
4893	4884	4841
4884	4860	4841
4860	4843	4841
4843	4709	4841
4843	4759	4709
4759	4724	4709
4724	4607	4709
4724	4619	4607
4724	4735	4619
4735	4655	4619
4655	4528	4619
4655	4572	4528
4572	4513	4528
4513	4376	4528
4513	4371	4376
4513	4428	4371
4513	4440	4428
4440	4373	4428
4440	4382	4373
4382	4356	4373
4356	4222	4373
4356	4292	4222
4440	4505	4382
4440	4572	4505
4572	4598	4505
4598	4553	4505
4553	4475	4505
4553	4533	4475
4533	4493	4475
4493	4446	4475
4493	4510	4446
4510	4438	4446
4493	4564	4510
4564	4648	4510
4564	4624	4648
4624	4681	4648
4681	4697	4648
4697	4700	4648
4700	4654	4648
4700	4711	4654
4711	4660	4654
4711	4718	4660
4718	4701	4660
4701	4632	4660
4632	4535	4660
4535	4480	4660
4632	4595	4535
4632	4634	4595
4634	4653	4595
4653	4542	4595
4653	4642	4542
4642	4527	4542
4642	4602	4527
4602	4504	4527
4602	4465	4504
4642	4651	4602
4651	4685	4602
4651	4732	4685
4732	4766	4685
4766	4803	4685
4803	4753	4685
4753	4704	4685
4753	4743	4704
4753	4823	4743
4823	4807	4743
4823	4900	4807
4900	4871	4807
4900	4980	4871
4980	4929	4871
4929	4885	4871
4929	4964	4885
4964	4906	4885
4906	4833	4885
4964	4946	4906
4946	4922	4906
4946	4903	4922
4946	5001	4903
5001	4992	4903
4992	4967	4903
4967	4940	4903
4940	4894	4903
4894	4863	4903
4863	4831	4903
4863	4817	4831
4817	4737	4831
4737	4710	4831
4710	4754	4831
4737	4625	4710
4625	4682	4710
4737	4666	4625
4666	4597	4625
4666	4675	4597
4675	4628	4597
4628	4580	4597
4580	4557	4597
4580	4470	4557
4470	4529	4557
4470	4400	4529
4400	4405	4529
4405	4471	4529
4405	4448	4471
4448	4538	4471
4448	4434	4538
4434	4449	4538
4448	4355	4434
4448	4405	4355
4470	4401	4400
4401	4296	4400
4401	4379	4296
4379	4297	4296
4297	4243	4296
4297	4250	4243
4470	4466	4401
4470	4511	4466
4511	4497	4466
4511	4532	4497
4532	4562	4497
4562	4519	4497
4562	4570	4519
4570	4578	4519
4578	4479	4519
4578	4536	4479
4536	4385	4479
4385	4352	4479
4385	4321	4352
4321	4308	4352
4321	4311	4308
4321	4385	4311
4385	4291	4311
4385	4304	4291
4304	4242	4291
4242	4169	4291
4242	4142	4169
4242	4180	4142
4180	4108	4142
4180	4190	4108
4190	4050	4108
4050	3996	4108
4050	3954	3996
3954	3915	3996
3915	3914	3996
3915	3800	3914
4180	4265	4190
4265	4239	4190
4385	4391	4304
4385	4498	4391
4385	4536	4498
4536	4543	4498
4543	4615	4498
4543	4605	4615
4605	4645	4615
4645	4661	4615
4661	4656	4615
4656	4633	4615
4656	4689	4633
4689	4631	4633
4631	4594	4633
4631	4618	4594
4618	4530	4594
4631	4665	4618
4665	4636	4618
4636	4590	4618
4590	4581	4618
4590	4534	4581
4534	4490	4581
4534	4496	4490
4496	4398	4490
4496	4389	4398
4389	4306	4398
4306	4289	4398
4289	4276	4398
4276	4315	4398
4315	4354	4398
4315	4337	4354
4337	4344	4354
4344	4414	4354
4344	4384	4414
4384	4423	4414
4423	4503	4414
4384	4328	4423
4328	4359	4423
4359	4391	4423
4328	4305	4359
4305	4245	4359
4305	4257	4245
4305	4272	4257
4272	4277	4257
4277	4130	4257
4130	4106	4257
4130	4078	4106
4078	4003	4106
4078	4039	4003
4039	3912	4003
3912	3905	4003
4039	4008	3912
4008	3989	3912
3989	3900	3912
3900	3865	3912
3989	3921	3900
3989	4002	3921
4002	3973	3921
3973	3885	3921
3973	3887	3885
3973	4019	3887
4019	3948	3887
4019	4000	3948
4000	4022	3948
4022	3911	3948
4022	3987	3911
3987	3850	3911
3987	3909	3850
3909	3824	3850
3987	3993	3909
3993	3938	3909
3938	3898	3909
3898	3875	3909
3898	3874	3875
3874	3753	3875
3874	3806	3753
3806	3730	3753
3730	3703	3753
3703	3698	3753
3698	3680	3753
3698	3606	3680
3606	3553	3680
3553	3575	3680
3553	3535	3575
3535	3585	3575
3535	3418	3585
3535	3498	3418
3498	3447	3418
3447	3392	3418
3392	3293	3418
3498	3497	3447
3497	3496	3447
3497	3553	3496
3497	3535	3553
3497	3498	3535
3698	3703	3606
3730	3708	3703
3708	3628	3703
3628	3543	3703
3708	3684	3628
3708	3770	3684
3770	3735	3684
3735	3679	3684
3735	3719	3679
3735	3774	3719
3774	3787	3719
3774	3869	3787
3869	3896	3787
3896	3863	3787
3863	3756	3787
3896	4005	3863
4005	3894	3863
3894	3848	3863
3894	3945	3848
3945	3883	3848
3894	4006	3945
4006	4053	3945
4006	4087	4053
4087	4117	4053
4117	4067	4053
4117	4166	4067
4166	4059	4067
4166	4127	4059
4166	4201	4127
4201	4155	4127
4155	4122	4127
4122	4054	4127
4122	4034	4054
4122	4073	4034
4122	4196	4073
4196	4129	4073
4129	4032	4073
4032	4026	4073
4032	3999	4026
3999	3971	4026
4032	4004	3999
4004	3986	3999
3986	3944	3999
3986	3910	3944
4032	4112	4004
4032	4129	4112
4129	4185	4112
4185	4228	4112
4228	4141	4112
4228	4273	4141
4228	4313	4273
4313	4330	4273
4313	4441	4330
4313	4347	4441
4347	4378	4441
4378	4433	4441
4433	4546	4441
4546	4482	4441
4433	4486	4546
4486	4559	4546
4559	4606	4546
4606	4646	4546
4606	4705	4646
4705	4693	4646
4693	4687	4646
4687	4662	4646
4662	4577	4646
4662	4630	4577
4630	4560	4577
4560	4500	4577
4500	4482	4577
4560	4427	4500
4427	4408	4500
4560	4474	4427
4474	4426	4427
4474	4456	4426
4474	4495	4456
4495	4556	4456
4556	4515	4456
4515	4442	4456
4442	4362	4456
4442	4464	4362
4464	4350	4362
4442	4499	4464
4499	4517	4464
4517	4455	4464
4442	4515	4499
4515	4561	4499
4515	4556	4561
4556	4582	4561
4556	4622	4582
4622	4640	4582
4640	4608	4582
4640	4702	4608
4640	4622	4702
4622	4630	4702
4630	4721	4702
4721	4798	4702
4798	4789	4702
4789	4800	4702
4789	4879	4800
4879	4890	4800
4890	4847	4800
4847	4779	4800
4847	4808	4779
4808	4793	4779
4808	4848	4793
4848	4837	4793
4837	4780	4793
4837	4840	4780
4840	4733	4780
4837	4899	4840
4899	4923	4840
4923	4902	4840
4923	4962	4902
4962	4924	4902
4924	4830	4902
4924	4864	4830
4924	4941	4864
4941	4872	4864
4872	4795	4864
4872	4854	4795
4854	4769	4795
4872	4931	4854
4931	4891	4854
4891	4734	4854
4891	4763	4734
4763	4722	4734
4722	4686	4734
4686	4680	4734
4680	4769	4734
4686	4650	4680
4763	4750	4722
4750	4703	4722
4750	4782	4703
4782	4756	4703
4756	4613	4703
4756	4720	4613
4720	4614	4613
4720	4678	4614
4720	4715	4678
4715	4723	4678
4723	4649	4678
4723	4683	4649
4683	4652	4649
4652	4617	4649
4723	4810	4683
4810	4801	4683
4801	4749	4683
4801	4886	4749
4801	4909	4886
4909	4933	4886
4933	4913	4886
4913	4846	4886
4846	4804	4886
4804	4790	4886
4804	4792	4790
4792	4674	4790
4792	4783	4674
4792	4846	4783
4846	4811	4783
4846	4852	4811
4852	4796	4811
4846	4893	4852
4846	4927	4893
4927	4915	4893
4915	4884	4893
4915	4938	4884
4938	4860	4884
4938	4897	4860
4897	4843	4860
4897	4839	4843
4839	4759	4843
4839	4760	4759
4760	4735	4759
4735	4739	4759
4739	4724	4759
4739	4735	4724
4760	4655	4735
4760	4776	4655
4760	4845	4776
4845	4805	4776
4805	4770	4776
4805	4822	4770
4822	4726	4770
4822	4757	4726
4757	4745	4726
4745	4725	4726
4725	4681	4726
4681	4598	4726
4681	4624	4598
4624	4566	4598
4566	4553	4598
4566	4533	4553
4566	4564	4533
4564	4493	4533
4566	4624	4564
4725	4706	4681
4706	4697	4681
4706	4746	4697
4746	4700	4697
4746	4711	4700
4746	4773	4711
4773	4718	4711
4773	4825	4718
4825	4751	4718
4751	4701	4718
4751	4761	4701
4761	4728	4701
4728	4653	4701
4653	4634	4701
4634	4632	4701
4728	4732	4653
4732	4642	4653
4732	4651	4642
4728	4766	4732
4728	4828	4766
4828	4875	4766
4875	4826	4766
4826	4803	4766
4826	4866	4803
4866	4753	4803
4866	4823	4753
4866	4900	4823
4866	4932	4900
4932	4943	4900
4943	4980	4900
4943	4966	4980
4966	5033	4980
5033	5024	4980
5024	5002	4980
5002	4929	4980
5002	4964	4929
5002	5000	4964
5000	4946	4964
5000	5001	4946
5000	5013	5001
5013	5060	5001
5060	5037	5001
5037	4992	5001
5037	4967	4992
5037	5012	4967
5012	4969	4967
4969	4940	4967
4969	4942	4940
4969	4990	4942
4990	4934	4942
4934	4908	4942
4908	4867	4942
4908	4868	4867
4868	4814	4867
4814	4869	4867
4869	4940	4867
4869	4894	4940
4869	4851	4894
4851	4874	4894
4874	4863	4894
4874	4851	4863
4851	4817	4863
4869	4788	4851
4788	4740	4851
4788	4765	4740
4765	4664	4740
4664	4675	4740
4675	4714	4740
4675	4666	4714
4666	4737	4714
4664	4628	4675
4664	4644	4628
4644	4580	4628
4644	4532	4580
4532	4511	4580
4511	4470	4580
4644	4562	4532
4644	4657	4562
4657	4570	4562
4657	4626	4570
4626	4578	4570
4626	4605	4578
4605	4543	4578
4543	4536	4578
4626	4695	4605
4695	4645	4605
4695	4696	4645
4696	4661	4645
4696	4736	4661
4736	4689	4661
4689	4656	4661
4736	4784	4689
4736	4774	4784
4774	4797	4784
4797	4820	4784
4820	4791	4784
4791	4755	4784
4791	4778	4755
4778	4717	4755
4717	4708	4755
4708	4665	4755
4708	4663	4665
4663	4636	4665
4663	4590	4636
4663	4593	4590
4593	4534	4590
4593	4539	4534
4539	4469	4534
4469	4496	4534
4469	4389	4496
4469	4393	4389
4393	4335	4389
4335	4306	4389
4335	4262	4306
4262	4289	4306
4262	4186	4289
4186	4276	4289
4186	4170	4276
4170	4200	4276
4200	4199	4276
4199	4269	4276
4269	4315	4276
4269	4337	4315
4269	4344	4337
4269	4236	4344
4236	4277	4344
4277	4328	4344
4328	4384	4344
4277	4305	4328
4277	4272	4305
4269	4199	4236
4200	4090	4199
4090	4077	4199
4090	4056	4077
4056	4024	4077
4024	4021	4077
4024	3973	4021
3973	4002	4021
4024	4019	3973
4024	4056	4019
4056	4090	4019
4090	4000	4019
4090	4022	4000
4090	4064	4022
4064	3987	4022
4064	4043	3987
4043	3993	3987
4043	4095	3993
4095	4055	3993
4055	3938	3993
4055	4042	3938
4042	3932	3938
3932	3898	3938
3932	3874	3898
3932	3806	3874
3932	3860	3806
3860	3775	3806
3775	3730	3806
3775	3708	3730
3775	3828	3708
3828	3770	3708
3828	3812	3770
3812	3735	3770
3812	3774	3735
3812	3869	3774
3812	3828	3869
3828	3895	3869
3895	3896	3869
3895	4060	3896
4060	4005	3896
4060	4087	4005
4087	4006	4005
4006	3894	4005
4060	4116	4087
4116	4140	4087
4140	4117	4087
4140	4195	4117
4195	4187	4117
4187	4166	4117
4187	4224	4166
4224	4201	4166
4224	4261	4201
4261	4227	4201
4227	4155	4201
4227	4196	4155
4196	4122	4155
4227	4267	4196
4267	4185	4196
4185	4129	4196
4267	4228	4185
4267	4313	4228
4267	4347	4313
4267	4329	4347
4329	4378	4347
4329	4343	4378
4343	4433	4378
4343	4444	4433
4444	4486	4433
4444	4481	4486
4481	4596	4486
4596	4604	4486
4604	4559	4486
4604	4606	4559
4604	4690	4606
4690	4705	4606
4690	4777	4705
4777	4707	4705
4707	4693	4705
4707	4687	4693
4707	4771	4687
4771	4662	4687
4771	4747	4662
4747	4721	4662
4721	4630	4662
4747	4815	4721
4815	4798	4721
4815	4858	4798
4858	4879	4798
4879	4789	4798
4858	4936	4879
4936	4890	4879
4936	4926	4890
4926	4847	4890
4926	4899	4847
4899	4848	4847
4848	4808	4847
4899	4837	4848
4926	4979	4899
4979	4982	4899
4982	4923	4899
4982	4962	4923
4982	4995	4962
4995	4924	4962
4995	4958	4924
4958	4941	4924
4958	4952	4941
4952	4872	4941
4952	4931	4872
4952	4956	4931
4956	4891	4931
4956	4907	4891
4907	4881	4891
4881	4844	4891
4844	4763	4891
4844	4794	4763
4794	4750	4763
4794	4782	4750
4794	4809	4782
4809	4756	4782
4809	4829	4756
4829	4764	4756
4764	4720	4756
4764	4813	4720
4813	4752	4720
4752	4715	4720
4752	4723	4715
4752	4799	4723
4799	4810	4723
4799	4896	4810
4896	4801	4810
4896	4909	4801
4896	4914	4909
4914	4947	4909
4947	4933	4909
4947	4985	4933
4985	4913	4933
4985	4978	4913
4985	4987	4978
4985	5006	4987
4985	4961	5006
4961	4997	5006
4997	5019	5006
4961	4953	4997
4953	4977	4997
4977	5017	4997
4961	4925	4953
4925	4865	4953
4925	4855	4865
4855	4813	4865
4813	4829	4865
4829	4912	4865
4829	4892	4912
4892	4935	4912
4935	4970	4912
4935	4963	4970
4963	4986	4970
4986	4999	4970
4999	5017	4970
4999	5048	5017
5048	5051	5017
5051	5058	5017
5051	5080	5058
5080	5082	5058
5082	5057	5058
5057	5019	5058
5082	5074	5057
5074	5042	5057
5074	5081	5042
5081	5053	5042
5053	5020	5042
5020	5003	5042
5003	4981	5042
5003	4938	4981
4938	4960	4981
4960	4978	4981
4960	4927	4978
4960	4915	4927
4960	4938	4915
5003	4951	4938
4951	4897	4938
4951	4921	4897
4921	4862	4897
4862	4839	4897
4862	4845	4839
4845	4760	4839
4862	4921	4845
4921	4805	4845
4921	4859	4805
4859	4822	4805
4859	4812	4822
4812	4757	4822
4812	4787	4757
4787	4745	4757
4787	4725	4745
4787	4758	4725
4758	4706	4725
4758	4746	4706
4758	4773	4746
4758	4806	4773
4806	4849	4773
4849	4836	4773
4836	4825	4773
4836	4818	4825
4818	4751	4825
4818	4761	4751
4818	4827	4761
4827	4828	4761
4828	4728	4761
4827	4882	4828
4882	4875	4828
4882	4904	4875
4904	4983	4875
4983	4883	4875
4883	4826	4875
4883	4932	4826
4932	4866	4826
4883	4957	4932
4957	4965	4932
4965	4975	4932
4975	4976	4932
4976	4943	4932
4976	4966	4943
4976	5014	4966
5014	5026	4966
5026	5033	4966
5026	5062	5033
5062	5024	5033
5062	5085	5024
5085	5056	5024
5056	5046	5024
5046	5013	5024
5013	5002	5024
5013	5000	5002
5046	5061	5013
5061	5060	5013
5061	5079	5060
5079	5068	5060
5068	5037	5060
5061	5073	5079
5073	5085	5079
5073	5056	5085
5073	5061	5056
5061	5046	5056
5062	5076	5085
5076	5093	5085
5076	5104	5093
5104	5115	5093
5104	5110	5115
5110	5126	5115
5126	5118	5115
5126	5123	5118
5123	5116	5118
5123	5113	5116
5113	5105	5116
5105	5090	5116
5105	5099	5090
5099	5071	5090
5099	5092	5071
5092	5047	5071
5047	5049	5071
5049	5039	5071
5049	5032	5039
5032	5022	5039
5022	5018	5039
5022	5007	5018
5007	4993	5018
4993	4989	5018
4989	5008	5018
5008	5011	5018
5008	4990	5011
4990	4969	5011
4969	5012	5011
5008	4989	4990
4989	4955	4990
4955	4934	4990
4955	4916	4934
4916	4918	4934
4918	4908	4934
4918	4880	4908
4880	4876	4908
4876	4868	4908
4876	4832	4868
4832	4814	4868
4832	4785	4814
4785	4765	4814
4765	4788	4814
4788	4869	4814
4785	4775	4765
4775	4719	4765
4719	4664	4765
4719	4667	4664
4667	4644	4664
4667	4657	4644
4667	4719	4657
4719	4699	4657
4699	4626	4657
4699	4692	4626
4692	4695	4626
4692	4775	4695
4775	4696	4695
4775	4736	4696
4775	4774	4736
4775	4785	4774
4785	4797	4774
4785	4832	4797
4692	4719	4775
4692	4699	4719
4876	4880	4832
4955	4889	4916
4889	4820	4916
4889	4853	4820
4853	4834	4820
4834	4791	4820
4834	4778	4791
4853	4888	4834
4888	4861	4834
4888	4948	4861
4948	4873	4861
4948	4954	4873
4948	4968	4954
4968	4991	4954
4991	4930	4954
4991	5005	4930
5005	4972	4930
4972	4920	4930
4920	4898	4930
4920	4856	4898
4856	4819	4898
4819	4835	4898
4819	4821	4835
4819	4777	4821
4777	4741	4821
4741	4748	4821
4741	4691	4748
4691	4727	4748
4727	4742	4748
4727	4730	4742
4730	4744	4742
4730	4663	4744
4663	4717	4744
4717	4778	4744
4663	4708	4717
4730	4621	4663
4621	4593	4663
4621	4539	4593
4621	4568	4539
4568	4521	4539
4521	4469	4539
4521	4443	4469
4443	4393	4469
4443	4420	4393
4420	4335	4393
4420	4327	4335
4327	4262	4335
4327	4252	4262
4252	4226	4262
4226	4162	4262
4162	4163	4262
4163	4186	4262
4163	4170	4186
4163	4090	4170
4090	4200	4170
4163	4064	4090
4163	4146	4064
4146	4095	4064
4095	4043	4064
4146	4118	4095
4118	4055	4095
4118	4042	4055
4118	4171	4042
4171	4154	4042
4154	4104	4042
4104	4086	4042
4086	3992	4042
3992	3932	4042
3992	3897	3932
3897	3860	3932
3897	3828	3860
3828	3775	3860
3897	3895	3828
3897	3934	3895
3934	4060	3895
3934	3992	4060
3992	4086	4060
4086	4116	4060
4086	4104	4116
4104	4165	4116
4165	4179	4116
4179	4158	4116
4158	4140	4116
4158	4195	4140
4158	4258	4195
4258	4233	4195
4233	4187	4195
4233	4224	4187
4258	4283	4233
4258	4256	4283
4256	4290	4283
4290	4317	4283
4290	4353	4317
4353	4387	4317
4353	4439	4387
4439	4462	4387
4462	4468	4387
4462	4554	4468
4554	4481	4468
4481	4444	4468
4554	4596	4481
4554	4573	4596
4573	4620	4596
4620	4638	4596
4638	4647	4596
4647	4604	4596
4647	4690	4604
4647	4638	4690
4638	4691	4690
4691	4741	4690
4741	4777	4690
4638	4620	4691
4620	4601	4691
4601	4621	4691
4621	4727	4691
4621	4730	4727
4601	4568	4621
4601	4551	4568
4551	4525	4568
4525	4521	4568
4525	4487	4521
4487	4443	4521
4487	4407	4443
4407	4420	4443
4407	4327	4420
4407	4353	4327
4353	4254	4327
4254	4252	4327
4254	4232	4252
4232	4226	4252
4232	4183	4226
4183	4162	4226
4183	4118	4162
4118	4146	4162
4146	4163	4162
4183	4171	4118
4183	4232	4171
4232	4154	4171
4232	4165	4154
4165	4104	4154
4232	4179	4165
4232	4254	4179
4254	4256	4179
4256	4158	4179
4256	4258	4158
4254	4290	4256
4254	4353	4290
4407	4439	4353
4407	4487	4439
4487	4525	4439
4525	4462	4439
4525	4551	4462
4551	4547	4462
4547	4554	4462
4547	4573	4554
4547	4601	4573
4601	4620	4573
4547	4551	4601
3934	3897	3992
4819	4856	4777
4856	4802	4777
4802	4707	4777
4802	4771	4707
4802	4815	4771
4815	4747	4771
4802	4878	4815
4878	4858	4815
4878	4936	4858
4802	4877	4878
4877	4895	4878
4877	4919	4895
4877	4910	4919
4910	4945	4919
4910	4920	4945
4920	4972	4945
4910	4856	4920
4910	4877	4856
4877	4802	4856
5005	5016	4972
5005	5040	5016
5040	5028	5016
5028	4996	5016
5028	5036	4996
5036	5034	4996
5034	4998	4996
4998	4936	4996
4998	4926	4936
4998	4988	4926
4988	4979	4926
4998	5034	4988
5036	5070	5034
5036	5083	5070
5083	5095	5070
5095	5069	5070
5095	5107	5069
5107	5064	5069
5107	5063	5064
5063	5038	5064
5063	5045	5038
5045	4995	5038
4995	4982	5038
5063	5088	5045
5088	5050	5045
5088	5103	5050
5088	5117	5103
5117	5121	5103
5121	5108	5103
5108	5077	5103
5108	5094	5077
5094	5048	5077
5094	5072	5048
5072	5051	5048
5072	5080	5051
5072	5087	5080
5087	5097	5080
5097	5082	5080
5097	5091	5082
5091	5084	5082
5084	5074	5082
5084	5081	5074
5084	5091	5081
5091	5086	5081
5086	5053	5081
5086	5044	5053
5044	5030	5053
5030	5020	5053
5030	5021	5020
5021	4951	5020
4951	5003	5020
5021	4971	4951
4971	4959	4951
4959	4921	4951
4959	4944	4921
4944	4859	4921
4944	4949	4859
4949	4901	4859
4901	4850	4859
4850	4812	4859
4850	4838	4812
4838	4806	4812
4806	4787	4812
4806	4758	4787
4838	4849	4806
4838	4850	4849
4850	4901	4849
4901	4911	4849
4911	4836	4849
4911	4928	4836
4928	4818	4836
4928	4917	4818
4917	4827	4818
4917	4882	4827
4917	4904	4882
4917	4950	4904
4950	4983	4904
4950	4994	4983
4994	5009	4983
5009	5027	4983
5027	5023	4983
5023	4957	4983
4957	4883	4983
5023	4965	4957
5023	4975	4965
5023	5014	4975
5014	4976	4975
5023	5067	5014
5067	5026	5014
5067	5076	5026
5076	5062	5026
5067	5104	5076
5067	5106	5104
5106	5110	5104
5106	5126	5110
5067	5089	5106
5089	5100	5106
5089	5075	5100
5075	5054	5100
5054	5078	5100
5078	5102	5100
5102	5112	5100
5112	5120	5100
5120	5130	5100
5120	5131	5130
5131	5132	5130
5132	5126	5130
5132	5123	5126
5132	5124	5123
5124	5113	5123
5124	5111	5113
5111	5099	5113
5099	5105	5113
5111	5092	5099
5111	5119	5092
5119	5083	5092
5083	5065	5092
5065	5047	5092
5065	5040	5047
5040	5032	5047
5032	5049	5047
5040	5010	5032
5010	5022	5032
5010	5007	5022
5010	4991	5007
4991	4993	5007
4991	4968	4993
4968	4948	4993
4948	4989	4993
4948	4937	4989
4937	4955	4989
4937	4889	4955
4937	4888	4889
4888	4853	4889
4937	4948	4888
5010	5005	4991
5010	5040	5005
5065	5083	5040
5083	5028	5040
5083	5036	5028
5119	5095	5083
5111	5124	5119
5132	5129	5124
5129	5127	5124
5129	5128	5127
5128	5125	5127
5128	5121	5125
5121	5117	5125
5129	5131	5128
5131	5120	5128
5129	5132	5131
5112	5114	5120
5112	5098	5114
5098	5096	5114
5096	5109	5114
5096	5091	5109
5091	5097	5109
5096	5086	5091
5096	5098	5086
5098	5066	5086
5066	5059	5086
5059	5044	5086
5059	5031	5044
5031	5025	5044
5025	5021	5044
5021	5030	5044
5025	5015	5021
5015	4971	5021
5015	4973	4971
4973	4959	4971
4973	4944	4959
4973	4949	4944
4973	5025	4949
4973	5015	5025
5059	5029	5031
5029	4984	5031
5029	5009	4984
5009	4994	4984
4994	4974	4984
4974	4939	4984
4974	4911	4939
4911	4901	4939
4901	4949	4939
4974	4928	4911
4974	4994	4928
4994	4950	4928
4950	4917	4928
5029	5035	5009
5035	5041	5009
5041	5027	5009
5041	5055	5027
5055	5023	5027
5055	5067	5023
5055	5075	5067
5075	5089	5067
5055	5054	5075
5055	5041	5054
5041	5035	5054
5035	5052	5054
5052	5078	5054
5052	5101	5078
5101	5102	5078
5101	5112	5102
5101	5098	5112
5101	5066	5098
5101	5052	5066
5052	5059	5066
5052	5029	5059
5052	5035	5029
5088	5107	5117
5088	5063	5107
4999	5004	5048
4999	4986	5004
4963	4956	4986
4963	4935	4956
4935	4907	4956
4935	4905	4907
4905	4881	4907
4905	4892	4881
4892	4870	4881
4870	4844	4881
4870	4842	4844
4842	4809	4844
4809	4794	4844
4842	4829	4809
4842	4870	4829
4870	4892	4829
4905	4935	4892
4813	4764	4829
4855	4752	4813
4855	4857	4752
4857	4799	4752
4857	4896	4799
4857	4925	4896
4925	4961	4896
4961	4914	4896
4961	4947	4914
4961	4985	4947
4857	4855	4925
4329	4227	4343
4227	4261	4343
4329	4267	4227
4792	4804	4846
4622	4575	4630
4575	4560	4630
4575	4495	4560
4495	4474	4560
4575	4556	4495
4575	4622	4556
3989	4130	4002
3989	4008	4130
4008	4039	4130
4039	4078	4130
4440	4513	4572
4694	4677	4733
4694	4541	4677
4541	4611	4677
4541	4569	4611
4541	4445	4569
4445	4455	4569
4694	4592	4541
3160	3140	3293
2873	2934	2964
2964	2880	2873
2964	2998	2880
2998	2975	2880
2998	3044	2975
2877	3047	2954
2954	2874	2877
2954	3017	2874
2954	3045	3017
2954	3112	3045
2954	3047	3112
2893	3053	2909
3053	2971	2909
3053	3051	2971
2893	2924	3053
2895	2981	2933
2981	3073	2933
3073	3010	2933
3073	3183	3010
3183	3048	3010
3183	3175	3048
3073	3131	3183
3073	2981	3131
2901	2956	3084
2901	2847	2956
2956	3081	3084
2906	2987	3004
2907	3008	2936
3008	3096	2936
3096	3042	2936
3096	3138	3042
3096	3203	3138
3203	3250	3138
3250	3254	3138
2918	2952	3168
2952	3186	3168
3186	3318	3168
3318	3206	3168
3206	3087	3168
3087	2918	3168
3087	2840	2918
2952	3111	3186
2920	3006	3001
3006	3158	3001
3158	3108	3001
3108	3062	3001
3108	3157	3062
3108	3220	3157
3220	3274	3157
3274	3240	3157
3220	3253	3274
3253	3353	3274
3353	3384	3274
3353	3403	3384
3403	3409	3384
3403	3520	3409
3520	3448	3409
3403	3594	3520
3253	3295	3353
3253	3158	3295
3158	3215	3295
3253	3220	3158
3220	3108	3158
2972	3052	3070
3052	3151	3070
2994	3072	3146
3002	3264	3086
3086	3101	3002
3264	3247	3086
3247	3162	3086
3247	3148	3162
3148	3060	3162
3002	3153	3264
3153	3205	3264
3015	3054	3187
3187	3126	3015
3187	3311	3126
3311	3255	3126
3311	3342	3255
3342	3425	3255
3425	3423	3255
3423	3252	3255
3425	3476	3423
3425	3590	3476
3187	3306	3311
3187	3189	3306
3189	3321	3306
3321	3404	3306
3189	3308	3321
3189	3173	3308
3033	3124	3057
3034	3095	3064
3034	3233	3095
3233	3310	3095
3310	3064	3095
3043	3174	3214
3043	3084	3174
3056	3178	3227
3178	3257	3227
3257	3383	3227
3056	2937	3178
3056	2928	2937
3079	3164	3163
3090	3155	3182
3092	3210	3104
3093	3242	3129
3242	3136	3129
3099	3170	3184
3170	3267	3184
3117	3263	3181
3128	3202	3228
3228	3140	3128
3202	3277	3228
3154	3196	3262
3156	3172	3298
3177	3304	3236
3177	3296	3304
3190	3349	3335
3208	3363	3222
3213	3377	3224
3377	3292	3224
3292	3282	3224
3377	3420	3292
3420	3371	3292
3420	3458	3371
3458	3421	3371
3421	3277	3371
3421	3418	3277
3421	3458	3418
3420	3473	3458
3473	3584	3458
3584	3585	3458
3584	3659	3585
3584	3661	3659
3473	3539	3584
3473	3443	3539
3443	3475	3539
3475	3572	3539
3572	3603	3539
3443	3431	3475
3431	3406	3475
3431	3377	3406
3431	3420	3377
3431	3443	3420
3443	3473	3420
3221	3279	3232
3279	3389	3232
3223	3276	3370
3370	3440	3223
3370	3479	3440
3239	3347	3327
3245	3287	3411
3287	3488	3411
3488	3573	3411
3287	3299	3488
3299	3445	3488
3445	3499	3488
3499	3571	3488
3571	3634	3488
3571	3653	3634
3653	3738	3634
3738	3815	3634
3815	3712	3634
3256	3272	3337
3259	3352	3301
3259	3391	3352
3391	3568	3352
3568	3547	3352
3568	3597	3547
3391	3515	3568
3391	3369	3515
3369	3462	3515
3462	3602	3515
3391	3259	3369
3268	3271	3394
3271	3390	3394
3390	3444	3394
3444	3465	3394
3444	3501	3465
3444	3527	3501
3527	3640	3501
3527	3664	3640
3664	3692	3640
3527	3573	3664
3573	3712	3664
3712	3845	3664
3294	3368	3435
3302	3419	3366
3419	3451	3366
3328	3437	3382
3437	3487	3382
3487	3490	3382
3487	3649	3490
3649	3512	3490
3512	3486	3490
3486	3383	3490
3486	3387	3383
3486	3583	3387
3583	3508	3387
3508	3381	3387
3508	3471	3381
3508	3621	3471
3621	3395	3471
3621	3614	3395
3614	3386	3395
3621	3690	3614
3621	3674	3690
3621	3508	3674
3508	3583	3674
3583	3801	3674
3801	3842	3674
3801	3843	3842
3843	3953	3842
3486	3512	3583
3512	3649	3583
3487	3699	3649
3699	3709	3649
3699	3876	3709
3876	3760	3709
3699	3886	3876
3699	3807	3886
3807	3928	3886
3699	3797	3807
3437	3513	3487
3513	3578	3487
3513	3625	3578
3513	3460	3625
3460	3622	3625
3622	3804	3625
3622	3838	3804
3513	3328	3460
3513	3437	3328
3331	3416	3341
3334	3415	3551
3551	3507	3334
3551	3668	3507
3668	3697	3507
3343	3466	3530
3345	3491	3548
3491	3554	3548
3346	3396	3429
3346	3397	3396
3397	3429	3396
3397	3455	3429
3455	3483	3429
3483	3570	3429
3483	3595	3570
3595	3672	3570
3595	3598	3672
3598	3720	3672
3720	3716	3672
3720	3884	3716
3348	3393	3528
3350	3519	3467
3367	3414	3450
3414	3477	3450
3414	3555	3477
3555	3652	3477
3414	3407	3555
3407	3574	3555
3407	3493	3574
3407	3433	3493
3407	3380	3433
3401	3591	3430
3591	3546	3430
3546	3389	3430
3546	3542	3389
3428	3505	3503
3505	3588	3503
3588	3627	3503
3627	3670	3503
3627	3675	3670
3675	3802	3670
3802	3779	3670
3675	3851	3802
3675	3726	3851
3726	3785	3851
3785	3922	3851
3675	3627	3726
3627	3588	3726
3588	3723	3726
3503	3349	3428
3349	3315	3428
3453	3623	3510
3623	3662	3510
3662	3517	3510
3662	3655	3517
3662	3791	3655
3791	3840	3655
3840	3673	3655
3791	3949	3840
3949	3918	3840
3949	4011	3918
3949	4025	4011
3949	3957	4025
3957	4048	4025
4048	4177	4025
3957	3959	4048
3959	3962	4048
3962	3916	4048
3962	3880	3916
3880	3879	3916
3962	3959	3880
3959	3931	3880
3959	3957	3931
3957	3949	3931
3949	3791	3931
3456	3531	3587
3469	3650	3509
3474	3537	3484
3474	3533	3537
3533	3647	3537
3647	3651	3537
3651	3562	3537
3562	3484	3537
3651	3646	3562
3646	3612	3562
3612	3536	3562
3533	3618	3647
3533	3558	3618
3558	3630	3618
3630	3683	3618
3485	3576	3564
3495	3549	3567
3549	3633	3567
3633	3701	3567
3701	3617	3567
3701	3745	3617
3633	3755	3701
3538	3682	3569
3540	3592	3581
3540	3559	3592
3559	3610	3592
3541	3561	3638
3545	3589	3600
3589	3749	3600
3749	3657	3600
3749	3761	3657
3761	3685	3657
3761	3796	3685
3545	3548	3589
3563	3700	3669
3669	3626	3563
3700	3809	3669
3809	3846	3669
3809	3835	3846
3835	3963	3846
3963	4029	3846
3809	3700	3835
3700	3786	3835
3700	3676	3786
3700	3563	3676
3599	3715	3678
3599	3773	3715
3773	3913	3715
3913	3751	3715
3751	3678	3715
3751	3689	3678
3689	3636	3678
3751	3795	3689
3751	3981	3795
3981	3991	3795
3981	4084	3991
3751	3913	3981
3773	3803	3913
3773	3766	3803
3766	3853	3803
3766	3737	3853
3773	3599	3766
3665	3758	3750
3758	3790	3750
3790	3800	3750
3758	3776	3790
3758	3810	3776
3688	3784	3748
3748	3591	3688
3784	3859	3748
3784	3974	3859
3688	3796	3784
3694	3696	3788
3695	3759	3777
3759	3873	3777
3759	3836	3873
3836	4007	3873
4007	4020	3873
4020	4061	3873
3759	3697	3836
3695	3574	3759
3702	3768	3881
3702	3745	3768
3745	3856	3768
3856	3881	3768
3704	3767	3711
3704	3816	3767
3816	3867	3767
3731	3902	3924
3733	3841	3825
3841	3885	3825
3739	3743	3826
3743	3899	3826
3743	3813	3899
3743	3652	3813
3739	3650	3743
3742	3762	3839
3762	3811	3839
3789	3956	3837
3789	4009	3956
3789	3907	4009
3794	3844	3891
3844	4027	3891
4027	3907	3891
3907	3794	3891
3822	3941	3965
3941	4001	3965
4001	4052	3965
4001	4082	4052
3831	3979	3976
3831	3943	3979
3831	3752	3943
3832	3997	3890
3832	3852	3997
3852	3889	3997
3889	3903	3997
3903	4018	3997
4018	4094	3997
4018	4062	4094
4062	4202	4094
4202	4151	4094
4202	4246	4151
4018	3940	4062
4018	3903	3940
3903	3861	3940
3903	3889	3861
3889	3845	3861
3845	3901	3861
3889	3852	3845
3832	3692	3852
3888	3998	4097
3998	4203	4097
4097	3988	3888
3893	4013	3920
4013	3917	3920
3951	3960	4110
3977	4075	4198
3978	4152	4088
3980	4147	4083
4147	4229	4083
4147	4168	4229
4147	4156	4168
4156	4240	4168
4240	4349	4168
4147	4057	4156
4147	3980	4057
3985	4098	4210
4098	4247	4210
4098	4218	4247
4218	4339	4247
3990	4114	4030
3990	4136	4114
4136	4144	4114
4136	4250	4144
4136	4131	4250
4136	3990	4131
4036	4208	4188
4038	4215	4160
4215	4264	4160
4044	4047	4128
4072	4205	4076
4092	4178	4193
4092	4207	4178
4207	4298	4178
4298	4193	4178
4207	4345	4298
4345	4409	4298
4093	4145	4176
4103	4159	4135
4126	4175	4217
4161	4206	4248
4206	4235	4248
4206	4061	4235
4061	4220	4235
4206	4161	4061
4172	4225	4223
4223	4159	4172
4225	4299	4223
4174	4251	4346
4251	4415	4346
4251	4309	4415
4309	4388	4415
4209	4332	4234
4221	4231	4324
4221	4198	4231
4221	4255	4198
4221	4324	4255
4249	4312	4310
4312	4361	4310
4361	4319	4310
4361	4424	4319
4424	4419	4319
4419	4303	4319
4316	4383	4422
4383	4453	4422
4336	4351	4412
4341	4431	4452
4431	4589	4452
4431	4447	4589
4447	4514	4589
4431	4364	4447
4452	4437	4341
4452	4458	4437
4366	4430	4410
4430	4545	4410
4367	4418	4526
4370	4421	4436
4421	4550	4436
4421	4381	4550
4436	4403	4370
4436	4516	4403
4516	4451	4403
4375	4416	4459
4416	4450	4459
4416	4419	4450
4459	4485	4375
4459	4502	4485
4502	4588	4485
4502	4587	4588
4587	4600	4588
4402	4472	4460
4402	4457	4472
4494	4540	4584
4540	4629	4584
4540	4609	4629
4609	4672	4629
4494	4512	4540
4506	4576	4537
4548	4612	4574
4567	4623	4673
4567	4537	4623
4567	4509	4537
4712	4816	4768
31	130	36
50	52	74
148	234	106
274	350	228
215	110	234
149	121	130
149	171	121
621	641	463
638	603	686
723	518	638
518	517	638
723	587	518
723	666	587
678	484	587
392	384	374
392	520	384
746	761	583
857	988	852
1180	1222	1087
1265	1325	1248
1265	1324	1325
1324	1390	1325
1606	1573	1750
1728	1711	1765
1657	1644	1711
1657	1597	1644
1657	1569	1597
1734	1871	1644
1776	2043	1822
1338	1192	1343
1192	1182	1343
1182	1174	1343
1174	1318	1343
1338	1197	1192
308	360	411
286	347	360
286	251	347
286	212	251
286	206	212
286	205	206
286	277	205
86	127	120
105	129	81
469	462	399
469	504	462
335	364	396
364	441	396
297	276	364
311	180	276
180	193	276
311	197	180
311	216	197
125	79	147
79	104	147
79	66	104
138	192	118
192	111	118
192	191	111
191	142	111
1481	1309	1371
1309	1274	1371
1481	1485	1309
1485	1349	1309
471	738	636
471	705	738
471	501	705
727	726	654
671	684	689
689	629	499
1396	1451	1333
1438	1590	1451
1246	1418	1327
1376	1071	1141
1387	1080	1161
1575	1576	1468
1575	1847	1576
1847	1932	1576
1932	1931	1576
1931	1643	1576
1932	2007	1931
1232	1323	1420
1232	892	1323
892	933	1323
1494	1227	1249
1443	1578	1480
1443	1479	1578
1356	1262	1354
2460	2667	2490
2460	2844	2667
2460	2525	2844
2525	2829	2844
2696	2830	2525
2075	2250	2061
1944	1833	2075
1833	1997	2075
1997	2264	2075
1997	2271	2264
2271	2294	2264
1997	2109	2271
1944	1648	1833
1648	1627	1833
1627	1683	1833
1944	1699	1648
2022	2091	1933
2091	2023	1933
1738	1995	1703
1921	1989	1825
1989	1948	1825
1948	1604	1825
1604	1556	1825
2300	2339	2299
2005	2057	2173
2057	2244	2173
2005	1980	2057
1941	2213	2125
2213	2336	2125
1941	1962	2213
2157	2356	2326
2157	2195	2356
2195	2579	2356
2579	2741	2356
1881	1884	2046
2050	2242	2088
1947	2217	2050
1947	2039	2217
2039	2190	2217
1947	1923	2039
2346	2072	2370
2346	2100	2072
1874	1804	2041
2106	1963	2012
2102	2292	2062
2520	2528	2280
2036	2056	2135
2056	1853	1948
2008	1928	1984
2557	2819	2549
2819	2780	2549
1955	2123	2034
2323	2391	2154
2391	2224	2154
2416	2733	2475
2852	2769	3076
2273	2421	2474
2541	2396	2261
2539	2621	2440
2621	2282	2440
2621	2503	2282
3329	3204	3289
3204	3051	3289
3051	3053	3289
2870	2930	3040
2930	3127	3040
2870	2709	2930
2870	2570	2709
2570	2581	2709
2870	2643	2570
2203	2136	2380
2706	2574	2638
2816	2846	2774
2802	2879	3028
2361	2265	2319
2724	2927	2752
2724	2985	2927
2550	2745	2586
2645	2873	2880
2682	2585	2519
2682	2782	2585
2782	2915	2585
2915	2835	2585
2782	2912	2915
2887	3079	2817
3079	3163	2817
3163	3100	2817
3003	2762	2812
2720	2790	2838
2921	2866	3109
2866	3167	3109
2866	3193	3167
2866	3194	3193
3489	3288	3402
3489	3460	3288
3452	3544	3565
3452	3303	3544
3303	3330	3544
3330	3542	3544
3330	3389	3542
3330	3232	3389
3330	3018	3232
3330	3022	3018
3330	3280	3022
2908	2827	2875
2908	2868	2827
3275	3399	3234
3357	3464	3439
3724	3577	3645
3961	3867	3816
3961	4041	3867
4041	3947	3867
4368	4192	4263
4824	4781	4676
3593	3714	3438
3714	3479	3438
4318	4270	4079
4113	4237	4139
4616	4522	4552
4684	4585	4524
4542	4396	4595
4685	4704	4602
4903	4831	4922
4831	4754	4922
4180	4242	4265
4498	4423	4391
4594	4503	4633
4503	4498	4633
4618	4581	4530
4245	4239	4359
3703	3543	3606
4546	4577	4482
4546	4646	4577
4517	4670	4455
4670	4611	4455
4611	4569	4455
4702	4800	4608
4800	4779	4608
4779	4610	4608
4779	4670	4610
4854	4734	4769
4784	4665	4689
4665	4631	4689
4784	4755	4665
4199	4077	4236
4978	4846	4913
4978	4927	4846
4987	5042	4978
5042	4981	4978
4987	5057	5042
4987	5019	5057
4987	5006	5019
4997	5017	5019
5017	5058	5019
4977	4970	5017
4977	4953	4970
4953	4912	4970
4953	4865	4912
5068	5012	5037
5068	5011	5012
5068	5018	5011
5068	5090	5018
5090	5039	5018
5090	5071	5039
5068	5079	5090
5079	5116	5090
5079	5118	5116
5079	5115	5118
5079	5085	5115
5085	5093	5115
4832	4820	4797
4832	4916	4820
4832	4918	4916
4832	4880	4918
4834	4861	4778
4861	4744	4778
4861	4742	4744
4861	4873	4742
4873	4821	4742
4821	4748	4742
4317	4387	4283
4878	4895	4936
4895	4919	4936
4919	4945	4936
4945	4996	4936
4945	5016	4996
4945	4972	5016
4988	5069	4979
5069	4982	4979
5069	5064	4982
5064	5038	4982
4988	5070	5069
4988	5034	5070
5045	4958	4995
5045	5050	4958
5050	4952	4958
5106	5130	5126
5106	5100	5130
5128	5114	5121
5114	5109	5121
5109	5108	5121
5109	5097	5108
5097	5087	5108
5128	5120	5114
5025	4984	4949
4984	4939	4949
5025	5031	4984
2987	3085	3004
2987	3380	3085
2987	3291	3380
3257	3490	3383
3129	3136	3093
3242	3332	3136
3242	3346	3332
3093	3101	3242
3190	3058	3349
3058	3315	3349
3327	3290	3239
3815	3955	3712
3955	3901	3712
3901	3845	3712
3955	3969	3901
3815	3951	3955
3815	3854	3951
3369	3206	3462
3664	3852	3692
3664	3845	3852
3548	3320	3345
3570	3579	3429
3595	3483	3598
3397	3101	3455
3779	3413	3670
3453	3605	3623
3873	4061	3777
3813	3927	3899
3813	3926	3927
3926	4161	3927
3926	4061	4161
3743	3650	3652
4052	4007	3965
4001	4255	4082
4001	3941	4255
3941	4198	4255
4341	4364	4431
4366	4336	4430
4366	4037	4336
