277.707353 220.915155 30.736789 255 0 0
286.591926 211.570911 38.157399 255 0 0
296.578392 203.323787 45.480244 255 0 0
307.666749 196.173784 52.705324 255 0 0
319.856999 190.120901 59.832639 255 0 0
333.149141 185.165140 66.862190 255 0 0
347.543175 181.306499 73.793975 255 0 0
363.039101 178.544979 80.627996 255 0 0
379.636920 176.880580 87.364252 0 255 0
363.253403 179.055260 98.268275 0 255 0
348.092218 182.446978 109.063848 0 255 0
334.153365 187.055736 119.750970 0 255 0
321.436843 192.881532 130.329641 0 255 0
309.942653 199.924367 140.799861 0 255 0
299.670795 208.184241 151.161630 0 255 0
290.621269 217.661154 161.414949 0 255 0
282.794074 228.355106 171.559817 0 255 0
