3.180606659859635670e+02 2.156908992186236560e+02 1.444496177596467987e+02
3.155765239124563095e+02 2.025550358276159386e+02 1.377807125354931372e+02
3.096854280560928601e+02 1.904235737854371564e+02 1.246587159157344900e+02
3.118196516852516993e+02 1.799066716961705197e+02 1.126220062935524311e+02
3.121137860320166624e+02 1.692399844112041478e+02 9.955485035854695752e+01
3.208249374084566625e+02 1.598993076871100243e+02 8.892863669578088093e+01
3.215470885867256357e+02 1.534330818367934626e+02 6.132927441781652078e+01
3.184287930019363557e+02 1.722011204788664713e+02 4.327111515187039004e+01
3.193461032474706940e+02 1.864911726559901695e+02 4.451739507201625656e+01
3.127482732927288680e+02 1.972856008963498198e+02 5.178188174045209280e+01
3.107688216982114682e+02 2.106989942690755697e+02 5.367856116884416906e+01
3.116861319437457496e+02 2.249890464461992678e+02 5.492484108899020612e+01
3.086500151489432255e+02 2.376755607905640204e+02 5.850239180125618077e+01
