   3.5324876e+02   1.6729851e+02   1.4300000e+02
   3.3708706e+02   1.4986318e+02   1.3300000e+02
   3.5463433e+02   1.4448507e+02   1.2100000e+02
   3.4925622e+02   1.4165423e+02   1.1100000e+02
   3.5661443e+02   1.3882338e+02   1.0100000e+02
   3.6651990e+02   1.4108706e+02   9.1000000e+01
   3.6623632e+02   1.3825622e+02   8.1000000e+01
   3.7104726e+02   1.4051990e+02   7.1000000e+01
   3.7585821e+02   1.4787811e+02   6.1000000e+01
   3.7512189e+02   1.7006716e+02   5.1000000e+01
   3.5070149e+02   2.3862189e+02   4.5000000e+01
