   2.8244422e+01   2.8025897e+01   1.3000000e+01
   2.7746910e+01   2.8488860e+01   1.2000000e+01
   2.7746910e+01   2.8604601e+01   1.1000000e+01
   2.7498154e+01   2.9299045e+01   1.0000000e+01
   2.7871288e+01   2.9299045e+01   9.0000000e+00
   2.7871288e+01   3.2308304e+01   8.0000000e+00
   2.8493179e+01   3.4970341e+01   9.0000000e+00
   2.8741935e+01   3.5201823e+01   1.0000000e+01
   2.8866313e+01   3.5201823e+01   1.1000000e+01
   2.8617557e+01   3.5433304e+01   1.2000000e+01
   2.8741935e+01   3.6012008e+01   1.3000000e+01
