1	2	3
3	17	1
17	31	1
31	2	1
31	6	2
6	15	2
15	3	2
15	30	3
30	14	3
14	10	3
10	17	3
10	7	17
7	24	17
24	107	17
7	34	24
7	25	34
25	58	34
58	51	34
58	136	51
25	39	58
25	26	39
26	41	39
41	43	39
43	65	39
65	71	39
65	68	71
68	75	71
75	120	71
120	160	71
120	166	160
166	185	160
185	225	160
185	238	225
238	236	225
238	277	236
238	363	277
120	154	166
120	106	154
120	96	106
96	105	106
105	142	106
142	155	106
142	143	155
143	178	155
178	200	155
200	194	155
200	246	194
246	283	194
283	336	194
336	233	194
336	317	233
317	286	233
336	356	317
336	389	356
283	326	336
283	319	326
283	246	319
246	257	319
257	309	319
309	359	319
309	344	359
344	373	359
373	431	359
431	396	359
431	423	396
431	472	423
472	514	423
514	530	423
530	564	423
530	610	564
610	631	564
610	773	631
773	655	631
773	737	655
737	620	655
620	597	655
620	581	597
620	671	581
671	683	581
683	617	581
617	490	581
490	439	581
617	487	490
617	575	487
575	462	487
462	435	487
462	445	435
462	575	445
575	548	445
575	663	548
683	685	617
683	873	685
683	769	873
769	852	873
852	984	873
984	977	873
984	1046	977
1046	1130	977
1130	1014	977
1014	924	977
1014	971	924
971	819	924
971	985	819
971	1014	985
1014	1102	985
1102	1154	985
1154	1002	985
1154	1045	1002
1045	1052	1002
1154	1263	1045
1014	1196	1102
1196	1185	1102
1196	1259	1185
1196	1269	1259
1196	1204	1269
1204	1221	1269
1221	1312	1269
1312	1393	1269
1312	1373	1393
1373	1455	1393
1373	1412	1455
1412	1528	1455
1528	1570	1455
1570	1568	1455
1570	1637	1568
1528	1571	1570
1528	1607	1571
1528	1510	1607
1510	1511	1607
1511	1671	1607
1511	1645	1671
1511	1573	1645
1511	1449	1573
1511	1450	1449
1511	1412	1450
1511	1510	1412
1510	1528	1412
1196	1130	1204
1196	1014	1130
852	903	984
852	825	903
825	850	903
825	794	850
794	737	850
737	773	850
794	769	737
769	671	737
671	620	737
769	683	671
794	825	769
825	852	769
610	771	773
771	922	773
771	814	922
771	789	814
789	831	814
789	765	831
765	804	831
765	766	804
765	609	766
609	674	766
674	763	766
763	796	766
763	676	796
676	849	796
849	846	796
676	657	849
657	729	849
729	788	849
729	702	788
702	810	788
702	700	810
702	661	700
661	582	700
661	596	582
596	527	582
596	557	527
557	501	527
501	449	527
501	434	449
434	399	449
399	403	449
403	428	449
403	411	428
411	508	428
508	513	428
508	533	513
508	586	533
508	496	586
496	590	586
496	536	590
496	464	536
496	411	464
496	508	411
403	357	411
403	337	357
337	275	357
337	292	275
292	271	275
271	218	275
218	245	275
218	173	245
173	198	245
198	252	245
252	263	245
252	221	263
221	216	263
216	293	263
216	279	293
216	202	279
202	255	279
255	281	279
281	350	279
281	305	350
305	355	350
305	316	355
316	328	355
328	425	355
316	274	328
274	306	328
306	384	328
306	380	384
380	478	384
306	312	380
312	340	380
340	419	380
419	447	380
419	485	447
419	420	485
420	440	485
440	476	485
440	405	476
405	426	476
426	470	476
470	573	476
426	414	470
414	400	470
400	480	470
480	498	470
498	542	470
498	561	542
561	642	542
561	641	642
641	746	642
561	611	641
561	593	611
593	659	611
593	684	659
593	656	684
656	719	684
656	780	719
780	751	719
751	844	719
780	853	751
780	886	853
886	1003	853
1003	1007	853
780	758	886
758	812	886
812	905	886
812	876	905
876	954	905
954	967	905
954	1056	967
1056	1072	967
876	932	954
932	981	954
932	920	981
920	1024	981
1024	1094	981
1094	1114	981
1114	1077	981
1024	1037	1094
1037	1161	1094
1161	1203	1094
1037	1005	1161
1005	1112	1161
1005	952	1112
952	1041	1112
1041	1089	1112
1089	1125	1112
1089	1075	1125
1075	1155	1125
1155	1229	1125
1155	1213	1229
1213	1279	1229
1213	1191	1279
1191	1303	1279
1191	1230	1303
1230	1315	1303
1315	1349	1303
1349	1407	1303
1349	1475	1407
1349	1558	1475
1349	1529	1558
1529	1636	1558
1529	1531	1636
1531	1548	1636
1548	1638	1636
1638	1725	1636
1725	1741	1636
1741	1715	1636
1715	1664	1636
1741	1838	1715
1838	1798	1715
1798	1808	1715
1798	1925	1808
1925	1933	1808
1933	1873	1808
1925	2029	1933
1798	1838	1925
1838	1837	1925
1837	1890	1925
1837	2039	1890
1837	1931	2039
1931	2020	2039
1638	1657	1725
1657	1756	1725
1657	1755	1756
1755	1813	1756
1755	1811	1813
1811	1941	1813
1941	1964	1813
1657	1668	1755
1657	1536	1668
1536	1527	1668
1527	1592	1668
1527	1476	1592
1527	1461	1476
1461	1394	1476
1394	1375	1476
1375	1448	1476
1375	1326	1448
1326	1379	1448
1375	1318	1326
1318	1289	1326
1318	1199	1289
1199	1202	1289
1202	1160	1289
1202	1082	1160
1082	1083	1160
1083	1113	1160
1083	1074	1113
1074	1157	1113
1074	1147	1157
1147	1234	1157
1083	1061	1074
1061	1031	1074
1061	970	1031
970	914	1031
914	941	1031
941	1070	1031
941	889	1070
941	828	889
828	847	889
828	787	847
787	725	847
828	770	787
770	754	787
754	658	787
754	731	658
754	757	731
754	770	757
770	861	757
861	815	757
815	836	757
836	826	757
836	879	826
879	817	826
817	772	826
817	806	772
806	755	772
755	678	772
755	687	678
687	638	678
638	578	678
578	580	678
578	534	580
534	602	580
602	658	580
534	524	602
524	535	602
535	600	602
524	482	535
482	457	535
482	455	457
455	377	457
377	421	457
377	416	421
416	512	421
377	383	416
377	360	383
377	311	360
311	290	360
311	219	290
219	242	290
219	206	242
206	265	242
206	182	265
182	278	265
278	332	265
278	302	332
302	322	332
322	339	332
322	321	339
321	343	339
321	298	343
298	335	343
335	486	343
486	443	343
486	509	443
509	504	443
509	662	504
509	621	662
621	735	662
735	690	662
735	776	690
621	752	735
752	795	735
621	664	752
621	604	664
335	408	486
298	262	335
298	217	262
217	234	262
217	175	234
175	220	234
220	264	234
217	180	175
180	84	175
84	119	175
84	67	119
67	118	119
118	191	119
118	276	191
118	103	276
118	53	103
118	67	53
84	66	67
66	37	67
66	55	37
55	50	37
50	38	37
38	22	37
38	46	22
46	18	22
18	21	22
21	53	22
18	11	21
11	40	21
11	8	40
8	9	40
8	4	9
4	19	9
4	12	19
12	20	19
12	16	20
16	47	20
47	62	20
47	127	62
47	104	127
47	31	104
47	6	31
47	16	6
16	15	6
16	5	15
5	13	15
13	28	15
28	30	15
28	36	30
36	32	30
32	14	30
32	29	14
29	26	14
26	10	14
26	7	10
26	25	7
29	33	26
33	41	26
33	57	41
57	69	41
69	63	41
63	43	41
63	65	43
63	64	65
64	68	65
64	70	68
70	75	68
70	73	75
73	96	75
96	120	75
73	94	96
94	105	96
94	133	105
133	149	105
149	148	105
148	142	105
148	143	142
148	146	143
146	178	143
146	148	178
148	173	178
173	214	178
214	200	178
214	257	200
257	246	200
214	218	257
218	271	257
271	292	257
292	309	257
292	344	309
292	352	344
352	373	344
352	399	373
399	434	373
434	431	373
434	507	431
507	472	431
507	551	472
551	514	472
551	607	514
607	609	514
609	531	514
531	530	514
607	674	609
607	634	674
634	676	674
676	763	674
634	657	676
634	623	657
623	660	657
660	729	657
660	625	729
625	702	729
625	596	702
596	661	702
625	557	596
625	555	557
555	507	557
507	501	557
507	434	501
555	551	507
555	623	551
623	634	551
634	607	551
555	625	623
625	660	623
352	337	399
337	403	399
352	292	337
214	173	218
148	149	173
149	163	173
163	198	173
163	133	198
133	126	198
126	134	198
134	161	198
161	216	198
216	221	198
221	252	198
161	202	216
161	183	202
183	203	202
203	255	202
203	192	255
192	281	255
192	284	281
284	305	281
284	243	305
243	274	305
274	316	305
243	222	274
222	241	274
241	306	274
241	312	306
241	285	312
285	340	312
285	333	340
333	390	340
390	419	340
390	420	419
390	440	420
390	405	440
390	333	405
333	330	405
330	397	405
397	414	405
414	426	405
397	400	414
397	378	400
378	370	400
370	437	400
437	480	400
437	484	480
484	498	480
484	546	498
546	561	498
546	593	561
546	545	593
545	632	593
632	643	593
643	656	593
643	630	656
630	627	656
630	553	627
553	554	627
554	549	627
549	585	627
585	666	627
666	703	627
666	689	703
689	783	703
783	812	703
812	758	703
758	780	703
783	805	812
805	840	812
840	876	812
840	932	876
840	793	932
793	881	932
881	920	932
881	891	920
891	890	920
890	1024	920
890	966	1024
966	1005	1024
1005	1037	1024
966	952	1005
966	800	952
800	798	952
798	839	952
798	801	839
801	857	839
857	877	839
857	961	877
961	959	877
961	972	959
972	969	959
969	998	959
969	1010	998
1010	1041	998
1041	952	998
1010	1075	1041
1075	1089	1041
1010	1027	1075
1027	1101	1075
1101	1155	1075
1101	1150	1155
1150	1191	1155
1191	1213	1155
1150	1230	1191
1150	1162	1230
1162	1252	1230
1252	1315	1230
1252	1320	1315
1320	1370	1315
1370	1349	1315
1370	1529	1349
1370	1531	1529
1370	1432	1531
1432	1483	1531
1483	1548	1531
1483	1536	1548
1536	1657	1548
1657	1638	1548
1483	1424	1536
1424	1509	1536
1509	1527	1536
1509	1445	1527
1445	1461	1527
1445	1394	1461
1445	1347	1394
1347	1375	1394
1347	1293	1375
1293	1318	1375
1293	1238	1318
1238	1199	1318
1238	1215	1199
1215	1103	1199
1103	1202	1199
1103	1082	1202
1103	994	1082
994	1061	1082
1061	1083	1082
994	970	1061
994	929	970
929	914	970
929	872	914
872	861	914
861	941	914
861	828	941
861	770	828
872	855	861
855	815	861
855	836	815
855	879	836
855	921	879
921	906	879
906	817	879
906	915	817
915	878	817
878	806	817
878	857	806
857	785	806
785	755	806
785	747	755
747	687	755
747	665	687
665	652	687
652	613	687
613	616	687
616	638	687
616	540	638
540	578	638
540	510	578
510	479	578
479	534	578
479	506	534
506	524	534
506	482	524
506	467	482
467	455	482
467	393	455
393	377	455
393	331	377
331	311	377
331	219	311
331	249	219
249	212	219
212	168	219
168	206	219
168	164	206
164	167	206
167	182	206
167	162	182
162	156	182
156	188	182
188	278	182
188	321	278
321	302	278
321	322	302
188	298	321
188	217	298
188	180	217
188	156	180
156	84	180
156	80	84
80	66	84
80	82	66
82	55	66
82	91	55
91	88	55
88	72	55
72	50	55
72	56	50
56	38	50
56	59	38
59	60	38
60	46	38
60	52	46
52	27	46
27	18	46
27	8	18
8	11	18
27	23	8
23	4	8
23	12	4
23	13	12
13	5	12
5	16	12
23	28	13
23	45	28
45	49	28
49	36	28
49	48	36
48	32	36
48	44	32
44	29	32
44	33	29
44	57	33
44	81	57
44	48	81
48	49	81
49	90	81
90	130	81
130	122	81
122	102	81
102	87	81
102	111	87
111	98	87
98	69	87
69	57	87
98	100	69
98	138	100
138	144	100
144	112	100
112	93	100
112	97	93
97	99	93
99	85	93
85	70	93
70	64	93
64	69	93
64	63	69
85	83	70
83	73	70
83	94	73
83	126	94
126	133	94
83	123	126
123	134	126
123	141	134
141	161	134
141	158	161
158	183	161
158	192	183
192	203	183
158	132	192
132	181	192
181	243	192
243	284	192
181	222	243
181	199	222
199	241	222
199	248	241
248	285	241
248	251	285
251	333	285
251	301	333
301	330	333
301	361	330
361	397	330
361	378	397
361	320	378
320	370	378
320	315	370
315	437	370
320	268	315
268	259	315
259	303	315
259	294	303
294	310	303
310	345	303
310	327	345
327	347	345
347	392	345
392	424	345
392	418	424
418	489	424
489	451	424
451	458	424
458	471	424
458	520	471
520	546	471
546	437	471
546	484	437
520	545	546
520	553	545
553	632	545
553	630	632
630	643	632
520	458	553
458	525	553
525	554	553
525	549	554
525	489	549
489	460	549
460	523	549
523	574	549
574	585	549
574	639	585
639	666	585
639	689	666
639	701	689
701	783	689
701	734	783
734	793	783
793	840	783
840	805	783
734	792	793
792	881	793
792	858	881
858	891	881
858	890	891
858	838	890
838	800	890
800	966	890
838	792	800
792	730	800
730	798	800
730	736	798
736	801	798
736	747	801
747	785	801
785	857	801
736	665	747
736	711	665
711	669	665
669	619	665
619	640	665
640	652	665
640	613	652
640	544	613
544	528	613
528	540	613
540	616	613
528	510	540
528	452	510
452	469	510
469	459	510
459	479	510
459	467	479
467	506	479
459	394	467
394	393	467
394	348	393
348	331	393
348	249	331
348	258	249
258	235	249
235	209	249
209	212	249
209	170	212
170	168	212
170	159	168
159	164	168
159	167	164
159	110	167
110	82	167
110	101	82
101	91	82
101	108	91
108	88	91
108	72	88
108	131	72
131	129	72
129	79	72
79	59	72
59	56	72
79	60	59
79	86	60
86	52	60
86	74	52
74	45	52
45	27	52
45	23	27
74	78	45
78	76	45
76	49	45
76	90	49
76	124	90
124	135	90
135	130	90
135	184	130
184	139	130
139	122	130
139	121	122
121	102	122
121	111	102
121	139	111
139	169	111
169	186	111
186	157	111
157	98	111
157	138	98
157	232	138
232	199	138
199	144	138
199	181	144
181	132	144
132	112	144
132	109	112
109	97	112
109	99	97
109	123	99
123	85	99
123	83	85
109	141	123
109	158	141
109	132	158
232	248	199
232	251	248
232	201	251
201	213	251
213	254	251
254	301	251
254	282	301
282	361	301
282	296	361
296	320	361
296	272	320
272	268	320
272	229	268
229	237	268
237	259	268
237	231	259
231	269	259
269	294	259
269	299	294
299	310	294
299	327	310
299	291	327
291	347	327
291	338	347
338	379	347
379	410	347
410	392	347
410	418	392
410	460	418
460	489	418
410	406	460
406	442	460
442	497	460
497	523	460
497	521	523
521	560	523
560	574	523
560	595	574
595	639	574
595	619	639
619	679	639
679	695	639
695	701	639
695	720	701
720	734	701
720	730	734
730	792	734
720	695	730
695	679	730
679	711	730
711	736	730
679	669	711
679	619	669
595	560	619
560	570	619
570	640	619
570	544	640
570	529	544
529	503	544
503	495	544
495	528	544
495	452	528
495	488	452
488	398	452
398	365	452
365	450	452
450	469	452
450	459	469
450	394	459
450	365	394
365	354	394
354	348	394
354	258	348
354	351	258
351	334	258
334	260	258
260	235	258
260	247	235
247	196	235
196	145	235
145	179	235
179	209	235
179	170	209
179	110	170
110	159	170
179	145	110
145	101	110
145	108	101
145	114	108
114	131	108
114	145	131
145	177	131
177	172	131
172	140	131
140	129	131
140	128	129
128	79	129
128	86	79
128	125	86
125	115	86
115	74	86
115	116	74
116	78	74
116	124	78
124	76	78
116	147	124
147	135	124
147	184	135
147	195	184
195	210	184
210	169	184
169	139	184
210	229	169
229	239	169
239	205	169
205	186	169
205	213	186
213	201	186
201	157	186
201	232	157
205	254	213
205	239	254
239	282	254
239	273	282
273	296	282
273	272	296
273	239	272
239	229	272
210	237	229
210	226	237
226	231	237
226	204	231
204	269	231
204	224	269
224	291	269
291	299	269
224	211	291
211	256	291
256	287	291
287	338	291
287	297	338
297	329	338
329	385	338
385	379	338
385	406	379
406	410	379
385	442	406
385	388	442
388	481	442
481	505	442
505	497	442
505	529	497
529	521	497
529	570	521
570	560	521
505	503	529
505	481	503
481	488	503
488	495	503
481	398	488
481	388	398
388	362	398
362	341	398
341	351	398
351	365	398
351	354	365
341	334	351
341	266	334
266	260	334
266	247	260
266	300	247
300	280	247
280	261	247
261	244	247
244	196	247
244	189	196
189	177	196
177	145	196
189	172	177
189	190	172
190	187	172
187	140	172
187	128	140
187	211	128
211	125	128
211	151	125
151	115	125
151	116	115
151	147	116
151	204	147
204	195	147
204	226	195
226	210	195
151	224	204
151	211	224
187	256	211
187	190	256
190	244	256
244	261	256
261	297	256
297	287	256
261	280	297
280	300	297
300	329	297
300	314	329
314	362	329
362	368	329
368	385	329
368	388	385
368	362	388
314	341	362
314	266	341
314	300	266
190	189	244
838	858	792
525	451	489
525	458	451
878	961	857
878	915	961
915	1022	961
1022	972	961
1022	969	972
1022	1027	969
1027	1010	969
1022	1101	1027
1022	1133	1101
1133	1137	1101
1137	1150	1101
1137	1162	1150
1137	1159	1162
1159	1280	1162
1280	1252	1162
1280	1320	1252
1280	1340	1320
1340	1432	1320
1432	1370	1320
1340	1424	1432
1424	1483	1432
1340	1376	1424
1376	1509	1424
1376	1445	1509
1376	1347	1445
1376	1293	1347
1376	1280	1293
1280	1186	1293
1186	1215	1293
1215	1238	1293
1186	1170	1215
1170	1085	1215
1085	1088	1215
1088	1103	1215
1088	974	1103
974	994	1103
974	929	994
974	921	929
921	855	929
855	872	929
974	1039	921
1039	906	921
1039	915	906
1039	1022	915
1039	1111	1022
1111	1133	1022
1111	1159	1133
1159	1137	1133
1111	1186	1159
1186	1280	1159
1111	1170	1186
1111	1085	1170
1111	1039	1085
1039	1088	1085
1039	974	1088
1376	1340	1280
163	149	133
789	771	765
77	152	137
117	208	171
153	215	176
153	236	215
215	295	176
176	136	153
227	267	270
250	323	318
323	409	318
323	367	409
367	407	409
288	289	430
289	446	430
307	376	324
325	401	433
401	517	433
517	526	433
526	436	433
436	325	433
436	295	325
295	277	325
436	404	295
436	477	404
436	526	477
526	653	477
653	649	477
649	522	477
649	628	522
628	606	522
606	432	522
606	453	432
628	670	606
670	744	606
628	745	670
628	649	745
649	715	745
715	778	745
649	653	715
653	774	715
653	691	774
691	821	774
653	526	691
401	473	517
473	550	517
401	395	473
395	372	473
395	363	372
342	448	413
448	475	413
448	429	475
448	391	429
391	474	429
391	366	474
391	276	366
391	448	276
448	342	276
386	456	422
438	511	494
511	518	494
511	559	518
559	636	518
559	677	636
559	622	677
441	563	556
563	645	556
444	502	516
444	537	502
537	615	502
615	591	502
591	516	502
591	572	516
591	726	572
516	425	444
492	584	592
499	552	515
552	587	515
587	614	515
499	538	552
562	667	629
667	644	629
644	603	629
644	654	603
654	569	603
654	637	569
654	710	637
710	696	637
710	741	696
710	799	741
799	822	741
799	862	822
862	904	822
904	871	822
871	893	822
893	854	822
871	949	893
871	1034	949
871	950	1034
871	904	950
904	1009	950
1009	1038	950
1009	1081	1038
1081	1110	1038
1081	1188	1110
1081	1158	1188
1158	1281	1188
1158	1214	1281
1158	1136	1214
1136	1177	1214
1136	1164	1177
1164	1219	1177
1219	1236	1177
1236	1220	1177
1220	1383	1177
1236	1253	1220
1236	1260	1253
1236	1276	1260
1276	1381	1260
1276	1392	1381
1392	1438	1381
1438	1417	1381
1392	1341	1438
1341	1413	1438
1413	1555	1438
1555	1706	1438
1555	1735	1706
1555	1670	1735
1555	1616	1670
1616	1629	1670
1629	1677	1670
1629	1601	1677
1601	1651	1677
1601	1574	1651
1574	1630	1651
1630	1717	1651
1630	1753	1717
1753	1762	1717
1753	1840	1762
1840	1792	1762
1840	1864	1792
1864	1915	1792
1864	1978	1915
1864	1942	1978
1864	1919	1942
1919	1953	1942
1919	1840	1953
1840	1988	1953
1988	2000	1953
1988	2122	2000
1988	1985	2122
1985	1965	2122
1965	2110	2122
2110	2279	2122
2110	2185	2279
2185	2292	2279
2292	2396	2279
2396	2383	2279
2396	2410	2383
2410	2412	2383
2396	2498	2410
2498	2548	2410
2498	2651	2548
2651	2753	2548
2753	2780	2548
2498	2491	2651
2491	2538	2651
2538	2633	2651
2633	2671	2651
2671	2687	2651
2633	2673	2671
2633	2592	2673
2633	2538	2592
2491	2451	2538
2451	2427	2538
2427	2423	2538
2427	2330	2423
2330	2308	2423
2330	2200	2308
2200	2277	2308
2200	2178	2277
2178	2154	2277
2330	2156	2200
2330	2185	2156
2330	2292	2185
2330	2396	2292
2330	2451	2396
2451	2491	2396
2491	2498	2396
2330	2427	2451
1965	2090	2110
1985	1828	1965
1985	1869	1828
1869	1818	1828
1818	1803	1828
1803	1772	1828
1772	1692	1828
1772	1689	1692
1772	1618	1689
1772	1767	1618
1767	1680	1618
1680	1614	1618
1614	1521	1618
1614	1512	1521
1512	1500	1521
1512	1397	1500
1397	1447	1500
1397	1299	1447
1512	1439	1397
1439	1325	1397
1439	1310	1325
1439	1430	1310
1430	1331	1310
1331	1276	1310
1276	1236	1310
1236	1244	1310
1236	1219	1244
1219	1164	1244
1331	1341	1276
1341	1392	1276
1331	1352	1341
1352	1413	1341
1352	1464	1413
1464	1555	1413
1464	1616	1555
1464	1574	1616
1574	1629	1616
1574	1601	1629
1464	1446	1574
1446	1630	1574
1446	1485	1630
1485	1635	1630
1635	1753	1630
1635	1680	1753
1680	1767	1753
1767	1817	1753
1817	1829	1753
1829	1840	1753
1829	1961	1840
1961	1988	1840
1961	1985	1988
1961	1869	1985
1961	1829	1869
1829	1817	1869
1817	1818	1869
1817	1767	1818
1767	1803	1818
1767	1772	1803
1635	1614	1680
1635	1538	1614
1538	1512	1614
1538	1439	1512
1538	1430	1439
1538	1485	1430
1485	1416	1430
1416	1331	1430
1416	1352	1331
1416	1405	1352
1405	1464	1352
1405	1446	1464
1405	1416	1446
1416	1485	1446
1538	1635	1485
1919	1864	1840
1136	1121	1164
1121	1098	1164
1121	1158	1098
1158	1078	1098
1078	1009	1098
1078	1081	1009
1078	1158	1081
1121	1136	1158
904	918	1009
904	874	918
874	862	918
862	803	918
803	869	918
869	964	918
964	1030	918
964	1035	1030
1035	1104	1030
1035	1107	1104
1035	1105	1107
1105	1135	1107
1105	1087	1135
1105	1001	1087
1105	1035	1001
1035	975	1001
975	939	1001
939	901	1001
975	884	939
884	816	939
884	843	816
843	732	816
732	784	816
732	667	784
667	743	784
732	644	667
732	707	644
707	654	644
707	710	654
707	767	710
767	799	710
767	803	799
803	862	799
767	843	803
843	869	803
843	884	869
884	964	869
884	960	964
960	1035	964
960	975	1035
960	884	975
767	732	843
767	707	732
874	904	862
568	682	601
682	756	601
756	599	601
571	646	605
646	704	605
704	721	605
577	699	612
699	706	612
635	718	717
681	714	764
714	837	764
837	833	764
714	945	837
945	1025	837
945	1066	1025
1066	1091	1025
714	760	945
760	895	945
760	779	895
779	999	895
779	781	999
781	1043	999
779	645	781
709	753	740
753	811	740
728	748	808
733	841	790
841	863	790
863	864	790
863	947	864
733	824	841
824	880	841
824	851	880
824	802	851
739	953	919
919	718	739
953	1086	919
742	782	910
761	856	892
892	885	761
762	859	827
777	848	907
848	1019	907
786	797	1000
797	993	1000
993	1120	1000
1120	1079	1000
1079	991	1000
991	786	1000
991	979	786
991	1057	979
1057	948	979
991	1079	1057
1079	1258	1057
993	1122	1120
1122	1165	1120
1122	1033	1165
1122	993	1033
791	807	940
807	913	940
913	1093	940
807	845	913
845	948	913
940	911	791
818	860	866
860	982	866
982	997	866
982	1018	997
823	883	933
883	986	933
986	1058	933
986	1109	1058
933	830	823
835	916	875
842	908	917
870	928	887
888	909	936
909	957	936
896	930	942
930	955	942
900	931	902
912	951	943
925	946	996
946	1097	996
925	844	946
934	980	1012
934	958	980
958	1092	980
1092	1090	980
1090	1012	980
1090	1106	1012
1090	1173	1106
1173	1211	1106
958	956	1092
956	942	1092
942	1190	1092
937	1044	1020
978	1166	1015
1166	1246	1015
1166	1272	1246
995	1059	1029
1004	1100	1011
1100	1023	1011
1100	1128	1023
1128	1080	1023
1006	1047	1042
1006	947	1047
1021	1247	1179
1021	1052	1247
1021	988	1052
1040	1172	1169
1040	1223	1172
1223	1356	1172
1356	1194	1172
1194	1169	1172
1223	1360	1356
1040	1126	1223
1126	1152	1223
1048	1073	1095
1073	1148	1095
1148	1231	1095
1049	1226	1141
1141	1044	1049
1226	1319	1141
1226	1297	1319
1053	1176	1071
1054	1132	1134
1132	1282	1134
1282	1321	1134
1321	1168	1134
1321	1197	1168
1321	1378	1197
1321	1460	1378
1460	1447	1378
1321	1282	1460
1282	1451	1460
1282	1287	1451
1287	1329	1451
1329	1377	1451
1282	1132	1287
1064	1156	1129
1156	1210	1129
1067	1115	1096
1115	1143	1096
1116	1237	1362
1117	1153	1140
1153	1309	1140
1153	1232	1309
1232	1398	1309
1118	1278	1364
1278	1317	1364
1317	1426	1364
1426	1608	1364
1608	1633	1364
1633	1494	1364
1494	1372	1364
1372	1118	1364
1372	1288	1118
1372	1429	1288
1429	1411	1288
1411	1285	1288
1411	1354	1285
1354	1207	1285
1207	1183	1285
1411	1468	1354
1468	1403	1354
1468	1562	1403
1562	1524	1403
1562	1600	1524
1562	1695	1600
1562	1737	1695
1737	1924	1695
1737	1911	1924
1911	1969	1924
1969	1977	1924
1977	1968	1924
1969	2100	1977
1969	2127	2100
2127	2259	2100
2259	2265	2100
2265	2134	2100
2134	2064	2100
2134	2236	2064
2236	2015	2064
2015	1968	2064
2015	1946	1968
2015	1923	1946
2134	2265	2236
2265	2399	2236
2265	2259	2399
2259	2392	2399
2259	2181	2392
2259	2127	2181
2127	2155	2181
2127	2102	2155
2127	2047	2102
2127	1903	2047
1903	1822	2047
1903	1737	1822
1903	1911	1737
1903	2127	1911
2127	1969	1911
1429	1580	1411
1580	1587	1411
1429	1479	1580
1479	1705	1580
1705	1761	1580
1479	1494	1705
1494	1709	1705
1494	1633	1709
1633	1710	1709
1633	1720	1710
1633	1608	1720
1479	1372	1494
1479	1429	1372
1426	1590	1608
1426	1457	1590
1317	1233	1426
1317	1278	1233
1123	1206	1209
1123	1261	1206
1261	1228	1206
1228	1209	1206
1228	1368	1209
1228	1452	1368
1228	1261	1452
1261	1292	1452
1261	1246	1292
1124	1146	1294
1146	1273	1294
1273	1343	1294
1343	1369	1294
1127	1327	1163
1327	1205	1163
1138	1181	1295
1139	1284	1251
1284	1359	1251
1359	1267	1251
1144	1208	1305
1208	1348	1305
1348	1444	1305
1167	1182	1265
1182	1311	1265
1311	1324	1265
1324	1262	1265
1262	1167	1265
1311	1384	1324
1182	1266	1311
1174	1323	1291
1323	1342	1291
1342	1396	1291
1323	1458	1342
1323	1395	1458
1184	1227	1274
1227	1243	1274
1189	1201	1254
1201	1313	1254
1313	1366	1254
1313	1474	1366
1474	1581	1366
1193	1344	1355
1344	1552	1355
1344	1543	1552
1543	1606	1552
1344	1333	1543
1217	1240	1335
1217	1190	1240
1190	1145	1240
1235	1334	1350
1334	1436	1350
1436	1402	1350
1436	1443	1402
1436	1564	1443
1564	1522	1443
1522	1440	1443
1522	1486	1440
1522	1561	1486
1522	1661	1561
1522	1564	1661
1564	1669	1661
1334	1462	1436
1239	1365	1328
1239	1295	1365
1245	1300	1271
1300	1334	1271
1245	1275	1300
1250	1389	1332
1389	1499	1332
1256	1257	1296
1257	1258	1296
1283	1400	1363
1283	1386	1400
1386	1463	1400
1386	1391	1463
1391	1520	1463
1386	1302	1391
1337	1351	1508
1351	1526	1508
1526	1584	1508
1584	1513	1508
1584	1722	1513
1722	1655	1513
1722	1799	1655
1799	1641	1655
1641	1625	1655
1722	1744	1799
1722	1730	1744
1730	1814	1744
1814	1957	1744
1730	1768	1814
1730	1632	1768
1632	1736	1768
1736	1786	1768
1632	1622	1736
1730	1591	1632
1730	1584	1591
1584	1526	1591
1730	1722	1584
1357	1557	1545
1557	1648	1545
1380	1387	1473
1385	1434	1502
1390	1459	1542
1542	1480	1390
1399	1453	1540
1540	1567	1399
1401	1610	1703
1406	1507	1410
1406	1396	1507
1507	1603	1410
1507	1707	1603
1707	1673	1603
1673	1433	1603
1507	1674	1707
1507	1554	1674
1554	1586	1674
1554	1458	1586
1410	1284	1406
1409	1487	1488
1409	1427	1487
1427	1556	1487
1556	1488	1487
1556	1569	1488
1569	1493	1488
1493	1409	1488
1569	1624	1493
1624	1428	1493
1624	1678	1428
1678	1694	1428
1694	1610	1428
1678	1757	1694
1757	1777	1694
1757	1948	1777
1757	1826	1948
1826	1982	1948
1826	2006	1982
2006	2261	1982
2261	2225	1982
2261	2316	2225
2316	2190	2225
2316	2361	2190
2316	2480	2361
2480	2494	2361
2494	2470	2361
2470	2285	2361
2470	2247	2285
2470	2242	2247
2242	2157	2247
2242	2106	2157
2106	2099	2157
2106	1913	2099
2106	1944	1913
2470	2530	2242
2530	2432	2242
2470	2655	2530
2470	2494	2655
2494	2752	2655
2752	2785	2655
2752	2806	2785
2752	2866	2806
2752	2924	2866
2924	3057	2866
2924	3099	3057
3099	3127	3057
2924	3087	3099
3087	3256	3099
3256	3302	3099
3256	3362	3302
3362	3352	3302
3352	3381	3302
3352	3459	3381
3459	3489	3381
3489	3483	3381
3489	3506	3483
3489	3561	3506
3489	3596	3561
3596	3704	3561
3596	3797	3704
3797	3815	3704
3596	3691	3797
3691	3873	3797
3691	3876	3873
3691	3708	3876
3708	3786	3876
3786	3856	3876
3856	3918	3876
3856	3916	3918
3856	3827	3916
3827	3912	3916
3912	3984	3916
3912	3948	3984
3948	4054	3984
3948	4100	4054
3948	4002	4100
3948	3969	4002
3969	4012	4002
3969	4034	4012
4034	4183	4012
3969	3939	4034
3939	4029	4034
3939	3947	4029
3947	3979	4029
3979	4079	4029
3979	4042	4079
4042	4202	4079
4202	4161	4079
4042	4241	4202
4241	4266	4202
4241	4289	4266
4289	4387	4266
4387	4323	4266
4387	4386	4323
4386	4345	4323
4345	4252	4323
4345	4311	4252
4345	4472	4311
4345	4386	4472
4386	4435	4472
4435	4466	4472
4466	4515	4472
4515	4509	4472
4509	4479	4472
4509	4558	4479
4558	4610	4479
4610	4505	4479
4505	4493	4479
4493	4369	4479
4493	4456	4369
4456	4332	4369
4332	4330	4369
4330	4223	4369
4223	4248	4369
4330	4144	4223
4493	4554	4456
4554	4506	4456
4554	4604	4506
4604	4633	4506
4633	4598	4506
4598	4486	4506
4598	4550	4486
4550	4508	4486
4508	4428	4486
4508	4403	4428
4403	4344	4428
4403	4278	4344
4278	4164	4344
4164	4160	4344
4164	3989	4160
4164	3966	3989
3966	3907	3989
3907	3874	3989
4164	4019	3966
4164	4081	4019
4550	4529	4508
4550	4605	4529
4605	4630	4529
4630	4530	4529
4630	4649	4530
4630	4669	4649
4669	4760	4649
4760	4705	4649
4705	4619	4649
4705	4618	4619
4705	4613	4618
4705	4730	4613
4730	4693	4613
4693	4539	4613
4539	4495	4613
4693	4593	4539
4593	4520	4539
4593	4534	4520
4593	4606	4534
4606	4561	4534
4561	4480	4534
4480	4389	4534
4389	4339	4534
4389	4310	4339
4310	4188	4339
4188	4216	4339
4310	4292	4188
4292	4072	4188
4292	4061	4072
4061	3951	4072
3951	3995	4072
3951	3784	3995
3951	3734	3784
3951	3729	3734
3729	3478	3734
3729	3611	3478
4292	4180	4061
4180	4087	4061
4180	4214	4087
4180	4262	4214
4262	4306	4214
4180	4292	4262
4292	4389	4262
4292	4310	4389
4561	4697	4480
4561	4702	4697
4702	4725	4697
4725	4706	4697
4702	4769	4725
4769	4845	4725
4769	4861	4845
4861	4933	4845
4933	4913	4845
4933	4959	4913
4959	4966	4913
4959	5007	4966
5007	5009	4966
5009	4980	4966
4980	4901	4966
4980	4935	4901
4935	4831	4901
4935	4941	4831
4941	4794	4831
4941	4825	4794
4941	4915	4825
4915	4840	4825
4840	4799	4825
4840	4795	4799
4840	4868	4795
4868	4784	4795
4784	4752	4795
4784	4830	4752
4830	4772	4752
4772	4692	4752
4692	4621	4752
4692	4536	4621
4536	4551	4621
4692	4679	4536
4679	4502	4536
4502	4489	4536
4692	4722	4679
4692	4772	4722
4772	4786	4722
4786	4677	4722
4786	4777	4677
4777	4661	4677
4786	4864	4777
4864	4797	4777
4864	4846	4797
4846	4738	4797
4846	4811	4738
4811	4660	4738
4660	4631	4738
4631	4552	4738
4552	4678	4738
4631	4563	4552
4563	4522	4552
4631	4603	4563
4631	4660	4603
4660	4602	4603
4660	4742	4602
4742	4585	4602
4585	4465	4602
4742	4695	4585
4742	4739	4695
4739	4727	4695
4727	4612	4695
4612	4599	4695
4612	4526	4599
4612	4474	4526
4474	4437	4526
4437	4418	4526
4437	4290	4418
4612	4548	4474
4548	4512	4474
4512	4368	4474
4512	4393	4368
4393	4319	4368
4319	4233	4368
4319	4220	4233
4220	4064	4233
4220	4199	4064
4199	4055	4064
4055	3960	4064
3960	3938	4064
3938	3975	4064
3960	3881	3938
3960	4055	3881
4055	3962	3881
4220	4319	4199
4319	4285	4199
4285	4237	4199
4285	4235	4237
4285	4322	4235
4322	4250	4235
4322	4312	4250
4312	4117	4250
4312	4259	4117
4259	4106	4117
4106	3987	4117
4312	4397	4259
4312	4425	4397
4425	4458	4397
4458	4432	4397
4425	4457	4458
4425	4416	4457
4416	4401	4457
4401	4500	4457
4500	4577	4457
4500	4597	4577
4597	4622	4577
4622	4590	4577
4622	4698	4590
4698	4682	4590
4698	4761	4682
4761	4749	4682
4749	4642	4682
4749	4747	4642
4747	4680	4642
4747	4675	4680
4675	4651	4680
4675	4487	4651
4487	4462	4651
4462	4501	4651
4462	4424	4501
4424	4434	4501
4424	4413	4434
4413	4381	4434
4381	4432	4434
4424	4356	4413
4356	4283	4413
4356	4313	4283
4313	4210	4283
4210	4090	4283
4090	4166	4283
4090	4103	4166
4090	4070	4103
4070	4022	4103
4022	4032	4103
4022	3955	4032
3955	3866	4032
3955	3810	3866
3955	3956	3810
3956	3878	3810
3878	3697	3810
3697	3685	3810
3878	3739	3697
3739	3641	3697
3739	3679	3641
3679	3542	3641
3542	3432	3641
3679	3682	3542
3679	3765	3682
3765	3823	3682
3823	3758	3682
3758	3551	3682
3823	3817	3758
3679	3739	3765
3739	3872	3765
3739	3878	3872
3878	4011	3872
3878	3956	4011
3956	4090	4011
4090	4119	4011
4119	4114	4011
4119	4207	4114
4207	4212	4114
4119	4210	4207
4119	4090	4210
3956	4070	4090
3956	4022	4070
3956	3955	4022
4356	4364	4313
4356	4442	4364
4442	4414	4364
4414	4358	4364
4414	4373	4358
4373	4300	4358
4373	4471	4300
4442	4487	4414
4442	4462	4487
4442	4356	4462
4356	4424	4462
4675	4687	4487
4675	4770	4687
4770	4767	4687
4767	4674	4687
4767	4731	4674
4731	4625	4674
4625	4580	4674
4625	4484	4580
4484	4468	4580
4468	4471	4580
4468	4394	4471
4468	4484	4394
4484	4363	4394
4625	4620	4484
4620	4570	4484
4625	4655	4620
4625	4732	4655
4732	4757	4655
4732	4818	4757
4818	4843	4757
4843	4871	4757
4871	4789	4757
4789	4748	4757
4789	4804	4748
4804	4762	4748
4762	4629	4748
4762	4637	4629
4637	4587	4629
4587	4609	4629
4587	4544	4609
4544	4559	4609
4587	4521	4544
4587	4519	4521
4519	4449	4521
4519	4588	4449
4519	4637	4588
4637	4646	4588
4646	4670	4588
4670	4601	4588
4601	4517	4588
4517	4473	4588
4517	4410	4473
4601	4608	4517
4601	4709	4608
4709	4694	4608
4694	4596	4608
4709	4745	4694
4709	4822	4745
4822	4887	4745
4822	4931	4887
4931	4964	4887
4964	4911	4887
4911	4839	4887
4911	4850	4839
4850	4768	4839
4850	4829	4768
4829	4824	4768
4824	4700	4768
4700	4703	4768
4700	4540	4703
4540	4569	4703
4700	4650	4540
4700	4824	4650
4829	4833	4824
4833	4903	4824
4833	4877	4903
4877	4970	4903
4970	5004	4903
5004	4948	4903
4948	4912	4903
4912	4867	4903
4912	4902	4867
4902	4858	4867
4902	4923	4858
4923	4823	4858
4902	4922	4923
4922	4954	4923
4954	4955	4923
4954	4993	4955
4993	5015	4955
5015	5026	4955
5026	5012	4955
5012	4896	4955
4896	4872	4955
4896	4821	4872
4821	4838	4872
4838	4812	4872
4838	4721	4812
4721	4787	4812
4721	4691	4787
4838	4821	4721
4821	4707	4721
4821	4719	4707
4719	4657	4707
4719	4666	4657
4666	4567	4657
4666	4595	4567
4595	4496	4567
4496	4443	4567
4496	4396	4443
4396	4412	4443
4412	4455	4443
4396	4341	4412
4396	4294	4341
4294	4268	4341
4595	4504	4496
4595	4641	4504
4641	4632	4504
4632	4594	4504
4632	4638	4594
4638	4511	4594
4638	4578	4511
4578	4483	4511
4483	4490	4511
4578	4527	4483
4578	4591	4527
4591	4556	4527
4556	4439	4527
4556	4459	4439
4459	4352	4439
4352	4378	4439
4378	4380	4439
4459	4402	4352
4402	4284	4352
4284	4239	4352
4284	4254	4239
4254	4154	4239
4254	4222	4154
4254	4317	4222
4317	4335	4222
4335	4187	4222
4335	4280	4187
4280	4245	4187
4245	4174	4187
4174	4091	4187
4245	4192	4174
4245	4272	4192
4272	4153	4192
4272	4256	4153
4272	4304	4256
4304	4293	4256
4304	4342	4293
4342	4334	4293
4334	4227	4293
4334	4258	4227
4258	4181	4227
4181	4170	4227
4170	4150	4227
4170	4036	4150
4036	4102	4150
4036	4001	4102
4001	4094	4102
4001	3898	4094
3898	4023	4094
4023	4107	4094
4023	4153	4107
4001	3915	3898
3915	3859	3898
3915	3752	3859
3752	3741	3859
3741	3811	3859
3741	3788	3811
3788	3900	3811
3915	3891	3752
3891	3736	3752
3736	3597	3752
3597	3594	3752
3736	3705	3597
4181	4074	4170
4181	4096	4074
4096	4051	4074
4051	4003	4074
4051	4015	4003
4051	4096	4015
4096	4067	4015
4067	4005	4015
4005	3950	4015
3950	3840	4015
4005	3999	3950
3999	3941	3950
3999	3965	3941
3965	3844	3941
3965	3976	3844
3976	3875	3844
3875	3753	3844
3753	3712	3844
3753	3655	3712
3655	3599	3712
3599	3582	3712
3655	3644	3599
3644	3583	3599
3583	3516	3599
3516	3510	3599
3516	3464	3510
3464	3378	3510
3516	3511	3464
3516	3583	3511
3583	3570	3511
3583	3619	3570
3619	3637	3570
3637	3598	3570
3598	3491	3570
3637	3609	3598
3637	3711	3609
3711	3654	3609
3654	3612	3609
3612	3465	3609
3612	3405	3465
3405	3351	3465
3351	3278	3465
3654	3714	3612
3714	3707	3612
3707	3571	3612
3571	3536	3612
3571	3618	3536
3618	3451	3536
3618	3469	3451
3618	3602	3469
3618	3663	3602
3663	3786	3602
3786	3708	3602
3708	3566	3602
3708	3691	3566
3691	3596	3566
3596	3489	3566
3489	3459	3566
3663	3790	3786
3790	3827	3786
3827	3856	3786
3790	3770	3827
3770	3816	3827
3816	3912	3827
3816	3886	3912
3886	3948	3912
3886	3877	3948
3877	3969	3948
3877	3939	3969
3877	3857	3939
3857	3911	3939
3911	3947	3939
3911	3903	3947
3903	3930	3947
3930	3979	3947
3930	4042	3979
3903	3875	3930
3875	3976	3930
3903	3778	3875
3778	3771	3875
3771	3753	3875
3771	3644	3753
3644	3655	3753
3771	3743	3644
3743	3722	3644
3722	3619	3644
3619	3607	3644
3607	3583	3644
3607	3619	3583
3722	3723	3619
3723	3637	3619
3723	3747	3637
3747	3711	3637
3747	3764	3711
3764	3775	3711
3775	3654	3711
3775	3714	3654
3775	3834	3714
3834	3707	3714
3834	3715	3707
3715	3571	3707
3715	3618	3571
3715	3690	3618
3690	3663	3618
3690	3790	3663
3690	3770	3790
3690	3715	3770
3715	3834	3770
3834	3816	3770
3834	3886	3816
3834	3877	3886
3834	3857	3877
3834	3775	3857
3775	3831	3857
3831	3911	3857
3831	3832	3911
3832	3903	3911
3832	3778	3903
3832	3743	3778
3743	3771	3778
3832	3722	3743
3832	3801	3722
3801	3723	3722
3801	3764	3723
3764	3747	3723
3801	3831	3764
3831	3775	3764
3801	3832	3831
3965	3999	3976
3999	4068	3976
4068	4112	3976
4068	4143	4112
4143	4122	4112
4143	4257	4122
4257	4241	4122
4241	4042	4122
4257	4289	4241
4257	4375	4289
4375	4445	4289
4445	4387	4289
4445	4478	4387
4478	4452	4387
4452	4435	4387
4435	4386	4387
4452	4466	4435
4452	4478	4466
4478	4516	4466
4516	4584	4466
4584	4515	4466
4584	4576	4515
4576	4558	4515
4558	4509	4515
4576	4568	4558
4568	4610	4558
4568	4664	4610
4664	4684	4610
4684	4634	4610
4634	4643	4610
4643	4505	4610
4643	4554	4505
4554	4493	4505
4643	4604	4554
4643	4659	4604
4659	4633	4604
4659	4744	4633
4744	4714	4633
4714	4668	4633
4668	4598	4633
4668	4605	4598
4605	4550	4598
4668	4686	4605
4686	4630	4605
4686	4669	4630
4686	4746	4669
4746	4760	4669
4746	4793	4760
4793	4851	4760
4851	4791	4760
4791	4705	4760
4791	4758	4705
4758	4730	4705
4758	4741	4730
4741	4693	4730
4741	4593	4693
4758	4809	4741
4809	4875	4741
4875	4893	4741
4893	4798	4741
4798	4774	4741
4798	4759	4774
4798	4841	4759
4841	4769	4759
4769	4702	4759
4841	4861	4769
4841	4924	4861
4924	4933	4861
4924	5010	4933
5010	4984	4933
4984	4959	4933
4984	5007	4959
4984	5010	5007
5010	5042	5007
5042	5009	5007
5010	5064	5042
5010	5048	5064
5048	5049	5064
5049	5093	5064
5093	5108	5064
5093	5100	5108
5093	5085	5100
5093	5063	5085
5063	5051	5085
5051	5081	5085
5063	5043	5051
5063	5049	5043
5049	5048	5043
5048	5024	5043
5024	4995	5043
5024	5010	4995
5010	4924	4995
4924	4893	4995
4893	4928	4995
4928	4943	4995
4928	4875	4943
4875	4876	4943
4876	4914	4943
4876	4851	4914
4851	4853	4914
4853	4926	4914
4926	4950	4914
4950	4982	4914
4950	4977	4982
4977	4992	4982
4977	4974	4992
4974	4952	4992
4974	4946	4952
4946	4939	4952
4939	4949	4952
4949	5023	4952
4949	4972	5023
4949	4958	4972
4958	4937	4972
4937	4953	4972
4953	4989	4972
4989	5052	4972
4989	5019	5052
5019	5058	5052
5058	5077	5052
5077	5076	5052
5076	5067	5052
5067	5059	5052
5067	5075	5059
5075	5081	5059
5075	5107	5081
5075	5101	5107
5075	5088	5101
5088	5095	5101
5088	5077	5095
5088	5076	5077
5088	5075	5076
5075	5067	5076
5058	5035	5077
5058	5032	5035
5058	5019	5032
5019	4930	5032
5019	4932	4930
4932	4925	4930
4925	4862	4930
4862	4883	4930
4862	4802	4883
4802	4859	4883
4859	4880	4883
4859	4828	4880
4828	4821	4880
4821	4908	4880
4821	4896	4908
4828	4778	4821
4778	4719	4821
4778	4729	4719
4729	4666	4719
4729	4689	4666
4689	4641	4666
4641	4595	4666
4689	4736	4641
4736	4632	4641
4736	4728	4632
4728	4638	4632
4728	4779	4638
4779	4708	4638
4708	4665	4638
4665	4578	4638
4665	4663	4578
4663	4591	4578
4663	4662	4591
4662	4586	4591
4586	4556	4591
4586	4525	4556
4525	4459	4556
4525	4402	4459
4525	4453	4402
4453	4392	4402
4392	4374	4402
4374	4317	4402
4317	4284	4402
4317	4254	4284
4374	4335	4317
4374	4392	4335
4392	4366	4335
4366	4280	4335
4366	4365	4280
4365	4245	4280
4365	4340	4245
4340	4272	4245
4340	4314	4272
4314	4304	4272
4314	4342	4304
4314	4362	4342
4362	4399	4342
4399	4417	4342
4417	4334	4342
4417	4372	4334
4372	4258	4334
4372	4303	4258
4303	4236	4258
4236	4181	4258
4236	4096	4181
4236	4125	4096
4125	4067	4096
4125	4143	4067
4143	4068	4067
4068	3999	4067
3999	4005	4067
4125	4231	4143
4231	4257	4143
4125	4249	4231
4125	4236	4249
4236	4303	4249
4372	4436	4303
4372	4475	4436
4475	4510	4436
4510	4557	4436
4557	4445	4436
4445	4404	4436
4404	4375	4436
4404	4445	4375
4557	4516	4445
4516	4478	4445
4557	4542	4516
4542	4584	4516
4542	4589	4584
4589	4640	4584
4640	4576	4584
4640	4568	4576
4640	4664	4568
4640	4681	4664
4681	4683	4664
4683	4684	4664
4683	4740	4684
4740	4688	4684
4688	4634	4684
4688	4643	4634
4740	4773	4688
4740	4792	4773
4792	4801	4773
4801	4815	4773
4815	4806	4773
4806	4776	4773
4806	4855	4776
4855	4803	4776
4803	4780	4776
4780	4744	4776
4744	4659	4776
4780	4783	4744
4783	4714	4744
4783	4755	4714
4755	4711	4714
4711	4668	4714
4711	4686	4668
4711	4724	4686
4724	4746	4686
4724	4755	4746
4755	4793	4746
4755	4783	4793
4783	4835	4793
4835	4856	4793
4856	4853	4793
4853	4851	4793
4856	4863	4853
4863	4906	4853
4906	4926	4853
4906	4950	4926
4906	4974	4950
4974	4977	4950
4906	4899	4974
4899	4946	4974
4899	4918	4946
4918	4904	4946
4904	4939	4946
4904	4898	4939
4898	4937	4939
4937	4958	4939
4958	4949	4939
4904	4890	4898
4890	4865	4898
4865	4878	4898
4865	4842	4878
4842	4874	4878
4874	4869	4878
4869	4917	4878
4874	4849	4869
4874	4766	4849
4766	4810	4849
4810	4779	4849
4810	4790	4779
4790	4708	4779
4790	4717	4708
4717	4663	4708
4663	4690	4708
4690	4665	4708
4690	4663	4665
4717	4662	4663
4717	4734	4662
4734	4701	4662
4701	4586	4662
4701	4654	4586
4654	4555	4586
4555	4525	4586
4555	4453	4525
4555	4535	4453
4535	4523	4453
4523	4429	4453
4429	4419	4453
4419	4366	4453
4366	4392	4453
4419	4365	4366
4419	4340	4365
4419	4362	4340
4362	4314	4340
4419	4463	4362
4463	4399	4362
4419	4429	4463
4429	4514	4463
4514	4547	4463
4547	4549	4463
4547	4616	4549
4616	4623	4549
4623	4607	4549
4607	4565	4549
4565	4477	4549
4477	4399	4549
4477	4417	4399
4477	4475	4417
4475	4372	4417
4477	4510	4475
4477	4565	4510
4565	4557	4510
4565	4607	4557
4607	4589	4557
4589	4542	4557
4607	4623	4589
4623	4667	4589
4667	4640	4589
4667	4681	4640
4667	4712	4681
4712	4710	4681
4710	4683	4681
4710	4740	4683
4710	4743	4740
4743	4808	4740
4808	4792	4740
4808	4817	4792
4817	4842	4792
4842	4801	4792
4842	4865	4801
4865	4815	4801
4865	4826	4815
4826	4806	4815
4826	4866	4806
4866	4855	4806
4866	4870	4855
4870	4886	4855
4886	4835	4855
4835	4803	4855
4835	4783	4803
4783	4780	4803
4886	4899	4835
4899	4879	4835
4879	4856	4835
4879	4863	4856
4879	4906	4863
4879	4899	4906
4886	4918	4899
4886	4897	4918
4897	4904	4918
4897	4890	4904
4897	4866	4890
4866	4865	4890
4866	4826	4865
4897	4870	4866
4897	4886	4870
4817	4808	4842
4808	4800	4842
4800	4796	4842
4796	4874	4842
4796	4766	4874
4796	4785	4766
4785	4756	4766
4756	4734	4766
4734	4790	4766
4790	4810	4766
4734	4717	4790
4756	4701	4734
4756	4754	4701
4754	4699	4701
4699	4656	4701
4656	4654	4701
4656	4600	4654
4600	4555	4654
4600	4535	4555
4600	4545	4535
4545	4523	4535
4545	4514	4523
4514	4429	4523
4545	4547	4514
4545	4600	4547
4600	4628	4547
4628	4616	4547
4628	4672	4616
4672	4667	4616
4667	4623	4616
4672	4712	4667
4672	4716	4712
4716	4743	4712
4743	4710	4712
4716	4713	4743
4713	4775	4743
4775	4808	4743
4775	4800	4808
4775	4785	4800
4785	4796	4800
4775	4754	4785
4754	4756	4785
4775	4699	4754
4775	4713	4699
4713	4685	4699
4685	4656	4699
4685	4600	4656
4685	4628	4600
4685	4672	4628
4685	4713	4672
4713	4716	4672
4724	4711	4755
4736	4764	4728
4736	4837	4764
4736	4802	4837
4802	4862	4837
4862	4925	4837
4736	4689	4802
4689	4729	4802
4729	4771	4802
4771	4859	4802
4771	4828	4859
4771	4778	4828
4771	4729	4778
5019	4961	4932
5019	4994	4961
4994	4989	4961
4989	4953	4961
4953	4942	4961
4953	4937	4942
4937	4917	4942
4994	5019	4989
4876	4854	4851
4854	4791	4851
4854	4809	4791
4809	4758	4791
4854	4875	4809
4854	4876	4875
4928	4893	4875
4924	4841	4893
4841	4798	4893
5024	5048	5010
5063	5093	5049
5026	5072	5012
5072	5038	5012
5026	5068	5072
5068	5098	5072
5068	5123	5098
5123	5138	5098
5123	5148	5138
5148	5146	5138
5146	5138	5122
5123	5147	5148
5147	5159	5148
5147	5156	5159
5156	5162	5159
5156	5161	5162
5161	5158	5162
5158	5152	5162
5158	5142	5152
5142	5141	5152
5142	5131	5141
5131	5120	5141
5120	5124	5141
5124	5126	5141
5126	5132	5141
5126	5108	5132
5126	5118	5108
5126	5124	5118
5124	5120	5118
5120	5099	5118
5120	5096	5099
5096	5054	5099
5096	5062	5054
5062	5033	5054
5033	5009	5054
5033	4971	5009
4971	4980	5009
4971	4935	4980
4971	4941	4935
4971	4981	4941
4981	4944	4941
4944	4915	4941
4944	4957	4915
4957	4945	4915
4945	4868	4915
4868	4840	4915
4945	4900	4868
4900	4830	4868
4830	4784	4868
4900	4772	4830
4900	4916	4772
4916	4786	4772
4916	4864	4786
4916	4936	4864
4936	4846	4864
4916	4956	4936
4956	4976	4936
4976	4973	4936
4976	5002	4973
5002	5000	4973
5000	4996	4973
4996	4947	4973
4947	4889	4973
4947	4847	4889
4847	4852	4889
4852	4846	4889
4852	4811	4846
4852	4816	4811
4816	4660	4811
4816	4788	4660
4788	4742	4660
4788	4739	4742
4788	4834	4739
4834	4805	4739
4805	4727	4739
4805	4781	4727
4781	4763	4727
4763	4726	4727
4726	4639	4727
4639	4612	4727
4639	4548	4612
4639	4597	4548
4597	4500	4548
4500	4512	4548
4500	4393	4512
4500	4401	4393
4401	4319	4393
4401	4416	4319
4416	4285	4319
4416	4322	4285
4416	4425	4322
4425	4312	4322
4639	4673	4597
4673	4622	4597
4673	4698	4622
4673	4782	4698
4782	4761	4698
4673	4726	4782
4726	4827	4782
4726	4763	4827
4763	4836	4827
4836	4873	4827
4873	4885	4827
4873	4891	4885
4891	4919	4885
4919	4905	4885
4905	4888	4885
4905	4920	4888
4920	4884	4888
4920	4820	4884
4820	4814	4884
4820	4770	4814
4770	4747	4814
4747	4749	4814
4749	4761	4814
4770	4675	4747
4820	4767	4770
4820	4807	4767
4807	4731	4767
4807	4732	4731
4732	4625	4731
4807	4818	4732
4807	4881	4818
4881	4843	4818
4881	4927	4843
4927	4871	4843
4927	4967	4871
4967	4921	4871
4921	4832	4871
4832	4789	4871
4832	4804	4789
4832	4909	4804
4909	4857	4804
4857	4762	4804
4857	4813	4762
4813	4670	4762
4670	4637	4762
4670	4646	4637
4857	4892	4813
4892	4907	4813
4907	4822	4813
4907	4931	4822
4907	4978	4931
4978	5031	4931
5031	5028	4931
5028	4964	4931
5028	5025	4964
5025	5011	4964
5011	4970	4964
4970	4911	4964
4970	4877	4911
4877	4829	4911
4829	4850	4911
4877	4833	4829
5011	5004	4970
5011	5082	5004
5011	5055	5082
5055	5086	5082
5086	5102	5082
5102	5115	5082
5115	5103	5082
5115	5110	5103
5110	5094	5103
5094	5029	5103
5029	5004	5103
5029	4948	5004
5029	4991	4948
4991	4963	4948
4963	4922	4948
4922	4902	4948
4902	4912	4948
4963	4954	4922
4963	4993	4954
4963	5045	4993
5045	5015	4993
5045	5068	5015
5068	5026	5015
5045	5079	5068
5079	5123	5068
5079	5094	5123
5094	5147	5123
5094	5128	5147
5128	5156	5147
5128	5139	5156
5139	5154	5156
5154	5155	5156
5155	5161	5156
5155	5151	5161
5151	5160	5161
5160	5158	5161
5160	5157	5158
5160	5151	5157
5151	5153	5157
5151	5149	5153
5149	5145	5153
5145	5140	5153
5140	5133	5153
5133	5119	5153
5133	5113	5119
5113	5097	5119
5097	5078	5119
5078	5129	5119
5097	5050	5078
5050	5037	5078
5037	5014	5078
5014	5071	5078
5014	4999	5071
4999	4988	5071
4988	5034	5071
5034	5084	5071
5084	5114	5071
5114	5129	5071
5084	5096	5114
5096	5120	5114
5120	5131	5114
5084	5062	5096
5084	5034	5062
5034	5033	5062
5034	4971	5033
5034	4981	4971
5034	4988	4981
4988	4944	4981
4988	4957	4944
4988	4999	4957
4999	4945	4957
4999	4975	4945
4975	4900	4945
4975	4979	4900
4979	4916	4900
4979	4962	4916
4962	4956	4916
4962	5005	4956
5005	4976	4956
5005	5013	4976
5013	5002	4976
5013	5030	5002
5030	5000	5002
5030	4996	5000
5030	5065	4996
5065	5001	4996
5001	4947	4996
5001	4969	4947
4969	4894	4947
4894	4847	4947
4969	4940	4894
4940	4895	4894
4895	4882	4894
4882	4834	4894
4882	4844	4834
4844	4805	4834
4844	4848	4805
4848	4819	4805
4819	4781	4805
4819	4763	4781
4819	4836	4763
4819	4873	4836
4819	4848	4873
4848	4910	4873
4910	4891	4873
4910	4934	4891
4910	4940	4934
4940	4997	4934
4997	4990	4934
4990	4998	4934
4998	4985	4934
4998	5044	4985
5044	5018	4985
5018	4965	4985
4965	4919	4985
4965	4960	4919
4960	4905	4919
4960	4920	4905
4960	4929	4920
4929	4881	4920
4881	4807	4920
4807	4820	4920
4929	4938	4881
4938	4927	4881
4938	4951	4927
4951	4967	4927
4951	5027	4967
5027	5016	4967
5016	4968	4967
4968	4921	4967
4968	4987	4921
4987	4909	4921
4909	4832	4921
4987	4892	4909
4892	4857	4909
4987	4986	4892
4986	4907	4892
4986	5006	4907
5006	4978	4907
5006	5046	4978
5046	5039	4978
5039	5031	4978
5039	5086	5031
5086	5028	5031
5086	5055	5028
5055	5025	5028
5055	5011	5025
5039	5046	5086
5046	5092	5086
5092	5091	5086
5091	5116	5086
5116	5102	5086
5116	5121	5102
5121	5115	5102
5121	5139	5115
5139	5110	5115
5139	5128	5110
5128	5094	5110
5121	5137	5139
5137	5154	5139
5137	5155	5154
5137	5150	5155
5150	5151	5155
5137	5143	5150
5137	5130	5143
5130	5135	5143
5135	5106	5143
5135	5130	5106
5130	5089	5106
5089	5080	5106
5080	5090	5106
5090	5112	5106
5090	5074	5112
5074	5125	5112
5125	5144	5112
5144	5151	5112
5144	5149	5151
5144	5145	5149
5144	5134	5145
5134	5140	5145
5134	5127	5140
5127	5117	5140
5117	5133	5140
5117	5105	5133
5105	5113	5133
5105	5060	5113
5060	5073	5113
5073	5097	5113
5073	5050	5097
5073	5021	5050
5021	5037	5050
5021	5003	5037
5003	5014	5037
5003	4979	5014
4979	4975	5014
4975	4999	5014
5003	4962	4979
5003	5005	4962
5003	5021	5005
5021	5073	5005
5073	5060	5005
5060	5013	5005
5060	5047	5013
5047	5030	5013
5047	5065	5030
5047	5105	5065
5105	5069	5065
5069	5056	5065
5056	5001	5065
5056	5008	5001
5008	4997	5001
4997	4983	5001
4983	4969	5001
4983	4940	4969
4983	4997	4940
5008	4990	4997
5008	4998	4990
5008	5057	4998
5057	5044	4998
5057	5087	5044
5087	5070	5044
5070	5040	5044
5040	5036	5044
5036	5018	5044
5036	4938	5018
5036	5041	4938
5041	4951	4938
5041	5027	4951
5041	5074	5027
5074	5090	5027
5090	5053	5027
5053	5016	5027
5053	5020	5016
5020	4968	5016
5020	4987	4968
5020	5053	4987
5053	5080	4987
5080	5089	4987
5089	5083	4987
5083	4986	4987
5083	5006	4986
5083	5046	5006
5083	5092	5046
5083	5116	5092
5116	5091	5092
5083	5130	5116
5130	5137	5116
5137	5121	5116
5083	5089	5130
5053	5090	5080
5041	5070	5074
5070	5087	5074
5087	5104	5074
5104	5125	5074
5104	5127	5125
5127	5134	5125
5134	5144	5125
5104	5111	5127
5111	5117	5127
5111	5105	5117
5111	5069	5105
5111	5066	5069
5066	5056	5069
5066	5061	5056
5061	5008	5056
5061	5057	5008
5061	5104	5057
5104	5087	5057
5061	5111	5104
5061	5066	5111
5041	5040	5070
5041	5036	5040
5047	5060	5105
4965	5018	4960
4910	4895	4940
4910	4882	4895
4910	4848	4882
4848	4844	4882
5079	5045	5094
5045	5029	5094
5045	4991	5029
5045	4963	4991
4673	4639	4726
4816	4847	4788
4816	4852	4847
4519	4587	4637
4561	4606	4702
3352	3362	3459
3256	3314	3362
2752	2901	2924
2752	2722	2901
2722	2713	2901
2713	2702	2901
2713	2463	2702
2463	2601	2702
2601	2690	2702
2601	2686	2690
2601	2643	2686
2601	2515	2643
2515	2637	2643
2713	2722	2463
2494	2480	2752
2480	2463	2752
2480	2316	2463
2316	2261	2463
1826	1989	2006
1989	2073	2006
1989	1959	2073
1959	2079	2073
2079	2288	2073
2288	2353	2073
2288	2435	2353
2435	2515	2353
2079	2123	2288
2079	2072	2123
2072	2180	2123
2072	2083	2180
2083	2059	2180
2059	2263	2180
2083	2008	2059
2083	2072	2008
2072	1876	2008
1876	1885	2008
1885	1893	2008
1885	1785	1893
1785	1861	1893
1885	1876	1785
1989	1826	1959
1757	1702	1826
1702	1593	1826
1702	1569	1593
1569	1556	1593
1702	1624	1569
1702	1678	1624
1702	1757	1678
1418	1466	1456
1419	1491	1497
1420	1565	1471
1471	1469	1420
1471	1550	1469
1550	1435	1469
1550	1560	1435
1560	1594	1435
1471	1640	1550
1471	1565	1640
1420	1506	1565
1421	1613	1484
1613	1585	1484
1613	1783	1585
1783	1658	1585
1421	1619	1613
1619	1649	1613
1619	1731	1649
1619	1577	1731
1577	1628	1731
1628	1854	1731
1854	1865	1731
1854	1946	1865
1619	1421	1577
1425	1575	1442
1575	1572	1442
1575	1634	1572
1634	1654	1572
1425	1470	1575
1470	1578	1575
1470	1541	1578
1470	1362	1541
1437	1514	1551
1441	1609	1523
1523	1466	1441
1466	1263	1441
1609	1639	1523
1609	1764	1639
1764	1723	1639
1764	1857	1723
1857	1732	1723
1857	1855	1732
1764	1976	1857
1467	1547	1566
1547	1559	1566
1472	1518	1611
1518	1653	1611
1519	1553	1582
1530	1532	1696
1533	1667	1666
1534	1602	1643
1643	1595	1534
1595	1491	1534
1643	1683	1595
1643	1766	1683
1596	1698	1615
1698	1743	1615
1698	1794	1743
1698	1841	1794
1698	1758	1841
1598	1682	1604
1621	1790	1733
1644	1750	1740
1750	1836	1740
1836	1830	1740
1830	1788	1740
1830	1847	1788
1847	1887	1788
1887	1787	1788
1887	1804	1787
1804	1728	1787
1804	1833	1728
1804	1887	1833
1887	1956	1833
1956	1935	1833
1956	1983	1935
1887	1908	1956
1908	2084	1956
1908	2060	2084
2060	2159	2084
2159	2184	2084
1908	1998	2060
1998	2105	2060
1998	2068	2105
2068	2148	2105
2148	2147	2105
2068	2091	2148
2091	2167	2148
2091	2162	2167
2162	2195	2167
2195	2284	2167
2195	2271	2284
2271	2393	2284
2271	2356	2393
2356	2387	2393
2387	2449	2393
2387	2460	2449
2387	2369	2460
2369	2484	2460
2484	2504	2460
2484	2552	2504
2552	2583	2504
2552	2635	2583
2552	2648	2635
2648	2670	2635
2648	2703	2670
2552	2554	2648
2554	2568	2648
2568	2584	2648
2584	2605	2648
2605	2668	2648
2605	2584	2668
2584	2604	2668
2584	2549	2604
2584	2568	2549
2568	2499	2549
2499	2440	2549
2440	2389	2549
2389	2438	2549
2389	2394	2438
2394	2534	2438
2389	2329	2394
2389	2440	2329
2440	2324	2329
2324	2269	2329
2324	2206	2269
2324	2270	2206
2270	2199	2206
2199	2071	2206
2071	2118	2206
2071	1955	2118
2071	2004	1955
2071	2035	2004
2071	2097	2035
2097	2082	2035
2097	2152	2082
2097	2199	2152
2199	2195	2152
2195	2162	2152
2199	2258	2195
2258	2271	2195
2258	2356	2271
2258	2270	2356
2270	2369	2356
2369	2387	2356
2270	2366	2369
2366	2484	2369
2366	2474	2484
2474	2499	2484
2499	2554	2484
2554	2552	2484
2499	2568	2554
2474	2440	2499
2474	2366	2440
2366	2324	2440
2366	2270	2324
2258	2199	2270
2097	2071	2199
2068	1991	2091
2068	1970	1991
1970	1897	1991
1897	1875	1991
1897	1836	1875
1836	1750	1875
1897	1917	1836
1917	1830	1836
1917	1963	1830
1963	1847	1830
1963	1887	1847
1963	1908	1887
1963	1998	1908
1963	1970	1998
1970	2068	1998
1963	1917	1970
1917	1897	1970
1650	1729	1699
1729	1834	1699
1834	1812	1699
1834	1866	1812
1866	1877	1812
1656	1691	1776
1675	1782	1701
1684	1831	1751
1685	1853	1891
1853	1958	1891
1853	1939	1958
1939	2040	1958
1939	1971	2040
1971	2146	2040
2146	2170	2040
2170	2239	2040
2170	2201	2239
2201	2419	2239
2201	2327	2419
2327	2408	2419
2408	2505	2419
2505	2483	2419
2505	2577	2483
2577	2626	2483
2626	2418	2483
2505	2572	2577
2572	2674	2577
2572	2618	2674
2505	2408	2572
2170	2146	2201
2146	2117	2201
1971	1905	2146
1971	1797	1905
1797	1775	1905
1797	1718	1775
1797	1853	1718
1797	1971	1853
1971	1939	1853
1687	1763	1827
1763	1943	1827
1693	1846	1770
1708	1947	1719
1947	1852	1719
1947	2031	1852
2031	1888	1852
1888	1835	1852
1888	1693	1835
2031	2119	1888
2031	2096	2119
2031	1947	2096
1947	2045	2096
1947	2042	2045
2042	2085	2045
2042	2054	2085
2054	2252	2085
2042	1832	2054
1832	1921	2054
1832	1859	1921
1859	1930	1921
1859	1949	1930
1949	2158	1930
1949	2087	2158
2087	2116	2158
2087	1984	2116
1984	2246	2116
2087	1986	1984
1986	1934	1984
1986	1904	1934
1986	1949	1904
1949	1859	1904
1859	1711	1904
1859	1754	1711
1754	1606	1711
1859	1774	1754
1774	1653	1754
1859	1832	1774
1986	2087	1949
1713	1823	1843
1716	1791	1839
1791	1879	1839
1839	1786	1716
1726	1842	1779
1779	1590	1726
1739	1997	1789
1997	1936	1789
1742	1795	1900
1742	1634	1795
1747	1886	1858
1886	1894	1858
1886	1960	1894
1886	2049	1960
2049	2144	1960
2144	2055	1960
2144	2165	2055
2165	2150	2055
2150	2186	2055
2186	2103	2055
2144	2306	2165
2144	2049	2306
2049	2234	2306
2234	2477	2306
2234	2475	2477
2049	2044	2234
2049	1886	2044
1858	1691	1747
1771	1868	1844
1868	1880	1844
1844	1667	1771
1778	1962	1806
1962	1882	1806
1962	2063	1882
2063	1979	1882
2063	2069	1979
2063	2210	2069
2063	2196	2210
2063	2136	2196
2136	2233	2196
1778	1987	1962
1987	2021	1962
1800	1807	1918
1807	1898	1918
1805	1902	1825
1825	1782	1805
1902	1874	1825
1902	1926	1874
1926	1922	1874
1815	2016	2023
1815	1878	2016
1878	2036	2016
1820	2001	1914
1845	1910	1856
1845	1871	1910
1848	1895	1927
1895	2053	1927
1895	2057	2053
1883	2066	2070
2066	2163	2070
2163	2182	2070
2182	2081	2070
2081	2061	2070
2066	2232	2163
2066	2089	2232
2089	2108	2232
2108	2175	2232
2175	2377	2232
2108	2017	2175
2017	1978	2175
1978	2179	2175
2179	2286	2175
2179	2296	2286
2179	2311	2296
2311	2526	2296
2108	2089	2017
2089	1975	2017
1938	2115	2121
2115	2238	2121
2115	2224	2238
2224	2280	2238
1945	2022	1951
1954	2033	1966
1966	1925	1954
1925	2039	1954
2039	2033	1954
1967	2111	1996
2111	2137	1996
2137	2102	1996
2111	2336	2137
2336	2344	2137
2111	2142	2336
2111	1967	2142
1973	1974	2062
2062	2194	1973
1995	2218	2010
2218	2145	2010
2145	1997	2010
2145	2143	1997
1995	2220	2218
2003	2011	2095
2003	1900	2011
2003	1981	1900
2011	2125	2095
2005	2092	2012
2092	2037	2012
2037	1976	2012
2024	2027	2107
2041	2088	2128
2048	2132	2052
2132	2077	2052
2132	2191	2077
2132	2303	2191
2132	2229	2303
2229	2394	2303
2132	2029	2229
2132	2048	2029
2058	2241	2243
2241	2299	2243
2299	2351	2243
2299	2472	2351
2065	2067	2141
2065	2301	2067
2301	2164	2067
2065	2328	2301
2075	2298	2098
2078	2168	2153
2153	2113	2078
2080	2129	2174
2129	2281	2174
2129	2131	2281
2101	2253	2248
2253	2354	2248
2253	2398	2354
2398	2506	2354
2506	2510	2354
2506	2660	2510
2253	2274	2398
2274	2370	2398
2370	2434	2398
2370	2331	2434
2370	2274	2331
2274	2204	2331
2124	2161	2260
2126	2130	2268
2135	2183	2318
2183	2320	2318
2320	2413	2318
2151	2295	2216
2216	2179	2151
2166	2264	2251
2173	2193	2231
2213	2384	2214
2213	2382	2384
2215	2272	2230
2230	2143	2215
2230	2209	2143
2272	2406	2230
2272	2294	2406
2294	2388	2406
2272	2218	2294
2217	2321	2374
2237	2415	2313
2415	2556	2313
2415	2610	2556
2610	2632	2556
2632	2613	2556
2632	2754	2613
2754	2837	2613
2837	2794	2613
2837	2883	2794
2883	2868	2794
2883	2983	2868
2983	3069	2868
3069	2974	2868
2974	2887	2868
2887	2789	2868
2974	2884	2887
2974	3030	2884
3030	2927	2884
2927	2881	2884
2927	2865	2881
2927	2986	2865
2986	2908	2865
2908	2818	2865
2986	2970	2908
2986	3025	2970
3025	3115	2970
2974	3132	3030
2974	3069	3132
3069	3135	3132
3135	3300	3132
3135	3294	3300
3069	3116	3135
3069	2983	3116
2983	3035	3116
2983	2883	3035
2632	2691	2754
2632	2610	2691
2245	2436	2343
2436	2391	2343
2436	2469	2391
2436	2503	2469
2503	2736	2469
2736	2612	2469
2736	2771	2612
2503	2631	2736
2631	2742	2736
2631	2615	2742
2615	2744	2742
2744	2807	2742
2807	2871	2742
2631	2503	2615
2436	2340	2503
2436	2245	2340
2249	2333	2376
2376	2256	2249
2376	2465	2256
2465	2246	2256
2465	2429	2246
2429	2426	2246
2429	2518	2426
2429	2465	2518
2465	2620	2518
2262	2447	2283
2447	2381	2283
2273	2332	2363
2332	2532	2363
2287	2428	2349
2287	2486	2428
2486	2611	2428
2486	2667	2611
2291	2422	2359
2304	2450	2360
2305	2405	2379
2325	2373	2495
2495	2264	2325
2334	2395	2346
2395	2485	2346
2339	2461	2467
2461	2488	2467
2461	2490	2488
2339	2236	2461
2341	2437	2425
2341	2358	2437
2358	2453	2437
2341	2281	2358
2437	2543	2425
2437	2576	2543
2576	2532	2543
2342	2468	2380
2468	2558	2380
2558	2513	2380
2558	2567	2513
2355	2368	2533
2371	2452	2411
2452	2575	2411
2452	2579	2575
2579	2662	2575
2579	2748	2662
2748	2775	2662
2775	2691	2662
2775	2899	2691
2775	2876	2899
2876	2963	2899
2963	3020	2899
3020	3035	2899
3020	3082	3035
2876	3000	2963
2876	2748	3000
2748	2846	3000
2846	2917	3000
2917	3072	3000
3072	3201	3000
3072	3299	3201
3299	3234	3201
3072	3212	3299
3212	3305	3299
3212	3428	3305
3212	3344	3428
3344	3447	3428
3447	3471	3428
3471	3473	3428
3471	3673	3473
3471	3540	3673
3540	3666	3673
3666	3709	3673
3709	3701	3673
3709	3800	3701
3800	3882	3701
3882	3780	3701
3882	3884	3780
3882	3980	3884
3980	4046	3884
3980	4127	4046
4127	4041	4046
4127	4265	4041
4265	4129	4041
4129	4040	4041
4129	3895	4040
3895	3804	4040
4127	4238	4265
4238	4277	4265
3980	4172	4127
3980	4092	4172
4092	4261	4172
4092	4286	4261
4286	4367	4261
4367	4277	4261
4286	4348	4367
4286	4320	4348
4320	4361	4348
4320	4273	4361
4286	4247	4320
4286	4155	4247
4155	4120	4247
4155	3994	4120
3994	3937	4120
3937	4044	4120
4044	4152	4120
4044	4078	4152
4078	4195	4152
3937	3925	4044
3994	3839	3937
3994	3943	3839
4286	4132	4155
4286	4092	4132
4092	4008	4132
4092	3980	4008
3980	3882	4008
3344	3370	3447
3212	3154	3344
3072	3009	3212
3072	2917	3009
2917	2821	3009
2917	2846	2821
2876	2775	2748
2579	2695	2748
2371	2158	2452
2371	2237	2158
2400	2445	2520
2445	2580	2520
2580	2564	2520
2564	2565	2520
2565	2496	2520
2496	2400	2520
2565	2594	2496
2594	2528	2496
2445	2522	2580
2407	2619	2502
2619	2641	2502
2619	2765	2641
2619	2652	2765
2619	2614	2652
2619	2407	2614
2407	2550	2614
2420	2629	2541
2629	2681	2541
2424	2476	2492
2441	2609	2561
2609	2737	2561
2737	2805	2561
2442	2711	2704
2444	2596	2446
2596	2570	2446
2570	2311	2446
2596	2776	2570
2776	2526	2570
2776	2555	2526
2555	2377	2526
2555	2590	2377
2555	2606	2590
2606	2715	2590
2715	2663	2590
2606	2894	2715
2894	2902	2715
2555	2776	2606
2444	2537	2596
2444	2456	2537
2444	2295	2456
2295	2412	2456
2454	2462	2512
2512	2664	2454
2512	2659	2664
2457	2487	2692
2457	2301	2487
2487	2696	2692
2692	2642	2457
2692	2733	2642
2458	2557	2508
2557	2599	2508
2557	2676	2599
2479	2649	2546
2649	2666	2546
2500	2683	2761
2683	2847	2761
2683	2814	2847
2814	2895	2847
2814	2903	2895
2814	2755	2903
2755	2857	2903
2755	2862	2857
2862	2987	2857
2862	2763	2987
2763	2860	2987
2763	2778	2860
2778	2790	2860
2862	2679	2763
2862	2755	2679
2755	2694	2679
2755	2682	2694
2755	2814	2682
2814	2683	2682
2519	2593	2587
2593	2705	2587
2705	2760	2587
2760	2582	2587
2705	2827	2760
2827	2944	2760
2944	2872	2760
2944	3021	2872
2944	3017	3021
2944	2827	3017
2705	2826	2827
2705	2593	2826
2593	2811	2826
2593	2774	2811
2774	2787	2811
2787	2919	2811
2787	2875	2919
2875	2966	2919
2966	2950	2919
2950	2988	2919
2950	2966	2988
2966	3096	2988
3096	3133	2988
2966	3079	3096
3079	3177	3096
3177	3237	3096
3079	3117	3177
3117	3170	3177
3170	3310	3177
3079	3012	3117
3012	3053	3117
3012	2906	3053
2906	2968	3053
2968	3131	3053
3131	3196	3053
2966	2875	3079
2544	2700	2714
2545	2710	2684
2547	2581	2603
2581	2600	2603
2600	2735	2603
2600	2830	2735
2830	2799	2735
2799	2707	2735
2799	2608	2707
2830	2975	2799
2975	2934	2799
2934	2921	2799
2921	2889	2799
2921	3005	2889
2830	2991	2975
2830	2998	2991
2998	3152	2991
2998	2951	3152
2553	2562	2597
2597	2729	2553
2597	2829	2729
2597	2851	2829
2597	2562	2851
2573	2697	2706
2573	2675	2697
2598	2602	2717
2616	2644	2654
2638	2848	2886
2640	2803	2731
2646	2772	2858
2772	2969	2858
2969	3003	2858
3003	2943	2858
2943	2825	2858
2825	2646	2858
2825	2757	2646
2757	2537	2646
2537	2617	2646
2825	2810	2757
2825	2943	2810
2943	2945	2810
2945	2849	2810
2969	3075	3003
2969	3089	3075
3089	3181	3075
3181	3104	3075
3181	3244	3104
2772	2780	2969
2653	2741	2808
2665	2709	2734
2709	2863	2734
2734	2660	2665
2660	2559	2665
2677	2809	2749
2809	2864	2749
2809	2874	2864
2677	2704	2809
2680	2845	2915
2845	2942	2915
2845	2965	2942
2845	2954	2965
2954	3010	2965
3010	3136	2965
3010	3129	3136
3010	2997	3129
2997	3050	3129
2997	2835	3050
3010	2954	2997
2915	2905	2680
2915	3036	2905
2685	2732	2788
2732	2777	2788
2698	2820	2955
2699	2795	2840
2795	2967	2840
2712	2867	2828
2723	2841	2885
2724	2804	2861
2804	2990	2861
2990	3060	2861
3060	3056	2861
3056	2853	2861
3060	3143	3056
2724	2782	2804
2727	2739	2793
2739	2768	2793
2739	2594	2768
2743	2896	2746
2896	2898	2746
2898	2834	2746
2834	2769	2746
2898	2932	2834
2751	2833	2792
2833	2824	2792
2751	2852	2833
2759	2923	2933
2923	3107	2933
3107	2951	2933
2951	2759	2933
2951	2830	2759
2784	2897	2817
2817	2576	2784
2802	2888	2850
2888	3029	2850
2888	3048	3029
3048	3070	3029
3070	3038	3029
3070	3197	3038
3070	3165	3197
3070	3048	3165
3048	3118	3165
3118	3184	3165
3118	3120	3184
3120	3127	3184
3127	3381	3184
3118	3023	3120
3118	3048	3023
3048	2891	3023
3048	2888	2891
2813	2918	2948
2813	2842	2918
2842	2870	2918
2948	2920	2813
2920	2907	2813
2907	2710	2813
2920	3052	2907
3052	2952	2907
2831	2982	2981
2982	3102	2981
3102	3047	2981
3102	3101	3047
2982	3083	3102
3083	3161	3102
3083	3186	3161
3186	3213	3161
3186	3318	3213
2843	3088	3008
3088	3150	3008
3150	3024	3008
3150	3182	3024
3150	3172	3182
3150	3088	3172
2855	2953	2978
2953	3105	2978
3105	3111	2978
3111	2937	2978
3105	3230	3111
3105	3254	3230
3254	3298	3230
3254	3304	3298
3304	3530	3298
3530	3535	3298
3535	3326	3298
3535	3411	3326
3411	3295	3326
3295	3183	3326
3295	3215	3183
3215	3128	3183
3295	3361	3215
3361	3468	3215
3361	3500	3468
3500	3518	3468
3500	3580	3518
3580	3647	3518
3580	3821	3647
3580	3683	3821
3580	3535	3683
3580	3414	3535
3414	3411	3535
3414	3295	3411
3414	3361	3295
3414	3500	3361
3414	3580	3500
3254	3105	3304
3105	3204	3304
3204	3338	3304
3204	3251	3338
3251	3325	3338
3325	3481	3338
3325	3385	3481
3251	3240	3325
3204	3097	3251
3204	3105	3097
3105	2890	3097
2890	2977	3097
2890	2856	2977
3105	2953	2890
2869	2929	2958
2929	3098	2958
2929	3004	3098
3004	3121	3098
3004	3076	3121
2878	3026	3027
2893	3091	3049
3091	3144	3049
3144	3154	3049
3091	3312	3144
2893	2999	3091
2904	2914	3066
2914	2993	3066
2930	3034	2938
2938	2805	2930
2947	3032	3068
3068	3159	2947
3032	3062	3068
2973	3059	3085
3059	3126	3085
3059	3239	3126
2979	2984	3031
2984	3134	3031
3134	3190	3031
3190	3172	3031
3190	3265	3172
3190	3249	3265
3249	3266	3265
3249	3134	3266
3249	3190	3134
2984	3038	3134
3031	2980	2979
2995	3043	3042
3042	3015	2995
3042	3033	3015
3042	3157	3033
3042	3194	3157
3006	3160	3158
3011	3231	3019
3014	3064	3055
3055	3108	3014
3055	3163	3108
3055	3064	3163
3064	3282	3163
3282	3316	3163
3316	3268	3163
3064	3257	3282
3257	3401	3282
3257	3275	3401
3275	3309	3401
3275	3187	3309
3275	3257	3187
3014	2945	3064
3074	3200	3250
3074	3100	3200
3077	3139	3142
3112	3271	3236
3112	3125	3271
3125	3290	3271
3112	3005	3125
3112	3084	3005
3114	3155	3189
3155	3180	3189
3180	3260	3189
3122	3208	3232
3232	3220	3122
3220	3131	3122
3232	3417	3220
3417	3384	3220
3232	3404	3417
3404	3478	3417
3404	3436	3478
3404	3359	3436
3359	3421	3436
3404	3232	3359
3232	3208	3359
3123	3168	3176
3130	3174	3241
3174	3287	3241
3145	3151	3243
3243	3278	3145
3148	3284	3192
3156	3199	3247
3199	3292	3247
3199	3349	3292
3162	3245	3178
3245	3323	3178
3323	3345	3178
3345	3194	3178
3167	3272	3261
3167	3274	3272
3185	3279	3399
3193	3327	3386
3203	3311	3313
3313	3216	3203
3313	3260	3216
3206	3221	3406
3221	3463	3406
3221	3350	3463
3350	3515	3463
3350	3430	3515
3218	3233	3252
3233	3348	3252
3348	3426	3252
3218	3157	3233
3219	3375	3373
3219	3268	3375
3373	3312	3219
3373	3370	3312
3225	3289	3248
3248	3152	3225
3152	3107	3225
3107	3195	3225
3107	3071	3195
3071	3034	3195
3225	3346	3289
3227	3379	3341
3379	3431	3341
3227	3234	3379
3227	3198	3234
3253	3342	3322
3253	3356	3342
3356	3440	3342
3440	3360	3342
3360	3322	3342
3440	3549	3360
3549	3557	3360
3557	3496	3360
3557	3604	3496
3604	3620	3496
3557	3600	3604
3557	3549	3600
3440	3572	3549
3259	3297	3329
3262	3288	3321
3288	3330	3321
3330	3509	3321
3509	3520	3321
3520	3409	3321
3409	3276	3321
3280	3347	3393
3347	3523	3393
3347	3415	3523
3415	3589	3523
3589	3616	3523
3616	3560	3523
3560	3505	3523
3560	3645	3505
3645	3656	3505
3560	3616	3645
3616	3798	3645
3415	3615	3589
3281	3291	3462
3462	3422	3281
3462	3554	3422
3285	3315	3343
3315	3521	3343
3521	3430	3343
3521	3581	3430
3521	3623	3581
3623	3796	3581
3623	3638	3796
3638	3889	3796
3889	3921	3796
3889	3986	3921
3986	4148	3921
4148	4018	3921
4148	4063	4018
4148	4234	4063
4148	4251	4234
4148	4082	4251
4148	3986	4082
3638	3717	3889
3717	3867	3889
3638	3601	3717
3601	3622	3717
3622	3676	3717
3601	3425	3622
3425	3461	3622
3601	3521	3425
3521	3376	3425
3521	3315	3376
3315	3237	3376
3315	3133	3237
3315	3285	3133
3601	3638	3521
3638	3623	3521
3301	3475	3333
3307	3308	3433
3308	3444	3433
3444	3551	3433
3551	3544	3433
3544	3522	3433
3308	3457	3444
3324	3494	3339
3324	3409	3494
3332	3367	3418
3367	3396	3418
3367	3197	3396
3335	3388	3448
3388	3470	3448
3448	3439	3335
3448	3524	3439
3524	3525	3439
3340	3369	3387
3387	3476	3340
3387	3493	3476
3493	3529	3476
3529	3625	3476
3625	3490	3476
3625	3628	3490
3493	3617	3529
3387	3369	3493
3363	3488	3372
3368	3477	3455
3377	3450	3533
3380	3640	3519
3519	3310	3380
3519	3461	3310
3395	3438	3512
3397	3467	3504
3504	3514	3397
3400	3487	3443
3400	3423	3487
3416	3513	3486
3486	3424	3416
3513	3592	3486
3513	3669	3592
3416	3517	3513
3437	3502	3634
3442	3479	3552
3442	3472	3479
3472	3603	3479
3603	3552	3479
3472	3431	3603
3552	3643	3442
3552	3639	3643
3446	3606	3576
3606	3744	3576
3576	3456	3446
3454	3565	3593
3474	3559	3562
3559	3635	3562
3559	3649	3635
3649	3740	3635
3649	3814	3740
3814	3792	3740
3814	3952	3792
3814	3953	3952
3497	3543	3610
3543	3728	3610
3728	3812	3610
3543	3575	3728
3575	3725	3728
3725	3865	3728
3725	3724	3865
3724	3809	3865
3809	3927	3865
3809	3924	3927
3809	3897	3924
3809	3700	3897
3725	3575	3724
3503	3614	3687
3614	3674	3687
3614	3670	3674
3670	3698	3674
3670	3662	3698
3662	3719	3698
3662	3653	3719
3653	3794	3719
3794	3949	3719
3653	3658	3794
3670	3614	3662
3687	3475	3503
3687	3703	3475
3687	3914	3703
3914	3908	3703
3908	3735	3703
3908	3970	3735
3970	3721	3735
3970	3985	3721
3970	4156	3985
3970	3988	4156
3970	3908	3988
3908	3914	3988
3526	3699	3716
3699	3751	3716
3751	3805	3716
3751	3836	3805
3751	3675	3836
3675	3657	3836
3751	3699	3675
3699	3526	3675
3550	3668	3630
3668	3760	3630
3668	3738	3760
3738	3818	3760
3550	3621	3668
3556	3632	3564
3632	3695	3564
3632	3767	3695
3767	3787	3695
3787	3822	3695
3568	3693	3585
3693	3588	3585
3577	3613	3636
3613	3748	3636
3636	3646	3577
3595	3710	3803
3605	3742	3661
3608	3684	3665
3608	3761	3684
3761	3837	3684
3837	3777	3684
3777	3665	3684
3761	3782	3837
3782	3830	3837
3782	3802	3830
3802	3972	3830
3782	3761	3802
3665	3514	3608
3648	3759	3671
3759	3713	3671
3759	3762	3713
3759	3819	3762
3720	3732	3776
3731	3833	3904
3833	3896	3904
3833	3919	3896
3919	3978	3896
3737	3824	3899
3899	3998	3737
3899	4118	3998
4118	4105	3998
4118	4355	4105
4118	4306	4355
3749	3756	3870
3870	3926	3749
3870	3990	3926
3990	4043	3926
4043	3993	3926
4043	4093	3993
3990	4026	4043
3769	3855	3826
3769	3744	3855
3789	3813	3793
3807	3862	3905
3829	3850	3880
3829	3812	3850
3812	4030	3850
4030	3880	3850
4030	4101	3880
4101	4007	3880
4007	3836	3880
3836	3829	3880
4007	3991	3836
4007	4147	3991
4147	4173	3991
4007	4101	4147
4101	4196	4147
4101	4089	4196
4101	4030	4089
3812	4017	4030
3841	3892	3869
3841	3822	3892
3892	4020	3869
4020	3917	3869
3917	3900	3869
3900	3748	3869
3842	3945	3961
3945	4095	3961
4095	4073	3961
3842	3923	3945
3843	3933	3851
3933	3958	3851
3885	4000	4050
4000	4108	4050
4108	4126	4050
4126	4027	4050
4126	4171	4027
4108	4185	4126
3894	3971	3959
3906	4047	4006
3906	4035	4047
3913	4056	4038
3913	4037	4056
4037	4179	4056
4179	4131	4056
4037	4062	4179
4037	4016	4062
4016	4065	4062
4016	4028	4065
3934	4052	3981
3940	4111	3957
3954	4083	4099
4083	4124	4099
4099	4110	3954
3977	4009	4139
4009	4157	4139
4009	4013	4157
4013	3949	4157
3949	4200	4157
4200	4379	4157
3983	4145	4069
3983	4175	4145
4175	4301	4145
4301	4299	4145
4301	4360	4299
4301	4363	4360
3997	4109	4025
4039	4057	4158
4076	4077	4186
4085	4253	4121
4098	4165	4113
4104	4178	4176
4104	4246	4178
4246	4230	4178
4230	4176	4178
4135	4141	4243
4141	4218	4243
4218	4189	4243
4218	4141	4189
4243	4346	4135
4243	4333	4346
4333	4460	4346
4460	4553	4346
4333	4470	4460
4333	4431	4470
4431	4538	4470
4136	4151	4215
4137	4205	4198
4138	4338	4267
4138	4244	4338
4244	4353	4338
4142	4326	4169
4142	4309	4326
4309	4390	4326
4390	4438	4326
4146	4219	4255
4219	4354	4255
4159	4208	4213
4194	4197	4270
4197	4336	4270
4211	4228	4291
4228	4325	4291
4325	4357	4291
4228	4267	4325
4221	4400	4388
4221	4156	4400
4156	4282	4400
4156	4139	4282
4224	4305	4274
4274	4225	4224
4240	4279	4398
4398	4454	4240
4454	4302	4240
4454	4415	4302
4288	4407	4408
4407	4502	4408
4296	4350	4359
4350	4497	4359
4497	4422	4359
4422	4377	4359
4497	4524	4422
4497	4583	4524
4296	4337	4350
4298	4349	4329
4298	4450	4349
4349	4476	4329
4385	4409	4573
4385	4355	4409
4355	4451	4409
4451	4573	4409
4405	4440	4494
4440	4530	4494
4406	4430	4562
4420	4464	4461
4420	4379	4464
4482	4491	4532
4499	4624	4648
4624	4765	4648
4624	4658	4765
4499	4438	4624
4528	4617	4647
4528	4582	4617
4617	4737	4647
4737	4735	4647
4737	4823	4735
4647	4592	4528
4541	4546	4574
4614	4720	4696
4720	4733	4696
4733	4635	4696
4733	4644	4635
4644	4583	4635
4614	4753	4720
106	233	154
1045	1263	1052
275	245	357
470	542	573
1964	2141	1813
1811	2050	1941
1379	1465	1448
1465	1525	1448
1379	1326	1465
1113	1147	1160
772	731	826
678	658	772
678	580	658
602	725	658
602	600	725
600	668	725
668	708	725
242	265	290
776	622	690
703	780	627
959	952	877
959	998	952
81	87	57
315	471	437
315	345	471
345	424	471
610	609	771
117	207	208
289	453	446
289	432	453
289	270	432
395	526	363
822	854	741
1188	1212	1110
1188	1385	1212
1385	1333	1212
1188	1098	1385
1098	1434	1385
2122	2151	2000
2780	2772	2548
2200	2114	2178
2200	2156	2114
837	978	833
1079	1120	1258
1120	1428	1258
1428	1296	1258
1428	1401	1296
1428	1610	1401
1120	1409	1428
1409	1493	1428
1120	1165	1409
1093	1256	940
1256	1233	940
1233	983	940
1233	1278	983
1278	1008	983
1008	953	983
953	738	983
1008	1118	953
1008	1278	1118
1093	1257	1256
928	1026	887
957	1127	936
1246	1261	1015
1261	990	1015
1261	1123	990
1128	1099	1080
1924	1968	1695
2392	2571	2399
2392	2502	2571
1457	1726	1590
1457	1401	1726
1401	1703	1726
1368	1248	1209
1273	1399	1343
1396	1284	1291
1396	1406	1284
1291	1063	1174
1355	1198	1193
1240	1366	1335
1396	1554	1507
3099	3302	3127
3302	3381	3127
4472	4479	4311
4479	4369	4311
4369	4248	4311
4539	4520	4495
4738	4678	4797
4823	4737	4858
4955	4812	4923
4955	4872	4812
4341	4315	4412
3599	3510	3582
3612	3536	3405
3536	3353	3405
3566	3459	3602
5042	5054	5009
5042	5099	5054
5042	5064	5099
5064	5108	5099
5108	5118	5099
5051	5059	5081
4995	4943	5043
5095	5072	5101
5072	5098	5101
5098	5138	5101
5095	5038	5072
5095	5017	5038
5017	5012	5038
5017	4896	5012
5017	4908	4896
5017	5035	4908
5035	4930	4908
4930	4880	4908
4930	4883	4880
5035	5032	4930
5017	5095	5035
5095	5077	5035
4688	4773	4643
4773	4776	4643
4776	4659	4643
4898	4878	4937
4849	4779	4869
4463	4549	4399
4728	4837	4779
4837	4917	4779
4837	4925	4917
4925	4932	4917
4932	4961	4917
4961	4942	4917
5138	5109	5122
5148	5159	5146
4936	4973	4846
4973	4889	4846
4782	4888	4761
4888	4884	4761
4884	4814	4761
4782	4885	4888
5153	5129	5157
5153	5119	5129
5078	5071	5129
4894	4788	4847
4894	4834	4788
4919	4891	4985
5150	5143	5151
5143	5112	5151
5143	5106	5112
4960	5018	4929
2601	2353	2515
2601	2261	2353
2261	2073	2353
2261	2006	2073
2601	2463	2261
2722	2752	2463
2072	1959	1876
1959	1593	1876
1593	1556	1876
1959	1826	1593
2072	2079	1959
1418	1263	1466
1640	1891	1550
1640	1685	1891
1541	1690	1578
2162	2091	2152
2146	1905	2117
1846	1995	1770
1693	1597	1835
1693	1581	1597
2054	2313	2252
2313	2556	2252
2556	2342	2252
2556	2468	2342
2054	1921	2313
1921	2237	2313
1921	1930	2237
1930	2158	2237
2116	2426	2158
2426	2452	2158
2116	2246	2426
1984	2256	2246
1880	1861	1844
2061	1763	2070
1763	1883	2070
2311	2570	2526
1967	1944	2142
1967	1780	1944
1780	1779	1944
2506	2559	2660
2204	2364	2331
2264	2529	2251
2529	2524	2251
2524	2421	2251
2421	2315	2251
2264	2495	2529
2193	2346	2231
2230	2511	2209
2230	2406	2511
2406	2573	2511
2406	2675	2573
2406	2388	2675
2388	2403	2675
2403	2664	2675
2403	2454	2664
3035	3224	3116
3035	3082	3224
3082	3341	3224
3341	3442	3224
3341	3431	3442
3431	3472	3442
3082	3227	3341
2358	2442	2453
2576	2817	2532
3925	3944	4044
3925	3828	3944
2821	2893	3009
2893	3049	3009
2760	2872	2582
2872	2745	2582
2951	3107	3152
2600	2661	2830
2537	2412	2617
2943	3003	2945
2942	2965	2915
2833	2852	2824
3182	3208	3024
3128	3045	3183
3215	3279	3128
3279	3046	3128
3251	3097	3240
3199	3188	3349
3199	3169	3188
3169	3026	3188
3399	3383	3185
3327	3358	3386
3034	3303	3195
3303	3441	3195
3034	3067	3303
3604	3879	3620
3879	3897	3620
3897	3700	3620
3604	3600	3879
3600	3863	3879
3600	3795	3863
3600	3549	3795
3549	3572	3795
3276	3262	3321
3616	3985	3798
3985	4033	3798
4033	3910	3798
4033	4149	3910
4149	4085	3910
4085	3953	3910
3616	3721	3985
3616	3589	3721
3589	3615	3721
3615	3735	3721
4234	4162	4063
4234	4288	4162
4234	4407	4288
3490	3427	3476
3728	3865	3812
3865	4017	3812
3503	3406	3614
3406	3662	3614
3406	3653	3662
3658	3890	3794
3890	3922	3794
3836	3991	3805
3675	3526	3657
3526	3328	3657
3328	3319	3657
3526	3317	3328
3738	3868	3818
3868	3996	3818
3996	3920	3818
4355	4307	4105
4355	4385	4307
3851	3693	3843
4111	4123	3957
4157	4282	4139
3983	3931	4175
