239.272219 148.117392 54.841424 255 0 0
250.376186 136.834274 59.537165 255 0 0
262.689762 126.791708 64.111957 255 0 0
276.212947 117.989696 68.565799 255 0 0
290.945740 110.428237 72.898691 255 0 0
306.888142 104.107331 77.110633 255 0 0
324.040152 99.026979 81.201625 255 0 0
342.401772 95.187180 85.171667 255 0 0
361.973000 92.587934 89.020760 0 255 0
345.541850 93.389550 101.945243 0 255 0
330.373069 95.485831 114.743500 0 255 0
316.466658 98.876776 127.415531 0 255 0
303.822617 103.562385 139.961337 0 255 0
292.440947 109.542658 152.380918 0 255 0
282.321646 116.817596 164.674273 0 255 0
273.464715 125.387197 176.841403 0 255 0
265.870153 135.251463 188.882307 0 255 0
