2.523574179821188750e+02 1.231760782277356725e+02 2.006015994045776552e+02
2.534357648470853519e+02 1.119610334597043675e+02 1.889505403491563982e+02
2.448441395547973798e+02 1.058254564694706801e+02 1.628660355238183683e+02
2.503434920285007479e+02 9.734834221425387568e+01 1.491809618298717055e+02
2.555664575583152782e+02 8.784866974846505627e+01 1.370755415108538955e+02
2.641048809213118602e+02 7.699669495320284796e+01 1.292547200530262899e+02
2.693278464511264474e+02 6.749702248741397170e+01 1.171492997340084798e+02
2.784196292494404474e+02 6.550166325206186002e+01 9.454894975186292072e+01
2.913796581671165882e+02 6.419912068718559794e+01 7.307389606963255346e+01
3.076557160671118254e+02 6.835577235279657771e+01 4.426321528554944962e+01
3.096182111324611128e+02 9.763045657588617132e+01 2.691786544229211131e+01
2.996984529959636916e+02 1.101811420358598639e+02 3.101673618888702322e+01
2.872918123104105348e+02 1.203403053182567533e+02 3.771226972396516430e+01
2.831743945561508440e+02 1.339302106263335759e+02 4.349907654326716511e+01
2.823724346350730912e+02 1.461678136049369527e+02 5.357048222375948399e+01
2.904130570806060518e+02 1.706927741691302458e+02 4.795363266415773751e+01
2.865720262702350283e+02 1.853052376877790834e+02 5.216078610853077180e+01
2.777572303617525904e+02 1.951346568512746558e+02 6.156126512987017918e+01
2.700479678304222375e+02 2.090543062782529091e+02 6.464312646291097053e+01
