29.710590 36.589443 11.250000 255 0 0
29.953617 36.410666 10.406250 255 0 0
30.241805 36.117623 9.562500 255 0 0
30.575153 35.710314 8.718750 255 0 0
30.953662 35.188739 7.875000 255 0 0
31.377330 34.552899 7.031250 255 0 0
31.846160 33.802794 6.187500 255 0 0
32.360149 32.938422 5.343750 255 0 0
32.919299 31.959785 4.500000 0 255 0
32.198705 31.093111 5.343750 0 255 0
31.542428 30.331125 6.187500 0 255 0
30.950467 29.673826 7.031250 0 255 0
30.422822 29.121215 7.875000 0 255 0
29.959494 28.673292 8.718750 0 255 0
29.560481 28.330056 9.562500 0 255 0
29.225786 28.091508 10.406250 0 255 0
28.955406 27.957648 11.250000 0 255 0
