   3.3443789e+02   1.4204037e+02   1.4900000e+02
   3.4730745e+02   1.2628882e+02   1.3300000e+02
   3.5294720e+02   1.1920807e+02   1.2500000e+02
   3.5540683e+02   1.1530745e+02   1.1700000e+02
   3.7304658e+02   1.0909627e+02   1.0100000e+02
   3.6755590e+02   1.0201553e+02   9.3000000e+01
   3.7319565e+02   1.0129503e+02   8.5000000e+01
   3.7724534e+02   9.8984472e+01   7.7000000e+01
   3.7652484e+02   1.0621429e+02   6.9000000e+01
   3.7580435e+02   1.0549379e+02   6.1000000e+01
   3.8303416e+02   1.1113354e+02   5.3000000e+01
   3.8690373e+02   1.2613354e+02   4.5000000e+01
   3.7823292e+02   1.4290373e+02   3.7000000e+01
   3.3425776e+02   2.1977329e+02   3.7000000e+01
   2.8265528e+02   2.4926398e+02   4.5000000e+01
