   2.8720685e+01   2.5926608e+01   1.3000000e+01
   2.8720685e+01   2.6197197e+01   1.2000000e+01
   2.8863987e+01   2.6535432e+01   1.1000000e+01
   2.8075825e+01   2.7550138e+01   1.0000000e+01
   2.8219127e+01   2.9038373e+01   9.0000000e+00
   2.8434081e+01   2.9511903e+01   8.0000000e+00
   2.8863987e+01   3.0729550e+01   7.0000000e+00
   2.9580498e+01   3.3232491e+01   6.0000000e+00
   2.9293894e+01   3.4991314e+01   7.0000000e+00
   2.8935638e+01   3.4856020e+01   8.0000000e+00
   2.9150591e+01   3.5194256e+01   9.0000000e+00
   2.9078940e+01   3.5329550e+01   1.0000000e+01
   2.8649034e+01   3.5397197e+01   1.1000000e+01
   2.8362429e+01   3.5194256e+01   1.2000000e+01
   2.8219127e+01   3.5397197e+01   1.3000000e+01
