291.204663 254.095106 27.034967 255 0 0
300.809929 239.113135 33.347008 255 0 0
311.983416 225.328345 39.981774 255 0 0
324.725124 212.740736 46.939265 255 0 0
339.035052 201.350308 54.219480 255 0 0
354.913201 191.157060 61.822420 255 0 0
372.359570 182.160993 69.748085 255 0 0
391.374160 174.362106 77.996475 255 0 0
411.956970 167.760400 86.567590 0 255 0
389.084763 172.002202 94.904197 0 255 0
367.888286 177.523255 103.585653 0 255 0
348.367537 184.323562 112.611957 0 255 0
330.522516 192.403121 121.983111 0 255 0
314.353224 201.761932 131.699113 0 255 0
299.859661 212.399996 141.759965 0 255 0
287.041827 224.317312 152.165665 0 255 0
275.899721 237.513881 162.916215 0 255 0
