2.810932533106254141e+02 2.007918550381151590e+02 1.451034797156724210e+02
2.932358815145149720e+02 1.888565058146427873e+02 1.502779606901606826e+02
3.077195259195833046e+02 1.781125216913292206e+02 1.435111551478831586e+02
3.192004148423135916e+02 1.653005731068254249e+02 1.231439220615562249e+02
3.313124451283532039e+02 1.531337184689121500e+02 1.169075957812763420e+02
3.395667672111036950e+02 1.386257550728474826e+02 1.101069667032915333e+02
3.534498605197043730e+02 1.274681780572959724e+02 1.006200756522040933e+02
3.871302674896849680e+02 1.277352302015938221e+02 6.244233424920884090e+01
3.859296148813451168e+02 1.460488073928415815e+02 4.482986890425738125e+01
3.755886552688747884e+02 1.592249440132050040e+02 4.781561637126077358e+01
3.673037352682743517e+02 1.735014019948288819e+02 4.320543819447740930e+01
3.670498061814109292e+02 1.927826266460950251e+02 4.678931199489309734e+01
3.647092438619650352e+02 2.107320275441784361e+02 4.655832702896461228e+01
3.510805249276860422e+02 2.217491398616692777e+02 4.028902710766726614e+01
3.433961636745613077e+02 2.364391950956195387e+02 3.839892039722479922e+01
