29.482625 35.781953 11.750000 255 0 0
29.649660 35.613909 10.781250 255 0 0
29.854448 35.318938 9.812500 255 0 0
30.096992 34.897038 8.843750 255 0 0
30.377289 34.348211 7.875000 255 0 0
30.695341 33.672457 6.906250 255 0 0
31.051148 32.869774 5.937500 255 0 0
31.444709 31.940165 4.968750 255 0 0
31.876025 30.883627 4.000000 0 255 0
31.109364 30.038325 4.968750 0 255 0
30.421592 29.299384 5.937500 0 255 0
29.812710 28.666802 6.906250 0 255 0
29.282717 28.140581 7.875000 0 255 0
28.831613 27.720720 8.843750 0 255 0
28.459399 27.407219 9.812500 0 255 0
28.166074 27.200078 10.781250 0 255 0
27.951639 27.099298 11.750000 0 255 0
