   3.0716460e+02   3.8444099e+01   1.2100000e+02
   3.3137578e+02   2.4493789e+01   1.1300000e+02
   3.4286646e+02   3.2804348e+01   1.0500000e+02
   3.4004658e+02   3.1574534e+01   9.7000000e+01
   3.3722671e+02   3.3524845e+01   8.9000000e+01
   3.5030745e+02   3.3885093e+01   8.1000000e+01
   3.5384783e+02   2.4704969e+01   7.3000000e+01
   3.6127329e+02   4.1670807e+01   6.7000000e+01
   3.6304348e+02   4.1850932e+01   6.3000000e+01
   3.7505901e+02   4.9096273e+01   5.9000000e+01
   3.8159938e+02   7.3127329e+01   5.5000000e+01
