   2.7534430e+01   2.6376743e+01   1.1000000e+01
   2.7887983e+01   2.6730297e+01   1.0000000e+01
   2.7681030e+01   2.7740118e+01   8.5000000e+00
   2.7850870e+01   2.9582361e+01   7.0000000e+00
   2.8130624e+01   3.0972937e+01   6.5000000e+00
   3.0541657e+01   3.4091460e+01   5.5000000e+00
   3.0585539e+01   3.5728220e+01   6.5000000e+00
   3.0431030e+01   3.6203748e+01   8.0000000e+00
   3.0431030e+01   3.6203748e+01   9.0000000e+00
   3.0431030e+01   3.6203748e+01   1.0000000e+01
   2.9191698e+01   3.5018022e+01   1.1000000e+01
