1	60	2
2	22	1
22	16	1
16	17	1
16	14	17
16	13	14
13	10	14
10	9	14
10	7	9
7	8	9
8	3	9
8	15	3
15	4	3
4	5	3
5	11	3
5	6	11
6	12	11
12	58	11
58	57	11
58	133	57
58	97	133
97	180	133
180	217	133
217	181	133
181	156	133
156	96	133
156	142	96
142	111	96
217	251	181
217	262	251
262	286	251
217	330	262
217	294	330
217	180	294
180	269	294
269	307	294
269	258	307
258	435	307
269	256	258
256	240	258
256	144	240
256	269	144
269	180	144
180	97	144
97	84	144
58	12	97
6	32	12
6	36	32
36	68	32
68	84	32
68	78	84
68	49	78
49	113	78
113	202	78
113	162	202
162	222	202
222	302	202
302	213	202
302	258	213
222	276	302
276	419	302
276	350	419
350	482	419
482	524	419
524	437	419
482	523	524
523	590	524
590	606	524
606	638	524
606	676	638
676	653	638
676	731	653
731	681	653
681	673	653
673	499	653
681	693	673
681	731	693
676	878	731
878	861	731
878	904	861
904	955	861
955	839	861
955	917	839
955	965	917
904	1026	955
904	939	1026
939	1088	1026
939	1111	1088
1111	1219	1088
1111	1146	1219
1111	1115	1146
1115	1161	1146
1161	1172	1146
1161	1150	1172
1161	1125	1150
1125	1057	1150
1057	1078	1150
1057	980	1078
980	972	1078
972	1050	1078
1050	1123	1078
1057	853	980
1057	924	853
924	782	853
782	710	853
782	712	710
712	655	710
655	667	710
655	580	667
655	545	580
545	532	580
545	466	532
545	523	466
523	482	466
545	655	523
655	712	523
712	590	523
712	676	590
676	606	590
712	782	676
782	878	676
782	920	878
920	904	878
920	939	904
920	924	939
924	1115	939
1115	1111	939
924	1057	1115
1057	1125	1115
1125	1161	1115
920	782	924
276	235	350
235	336	350
235	280	336
235	191	280
191	224	280
191	198	224
198	226	224
226	274	224
226	255	274
255	254	274
254	390	274
390	394	274
390	422	394
390	385	422
385	439	422
439	445	422
439	600	445
600	581	445
600	649	581
600	636	649
600	544	636
544	645	636
544	588	645
588	661	645
588	556	661
556	553	661
553	547	661
547	662	661
662	737	661
662	733	737
662	688	733
688	770	733
770	870	733
662	628	688
628	664	688
664	735	688
664	696	735
696	708	735
662	616	628
662	547	616
588	544	556
600	439	544
439	402	544
439	395	402
395	387	402
395	308	387
308	366	387
366	404	387
366	400	404
400	431	404
400	407	431
407	502	431
407	508	502
508	564	502
407	519	508
407	410	519
407	392	410
392	374	410
374	332	410
332	295	410
295	339	410
339	457	410
295	289	339
289	282	339
289	243	282
243	230	282
230	245	282
245	301	282
245	305	301
305	341	301
305	357	341
357	375	341
375	423	341
357	324	375
357	300	324
357	305	300
305	253	300
305	245	253
245	182	253
182	153	253
153	219	253
219	233	253
219	221	233
219	204	221
204	149	221
149	168	221
168	231	221
168	179	231
179	271	231
168	135	179
135	150	179
150	170	179
150	126	170
126	184	170
184	205	170
184	234	205
184	225	234
184	209	225
209	241	225
209	185	241
185	218	241
218	268	241
268	288	241
218	236	268
236	250	268
236	196	250
196	210	250
196	166	210
166	159	210
159	151	210
151	147	210
147	211	210
211	242	210
242	285	210
147	165	211
165	192	211
165	127	192
127	140	192
127	110	140
110	123	140
123	193	140
123	128	193
128	148	193
148	176	193
176	200	193
176	206	200
206	265	200
265	273	200
206	263	265
263	298	265
298	318	265
298	304	318
304	369	318
304	414	369
414	475	369
475	379	369
475	441	379
441	416	379
416	364	379
364	329	379
364	346	329
346	273	329
346	272	273
346	338	272
338	323	272
323	326	272
323	338	326
338	393	326
393	371	326
371	313	326
313	285	326
313	319	285
313	331	319
331	340	319
340	309	319
340	355	309
331	362	340
331	371	362
371	411	362
411	433	362
371	393	411
393	416	411
393	346	416
346	364	416
393	338	346
331	313	371
475	535	441
535	552	441
535	555	552
555	659	552
555	632	659
632	650	659
650	796	659
632	498	650
632	554	498
554	483	498
483	414	498
414	493	498
493	539	498
493	518	539
518	558	539
518	537	558
537	586	558
586	642	558
586	657	642
657	683	642
586	675	657
586	646	675
586	593	646
593	651	646
651	785	646
651	724	785
724	837	785
837	886	785
886	819	785
886	887	819
886	1019	887
1019	1013	887
1013	990	887
886	1015	1019
886	994	1015
994	1038	1015
994	1069	1038
1069	1179	1038
994	1007	1069
1007	1043	1069
1043	1080	1069
1043	1076	1080
1076	1224	1080
1076	1084	1224
1084	1189	1224
1189	1232	1224
1232	1240	1224
1232	1296	1240
1232	1189	1296
1189	1314	1296
1314	1408	1296
1314	1383	1408
1383	1432	1408
1383	1462	1432
1383	1423	1462
1423	1502	1462
1423	1577	1502
1423	1394	1577
1423	1387	1394
1387	1254	1394
1254	1337	1394
1254	1210	1337
1210	1343	1337
1343	1374	1337
1343	1376	1374
1376	1444	1374
1376	1350	1444
1376	1343	1350
1343	1292	1350
1292	1320	1350
1292	1216	1320
1216	1217	1320
1217	1270	1320
1270	1427	1320
1427	1420	1320
1420	1469	1320
1420	1427	1469
1427	1509	1469
1509	1583	1469
1583	1554	1469
1583	1657	1554
1657	1595	1554
1657	1776	1595
1657	1780	1776
1780	1950	1776
1950	1797	1776
1780	1904	1950
1780	1804	1904
1509	1596	1583
1509	1499	1596
1499	1537	1596
1537	1654	1596
1537	1659	1654
1499	1449	1537
1449	1393	1537
1393	1451	1537
1451	1510	1537
1393	1368	1451
1368	1400	1451
1368	1295	1400
1295	1398	1400
1368	1347	1295
1347	1308	1295
1308	1211	1295
1211	1246	1295
1246	1231	1295
1246	1211	1231
1211	1117	1231
1117	1229	1231
1229	1397	1231
1117	1086	1229
1086	1281	1229
1086	1104	1281
1104	1155	1281
1155	1202	1281
1155	1058	1202
1058	1056	1202
1056	1097	1202
1058	903	1056
903	918	1056
903	784	918
784	807	918
784	774	807
784	745	774
784	769	745
769	687	745
687	685	745
687	635	685
635	596	685
596	647	685
596	625	647
625	692	647
596	595	625
595	597	625
595	505	597
505	486	597
486	526	597
526	587	597
526	567	587
567	674	587
567	623	674
623	716	674
716	869	674
869	915	674
915	879	674
915	942	879
915	958	942
958	1106	942
1106	1110	942
1106	1139	1110
1139	1160	1110
958	1021	1106
1021	1052	1106
1021	869	1052
1021	958	869
958	915	869
623	601	716
601	686	716
686	744	716
686	660	744
686	601	660
505	469	486
505	456	469
456	378	469
378	444	469
378	370	444
370	448	444
370	430	448
370	333	430
370	322	333
370	297	322
297	239	322
239	252	322
239	244	252
239	197	244
197	190	244
190	201	244
190	175	201
190	197	175
197	145	175
197	132	145
197	171	132
171	122	132
122	93	132
122	120	93
120	71	93
71	80	93
71	50	80
50	103	80
71	45	50
45	33	50
33	24	50
45	56	33
56	21	33
21	28	33
21	22	28
22	2	28
2	74	28
74	83	28
74	60	83
60	157	83
157	178	83
178	103	83
178	212	103
212	137	103
212	223	137
223	195	137
223	312	195
223	367	312
223	248	367
248	348	367
348	405	367
348	358	405
358	490	405
490	517	405
517	481	405
517	515	481
515	391	481
515	476	391
476	425	391
476	462	425
462	427	425
462	438	427
438	436	427
438	488	436
488	572	436
572	465	436
572	614	465
614	589	465
572	640	614
438	462	488
476	548	462
476	570	548
570	578	548
578	608	548
608	604	548
608	641	604
641	626	604
641	677	626
641	734	677
734	736	677
736	804	677
804	777	677
777	740	677
777	822	740
777	828	822
736	789	804
789	829	804
789	935	829
935	1001	829
1001	910	829
935	952	1001
789	756	935
789	738	756
738	741	756
741	751	756
751	758	756
751	755	758
755	797	758
797	791	758
791	790	758
791	821	790
821	826	790
821	833	826
833	888	826
888	973	826
833	840	888
840	825	888
840	906	825
906	881	825
906	909	881
909	889	881
889	1030	881
889	953	1030
840	876	906
876	937	906
876	880	937
880	978	937
978	1010	937
978	1047	1010
978	947	1047
978	880	947
880	912	947
912	929	947
929	921	947
929	893	921
893	908	921
908	872	921
908	805	872
805	749	872
805	727	749
805	643	727
805	734	643
734	641	643
641	608	643
608	578	643
578	563	643
563	617	643
563	515	617
515	517	617
563	476	515
563	570	476
563	578	570
805	830	734
830	747	734
747	736	734
747	738	736
738	789	736
747	741	738
747	802	741
802	757	741
757	751	741
757	773	751
773	755	751
773	797	755
773	912	797
912	880	797
880	791	797
880	821	791
880	876	821
876	840	821
840	833	821
773	893	912
893	929	912
773	802	893
802	830	893
830	908	893
830	805	908
802	747	830
773	757	802
358	428	490
358	342	428
223	212	248
212	178	248
178	194	248
178	157	194
74	2	60
21	40	22
40	16	22
40	39	16
40	44	39
44	55	39
55	47	39
47	41	39
47	52	41
52	30	41
52	31	30
31	23	30
23	7	30
23	8	7
23	27	8
23	31	27
31	65	27
31	52	65
52	63	65
63	82	65
82	91	65
91	92	65
92	86	65
86	51	65
51	35	65
51	37	35
37	20	35
37	25	20
25	18	20
18	15	20
18	5	15
5	4	15
18	26	5
26	6	5
26	36	6
26	38	36
38	49	36
49	68	36
38	42	49
42	61	49
61	70	49
70	85	49
85	113	49
85	119	113
119	162	113
119	167	162
167	276	162
276	222	162
167	235	276
167	191	235
167	134	191
134	118	191
118	198	191
118	121	198
121	172	198
172	226	198
172	187	226
187	207	226
207	254	226
254	255	226
207	220	254
220	266	254
266	308	254
308	390	254
308	385	390
308	395	385
395	439	385
266	293	308
293	366	308
293	332	366
332	363	366
363	400	366
363	374	400
374	407	400
374	392	407
363	332	374
293	295	332
293	243	295
243	289	295
293	266	243
266	220	243
220	203	243
203	230	243
203	182	230
182	245	230
203	189	182
189	160	182
160	163	182
163	158	182
158	153	182
158	146	153
146	125	153
125	108	153
108	115	153
115	149	153
149	204	153
204	219	153
115	107	149
107	168	149
107	135	168
107	89	135
89	106	135
106	150	135
106	126	150
106	98	126
98	105	126
105	131	126
131	155	126
155	186	126
186	184	126
186	209	184
186	185	209
186	155	185
155	129	185
129	166	185
166	196	185
196	218	185
196	236	218
129	138	166
138	159	166
138	143	159
143	151	159
143	92	151
92	147	151
92	91	147
91	117	147
117	165	147
117	127	165
117	82	127
82	77	127
77	110	127
77	95	110
95	123	110
95	128	123
95	90	128
90	94	128
94	148	128
94	152	148
152	161	148
161	176	148
161	188	176
188	206	176
188	263	206
188	199	263
199	264	263
264	278	263
278	287	263
287	304	263
304	298	263
287	360	304
360	414	304
360	421	414
421	479	414
479	493	414
479	518	493
479	537	518
479	478	537
478	586	537
478	593	586
478	533	593
533	594	593
594	651	593
594	609	651
609	672	651
672	724	651
672	668	724
668	701	724
701	787	724
787	858	724
858	859	724
859	837	724
859	994	837
994	886	837
859	900	994
900	1007	994
900	1017	1007
1017	1043	1007
1017	1076	1043
1017	992	1076
992	1084	1076
992	1060	1084
1060	1143	1084
1143	1189	1084
1143	1174	1189
1174	1314	1189
1174	1254	1314
1254	1387	1314
1387	1383	1314
1387	1423	1383
1174	1210	1254
1174	1167	1210
1167	1181	1210
1181	1292	1210
1292	1343	1210
1181	1216	1292
1181	1132	1216
1132	1170	1216
1170	1217	1216
1170	1079	1217
1079	1199	1217
1199	1270	1217
1199	1273	1270
1273	1378	1270
1378	1427	1270
1378	1478	1427
1478	1509	1427
1478	1499	1509
1478	1449	1499
1478	1378	1449
1378	1393	1449
1378	1308	1393
1308	1347	1393
1347	1368	1393
1378	1294	1308
1294	1177	1308
1177	1211	1308
1177	1135	1211
1135	1117	1211
1135	1045	1117
1045	1086	1117
1045	989	1086
1045	938	989
938	907	989
907	895	989
895	897	989
897	1058	989
897	903	1058
897	784	903
897	769	784
897	895	769
895	834	769
834	763	769
763	721	769
721	687	769
721	635	687
721	695	635
695	546	635
546	560	635
560	596	635
560	595	596
560	505	595
560	522	505
522	456	505
522	511	456
511	442	456
442	420	456
420	384	456
384	378	456
384	356	378
356	370	378
356	297	370
356	359	297
359	335	297
335	257	297
257	239	297
257	197	239
257	228	197
228	171	197
228	173	171
173	122	171
173	154	122
154	120	122
154	136	120
136	124	120
136	141	124
141	114	124
141	139	114
139	99	114
139	152	99
152	94	99
94	81	99
81	55	99
81	64	55
64	47	55
64	66	47
66	52	47
66	63	52
66	77	63
77	82	63
66	90	77
90	95	77
66	64	90
64	81	90
81	94	90
139	169	152
169	199	152
199	161	152
199	188	161
169	174	199
169	139	174
139	141	174
141	208	174
208	238	174
208	260	238
260	275	238
275	259	238
275	290	259
290	279	259
279	246	259
279	296	246
296	264	246
264	199	246
296	291	264
291	278	264
291	287	278
291	360	287
291	316	360
291	296	316
296	311	316
311	353	316
353	409	316
353	412	409
412	451	409
451	440	409
440	459	409
459	421	409
421	360	409
459	478	421
478	479	421
459	533	478
459	440	533
440	509	533
509	565	533
565	594	533
565	599	594
599	609	594
599	672	609
599	668	672
599	565	668
565	618	668
618	665	668
665	701	668
665	743	701
743	748	701
748	787	701
748	877	787
877	899	787
899	858	787
899	956	858
956	900	858
900	859	858
956	1017	900
956	992	1017
956	899	992
899	967	992
967	1060	992
967	971	1060
971	1039	1060
1039	1143	1060
1039	1147	1143
1147	1174	1143
1147	1167	1174
1147	1090	1167
1090	1181	1167
1090	1087	1181
1087	1091	1181
1091	1132	1181
1087	993	1091
1087	1090	993
1090	1039	993
1039	971	993
971	946	993
971	877	946
877	883	946
883	1016	946
883	936	1016
936	1037	1016
1037	1079	1016
1079	1170	1016
1037	1103	1079
1103	1199	1079
1103	1177	1199
1177	1273	1199
1177	1294	1273
1294	1378	1273
1103	1096	1177
1096	1135	1177
1096	1045	1135
1103	1008	1096
1103	1037	1008
1037	936	1008
936	896	1008
896	933	1008
896	898	933
898	927	933
927	938	933
938	1045	933
927	907	938
927	891	907
891	834	907
834	895	907
891	799	834
799	779	834
779	763	834
779	709	763
709	695	763
695	721	763
709	620	695
620	546	695
620	527	546
527	511	546
511	522	546
522	560	546
527	461	511
461	442	511
461	389	442
389	420	442
389	384	420
389	335	384
335	359	384
359	356	384
389	315	335
315	228	335
228	257	335
315	227	228
227	173	228
227	154	173
227	208	154
208	136	154
208	141	136
227	260	208
227	283	260
283	275	260
283	351	275
351	290	275
351	352	290
352	353	290
353	311	290
311	279	290
311	296	279
352	403	353
403	412	353
403	472	412
472	451	412
472	497	451
497	509	451
509	440	451
497	565	509
497	618	565
497	540	618
540	585	618
585	644	618
644	665	618
644	705	665
705	743	665
705	720	743
720	754	743
754	748	743
754	814	748
814	883	748
883	877	748
814	868	883
868	936	883
868	902	936
902	896	936
902	868	896
868	799	896
799	891	896
891	898	896
891	927	898
868	848	799
848	795	799
795	704	799
704	779	799
704	709	779
704	682	709
682	619	709
619	620	709
619	530	620
530	525	620
525	527	620
525	516	527
516	461	527
516	468	461
468	450	461
450	418	461
418	389	461
418	383	389
383	315	389
383	351	315
351	283	315
283	227	315
383	354	351
354	352	351
354	403	352
354	383	403
383	418	403
418	443	403
443	472	403
443	538	472
538	540	472
540	497	472
538	585	540
538	611	585
611	644	585
611	656	644
656	705	644
656	720	705
656	795	720
795	754	720
795	814	754
795	848	814
848	868	814
656	704	795
656	682	704
656	619	682
656	611	619
611	530	619
611	538	530
538	443	530
443	467	530
467	516	530
516	525	530
467	468	516
467	450	468
467	418	450
467	443	418
971	967	877
967	899	877
1090	1147	1039
117	91	82
143	86	92
143	104	86
104	59	86
59	51	86
59	37	51
59	53	37
53	25	37
53	48	25
48	34	25
34	18	25
34	26	18
34	38	26
48	73	34
73	69	34
73	79	69
79	75	69
75	54	69
54	38	69
54	42	38
54	61	42
54	75	61
75	100	61
100	70	61
100	102	70
102	85	70
102	112	85
112	119	85
112	167	119
112	134	167
112	102	134
102	118	134
102	121	118
102	100	121
100	116	121
116	164	121
164	172	121
164	187	172
164	160	187
160	189	187
189	207	187
189	203	207
203	220	207
164	116	160
116	125	160
125	146	160
146	163	160
146	158	163
116	100	125
100	101	125
101	108	125
101	115	108
101	107	115
101	88	107
88	89	107
88	73	89
73	76	89
76	87	89
87	98	89
98	106	89
87	105	98
76	48	87
76	73	48
88	79	73
88	101	79
101	75	79
101	100	75
59	104	53
143	138	104
138	105	104
138	129	105
129	131	105
129	155	131
44	62	55
44	56	62
56	45	62
44	40	56
40	21	56
1155	1104	1058
483	475	414
483	554	475
554	535	475
554	555	535
554	632	555
10	16	7
10	13	16
216	277	237
277	284	237
216	232	277
232	299	277
232	347	299
232	267	347
267	303	347
247	328	292
328	377	292
320	343	361
325	429	397
429	424	397
429	489	424
489	473	424
429	520	489
365	449	381
381	303	365
373	398	401
398	417	401
398	458	417
398	382	458
382	453	458
453	480	458
480	513	458
480	484	513
484	541	513
541	615	513
541	575	615
480	453	484
382	355	453
382	373	355
382	398	373
426	514	507
514	571	507
514	551	571
551	598	571
598	715	571
715	811	571
811	658	571
811	762	658
715	849	811
849	931	811
715	885	849
551	503	598
503	684	598
551	447	503
447	446	503
446	454	503
447	434	446
551	514	447
460	542	463
477	512	622
512	613	622
512	591	613
512	612	591
492	610	557
610	671	557
610	637	671
494	631	566
631	680	566
680	550	566
680	582	550
582	504	550
680	621	582
631	666	680
495	534	496
534	574	496
574	543	496
528	576	579
579	542	528
579	691	542
579	723	691
723	780	691
780	766	691
723	792	780
792	919	780
919	954	780
792	873	919
569	654	605
654	703	605
703	678	605
678	575	605
654	772	703
654	783	772
573	602	707
707	607	573
707	634	607
634	592	607
634	612	592
707	794	634
794	838	634
794	928	838
928	987	838
707	800	794
577	694	648
648	520	577
648	722	520
648	694	722
694	845	722
845	923	722
923	700	722
923	894	700
894	699	700
699	624	700
624	489	700
699	637	624
699	841	637
699	894	841
894	966	841
894	923	966
923	1120	966
1120	1085	966
1120	1209	1085
1120	1205	1209
1205	1284	1209
1284	1304	1209
1284	1389	1304
1284	1375	1389
1375	1521	1389
1521	1522	1389
1521	1744	1522
1744	1613	1522
1744	1794	1613
1375	1471	1521
1375	1445	1471
1375	1185	1445
1185	1264	1445
1264	1466	1445
1185	1184	1264
1184	1164	1264
1185	1116	1184
1185	1068	1116
1185	1113	1068
1185	1205	1113
1205	1121	1113
1121	1048	1113
1121	1120	1048
1120	923	1048
1121	1205	1120
1185	1375	1205
1375	1284	1205
694	857	845
857	1068	845
633	711	753
711	847	753
711	815	847
702	771	806
702	615	771
713	820	775
729	739	760
760	778	729
730	824	865
746	860	905
860	1033	905
1033	1004	905
1033	1134	1004
761	884	901
764	768	1046
764	684	768
768	970	1046
970	1186	1046
1186	1207	1046
970	940	1186
970	768	940
1046	1020	764
1020	885	764
809	916	962
962	991	809
991	783	809
962	1074	991
812	925	864
925	997	864
997	950	864
997	1022	950
1022	1094	950
1022	1093	1094
1093	1222	1094
1022	1029	1093
1022	997	1029
997	1063	1029
997	925	1063
925	1018	1063
813	818	959
959	1000	813
1000	977	813
1000	1130	977
1000	1112	1130
1000	959	1112
817	874	976
976	1034	817
1034	1006	817
1034	1073	1006
1073	1052	1006
827	846	836
863	1024	890
1024	1031	890
866	981	1011
866	948	981
948	1023	981
1023	1071	981
1071	1011	981
892	974	1012
974	1067	1012
1067	1148	1012
1148	1123	1012
1148	1159	1123
1148	1153	1159
1153	1256	1159
1153	1221	1256
1221	1326	1256
1221	1238	1326
1221	1192	1238
1148	1067	1153
914	983	984
926	1044	932
926	990	1044
990	1124	1044
1124	1169	1044
1124	1212	1169
1212	1272	1169
1212	1225	1272
1212	1182	1225
1182	1278	1225
1182	1267	1278
1212	1124	1182
930	1028	1025
930	954	1028
964	968	988
988	1163	964
975	1055	1003
1003	870	975
1003	846	870
1003	1053	846
1003	1055	1053
1055	1192	1053
985	1194	1002
1002	820	985
985	1136	1194
1136	1255	1194
1255	1361	1194
1361	1220	1194
1255	1385	1361
1255	1386	1385
1255	1351	1386
1351	1458	1386
1351	1339	1458
1339	1341	1458
1341	1364	1458
1364	1477	1458
1477	1703	1458
1477	1598	1703
995	1049	1075
1049	1095	1075
1095	999	1075
999	995	1075
1049	1178	1095
996	1122	1042
996	1157	1122
1157	1149	1122
1157	1271	1149
1157	1251	1271
1251	1305	1271
1305	1311	1271
1251	1310	1305
1310	1342	1305
1310	1345	1342
1345	1506	1342
1345	1520	1506
1345	1406	1520
1406	1463	1520
1406	1474	1463
1406	1259	1474
1345	1340	1406
1345	1310	1340
1251	1151	1310
1041	1226	1129
1129	973	1041
1062	1201	1102
1201	1138	1102
1201	1223	1138
1223	1137	1138
1070	1195	1218
1195	1324	1218
1324	1328	1218
1328	1269	1218
1328	1312	1269
1312	1322	1269
1324	1415	1328
1415	1518	1328
1518	1487	1328
1518	1599	1487
1415	1492	1518
1492	1652	1518
1492	1617	1652
1617	1697	1652
1697	1935	1652
1697	1850	1935
1850	2003	1935
2003	2113	1935
2113	2070	1935
2070	2075	1935
2070	2227	2075
2227	2239	2075
2239	2052	2075
2070	2153	2227
2153	2187	2227
2187	2412	2227
2187	2448	2412
2448	2584	2412
2584	2579	2412
2579	2477	2412
2579	2617	2477
2617	2456	2477
2579	2753	2617
2187	2405	2448
2187	2275	2405
2275	2395	2405
2187	2113	2275
2113	2031	2275
2031	2111	2275
2111	2206	2275
2111	2128	2206
2031	2020	2111
2031	1997	2020
2031	1850	1997
1850	1873	1997
1850	1686	1873
1686	1859	1873
2031	2003	1850
2031	2113	2003
2187	2153	2113
2153	2070	2113
1617	1586	1697
1617	1434	1586
1617	1492	1434
1492	1415	1434
1098	1243	1237
1243	1282	1237
1243	1306	1282
1306	1441	1282
1306	1401	1441
1101	1188	1325
1188	1332	1325
1128	1247	1250
1128	1137	1247
1247	1321	1250
1321	1434	1250
1321	1414	1434
1250	1141	1128
1141	1001	1128
1250	1173	1141
1140	1235	1206
1206	1028	1140
1206	1213	1028
1213	1200	1028
1213	1291	1200
1291	1180	1200
1213	1357	1291
1357	1381	1291
1381	1280	1291
1357	1392	1381
1357	1299	1392
1299	1344	1392
1344	1455	1392
1455	1560	1392
1560	1563	1392
1560	1582	1563
1582	1632	1563
1632	1565	1563
1565	1536	1563
1582	1705	1632
1705	1716	1632
1705	1719	1716
1719	1770	1716
1719	1749	1770
1749	1779	1770
1779	1860	1770
1860	1824	1770
1860	1937	1824
1937	1772	1824
1860	1953	1937
1953	1971	1937
1971	2022	1937
1971	2103	2022
2103	2102	2022
2103	2137	2102
2137	2220	2102
2103	2138	2137
2103	2125	2138
2103	1971	2125
1971	2014	2125
2014	2115	2125
2014	2039	2115
2039	2151	2115
2039	2027	2151
2027	2051	2151
2051	2189	2151
2189	2260	2151
2189	2368	2260
2368	2380	2260
2368	2488	2380
2488	2475	2380
2488	2564	2475
2564	2535	2475
2488	2534	2564
2488	2493	2534
2189	2297	2368
2189	2146	2297
2146	2172	2297
2172	2218	2297
2218	2265	2297
2218	2271	2265
2271	2320	2265
2271	2253	2320
2271	2218	2253
2218	2123	2253
2123	2178	2253
2178	2234	2253
2178	2226	2234
2226	2329	2234
2178	2068	2226
2068	2077	2226
2178	2021	2068
2178	2123	2021
2123	2091	2021
2091	2010	2021
2010	1918	2021
1918	1921	2021
1918	1795	1921
1795	1849	1921
1795	1829	1849
1829	1830	1849
1829	1737	1830
1737	1762	1830
1737	1735	1762
1735	1758	1762
1758	1782	1762
1758	1800	1782
1735	1626	1758
1735	1664	1626
1735	1737	1664
1918	1777	1795
1777	1738	1795
1777	1677	1738
1777	1723	1677
1723	1625	1677
1723	1621	1625
1621	1576	1625
1576	1529	1625
1576	1524	1529
1524	1475	1529
1524	1486	1475
1486	1410	1475
1410	1352	1475
1410	1396	1352
1396	1326	1352
1410	1486	1396
1486	1496	1396
1486	1538	1496
1538	1579	1496
1579	1540	1496
1540	1515	1496
1515	1480	1496
1515	1540	1480
1540	1605	1480
1605	1534	1480
1534	1382	1480
1534	1504	1382
1504	1359	1382
1504	1453	1359
1453	1405	1359
1453	1500	1405
1500	1377	1405
1500	1505	1377
1453	1525	1500
1525	1562	1500
1525	1568	1562
1525	1519	1568
1519	1638	1568
1638	1666	1568
1638	1766	1666
1766	1787	1666
1787	1781	1666
1781	1814	1666
1814	1658	1666
1814	1690	1658
1690	1593	1658
1690	1574	1593
1574	1505	1593
1574	1426	1505
1574	1429	1426
1429	1274	1426
1429	1455	1274
1429	1574	1455
1574	1539	1455
1539	1544	1455
1544	1560	1455
1544	1582	1560
1544	1574	1582
1574	1719	1582
1719	1705	1582
1574	1749	1719
1574	1690	1749
1690	1779	1749
1690	1814	1779
1814	1860	1779
1814	1947	1860
1947	1953	1860
1947	2014	1953
2014	1971	1953
1947	1956	2014
1956	2039	2014
1956	1965	2039
1965	2027	2039
1965	1985	2027
1985	2051	2027
1985	2146	2051
2146	2142	2051
2142	2189	2051
2142	2146	2189
1985	2038	2146
2038	2099	2146
2099	2172	2146
2099	2105	2172
2105	2218	2172
2105	2123	2218
2105	2091	2123
2105	2083	2091
2083	2010	2091
2083	2049	2010
2049	1893	2010
1893	1903	2010
1903	1918	2010
1903	1768	1918
1768	1777	1918
1768	1723	1777
1768	1729	1723
1729	1668	1723
1668	1621	1723
1668	1645	1621
1645	1576	1621
1645	1524	1576
1645	1538	1524
1538	1486	1524
1645	1579	1538
1645	1745	1579
1745	1750	1579
1750	1540	1579
1750	1605	1540
1750	1725	1605
1725	1667	1605
1667	1638	1605
1638	1534	1605
1638	1519	1534
1519	1504	1534
1519	1453	1504
1519	1525	1453
1667	1714	1638
1714	1766	1638
1714	1813	1766
1813	1787	1766
1813	1875	1787
1875	1826	1787
1826	1781	1787
1826	1842	1781
1842	1814	1781
1842	1947	1814
1842	1956	1947
1842	1965	1956
1842	1939	1965
1939	1985	1965
1939	1888	1985
1888	1923	1985
1923	1969	1985
1969	2038	1985
1969	1916	2038
1916	2049	2038
2049	2099	2038
2049	2083	2099
2083	2105	2099
1916	1893	2049
1916	1745	1893
1745	1729	1893
1729	1768	1893
1768	1903	1893
1745	1645	1729
1645	1668	1729
1916	1750	1745
1916	1923	1750
1923	1813	1750
1813	1725	1750
1813	1714	1725
1714	1667	1725
1923	1888	1813
1888	1875	1813
1888	1939	1875
1939	1826	1875
1939	1842	1826
1916	1969	1923
1544	1539	1574
1344	1323	1455
1344	1299	1323
1299	1198	1323
1299	1235	1198
1235	1140	1198
1299	1357	1235
1357	1213	1235
1213	1206	1235
1144	1158	1293
1158	1160	1293
1154	1230	1329
1329	1301	1154
1165	1249	1313
1165	1129	1249
1249	1388	1313
1249	1318	1388
1318	1566	1388
1318	1447	1566
1447	1556	1566
1318	1327	1447
1318	1226	1327
1168	1242	1241
1241	1285	1168
1241	1276	1285
1276	1437	1285
1437	1438	1285
1438	1362	1285
1437	1468	1438
1276	1334	1437
1334	1532	1437
1334	1531	1532
1334	1379	1531
1379	1517	1531
1379	1369	1517
1369	1491	1517
1491	1662	1517
1662	1676	1517
1662	1747	1676
1747	1879	1676
1879	1715	1676
1879	1961	1715
1369	1358	1491
1276	1260	1334
1276	1242	1260
1276	1241	1242
1183	1187	1298
1187	1244	1298
1298	1263	1183
1215	1290	1265
1245	1268	1300
1300	1333	1245
1333	1331	1245
1331	1222	1245
1333	1443	1331
1333	1399	1443
1333	1366	1399
1366	1459	1399
1366	1497	1459
1497	1619	1459
1619	1601	1459
1619	1692	1601
1366	1526	1497
1366	1498	1526
1498	1591	1526
1366	1355	1498
1355	1440	1498
1355	1289	1440
1355	1268	1289
1355	1366	1268
1366	1300	1268
1366	1333	1300
1248	1430	1365
1430	1501	1365
1501	1360	1365
1501	1513	1360
1501	1603	1513
1248	1322	1430
1322	1467	1430
1248	1203	1322
1275	1336	1287
1275	1442	1336
1275	1293	1442
1293	1508	1442
1277	1450	1380
1450	1609	1380
1450	1494	1609
1494	1555	1609
1555	1756	1609
1756	1681	1609
1756	1856	1681
1856	1871	1681
1756	2030	1856
2030	2064	1856
1494	1561	1555
1297	1456	1436
1297	1303	1456
1303	1412	1456
1412	1734	1456
1734	1721	1456
1412	1587	1734
1587	1739	1734
1739	1853	1734
1739	1869	1853
1869	1942	1853
1869	1936	1942
1739	1606	1869
1739	1580	1606
1739	1587	1580
1302	1446	1370
1316	1424	1489
1424	1648	1489
1648	1753	1489
1753	1620	1489
1648	1852	1753
1648	1788	1852
1354	1367	1476
1371	1460	1470
1402	1452	1421
1421	1272	1402
1407	1503	1575
1407	1419	1503
1407	1301	1419
1457	1545	1628
1545	1707	1628
1628	1602	1457
1628	1711	1602
1465	1511	1569
1511	1650	1569
1488	1700	1640
1488	1710	1700
1710	1843	1700
1490	1672	1551
1495	1618	1516
1618	1564	1516
1618	1685	1564
1685	1669	1564
1618	1675	1685
1675	1796	1685
1618	1644	1675
1618	1495	1644
1527	1698	1637
1698	1712	1637
1712	1728	1637
1712	1817	1728
1712	1720	1817
1712	1698	1720
1698	1646	1720
1646	1704	1720
1646	1616	1704
1646	1527	1616
1646	1698	1527
1528	1594	1573
1573	1510	1528
1594	1684	1573
1594	1694	1684
1694	1858	1684
1858	1866	1684
1858	1941	1866
1858	2037	1941
2037	2040	1941
1594	1588	1694
1533	1706	1597
1542	1741	1612
1552	1670	1767
1590	1641	1643
1641	1724	1643
1592	1678	1674
1678	1746	1674
1746	1805	1674
1746	1862	1805
1862	1966	1805
1966	1898	1805
1746	1759	1862
1746	1711	1759
1746	1678	1711
1607	1752	1699
1607	1695	1752
1623	1863	1718
1863	1899	1718
1899	1837	1718
1899	1989	1837
1623	1672	1863
1672	1870	1863
1870	2061	1863
1870	2032	2061
2032	2118	2061
2118	2156	2061
2118	2319	2156
2319	2387	2156
2118	2207	2319
2207	2327	2319
2207	2229	2327
2229	2317	2327
2317	2495	2327
2495	2521	2327
2495	2597	2521
2597	2715	2521
2715	2653	2521
2715	2765	2653
2765	2831	2653
2831	2783	2653
2783	2659	2653
2659	2614	2653
2659	2626	2614
2659	2687	2626
2659	2783	2687
2597	2716	2715
2597	2720	2716
2317	2291	2495
2317	2229	2291
2207	2032	2229
2207	2118	2032
1631	1713	1656
1713	1689	1656
1713	1878	1689
1878	1708	1689
1878	1741	1708
1631	1649	1713
1639	1717	1655
1639	1773	1717
1773	1902	1717
1902	1764	1717
1764	1655	1717
1764	1660	1655
1773	1886	1902
1773	1819	1886
1819	1995	1886
1819	1851	1995
1851	1896	1995
1896	2045	1995
1851	1839	1896
1851	1709	1839
1851	1819	1709
1642	1683	1733
1653	1740	1778
1740	1785	1778
1778	1784	1653
1665	1803	1722
1680	1757	1801
1726	1810	1884
1810	1926	1884
1727	1962	1765
1727	1915	1962
1915	1959	1962
1915	2052	1959
1915	1910	2052
1730	1832	1771
1832	1968	1771
1832	1952	1968
1730	1733	1832
1732	1789	1790
1742	1812	1825
1743	1807	1754
1792	2057	1981
2057	2204	1981
2204	2060	1981
2060	1907	1981
2060	1876	1907
2060	1934	1876
1934	1818	1876
2060	2093	1934
2093	1996	1934
2060	2149	2093
2149	2212	2093
2212	2192	2093
2060	2204	2149
2204	2231	2149
2204	2230	2231
2204	2238	2230
2238	2438	2230
2238	2296	2438
2296	2325	2438
2325	2435	2438
2325	2355	2435
2325	2089	2355
2325	2117	2089
2117	2057	2089
2117	2238	2057
2238	2204	2057
2117	2296	2238
2117	2325	2296
1806	1900	1821
1822	1854	1911
1823	1908	1891
1835	1847	2024
1847	2013	2024
2013	2112	2024
2013	2124	2112
2124	2237	2112
2124	2351	2237
2351	2414	2237
2013	1977	2124
1838	1975	1889
1975	2128	1889
2128	1844	1889
2128	1859	1844
1975	2044	2128
1848	1948	1927
1927	2034	1848
1848	1933	1948
1855	1892	1890
1892	1945	1890
1865	1913	2065
1913	2050	2065
2065	2025	1865
2065	2072	2025
2072	2228	2025
1881	1924	1944
1924	2023	1944
2023	2168	1944
2023	2195	2168
2195	2255	2168
2255	2243	2168
2243	2200	2168
2243	2259	2200
2259	2219	2200
2243	2324	2259
2243	2255	2324
2255	2370	2324
2255	2353	2370
2255	2195	2353
1944	1692	1881
1882	1964	2098
2098	2062	1882
1887	2106	2066
2106	2215	2066
2106	2166	2215
2166	2261	2215
2261	2403	2215
2403	2277	2215
2166	2216	2261
1894	2033	1986
2033	2158	1986
2033	2008	2158
2033	1894	2008
1909	1928	1951
1928	1957	1951
1919	1955	2011
1955	2136	2011
2136	2063	2011
2063	2017	2011
2017	1919	2011
1955	2076	2136
1925	1999	2056
1999	2036	2056
2036	2167	2056
2036	2067	2167
2067	2135	2167
2036	1978	2067
2036	1958	1978
2036	1999	1958
1930	2001	1931
1930	2002	2001
2002	2130	2001
2130	2150	2001
2130	2225	2150
2130	2193	2225
2193	2290	2225
1940	2028	2018
2028	2086	2018
2086	2177	2018
2086	2256	2177
2256	2366	2177
2086	2183	2256
2086	2028	2183
2028	2055	2183
2055	2155	2183
1943	2004	2019
1954	2095	2085
1954	2101	2095
2101	2287	2095
2287	2085	2095
2101	2359	2287
2359	2476	2287
2476	2338	2287
2476	2471	2338
2476	2519	2471
2519	2554	2471
2519	2588	2554
2588	2727	2554
2588	2789	2727
2789	2890	2727
2890	2718	2727
2890	2809	2718
2890	2914	2809
2914	3031	2809
3031	2821	2809
3031	2945	2821
2945	2900	2821
2900	2817	2821
2900	2978	2817
2978	2798	2817
2798	2622	2817
2798	2516	2622
2516	2407	2622
2516	2494	2407
2516	2562	2494
2516	2798	2562
2978	2878	2798
2978	3026	2878
2900	2945	2978
2914	3080	3031
2789	2983	2890
2789	2913	2983
2789	2894	2913
2789	2638	2894
2789	2588	2638
2588	2531	2638
2588	2476	2531
2476	2447	2531
2476	2359	2447
2359	2334	2447
2359	2283	2334
2588	2519	2476
1954	2114	2101
1954	2019	2114
2085	2037	1954
1967	2090	1993
2090	2127	1993
1974	1998	2012
1974	1987	1998
1987	2012	1998
1976	2173	2120
2173	2247	2120
2247	2121	2120
2247	2160	2121
2247	2335	2160
2247	2389	2335
2389	2432	2335
2389	2496	2432
2389	2499	2496
1976	2126	2173
1980	2163	2208
1980	2034	2163
2163	2385	2208
2163	2343	2385
2343	2426	2385
1988	2131	2035
1990	2084	2009
2084	2165	2009
2165	2058	2009
2165	2311	2058
2311	2073	2058
2311	2281	2073
2084	2122	2165
2122	2164	2165
2164	2303	2165
2303	2348	2165
2303	2378	2348
2378	2520	2348
2303	2164	2378
2164	2116	2378
2164	2108	2116
2164	2122	2108
2016	2059	2148
2016	1989	2059
1989	2174	2059
2174	2148	2059
2174	2205	2148
2205	2170	2148
2170	2043	2148
2043	2016	2148
2205	2280	2170
2205	2174	2280
2174	2401	2280
2401	2458	2280
2458	2465	2280
2465	2474	2280
2465	2541	2474
2541	2558	2474
2541	2596	2558
2596	2620	2558
2620	2699	2558
2541	2465	2596
2465	2458	2596
2174	2258	2401
2174	2159	2258
2174	1989	2159
2026	2154	2109
2109	1966	2026
2154	2305	2109
2026	2062	2154
2029	2110	2286
2110	2298	2286
2110	2170	2298
2042	2147	2069
2071	2080	2139
2081	2096	2224
2096	2251	2224
2096	2196	2251
2082	2140	2222
2097	2213	2203
2203	2211	2097
2097	2201	2213
2201	2424	2213
2201	2316	2424
2316	2459	2424
2459	2550	2424
2459	2645	2550
2645	2689	2550
2689	2548	2550
2689	2750	2548
2645	2725	2689
2645	2741	2725
2459	2679	2645
2459	2566	2679
2201	2202	2316
2202	2214	2316
2202	1942	2214
2202	2201	1942
2132	2242	2217
2145	2233	2369
2233	2360	2369
2360	2399	2369
2369	2116	2145
2171	2288	2293
2171	2179	2288
2179	2352	2288
2352	2363	2288
2363	2394	2288
2394	2293	2288
2394	2377	2293
2363	2420	2394
2363	2352	2420
2175	2246	2240
2240	2136	2175
2191	2268	2235
2194	2336	2326
2223	2457	2386
2457	2464	2386
2464	2479	2386
2464	2492	2479
2464	2547	2492
2464	2545	2547
2545	2690	2547
2690	2586	2547
2545	2758	2690
2758	2825	2690
2758	2840	2825
2840	2852	2825
2852	2992	2825
2992	2790	2825
2992	2823	2790
2823	2761	2790
2852	3020	2992
3020	3064	2992
2758	2788	2840
2758	2545	2788
2464	2481	2545
2481	2575	2545
2481	2540	2575
2540	2701	2575
2540	2604	2701
2604	2794	2701
2604	2677	2794
2677	2853	2794
2677	2682	2853
2682	2836	2853
2836	2897	2853
2836	2993	2897
2836	2815	2993
2682	2625	2836
2682	2589	2625
2589	2520	2625
2520	2636	2625
2520	2688	2636
2688	2815	2636
2688	2862	2815
2688	2868	2862
2682	2467	2589
2682	2677	2467
2677	2604	2467
2481	2457	2540
2481	2464	2457
2232	2248	2415
2248	2323	2415
2323	2553	2415
2553	2486	2415
2486	2452	2415
2452	2232	2415
2452	2299	2232
2299	2263	2232
2299	2245	2263
2299	2356	2245
2356	2354	2245
2356	2393	2354
2393	2396	2354
2356	2299	2393
2299	2452	2393
2452	2539	2393
2539	2644	2393
2539	2671	2644
2671	2827	2644
2827	2768	2644
2768	2594	2644
2768	2746	2594
2746	2669	2594
2669	2676	2594
2676	2439	2594
2439	2450	2594
2676	2490	2439
2676	2643	2490
2669	2746	2676
2768	2793	2746
2768	2804	2793
2768	2839	2804
2768	2827	2839
2539	2629	2671
2539	2486	2629
2486	2693	2629
2486	2602	2693
2602	2706	2693
2602	2553	2706
2553	2603	2706
2603	2713	2706
2713	2834	2706
2834	2859	2706
2859	2879	2706
2859	3067	2879
3067	3021	2879
3021	2961	2879
3021	2991	2961
3021	3041	2991
3041	2971	2991
3021	3092	3041
3021	3067	3092
3067	3137	3092
3067	3065	3137
2603	2592	2713
2592	2662	2713
2592	2569	2662
2592	2532	2569
2592	2441	2532
2592	2603	2441
2603	2553	2441
2553	2323	2441
2602	2486	2553
2539	2452	2486
2269	2328	2440
2273	2525	2295
2278	2339	2365
2278	2342	2339
2342	2463	2339
2463	2365	2339
2342	2582	2463
2582	2670	2463
2582	2752	2670
2582	2630	2752
2582	2480	2630
2480	2667	2630
2480	2580	2667
2480	2502	2580
2502	2537	2580
2537	2634	2580
2537	2685	2634
2685	2730	2634
2685	2857	2730
2857	2872	2730
2872	2797	2730
2872	3036	2797
3036	3012	2797
3036	3120	3012
3036	3084	3120
3084	3253	3120
3253	3250	3120
3253	3305	3250
3305	3389	3250
3084	3138	3253
3084	3051	3138
3036	2872	3084
2502	2422	2537
2422	2372	2537
2372	2437	2537
2502	2454	2422
2454	2397	2422
2454	2480	2397
2454	2502	2480
2278	2167	2342
2365	2328	2278
2301	2322	2362
2322	2367	2362
2322	2344	2367
2344	2413	2367
2344	2228	2413
2228	2357	2413
2357	2551	2413
2302	2543	2483
2543	2574	2483
2543	2745	2574
2543	2571	2745
2315	2333	2381
2333	2377	2381
2381	2371	2315
2381	2585	2371
2330	2374	2331
2331	2560	2330
2560	2374	2330
2560	2601	2374
2560	2618	2601
2331	2332	2560
2345	2508	2379
2346	2429	2373
2429	2542	2373
2429	2606	2542
2606	2654	2542
2654	2737	2542
2606	2675	2654
2606	2599	2675
2606	2462	2599
2606	2429	2462
2429	2375	2462
2375	2431	2462
2375	2212	2431
2429	2346	2375
2346	2192	2375
2347	2398	2515
2515	2460	2347
2358	2376	2444
2376	2573	2444
2573	2660	2444
2660	2655	2444
2655	2577	2444
2660	2842	2655
2660	2658	2842
2660	2573	2658
2391	2517	2552
2517	2759	2552
2517	2717	2759
2402	2511	2473
2404	2512	2485
2485	2426	2404
2485	2487	2426
2485	2549	2487
2485	2512	2549
2411	2421	2546
2421	2572	2546
2572	2649	2546
2411	2217	2421
2425	2556	2561
2430	2436	2468
2436	2527	2468
2442	2526	2489
2526	2518	2489
2518	2533	2489
2533	2530	2489
2533	2576	2530
2526	2749	2518
2445	2449	2522
2449	2514	2522
2514	2613	2522
2514	2612	2613
2612	2779	2613
2612	2666	2779
2666	2704	2779
2704	2880	2779
2880	2912	2779
2880	2994	2912
2994	3087	2912
2880	2995	2994
2880	2982	2995
2982	3098	2995
2982	3151	3098
2982	2972	3151
2982	2880	2972
2880	2785	2972
2880	2704	2785
2451	2529	2472
2469	2610	2524
2491	2501	2619
2501	2509	2619
2619	2628	2491
2497	2591	2757
2591	2692	2757
2692	2807	2757
2807	2933	2757
2807	2822	2933
2807	2692	2822
2591	2557	2692
2498	2565	2627
2565	2698	2627
2500	2672	2593
2500	2657	2672
2505	2650	2664
2507	2623	2637
2623	2665	2637
2623	2646	2665
2646	2905	2665
2905	2869	2665
2869	2778	2665
2905	3000	2869
2905	2930	3000
2905	2929	2930
2623	2608	2646
2623	2507	2608
2538	2570	2600
2600	2565	2538
2567	2729	2609
2729	2735	2609
2735	2652	2609
2735	2800	2652
2568	2705	2647
2578	2697	2595
2595	2557	2578
2557	2414	2578
2578	2771	2697
2578	2581	2771
2581	2640	2771
2640	2691	2771
2691	2796	2771
2796	2895	2771
2796	2820	2895
2796	2691	2820
2583	2710	2648
2710	2774	2648
2774	2751	2648
2710	2763	2774
2763	2863	2774
2763	2910	2863
2910	2986	2863
2587	2661	2674
2587	2656	2661
2656	2832	2661
2832	2674	2661
2656	2681	2832
2681	2830	2832
2830	3011	2832
2681	2777	2830
2598	2740	2695
2611	2621	2673
2621	2633	2673
2615	2708	2700
2642	2781	2748
2651	2813	2819
2813	2844	2819
2844	2958	2819
2702	2812	2866
2711	2883	2760
2711	2891	2883
2891	2946	2883
2946	2925	2883
2946	3205	2925
3205	3095	2925
3205	3243	3095
3205	3265	3243
3265	3279	3243
3265	3382	3279
3382	3370	3279
3370	3317	3279
3317	3210	3279
3210	2989	3279
3210	3085	2989
3085	2866	2989
3210	3313	3085
3210	3331	3313
3210	3317	3331
3317	3370	3331
3265	3495	3382
3265	3433	3495
3433	3546	3495
3433	3500	3546
3500	3641	3546
3500	3611	3641
3611	3755	3641
3755	3852	3641
3500	3418	3611
3418	3417	3611
3418	3270	3417
3270	3340	3417
3340	3416	3417
3340	3435	3416
3435	3445	3416
3435	3454	3445
3435	3241	3454
3241	3236	3454
3236	3398	3454
3435	3340	3241
3340	3135	3241
3135	3202	3241
3340	3270	3135
3270	3121	3135
3418	3301	3270
3301	3257	3270
3301	3433	3257
3433	3265	3257
3265	3205	3257
3205	3018	3257
3205	2946	3018
2946	2937	3018
2946	2891	2937
3301	3418	3433
3418	3500	3433
2722	2856	2802
2722	2860	2856
2722	2792	2860
2856	2882	2802
2882	2965	2802
2965	2801	2802
2965	2927	2801
2927	2787	2801
2927	2944	2787
2882	3001	2965
2738	2829	2769
2829	2871	2769
2871	2820	2769
2738	2699	2829
2739	2865	2889
2865	2915	2889
2915	3133	2889
2915	3167	3133
3167	3184	3133
2915	3049	3167
2915	2865	3049
2889	2708	2739
2889	2816	2708
2747	2775	2810
2775	2850	2810
2766	2818	2954
2766	2751	2818
2954	2753	2766
2772	2847	2814
2772	2673	2847
2847	3010	2814
3010	2990	2814
2847	3009	3010
2773	2841	2903
2841	2932	2903
2782	2898	2861
2782	3003	2898
3003	2987	2898
3003	3013	2987
2898	2949	2861
2786	2826	2904
2904	2806	2786
2806	2749	2786
2799	2888	2934
2837	2855	3006
3006	2922	2837
2849	2887	3100
2887	3038	3100
3038	3123	3100
3123	3277	3100
3123	3330	3277
3123	3038	3330
3038	3290	3330
3290	3361	3330
3361	3484	3330
3038	3050	3290
3050	3221	3290
3050	3124	3221
3124	3287	3221
3287	3409	3221
3287	3496	3409
3287	3510	3496
3287	3295	3510
3287	3181	3295
3181	3272	3295
3287	3124	3181
2864	2886	3115
2886	2960	3115
2960	3191	3115
3191	3282	3115
2884	2907	3016
2901	2974	2984
2974	3144	2984
3144	3128	2984
2906	3195	3046
3046	2955	2906
2906	3040	3195
2917	3086	3093
2926	3034	3059
3034	3081	3059
3081	3240	3059
3034	3058	3081
2931	3129	2941
2935	3114	3165
3114	3222	3165
3114	3188	3222
3188	3357	3222
3357	3362	3222
3188	3255	3357
3255	3358	3357
3188	3083	3255
3083	3060	3255
3060	3139	3255
3139	3339	3255
3139	3117	3339
3117	3161	3339
3117	3039	3161
3188	3114	3083
2942	3145	3068
3068	2996	2942
3068	3071	2996
2948	3019	3014
3019	3256	3014
3256	3314	3014
3256	3386	3314
3386	3479	3314
3479	3381	3314
3381	3169	3314
3381	3239	3169
3239	3103	3169
3103	2871	3169
3239	3227	3103
3227	3226	3103
3226	3055	3103
3055	2895	3103
3239	3414	3227
3239	3400	3414
3400	3543	3414
3543	3440	3414
3543	3580	3440
3580	3513	3440
3513	3455	3440
3455	3300	3440
3300	3226	3440
3455	3316	3300
3316	3274	3300
3316	3312	3274
3316	3369	3312
3369	3365	3312
3365	3245	3312
3369	3385	3365
3385	3514	3365
3514	3402	3365
3402	3310	3365
3402	3457	3310
3457	3193	3310
3193	3142	3310
3193	3008	3142
3193	3024	3008
3024	2966	3008
3316	3455	3369
3543	3709	3580
3543	3636	3709
3543	3479	3636
3479	3589	3636
3479	3386	3589
3386	3657	3589
3386	3426	3657
3426	3451	3657
3451	3533	3657
3426	3407	3451
3426	3256	3407
3426	3386	3256
3543	3400	3479
3400	3381	3479
3400	3239	3381
2953	3178	3204
3204	3116	2953
3204	3218	3116
3218	3231	3116
3231	3166	3116
3231	3280	3166
3280	3187	3166
3280	3249	3187
3249	3157	3187
3280	3394	3249
3280	3372	3394
3372	3520	3394
3280	3231	3372
2970	2998	3074
2976	3030	3077
3077	3235	2976
3030	3206	3077
3015	3111	3088
3088	3073	3015
3088	3150	3073
3150	3174	3073
3088	3111	3150
3015	3048	3111
3027	3194	3045
3194	3070	3045
3194	3211	3070
3035	3283	3072
3047	3197	3217
3052	3089	3156
3089	3233	3156
3233	3271	3156
3271	3324	3156
3324	3319	3156
3271	3379	3324
3271	3233	3379
3233	3318	3379
3057	3203	3106
3203	3225	3106
3203	3294	3225
3294	3291	3225
3291	3269	3225
3269	3208	3225
3269	3284	3208
3284	3192	3208
3192	2986	3208
3192	3101	2986
3192	3298	3101
3192	3284	3298
3269	3291	3284
3294	3464	3291
3294	3463	3464
3090	3126	3201
3126	3261	3201
3099	3281	3104
3108	3299	3159
3299	3407	3159
3109	3232	3252
3109	3240	3232
3240	3288	3232
3288	3252	3232
3288	3456	3252
3456	3431	3252
3431	3283	3252
3431	3341	3283
3431	3473	3341
3431	3526	3473
3526	3681	3473
3681	3524	3473
3681	3714	3524
3681	3822	3714
3526	3545	3681
3545	3661	3681
3545	3587	3661
3526	3456	3545
3526	3431	3456
3288	3329	3456
3288	3240	3329
3240	3355	3329
3112	3247	3189
3113	3297	3170
3297	3333	3170
3297	3438	3333
3297	3475	3438
3297	3346	3475
3297	3273	3346
3273	3423	3346
3273	3336	3423
3336	3448	3423
3448	3527	3423
3448	3528	3527
3528	3704	3527
3704	3712	3527
3448	3530	3528
3530	3550	3528
3297	3113	3273
3125	3171	3209
3171	3248	3209
3171	3173	3248
3125	2978	3171
3131	3213	3177
3152	3309	3263
3309	3344	3263
3344	3419	3263
3344	3430	3419
3430	3552	3419
3552	3571	3419
3571	3596	3419
3552	3600	3571
3600	3720	3571
3600	3699	3720
3699	3806	3720
3699	3858	3806
3699	3680	3858
3680	3855	3858
3855	3958	3858
3680	3677	3855
3680	3525	3677
3680	3699	3525
3699	3600	3525
3600	3489	3525
3489	3430	3525
3430	3343	3525
3430	3344	3343
3344	3309	3343
3489	3552	3430
3489	3600	3552
3158	3163	3260
3163	3224	3260
3224	3325	3260
3325	3395	3260
3172	3259	3199
3199	3087	3172
3175	3185	3373
3373	3420	3175
3420	3345	3175
3345	3145	3175
3420	3515	3345
3515	3441	3345
3515	3564	3441
3515	3770	3564
3770	3771	3564
3771	3607	3564
3771	3725	3607
3771	3804	3725
3804	3848	3725
3848	3824	3725
3824	3756	3725
3824	3842	3756
3824	3896	3842
3896	3904	3842
3904	3743	3842
3904	3880	3743
3904	4102	3880
3904	4032	4102
3904	3896	4032
3804	3849	3848
3804	3771	3849
3771	3770	3849
3770	3803	3849
3803	3865	3849
3770	3740	3803
3373	3465	3420
3373	3444	3465
3444	3532	3465
3532	3638	3465
3532	3572	3638
3532	3511	3572
3532	3444	3511
3182	3332	3352
3332	3470	3352
3470	3450	3352
3470	3555	3450
3470	3639	3555
3212	3238	3228
3220	3383	3304
3262	3349	3412
3262	3266	3349
3266	3406	3349
3406	3462	3349
3462	3412	3349
3462	3562	3412
3462	3668	3562
3462	3715	3668
3462	3483	3715
3483	3518	3715
3483	3437	3518
3483	3449	3437
3449	3406	3437
3406	3266	3437
3449	3462	3406
3449	3483	3462
3276	3311	3354
3293	3493	3364
3364	3281	3293
3364	3302	3281
3493	3469	3364
3493	3505	3469
3505	3537	3469
3537	3530	3469
3505	3493	3537
3493	3577	3537
3493	3539	3577
3303	3425	3356
3425	3470	3356
3306	3413	3477
3307	3443	3327
3443	3523	3327
3523	3460	3327
3460	3380	3327
3460	3508	3380
3323	3468	3375
3468	3502	3375
3502	3485	3375
3502	3544	3485
3468	3566	3502
3468	3472	3566
3472	3512	3566
3338	3403	3371
3403	3584	3371
3584	3592	3371
3584	3701	3592
3347	3459	3422
3459	3598	3422
3598	3595	3422
3595	3397	3422
3598	3670	3595
3459	3497	3598
3348	3367	3548
3348	3206	3367
3367	3424	3548
3424	3519	3548
3519	3554	3548
3554	3690	3548
3359	3529	3410
3529	3497	3410
3401	3415	3557
3401	3277	3415
3415	3542	3557
3542	3676	3557
3557	3482	3401
3557	3494	3482
3494	3447	3482
3494	3547	3447
3557	3733	3494
3733	3738	3494
3733	3798	3738
3733	3851	3798
3733	3907	3851
3907	4053	3851
3432	3558	3560
3446	3490	3579
3461	3538	3492
3538	3570	3492
3570	3474	3492
3538	3620	3570
3620	3662	3570
3662	3608	3570
3662	3713	3608
3713	3664	3608
3713	3825	3664
3538	3621	3620
3621	3652	3620
3621	3696	3652
3696	3719	3652
3719	3686	3652
3696	3786	3719
3786	3838	3719
3838	3794	3719
3794	3773	3719
3794	3876	3773
3876	3832	3773
3876	4003	3832
4003	4027	3832
4027	3892	3832
4027	3992	3892
3992	3877	3892
3877	3825	3892
3992	3857	3877
3857	3808	3877
3992	3950	3857
3992	4015	3950
3992	4100	4015
4100	4076	4015
4100	4156	4076
4156	4209	4076
4209	4219	4076
4219	4215	4076
4215	4125	4076
4125	4008	4076
4125	3982	4008
3982	3968	4008
3968	3964	4008
3964	3951	4008
4125	4124	3982
4124	3931	3982
4125	4199	4124
4125	4215	4199
4219	4271	4215
4219	4209	4271
4209	4156	4271
4156	4227	4271
4227	4260	4271
4260	4275	4271
4275	4337	4271
4275	4355	4337
4355	4418	4337
4418	4442	4337
4418	4478	4442
4478	4539	4442
4539	4513	4442
4513	4496	4442
4513	4598	4496
4513	4554	4598
4554	4609	4598
4609	4670	4598
4670	4623	4598
4623	4558	4598
4623	4627	4558
4627	4492	4558
4492	4454	4558
4492	4447	4454
4447	4365	4454
4365	4303	4454
4303	4338	4454
4303	4283	4338
4283	4226	4338
4283	4240	4226
4283	4365	4240
4365	4319	4240
4365	4349	4319
4349	4419	4319
4419	4272	4319
4419	4340	4272
4340	4266	4272
4340	4299	4266
4299	4208	4266
4208	4189	4266
4299	4214	4208
4214	4096	4208
4340	4416	4299
4340	4419	4416
4419	4504	4416
4504	4525	4416
4504	4602	4525
4602	4614	4525
4614	4601	4525
4601	4490	4525
4601	4549	4490
4601	4648	4549
4648	4603	4549
4603	4540	4549
4603	4592	4540
4592	4530	4540
4530	4458	4540
4458	4389	4540
4389	4408	4540
4458	4393	4389
4530	4518	4458
4530	4572	4518
4603	4660	4592
4603	4648	4660
4648	4727	4660
4727	4774	4660
4774	4762	4660
4762	4681	4660
4762	4812	4681
4812	4791	4681
4791	4749	4681
4749	4662	4681
4662	4572	4681
4662	4463	4572
4463	4443	4572
4463	4380	4443
4463	4495	4380
4463	4570	4495
4570	4593	4495
4593	4626	4495
4626	4510	4495
4626	4641	4510
4626	4676	4641
4676	4739	4641
4676	4730	4739
4730	4831	4739
4831	4853	4739
4853	4775	4739
4853	4848	4775
4848	4805	4775
4848	4832	4805
4832	4821	4805
4821	4747	4805
4747	4732	4805
4747	4645	4732
4848	4938	4832
4938	4914	4832
4938	4968	4914
4968	4941	4914
4968	5088	4941
5088	5008	4941
5008	4931	4941
5008	4923	4931
4923	4835	4931
5088	5089	5008
5089	5084	5008
5089	5124	5084
5124	5145	5084
5145	5127	5084
5145	5177	5127
5177	5148	5127
5148	5078	5127
5078	5028	5127
5078	5027	5028
5027	4991	5028
5027	4932	4991
4932	4935	4991
4935	4923	4991
5027	4953	4932
4953	4940	4932
4940	4803	4932
4803	4811	4932
4803	4740	4811
4740	4783	4811
4953	4978	4940
4978	5002	4940
5002	5009	4940
5009	4916	4940
4978	5027	5002
5027	5120	5002
5027	5109	5120
5109	5135	5120
5135	5167	5120
5135	5195	5167
5195	5211	5167
5211	5199	5167
5199	5161	5167
5199	5169	5161
5169	5186	5161
5186	5121	5161
5121	5123	5161
5121	5047	5123
5047	5071	5123
5047	5039	5071
5121	5050	5047
5121	5112	5050
5112	5005	5050
5005	4877	5050
4877	4909	5050
5005	4926	4877
4926	4863	4877
4926	4886	4863
4886	4809	4863
4886	4704	4809
4704	4650	4809
4650	4675	4809
4650	4590	4675
4650	4476	4590
4476	4521	4590
4476	4334	4521
4476	4406	4334
4406	4251	4334
4251	4136	4334
4136	4257	4334
4257	4286	4334
4251	4132	4136
4132	4018	4136
4132	4170	4018
4170	4014	4018
4170	4062	4014
4170	4221	4062
4221	3979	4062
4221	4178	3979
4178	4058	3979
4058	3839	3979
4178	4229	4058
4229	4217	4058
4217	4051	4058
4051	3973	4058
4170	4295	4221
4295	4411	4221
4411	4358	4221
4295	4414	4411
4414	4452	4411
4295	4350	4414
4350	4421	4414
4421	4543	4414
4350	4406	4421
4350	4251	4406
4350	4295	4251
4295	4170	4251
4170	4132	4251
4704	4543	4650
4926	4942	4886
4942	4934	4886
4934	4884	4886
4942	4987	4934
4942	5005	4987
5005	5014	4987
5014	5062	4987
5062	5060	4987
5060	4972	4987
5060	5021	4972
5021	4988	4972
4988	4919	4972
4988	4913	4919
4913	4778	4919
4913	4851	4778
4913	4895	4851
4895	4763	4851
4895	4833	4763
4895	4924	4833
4924	4872	4833
4872	4842	4833
4842	4746	4833
4842	4769	4746
4769	4672	4746
4672	4579	4746
4579	4668	4746
4579	4537	4668
4579	4460	4537
4579	4557	4460
4557	4573	4460
4769	4684	4672
4684	4633	4672
4684	4642	4633
4642	4605	4633
4605	4573	4633
4642	4560	4605
4642	4535	4560
4535	4481	4560
4642	4546	4535
4546	4499	4535
4546	4527	4499
4546	4586	4527
4586	4566	4527
4586	4585	4566
4585	4551	4566
4585	4596	4551
4596	4594	4551
4594	4541	4551
4594	4556	4541
4556	4523	4541
4556	4545	4523
4556	4618	4545
4618	4649	4545
4649	4544	4545
4649	4587	4544
4587	4563	4544
4563	4483	4544
4563	4550	4483
4550	4427	4483
4550	4402	4427
4550	4526	4402
4550	4607	4526
4607	4524	4526
4550	4714	4607
4550	4563	4714
4563	4587	4714
4587	4733	4714
4733	4721	4714
4721	4804	4714
4721	4733	4804
4733	4852	4804
4852	4822	4804
4822	4841	4804
4841	4845	4804
4841	4888	4845
4888	4928	4845
4928	4826	4845
4826	4734	4845
4826	4794	4734
4826	4817	4794
4826	4900	4817
4900	4892	4817
4892	4871	4817
4871	4799	4817
4799	4720	4817
4799	4728	4720
4728	4712	4720
4712	4673	4720
4712	4577	4673
4712	4494	4577
4871	4870	4799
4870	4894	4799
4894	4800	4799
4894	4896	4800
4896	4858	4800
4858	4726	4800
4858	4850	4726
4850	4816	4726
4816	4708	4726
4816	4796	4708
4816	4861	4796
4816	4882	4861
4882	4961	4861
4882	4957	4961
4957	4975	4961
4975	5085	4961
4975	5083	5085
5083	5110	5085
5110	5118	5085
5118	5086	5085
5118	5114	5086
5114	5101	5086
5101	5033	5086
5033	4961	5086
5033	5026	4961
5033	5101	5026
5101	5100	5026
5100	5020	5026
5020	4980	5026
5020	4996	4980
4996	4947	4980
4947	4874	4980
4947	4839	4874
4947	4937	4839
4947	4996	4937
5020	5051	4996
5051	5063	4996
5063	5067	4996
5067	5032	4996
5032	5000	4996
5032	5069	5000
5069	5076	5000
5076	5042	5000
5042	4967	5000
5042	4962	4967
4962	4865	4967
4865	4898	4967
4962	4965	4865
4965	4876	4865
4876	4837	4865
4965	4901	4876
4901	4844	4876
4901	4946	4844
4946	4979	4844
4979	4878	4844
4878	4761	4844
4979	4994	4878
4994	5007	4878
4994	5024	5007
5024	5103	5007
5103	5087	5007
5087	5019	5007
5087	5044	5019
5044	5022	5019
5022	4956	5019
5022	4952	4956
4952	4873	4956
4952	4908	4873
4908	4903	4873
4903	4823	4873
4823	4836	4873
4908	4930	4903
4930	4893	4903
4930	4949	4893
4949	4954	4893
4954	4885	4893
4885	4846	4893
4885	4869	4846
4869	4859	4846
4859	4788	4846
4859	4782	4788
4782	4748	4788
4748	4718	4788
4748	4666	4718
4666	4696	4718
4666	4638	4696
4748	4632	4666
4748	4722	4632
4722	4674	4632
4674	4639	4632
4639	4581	4632
4639	4509	4581
4639	4643	4509
4643	4589	4509
4589	4514	4509
4514	4470	4509
4514	4420	4470
4514	4430	4420
4430	4368	4420
4368	4345	4420
4345	4325	4420
4345	4312	4325
4312	4246	4325
4312	4239	4246
4239	4228	4246
4228	4164	4246
4164	4220	4246
4164	4113	4220
4113	4225	4220
4239	4233	4228
4239	4312	4233
4312	4256	4233
4256	4149	4233
4256	4270	4149
4256	4327	4270
4327	4311	4270
4327	4381	4311
4381	4361	4311
4361	4370	4311
4370	4274	4311
4274	4188	4311
4188	4114	4311
4188	4112	4114
4112	4041	4114
4041	4059	4114
4059	4069	4114
4069	4133	4114
4112	4111	4041
4111	3983	4041
4111	4067	3983
4111	4146	4067
4146	4173	4067
4173	4245	4067
4245	4230	4067
4230	4141	4067
4230	4224	4141
4224	4119	4141
4224	4151	4119
4151	4048	4119
4048	4040	4119
4040	4007	4119
4007	4004	4119
4004	4020	4119
4004	3941	4020
4004	3961	3941
4004	4007	3961
4007	4040	3961
4040	3978	3961
3978	3894	3961
3894	3867	3961
3894	3831	3867
3831	3760	3867
3831	3724	3760
3831	3747	3724
3747	3656	3724
3656	3626	3724
3656	3635	3626
3656	3655	3635
3656	3747	3655
3747	3786	3655
3786	3634	3655
3786	3665	3634
3665	3597	3634
3665	3621	3597
3621	3538	3597
3665	3696	3621
3665	3786	3696
3747	3830	3786
3830	3838	3786
3830	3872	3838
3872	3794	3838
3872	3836	3794
3836	3876	3794
3836	3882	3876
3836	3922	3882
3830	3831	3872
3831	3894	3872
3894	3975	3872
3975	3967	3872
3975	3996	3967
3975	4019	3996
3975	3978	4019
3978	4048	4019
4048	4157	4019
3978	4040	4048
3975	3894	3978
3830	3747	3831
4224	4241	4151
4241	4259	4151
4241	4302	4259
4302	4320	4259
4302	4339	4320
4339	4399	4320
4339	4391	4399
4391	4469	4399
4469	4432	4399
4432	4410	4399
4432	4394	4410
4432	4395	4394
4395	4333	4394
4395	4360	4333
4360	4324	4333
4360	4341	4324
4341	4321	4324
4321	4168	4324
4321	4227	4168
4227	4171	4168
4171	4121	4168
4171	4227	4121
4227	4038	4121
4227	4103	4038
4103	4031	4038
4031	4003	4038
4031	4027	4003
4031	4103	4027
4103	3992	4027
4103	4100	3992
4103	4156	4100
4103	4227	4156
4321	4260	4227
4321	4348	4260
4348	4275	4260
4348	4355	4275
4348	4418	4355
4348	4356	4418
4356	4404	4418
4404	4478	4418
4404	4484	4478
4484	4539	4478
4484	4606	4539
4606	4610	4539
4610	4554	4539
4554	4513	4539
4610	4609	4554
4610	4658	4609
4658	4677	4609
4677	4670	4609
4677	4706	4670
4677	4710	4706
4710	4755	4706
4755	4777	4706
4755	4798	4777
4798	4834	4777
4834	4806	4777
4806	4742	4777
4806	4707	4742
4707	4691	4742
4707	4678	4691
4678	4631	4691
4631	4670	4691
4631	4627	4670
4627	4623	4670
4631	4599	4627
4599	4492	4627
4599	4506	4492
4506	4419	4492
4419	4447	4492
4419	4349	4447
4349	4365	4447
4506	4504	4419
4506	4602	4504
4506	4599	4602
4599	4614	4602
4599	4678	4614
4678	4707	4614
4707	4601	4614
4707	4621	4601
4621	4648	4601
4621	4683	4648
4683	4727	4648
4683	4707	4727
4707	4806	4727
4806	4808	4727
4808	4774	4727
4808	4812	4774
4812	4762	4774
4808	4881	4812
4881	4856	4812
4856	4830	4812
4830	4791	4812
4830	4814	4791
4814	4787	4791
4787	4749	4791
4787	4756	4749
4756	4693	4749
4693	4662	4749
4756	4731	4693
4756	4765	4731
4765	4730	4731
4765	4831	4730
4765	4827	4831
4827	4854	4831
4854	4853	4831
4854	4897	4853
4897	4848	4853
4897	4938	4848
4897	4950	4938
4950	5006	4938
5006	5035	4938
5035	4990	4938
4990	4968	4938
4990	5088	4968
4990	5102	5088
5102	5115	5088
5115	5132	5088
5132	5089	5088
5132	5124	5089
5132	5182	5124
5182	5145	5124
5182	5177	5145
5182	5204	5177
5204	5148	5177
5204	5180	5148
5180	5160	5148
5160	5109	5148
5109	5078	5148
5109	5027	5078
5160	5135	5109
5160	5180	5135
5180	5195	5135
5180	5225	5195
5225	5213	5195
5213	5211	5195
5213	5224	5211
5224	5199	5211
5224	5217	5199
5217	5198	5199
5198	5169	5199
5198	5186	5169
5198	5207	5186
5207	5188	5186
5188	5173	5186
5173	5152	5186
5152	5121	5186
5152	5112	5121
5152	5105	5112
5105	5062	5112
5062	5005	5112
5062	5014	5005
5105	5060	5062
5105	5122	5060
5122	5079	5060
5079	5021	5060
5079	5072	5021
5072	5052	5021
5052	4955	5021
4955	4988	5021
4955	4913	4988
4955	4895	4913
4955	4924	4895
5072	5141	5052
5141	5093	5052
5093	5054	5052
5093	5099	5054
5093	5133	5099
5133	5106	5099
5106	5037	5099
5106	5055	5037
5055	5040	5037
5040	4995	5037
5040	5055	4995
5055	4986	4995
4986	4981	4995
4981	4915	4995
4981	4927	4915
4927	4880	4915
4880	4875	4915
4875	4867	4915
4875	4847	4867
4847	4801	4867
4847	4751	4801
4751	4741	4801
4741	4690	4801
4741	4634	4690
4634	4642	4690
4642	4694	4690
4694	4719	4690
4694	4684	4719
4684	4769	4719
4769	4776	4719
4769	4842	4776
4694	4642	4684
4634	4546	4642
4634	4586	4546
4634	4741	4586
4741	4699	4586
4699	4596	4586
4596	4585	4586
4699	4636	4596
4636	4594	4596
4636	4556	4594
4636	4618	4556
4636	4711	4618
4711	4649	4618
4711	4733	4649
4733	4587	4649
4711	4767	4733
4767	4852	4733
4767	4847	4852
4847	4875	4852
4875	4880	4852
4880	4888	4852
4888	4822	4852
4888	4841	4822
4880	4927	4888
4927	4928	4888
4927	4989	4928
4989	4984	4928
4984	4900	4928
4900	4826	4928
4984	5034	4900
5034	4911	4900
4911	4892	4900
4911	4871	4892
4911	4929	4871
4929	4870	4871
4929	4925	4870
4925	4894	4870
4925	4960	4894
4960	4945	4894
4945	4896	4894
4945	4975	4896
4975	4957	4896
4957	4882	4896
4882	4858	4896
4882	4850	4858
4882	4816	4850
4945	5031	4975
5031	5083	4975
5031	5110	5083
5031	5082	5110
5082	5128	5110
5128	5154	5110
5154	5118	5110
5154	5163	5118
5163	5171	5118
5171	5157	5118
5157	5114	5118
5157	5143	5114
5143	5111	5114
5111	5101	5114
5111	5100	5101
5111	5149	5100
5149	5063	5100
5063	5051	5100
5051	5020	5100
5111	5143	5149
5143	5172	5149
5172	5175	5149
5172	5196	5175
5196	5219	5175
5219	5189	5175
5189	5119	5175
5189	5164	5119
5164	5076	5119
5076	5069	5119
5069	5067	5119
5067	5063	5119
5069	5032	5067
5164	5150	5076
5150	5064	5076
5064	5042	5076
5064	5029	5042
5029	4965	5042
4965	4962	5042
5029	4946	4965
4946	4901	4965
5029	5081	4946
5081	4979	4946
5081	5024	4979
5024	4994	4979
5081	5103	5024
5081	5131	5103
5131	5142	5103
5142	5087	5103
5142	5162	5087
5162	5144	5087
5144	5066	5087
5066	5044	5087
5066	5022	5044
5066	5056	5022
5056	5004	5022
5004	4952	5022
5004	4977	4952
4977	4908	4952
4977	4959	4908
4959	4930	4908
4959	4969	4930
4969	4949	4930
4969	5013	4949
5013	4954	4949
5013	5043	4954
5043	4973	4954
4973	4883	4954
4883	4869	4954
4869	4885	4954
4883	4859	4869
4883	4792	4859
4792	4782	4859
4792	4722	4782
4722	4748	4782
4792	4701	4722
4701	4674	4722
4701	4643	4674
4643	4639	4674
4701	4737	4643
4737	4635	4643
4635	4589	4643
4635	4578	4589
4578	4561	4589
4561	4514	4589
4561	4471	4514
4471	4430	4514
4471	4368	4430
4471	4446	4368
4446	4327	4368
4327	4256	4368
4256	4312	4368
4312	4345	4368
4446	4381	4327
4446	4396	4381
4396	4361	4381
4396	4370	4361
4396	4468	4370
4468	4449	4370
4449	4429	4370
4429	4357	4370
4357	4285	4370
4285	4274	4370
4285	4173	4274
4173	4188	4274
4173	4146	4188
4146	4112	4188
4146	4111	4112
4285	4245	4173
4285	4357	4245
4357	4306	4245
4306	4230	4245
4306	4267	4230
4267	4224	4230
4267	4241	4224
4267	4302	4241
4267	4306	4302
4306	4397	4302
4397	4391	4302
4391	4339	4302
4397	4475	4391
4475	4469	4391
4475	4559	4469
4559	4493	4469
4493	4432	4469
4493	4484	4432
4484	4395	4432
4484	4404	4395
4404	4360	4395
4404	4341	4360
4404	4356	4341
4356	4321	4341
4356	4348	4321
4493	4606	4484
4493	4559	4606
4559	4616	4606
4616	4620	4606
4620	4658	4606
4658	4610	4606
4616	4559	4620
4559	4624	4620
4624	4735	4620
4624	4697	4735
4697	4750	4735
4750	4802	4735
4802	4772	4735
4772	4738	4735
4738	4658	4735
4738	4677	4658
4738	4710	4677
4738	4755	4710
4738	4772	4755
4772	4819	4755
4819	4798	4755
4819	4899	4798
4899	4834	4798
4899	4910	4834
4910	4868	4834
4868	4806	4834
4868	4808	4806
4868	4887	4808
4887	4881	4808
4887	4933	4881
4933	4918	4881
4918	4856	4881
4918	4889	4856
4889	4862	4856
4862	4830	4856
4862	4840	4830
4840	4814	4830
4840	4827	4814
4827	4756	4814
4756	4787	4814
4827	4765	4756
4840	4921	4827
4921	4854	4827
4921	4970	4854
4970	4950	4854
4950	4897	4854
4970	5011	4950
5011	5061	4950
5061	5006	4950
5061	5035	5006
5061	5107	5035
5107	5102	5035
5102	4990	5035
5107	5116	5102
5116	5130	5102
5130	5115	5102
5116	5138	5130
5138	5153	5130
5138	5147	5153
5147	5165	5153
5165	5200	5153
5165	5179	5200
5179	5184	5200
5184	5218	5200
5218	5201	5200
5218	5209	5201
5209	5190	5201
5209	5204	5190
5204	5182	5190
5182	5132	5190
5209	5220	5204
5220	5229	5204
5229	5225	5204
5225	5180	5204
5229	5227	5225
5227	5213	5225
5227	5224	5213
5227	5226	5224
5226	5221	5224
5221	5216	5224
5216	5217	5224
5216	5208	5217
5208	5207	5217
5207	5198	5217
5208	5185	5207
5185	5197	5207
5197	5203	5207
5203	5188	5207
5203	5183	5188
5183	5173	5188
5183	5151	5173
5151	5152	5173
5151	5105	5152
5151	5122	5105
5151	5183	5122
5183	5181	5122
5181	5158	5122
5158	5079	5122
5158	5155	5079
5155	5141	5079
5141	5072	5079
5155	5133	5141
5133	5093	5141
5155	5137	5133
5137	5106	5133
5137	5104	5106
5104	5055	5106
5104	5003	5055
5003	4989	5055
4989	4986	5055
4989	4927	4986
4927	4981	4986
5003	4984	4989
5003	5034	4984
5003	5104	5034
5104	5108	5034
5108	5041	5034
5041	5012	5034
5012	4985	5034
4985	4911	5034
4985	4929	4911
4985	4999	4929
4999	4925	4929
4999	4960	4925
4999	5031	4960
5031	4945	4960
4999	5057	5031
5057	5082	5031
5057	5108	5082
5108	5129	5082
5129	5128	5082
5129	5154	5128
5129	5166	5154
5166	5163	5154
5166	5171	5163
5166	5176	5171
5176	5192	5171
5192	5194	5171
5194	5197	5171
5197	5157	5171
5197	5185	5157
5185	5178	5157
5178	5143	5157
5178	5172	5143
5178	5206	5172
5206	5196	5172
5206	5219	5196
5206	5222	5219
5222	5226	5219
5226	5215	5219
5215	5189	5219
5215	5202	5189
5202	5164	5189
5202	5210	5164
5210	5191	5164
5191	5174	5164
5174	5150	5164
5174	5191	5150
5191	5156	5150
5156	5131	5150
5131	5126	5150
5126	5064	5150
5126	5081	5064
5081	5029	5064
5126	5131	5081
5156	5142	5131
5156	5162	5142
5156	5205	5162
5205	5193	5162
5193	5187	5162
5187	5144	5162
5187	5170	5144
5170	5140	5144
5140	5125	5144
5125	5096	5144
5096	5066	5144
5096	5056	5066
5096	5094	5056
5094	5077	5056
5077	5004	5056
5077	5025	5004
5025	4959	5004
4959	4977	5004
5025	4997	4959
4997	4969	4959
4997	5013	4969
4997	5030	5013
5030	5073	5013
5073	5043	5013
5073	5058	5043
5058	5048	5043
5048	5017	5043
5017	4912	5043
4912	4973	5043
4912	4883	4973
4912	4807	4883
4807	4792	4883
4807	4701	4792
4807	4737	4701
4807	4843	4737
4843	4797	4737
4797	4695	4737
4695	4663	4737
4663	4635	4737
4663	4578	4635
4663	4656	4578
4656	4574	4578
4574	4561	4578
4574	4520	4561
4520	4471	4561
4520	4446	4471
4520	4567	4446
4567	4553	4446
4553	4468	4446
4468	4396	4446
4553	4512	4468
4512	4479	4468
4479	4449	4468
4479	4429	4449
4479	4397	4429
4397	4357	4429
4397	4306	4357
4479	4503	4397
4503	4480	4397
4480	4475	4397
4480	4503	4475
4503	4559	4475
4503	4571	4559
4571	4624	4559
4503	4479	4571
4553	4584	4512
4553	4604	4584
4604	4651	4584
4604	4656	4651
4604	4567	4656
4567	4574	4656
4567	4520	4574
4604	4553	4567
4663	4695	4656
4843	4838	4797
4838	4795	4797
4838	4824	4795
4824	4786	4795
4786	4750	4795
4750	4724	4795
4750	4697	4724
4697	4651	4724
4697	4624	4651
4786	4802	4750
4786	4824	4802
4824	4810	4802
4810	4818	4802
4818	4772	4802
4818	4819	4772
4818	4855	4819
4855	4899	4819
4855	4905	4899
4905	4910	4899
4905	4936	4910
4936	4922	4910
4922	4868	4910
4922	4887	4868
4922	4933	4887
4922	4948	4933
4948	4963	4933
4963	4918	4933
4963	4964	4918
4964	4920	4918
4920	4889	4918
4920	4862	4889
4920	4921	4862
4921	4840	4862
4920	4964	4921
4964	5001	4921
5001	4993	4921
4993	4970	4921
4993	5011	4970
4993	5038	5011
5038	5061	5011
5038	5097	5061
5038	5059	5097
5059	5091	5097
5091	5070	5097
5070	5075	5097
5075	5090	5097
5075	5098	5090
5098	5134	5090
5134	5117	5090
5134	5139	5117
5139	5138	5117
5138	5116	5117
5116	5107	5117
5139	5147	5138
5139	5136	5147
5136	5165	5147
5136	5146	5165
5146	5179	5165
5146	5170	5179
5170	5184	5179
5170	5187	5184
5187	5214	5184
5214	5218	5184
5214	5223	5218
5223	5209	5218
5223	5220	5209
5223	5228	5220
5228	5229	5220
5228	5226	5229
5226	5227	5229
5228	5215	5226
5214	5212	5223
5212	5210	5223
5212	5191	5210
5212	5205	5191
5205	5156	5191
5212	5214	5205
5214	5193	5205
5214	5187	5193
5146	5140	5170
5146	5113	5140
5113	5125	5140
5113	5094	5125
5094	5096	5125
5113	5077	5094
5113	5136	5077
5136	5092	5077
5092	5065	5077
5065	5025	5077
5065	5030	5025
5030	4997	5025
5065	5073	5030
5065	5080	5073
5080	5053	5073
5053	5058	5073
5053	5048	5058
5053	5045	5048
5045	5017	5048
5045	4983	5017
4983	4971	5017
4971	4958	5017
4958	4912	5017
4958	4866	4912
4866	4807	4912
4866	4843	4807
4866	4958	4843
4958	4951	4843
4951	4890	4843
4890	4864	4843
4864	4838	4843
4864	4860	4838
4860	4824	4838
4860	4891	4824
4891	4855	4824
4855	4810	4824
4855	4818	4810
4891	4907	4855
4907	4905	4855
4907	4936	4905
4907	4992	4936
4992	4948	4936
4948	4922	4936
4992	4963	4948
4992	5018	4963
5018	4964	4963
5018	5001	4964
5018	5036	5001
5018	4992	5036
4992	5016	5036
5016	5015	5036
5015	5023	5036
5023	5068	5036
5023	5046	5068
5046	5074	5068
5074	5095	5068
5095	5070	5068
5070	5091	5068
5091	5049	5068
5049	5001	5068
5049	4993	5001
5049	5059	4993
5059	5038	4993
5049	5091	5059
5095	5098	5070
5098	5075	5070
5095	5080	5098
5080	5092	5098
5092	5134	5098
5092	5136	5134
5136	5139	5134
5080	5065	5092
5095	5074	5080
5074	5053	5080
5074	5045	5053
5074	5046	5045
5046	4983	5045
5046	4998	4983
4998	4974	4983
4974	4966	4983
4966	4971	4983
4966	4906	4971
4906	4951	4971
4951	4958	4971
4906	4890	4951
4906	4902	4890
4902	4860	4890
4860	4864	4890
4902	4891	4860
4902	4904	4891
4904	4907	4891
4904	4992	4907
4904	4944	4992
4944	5016	4992
4944	4982	5016
4982	5015	5016
4982	4998	5015
4998	5023	5015
4998	5046	5023
4982	4974	4998
4982	4966	4974
4982	4944	4966
4944	4906	4966
4944	4902	4906
4944	4904	4902
5113	5146	5136
5222	5221	5226
5222	5206	5221
5206	5216	5221
5206	5208	5216
5206	5178	5208
5178	5185	5208
5194	5203	5197
5194	5183	5203
5194	5181	5183
5194	5192	5181
5192	5176	5181
5176	5155	5181
5155	5158	5181
5166	5168	5176
5168	5137	5176
5166	5129	5168
5057	5041	5108
5057	4999	5041
4999	5012	5041
4999	4985	5012
5104	5137	5108
4767	4751	4847
4767	4736	4751
4736	4741	4751
4736	4699	4741
4736	4723	4699
4723	4636	4699
4723	4711	4636
4723	4767	4711
4723	4736	4767
4683	4621	4707
4599	4631	4678
4942	4926	5005
4978	4953	5027
4676	4626	4730
4570	4662	4593
4570	4463	4662
4283	4303	4365
3466	3488	3549
3467	3506	3631
3476	3478	3640
3640	3684	3476
3684	3633	3476
3684	3749	3633
3749	3590	3633
3684	3736	3749
3736	3833	3749
3833	4010	3749
3833	4075	4010
4075	4045	4010
3684	3640	3736
3481	3612	3594
3612	3647	3594
3522	3559	3610
3536	3630	3578
3578	3593	3536
3593	3484	3536
3593	3585	3484
3585	3542	3484
3578	3630	3593
3630	3778	3593
3630	3874	3778
3874	3886	3778
3874	3985	3886
3985	3965	3886
3985	4039	3965
3540	3609	3624
3624	3567	3540
3567	3398	3540
3398	3452	3540
3398	3374	3452
3398	3351	3374
3624	3583	3567
3541	3614	3739
3739	3606	3541
3553	3645	3706
3645	3729	3706
3573	3732	3703
3732	3788	3703
3732	3895	3788
3895	3942	3788
3942	3926	3788
3926	3933	3788
3933	3860	3788
3942	4011	3926
3895	3953	3942
3573	3663	3732
3582	3702	3618
3591	3765	3658
3658	3510	3591
3510	3438	3591
3765	3734	3658
3765	3871	3734
3604	3653	3728
3604	3555	3653
3653	3750	3728
3728	3741	3604
3728	3763	3741
3617	3875	3660
3875	3793	3660
3875	3812	3793
3812	3792	3793
3617	3752	3875
3752	3903	3875
3627	3805	3737
3737	3631	3627
3737	3807	3631
3807	3679	3631
3737	3918	3807
3918	3939	3807
3918	3994	3939
3994	4097	3939
4097	4052	3939
4052	4026	3939
3994	4107	4097
4107	4261	4097
3994	4064	4107
3994	3918	4064
3918	3897	4064
3897	3977	4064
3897	3859	3977
3859	3935	3977
3859	3731	3935
3731	3759	3935
3759	3835	3935
3759	3868	3835
3859	3637	3731
3859	3805	3637
3805	3627	3637
3859	3897	3805
3897	3870	3805
3870	3737	3805
3870	3918	3737
3870	3897	3918
3632	3672	3697
3672	3643	3697
3642	3710	3708
3710	3751	3708
3644	3718	3698
3644	3743	3718
3648	3691	3758
3650	3730	3692
3730	3930	3692
3730	3929	3930
3730	3811	3929
3811	3879	3929
3811	3822	3879
3822	3931	3879
3669	3717	3799
3717	3888	3799
3888	3906	3799
3906	3854	3799
3888	3972	3906
3673	3845	3735
3682	3777	3784
3688	3952	3846
3952	3863	3846
3952	4086	3863
3952	3989	4086
3989	4222	4086
3952	3688	3989
3722	3969	3841
3722	3797	3969
3797	3993	3969
3726	3866	3837
3726	3764	3866
3726	3657	3764
3757	3768	3873
3757	3701	3768
3768	3789	3873
3761	3908	3834
3766	3827	3862
3769	3878	3869
3869	3884	3769
3869	4101	3884
4101	4122	3884
4122	4075	3884
4101	4211	4122
3774	3817	3818
3818	3776	3774
3781	3890	3861
3800	3921	3911
3921	4013	3911
4013	4049	3911
4049	3913	3911
4013	4155	4049
3921	4047	4013
4047	4148	4013
4047	4150	4148
3921	3881	4047
3809	3816	3934
3809	3709	3816
3816	3940	3934
3816	3837	3940
3934	4018	3809
3815	3920	3990
3920	4098	3990
4098	4139	3990
4098	4167	4139
4098	4053	4167
4098	3920	4053
3920	3883	4053
3819	3995	3843
3995	3844	3843
3995	4012	3844
3995	4123	4012
4123	4061	4012
4123	4179	4061
4179	4144	4061
4179	4236	4144
4179	4265	4236
4265	4335	4236
4335	4316	4236
4179	4123	4265
4123	4292	4265
4292	4343	4265
4123	4213	4292
4213	4377	4292
4213	4153	4377
4153	4205	4377
4205	4258	4377
4153	4050	4205
3819	4050	3995
3853	3902	3893
3902	3962	3893
3962	3971	3893
3971	4057	3893
3971	4110	4057
4110	4193	4057
3905	4023	3980
4023	4060	3980
4060	4068	3980
3910	3959	4009
3959	3999	4009
3959	3852	3999
3852	4046	3999
3943	3946	3997
3946	4000	3997
4000	4083	3997
4083	4138	3997
4138	3943	3997
3947	4147	3984
4147	4216	3984
4216	4118	3984
4118	4072	3984
4216	4249	4118
4216	4315	4249
4216	4147	4315
3956	3974	4081
4081	4065	3956
4081	4117	4065
4117	4085	4065
4117	4253	4085
4253	4182	4085
4182	4035	4085
4035	3976	4085
4253	4280	4182
4253	4297	4280
4253	4287	4297
4287	4373	4297
4287	4131	4373
4131	4402	4373
4287	4117	4131
4117	4081	4131
4287	4253	4117
3957	3963	4002
3957	3765	3963
4016	4079	4093
4093	4043	4016
4093	4126	4043
4093	4210	4126
4079	4135	4093
4079	4091	4135
4021	4033	4127
4033	4185	4127
4029	4129	4165
4129	4187	4165
4030	4088	4120
4037	4152	4175
4037	4073	4152
4073	4159	4152
4159	4273	4152
4273	4175	4152
4159	4288	4273
4288	4400	4273
4400	4390	4273
4390	4405	4273
4066	4070	4269
4269	4207	4066
4207	4169	4066
4269	4354	4207
4269	4364	4354
4071	4116	4108
4071	4142	4116
4142	4347	4116
4347	4128	4116
4128	4108	4116
4347	4222	4128
4347	4332	4222
4332	4317	4222
4142	4198	4347
4198	4378	4347
4198	4371	4378
4142	4104	4198
4142	4071	4104
4074	4158	4192
4078	4134	4201
4134	4300	4201
4300	4284	4201
4300	4533	4284
4533	4344	4284
4344	4286	4284
4300	4502	4533
4300	4424	4502
4115	4223	4180
4223	4309	4180
4115	4174	4223
4137	4172	4196
4172	4234	4196
4234	4393	4196
4172	4161	4234
4172	4009	4161
4145	4231	4252
4160	4255	4247
4255	4352	4247
4352	4318	4247
4176	4263	4206
4177	4181	4278
4177	4026	4181
4181	4261	4278
4261	4294	4278
4294	4323	4278
4323	4177	4278
4294	4422	4323
4422	4435	4323
4422	4457	4435
4422	4532	4457
4294	4261	4422
4190	4301	4366
4190	4177	4301
4191	4279	4264
4244	4330	4322
4254	4346	4313
4313	4225	4254
4225	4242	4254
4346	4436	4313
4291	4437	4329
4437	4461	4329
4437	4474	4461
4437	4491	4474
4437	4428	4491
4428	4515	4491
4515	4568	4491
4568	4612	4491
4515	4511	4568
4511	4555	4568
4515	4428	4511
4437	4308	4428
4308	4328	4428
4308	4139	4328
4437	4291	4308
4291	4150	4308
4298	4485	4310
4310	4064	4298
4485	4532	4310
4314	4438	4423
4438	4505	4423
4505	4487	4423
4487	4398	4423
4487	4482	4398
4487	4615	4482
4615	4597	4482
4487	4611	4615
4487	4505	4611
4505	4548	4611
4548	4667	4611
4667	4729	4611
4505	4438	4548
4336	4413	4417
4413	4497	4417
4351	4388	4409
4409	4263	4351
4359	4501	4403
4501	4516	4403
4516	4473	4403
4516	4534	4473
4516	4655	4534
4516	4654	4655
4516	4501	4654
4501	4588	4654
4588	4713	4654
4367	4456	4519
4519	4315	4367
4519	4465	4315
4519	4564	4465
4564	4576	4465
4564	4664	4576
4664	4700	4576
4564	4608	4664
4564	4552	4608
4552	4622	4608
4622	4653	4608
4552	4456	4622
4456	4462	4622
4462	4600	4622
4552	4519	4456
4552	4564	4519
4401	4459	4507
4507	4538	4401
4538	4425	4401
4507	4657	4538
4657	4591	4538
4507	4715	4657
4440	4580	4595
4444	4486	4569
4444	4417	4486
4569	4630	4444
4569	4647	4630
4647	4754	4630
4451	4536	4565
4536	4659	4565
4659	4619	4565
4659	4717	4619
4659	4692	4717
4692	4761	4717
4692	4682	4761
4692	4671	4682
4692	4637	4671
4692	4659	4637
4659	4536	4637
4455	4531	4500
4455	4464	4531
4464	4562	4531
4562	4679	4531
4488	4661	4498
4613	4702	4768
4644	4709	4680
4703	4773	4770
4773	4828	4770
4752	4784	4759
4759	4661	4752
4661	4669	4752
4759	4705	4661
4753	4779	4825
4825	4781	4753
4758	4815	4857
9	57	14
9	3	57
638	499	524
638	653	499
1219	1233	1088
1219	1274	1233
1172	1405	1146
1405	1377	1146
1172	1359	1405
1172	1150	1359
1150	1078	1359
482	350	466
770	975	870
502	547	431
285	319	210
319	309	210
340	453	355
659	783	552
1337	1374	1394
1374	1542	1394
1350	1473	1444
1473	1578	1444
1469	1473	1320
1537	1748	1659
1537	1684	1748
1684	1866	1748
1866	1897	1748
1537	1573	1684
1537	1510	1573
1451	1528	1510
716	744	869
137	45	103
137	80	45
425	317	391
614	719	589
719	660	589
660	471	589
677	740	626
1010	1041	937
1041	973	937
1047	1180	1010
1047	1200	1180
947	921	1047
643	617	727
39	7	16
39	30	7
39	41	30
27	15	8
27	35	15
35	20	15
27	65	35
124	62	120
62	71	120
124	114	62
114	99	62
99	55	62
238	246	174
238	259	246
946	1016	993
1016	1170	993
1170	1132	993
1096	933	1045
1096	1008	933
87	104	105
87	48	104
48	53	104
277	299	284
377	446	292
377	454	446
377	452	454
452	557	454
557	768	454
768	503	454
768	684	503
557	671	768
671	940	768
671	944	940
452	377	557
377	492	557
377	328	492
328	473	492
520	700	489
615	702	513
575	771	615
715	764	885
928	1191	987
1191	1303	987
1303	1083	987
1083	961	987
1303	1297	1083
1297	1164	1083
1191	1227	1303
818	945	959
948	1009	1023
1326	1396	1256
1396	1496	1256
1028	1200	1025
1703	1854	1458
1854	1822	1458
1351	1032	1339
1351	1136	1032
1138	1137	1102
1201	1283	1223
1283	1488	1223
1283	1313	1488
2448	2751	2584
2448	2648	2751
2448	2395	2648
2448	2405	2395
1415	1173	1434
1415	1324	1173
1306	1243	1401
1392	1563	1381
1937	2108	1772
2108	2122	1772
2122	1880	1772
2022	2145	1937
2145	2116	1937
2022	2233	2145
2021	1921	2068
1829	1795	1737
1244	1543	1298
1244	1253	1543
1253	1600	1543
1600	1606	1543
1253	1338	1600
1338	1681	1600
1338	1609	1681
1338	1380	1609
1942	2097	1853
1942	2201	2097
1936	2214	1942
1371	1335	1460
1335	1421	1460
1551	1259	1490
1259	1196	1490
1695	1963	1752
1695	1949	1963
2387	2159	2156
2387	2258	2159
2387	2419	2258
2653	2387	2521
2653	2614	2387
2291	2292	2495
1672	1816	1870
2212	2375	2192
2230	2438	2231
2438	2523	2231
2523	2431	2231
1908	2002	1891
2112	2194	2024
2112	2336	2194
2124	2314	2351
2124	1977	2314
1865	1669	1913
2353	2428	2370
1692	1821	1881
1944	1800	1692
2167	2278	2056
2290	2341	2225
2256	2347	2366
2945	3173	2978
3080	3173	3031
2359	2114	2283
2359	2101	2114
2127	1984	1993
2090	2386	2127
2090	2223	2386
2012	2005	1974
2499	2562	2496
2389	2494	2499
2173	2407	2247
2173	2221	2407
2426	2549	2385
2549	2760	2385
2760	2529	2385
2529	2451	2385
2760	2702	2529
2760	2812	2702
2549	2711	2760
2549	2512	2711
2512	2891	2711
2426	2487	2549
2286	1977	2029
1977	1961	2029
2689	2955	2750
2689	2725	2955
2725	2741	2955
2741	2906	2955
2688	2544	2868
2544	2635	2868
2635	2909	2868
2393	2644	2396
2644	2450	2396
2644	2594	2450
2827	3039	2839
2827	2971	3039
2827	2742	2971
2706	2879	2693
2879	2961	2693
2961	2991	2693
2991	2971	2693
2569	2617	2662
2580	2634	2667
2543	2302	2571
2842	2865	2655
2865	2739	2655
2517	2390	2717
2779	2743	2613
2743	2714	2613
2557	2595	2692
2863	2986	2774
2986	3101	2774
3101	3029	2774
2748	2685	2642
3755	4046	3852
2937	2750	3018
2750	3121	3018
2937	2719	2750
2937	2891	2719
2829	2948	2871
2948	3169	2871
2948	3014	3169
3014	3314	3169
2850	3015	2810
2673	2951	2847
3510	3658	3496
3295	3272	3510
2960	3179	3191
3115	3030	2864
3030	2784	2864
3030	2976	2784
2976	2675	2784
2976	2737	2675
2984	2876	2901
3222	3362	3165
3161	3264	3339
3227	3440	3226
3227	3414	3440
3457	3229	3193
3457	3529	3229
3529	3359	3229
3385	3746	3514
3746	3568	3514
3746	3839	3568
3533	3764	3657
3116	2826	2953
2826	2795	2953
2795	2816	2953
3206	3348	3077
3048	3078	3111
3048	3011	3078
3070	3044	3045
3298	3292	3101
3464	3582	3291
3525	3446	3677
3446	3579	3677
3525	3343	3446
3803	3740	3865
3770	3515	3740
3572	3800	3638
3262	3037	3266
3825	3877	3664
4199	4338	4124
4338	4226	4124
4199	4215	4338
4215	4337	4338
4215	4271	4337
4442	4496	4337
5008	5084	4923
5084	4991	4923
5084	5028	4991
5084	5127	5028
5002	5039	5009
5002	5120	5039
5120	5167	5039
5167	5071	5039
5167	5123	5071
5167	5161	5123
4334	4344	4521
4334	4286	4344
4402	4131	4427
4961	5026	4861
5026	4874	4861
5026	4980	4874
5085	5086	4961
4996	5000	4937
4878	4956	4761
4956	4873	4761
4873	4836	4761
4836	4717	4761
4836	4823	4717
4878	5019	4956
4878	5007	5019
4903	4893	4823
4893	4846	4823
4788	4718	4846
4157	4184	4019
4048	4151	4157
4151	4259	4157
4003	3872	4038
4706	4777	4670
4691	4670	4742
4955	5054	4924
4955	5052	5054
4995	4842	5037
4995	4801	4842
4801	4776	4842
4801	4719	4776
4801	4690	4719
4995	4867	4801
4995	4915	4867
5149	5119	5063
5149	5175	5119
4620	4735	4658
4571	4479	4624
4479	4651	4624
4479	4584	4651
4479	4512	4584
4656	4724	4651
4656	4695	4724
4695	4797	4724
4797	4795	4724
5097	5107	5061
5097	5117	5107
5228	5210	5215
5210	5202	5215
5176	5137	5155
5168	5129	5137
5129	5108	5137
3488	3563	3549
3488	3594	3563
3594	3615	3563
3467	3177	3506
3593	3778	3585
3734	3630	3658
4107	4310	4261
4310	4422	4261
4310	4532	4422
4107	4064	4310
3751	3963	3708
3963	3765	3708
3930	3856	3692
3856	3609	3692
3906	3972	3854
4222	4317	4086
3688	3671	3989
3869	4144	4101
3869	3878	4144
4012	3690	3844
4012	3878	3690
4050	4200	4205
4009	4137	3910
4009	4172	4137
4332	4541	4317
4074	4140	4158
4161	4322	4234
4474	4644	4461
4308	4150	4139
4359	4379	4501
4608	4780	4664
4608	4653	4780
4703	4828	4773
