294.954667 230.412296 45.144788 255 0 0
305.814868 214.799161 53.136726 255 0 0
318.294546 200.467478 60.744763 255 0 0
332.393701 187.417246 67.968900 255 0 0
348.112333 175.648465 74.809137 255 0 0
365.450442 165.161137 81.265473 255 0 0
384.408027 155.955260 87.337909 255 0 0
404.985090 148.030834 93.026445 255 0 0
427.181630 141.387860 98.331080 0 255 0
407.161233 149.909845 111.244307 0 255 0
388.871661 159.801389 123.747239 0 255 0
372.312914 171.062490 135.839875 0 255 0
357.484991 183.693150 147.522215 0 255 0
344.387893 197.693367 158.794261 0 255 0
333.021619 213.063143 169.656010 0 255 0
323.386170 229.802477 180.107464 0 255 0
315.481546 247.911369 190.148623 0 255 0
