3.761086273288966595e+02 1.820966206769669498e+02 1.784567979854768964e+02
3.735494145179731049e+02 1.646441968580621733e+02 1.732003924007412934e+02
3.810663295786339404e+02 1.501962064643872736e+02 1.652886546571572239e+02
3.832858553644435347e+02 1.366549721990709259e+02 1.480103711627646703e+02
3.836778569642407888e+02 1.222004733496448239e+02 1.328081642344376974e+02
3.683628922666459289e+02 1.141127624032308745e+02 7.391169477740481852e+01
3.731200015484795927e+02 1.397715092543334094e+02 4.590265760687520924e+01
3.593672250950872353e+02 1.566881191121926804e+02 3.672294793652690714e+01
3.637539475394650026e+02 1.750537999383099077e+02 3.990329480542470719e+01
3.598920869321541431e+02 1.913283093792872478e+02 4.366292947445253958e+01
3.489053128639796455e+02 2.075963103645133288e+02 4.013209495873763899e+01
