26.539952 34.480641 12.000000 255 0 0
26.885173 34.382657 11.062500 255 0 0
27.322334 34.180992 10.125000 255 0 0
27.851435 33.875646 9.187500 255 0 0
28.472474 33.466618 8.250000 255 0 0
29.185453 32.953910 7.312500 255 0 0
29.990371 32.337521 6.375000 255 0 0
30.887228 31.617450 5.437500 255 0 0
31.876025 30.793699 4.500000 0 255 0
31.431578 29.585911 5.437500 0 255 0
31.014912 28.513883 6.375000 0 255 0
30.626027 27.577615 7.312500 0 255 0
30.264923 26.777108 8.250000 0 255 0
29.931601 26.112360 9.187500 0 255 0
29.626060 25.583372 10.125000 0 255 0
29.348300 25.190144 11.062500 0 255 0
29.098321 24.932677 12.000000 0 255 0
