   3.5027612e+02   1.0446517e+02   1.1000000e+02
   3.5718159e+02   9.3539801e+01   1.0200000e+02
   3.5389801e+02   9.2803483e+01   9.4000000e+01
   3.5316169e+02   9.4614428e+01   8.6000000e+01
   3.5751990e+02   9.6425373e+01   7.8000000e+01
   3.4659453e+02   9.3141791e+01   7.0000000e+01
   3.5350000e+02   9.7500000e+01   6.2000000e+01
   3.7314179e+02   9.9310945e+01   5.4000000e+01
   3.6985821e+02   1.0876368e+02   4.6000000e+01
   3.7676368e+02   1.1566915e+02   3.8000000e+01
   3.7602736e+02   1.3531095e+02   3.0000000e+01
   3.3827612e+02   1.5359950e+02   3.4000000e+01
   3.1716169e+02   1.5795771e+02   4.2000000e+01
