   2.9586287e+01   2.6927083e+01   1.4000000e+01
   2.9108675e+01   2.6927083e+01   1.3000000e+01
   2.8272854e+01   2.8149306e+01   1.2000000e+01
   2.7914646e+01   2.8593750e+01   1.1000000e+01
   2.7914646e+01   2.9371528e+01   1.0000000e+01
   2.7675840e+01   3.0593750e+01   9.0000000e+00
   2.8392257e+01   3.3704861e+01   8.0000000e+00
   2.8869869e+01   3.4593750e+01   9.0000000e+00
   2.8392257e+01   3.4371528e+01   1.0000000e+01
   2.8392257e+01   3.4371528e+01   1.1000000e+01
   2.8272854e+01   3.4482639e+01   1.2000000e+01
   2.8392257e+01   3.5149306e+01   1.3000000e+01
   2.8631063e+01   3.5815972e+01   1.4000000e+01
