1	16	20
1	17	16
17	26	16
26	43	16
43	20	16
26	72	43
72	92	43
92	61	43
72	86	92
86	104	92
86	154	104
72	110	86
110	113	86
110	161	113
161	152	113
161	199	152
199	174	152
161	173	199
173	235	199
235	246	199
173	221	235
221	231	235
173	172	221
172	201	221
201	208	221
208	227	221
208	234	227
234	241	227
241	276	227
208	193	234
193	189	234
189	202	234
189	182	202
182	167	202
167	204	202
204	237	202
204	188	237
204	167	188
167	164	188
164	169	188
169	220	188
220	281	188
220	247	281
169	149	220
169	144	149
144	115	149
115	129	149
115	127	129
127	153	129
127	123	153
123	116	153
116	187	153
116	128	187
128	179	187
128	134	179
134	176	179
134	148	176
148	178	176
178	200	176
178	214	200
214	243	200
214	252	243
252	275	243
275	300	243
275	290	300
290	321	300
321	385	300
385	337	300
385	428	337
385	432	428
432	516	428
516	499	428
516	535	499
516	563	535
563	568	535
568	578	535
568	680	578
680	616	578
680	658	616
516	526	563
526	619	563
619	612	563
619	640	612
526	608	619
608	639	619
608	606	639
608	583	606
583	584	606
584	665	606
583	542	584
542	595	584
542	515	595
515	601	595
515	554	601
554	599	601
515	492	554
492	463	554
463	455	554
455	556	554
455	537	556
455	423	537
455	411	423
411	331	423
331	381	423
381	447	423
447	508	423
447	449	508
449	476	508
476	534	508
534	543	508
543	537	508
543	555	537
555	624	537
555	567	624
567	590	624
590	654	624
654	709	624
709	679	624
679	675	624
679	719	675
679	709	719
709	776	719
776	760	719
709	793	776
709	786	793
786	856	793
786	801	856
801	877	856
877	922	856
877	970	922
877	963	970
963	989	970
877	850	963
850	971	963
850	891	971
891	979	971
891	880	979
891	870	880
870	847	880
847	876	880
876	944	880
876	886	944
886	901	944
901	883	944
883	1024	944
1024	1009	944
1009	1038	944
1038	1060	944
1038	1056	1060
1056	1101	1060
1101	1103	1060
1103	979	1060
1101	1175	1103
1175	1163	1103
1175	1198	1163
1198	1196	1163
1196	1167	1163
1196	1181	1167
1196	1237	1181
1196	1314	1237
1314	1277	1237
1314	1454	1277
1454	1445	1277
1445	1410	1277
1445	1500	1410
1500	1417	1410
1417	1315	1410
1500	1534	1417
1314	1437	1454
1314	1343	1437
1343	1412	1437
1412	1520	1437
1412	1496	1520
1412	1383	1496
1383	1486	1496
1486	1553	1496
1486	1589	1553
1589	1696	1553
1589	1716	1696
1716	1761	1696
1761	1797	1696
1797	1725	1696
1797	1787	1725
1787	1788	1725
1788	1692	1725
1797	1870	1787
1797	1901	1870
1901	1932	1870
1901	1914	1932
1914	2036	1932
1914	2035	2036
2035	2168	2036
2168	2173	2036
2173	2121	2036
2173	2289	2121
1716	1686	1761
1716	1679	1686
1679	1589	1686
1589	1653	1686
1653	1704	1686
1679	1716	1589
1486	1504	1589
1486	1453	1504
1453	1431	1504
1431	1452	1504
1452	1477	1504
1477	1575	1504
1477	1543	1575
1543	1572	1575
1572	1598	1575
1572	1622	1598
1572	1583	1622
1572	1559	1583
1559	1543	1583
1543	1574	1583
1574	1708	1583
1574	1580	1708
1574	1530	1580
1530	1592	1580
1530	1567	1592
1530	1436	1567
1436	1505	1567
1505	1576	1567
1505	1600	1576
1505	1462	1600
1505	1460	1462
1460	1390	1462
1390	1351	1462
1351	1405	1462
1405	1459	1462
1351	1326	1405
1351	1203	1326
1203	1264	1326
1264	1284	1326
1264	1226	1284
1226	1299	1284
1226	1325	1299
1325	1382	1299
1226	1245	1325
1245	1301	1325
1245	1210	1301
1210	1287	1301
1210	1161	1287
1161	1268	1287
1268	1376	1287
1376	1476	1287
1268	1300	1376
1300	1438	1376
1210	1160	1161
1210	1151	1160
1151	1111	1160
1111	1076	1160
1111	1080	1076
1080	994	1076
994	967	1076
1080	1024	994
1024	958	994
958	909	994
958	902	909
958	1024	902
1024	883	902
1080	1117	1024
1080	1141	1117
1141	1203	1117
1203	1168	1117
1203	1170	1168
1170	1098	1168
1170	1164	1098
1164	1083	1098
1164	1056	1083
1164	1101	1056
1164	1175	1101
1164	1244	1175
1244	1257	1175
1257	1303	1175
1303	1198	1175
1303	1314	1198
1314	1196	1198
1303	1343	1314
1303	1383	1343
1383	1412	1343
1303	1335	1383
1335	1453	1383
1453	1486	1383
1335	1378	1453
1378	1431	1453
1378	1370	1431
1370	1452	1431
1370	1442	1452
1442	1501	1452
1501	1477	1452
1501	1543	1477
1501	1574	1543
1501	1530	1574
1501	1442	1530
1442	1436	1530
1442	1360	1436
1360	1373	1436
1373	1505	1436
1373	1460	1505
1373	1390	1460
1373	1256	1390
1256	1220	1390
1220	1351	1390
1220	1170	1351
1170	1203	1351
1220	1164	1170
1220	1244	1164
1220	1256	1244
1256	1266	1244
1266	1257	1244
1266	1335	1257
1335	1303	1257
1266	1378	1335
1266	1360	1378
1360	1370	1378
1360	1442	1370
1266	1256	1360
1256	1373	1360
1141	1264	1203
1141	1226	1264
1141	1151	1226
1151	1210	1226
1210	1245	1226
1141	1111	1151
1141	1080	1111
1559	1572	1543
1038	1009	1056
901	886	883
886	828	883
886	847	828
847	796	828
796	740	828
796	728	740
728	687	740
687	724	740
724	731	740
731	824	740
724	687	731
687	711	731
687	655	711
728	591	687
796	847	728
847	870	728
870	747	728
747	721	728
747	726	721
726	597	721
726	650	597
650	590	597
590	576	597
576	551	597
551	591	597
551	532	591
532	533	591
532	475	533
475	469	533
469	545	533
545	566	533
566	575	533
566	655	575
566	637	655
637	703	655
637	660	703
660	778	703
778	766	703
778	790	766
790	788	766
788	824	766
788	930	824
788	866	930
866	980	930
866	999	980
999	1044	980
999	1112	1044
1112	1161	1044
999	1108	1112
866	868	999
868	885	999
868	742	885
742	826	885
742	741	826
742	713	741
742	626	713
626	587	713
587	706	713
706	768	713
706	797	768
626	558	587
742	661	626
866	778	868
866	790	778
866	788	790
660	661	778
660	637	661
469	503	545
469	425	503
425	416	503
416	453	503
416	429	453
416	413	429
416	323	413
323	380	413
380	408	413
380	388	408
323	320	380
323	299	320
299	255	320
299	294	255
294	251	255
251	210	255
210	207	255
207	212	255
207	206	212
210	191	207
191	181	207
191	213	181
191	215	213
215	230	213
230	248	213
248	219	213
248	224	219
224	245	219
245	171	219
171	155	219
171	168	155
171	195	168
195	236	168
236	184	168
184	158	168
158	136	168
158	109	136
158	159	109
159	111	109
111	85	109
85	81	109
85	49	81
49	64	81
49	42	64
42	59	64
59	70	64
70	99	64
70	74	99
70	41	74
41	52	74
52	78	74
52	50	78
50	48	78
48	54	78
54	82	78
82	124	78
82	126	124
126	175	124
126	143	175
143	190	175
190	206	175
143	151	190
143	146	151
146	166	151
166	274	151
146	130	166
146	143	130
143	126	130
126	79	130
79	91	130
79	76	91
79	57	76
57	32	76
57	54	32
54	48	32
48	31	32
48	50	31
50	52	31
52	41	31
41	27	31
27	23	31
23	18	31
18	36	31
18	51	36
18	39	51
39	125	51
125	102	51
18	12	39
12	8	39
8	10	39
10	69	39
10	47	69
10	22	47
10	13	22
13	6	22
6	7	22
13	14	6
14	2	6
2	3	6
2	1	3
2	4	1
4	5	1
5	17	1
5	56	17
56	80	17
80	71	17
71	26	17
71	72	26
71	110	72
71	120	110
120	132	110
132	161	110
132	142	161
142	173	161
142	157	173
157	172	173
157	193	172
193	201	172
193	208	201
157	189	193
157	182	189
157	140	182
140	167	182
157	142	140
142	120	140
142	132	120
71	80	120
56	77	80
77	84	80
77	93	84
93	105	84
93	98	105
93	67	98
67	66	98
66	68	98
68	95	98
95	115	98
95	127	115
95	116	127
116	123	127
95	106	116
106	133	116
133	128	116
133	134	128
133	148	134
133	135	148
135	163	148
163	178	148
163	180	178
180	214	178
180	209	214
209	252	214
209	194	252
194	271	252
271	275	252
271	290	275
271	285	290
285	321	290
285	307	321
307	396	321
396	385	321
307	356	396
356	397	396
356	364	397
364	399	397
364	366	399
366	392	399
392	411	399
411	438	399
438	463	399
463	464	399
463	483	464
483	515	464
515	495	464
515	542	495
542	504	495
542	583	504
583	526	504
526	516	504
516	432	504
583	608	526
483	492	515
483	463	492
438	455	463
438	411	455
392	366	411
366	331	411
366	324	331
324	318	331
318	297	331
297	340	331
340	381	331
340	308	381
340	289	308
289	279	308
279	303	308
303	329	308
329	386	308
329	326	386
326	414	386
414	418	386
418	415	386
415	449	386
449	447	386
415	476	449
415	477	476
477	530	476
530	567	476
567	534	476
567	555	534
555	543	534
530	576	567
576	590	567
530	551	576
530	532	551
530	477	532
477	475	532
477	459	475
459	443	475
443	419	475
419	469	475
419	425	469
419	416	425
419	338	416
338	323	416
338	299	323
338	294	299
338	306	294
306	293	294
293	251	294
293	260	251
260	230	251
230	210	251
230	215	210
215	191	210
260	248	230
260	279	248
279	289	248
289	224	248
289	245	224
289	297	245
297	253	245
253	195	245
195	171	245
253	226	195
226	236	195
226	269	236
269	263	236
263	244	236
244	184	236
269	288	263
288	307	263
307	285	263
288	356	307
288	291	356
291	364	356
291	366	364
291	324	366
291	318	324
291	253	318
253	297	318
291	226	253
291	269	226
291	288	269
289	340	297
260	303	279
260	305	303
305	309	303
309	329	303
309	326	329
309	305	326
305	333	326
333	419	326
419	414	326
419	443	414
443	418	414
443	459	418
459	415	418
459	477	415
333	338	419
333	306	338
333	293	306
333	305	293
305	260	293
209	196	194
196	159	194
159	184	194
159	158	184
196	160	159
160	131	159
131	111	159
131	90	111
90	85	111
90	75	85
75	37	85
37	29	85
29	49	85
29	19	49
19	28	49
28	42	49
28	41	42
41	70	42
70	59	42
28	23	41
23	27	41
28	21	23
21	15	23
15	18	23
15	12	18
15	8	12
15	9	8
9	10	8
9	13	10
15	21	9
21	19	9
21	28	19
29	24	19
29	37	24
37	34	24
34	11	24
34	33	11
33	30	11
30	4	11
30	5	4
30	53	5
53	56	5
53	77	56
53	93	77
53	67	93
53	40	67
40	66	67
40	46	66
46	60	66
60	65	66
65	68	66
65	73	68
73	95	68
73	88	95
88	106	95
88	89	106
89	141	106
141	135	106
135	133	106
141	165	135
165	163	135
165	180	163
165	209	180
165	196	209
165	160	196
165	141	160
141	131	160
141	90	131
141	89	90
89	73	90
73	75	90
73	65	75
65	60	75
60	46	75
46	37	75
46	34	37
46	33	34
46	40	33
40	30	33
40	53	30
89	88	73
2	14	4
57	79	54
79	82	54
79	126	82
650	654	590
650	717	654
717	709	654
717	786	709
717	752	786
752	801	786
752	747	801
747	850	801
850	877	801
747	870	850
870	891	850
752	726	747
752	650	726
752	717	650
886	876	847
169	164	144
25	55	63
25	35	55
55	108	63
55	103	108
38	83	45
38	100	83
100	96	83
44	58	62
87	122	97
122	205	97
205	185	97
205	265	185
265	273	185
273	229	185
229	192	185
192	150	185
192	222	150
222	147	150
192	229	222
229	261	222
261	317	222
317	286	222
229	273	261
273	353	261
273	343	353
343	400	353
400	471	353
400	458	471
458	528	471
528	596	471
596	600	471
600	478	471
596	673	600
596	694	673
694	781	673
781	725	673
725	669	673
725	682	669
682	690	669
690	648	669
648	635	669
690	689	648
689	653	648
653	592	648
653	644	592
644	531	592
531	536	592
531	460	536
460	486	536
460	439	486
460	404	439
460	393	404
460	405	393
405	349	393
405	352	349
352	274	349
352	350	274
352	446	350
446	436	350
436	433	350
433	354	350
433	375	354
375	325	354
433	482	375
482	457	375
433	450	482
352	405	446
405	445	446
445	481	446
445	460	481
445	405	460
644	598	531
598	574	531
598	623	574
598	705	623
705	738	623
705	857	738
598	683	705
598	644	683
644	689	683
689	716	683
716	767	683
767	751	683
767	807	751
716	789	767
716	748	789
748	813	789
716	729	748
729	746	748
746	784	748
746	777	784
777	817	784
817	835	784
817	842	835
842	871	835
842	841	871
841	919	871
919	929	871
929	1040	871
1040	1128	871
1040	1204	1128
1040	1066	1204
1066	1082	1204
1082	1234	1204
929	919	1040
919	931	1040
919	860	931
860	892	931
892	939	931
892	951	939
892	918	951
918	946	951
946	985	951
985	1002	951
946	995	985
946	977	995
946	917	977
917	960	977
960	991	977
960	982	991
960	1023	982
1023	1052	982
960	1015	1023
1015	1142	1023
1015	1116	1142
1116	1165	1142
1116	1059	1165
1059	1149	1165
1149	1216	1165
1216	1241	1165
1216	1295	1241
1295	1290	1241
1290	1240	1241
1290	1324	1240
1290	1356	1324
1356	1371	1324
1356	1386	1371
1386	1478	1371
1478	1464	1371
1478	1466	1464
1478	1562	1466
1562	1507	1466
1507	1573	1466
1573	1447	1466
1507	1582	1573
1582	1744	1573
1507	1562	1582
1562	1568	1582
1568	1617	1582
1568	1676	1617
1562	1595	1568
1595	1690	1568
1595	1670	1690
1670	1727	1690
1670	1672	1727
1672	1699	1727
1699	1759	1727
1759	1749	1727
1759	1783	1749
1759	1803	1783
1803	1903	1783
1803	1824	1903
1824	1871	1903
1871	1951	1903
1951	1908	1903
1908	2002	1903
2002	1952	1903
2002	2078	1952
2078	1988	1952
2078	2022	1988
2002	2032	2078
2032	2069	2078
1951	2069	1908
1951	2077	2069
1951	1972	2077
1972	2068	2077
2068	2236	2077
2068	2107	2236
1972	1886	2068
1972	1857	1886
1857	1842	1886
1842	1808	1886
1808	1863	1886
1808	1888	1863
1808	1770	1888
1770	1776	1888
1770	1674	1776
1674	1662	1776
1674	1569	1662
1569	1644	1662
1644	1718	1662
1569	1548	1644
1569	1533	1548
1533	1490	1548
1533	1455	1490
1455	1391	1490
1455	1361	1391
1361	1309	1391
1361	1310	1309
1310	1242	1309
1310	1263	1242
1263	1179	1242
1179	1157	1242
1157	1118	1242
1157	1033	1118
1033	1010	1118
1033	945	1010
945	934	1010
934	997	1010
1033	875	945
1033	1011	875
1011	858	875
858	816	875
816	836	875
816	861	836
816	745	861
745	864	861
816	718	745
718	722	745
718	696	722
696	632	722
1011	907	858
907	822	858
822	765	858
822	734	765
734	685	765
685	611	765
685	638	611
638	510	611
510	586	611
638	467	510
467	435	510
435	502	510
435	451	502
451	493	502
451	497	493
497	550	493
467	431	435
431	345	435
345	330	435
345	301	330
301	342	330
301	357	342
301	316	357
301	276	316
301	322	276
301	345	322
638	473	467
685	677	638
685	734	677
734	678	677
734	780	678
780	759	678
734	822	780
907	996	822
907	1003	996
1003	1054	996
1054	1068	996
1054	1095	1068
1095	1104	1068
1095	1172	1104
1172	1122	1104
1172	1265	1122
1265	1224	1122
1224	1189	1122
1189	1028	1122
1189	1200	1028
1200	1144	1028
1144	984	1028
984	957	1028
984	895	957
984	827	895
1144	1188	984
1188	1186	984
1188	1286	1186
1286	1320	1186
1320	1272	1186
1272	1217	1186
1272	1211	1217
1211	1166	1217
1211	1269	1166
1269	1230	1166
1230	1154	1166
1230	1190	1154
1190	1149	1154
1190	1216	1149
1190	1230	1216
1230	1295	1216
1230	1349	1295
1349	1356	1295
1356	1290	1295
1349	1386	1356
1349	1269	1386
1269	1397	1386
1397	1469	1386
1469	1478	1386
1469	1539	1478
1539	1562	1478
1539	1595	1562
1539	1540	1595
1540	1637	1595
1637	1670	1595
1637	1672	1670
1637	1673	1672
1673	1699	1672
1673	1638	1699
1638	1695	1699
1695	1759	1699
1695	1803	1759
1695	1765	1803
1765	1824	1803
1765	1816	1824
1816	1871	1824
1816	1857	1871
1857	1951	1871
1857	1972	1951
1816	1842	1857
1816	1756	1842
1756	1779	1842
1779	1808	1842
1779	1740	1808
1740	1770	1808
1740	1674	1770
1740	1701	1674
1701	1590	1674
1590	1569	1674
1590	1533	1569
1590	1456	1533
1456	1426	1533
1426	1455	1533
1426	1361	1455
1426	1344	1361
1344	1310	1361
1344	1263	1310
1344	1260	1263
1260	1179	1263
1260	1192	1179
1192	1156	1179
1156	1146	1179
1146	1157	1179
1146	1033	1157
1146	1086	1033
1086	1011	1033
1086	1073	1011
1073	1062	1011
1062	1003	1011
1003	907	1011
1062	1054	1003
1062	1095	1054
1062	1073	1095
1073	1121	1095
1121	1172	1095
1121	1156	1172
1156	1192	1172
1192	1250	1172
1250	1265	1172
1250	1298	1265
1298	1304	1265
1304	1224	1265
1298	1346	1304
1346	1433	1304
1433	1385	1304
1433	1394	1385
1394	1393	1385
1394	1461	1393
1461	1463	1393
1463	1252	1393
1463	1472	1252
1472	1286	1252
1286	1200	1252
1200	1219	1252
1200	1189	1219
1189	1224	1219
1286	1188	1200
1188	1144	1200
1472	1363	1286
1363	1320	1286
1363	1292	1320
1292	1272	1320
1292	1211	1272
1292	1269	1211
1292	1397	1269
1292	1400	1397
1400	1494	1397
1494	1469	1397
1494	1539	1469
1494	1540	1539
1494	1524	1540
1524	1637	1540
1524	1541	1637
1541	1673	1637
1541	1638	1673
1541	1618	1638
1618	1657	1638
1657	1695	1638
1657	1765	1695
1618	1558	1657
1618	1549	1558
1549	1461	1558
1461	1433	1558
1433	1493	1558
1493	1542	1558
1493	1485	1542
1485	1590	1542
1590	1701	1542
1701	1731	1542
1701	1753	1731
1753	1756	1731
1753	1779	1756
1753	1740	1779
1753	1701	1740
1485	1456	1590
1485	1433	1456
1433	1396	1456
1396	1426	1456
1396	1350	1426
1350	1344	1426
1350	1260	1344
1350	1298	1260
1298	1250	1260
1250	1192	1260
1350	1346	1298
1350	1396	1346
1396	1433	1346
1485	1493	1433
1461	1394	1433
1549	1463	1461
1549	1521	1463
1521	1472	1463
1521	1541	1472
1541	1471	1472
1541	1524	1471
1524	1494	1471
1494	1400	1471
1521	1549	1541
1549	1618	1541
1121	1107	1156
1107	1146	1156
1107	1086	1146
1107	1073	1086
1107	1121	1073
1816	1765	1756
1349	1230	1269
1116	955	1059
955	1029	1059
1116	1005	955
1005	898	955
1005	956	898
956	887	898
956	882	887
882	855	887
855	815	887
855	756	815
756	692	815
692	664	815
664	754	815
756	694	692
694	645	692
694	596	645
596	577	645
596	528	577
756	781	694
756	825	781
825	805	781
805	744	781
744	725	781
744	682	725
744	774	682
774	777	682
777	729	682
729	690	682
729	689	690
729	716	689
777	746	729
774	817	777
774	841	817
841	842	817
774	805	841
805	860	841
860	919	841
805	834	860
834	892	860
834	872	892
872	918	892
872	956	918
956	1015	918
1015	917	918
917	946	918
1015	960	917
956	1005	1015
1005	1116	1015
872	882	956
872	829	882
829	825	882
825	855	882
825	756	855
829	805	825
829	834	805
829	872	834
774	744	805
644	653	689
458	507	528
273	265	343
205	312	265
205	264	312
264	371	312
371	412	312
371	491	412
371	368	491
368	387	491
387	520	491
520	580	491
580	564	491
520	647	580
520	656	647
205	228	264
205	186	228
186	239	228
205	122	186
101	156	114
112	183	170
183	242	170
145	218	211
197	277	270
197	287	277
287	304	277
304	365	277
365	270	277
365	348	270
365	422	348
365	513	422
198	254	272
203	278	262
216	344	238
344	370	238
216	339	344
233	240	257
257	239	233
239	114	233
258	327	283
258	262	327
315	346	351
328	358	382
382	384	328
382	474	384
474	426	384
426	437	384
426	484	437
426	501	484
501	506	484
501	646	506
646	671	506
646	707	671
707	840	671
646	674	707
646	557	674
646	501	557
426	474	501
334	355	403
355	409	403
355	395	409
341	441	378
363	394	389
363	348	394
394	540	389
391	444	525
444	462	525
462	562	525
562	518	525
518	391	525
562	604	518
562	643	604
562	684	643
684	695	643
695	733	643
695	749	733
462	527	562
417	570	547
547	524	417
547	628	524
628	560	524
547	620	628
547	570	620
570	621	620
570	582	621
582	617	621
420	500	440
500	480	440
500	521	480
424	509	522
442	465	505
461	470	511
470	605	511
605	609	511
609	572	511
572	489	511
572	546	489
609	663	572
609	710	663
490	538	519
490	546	538
538	603	519
603	631	519
603	657	631
498	588	571
571	539	498
588	594	571
548	607	659
607	697	659
581	593	652
593	714	652
714	715	652
715	618	652
618	581	652
715	820	618
820	758	618
820	853	758
853	849	758
849	787	758
849	924	787
924	810	787
810	662	787
810	670	662
810	712	670
924	992	810
992	852	810
992	1051	852
1051	961	852
1051	1055	961
1051	1106	1055
1106	1132	1055
1106	1259	1132
1051	992	1106
924	962	992
962	1072	992
924	849	962
820	1050	853
714	792	715
613	636	667
649	723	691
723	735	691
735	779	691
779	764	691
723	837	735
723	804	837
723	700	804
668	676	753
676	693	753
693	800	753
800	814	753
814	808	753
814	878	808
878	823	808
693	704	800
708	761	732
730	833	869
833	936	869
936	950	869
936	1046	950
737	798	773
750	897	802
802	665	750
897	935	802
935	879	802
750	760	897
760	832	897
750	702	760
771	794	844
794	846	844
846	911	844
911	1032	844
1032	912	844
912	771	844
1032	1030	912
1032	1074	1030
846	795	911
795	903	911
791	920	843
843	795	791
920	1064	843
1064	903	843
920	1037	1064
1037	1153	1064
1153	1291	1064
1037	1078	1153
1078	1171	1153
1171	1345	1153
1171	1336	1345
1336	1545	1345
1545	1550	1345
1545	1612	1550
1612	1719	1550
1719	1564	1550
1719	1629	1564
1545	1606	1612
1545	1399	1606
1399	1632	1606
1399	1565	1632
1565	1588	1632
1588	1757	1632
1588	1650	1757
1650	1845	1757
1650	1760	1845
1760	1947	1845
1760	1847	1947
1760	1742	1847
1760	1528	1742
1760	1650	1528
1650	1565	1528
1565	1341	1528
1341	1416	1528
1416	1449	1528
1416	1283	1449
1283	1517	1449
1565	1372	1341
1372	1231	1341
1372	1187	1231
1372	1336	1187
1336	1171	1187
1171	1078	1187
1372	1399	1336
1399	1545	1336
1372	1565	1399
1650	1588	1565
1037	920	1078
920	890	1078
890	857	1078
818	862	908
862	937	908
937	1008	908
838	952	954
838	865	952
867	938	894
881	1113	1057
1057	1025	881
1057	1058	1025
1058	1001	1025
1058	1085	1001
1085	1000	1001
1085	1136	1000
1136	1084	1000
1136	1311	1084
1311	1227	1084
1311	1282	1227
1282	1255	1227
1255	1280	1227
1280	1279	1227
1280	1332	1279
1332	1389	1279
1389	1308	1279
1389	1387	1308
1387	1306	1308
1306	1254	1308
1254	1228	1308
1254	1258	1228
1258	1215	1228
1215	1110	1228
1215	1248	1110
1254	1306	1258
1389	1418	1387
1418	1475	1387
1418	1446	1475
1418	1389	1446
1389	1388	1446
1388	1474	1446
1388	1332	1474
1332	1331	1474
1331	1419	1474
1419	1604	1474
1419	1448	1604
1419	1450	1448
1331	1311	1419
1331	1282	1311
1331	1332	1282
1332	1280	1282
1280	1255	1282
1388	1389	1332
888	942	969
906	976	1042
1042	1017	906
916	981	953
981	978	953
923	1099	1091
1099	1249	1091
1249	1218	1091
1249	1352	1218
1352	1293	1218
1249	1395	1352
1395	1508	1352
1508	1465	1352
1508	1586	1465
1249	1414	1395
925	983	928
927	1004	948
927	1019	1004
1019	1061	1004
1019	1158	1061
948	879	927
987	1067	988
998	1026	1124
1124	1130	998
1124	1225	1130
1225	1169	1130
1225	1261	1169
1261	1177	1169
1225	1313	1261
1124	1152	1225
1152	1235	1225
1124	1139	1152
1006	1063	1155
1063	1133	1155
1155	1079	1006
1012	1088	1093
1016	1090	1077
1077	1050	1016
1077	1134	1050
1077	1090	1134
1041	1045	1173
1075	1239	1129
1075	1246	1239
1105	1208	1347
1105	1052	1208
1052	1079	1208
1208	1353	1347
1353	1444	1347
1444	1555	1347
1444	1522	1555
1522	1633	1555
1522	1640	1633
1522	1685	1640
1522	1623	1685
1623	1739	1685
1522	1484	1623
1484	1420	1623
1484	1357	1420
1484	1353	1357
1353	1208	1357
1484	1444	1353
1484	1522	1444
1126	1194	1148
1131	1221	1238
1221	1297	1238
1297	1281	1238
1221	1359	1297
1135	1207	1183
1147	1253	1358
1253	1402	1358
1402	1473	1358
1473	1401	1358
1401	1375	1358
1402	1506	1473
1506	1538	1473
1402	1429	1506
1429	1498	1506
1402	1251	1429
1402	1253	1251
1150	1233	1278
1278	1274	1150
1278	1384	1274
1384	1443	1274
1443	1334	1274
1443	1338	1334
1176	1247	1285
1247	1422	1285
1180	1364	1273
1364	1342	1273
1364	1421	1342
1421	1425	1342
1191	1312	1271
1271	1236	1191
1236	1155	1191
1199	1209	1319
1319	1432	1199
1319	1499	1432
1499	1621	1432
1499	1608	1621
1608	1697	1621
1697	1741	1621
1741	1682	1621
1682	1613	1621
1682	1772	1613
1682	1741	1772
1741	1822	1772
1608	1792	1697
1792	1860	1697
1792	1858	1860
1858	1934	1860
1858	2112	1934
2112	2037	1934
2037	1927	1934
2037	2079	1927
2112	2219	2037
1792	1840	1858
1840	1967	1858
1840	1917	1967
1917	2016	1967
2016	2042	1967
2042	2112	1967
2016	2043	2042
2043	2084	2042
2043	2044	2084
2044	2085	2084
2085	2110	2084
2085	2044	2110
2044	2111	2110
2111	2166	2110
2111	2189	2166
2189	2275	2166
2189	2277	2275
2277	2297	2275
2277	2300	2297
2277	2281	2300
2277	2190	2281
2190	2192	2281
2192	2170	2281
2170	2263	2281
2170	2163	2263
2163	2208	2263
2208	2247	2263
2247	2373	2263
2170	2116	2163
2116	2089	2163
2116	2117	2089
2117	2087	2089
2117	2170	2087
2170	2192	2087
2192	2190	2087
2117	2116	2170
2277	2189	2190
2043	2016	2044
1792	1707	1840
1792	1649	1707
1792	1608	1649
1608	1512	1649
1608	1499	1512
1499	1430	1512
1499	1319	1430
1319	1209	1430
1199	1067	1209
1201	1379	1223
1379	1377	1223
1377	1392	1223
1377	1470	1392
1470	1457	1392
1377	1379	1470
1214	1307	1296
1222	1434	1398
1222	1259	1434
1259	1411	1434
1259	1339	1411
1339	1581	1411
1339	1427	1581
1339	1322	1427
1322	1413	1427
1413	1424	1427
1424	1535	1427
1413	1362	1424
1270	1381	1289
1294	1369	1321
1321	1194	1294
1321	1362	1194
1294	1375	1369
1302	1318	1317
1318	1495	1317
1495	1532	1317
1316	1327	1415
1415	1503	1316
1415	1526	1503
1526	1642	1503
1642	1620	1503
1526	1610	1642
1323	1355	1404
1367	1489	1488
1406	1518	1502
1518	1578	1502
1518	1570	1578
1409	1423	1554
1423	1546	1554
1423	1502	1546
1467	1597	1511
1467	1561	1597
1480	1652	1491
1652	1481	1491
1480	1661	1652
1480	1607	1661
1607	1680	1661
1607	1671	1680
1671	1745	1680
1671	1813	1745
1813	1864	1745
1813	1898	1864
1607	1587	1671
1587	1552	1671
1552	1620	1671
1607	1476	1587
1607	1480	1476
1482	1656	1611
1611	1422	1482
1510	1536	1634
1515	1615	1651
1615	1722	1651
1529	1603	1628
1531	1659	1594
1659	1726	1594
1726	1669	1594
1659	1838	1726
1544	1660	1767
1557	1728	1658
1658	1535	1557
1557	1703	1728
1703	1876	1728
1876	1832	1728
1876	1892	1832
1892	1926	1832
1892	2088	1926
2088	1970	1926
1892	2014	2088
2014	2179	2088
2014	2156	2179
2156	2237	2179
2014	2071	2156
2071	2059	2156
2071	1950	2059
1950	1869	2059
1869	2004	2059
1950	1830	1869
1830	1790	1869
1790	1880	1869
1790	1735	1880
1735	1767	1880
1830	1766	1790
1766	1538	1790
1766	1687	1538
1766	1830	1687
1830	1688	1687
1688	1665	1687
1688	1703	1665
1703	1643	1665
1703	1557	1643
1688	1876	1703
1688	1830	1876
1830	1950	1876
1950	2014	1876
2014	1892	1876
1950	2071	2014
1563	1577	1627
1577	1624	1627
1584	1635	1619
1635	1747	1619
1605	1641	1678
1630	1831	1805
1831	1861	1805
1639	1711	1743
1743	1748	1639
1743	1818	1748
1818	1798	1748
1798	1774	1748
1743	1711	1818
1711	1780	1818
1646	1746	1834
1746	1939	1834
1939	1915	1834
1939	2113	1915
1939	2086	2113
2086	2245	2113
2245	2272	2113
2086	2223	2245
2223	2303	2245
2303	2462	2245
2303	2422	2462
2303	2244	2422
2244	2365	2422
2303	2223	2244
2223	2194	2244
2194	2171	2244
2194	2086	2171
2194	2223	2086
1746	1867	1939
1655	1689	1810
1655	1578	1689
1810	1764	1655
1810	1854	1764
1854	1814	1764
1663	1782	1884
1666	1732	1793
1732	1819	1793
1683	1694	1762
1694	1778	1762
1778	1885	1762
1885	1817	1762
1885	1924	1817
1778	1980	1885
1691	1700	1784
1691	1581	1700
1784	1751	1691
1784	1848	1751
1784	1928	1848
1693	1789	1715
1698	1794	1709
1706	1874	1913
1874	2012	1913
2012	2021	1913
1721	1802	1820
1802	1887	1820
1887	1875	1820
1820	1641	1721
1641	1652	1721
1750	1919	1878
1750	1846	1919
1846	1973	1919
1846	1993	1973
1846	2052	1993
1758	1844	1843
1781	1800	1877
1781	1634	1800
1634	1804	1800
1877	1899	1781
1899	1879	1781
1899	1918	1879
1877	1945	1899
1945	1969	1899
1969	1948	1899
1969	1978	1948
1969	2185	1978
2185	2182	1978
1969	1945	2185
1945	2216	2185
1945	2025	2216
2025	2270	2216
2025	2259	2270
2259	2285	2270
2285	2479	2270
2285	2358	2479
2285	2202	2358
2202	2418	2358
2285	2186	2202
2285	2259	2186
2259	2025	2186
2025	2030	2186
1945	1922	2025
1922	1937	2025
1937	1916	2025
1937	1855	1916
1937	1829	1855
1829	1744	1855
1829	1804	1744
1937	1922	1829
1785	1997	1856
1785	1986	1997
1785	1931	1986
1823	1998	1921
1998	2064	1921
2064	2053	1921
2053	2011	1921
2011	1859	1921
2011	2076	1859
2076	2003	1859
2064	2198	2053
2064	2233	2198
2233	2339	2198
2339	2226	2198
2339	2368	2226
2368	2269	2226
2368	2405	2269
2339	2403	2368
2403	2434	2368
1998	2075	2064
1998	2045	2075
1998	2000	2045
2000	2094	2045
2000	1924	2094
2000	1909	1924
2000	1823	1909
2000	1998	1823
1833	1996	1989
1836	1895	1900
1895	1959	1900
1959	1990	1900
1990	1944	1900
1959	2082	1990
1839	2048	1910
2048	2063	1910
2048	2200	2063
2048	2165	2200
2048	2161	2165
2048	2108	2161
2108	2207	2161
2207	2326	2161
2207	2246	2326
2207	2108	2246
2108	2206	2246
2206	2343	2246
2343	2424	2246
2343	2513	2424
2513	2651	2424
2513	2600	2651
2513	2606	2600
2513	2504	2606
2108	2119	2206
2108	1999	2119
1841	2015	1912
1850	1941	1906
1941	2026	1906
1850	1772	1941
1850	1771	1772
1865	1897	1882
1865	1940	1897
1940	2013	1897
2013	1905	1897
1905	1882	1897
1940	2033	2013
1940	2001	2033
2001	2123	2033
2001	2009	2123
2009	2151	2123
1890	1985	1949
1985	2098	1949
1891	1904	2017
1925	2028	2027
1933	2090	2135
2090	2250	2135
2250	2353	2135
2353	2125	2135
2125	1931	2135
1931	1933	2135
2353	2229	2125
1935	2024	2019
2024	2055	2019
2055	2174	2019
2055	2024	2174
1938	2041	2040
1942	2065	2191
2065	2266	2191
2065	2176	2266
2176	2252	2266
2252	2372	2266
2176	2180	2252
2191	2131	1942
2131	2114	1942
2114	1887	1942
2131	2260	2114
2131	2191	2260
1953	1962	2155
1962	1995	2155
1995	2122	2155
1954	2101	1957
2101	2007	1957
2007	1987	1957
2101	2142	2007
1954	2141	2101
2141	2337	2101
2141	2345	2337
2345	2360	2337
2345	2541	2360
2541	2597	2360
2541	2715	2597
2715	2793	2597
2793	2698	2597
2541	2537	2715
2541	2345	2537
2345	2509	2537
2345	2305	2509
2305	2267	2509
2305	2133	2267
2305	2141	2133
2305	2345	2141
1954	1947	2141
1958	1965	2140
1960	2005	1966
2005	1974	1966
2005	2102	1974
1982	2029	2072
1994	2144	2105
2144	2160	2105
2144	2211	2160
2211	2217	2160
2211	2290	2217
2290	2288	2217
2288	2136	2217
2288	2126	2136
2290	2421	2288
2421	2406	2288
2421	2544	2406
2038	2210	2091
2038	2070	2210
2070	2257	2210
2038	2017	2070
2050	2220	2301
2050	2079	2220
2220	2329	2301
2329	2510	2301
2329	2459	2510
2459	2563	2510
2563	2713	2510
2563	2743	2713
2743	2915	2713
2329	2220	2459
2061	2240	2209
2240	2366	2209
2209	2073	2061
2209	2201	2073
2081	2222	2167
2083	2137	2115
2083	2154	2137
2154	2320	2137
2320	2325	2137
2325	2327	2137
2325	2467	2327
2325	2352	2467
2325	2320	2352
2320	2154	2352
2154	2274	2352
2154	2026	2274
2137	2313	2115
2313	2052	2115
2052	2083	2115
2095	2153	2253
2253	2199	2095
2253	2332	2199
2332	2221	2199
2332	2440	2221
2440	2248	2221
2440	2243	2248
2332	2465	2440
2465	2489	2440
2489	2566	2440
2566	2376	2440
2465	2518	2489
2518	2570	2489
2518	2498	2570
2498	2610	2570
2610	2704	2570
2518	2465	2498
2099	2147	2268
2147	2287	2268
2287	2367	2268
2287	2430	2367
2430	2503	2367
2104	2148	2283
2104	1970	2148
2132	2184	2187
2184	2311	2187
2184	2251	2311
2134	2295	2149
2134	2315	2295
2315	2334	2295
2315	2359	2334
2359	2396	2334
2164	2369	2177
2181	2309	2280
2195	2307	2225
2225	2174	2195
2174	2196	2195
2196	2291	2195
2291	2420	2195
2420	2307	2195
2291	2407	2420
2407	2480	2420
2480	2525	2420
2480	2451	2525
2480	2407	2451
2407	2346	2451
2346	2426	2451
2407	2291	2346
2291	2338	2346
2291	2284	2338
2291	2224	2284
2291	2196	2224
2307	2273	2225
2307	2282	2273
2307	2238	2282
2203	2213	2306
2213	2370	2306
2306	2205	2203
2204	2302	2317
2218	2335	2292
2218	2313	2335
2313	2401	2335
2313	2467	2401
2256	2344	2351
2344	2429	2351
2344	2412	2429
2258	2354	2362
2354	2409	2362
2409	2499	2362
2499	2470	2362
2499	2648	2470
2499	2662	2648
2662	2800	2648
2800	2708	2648
2800	2774	2708
2774	2722	2708
2774	2775	2722
2775	2763	2722
2763	2681	2722
2775	2857	2763
2800	2940	2774
2940	2901	2774
2940	3046	2901
2940	2983	3046
2983	3090	3046
3090	3186	3046
3186	3000	3046
3090	3192	3186
3090	3133	3192
3090	2983	3133
2983	3116	3133
3116	3312	3133
3312	3339	3133
3116	3172	3312
3116	3110	3172
3110	2960	3172
3110	2907	2960
3110	3116	2907
2940	2800	2983
2800	2819	2983
2800	2662	2819
2662	2860	2819
2860	2907	2819
2662	2732	2860
2732	2739	2860
2662	2625	2732
2662	2499	2625
2499	2517	2625
2499	2409	2517
2271	2333	2312
2279	2390	2382
2286	2473	2495
2473	2608	2495
2473	2481	2608
2308	2384	2488
2310	2388	2371
2330	2364	2331
2364	2561	2331
2561	2557	2331
2364	2501	2561
2501	2585	2561
2501	2581	2585
2364	2398	2501
2341	2356	2357
2356	2511	2357
2356	2492	2511
2342	2395	2355
2349	2419	2439
2439	2469	2349
2439	2526	2469
2526	2500	2469
2500	2383	2469
2439	2531	2526
2531	2654	2526
2531	2583	2654
2583	2706	2654
2531	2528	2583
2531	2419	2528
2531	2439	2419
2361	2392	2414
2392	2466	2414
2392	2491	2466
2392	2461	2491
2380	2393	2436
2380	2385	2393
2385	2425	2393
2425	2505	2393
2505	2436	2393
2425	2496	2505
2425	2497	2496
2436	2446	2380
2389	2416	2402
2416	2487	2402
2404	2540	2646
2540	2620	2646
2620	2659	2646
2659	2719	2646
2719	2726	2646
2719	2836	2726
2719	2934	2836
2934	2900	2836
2900	2790	2836
2719	2742	2934
2742	2855	2934
2855	2982	2934
2855	2988	2982
2855	2928	2988
2928	2953	2988
2928	2894	2953
2894	3001	2953
2719	2630	2742
2630	2685	2742
2719	2659	2630
2408	2523	2565
2523	2572	2565
2523	2584	2572
2584	2663	2572
2584	2621	2663
2621	2816	2663
2816	2893	2663
2893	2786	2663
2816	3014	2893
3014	3071	2893
3071	3051	2893
3071	3144	3051
3071	3188	3144
3188	3214	3144
2816	2784	3014
2784	2868	3014
2784	2776	2868
2776	2760	2868
2760	2835	2868
2760	2789	2835
2789	2821	2835
2776	2547	2760
2547	2599	2760
2547	2411	2599
2776	2621	2547
2621	2514	2547
2621	2584	2514
2776	2784	2621
2784	2816	2621
2415	2555	2560
2415	2474	2555
2417	2431	2447
2431	2420	2447
2432	2598	2433
2435	2556	2587
2587	2548	2435
2437	2539	2482
2438	2623	2464
2464	2370	2438
2370	2378	2438
2623	2634	2464
2445	2516	2533
2452	2559	2601
2455	2603	2536
2463	2524	2567
2468	2529	2471
2468	2580	2529
2475	2636	2543
2478	2576	2607
2607	2532	2478
2532	2365	2478
2607	2609	2532
2609	2612	2532
2609	2686	2612
2686	2720	2612
2686	2826	2720
2826	2912	2720
2912	2812	2720
2912	2923	2812
2686	2714	2826
2686	2609	2714
2609	2607	2714
2485	2493	2573
2493	2545	2573
2493	2515	2545
2515	2638	2545
2515	2588	2638
2588	2678	2638
2678	2712	2638
2712	2792	2638
2515	2488	2588
2494	2522	2535
2535	2564	2494
2535	2619	2564
2535	2522	2619
2494	2383	2522
2383	2553	2522
2494	2390	2383
2502	2568	2611
2502	2401	2568
2568	2613	2611
2613	2677	2611
2613	2666	2677
2666	2700	2677
2666	2791	2700
2666	2765	2791
2765	2884	2791
2765	2854	2884
2854	2954	2884
2854	3013	2954
3013	3083	2954
3013	3113	3083
3113	3213	3083
3113	3154	3213
2854	2796	3013
2854	2765	2796
2765	2688	2796
2765	2666	2688
2508	2592	2657
2512	2683	2653
2683	2847	2653
2847	2849	2653
2683	2978	2847
2519	2660	2640
2520	2628	2656
2628	2751	2656
2751	2723	2656
2723	2660	2656
2751	2837	2723
2751	2944	2837
2944	2941	2837
2941	2925	2837
2941	3139	2925
3139	2938	2925
2938	2892	2925
2938	2995	2892
2995	2937	2892
2937	2762	2892
2995	3102	2937
3102	3131	2937
3131	2958	2937
3131	2960	2958
2995	3139	3102
3139	3255	3102
2995	2938	3139
2941	3019	3139
2941	2944	3019
2944	3048	3019
3048	3220	3019
2944	2993	3048
2993	3084	3048
2993	2933	3084
2933	2994	3084
2933	2865	2994
2933	2781	2865
2933	2993	2781
2521	2622	2780
2622	2797	2780
2622	2764	2797
2622	2589	2764
2589	2645	2764
2589	2565	2645
2534	2615	2637
2615	2689	2637
2689	2687	2637
2689	2749	2687
2749	2755	2687
2755	2731	2687
2731	2633	2687
2731	2693	2633
2689	2788	2749
2569	2590	2804
2590	2604	2804
2604	2802	2804
2802	2888	2804
2888	2903	2804
2903	2814	2804
2814	2569	2804
2888	3065	2903
2888	3114	3065
3114	3147	3065
3114	3295	3147
2802	2697	2888
2802	2643	2697
2802	2604	2643
2574	2641	2684
2575	2661	2682
2594	2658	2690
2658	2761	2690
2595	2702	2672
2702	2879	2672
2879	2851	2672
2879	3047	2851
2627	2652	2679
2652	2676	2679
2629	2669	2701
2639	2707	2770
2664	2673	2766
2673	2827	2766
2827	2878	2766
2878	2991	2766
2991	2946	2766
2991	3043	2946
2766	2710	2664
2665	2807	2667
2667	2491	2665
2807	2725	2667
2670	2794	2729
2729	2497	2670
2670	2728	2794
2728	2831	2794
2831	2974	2794
2831	2962	2974
2962	3032	2974
3032	2973	2974
2692	2737	2778
2711	2830	2721
2718	2738	2808
2808	2887	2718
2808	2999	2887
2999	3025	2887
3025	2875	2887
2808	2861	2999
2861	3026	2999
2861	2930	3026
2861	2738	2930
2861	2808	2738
2727	2890	2745
2890	2935	2745
2935	2856	2745
2890	3061	2935
2730	2768	2850
2850	2873	2730
2734	2927	2736
2735	2824	2844
2744	2838	2917
2917	2743	2744
2758	2785	2832
2832	2949	2758
2832	3002	2949
3002	3052	2949
3002	3059	3052
3002	2952	3059
2952	3060	3059
2952	3003	3060
3002	2832	2952
2832	2798	2952
2832	2785	2798
2767	2911	2842
2911	2964	2842
2964	2908	2842
2777	2809	2874
2874	2918	2777
2809	2853	2874
2853	3037	2874
2853	2929	3037
2929	2900	3037
2853	2809	2929
2782	2834	2806
2787	2822	2902
2822	2957	2902
2957	3063	2902
2803	2862	3004
2862	2963	3004
2963	3050	3004
3050	3096	3004
3050	3106	3096
3106	3218	3096
3218	3197	3096
3106	3223	3218
3223	3368	3218
3223	3304	3368
3223	3248	3304
3223	3106	3248
3050	2963	3106
2963	2972	3106
2963	2846	2972
3004	2951	2803
2811	2891	2813
2815	2858	2870
2815	2898	2858
2898	2906	2858
2898	3074	2906
2898	3080	3074
2870	2839	2815
2870	2838	2839
2817	2996	2840
2817	3040	2996
2820	3011	2829
2823	3009	2833
3009	2947	2833
2947	2825	2833
3009	3064	2947
2866	2971	2909
2866	2873	2971
2873	3021	2971
3021	3029	2971
3029	2909	2971
2876	3103	3098
3103	3173	3098
3173	3152	3098
3152	3199	3098
2880	3075	3020
3075	3157	3020
3157	3125	3020
3157	3217	3125
3217	3167	3125
3167	3047	3125
3075	3161	3157
3161	3300	3157
3075	3055	3161
3055	3222	3161
3075	2880	3055
2889	2942	2984
2984	3077	2889
3077	2792	2889
2984	3111	3077
2984	3136	3111
2896	2977	3012
3012	3062	2896
3012	3088	3062
3088	3191	3062
3088	3231	3191
3012	2977	3088
2910	2955	3033
2955	3108	3033
3108	3120	3033
2955	3006	3108
3033	3003	2910
2920	3056	2979
3056	3023	2979
2920	3058	3056
2939	2986	3022
2986	3007	3022
3007	3067	3022
3067	3226	3022
3226	3180	3022
2939	2714	2986
2945	2969	3070
2969	3149	3070
3149	3206	3070
3149	3283	3206
3149	3127	3283
3127	3313	3283
3313	3426	3283
3149	2969	3127
2965	3091	3066
2975	3045	2976
2992	3010	3053
2998	3041	3163
3005	3049	3031
3031	3001	3005
3049	3273	3031
3049	3094	3273
3094	3327	3273
3327	3354	3273
3354	3296	3273
3354	3482	3296
3482	3349	3296
3349	3262	3296
3349	3323	3262
3323	3228	3262
3327	3379	3354
3327	3326	3379
3326	3492	3379
3492	3562	3379
3326	3441	3492
3326	3382	3441
3382	3552	3441
3382	3497	3552
3382	3462	3497
3382	3241	3462
3382	3121	3241
3121	3057	3241
3382	3155	3121
3155	3064	3121
3382	3232	3155
3382	3326	3232
3326	3327	3232
3327	3094	3232
3008	3024	3087
3018	3130	3148
3148	3251	3018
3251	3162	3018
3251	3201	3162
3201	3198	3162
3201	3337	3198
3251	3293	3201
3251	3264	3293
3251	3229	3264
3251	3130	3229
3251	3148	3130
3034	3128	3109
3036	3054	3079
3068	3205	3204
3069	3179	3221
3069	3141	3179
3141	3260	3179
3260	3221	3179
3260	3343	3221
3343	3311	3221
3311	3175	3221
3175	3069	3221
3311	3170	3175
3311	3181	3170
3181	3135	3170
3181	3209	3135
3209	3243	3135
3243	3242	3135
3242	3143	3135
3143	2964	3135
3181	3311	3209
3260	3432	3343
3432	3474	3343
3260	3247	3432
3260	3141	3247
3081	3208	3238
3208	3287	3238
3287	3344	3238
3344	3358	3238
3344	3384	3358
3344	3372	3384
3344	3287	3372
3287	3320	3372
3320	3386	3372
3386	3437	3372
3386	3460	3437
3386	3380	3460
3380	3464	3460
3386	3261	3380
3386	3320	3261
3085	3216	3145
3216	3247	3145
3216	3345	3247
3085	3227	3216
3092	3194	3115
3099	3165	3184
3165	3259	3184
3165	3282	3259
3282	3325	3259
3104	3126	3156
3156	3225	3104
3156	3126	3225
3107	3244	3187
3244	3272	3187
3244	3413	3272
3140	3183	3224
3183	3274	3224
3274	3411	3224
3411	3288	3224
3288	3196	3224
3196	3140	3224
3196	3087	3140
3196	3117	3087
3274	3476	3411
3153	3237	3210
3153	3303	3237
3303	3356	3237
3356	3421	3237
3421	3210	3237
3356	3599	3421
3599	3529	3421
3529	3457	3421
3457	3425	3421
3457	3516	3425
3457	3635	3516
3635	3592	3516
3592	3519	3516
3592	3594	3519
3594	3500	3519
3592	3606	3594
3606	3814	3594
3592	3635	3606
3635	3666	3606
3457	3529	3635
3529	3707	3635
3529	3607	3707
3529	3599	3607
3356	3456	3599
3356	3303	3456
3153	3198	3303
3158	3203	3280
3203	3214	3280
3280	3318	3158
3185	3281	3236
3185	3317	3281
3317	3398	3281
3317	3438	3398
3438	3459	3398
3459	3491	3398
3459	3517	3491
3517	3527	3491
3527	3502	3491
3527	3586	3502
3586	3458	3502
3458	3424	3502
3458	3403	3424
3403	3348	3424
3403	3305	3348
3403	3388	3305
3388	3352	3305
3388	3415	3352
3388	3470	3415
3470	3546	3415
3546	3435	3415
3546	3439	3435
3470	3586	3546
3470	3458	3586
3470	3388	3458
3388	3403	3458
3527	3652	3586
3652	3708	3586
3652	3737	3708
3652	3686	3737
3686	3728	3737
3728	3805	3737
3728	3656	3805
3728	3686	3656
3686	3605	3656
3686	3652	3605
3527	3517	3652
3200	3234	3429
3202	3219	3207
3215	3239	3278
3230	3279	3375
3279	3338	3375
3338	3489	3375
3489	3545	3375
3489	3591	3545
3591	3646	3545
3591	3604	3646
3604	3676	3646
3676	3714	3646
3714	3712	3646
3712	3748	3646
3712	3755	3748
3755	3833	3748
3833	3832	3748
3832	3831	3748
3712	3714	3755
3714	3786	3755
3714	3747	3786
3714	3676	3747
3591	3528	3604
3528	3506	3604
3591	3489	3528
3279	3263	3338
3375	3371	3230
3240	3331	3332
3331	3402	3332
3331	3213	3402
3331	3240	3213
3250	3265	3290
3265	3306	3290
3250	3227	3265
3253	3445	3407
3254	3308	3256
3267	3353	3355
3353	3400	3355
3277	3383	3440
3284	3410	3488
3286	3329	3385
3329	3367	3385
3385	3321	3286
3291	3315	3452
3315	3479	3452
3315	3422	3479
3310	3416	3418
3416	3579	3418
3416	3568	3579
3568	3648	3579
3310	3334	3416
3322	3433	3518
3433	3490	3518
3490	3614	3518
3614	3723	3518
3723	3678	3518
3678	3589	3518
3589	3515	3518
3515	3322	3518
3515	3431	3322
3515	3484	3431
3484	3387	3431
3484	3405	3387
3723	3741	3678
3723	3811	3741
3723	3753	3811
3753	3855	3811
3855	3987	3811
3723	3614	3753
3346	3485	3501
3485	3541	3501
3347	3465	3394
3394	3390	3347
3394	3446	3390
3446	3507	3390
3446	3563	3507
3563	3647	3507
3647	3535	3507
3535	3477	3507
3563	3668	3647
3465	3487	3394
3465	3645	3487
3645	3536	3487
3362	3420	3364
3373	3486	3442
3373	3417	3486
3417	3513	3486
3392	3609	3553
3392	3500	3609
3392	3396	3500
3393	3526	3525
3397	3578	3447
3447	3231	3397
3231	3289	3397
3399	3472	3530
3406	3558	3408
3558	3629	3408
3558	3687	3629
3687	3817	3629
3687	3804	3817
3687	3705	3804
3705	3820	3804
3705	3780	3820
3705	3558	3780
3705	3687	3558
3427	3542	3483
3542	3498	3483
3430	3508	3512
3430	3448	3508
3448	3478	3508
3478	3544	3508
3544	3612	3508
3449	3475	3451
3453	3495	3509
3509	3558	3453
3495	3710	3509
3495	3580	3710
3454	3540	3499
3540	3551	3499
3455	3601	3628
3601	3654	3628
3601	3664	3654
3664	3801	3654
3601	3675	3664
3628	3494	3455
3628	3556	3494
3556	3547	3494
3556	3649	3547
3466	3469	3537
3468	3533	3534
3534	3402	3468
3533	3638	3534
3496	3598	3565
3565	3520	3496
3510	3585	3539
3585	3659	3539
3511	3524	3597
3543	3561	3634
3550	3581	3613
3613	3573	3550
3613	3665	3573
3665	3566	3573
3554	3662	3555
3569	3570	3658
3658	3740	3569
3740	3660	3569
3740	3721	3660
3721	3542	3660
3542	3571	3660
3740	3822	3721
3822	3683	3721
3822	3782	3683
3782	3644	3683
3822	3826	3782
3826	3900	3782
3826	3948	3900
3948	3988	3900
3948	4052	3988
3740	3872	3822
3740	3797	3872
3797	3888	3872
3888	4057	3872
4057	4077	3872
4077	4010	3872
4057	4073	4077
4073	4210	4077
4210	4128	4077
4210	4180	4128
4073	4284	4210
4073	4108	4284
4108	4222	4284
4108	4120	4222
4108	3888	4120
3888	3891	4120
3891	4005	4120
4108	4057	3888
4108	4073	4057
3740	3658	3797
3574	3650	3608
3650	3700	3608
3700	3775	3608
3775	3684	3608
3684	3638	3608
3684	3685	3638
3684	3773	3685
3773	3906	3685
3773	3775	3906
3775	3937	3906
3937	4009	3906
3937	4012	4009
3937	3881	4012
3881	3947	4012
3947	4019	4012
3937	3775	3881
3775	3700	3881
3773	3684	3775
3575	3674	3679
3674	3827	3679
3674	3788	3827
3788	3915	3827
3679	3663	3575
3576	3639	3729
3577	3596	3624
3584	3690	3795
3690	3812	3795
3795	3807	3584
3807	3776	3584
3776	3765	3584
3795	3850	3807
3595	3724	3667
3667	3541	3595
3618	3774	3794
3620	3717	3731
3717	3744	3731
3621	3738	3719
3623	3672	3736
3672	3766	3736
3766	3759	3736
3759	3799	3736
3799	3787	3736
3787	3681	3736
3681	3623	3736
3681	3636	3623
3681	3706	3636
3706	3630	3636
3706	3725	3630
3706	3787	3725
3787	3798	3725
3787	3854	3798
3787	3846	3854
3846	3863	3854
3863	3935	3854
3935	3966	3854
3935	4002	3966
4002	4011	3966
4011	3977	3966
4011	4056	3977
4056	4100	3977
4100	3959	3977
3959	3905	3977
3959	3911	3905
3959	3943	3911
3959	4037	3943
3959	4100	4037
4100	4060	4037
4100	4168	4060
4168	4177	4060
4177	4014	4060
4177	4190	4014
4190	4001	4014
4001	3852	4014
3852	3943	4014
4001	3865	3852
4001	3894	3865
4001	3955	3894
4001	4006	3955
4006	4109	3955
4109	4004	3955
4109	4154	4004
4154	4140	4004
4154	4179	4140
4154	4287	4179
4287	4275	4179
4275	4237	4179
4275	4301	4237
4301	4308	4237
4308	4276	4237
4308	4359	4276
4359	4310	4276
4310	4188	4276
4310	4263	4188
4263	4155	4188
4310	4328	4263
4328	4324	4263
4324	4264	4263
4328	4396	4324
4396	4362	4324
4328	4405	4396
4328	4359	4405
4359	4450	4405
4359	4451	4450
4451	4604	4450
4604	4516	4450
4604	4583	4516
4583	4527	4516
4527	4497	4516
4527	4552	4497
4552	4474	4497
4474	4410	4497
4474	4306	4410
4306	4317	4410
4306	4289	4317
4527	4626	4552
4527	4641	4626
4641	4730	4626
4641	4684	4730
4684	4753	4730
4753	4755	4730
4753	4815	4755
4815	4847	4755
4847	4816	4755
4816	4769	4755
4769	4688	4755
4769	4717	4688
4717	4637	4688
4717	4600	4637
4717	4690	4600
4690	4653	4600
4653	4518	4600
4717	4758	4690
4717	4817	4758
4817	4797	4758
4797	4777	4758
4797	4814	4777
4814	4757	4777
4814	4829	4757
4814	4862	4829
4862	4874	4829
4874	4859	4829
4874	4893	4859
4893	4883	4859
4893	4912	4883
4912	4844	4883
4844	4813	4883
4844	4818	4813
4818	4742	4813
4742	4674	4813
4674	4706	4813
4674	4603	4706
4603	4612	4706
4674	4636	4603
4636	4457	4603
4636	4464	4457
4674	4742	4636
4742	4629	4636
4742	4666	4629
4742	4787	4666
4787	4828	4666
4787	4818	4828
4818	4844	4828
4844	4873	4828
4844	4959	4873
4844	4981	4959
4981	5017	4959
5017	4982	4959
5017	5018	4982
5018	5041	4982
5018	5054	5041
5054	5111	5041
5111	5067	5041
5111	5118	5067
5118	5031	5067
5118	5103	5031
5103	5036	5031
5118	5159	5103
5159	5128	5103
5128	5127	5103
5127	5093	5103
5128	5135	5127
5135	5136	5127
5135	5141	5136
5141	5143	5136
5143	5109	5136
5143	5124	5109
5124	5076	5109
5076	5078	5109
5076	4991	5078
5143	5151	5124
5151	5150	5124
5150	5145	5124
5150	5153	5145
5153	5168	5145
5168	5155	5145
5155	5107	5145
5107	5105	5145
5155	5129	5107
5129	5002	5107
5129	5050	5002
5129	5110	5050
5110	5064	5050
5064	4914	5050
4914	4877	5050
5064	5040	4914
5064	5106	5040
5106	5080	5040
5106	5116	5080
5106	5162	5116
5162	5185	5116
5162	5179	5185
5179	5197	5185
5197	5201	5185
5201	5180	5185
5201	5182	5180
5182	5123	5180
5123	5084	5180
5123	5115	5084
5115	5043	5084
5043	5070	5084
5043	5015	5070
5015	5044	5070
5044	5056	5070
5056	5057	5070
5056	5044	5057
5044	5024	5057
5044	5015	5024
5015	4951	5024
4951	4963	5024
4963	5027	5024
4963	4942	5027
4963	4951	4942
4951	4754	4942
4951	4916	4754
4916	4807	4754
4807	4748	4754
4748	4663	4754
4748	4529	4663
4807	4764	4748
4807	4905	4764
4905	4871	4764
4807	4916	4905
4916	4965	4905
4916	4951	4965
4951	5015	4965
5115	5090	5043
5090	5014	5043
5014	4987	5043
5014	5005	4987
5005	4961	4987
5005	4972	4961
5005	5068	4972
5068	4986	4972
5068	5094	4986
5094	5073	4986
5073	4926	4986
4926	4940	4986
4926	4872	4940
4872	4834	4940
4872	4738	4834
5068	5113	5094
5113	5148	5094
5113	5102	5148
5102	5173	5148
5173	5163	5148
5173	5164	5163
5164	5147	5163
5147	5065	5163
5164	5161	5147
5164	5184	5161
5164	5175	5184
5175	5182	5184
5175	5115	5182
5115	5123	5182
5175	5090	5115
5175	5102	5090
5102	5068	5090
5068	5014	5090
5068	5005	5014
5102	5113	5068
5175	5173	5102
5175	5164	5173
5197	5212	5201
5197	5179	5212
5179	5213	5212
5213	5215	5212
5215	5199	5212
5215	5169	5199
5169	5156	5199
5169	5142	5156
5142	5112	5156
5112	5081	5156
5112	5092	5081
5112	5142	5092
5142	5099	5092
5099	5025	5092
5099	5020	5025
5099	5089	5020
5089	5061	5020
5061	5010	5020
5010	4975	5020
5010	4994	4975
4994	4920	4975
4994	4983	4920
4983	4880	4920
4880	4811	4920
4983	4922	4880
4983	4958	4922
4983	5060	4958
5060	5052	4958
5052	4970	4958
5052	5042	4970
5042	5029	4970
5042	5096	5029
5096	5079	5029
5079	5030	5029
5079	5074	5030
5074	5038	5030
5038	4990	5030
5038	4974	4990
5038	4950	4974
4950	4891	4974
4950	4897	4891
4897	4870	4891
4897	4925	4870
4897	4968	4925
4968	4993	4925
4993	4977	4925
4977	4923	4925
4977	4967	4923
4967	4938	4923
4967	4980	4938
4980	4886	4938
4980	4899	4886
4899	4842	4886
4842	4820	4886
4842	4836	4820
4836	4799	4820
4799	4733	4820
4733	4760	4820
4733	4713	4760
4713	4718	4760
4718	4743	4760
4718	4670	4743
4670	4704	4743
4670	4659	4704
4659	4685	4704
4718	4713	4670
4713	4642	4670
4799	4719	4733
4799	4804	4719
4799	4839	4804
4839	4780	4804
4839	4803	4780
4803	4778	4780
4778	4707	4780
4778	4739	4707
4739	4687	4707
4687	4632	4707
4632	4609	4707
4609	4630	4707
4609	4579	4630
4579	4616	4630
4579	4513	4616
4579	4462	4513
4462	4430	4513
4462	4394	4430
4394	4304	4430
4462	4507	4394
4462	4579	4507
4579	4574	4507
4579	4609	4574
4609	4632	4574
4632	4538	4574
4538	4453	4574
4538	4463	4453
4463	4313	4453
4463	4448	4313
4463	4544	4448
4538	4576	4463
4538	4632	4576
4632	4687	4576
4739	4720	4687
4720	4589	4687
4720	4622	4589
4622	4602	4589
4602	4544	4589
4602	4622	4544
4622	4591	4544
4622	4667	4591
4667	4614	4591
4614	4588	4591
4588	4575	4591
4575	4505	4591
4575	4528	4505
4528	4498	4505
4528	4511	4498
4511	4470	4498
4470	4414	4498
4414	4424	4498
4414	4338	4424
4338	4398	4424
4338	4278	4398
4278	4268	4398
4278	4205	4268
4205	4143	4268
4143	4248	4268
4278	4228	4205
4278	4312	4228
4312	4204	4228
4278	4338	4312
4414	4439	4338
4439	4285	4338
4439	4387	4285
4387	4336	4285
4336	4265	4285
4336	4315	4265
4315	4201	4265
4315	4249	4201
4315	4316	4249
4316	4277	4249
4277	4231	4249
4277	4254	4231
4254	4211	4231
4211	4165	4231
4211	4137	4165
4137	4094	4165
4137	4097	4094
4097	4051	4094
4051	3922	4094
3922	4000	4094
3922	3928	4000
4051	3980	3922
3980	3889	3922
3980	3886	3889
3886	3874	3889
3886	3835	3874
3835	3777	3874
3835	3790	3777
3790	3671	3777
3790	3806	3671
3790	3835	3806
3835	3878	3806
3835	3886	3878
3886	3980	3878
3980	3926	3878
3926	3880	3878
3880	3771	3878
3771	3770	3878
3771	3749	3770
3749	3697	3770
3771	3672	3749
3771	3766	3672
3771	3880	3766
3880	3799	3766
3799	3759	3766
3880	3846	3799
3846	3787	3799
3880	3863	3846
3880	3935	3863
3880	3925	3935
3925	3967	3935
3967	4002	3935
3967	4044	4002
4044	4086	4002
4086	4056	4002
4056	4011	4002
4086	4099	4056
4099	4102	4056
4102	4100	4056
4102	4168	4100
4102	4232	4168
4232	4177	4168
4232	4280	4177
4280	4224	4177
4224	4190	4177
4280	4272	4224
4280	4337	4272
4337	4388	4272
4388	4287	4272
4287	4154	4272
4388	4346	4287
4346	4320	4287
4320	4275	4287
4320	4301	4275
4320	4308	4301
4320	4423	4308
4423	4359	4308
4423	4434	4359
4434	4451	4359
4434	4477	4451
4477	4531	4451
4531	4604	4451
4531	4651	4604
4651	4657	4604
4657	4672	4604
4672	4583	4604
4672	4684	4583
4684	4641	4583
4641	4527	4583
4672	4724	4684
4724	4735	4684
4735	4753	4684
4735	4815	4753
4735	4779	4815
4779	4792	4815
4792	4838	4815
4838	4858	4815
4858	4847	4815
4858	4887	4847
4887	4856	4847
4856	4816	4847
4856	4824	4816
4824	4769	4816
4824	4817	4769
4817	4717	4769
4824	4875	4817
4875	4862	4817
4862	4814	4817
4814	4797	4817
4875	4929	4862
4929	4893	4862
4893	4874	4862
4929	4948	4893
4948	4912	4893
4948	4992	4912
4992	4844	4912
4992	4981	4844
4992	5023	4981
5023	5017	4981
5023	5055	5017
5055	5054	5017
5054	5018	5017
5023	5012	5055
5012	5048	5055
5048	5095	5055
5095	5126	5055
5095	5121	5126
5121	5125	5126
5125	5154	5126
5154	5146	5126
5146	5111	5126
5111	5054	5126
5146	5132	5111
5132	5118	5111
5132	5159	5118
5132	5154	5159
5154	5202	5159
5202	5190	5159
5190	5128	5159
5190	5137	5128
5137	5135	5128
5137	5141	5135
5137	5186	5141
5186	5152	5141
5152	5138	5141
5138	5143	5141
5138	5151	5143
5138	5160	5151
5160	5153	5151
5153	5150	5151
5160	5195	5153
5195	5206	5153
5206	5191	5153
5191	5168	5153
5191	5177	5168
5177	5166	5168
5166	5155	5168
5166	5129	5155
5166	5110	5129
5166	5162	5110
5162	5106	5110
5106	5064	5110
5166	5177	5162
5177	5179	5162
5177	5191	5179
5191	5213	5179
5191	5206	5213
5206	5210	5213
5210	5215	5213
5210	5169	5215
5210	5181	5169
5181	5170	5169
5170	5172	5169
5172	5142	5169
5172	5157	5142
5157	5099	5142
5157	5120	5099
5120	5089	5099
5120	5072	5089
5072	5061	5089
5072	5032	5061
5032	5010	5061
5032	4994	5010
5032	5060	4994
5060	4983	4994
5032	5072	5060
5072	5119	5060
5119	5144	5060
5144	5104	5060
5104	5052	5060
5104	5042	5052
5104	5096	5042
5144	5178	5104
5144	5192	5178
5192	5207	5178
5207	5176	5178
5176	5139	5178
5139	5131	5178
5139	5122	5131
5122	5079	5131
5079	5096	5131
5122	5074	5079
5122	5077	5074
5077	5049	5074
5049	5038	5074
5049	4968	5038
4968	4950	5038
4968	4897	4950
5049	5028	4968
5028	4993	4968
5028	5034	4993
5034	4977	4993
5034	4967	4977
5034	5037	4967
5037	4980	4967
5034	5066	5037
5066	5053	5037
5066	5088	5053
5088	5082	5053
5082	5063	5053
5063	5008	5053
5008	5006	5053
5008	5003	5006
5003	4954	5006
4954	4952	5006
4952	4985	5006
4952	4899	4985
4899	4980	4985
4952	4904	4899
4904	4836	4899
4836	4842	4899
4904	4839	4836
4839	4799	4836
4904	4882	4839
4882	4901	4839
4901	4803	4839
4901	4881	4803
4881	4850	4803
4850	4778	4803
4850	4808	4778
4808	4739	4778
4808	4744	4739
4744	4720	4739
4744	4622	4720
4744	4747	4622
4747	4667	4622
4747	4710	4667
4710	4652	4667
4652	4614	4667
4652	4648	4614
4648	4656	4614
4656	4575	4614
4575	4588	4614
4656	4562	4575
4562	4528	4575
4562	4511	4528
4562	4445	4511
4445	4470	4511
4445	4439	4470
4439	4414	4470
4445	4387	4439
4445	4348	4387
4348	4336	4387
4348	4315	4336
4348	4316	4315
4348	4437	4316
4437	4339	4316
4339	4277	4316
4339	4290	4277
4290	4254	4277
4290	4252	4254
4252	4212	4254
4212	4211	4254
4212	4137	4211
4212	4139	4137
4139	4130	4137
4130	4097	4137
4130	4104	4097
4104	4018	4097
4018	4051	4097
4018	3980	4051
4018	3926	3980
4018	3999	3926
3999	3957	3926
3957	3925	3926
3925	3880	3926
3957	3967	3925
3957	3999	3967
3999	4044	3967
3999	4066	4044
4066	4086	4044
4066	4085	4086
4085	4166	4086
4166	4099	4086
4166	4187	4099
4187	4102	4099
4166	4260	4187
4260	4293	4187
4293	4283	4187
4283	4232	4187
4283	4337	4232
4337	4280	4232
4283	4386	4337
4386	4388	4337
4386	4422	4388
4422	4444	4388
4444	4363	4388
4363	4346	4388
4363	4320	4346
4363	4406	4320
4406	4428	4320
4428	4423	4320
4428	4499	4423
4499	4477	4423
4477	4434	4423
4499	4531	4477
4499	4534	4531
4534	4651	4531
4534	4624	4651
4624	4679	4651
4679	4696	4651
4696	4657	4651
4696	4672	4657
4696	4776	4672
4776	4772	4672
4772	4724	4672
4772	4735	4724
4772	4779	4735
4772	4792	4779
4772	4776	4792
4776	4867	4792
4867	4878	4792
4878	4864	4792
4864	4838	4792
4864	4858	4838
4864	4918	4858
4918	4908	4858
4908	4887	4858
4908	4924	4887
4924	4934	4887
4934	4889	4887
4889	4856	4887
4889	4824	4856
4889	4875	4824
4889	4949	4875
4949	4932	4875
4932	4929	4875
4932	4989	4929
4932	5011	4989
5011	5022	4989
5022	4996	4989
5022	5039	4996
5039	5019	4996
5019	5013	4996
5013	5007	4996
5013	5012	5007
5012	4948	5007
5012	4992	4948
5012	5023	4992
5013	5048	5012
5013	5045	5048
5045	5095	5048
5045	5085	5095
5085	5121	5095
5085	5117	5121
5117	5125	5121
5117	5134	5125
5134	5167	5125
5167	5154	5125
5167	5193	5154
5193	5202	5154
5193	5208	5202
5208	5211	5202
5211	5214	5202
5214	5205	5202
5205	5190	5202
5205	5137	5190
5205	5186	5137
5205	5214	5186
5214	5209	5186
5209	5174	5186
5174	5152	5186
5174	5189	5152
5189	5160	5152
5160	5138	5152
5189	5195	5160
5189	5210	5195
5210	5206	5195
5189	5187	5210
5187	5181	5210
5187	5170	5181
5187	5183	5170
5183	5157	5170
5157	5172	5170
5183	5188	5157
5188	5171	5157
5171	5119	5157
5119	5120	5157
5119	5072	5120
5171	5144	5119
5171	5192	5144
5171	5188	5192
5188	5198	5192
5198	5204	5192
5204	5207	5192
5204	5211	5207
5211	5208	5207
5208	5203	5207
5203	5176	5207
5203	5165	5176
5165	5139	5176
5165	5140	5139
5140	5122	5139
5140	5133	5122
5133	5114	5122
5114	5077	5122
5114	5087	5077
5087	5075	5077
5075	5049	5077
5075	5087	5049
5087	5028	5049
5087	5062	5028
5062	5034	5028
5062	5066	5034
5062	5091	5066
5091	5088	5066
5091	5100	5088
5100	5071	5088
5071	5082	5088
5071	5033	5082
5033	5069	5082
5069	5063	5082
5069	5047	5063
5047	5008	5063
5047	5016	5008
5016	4984	5008
4984	5003	5008
4984	4960	5003
4960	4954	5003
4960	4953	4954
4953	4909	4954
4909	4901	4954
4901	4941	4954
4941	4952	4954
4941	4904	4952
4941	4882	4904
4941	4901	4882
4909	4881	4901
4909	4915	4881
4915	4917	4881
4917	4888	4881
4888	4850	4881
4888	4895	4850
4895	4808	4850
4888	4917	4895
4917	4945	4895
4945	4907	4895
4907	4911	4895
4911	4866	4895
4911	4857	4866
4857	4837	4866
4837	4781	4866
4837	4745	4781
4745	4710	4781
4710	4771	4781
4771	4770	4781
4770	4808	4781
4770	4744	4808
4770	4747	4744
4770	4771	4747
4771	4710	4747
4745	4702	4710
4702	4652	4710
4702	4656	4652
4656	4648	4652
4702	4675	4656
4675	4607	4656
4607	4562	4656
4607	4526	4562
4526	4445	4562
4526	4437	4445
4437	4348	4445
4526	4446	4437
4446	4432	4437
4432	4339	4437
4432	4425	4339
4425	4321	4339
4321	4290	4339
4321	4260	4290
4260	4252	4290
4260	4145	4252
4145	4139	4252
4139	4212	4252
4145	4104	4139
4104	4130	4139
4145	4082	4104
4082	4018	4104
4082	3999	4018
4082	4066	3999
4082	4085	4066
4082	4156	4085
4156	4166	4085
4156	4260	4166
4156	4145	4260
4156	4082	4145
4321	4293	4260
4321	4376	4293
4376	4350	4293
4350	4283	4293
4350	4386	4283
4350	4376	4386
4376	4418	4386
4418	4422	4386
4418	4444	4422
4418	4478	4444
4478	4459	4444
4459	4454	4444
4454	4363	4444
4454	4406	4363
4454	4428	4406
4454	4553	4428
4553	4534	4428
4534	4499	4428
4553	4559	4534
4559	4624	4534
4559	4606	4624
4606	4694	4624
4694	4678	4624
4678	4679	4624
4678	4776	4679
4776	4696	4679
4678	4709	4776
4709	4740	4776
4740	4784	4776
4784	4867	4776
4784	4865	4867
4865	4878	4867
4865	4918	4878
4918	4864	4878
4865	4857	4918
4857	4911	4918
4911	4931	4918
4931	4928	4918
4928	4908	4918
4928	4924	4908
4928	4944	4924
4944	4969	4924
4969	4934	4924
4969	4997	4934
4997	4949	4934
4949	4889	4934
4997	4932	4949
4997	5011	4932
4997	5000	5011
5000	4999	5011
4999	5022	5011
4999	5016	5022
5016	5047	5022
5047	5039	5022
5047	5069	5039
5069	5033	5039
5033	5019	5039
5033	5026	5019
5026	5045	5019
5045	5013	5019
5026	5071	5045
5071	5085	5045
5071	5117	5085
5071	5100	5117
5100	5130	5117
5130	5158	5117
5158	5134	5117
5158	5167	5134
5158	5203	5167
5203	5208	5167
5208	5193	5167
5158	5165	5203
5158	5149	5165
5149	5140	5165
5149	5133	5140
5149	5130	5133
5130	5114	5133
5130	5108	5114
5108	5101	5114
5101	5087	5114
5101	5062	5087
5101	5108	5062
5108	5091	5062
5108	5100	5091
5108	5130	5100
5149	5158	5130
5026	5033	5071
4999	4995	5016
4995	4984	5016
4995	4957	4984
4957	4960	4984
4957	4947	4960
4947	4946	4960
4946	4953	4960
4946	4915	4953
4915	4909	4953
4946	4917	4915
4946	4947	4917
4947	4935	4917
4935	4945	4917
4935	4955	4945
4955	4944	4945
4944	4928	4945
4928	4931	4945
4931	4911	4945
4911	4907	4945
4955	4956	4944
4956	4969	4944
4956	4955	4969
4955	4999	4969
4999	5000	4969
5000	4997	4969
4955	4957	4999
4957	4995	4999
4955	4935	4957
4935	4947	4957
4865	4784	4857
4784	4827	4857
4827	4837	4857
4827	4745	4837
4827	4746	4745
4746	4675	4745
4675	4702	4745
4746	4662	4675
4662	4607	4675
4746	4694	4662
4694	4606	4662
4746	4740	4694
4740	4709	4694
4709	4678	4694
4746	4784	4740
4746	4827	4784
4559	4564	4606
4564	4547	4606
4547	4532	4606
4532	4545	4606
4532	4509	4545
4509	4484	4545
4484	4526	4545
4484	4446	4526
4484	4432	4446
4484	4425	4432
4484	4458	4425
4458	4376	4425
4376	4321	4425
4458	4478	4376
4478	4418	4376
4458	4509	4478
4509	4547	4478
4547	4536	4478
4536	4459	4478
4536	4454	4459
4536	4553	4454
4536	4564	4553
4564	4559	4553
4536	4547	4564
4509	4532	4547
4458	4484	4509
5204	5209	5211
5209	5214	5211
5204	5198	5209
5198	5196	5209
5196	5174	5209
5196	5194	5174
5194	5189	5174
5194	5187	5189
5194	5183	5187
5194	5196	5183
5196	5198	5183
5198	5188	5183
5132	5146	5154
4787	4742	4818
4328	4310	4359
4006	4001	4109
4001	4190	4109
3706	3681	3787
3625	3643	3720
3643	3778	3720
3778	3869	3720
3631	3751	3704
3633	3726	3733
3726	3838	3733
3726	3730	3838
3730	3909	3838
3909	3961	3838
3909	4036	3961
4036	4106	3961
4106	3924	3961
4036	4133	4106
4036	4171	4133
4171	4322	4133
4171	4298	4322
4298	4429	4322
3730	3682	3909
3730	3651	3682
3641	3699	3703
3699	3764	3703
3764	3702	3703
3642	3847	3767
3657	3834	3754
3669	3694	3785
3680	3758	3757
3758	3819	3757
3819	3857	3757
3819	3858	3857
3858	3898	3857
3898	4040	3857
3898	3979	4040
3979	4114	4040
4114	4220	4040
3979	3995	4114
3979	3898	3995
3898	3906	3995
3906	4026	3995
3689	3750	3828
3695	3696	3791
3709	3752	3762
3709	3659	3752
3713	3756	3789
3756	3829	3789
3727	3735	3813
3727	3562	3735
3734	3934	3991
3739	3824	3745
3739	3920	3824
3739	3866	3920
3866	3954	3920
3954	4053	3920
3954	4013	4053
4013	4122	4053
4013	4101	4122
3954	3866	4013
3824	3848	3745
3746	3816	3861
3760	3793	3901
3761	3843	3903
3843	3932	3903
3932	3940	3903
3940	4045	3903
4045	3915	3903
3940	4058	4045
3768	3976	3803
3783	3825	4022
3815	3875	3870
3849	3938	3914
3856	3923	3927
3923	4050	3927
4050	4107	3927
3862	3942	3883
3942	3971	3883
3942	4017	3971
4017	4063	3971
4063	4078	3971
4017	4069	4063
4017	4038	4069
4038	4152	4069
4038	4121	4152
4017	3942	4038
3867	3877	3936
3877	3945	3936
3945	4041	3936
4041	3952	3936
3952	3847	3936
3847	3867	3936
3908	4035	4003
3910	3913	3958
3917	4008	3962
3931	4016	4083
4016	4098	4083
3939	3946	4159
4159	4164	3939
4164	4087	3939
4159	4194	4164
4194	4250	4164
3941	3998	4061
4061	4075	3941
4075	4025	3941
4061	4182	4075
4182	4153	4075
3960	3989	4144
3989	4092	4144
4092	4269	4144
4269	4241	4144
4241	4119	4144
4119	3960	4144
4269	4330	4241
4269	4356	4330
4356	4371	4330
4371	4380	4330
4371	4442	4380
4442	4361	4380
4442	4493	4361
4442	4489	4493
4442	4371	4489
4371	4431	4489
4371	4356	4431
4356	4341	4431
4341	4466	4431
4356	4269	4341
4269	4309	4341
4309	4327	4341
3989	4021	4092
3964	3997	4157
3969	3994	3996
3978	4028	4093
4028	4141	4093
4141	4116	4093
3982	4084	3990
4084	4042	3990
3984	4125	4029
3992	4151	4118
4151	4203	4118
3993	4134	4055
3993	4030	4134
4027	4131	4070
4131	4124	4070
4033	4046	4117
4117	4121	4033
4121	3983	4033
4046	4207	4117
4207	4238	4117
4207	4239	4238
4239	4402	4238
4207	4208	4239
4049	4135	4096
4135	4165	4096
4049	4201	4135
4068	4089	4245
4071	4162	4146
4080	4215	4123
4091	4200	4192
4105	4225	4160
4225	4281	4160
4126	4369	4279
4279	4149	4126
4149	4008	4126
4279	4229	4149
4229	4221	4149
4229	4294	4221
4229	4279	4294
4369	4323	4279
4132	4236	4197
4142	4247	4150
4142	4242	4247
4242	4381	4247
4242	4303	4381
4303	4472	4381
4242	4256	4303
4256	4240	4303
4256	4193	4240
4256	4242	4193
4147	4273	4209
4273	4288	4209
4288	4244	4209
4244	4107	4209
4273	4357	4288
4357	4407	4288
4357	4519	4407
4519	4584	4407
4519	4701	4584
4357	4554	4519
4158	4262	4213
4262	4270	4213
4262	4343	4270
4343	4366	4270
4161	4206	4259
4206	4353	4259
4206	4220	4353
4173	4233	4400
4233	4292	4400
4292	4419	4400
4292	4468	4419
4233	4197	4292
4175	4326	4384
4181	4314	4373
4314	4404	4373
4404	4479	4373
4404	4557	4479
4557	4581	4479
4557	4639	4581
4639	4645	4581
4639	4726	4645
4726	4791	4645
4726	4752	4791
4752	4896	4791
4752	4756	4896
4756	4860	4896
4752	4664	4756
4664	4680	4756
4664	4605	4680
4664	4639	4605
4639	4557	4605
4557	4480	4605
4480	4429	4605
4557	4404	4480
4664	4726	4639
4664	4752	4726
4185	4258	4202
4195	4364	4196
4364	4225	4196
4195	4358	4364
4358	4506	4364
4506	4426	4364
4506	4618	4426
4618	4566	4426
4618	4644	4566
4618	4668	4644
4618	4506	4668
4506	4649	4668
4649	4736	4668
4649	4655	4736
4655	4732	4736
4649	4619	4655
4619	4598	4655
4619	4427	4598
4427	4563	4598
4563	4608	4598
4563	4555	4608
4555	4584	4608
4555	4447	4584
4555	4563	4447
4563	4427	4447
4619	4506	4427
4506	4382	4427
4506	4358	4382
4358	4192	4382
4619	4649	4506
4198	4274	4297
4274	4409	4297
4409	4412	4297
4412	4226	4297
4226	4198	4297
4226	4019	4198
4409	4496	4412
4409	4464	4496
4409	4274	4464
4218	4354	4230
4354	4295	4230
4354	4332	4295
4218	4305	4354
4235	4261	4335
4246	4271	4345
4345	4415	4246
4415	4455	4246
4415	4517	4455
4251	4307	4291
4253	4368	4340
4368	4391	4340
4267	4299	4351
4286	4374	4344
4311	4370	4319
4333	4461	4465
4355	4417	4435
4367	4420	4595
4375	4471	4535
4392	4501	4476
4476	4354	4392
4501	4572	4476
4572	4542	4476
4572	4628	4542
4628	4625	4542
4625	4615	4542
4625	4671	4615
4671	4699	4615
4699	4703	4615
4703	4685	4615
4685	4567	4615
4699	4728	4703
4699	4671	4728
4671	4774	4728
4671	4689	4774
4689	4731	4774
4689	4658	4731
4689	4628	4658
4628	4572	4658
4689	4625	4628
4689	4671	4625
4392	4395	4501
4433	4541	4502
4541	4570	4502
4541	4634	4570
4634	4661	4570
4661	4613	4570
4634	4633	4661
4433	4515	4541
4433	4435	4515
4456	4543	4486
4467	4514	4695
4467	4384	4514
4514	4712	4695
4695	4693	4467
4503	4524	4596
4524	4610	4596
4524	4568	4610
4596	4640	4503
4508	4556	4593
4593	4565	4508
4593	4700	4565
4700	4646	4565
4646	4548	4565
4593	4665	4700
4593	4647	4665
4593	4556	4647
4556	4673	4647
4510	4660	4540
4510	4640	4660
4521	4677	4586
4586	4489	4521
4677	4692	4586
4521	4580	4677
4522	4571	4698
4698	4554	4522
4539	4585	4611
4546	4705	4631
4569	4623	4573
4582	4686	4643
4686	4751	4643
4686	4722	4751
4620	4812	4682
4812	4765	4682
4620	4762	4812
4762	4884	4812
4884	4913	4812
4913	4835	4812
4762	4759	4884
4759	4843	4884
4843	4933	4884
4650	4790	4721
4737	4809	4795
4761	4788	4773
4789	4868	4848
4868	4991	4848
4868	4978	4991
4868	4898	4978
4793	4900	4863
4900	4973	4863
4900	5001	4973
4900	4988	5001
4900	4910	4988
4900	4854	4910
4900	4821	4854
4821	4805	4854
4805	4796	4854
4900	4793	4821
4798	4819	4869
4826	4841	4855
4832	4906	4861
4906	4894	4861
4906	4979	4894
4979	4976	4894
4845	4939	4964
4846	4902	4927
4902	4971	4927
4876	4930	4885
4876	4869	4930
4919	4943	5009
4936	4998	4966
43	122	20
122	1	20
122	87	1
87	97	1
43	61	122
61	186	122
423	508	537
776	832	760
880	1060	979
880	944	1060
1787	1870	1788
1168	1083	1117
824	909	740
728	721	591
713	768	741
742	778	661
742	868	778
429	468	453
207	175	206
207	124	175
207	181	124
181	138	124
138	78	124
138	74	78
138	99	74
138	139	99
138	155	139
155	168	139
168	136	139
138	219	155
138	181	219
190	232	206
190	274	232
140	164	167
80	84	120
84	105	120
396	432	385
396	504	432
19	11	9
19	24	11
261	376	317
261	353	376
353	471	376
393	370	404
375	320	325
623	633	574
1066	931	1082
931	939	1082
1165	1241	1142
1464	1536	1371
1988	1783	1952
1718	1734	1662
1718	1709	1734
1718	1644	1709
1242	1457	1309
1242	1392	1457
638	485	473
895	914	957
895	859	914
1186	942	984
1657	1756	1765
1558	1731	1657
887	815	898
287	319	304
262	258	203
203	162	278
346	524	351
524	374	351
346	347	524
347	417	524
395	523	409
540	552	389
643	585	604
621	881	620
621	755	881
621	617	755
617	666	755
617	625	666
570	417	582
603	538	657
668	565	676
814	1043	878
814	1227	1043
1227	1279	1043
1279	1308	1043
1308	1228	1043
814	1084	1227
814	1000	1084
846	602	795
846	794	602
1291	1197	1064
1197	1123	1064
1291	1262	1197
1187	1034	1231
1187	857	1034
857	807	1034
807	975	1034
1187	1078	857
1025	1001	881
1475	1649	1387
1446	1604	1475
1446	1474	1604
1249	1408	1414
1249	1094	1408
1094	1199	1408
1199	1432	1408
1432	1441	1408
1249	1099	1094
988	727	987
727	908	987
988	965	727
965	804	727
1090	1147	1134
1147	1375	1134
1375	1294	1134
1147	1358	1375
1555	1232	1347
1555	1458	1232
1357	1241	1420
1401	1643	1375
1643	1369	1375
1643	1557	1369
1401	1687	1643
1687	1665	1643
1401	1473	1687
1473	1538	1687
1278	1514	1384
1934	1927	1860
2037	2219	2079
1858	1967	2112
2042	2328	2112
2042	2084	2328
2084	2110	2328
2110	2166	2328
2166	2275	2328
2275	2508	2328
2275	2592	2508
2281	2521	2300
2281	2263	2521
2208	1905	2247
1905	2013	2247
2013	2033	2247
2208	2089	1905
2089	1866	1905
2089	2087	1866
2208	2163	2089
2190	2189	2087
2189	2111	2087
2016	1917	2044
1427	1535	1581
1535	1700	1581
1535	1658	1700
1488	1276	1367
2004	2099	2059
1790	1538	1735
1732	1852	1819
1732	1833	1852
1817	1656	1762
1656	1683	1762
1778	2020	1980
2020	2058	1980
1778	1878	2020
1887	2114	1875
2114	1960	1875
1899	1948	1918
2185	2457	2182
2185	2629	2457
2629	2701	2457
2701	2552	2457
2701	2840	2552
2840	2576	2552
2840	2714	2576
2714	2607	2576
2701	2817	2840
2185	2216	2629
2216	2270	2629
2270	2479	2629
2479	2669	2629
1859	1775	1921
2048	1839	2108
1985	2205	2098
2090	2072	2250
2072	2308	2250
2072	2201	2308
2101	2337	2142
2337	2164	2142
2164	2143	2142
2337	2427	2164
2427	2369	2164
2337	2595	2427
2337	2360	2595
2360	2597	2595
2597	2702	2595
2141	1992	2133
2160	2217	2105
2563	2744	2743
2222	2324	2167
2313	2218	2052
2251	2452	2311
2452	2601	2311
2601	2598	2311
2598	2432	2311
2601	2635	2598
2251	2264	2452
2181	2124	2309
2124	2098	2309
2525	2447	2420
2213	2378	2370
2467	2568	2401
2467	2613	2568
2467	2666	2613
2960	3131	3172
2819	2907	2983
2557	2283	2331
2557	2411	2283
2557	2599	2411
2469	2383	2349
2654	2694	2526
2461	2782	2491
2782	2807	2491
2782	2950	2807
2790	2646	2836
2790	2809	2646
2809	2623	2646
2809	2634	2623
2378	2646	2438
2677	2869	2611
2677	2700	2869
2700	2922	2869
2700	2791	2922
2791	2884	2922
2884	3034	2922
3034	2994	2922
2884	2954	3034
2954	3128	3034
2954	3083	3128
3083	3240	3128
3083	3213	3240
2780	2709	2521
3065	3017	2903
3065	3147	3017
3147	3164	3017
2761	2943	2690
2943	2712	2690
2943	2942	2712
2943	2998	2942
2761	2885	2943
2627	2550	2652
2692	2449	2737
2449	2433	2737
2449	2372	2433
2856	2578	2745
2856	2748	2578
2949	2752	2758
2785	2608	2798
3173	3362	3152
2876	3095	3103
3095	3142	3103
3120	3003	3033
3247	3345	3432
3282	3551	3325
3551	3532	3325
3551	3640	3532
3282	3499	3551
3282	3225	3499
3225	3454	3499
3282	3165	3225
3272	3195	3187
3338	3409	3489
3402	3524	3332
3402	3534	3524
3534	3680	3524
3680	3597	3524
3680	3511	3597
3680	3757	3511
3534	3819	3680
3819	3758	3680
3534	3685	3819
3685	3858	3819
3685	3898	3858
3685	3906	3898
3534	3638	3685
3855	3965	3987
3855	3924	3965
3924	4032	3965
3347	3407	3465
3420	3378	3364
3378	3199	3364
3393	3245	3526
3245	3567	3526
3393	3222	3245
3558	3509	3780
3509	3800	3780
3509	3710	3800
3406	3309	3558
3309	3453	3558
3483	3163	3427
3454	3746	3540
3664	3865	3801
3569	3404	3570
3782	3793	3644
3793	3661	3644
3782	3900	3793
3608	3413	3574
3575	3555	3674
3575	3318	3555
3575	3374	3318
3905	3829	3977
4450	4516	4405
4600	4552	4637
4873	4833	4828
5116	5027	5080
5084	5070	5180
4754	4852	4942
4748	4525	4529
4525	4472	4529
4525	4381	4472
4748	4764	4525
4965	4987	4905
4965	5043	4987
4965	5015	5043
5161	5081	5147
4448	4248	4313
4448	4268	4248
3889	3874	3922
5055	5126	5054
5104	5131	5096
5104	5178	5131
5037	4985	4980
5037	5006	4985
5037	5053	5006
4989	5007	4929
5007	4948	4929
4989	4996	5007
4895	4866	4808
4866	4781	4808
4662	4545	4607
4545	4526	4607
4662	4606	4545
3704	3461	3631
4106	4181	3924
3682	3813	3909
3682	3727	3813
3764	3950	3702
3995	4213	4114
4213	4270	4114
3995	4026	4213
3945	4217	4041
4217	4302	4041
3945	3975	4217
4380	4361	4330
4245	4101	4068
4071	4123	4162
4071	3814	4123
3814	4080	4123
4071	3934	3814
4236	4292	4197
4236	4486	4292
4486	4468	4292
4236	4318	4486
4584	4296	4407
4296	4244	4407
4584	4447	4296
4262	4412	4343
4262	4158	4412
4158	4226	4412
4259	4273	4161
4605	4587	4680
4605	4429	4587
4455	4227	4246
4267	4174	4299
4417	4512	4435
4650	4725	4790
4793	4661	4821
