252.356777 108.939269 19.955246 255 0 0
264.385019 96.728656 24.176749 255 0 0
277.791034 85.743557 28.012141 255 0 0
292.574821 75.983972 31.461420 255 0 0
308.736380 67.449900 34.524588 255 0 0
326.275711 60.141343 37.201644 255 0 0
345.192815 54.058299 39.492589 255 0 0
365.487691 49.200768 41.397422 255 0 0
387.160340 45.568752 42.916143 0 255 0
367.938808 50.139730 54.657283 0 255 0
350.160708 55.994625 65.993911 0 255 0
333.826039 63.133437 76.926027 0 255 0
318.934801 71.556166 87.453630 0 255 0
305.486995 81.262811 97.576721 0 255 0
293.482620 92.253373 107.295300 0 255 0
282.921677 104.527853 116.609367 0 255 0
273.804166 118.086249 125.518921 0 255 0
