3.045129035045225123e+02 8.680863093227637250e+01 1.274935979492800016e+02
3.030504010610429191e+02 7.335940306304613046e+01 1.197066586505349903e+02
3.017114523949537102e+02 5.924899276804526949e+01 1.156924278001529558e+02
2.989099544118716381e+02 4.656705107285057466e+01 1.037597453999792663e+02
2.974407799181548739e+02 3.528639087277670683e+01 8.352148448414038739e+01
3.056951503876209131e+02 2.315688131015755857e+01 6.626760994659883863e+01
3.163804050569519291e+02 1.081515629437907933e+01 4.975985027344700029e+01
3.317972111375493682e+02 8.787549606716709150e-01 1.852026274261476146e+01
3.385889891847211288e+02 1.993310778008881812e+01 -6.915102537553195816e+00
3.316602606397780733e+02 3.563246997015167494e+01 -1.041814617002609111e+01
3.253425915485710789e+02 5.019449359655490639e+01 -7.508995768540842164e+00
3.282609433904322600e+02 6.438382296800574522e+01 -4.254935090605727055e+00
3.333630997457517537e+02 7.968329930496801694e+01 -7.800167891499029338e+00
3.262006311952941928e+02 9.236788632865759041e+01 6.054037127498872906e+00
3.340976464227848624e+02 1.076401767773696463e+02 2.121673083978066643e+00
