27.646773 35.152734 11.728089 255 0 0
27.902860 34.994763 10.752030 255 0 0
28.258658 34.740945 9.778842 255 0 0
28.714166 34.391281 8.808524 255 0 0
29.269385 33.945770 7.841078 255 0 0
29.924314 33.404413 6.876502 255 0 0
30.678954 32.767209 5.914797 255 0 0
31.533305 32.034158 4.955963 255 0 0
32.487367 31.205261 4.000000 0 255 0
32.260643 30.004933 4.981483 0 255 0
32.050926 28.942932 5.960094 0 255 0
31.858216 28.019261 6.935835 0 255 0
31.682513 27.233917 7.908705 0 255 0
31.523817 26.586902 8.878704 0 255 0
31.382128 26.078215 9.845832 0 255 0
31.257445 25.707857 10.810089 0 255 0
31.149770 25.475827 11.771476 0 255 0
