1	3	4
3	16	4
16	11	4
11	18	4
18	1	4
18	6	1
6	12	1
6	2	12
2	13	12
13	8	12
8	10	12
10	30	12
10	25	30
25	54	30
25	41	54
41	55	54
55	78	54
78	145	54
55	58	78
55	41	58
41	87	58
87	109	58
87	127	109
127	121	109
127	134	121
134	179	121
179	178	121
179	201	178
87	136	127
87	83	136
83	114	136
114	158	136
158	176	136
158	183	176
158	204	183
204	214	183
214	254	183
214	249	254
214	225	249
225	304	249
225	243	304
243	272	304
243	267	272
267	302	272
267	268	302
267	215	268
215	245	268
215	198	245
198	170	245
170	256	245
170	197	256
197	269	256
170	172	197
172	209	197
172	155	209
155	169	209
169	181	209
181	237	209
181	257	237
181	190	257
190	206	257
206	242	257
242	287	257
206	186	242
186	219	242
186	202	219
202	218	219
218	259	219
218	307	259
202	166	218
202	137	166
137	135	166
135	132	166
132	168	166
132	147	168
147	156	168
156	208	168
156	154	208
154	195	208
195	240	208
240	250	208
240	282	250
240	262	282
262	286	282
286	351	282
351	343	282
351	376	343
351	387	376
387	419	376
419	436	376
387	410	419
410	442	419
442	472	419
442	522	472
442	438	522
438	493	522
493	548	522
548	558	522
558	578	522
558	608	578
558	548	608
548	545	608
545	584	608
584	632	608
584	656	632
656	681	632
681	662	632
656	785	681
785	823	681
823	821	681
656	680	785
680	793	785
793	899	785
680	761	793
680	686	761
686	737	761
686	694	737
694	726	737
726	798	737
726	765	798
765	822	798
765	800	822
800	836	822
800	897	836
897	912	836
912	927	836
927	947	836
927	1039	947
927	989	1039
989	1027	1039
1027	1074	1039
1027	1072	1074
1072	1146	1074
1146	1167	1074
1146	1163	1167
1163	1214	1167
1146	1119	1163
1119	1158	1163
1158	1193	1163
1158	1195	1193
1195	1209	1193
1195	1238	1209
1238	1272	1209
1238	1319	1272
1319	1355	1272
1355	1309	1272
1309	1357	1272
1355	1353	1309
1355	1381	1353
1381	1411	1353
1411	1451	1353
1411	1468	1451
1468	1534	1451
1468	1470	1534
1470	1594	1534
1594	1595	1534
1468	1411	1470
1411	1504	1470
1411	1425	1504
1425	1496	1504
1496	1567	1504
1567	1551	1504
1551	1550	1504
1551	1609	1550
1609	1620	1550
1609	1770	1620
1551	1567	1609
1496	1547	1567
1496	1552	1547
1552	1583	1547
1583	1604	1547
1583	1552	1604
1496	1378	1552
1378	1428	1552
1428	1447	1552
1428	1339	1447
1339	1344	1447
1344	1503	1447
1503	1516	1447
1503	1525	1516
1525	1570	1516
1525	1562	1570
1562	1653	1570
1562	1613	1653
1613	1729	1653
1503	1458	1525
1503	1388	1458
1388	1350	1458
1350	1368	1458
1368	1430	1458
1350	1308	1368
1308	1266	1368
1308	1300	1266
1300	1217	1266
1300	1250	1217
1250	1207	1217
1207	1186	1217
1186	1101	1217
1101	1108	1217
1101	1082	1108
1082	1010	1108
1010	1028	1108
1028	1058	1108
1058	1120	1108
1058	1096	1120
1096	1183	1120
1096	1128	1183
1096	1013	1128
1013	1042	1128
1013	965	1042
965	960	1042
960	962	1042
962	1014	1042
962	975	1014
975	1001	1014
975	941	1001
975	910	941
910	884	941
884	863	941
863	838	941
838	893	941
893	1000	941
893	880	1000
893	838	880
838	799	880
799	815	880
799	766	815
799	717	766
717	719	766
717	669	719
669	660	719
660	622	719
622	776	719
622	621	776
621	720	776
621	633	720
633	702	720
702	724	720
660	530	622
530	542	622
530	525	542
525	517	542
525	447	517
447	468	517
468	599	517
447	409	468
409	453	468
453	585	468
453	568	585
568	754	585
754	724	585
568	674	754
674	771	754
674	714	771
714	848	771
848	861	771
674	646	714
646	659	714
646	615	659
615	636	659
636	783	659
453	457	568
453	391	457
391	416	457
391	368	416
391	355	368
355	321	368
355	301	321
301	277	321
277	289	321
277	276	289
276	300	289
276	252	300
276	234	252
234	171	252
171	177	252
171	141	177
171	163	141
163	142	141
163	151	142
151	143	142
143	128	142
143	152	128
152	165	128
165	124	128
124	68	128
165	129	124
129	97	124
129	103	97
103	70	97
103	115	70
115	75	70
75	48	70
48	47	70
48	44	47
44	45	47
45	60	47
60	59	47
60	116	59
116	99	59
45	62	60
62	100	60
45	37	62
37	93	62
37	35	93
35	85	93
85	150	93
85	92	150
92	212	150
212	180	150
212	271	180
271	263	180
263	200	180
200	175	180
200	187	175
187	100	175
187	193	100
187	263	193
263	303	193
303	238	193
238	220	193
238	298	220
298	221	220
221	207	220
298	312	221
312	261	221
312	336	261
336	396	261
396	292	261
396	314	292
396	424	314
424	399	314
399	360	314
336	426	396
426	452	396
452	486	396
452	495	486
495	528	486
495	521	528
521	554	528
554	574	528
574	566	528
574	606	566
606	635	566
635	691	566
606	627	635
606	574	627
574	554	627
554	626	627
554	567	626
567	592	626
592	668	626
592	638	668
638	779	668
779	801	668
801	885	668
638	643	779
643	679	779
679	784	779
679	745	784
745	819	784
819	901	784
901	919	784
901	946	919
901	928	946
928	1067	946
928	1021	1067
1021	1132	1067
1132	1150	1067
1132	1329	1150
1132	1263	1329
1263	1365	1329
1132	1102	1263
1102	1107	1263
1102	1084	1107
1084	1040	1107
1084	1021	1040
1021	923	1040
1021	907	923
907	811	923
811	906	923
811	787	906
787	809	906
809	935	906
935	966	906
935	1018	966
1018	1076	966
1076	994	966
994	999	966
994	1071	999
994	1076	1071
1018	1080	1076
1080	1143	1076
1143	1175	1076
1143	1287	1175
1287	1311	1175
1287	1358	1311
1358	1392	1311
1392	1294	1311
1358	1415	1392
1358	1287	1415
1287	1464	1415
1464	1566	1415
1566	1536	1415
1566	1597	1536
1597	1622	1536
1597	1614	1622
1614	1730	1622
1730	1734	1622
1730	1776	1734
1776	1908	1734
1908	1889	1734
1908	1962	1889
1908	2035	1962
2035	2063	1962
2063	1978	1962
2063	2112	1978
2063	2147	2112
2147	2234	2112
2234	2298	2112
2234	2322	2298
2322	2391	2298
2391	2333	2298
2333	2283	2298
2333	2336	2283
2333	2534	2336
2534	2385	2336
2333	2550	2534
2333	2391	2550
2391	2588	2550
2322	2367	2391
2322	2291	2367
2291	2389	2367
2291	2332	2389
2291	2252	2332
2252	2240	2332
2240	2316	2332
2240	2310	2316
2240	2167	2310
2167	2149	2310
2240	2131	2167
2131	2111	2167
2131	2078	2111
2131	2147	2078
2147	2035	2078
2035	2036	2078
2035	1908	2036
1908	1945	2036
1945	1868	2036
1945	1866	1868
1866	1849	1868
1866	1706	1849
1866	1804	1706
1804	1596	1706
1596	1624	1706
1624	1635	1706
1624	1544	1635
1544	1531	1635
1544	1454	1531
1454	1449	1531
1449	1477	1531
1544	1467	1454
1467	1323	1454
1467	1313	1323
1467	1369	1313
1467	1474	1369
1474	1450	1369
1474	1632	1450
1632	1575	1450
1575	1463	1450
1463	1261	1450
1632	1689	1575
1689	1673	1575
1673	1614	1575
1614	1495	1575
1614	1566	1495
1566	1464	1495
1614	1597	1566
1673	1730	1614
1673	1689	1730
1689	1784	1730
1784	1776	1730
1784	1804	1776
1804	1908	1776
1804	1945	1908
1804	1866	1945
1784	1689	1804
1689	1632	1804
1632	1596	1804
1632	1474	1596
1474	1467	1596
1467	1624	1596
1467	1544	1624
2147	2063	2035
2131	2240	2147
2240	2234	2147
2240	2252	2234
2252	2322	2234
2252	2291	2322
1287	1349	1464
1287	1274	1349
1274	1255	1349
1255	1286	1349
1286	1299	1349
1286	1159	1299
1255	1152	1286
1255	1129	1152
1129	1041	1152
1041	1036	1152
1255	1274	1129
1274	1149	1129
1080	1130	1143
1080	1077	1130
1080	1018	1077
1018	943	1077
1018	935	943
935	918	943
935	809	918
809	827	918
827	883	918
827	812	883
812	825	883
825	892	883
825	856	892
827	760	812
827	759	760
759	693	760
693	665	760
693	590	665
590	562	665
562	605	665
590	576	562
576	487	562
487	500	562
576	579	487
579	482	487
579	555	482
555	516	482
516	509	482
509	437	482
509	458	437
458	426	437
458	452	426
458	495	452
458	504	495
504	524	495
524	521	495
524	534	521
534	554	521
534	567	554
534	524	567
524	592	567
524	504	592
504	516	592
516	555	592
555	638	592
555	609	638
609	643	638
609	619	643
619	679	643
619	645	679
645	689	679
689	745	679
689	732	745
732	805	745
805	819	745
805	811	819
811	907	819
907	901	819
907	928	901
907	1021	928
805	757	811
757	772	811
772	787	811
772	755	787
755	809	787
755	759	809
759	827	809
755	712	759
712	693	759
712	689	693
689	645	693
645	590	693
645	576	590
645	579	576
645	596	579
596	555	579
596	609	555
596	619	609
596	645	619
712	755	689
755	757	689
757	732	689
757	805	732
755	772	757
504	509	516
504	458	509
1084	1102	1021
1102	1132	1021
238	303	298
263	308	303
308	402	303
308	388	402
308	271	388
271	318	388
318	333	388
333	506	388
318	311	333
311	415	333
311	367	415
367	526	415
367	480	526
480	581	526
581	617	526
581	657	617
480	642	581
642	727	581
480	488	642
488	557	642
557	637	642
557	520	637
520	501	637
557	488	520
311	283	367
283	359	367
283	241	359
241	279	359
283	217	241
217	196	241
196	192	241
196	149	192
149	145	192
145	211	192
283	185	217
185	161	217
161	120	217
161	108	120
108	67	120
67	76	120
67	30	76
161	82	108
161	92	82
92	85	82
85	26	82
26	33	82
26	7	33
7	16	33
16	28	33
16	3	28
7	5	16
5	11	16
5	43	11
43	51	11
51	18	11
43	53	51
53	56	51
56	61	51
56	90	61
90	113	61
113	95	61
113	107	95
107	98	95
98	65	95
98	79	65
79	74	65
74	52	65
52	31	65
52	49	31
49	38	31
38	19	31
19	6	31
6	18	31
19	2	6
19	13	2
19	27	13
27	34	13
34	41	13
41	8	13
41	25	8
25	10	8
34	39	41
39	69	41
69	87	41
69	83	87
69	114	83
69	86	114
86	112	114
112	146	114
146	158	114
146	198	158
198	205	158
205	204	158
205	213	204
213	225	204
225	214	204
213	243	225
213	267	243
213	205	267
205	215	267
205	198	215
146	153	198
153	170	198
153	125	170
125	155	170
155	172	170
125	131	155
131	169	155
131	102	169
102	157	169
157	181	169
157	190	181
157	186	190
186	206	190
157	137	186
137	202	186
157	105	137
105	135	137
105	110	135
110	132	135
110	106	132
106	107	132
107	133	132
133	147	132
133	154	147
154	156	147
133	122	154
122	159	154
159	195	154
159	203	195
203	240	195
203	262	240
203	184	262
184	188	262
188	246	262
246	286	262
188	229	246
229	258	246
229	248	258
248	239	258
239	253	258
253	331	258
331	326	258
331	337	326
337	370	326
370	382	326
382	339	326
382	351	339
351	286	339
382	387	351
382	410	387
382	438	410
438	442	410
382	370	438
370	432	438
432	484	438
484	493	438
484	498	493
498	545	493
545	548	493
498	552	545
552	584	545
552	588	584
588	656	584
588	648	656
648	680	656
648	671	680
671	686	680
671	611	686
611	694	686
611	683	694
683	726	694
683	721	726
721	765	726
721	768	765
768	800	765
721	708	768
708	676	768
676	767	768
767	851	768
767	803	851
803	850	851
850	985	851
985	936	851
936	897	851
936	942	897
942	951	897
951	948	897
948	912	897
948	964	912
964	927	912
964	971	927
971	989	927
971	1061	989
1061	1027	989
1061	1072	1027
1061	1114	1072
1114	1122	1072
1122	1119	1072
1119	1146	1072
1122	1145	1119
1145	1158	1119
1145	1195	1158
1145	1186	1195
1186	1207	1195
1207	1237	1195
1237	1238	1195
1237	1244	1238
1244	1319	1238
1244	1314	1319
1314	1378	1319
1378	1399	1319
1399	1355	1319
1399	1425	1355
1425	1381	1355
1425	1411	1381
1399	1496	1425
1399	1378	1496
1314	1391	1378
1391	1428	1378
1391	1339	1428
1391	1314	1339
1314	1250	1339
1250	1344	1339
1250	1300	1344
1300	1370	1344
1370	1388	1344
1388	1503	1344
1370	1350	1388
1370	1308	1350
1370	1300	1308
1314	1244	1250
1244	1207	1250
1244	1237	1207
1145	1114	1186
1114	1110	1186
1110	1121	1186
1121	1101	1186
1121	1081	1101
1081	1082	1101
1081	1010	1082
1081	951	1010
951	942	1010
942	936	1010
936	985	1010
985	1028	1010
985	1058	1028
985	1013	1058
1013	1096	1058
985	931	1013
931	965	1013
931	960	965
931	847	960
847	910	960
910	962	960
910	975	962
847	884	910
847	863	884
847	826	863
826	838	863
826	828	838
828	799	838
828	826	799
826	731	799
731	717	799
731	711	717
711	688	717
688	669	717
688	660	669
688	597	660
597	561	660
561	530	660
561	531	530
531	503	530
503	525	530
503	479	525
479	447	525
479	464	447
464	385	447
385	389	447
389	409	447
389	309	409
309	355	409
355	453	409
355	391	453
309	301	355
309	274	301
274	235	301
235	277	301
235	216	277
216	234	277
234	276	277
216	194	234
194	163	234
163	171	234
194	151	163
194	152	151
152	143	151
274	227	235
274	273	227
273	224	227
224	182	227
182	165	227
165	152	227
182	189	165
189	129	165
189	138	129
138	103	129
138	115	103
138	139	115
139	144	115
144	101	115
101	71	115
71	75	115
71	48	75
71	40	48
40	23	48
23	22	48
22	44	48
22	45	44
22	20	45
20	32	45
32	37	45
32	35	37
32	20	35
20	21	35
21	26	35
26	85	35
21	17	26
17	7	26
17	14	7
14	29	7
29	5	7
29	43	5
29	36	43
36	50	43
50	53	43
50	63	53
63	56	53
63	90	56
63	80	90
80	94	90
94	122	90
122	113	90
122	133	113
133	107	113
94	130	122
130	159	122
130	184	159
184	203	159
130	174	184
174	188	184
174	164	188
164	167	188
167	229	188
167	191	229
191	248	229
191	239	248
191	210	239
210	232	239
232	253	239
232	251	253
251	285	253
285	331	253
285	338	331
338	337	331
338	374	337
374	401	337
401	370	337
401	432	370
401	428	432
428	439	432
439	471	432
471	498	432
498	484	432
471	552	498
471	563	552
563	588	552
563	580	588
580	648	588
580	671	648
580	611	671
580	565	611
565	570	611
570	604	611
604	683	611
604	634	683
634	708	683
708	721	683
634	644	708
644	676	708
644	641	676
641	640	676
640	729	676
729	780	676
780	767	676
780	803	767
780	729	803
729	788	803
788	824	803
824	850	803
824	839	850
839	931	850
931	985	850
839	847	931
839	777	847
777	731	847
731	826	847
777	713	731
713	711	731
713	597	711
597	688	711
713	700	597
700	610	597
610	540	597
540	561	597
540	531	561
540	413	531
413	464	531
464	479	531
479	503	531
413	397	464
397	385	464
397	354	385
354	348	385
348	361	385
361	389	385
361	309	389
361	348	309
348	274	309
348	320	274
320	273	274
320	305	273
305	278	273
278	224	273
278	233	224
233	182	224
233	189	182
233	236	189
236	228	189
228	138	189
228	210	138
210	139	138
210	191	139
191	144	139
191	167	144
167	148	144
148	104	144
104	101	144
104	81	101
81	71	101
81	40	71
81	46	40
46	23	40
46	36	23
36	29	23
29	15	23
15	22	23
15	20	22
15	21	20
15	17	21
15	14	17
15	29	14
46	50	36
46	66	50
66	63	50
66	80	63
66	96	80
96	94	80
96	130	94
96	104	130
104	148	130
148	174	130
148	164	174
148	167	164
96	77	104
77	81	104
77	46	81
77	66	46
77	96	66
228	232	210
228	251	232
228	236	251
236	296	251
296	295	251
295	285	251
295	323	285
323	342	285
342	338	285
342	347	338
347	374	338
347	428	374
428	401	374
342	344	347
342	323	344
323	352	344
352	423	344
352	378	423
378	444	423
444	455	423
455	485	423
455	494	485
494	497	485
497	474	485
497	529	474
529	471	474
471	439	474
439	428	474
529	563	471
529	546	563
546	565	563
565	580	563
546	529	565
529	570	565
529	497	570
497	494	570
494	547	570
547	604	570
547	616	604
616	625	604
625	634	604
625	644	634
625	616	644
616	641	644
616	640	641
616	571	640
571	613	640
613	663	640
663	729	640
663	752	729
752	788	729
752	777	788
777	839	788
839	824	788
752	690	777
690	700	777
700	713	777
690	610	700
690	663	610
663	601	610
601	540	610
601	511	540
511	460	540
460	413	540
460	375	413
375	397	413
375	354	397
375	305	354
305	320	354
320	348	354
375	371	305
371	334	305
334	278	305
334	332	278
332	296	278
296	233	278
296	236	233
332	329	296
329	323	296
323	295	296
329	352	323
329	332	352
332	378	352
332	334	378
334	371	378
371	444	378
371	460	444
460	465	444
465	455	444
465	499	455
499	547	455
547	494	455
499	571	547
571	616	547
499	511	571
511	601	571
601	613	571
601	663	613
499	465	511
465	460	511
371	375	460
690	752	663
1081	959	951
959	948	951
959	964	948
959	971	964
959	1061	971
959	1081	1061
1081	1121	1061
1121	1110	1061
1110	1114	1061
1145	1122	1114
106	98	107
106	79	98
106	110	79
110	105	79
105	89	79
89	74	79
89	102	74
102	91	74
91	64	74
64	52	74
64	49	52
64	38	49
64	42	38
42	27	38
27	19	38
42	34	27
42	57	34
57	39	34
57	69	39
57	86	69
57	73	86
73	88	86
88	112	86
88	118	112
118	123	112
123	146	112
123	153	146
123	125	153
123	118	125
118	131	125
118	102	131
118	91	102
118	88	91
88	84	91
84	64	91
84	73	64
73	57	64
57	42	64
84	88	73
161	212	92
161	185	212
185	283	212
283	318	212
318	271	212
283	311	318
308	263	271
187	200	263
199	264	223
231	275	291
275	327	291
266	345	325
345	411	325
270	364	288
364	369	288
369	328	288
369	418	328
364	394	369
316	317	363
363	373	316
373	322	316
335	433	390
356	450	398
365	417	380
417	427	380
417	466	427
417	435	466
435	523	466
523	543	466
543	535	466
535	518	466
518	510	466
518	536	510
536	481	510
481	440	510
481	445	440
536	593	481
593	572	481
593	602	572
602	587	572
602	685	587
685	649	587
649	577	587
649	630	577
649	667	630
667	650	630
667	742	650
742	682	650
682	623	650
682	653	623
667	773	742
773	807	742
807	874	742
807	862	874
862	888	874
807	795	862
795	939	862
939	1023	862
1023	1057	862
939	1030	1023
939	1032	1030
1032	1115	1030
1032	1109	1115
1109	1241	1115
1241	1196	1115
1241	1251	1196
1251	1245	1196
1245	1208	1196
1245	1304	1208
1304	1206	1208
1304	1224	1206
1304	1401	1224
1304	1404	1401
1404	1473	1401
1473	1505	1401
1505	1599	1401
1599	1477	1401
1473	1572	1505
1473	1441	1572
1441	1444	1572
1444	1578	1572
1578	1647	1572
1647	1628	1572
1647	1727	1628
1727	1755	1628
1727	1898	1755
1898	1942	1755
1942	1924	1755
1924	1781	1755
1781	1758	1755
1942	2008	1924
1942	1974	2008
1974	2087	2008
1942	1940	1974
1940	1939	1974
1940	1898	1939
1898	1888	1939
1888	1986	1939
1888	1998	1986
1998	2018	1986
1888	1831	1998
1831	1847	1998
1847	1953	1998
1953	2064	1998
1847	1846	1953
1846	1925	1953
1846	1823	1925
1846	1719	1823
1719	1809	1823
1809	1845	1823
1846	1694	1719
1846	1774	1694
1846	1847	1774
1847	1815	1774
1847	1831	1815
1831	1826	1815
1831	1888	1826
1888	1803	1826
1803	1647	1826
1803	1727	1647
1803	1898	1727
1803	1888	1898
1940	1942	1898
1578	1638	1647
1578	1579	1638
1578	1558	1579
1578	1426	1558
1426	1398	1558
1426	1347	1398
1347	1371	1398
1426	1420	1347
1426	1578	1420
1578	1444	1420
1473	1404	1441
1404	1377	1441
1377	1310	1441
1377	1251	1310
1251	1241	1310
1377	1245	1251
1377	1304	1245
1377	1404	1304
1032	1043	1109
1043	1063	1109
1043	968	1063
968	979	1063
968	902	979
902	925	979
902	877	925
877	887	925
877	829	887
877	802	829
802	764	829
764	734	829
764	698	734
764	733	698
733	593	698
593	536	698
733	740	593
740	685	593
685	602	593
740	753	685
740	837	753
837	795	753
837	939	795
837	852	939
852	963	939
963	1032	939
963	1043	1032
963	968	1043
963	849	968
849	902	968
849	802	902
802	877	902
849	740	802
740	733	802
733	764	802
849	837	740
849	852	837
849	963	852
807	773	795
518	575	536
518	556	575
518	535	556
535	629	556
629	654	556
629	704	654
704	730	654
535	543	629
417	365	435
392	469	454
469	473	454
469	549	473
395	430	405
412	476	463
476	478	463
459	461	569
461	582	569
467	544	614
544	603	614
544	600	603
600	692	603
600	706	692
475	483	527
483	607	527
607	655	527
655	541	527
655	583	541
583	508	541
583	670	508
670	564	508
670	661	564
670	748	661
748	756	661
756	620	661
756	813	620
813	791	620
791	658	620
756	908	813
670	792	748
792	794	748
794	834	748
794	792	834
792	940	834
940	916	834
916	876	834
916	908	876
916	1094	908
916	1087	1094
1087	1227	1094
1227	1247	1094
1247	1090	1094
1247	1125	1090
1247	1192	1125
1192	1141	1125
1141	956	1125
1141	1126	956
1126	983	956
983	870	956
1126	1089	983
1089	1003	983
1003	873	983
1003	841	873
1003	949	841
949	810	841
1003	1079	949
1079	1020	949
1089	1151	1003
1089	1190	1151
1190	1256	1151
1190	1382	1256
1382	1341	1256
1341	1361	1256
1361	1338	1256
1338	1283	1256
1341	1472	1361
1341	1482	1472
1482	1591	1472
1341	1395	1482
1395	1492	1482
1395	1382	1492
1382	1330	1492
1330	1493	1492
1493	1708	1492
1493	1671	1708
1671	1787	1708
1493	1559	1671
1559	1584	1671
1559	1512	1584
1512	1469	1584
1469	1626	1584
1469	1421	1626
1421	1527	1626
1421	1320	1527
1421	1342	1320
1342	1247	1320
1247	1227	1320
1227	1252	1320
1512	1423	1469
1512	1356	1423
1356	1247	1423
1356	1192	1247
1356	1330	1192
1356	1493	1330
1356	1512	1493
1512	1559	1493
1395	1341	1382
1089	1155	1190
1089	1126	1155
792	775	940
775	882	940
882	955	940
955	1015	940
1015	1098	940
1015	1181	1098
1015	1160	1181
1015	955	1160
792	744	775
792	670	744
655	728	583
655	781	728
781	882	728
655	607	781
512	594	705
705	701	512
701	675	512
705	747	701
705	789	747
705	735	789
550	687	652
687	684	652
684	628	652
628	591	652
624	746	647
673	749	770
749	814	770
749	816	814
749	739	816
739	818	816
818	900	816
900	898	816
900	915	898
915	950	898
950	922	898
950	970	922
970	986	922
950	967	970
950	915	967
915	900	967
739	782	818
770	699	673
695	762	738
703	786	725
778	833	844
796	914	889
806	872	840
832	864	886
842	911	858
842	961	911
961	957	911
961	1009	957
961	1050	1009
1050	1106	1009
1050	1099	1106
961	984	1050
961	917	984
961	842	917
843	871	930
930	997	843
930	1022	997
930	991	1022
991	1100	1022
1100	1104	1022
991	996	1100
996	1048	1100
996	1005	1048
996	890	1005
890	868	1005
996	871	890
996	991	871
991	930	871
846	995	904
854	875	867
875	974	867
974	891	867
974	1006	891
1006	1007	891
1007	954	891
974	1092	1006
1092	1127	1006
854	860	875
878	1064	1016
1064	1133	1016
1133	1002	1016
1064	1228	1133
1228	1235	1133
1228	1366	1235
1366	1317	1235
1366	1509	1317
1509	1453	1317
1453	1405	1317
1405	1202	1317
1509	1610	1453
1610	1560	1453
1509	1644	1610
1509	1528	1644
1528	1709	1644
1709	1740	1644
1740	1766	1644
1709	1913	1740
1913	1993	1740
1528	1642	1709
1064	1210	1228
881	924	1008
895	1017	944
1017	981	944
1017	1168	981
1168	1086	981
1168	1248	1086
1168	1202	1248
1168	1169	1202
1168	1017	1169
1017	1002	1169
933	998	988
998	1055	988
1055	1066	988
1055	1187	1066
1187	1088	1066
1187	1185	1088
1185	1047	1088
1047	1033	1088
1187	1264	1185
1264	1315	1185
1315	1249	1185
1264	1316	1315
1316	1422	1315
1316	1501	1422
1501	1485	1422
1485	1457	1422
1316	1380	1501
1380	1517	1501
1316	1264	1380
1264	1267	1380
1264	1187	1267
1187	1153	1267
1153	1225	1267
1153	1093	1225
1153	1070	1093
1153	1055	1070
1055	998	1070
1153	1187	1055
952	1011	1034
1011	1123	1034
1011	1056	1123
1011	987	1056
976	1019	1026
976	947	1019
980	1045	1025
1025	967	980
1004	1062	1051
1062	1176	1051
1062	1156	1176
1031	1170	1117
1038	1142	1137
1137	1000	1038
1000	1035	1038
1044	1103	1165
1103	1198	1165
1165	1239	1044
1049	1180	1164
1164	1139	1049
1053	1144	1131
1144	1293	1131
1293	1260	1131
1144	1259	1293
1259	1386	1293
1386	1396	1293
1396	1374	1293
1386	1535	1396
1535	1480	1396
1535	1627	1480
1627	1645	1480
1645	1518	1480
1645	1722	1518
1645	1862	1722
1862	1817	1722
1817	1713	1722
1713	1640	1722
1713	1763	1640
1713	1817	1763
1817	1969	1763
1817	1862	1969
1862	1961	1969
1961	2082	1969
2082	2191	1969
2191	2114	1969
1961	2056	2082
1627	1735	1645
1627	1769	1735
1627	1764	1769
1144	1179	1259
1179	1345	1259
1179	1258	1345
1258	1383	1345
1383	1434	1345
1258	1289	1383
1258	1197	1289
1197	1140	1289
1140	1270	1289
1140	1157	1270
1140	1097	1157
1197	1162	1140
1162	1069	1140
1162	1179	1069
1162	1197	1179
1197	1258	1179
1111	1194	1166
1194	1254	1166
1194	1343	1254
1194	1269	1343
1269	1462	1343
1269	1435	1462
1147	1174	1201
1174	1233	1201
1233	1223	1201
1233	1331	1223
1233	1226	1331
1226	1410	1331
1410	1436	1331
1410	1542	1436
1542	1655	1436
1410	1326	1542
1326	1372	1542
1326	1284	1372
1326	1173	1284
1326	1199	1173
1199	1188	1173
1188	1174	1173
1188	1233	1174
1188	1226	1233
1188	1199	1226
1199	1326	1226
1326	1410	1226
1154	1384	1212
1161	1277	1354
1189	1204	1282
1282	1362	1189
1282	1540	1362
1540	1432	1362
1432	1379	1362
1540	1565	1432
1540	1623	1565
1623	1743	1565
1743	1762	1565
1743	1806	1762
1806	1954	1762
1954	1833	1762
1954	1899	1833
1899	1829	1833
1899	1902	1829
1899	2142	1902
1899	1954	2142
1743	1800	1806
1540	1412	1623
1204	1276	1282
1276	1412	1282
1204	1219	1276
1204	1147	1219
1200	1337	1243
1243	1225	1200
1200	1322	1337
1200	1301	1322
1200	1220	1301
1220	1302	1301
1220	1278	1302
1278	1400	1302
1278	1328	1400
1203	1285	1271
1203	1215	1285
1216	1416	1236
1221	1291	1363
1363	1262	1221
1229	1389	1346
1281	1424	1437
1290	1348	1297
1348	1489	1297
1489	1390	1297
1489	1508	1390
1489	1646	1508
1489	1745	1646
1489	1571	1745
1571	1741	1745
1741	1795	1745
1741	1732	1795
1732	1685	1795
1685	1907	1795
1685	1650	1907
1685	1564	1650
1564	1541	1650
1541	1603	1650
1603	1652	1650
1603	1693	1652
1685	1571	1564
1685	1732	1571
1732	1741	1571
1489	1348	1571
1305	1332	1409
1332	1429	1409
1409	1328	1305
1327	1461	1455
1455	1430	1327
1455	1514	1430
1461	1490	1455
1461	1586	1490
1406	1510	1499
1510	1679	1499
1510	1585	1679
1585	1766	1679
1766	1884	1679
1884	1754	1679
1754	1767	1679
1754	1926	1767
1926	1870	1767
1870	1711	1767
1870	1761	1711
1761	1707	1711
1761	1705	1707
1761	1717	1705
1717	1602	1705
1602	1530	1705
1602	1506	1530
1506	1427	1530
1602	1643	1506
1643	1683	1506
1683	1479	1506
1683	1592	1479
1592	1465	1479
1465	1431	1479
1683	1777	1592
1777	1825	1592
1825	1760	1592
1761	2002	1717
2002	1964	1717
1964	1930	1717
1930	1875	1717
1761	2003	2002
1761	1870	2003
1870	2067	2003
2067	2165	2003
2067	2117	2165
2117	2174	2165
2117	2195	2174
2195	2312	2174
2195	2220	2312
2195	1963	2220
1963	2229	2220
2067	1870	2117
1754	1884	1926
1884	1963	1926
1884	1766	1963
1585	1560	1766
1418	1515	1543
1418	1437	1515
1437	1556	1515
1556	1695	1515
1543	1435	1418
1438	1529	1521
1529	1605	1521
1605	1588	1521
1588	1523	1521
1452	1697	1520
1697	1677	1520
1677	1619	1520
1677	1674	1619
1674	1675	1619
1452	1498	1697
1498	1700	1697
1700	1728	1697
1700	1753	1728
1484	1511	1608
1511	1630	1608
1494	1563	1533
1533	1500	1494
1533	1593	1500
1593	1557	1500
1593	1682	1557
1682	1553	1557
1497	1658	1582
1519	1590	1666
1666	1699	1519
1526	1720	1545
1720	1775	1545
1775	1617	1545
1775	1877	1617
1775	1950	1877
1950	1990	1877
1950	2128	1990
2128	2040	1990
2040	2005	1990
2005	1811	1990
2005	2070	1811
2070	2066	1811
2070	2201	2066
2201	2295	2066
2295	2159	2066
2159	2065	2066
2295	2261	2159
2295	2370	2261
2201	2268	2295
2201	2128	2268
2128	2242	2268
2201	2040	2128
2201	2005	2040
2201	2070	2005
1775	1720	1950
1720	1906	1950
1720	1680	1906
1720	1526	1680
1526	1600	1680
1538	1648	1569
1539	1639	1723
1639	1756	1723
1639	1676	1756
1676	1757	1756
1757	1786	1756
1676	1701	1757
1676	1639	1701
1639	1675	1701
1548	1637	1662
1573	1581	1696
1581	1721	1696
1721	1665	1696
1581	1799	1721
1799	1802	1721
1574	1661	1601
1661	1672	1601
1672	1616	1601
1672	1853	1616
1672	1824	1853
1672	1830	1824
1672	1661	1830
1625	1656	1629
1634	1667	1716
1634	1586	1667
1586	1587	1667
1667	1951	1716
1659	1749	1794
1794	1933	1659
1659	1563	1749
1563	1710	1749
1663	1733	1854
1681	1857	1797
1681	1783	1857
1783	1843	1857
1843	2022	1857
1684	1724	1792
1724	1763	1792
1792	1655	1684
1688	1692	1703
1691	1810	1702
1691	1819	1810
1819	1839	1810
1712	1772	1759
1772	1883	1759
1883	1841	1759
1883	1943	1841
1714	1975	1900
1900	1695	1714
1900	1882	1695
1715	1750	1859
1750	1834	1859
1834	2029	1859
2029	1842	1859
1842	1715	1859
1738	1919	1917
1765	2024	1896
2024	2136	1896
2024	2150	2136
2150	2285	2136
2150	2282	2285
2282	2299	2285
2299	2357	2285
2357	2368	2285
2357	2502	2368
2357	2299	2502
2299	2282	2502
2282	2281	2502
2282	2199	2281
2282	2150	2199
2150	2114	2199
1771	1835	1827
1771	1758	1835
1771	1599	1758
1780	1863	1821
1821	1764	1780
1789	1894	1860
1860	1729	1789
1860	1874	1729
1874	1871	1729
1871	1848	1729
1874	1927	1871
1789	1844	1894
1844	2042	1894
1844	2095	2042
2095	2120	2042
2095	2158	2120
2095	2081	2158
2081	2211	2158
2081	2151	2211
2151	2137	2211
2151	2081	2137
2081	2055	2137
2055	2119	2137
2055	1951	2119
1951	1972	2119
1972	2104	2119
2104	2182	2119
2182	2303	2119
2182	2284	2303
2284	2407	2303
2407	2441	2303
2441	2439	2303
2441	2503	2439
2503	2531	2439
2531	2395	2439
2395	2211	2439
2441	2492	2503
2441	2407	2492
2055	2014	1951
2055	2081	2014
2081	2033	2014
2081	1844	2033
2081	2095	1844
1798	1818	1852
1818	1967	1852
1813	2062	2032
2062	2145	2032
2062	2148	2145
2032	1906	1813
1850	1861	1956
1851	1876	1977
1876	2079	1977
2079	2039	1977
2039	2077	1977
2039	2141	2077
2039	2079	2141
1876	2000	2079
1856	1920	2043
2043	2009	1856
2043	2075	2009
2075	2088	2009
2043	2132	2075
2132	2255	2075
2132	2162	2255
2132	2043	2162
1864	2023	1979
1869	1923	1929
1880	1976	2044
1886	2025	1949
1890	2012	1946
2012	2143	1946
2012	2190	2143
2190	2218	2143
2218	2244	2143
2244	2155	2143
2244	2205	2155
2205	1984	2155
2205	2166	1984
2205	2217	2166
2217	2235	2166
2235	2083	2166
2218	2208	2244
2012	2152	2190
1897	1901	2086
2086	2168	1897
2086	2204	2168
2204	2226	2168
2086	2058	2204
2058	2060	2204
2060	2273	2204
1903	1936	2080
1904	2015	2144
1914	2034	2098
2098	2139	1914
1916	1999	1971
1999	2090	1971
1999	2153	2090
1937	1988	1966
1938	2046	2001
1938	2031	2046
2031	2176	2046
1952	2027	2006
1952	1965	2027
1965	2105	2027
2105	2196	2027
2196	2175	2027
2175	2006	2027
2175	2146	2006
2146	1980	2006
2146	2184	1980
2184	2100	1980
2100	2140	1980
2100	2184	2140
2184	2198	2140
2146	2175	2184
2196	2324	2175
2196	2304	2324
2304	2452	2324
2304	2241	2452
2241	2238	2452
2241	1965	2238
2241	2237	1965
2241	2304	2237
2304	2196	2237
2196	2105	2237
2105	2113	2237
2105	1965	2113
1957	2011	2021
1957	1933	2011
1933	2030	2011
2030	2085	2011
2030	2019	2085
1968	2101	1981
1968	2156	2101
1982	2163	2169
2163	2362	2169
2362	2386	2169
2386	2393	2169
2362	2462	2386
2362	2354	2462
2354	2374	2462
2354	2263	2374
2354	2142	2263
2354	2362	2142
2362	2163	2142
1987	2053	2222
1991	2072	2076
2072	2185	2076
2041	2160	2135
2160	2215	2135
2215	2115	2135
2047	2069	2193
2193	2177	2047
2048	2092	2125
2125	2093	2048
2125	2210	2093
2210	2154	2093
2154	1907	2093
2210	2257	2154
2257	2179	2154
2257	2353	2179
2257	2339	2353
2257	2262	2339
2262	2377	2339
2262	2394	2377
2394	2574	2377
2262	2289	2394
2289	2398	2394
2289	2290	2398
2290	2360	2398
2360	2383	2398
2289	2092	2290
2289	2125	2092
2289	2262	2125
2262	2210	2125
2262	2257	2210
2049	2216	2054
2054	2018	2049
2216	2224	2054
2216	2399	2224
2399	2443	2224
2443	2279	2224
2279	2228	2224
2279	2189	2228
2443	2330	2279
2330	2356	2279
2443	2493	2330
2399	2533	2443
2216	2280	2399
2216	2209	2280
2209	2219	2280
2059	2118	2071
2091	2180	2352
2097	2328	2202
2328	2375	2202
2328	2437	2375
2328	2393	2437
2099	2108	2192
2108	2227	2192
2192	2183	2099
2102	2134	2194
2134	2168	2194
2194	2239	2102
2103	2300	2161
2161	2031	2103
2031	2044	2103
2044	2073	2103
2121	2288	2133
2133	1954	2121
2288	2263	2133
2288	2378	2263
2121	2314	2288
2314	2458	2288
2314	2405	2458
2405	2513	2458
2123	2287	2266
2124	2246	2127
2157	2320	2203
2157	2305	2320
2305	2498	2320
2498	2381	2320
2305	2448	2498
2448	2507	2498
2448	2541	2507
2171	2265	2382
2265	2453	2382
2173	2178	2225
2225	2250	2173
2225	2363	2250
2207	2325	2351
2325	2342	2351
2221	2271	2277
2223	2269	2278
2232	2323	2243
2243	2139	2232
2139	2315	2232
2315	2323	2232
2315	2379	2323
2315	2139	2379
2256	2259	2433
2258	2412	2411
2412	2570	2411
2412	2517	2570
2517	2671	2570
2671	2697	2570
2697	2646	2570
2697	2826	2646
2826	2787	2646
2826	2897	2787
2826	2914	2897
2914	3058	2897
3058	3061	2897
3061	2995	2897
2995	2932	2897
2995	3025	2932
3025	2849	2932
2995	3045	3025
3045	3105	3025
3045	3079	3105
3079	3177	3105
3079	3061	3177
3061	3058	3177
3079	2995	3061
3079	3045	2995
2826	2868	2914
2826	2697	2868
2697	2818	2868
2818	2903	2868
2818	2957	2903
2818	2822	2957
2818	2750	2822
2818	2697	2750
2697	2671	2750
2412	2363	2517
2264	2409	2338
2409	2445	2338
2445	2334	2338
2264	2442	2409
2272	2296	2297
2297	2180	2272
2180	2144	2272
2144	2296	2272
2296	2429	2297
2296	2553	2429
2553	2446	2429
2301	2432	2329
2329	2215	2301
2302	2436	2371
2436	2273	2371
2313	2384	2318
2384	2490	2318
2490	2349	2318
2319	2335	2388
2335	2408	2388
2408	2542	2388
2542	2428	2388
2428	2365	2388
2365	2372	2388
2372	2319	2388
2428	2373	2365
2542	2548	2428
2542	2737	2548
2737	2656	2548
2343	2509	2463
2358	2406	2584
2366	2424	2524
2524	2444	2366
2444	2404	2366
2397	2638	2413
2397	2489	2638
2397	2403	2489
2410	2539	2471
2418	2451	2569
2451	2465	2569
2465	2606	2569
2606	2686	2569
2686	2580	2569
2580	2418	2569
2606	2710	2686
2710	2768	2686
2606	2625	2710
2625	2708	2710
2708	2780	2710
2780	2823	2710
2780	2814	2823
2780	2717	2814
2717	2699	2814
2699	2850	2814
2717	2653	2699
2717	2708	2653
2708	2625	2653
2625	2520	2653
2717	2780	2708
2451	2431	2465
2419	2420	2469
2420	2630	2469
2630	2598	2469
2598	2546	2469
2420	2596	2630
2596	2654	2630
2596	2521	2654
2596	2420	2521
2421	2427	2474
2427	2518	2474
2518	2680	2474
2680	2664	2474
2680	2738	2664
2738	2682	2664
2738	2830	2682
2830	2786	2682
2786	2654	2682
2830	2817	2786
2817	2772	2786
2817	2940	2772
2940	2967	2772
2967	2864	2772
2940	3028	2967
2940	3034	3028
2940	2944	3034
2944	3063	3034
2940	2817	2944
2817	2830	2944
2422	2504	2535
2535	2530	2422
2530	2482	2422
2430	2636	2495
2434	2457	2538
2440	2460	2486
2440	2459	2460
2459	2481	2460
2481	2613	2460
2481	2536	2613
2536	2589	2613
2536	2524	2589
2524	2566	2589
2566	2702	2589
2702	2754	2589
2702	2788	2754
2788	2770	2754
2788	2861	2770
2861	2767	2770
2861	2806	2767
2806	2613	2767
2806	2706	2613
2788	2937	2861
2702	2774	2788
2486	2455	2440
2447	2618	2563
2563	2500	2447
2618	2762	2563
2762	2753	2563
2762	2882	2753
2762	2834	2882
2834	3040	2882
2762	2675	2834
2762	2618	2675
2618	2602	2675
2450	2508	2629
2454	2633	2609
2633	2678	2609
2678	2798	2609
2798	2737	2609
2798	2837	2737
2837	2821	2737
2609	2408	2454
2408	2348	2454
2476	2685	2593
2487	2497	2515
2515	2605	2487
2605	2617	2487
2605	2725	2617
2605	2766	2725
2766	2752	2725
2605	2637	2766
2637	2746	2766
2637	2651	2746
2651	2627	2746
2627	2765	2746
2627	2722	2765
2605	2515	2637
2494	2655	2640
2496	2623	2642
2623	2701	2642
2512	2549	2516
2522	2695	2544
2695	2723	2544
2723	2568	2544
2522	2649	2695
2532	2674	2622
2537	2679	2573
2540	2608	2698
2547	2611	2657
2611	2755	2657
2755	2795	2657
2556	2557	2704
2560	2597	2700
2597	2612	2700
2700	2679	2560
2562	2592	2631
2564	2643	2616
2575	2681	2594
2594	2445	2575
2594	2615	2445
2594	2681	2615
2577	2789	2727
2578	2713	2590
2590	2452	2578
2713	2663	2590
2579	2759	2687
2687	2513	2579
2687	2635	2513
2687	2714	2635
2714	2874	2635
2874	2828	2635
2874	2999	2828
2999	2915	2828
2915	2878	2828
2874	2974	2999
2974	3054	2999
3054	3104	2999
3054	3222	3104
3222	3254	3104
3254	3110	3104
3110	2961	3104
3110	3144	2961
3110	3294	3144
3110	3254	3294
2874	2958	2974
2958	3013	2974
3013	3103	2974
2687	2803	2714
2687	2759	2803
2759	2849	2803
2579	2502	2759
2586	2690	2677
2595	2673	2658
2673	2747	2658
2604	2719	2648
2620	2662	2676
2621	2724	2667
2667	2437	2621
2724	2890	2667
2724	2906	2890
2724	2731	2906
2724	2621	2731
2626	2741	2735
2626	2739	2741
2691	2749	2761
2749	2764	2761
2715	2815	2771
2726	2756	2776
2756	2907	2776
2907	2998	2776
2729	2779	2757
2732	2917	2866
2732	2920	2917
2734	2742	2793
2793	2816	2734
2816	2719	2734
2719	2638	2734
2816	2797	2719
2793	2918	2816
2793	2943	2918
2943	3036	2918
3036	3008	2918
2943	3066	3036
3066	3165	3036
3066	3140	3165
3140	3234	3165
3140	3284	3234
3284	3412	3234
2744	2775	2869
2775	2867	2869
2867	2987	2869
2869	2807	2744
2807	2801	2744
2807	2869	2801
2869	2934	2801
2934	2907	2801
2934	3057	2907
2934	3004	3057
3004	3078	3057
3004	3030	3078
3030	3221	3078
3004	3010	3030
3004	2869	3010
3004	2934	2869
2751	2792	2809
2792	2948	2809
2792	2876	2948
2792	2804	2876
2792	2588	2804
2758	2763	2911
2758	2704	2763
2758	2760	2704
2758	2911	2760
2911	2872	2760
2911	2941	2872
2941	2892	2872
2941	2962	2892
2941	3124	2962
3124	3160	2962
3160	3153	2962
3160	3257	3153
3257	3327	3153
3257	3365	3327
3257	3216	3365
3257	3160	3216
3160	3124	3216
3124	3112	3216
3112	3289	3216
3112	3207	3289
3124	2941	3112
2941	2911	3112
2763	2996	2911
2769	2992	2984
2777	2901	2905
2901	3017	2905
3017	3001	2905
2901	2947	3017
2783	2844	2919
2783	2752	2844
2783	2587	2752
2844	2997	2919
2997	3055	2919
2997	3076	3055
2997	3158	3076
2997	3111	3158
2784	2955	2799
2955	2825	2799
2955	2971	2825
2971	3012	2825
2971	3000	3012
2971	2955	3000
2813	2964	2839
2839	2739	2813
2739	2768	2813
2831	2832	2951
2951	2954	2831
2954	2774	2831
2954	2936	2774
2833	2881	2842
2833	2883	2881
2833	2854	2883
2840	2848	2935
2848	2938	2935
2938	3159	2935
3159	3142	2935
3142	3005	2935
3005	2840	2935
3005	2815	2840
3142	3139	3005
3139	3116	3005
3116	2993	3005
3116	3020	2993
3116	3185	3020
3185	3064	3020
3064	3027	3020
3185	3154	3064
2938	2985	3159
2985	3089	3159
2845	2856	2865
2845	2942	2856
2942	3059	2856
3059	2865	2856
2845	2864	2942
2845	2740	2864
2845	2685	2740
2845	2865	2685
2865	2846	2685
2865	2870	2846
2847	2994	2927
2852	2853	2913
2853	3070	2913
2852	2681	2853
2855	2980	2893
2857	2884	2873
2857	3048	2884
2857	2896	3048
2862	2982	2925
2982	3042	2925
2982	3127	3042
3127	3173	3042
3127	3201	3173
3201	3243	3173
3201	3239	3243
3201	3127	3239
3127	3211	3239
3211	3213	3239
3213	3351	3239
3351	3359	3239
3351	3530	3359
3530	3469	3359
3211	3129	3213
3211	2982	3129
3211	3127	2982
2877	2978	2970
2970	3009	2877
3009	2834	2877
2970	3052	3009
2877	2890	2978
2880	2949	3002
2949	3015	3002
3015	3091	3002
3091	3086	3002
3015	3152	3091
3015	2972	3152
2972	3121	3152
3121	3319	3152
3121	3290	3319
2895	2973	2986
2895	2975	2973
2975	2986	2973
2975	3155	2986
3155	3150	2986
2975	3171	3155
2975	3101	3171
3101	3196	3171
3196	3214	3171
3214	3241	3171
3214	3357	3241
2975	2926	3101
2926	3053	3101
2926	3042	3053
2986	2912	2895
2902	3145	2904
3145	3102	2904
2910	3114	2923
2922	3065	3024
2928	3019	3081
2928	3001	3019
2929	3108	3037
2976	3126	3117
3117	3016	2976
3117	3135	3016
3117	3246	3135
3246	3207	3135
3117	3285	3246
3285	3298	3246
3298	3338	3246
3117	3204	3285
3204	3378	3285
3204	3372	3378
3372	3384	3378
3384	3415	3378
3372	3367	3384
3372	3204	3367
3204	3233	3367
3117	3126	3204
2977	3014	3090
3003	3141	3011
3021	3120	3041
3120	3099	3041
3120	3163	3099
3163	3131	3099
3163	3245	3131
3245	3250	3131
3163	3194	3245
3163	3120	3194
3026	3147	3039
3029	3083	3069
3035	3168	3096
3168	3219	3096
3046	3051	3107
3107	3080	3046
3107	3199	3080
3068	3077	3210
3082	3151	3084
3082	3138	3151
3113	3184	3304
3113	3059	3184
3059	3182	3184
3182	3308	3184
3304	3136	3113
3304	3299	3136
3118	3169	3278
3118	2994	3169
3122	3134	3311
3311	3212	3122
3311	3309	3212
3309	3301	3212
3301	3183	3212
3183	3000	3212
3301	3148	3183
3301	3352	3148
3352	3336	3148
3352	3394	3336
3352	3574	3394
3574	3556	3394
3556	3511	3394
3511	3491	3394
3511	3553	3491
3553	3439	3491
3439	3427	3491
3427	3361	3491
3427	3330	3361
3553	3554	3439
3553	3641	3554
3641	3681	3554
3641	3697	3681
3697	3795	3681
3795	3737	3681
3795	3846	3737
3697	3861	3795
3697	3729	3861
3697	3706	3729
3697	3556	3706
3556	3574	3706
3574	3707	3706
3574	3584	3707
3584	3680	3707
3680	3783	3707
3783	3773	3707
3783	3806	3773
3806	3897	3773
3897	3861	3773
3897	3924	3861
3806	3767	3897
3767	3898	3897
3898	3992	3897
3767	3824	3898
3767	3760	3824
3760	3829	3824
3760	3781	3829
3760	3753	3781
3753	3693	3781
3693	3771	3781
3693	3671	3771
3671	3687	3771
3687	3789	3771
3687	3804	3789
3804	3901	3789
3687	3754	3804
3754	3844	3804
3844	3882	3804
3844	3870	3882
3870	3916	3882
3916	3933	3882
3916	3970	3933
3970	4024	3933
4024	4042	3933
4042	4019	3933
4019	3909	3933
4042	4043	4019
4043	4038	4019
4043	4052	4038
4043	4079	4052
4043	4185	4079
4185	4132	4079
4132	4116	4079
4132	4163	4116
4163	4090	4116
4163	4169	4090
4169	4067	4090
4067	4032	4090
4067	4054	4032
4054	3992	4032
4163	4211	4169
4163	4303	4211
4303	4226	4211
4226	4184	4211
4226	4256	4184
4256	4195	4184
4195	4123	4184
4195	4234	4123
4195	4256	4234
4256	4295	4234
4295	4372	4234
4372	4339	4234
4339	4261	4234
4261	4238	4234
4261	4229	4238
4229	4192	4238
4229	4109	4192
4109	4110	4192
4109	4098	4110
4098	3988	4110
4109	4071	4098
4109	4187	4071
4187	4072	4071
4072	3961	4071
4072	3948	3961
3948	3885	3961
3948	3803	3885
3803	3776	3885
3803	3656	3776
3656	3664	3776
3664	3689	3776
3664	3534	3689
3664	3550	3534
3550	3434	3534
3434	3454	3534
3434	3310	3454
3664	3656	3550
3656	3647	3550
3656	3698	3647
3698	3657	3647
3698	3894	3657
3894	3851	3657
3698	3910	3894
3910	3920	3894
3920	4047	3894
3920	4096	4047
3920	3910	4096
3910	4072	4096
4072	4154	4096
3910	3948	4072
3910	3803	3948
3910	3698	3803
3698	3656	3803
4229	4305	4109
4305	4288	4109
4305	4378	4288
4305	4318	4378
4318	4334	4378
4334	4406	4378
4406	4449	4378
4449	4493	4378
4449	4492	4493
4492	4565	4493
4565	4544	4493
4544	4456	4493
4456	4354	4493
4544	4551	4456
4551	4511	4456
4551	4592	4511
4592	4460	4511
4592	4601	4460
4601	4450	4460
4601	4466	4450
4466	4320	4450
4466	4414	4320
4414	4384	4320
4384	4272	4320
4414	4365	4384
4414	4503	4365
4503	4537	4365
4537	4509	4365
4509	4347	4365
4509	4351	4347
4351	4266	4347
4266	4204	4347
4266	4135	4204
4537	4631	4509
4631	4626	4509
4631	4688	4626
4688	4659	4626
4659	4606	4626
4659	4648	4606
4659	4763	4648
4763	4736	4648
4736	4703	4648
4736	4706	4703
4736	4829	4706
4736	4803	4829
4803	4879	4829
4803	4814	4879
4814	4898	4879
4898	4919	4879
4898	4915	4919
4915	4975	4919
4915	4980	4975
4980	4983	4975
4983	5003	4975
5003	4958	4975
5003	5007	4958
5007	4971	4958
4971	4963	4958
4963	4878	4958
4963	4873	4878
4963	4951	4873
4963	5001	4951
5001	4961	4951
4961	4930	4951
4961	4914	4930
4961	4978	4914
4978	4950	4914
4978	4997	4950
4997	5031	4950
5031	4940	4950
5031	4998	4940
4998	4928	4940
5031	5041	4998
5041	5051	4998
5051	5018	4998
5051	5057	5018
5057	5035	5018
5057	5089	5035
5089	5067	5035
5067	5028	5035
5067	5081	5028
5067	5131	5081
5131	5111	5081
5111	5086	5081
5111	5090	5086
5090	5048	5086
5090	5084	5048
5090	5130	5084
5130	5075	5084
5130	5104	5075
5104	5076	5075
5130	5133	5104
5133	5114	5104
5114	5053	5104
5114	5080	5053
5080	5069	5053
5080	5070	5069
5080	5094	5070
5094	5036	5070
5036	5037	5070
5036	5008	5037
5036	5030	5008
5030	5016	5008
5016	4988	5008
4988	4941	5008
5016	4934	4988
5016	5002	4934
5002	4954	4934
4954	4932	4934
4932	4846	4934
4846	4832	4934
4846	4788	4832
4788	4770	4832
4770	4783	4832
4783	4794	4832
4794	4941	4832
4794	4922	4941
4794	4793	4922
4793	4806	4922
4794	4697	4793
4794	4783	4697
4783	4770	4697
4770	4662	4697
4662	4635	4697
4635	4527	4697
4527	4555	4697
4527	4494	4555
4494	4630	4555
4494	4540	4630
4527	4374	4494
4527	4397	4374
4527	4635	4397
4662	4591	4635
4662	4687	4591
4687	4609	4591
4687	4719	4609
4719	4621	4609
4719	4684	4621
4684	4620	4621
4620	4564	4621
4564	4465	4621
4465	4467	4621
4465	4321	4467
4564	4452	4465
4620	4573	4564
4573	4375	4564
4684	4683	4620
4684	4753	4683
4753	4774	4683
4684	4767	4753
4767	4846	4753
4767	4788	4846
4767	4719	4788
4719	4770	4788
4719	4687	4770
4687	4662	4770
4767	4684	4719
4932	4899	4846
4899	4870	4846
4899	4864	4870
4899	4900	4864
4900	4858	4864
4900	4851	4858
4851	4774	4858
4851	4750	4774
4899	4954	4900
4899	4932	4954
5002	5005	4954
5002	5025	5005
5025	5046	5005
5046	5033	5005
5033	4974	5005
5033	5012	4974
5012	4969	4974
5012	4979	4969
4979	4956	4969
4979	4920	4956
4979	4981	4920
4981	4966	4920
4966	4943	4920
4943	4890	4920
4966	4996	4943
4966	4981	4996
4981	5027	4996
5027	4986	4996
5027	5009	4986
5009	4906	4986
5009	5019	4906
5019	5000	4906
5000	4933	4906
5019	5066	5000
5066	5079	5000
5079	5058	5000
5058	5026	5000
5058	5017	5026
5017	4959	5026
5058	5083	5017
5083	5054	5017
5054	5020	5017
5054	5052	5020
5052	5013	5020
5054	5078	5052
5078	5061	5052
5078	5097	5061
5097	5093	5061
5093	5014	5061
5014	4991	5061
5014	5015	4991
5015	4946	4991
5014	5022	5015
5022	5068	5015
5068	5032	5015
5032	4957	5015
4957	4921	5015
5032	5010	4957
5032	5077	5010
5077	5064	5010
5077	5092	5064
5092	5118	5064
5092	5149	5118
5149	5127	5118
5127	5110	5118
5110	5096	5118
5110	5091	5096
5091	5088	5096
5088	5059	5096
5088	5029	5059
5029	4984	5059
4984	5064	5059
5088	5082	5029
5082	5049	5029
5049	5004	5029
5004	4929	5029
5004	4948	4929
4948	4880	4929
4880	4881	4929
5004	4965	4948
4965	4939	4948
4939	4865	4948
4939	4912	4865
4912	4850	4865
4850	4839	4865
4839	4816	4865
4839	4761	4816
4761	4749	4816
4749	4710	4816
4710	4801	4816
4749	4709	4710
4709	4649	4710
4709	4749	4649
4761	4714	4749
4761	4819	4714
4819	4735	4714
4735	4691	4714
4691	4651	4714
4651	4624	4714
4651	4607	4624
4607	4559	4624
4559	4534	4624
4607	4583	4559
4607	4651	4583
4651	4581	4583
4651	4602	4581
4651	4660	4602
4660	4640	4602
4640	4556	4602
4640	4578	4556
4578	4497	4556
4578	4590	4497
4578	4640	4590
4640	4654	4590
4654	4629	4590
4654	4702	4629
4702	4701	4629
4701	4681	4629
4681	4617	4629
4617	4568	4629
4568	4512	4629
4568	4539	4512
4539	4482	4512
4539	4513	4482
4513	4479	4482
4479	4425	4482
4479	4438	4425
4479	4463	4438
4463	4405	4438
4463	4464	4405
4464	4409	4405
4464	4430	4409
4430	4363	4409
4430	4477	4363
4477	4410	4363
4410	4345	4363
4345	4290	4363
4345	4207	4290
4207	4177	4290
4345	4236	4207
4345	4329	4236
4329	4263	4236
4263	4179	4236
4179	4073	4236
4263	4299	4179
4299	4264	4179
4264	4215	4179
4215	4134	4179
4134	4115	4179
4134	4099	4115
4099	4060	4115
4099	4024	4060
4024	3970	4060
3970	3985	4060
3970	3916	3985
3916	3877	3985
4099	4042	4024
4099	4160	4042
4099	4137	4160
4137	4215	4160
4215	4245	4160
4245	4247	4160
4245	4352	4247
4352	4289	4247
4289	4232	4247
4232	4185	4247
4232	4205	4185
4205	4132	4185
4205	4163	4132
4232	4309	4205
4309	4303	4205
4309	4368	4303
4368	4385	4303
4385	4330	4303
4330	4258	4303
4258	4226	4303
4258	4256	4226
4258	4295	4256
4258	4330	4295
4330	4370	4295
4370	4372	4295
4370	4444	4372
4444	4412	4372
4412	4339	4372
4412	4334	4339
4334	4261	4339
4334	4229	4261
4334	4318	4229
4318	4305	4229
4412	4406	4334
4412	4429	4406
4429	4449	4406
4429	4492	4449
4429	4522	4492
4522	4565	4492
4522	4535	4565
4535	4615	4565
4615	4632	4565
4632	4544	4565
4632	4619	4544
4619	4551	4544
4619	4592	4551
4619	4689	4592
4689	4678	4592
4678	4601	4592
4678	4722	4601
4722	4661	4601
4661	4588	4601
4588	4561	4601
4561	4466	4601
4561	4503	4466
4503	4414	4466
4561	4576	4503
4576	4537	4503
4576	4631	4537
4576	4669	4631
4669	4690	4631
4690	4688	4631
4690	4742	4688
4742	4659	4688
4742	4763	4659
4742	4785	4763
4785	4803	4763
4803	4736	4763
4785	4814	4803
4785	4742	4814
4742	4818	4814
4818	4891	4814
4891	4898	4814
4891	4915	4898
4891	4923	4915
4923	4980	4915
4891	4918	4923
4918	4949	4923
4918	4891	4949
4891	4876	4949
4876	4937	4949
4937	4953	4949
4953	4990	4949
4953	4989	4990
4989	4993	4990
4993	4987	4990
4987	4980	4990
4987	4983	4980
4987	5003	4983
4987	5034	5003
4989	5006	4993
4989	4944	5006
4989	4924	4944
4924	4913	4944
4913	4896	4944
4896	4884	4944
4884	4912	4944
4912	4976	4944
4912	4965	4976
4965	5004	4976
5004	5049	4976
4912	4939	4965
4884	4850	4912
4884	4852	4850
4852	4819	4850
4819	4761	4850
4761	4839	4850
4852	4812	4819
4812	4735	4819
4812	4762	4735
4762	4691	4735
4762	4692	4691
4692	4660	4691
4660	4651	4691
4692	4640	4660
4692	4716	4640
4716	4654	4640
4716	4738	4654
4738	4702	4654
4738	4807	4702
4807	4701	4702
4807	4799	4701
4799	4681	4701
4799	4737	4681
4737	4700	4681
4700	4642	4681
4642	4617	4681
4642	4600	4617
4600	4568	4617
4600	4539	4568
4600	4513	4539
4600	4504	4513
4504	4479	4513
4504	4463	4479
4504	4480	4463
4480	4464	4463
4480	4430	4464
4480	4477	4430
4480	4521	4477
4521	4501	4477
4501	4459	4477
4459	4410	4477
4459	4413	4410
4413	4371	4410
4371	4345	4410
4371	4329	4345
4371	4376	4329
4376	4304	4329
4304	4263	4329
4304	4299	4263
4304	4343	4299
4343	4264	4299
4343	4352	4264
4352	4245	4264
4245	4215	4264
4343	4436	4352
4436	4458	4352
4458	4401	4352
4401	4356	4352
4356	4289	4352
4356	4312	4289
4312	4298	4289
4298	4232	4289
4298	4309	4232
4298	4323	4309
4323	4368	4309
4323	4333	4368
4333	4426	4368
4426	4398	4368
4398	4385	4368
4398	4444	4385
4444	4370	4385
4370	4330	4385
4398	4518	4444
4518	4535	4444
4535	4429	4444
4429	4412	4444
4535	4522	4429
4518	4549	4535
4549	4605	4535
4605	4615	4535
4605	4627	4615
4627	4679	4615
4679	4639	4615
4639	4632	4615
4639	4696	4632
4696	4713	4632
4713	4619	4632
4713	4689	4619
4713	4721	4689
4721	4726	4689
4726	4678	4689
4726	4722	4678
4726	4756	4722
4756	4745	4722
4745	4747	4722
4747	4661	4722
4747	4751	4661
4751	4693	4661
4693	4669	4661
4669	4576	4661
4576	4588	4661
4576	4561	4588
4693	4690	4669
4693	4818	4690
4818	4742	4690
4693	4751	4818
4751	4830	4818
4830	4891	4818
4830	4876	4891
4830	4857	4876
4857	4856	4876
4856	4886	4876
4886	4937	4876
4886	4895	4937
4895	4942	4937
4942	4953	4937
4942	4989	4953
4942	4924	4989
4942	4895	4924
4895	4861	4924
4861	4882	4924
4882	4913	4924
4882	4896	4913
4882	4852	4896
4852	4884	4896
4882	4812	4852
4882	4845	4812
4845	4798	4812
4798	4762	4812
4798	4776	4762
4776	4716	4762
4716	4692	4762
4776	4760	4716
4760	4738	4716
4760	4837	4738
4837	4807	4738
4837	4836	4807
4836	4817	4807
4817	4799	4807
4817	4809	4799
4809	4779	4799
4779	4755	4799
4755	4737	4799
4755	4746	4737
4746	4720	4737
4720	4700	4737
4720	4634	4700
4634	4642	4700
4634	4589	4642
4589	4600	4642
4589	4504	4600
4589	4480	4504
4589	4521	4480
4589	4603	4521
4603	4546	4521
4546	4501	4521
4546	4567	4501
4567	4613	4501
4613	4481	4501
4481	4459	4501
4481	4457	4459
4457	4413	4459
4457	4436	4413
4436	4343	4413
4343	4376	4413
4376	4371	4413
4343	4304	4376
4457	4486	4436
4486	4458	4436
4486	4491	4458
4491	4490	4458
4490	4426	4458
4426	4401	4458
4426	4356	4401
4426	4333	4356
4333	4312	4356
4333	4298	4312
4333	4323	4298
4491	4545	4490
4545	4518	4490
4545	4579	4518
4579	4549	4518
4579	4605	4549
4579	4627	4605
4579	4554	4627
4554	4557	4627
4557	4616	4627
4616	4668	4627
4668	4679	4627
4668	4699	4679
4699	4696	4679
4696	4639	4679
4699	4724	4696
4724	4732	4696
4732	4739	4696
4739	4713	4696
4739	4721	4713
4739	4756	4721
4756	4726	4721
4739	4764	4756
4764	4790	4756
4790	4805	4756
4805	4745	4756
4805	4778	4745
4778	4747	4745
4778	4775	4747
4775	4751	4747
4775	4825	4751
4825	4830	4751
4825	4857	4830
4825	4856	4857
4825	4795	4856
4825	4775	4795
4775	4778	4795
4778	4805	4795
4790	4802	4805
4790	4779	4802
4779	4809	4802
4809	4836	4802
4809	4817	4836
4790	4764	4779
4764	4744	4779
4744	4755	4779
4744	4699	4755
4699	4746	4755
4699	4677	4746
4677	4720	4746
4677	4634	4720
4677	4652	4634
4652	4603	4634
4603	4589	4634
4652	4567	4603
4567	4546	4603
4652	4613	4567
4652	4618	4613
4618	4481	4613
4618	4510	4481
4510	4457	4481
4510	4486	4457
4510	4491	4486
4510	4545	4491
4510	4557	4545
4557	4554	4545
4554	4579	4545
4510	4618	4557
4618	4616	4557
4618	4668	4616
4618	4652	4668
4652	4677	4668
4677	4699	4668
4744	4724	4699
4744	4764	4724
4764	4732	4724
4764	4739	4732
4837	4853	4836
4837	4833	4853
4833	4868	4853
4868	4895	4853
4895	4886	4853
4886	4856	4853
4868	4861	4895
4868	4833	4861
4833	4845	4861
4845	4882	4861
4833	4800	4845
4800	4798	4845
4800	4776	4798
4800	4760	4776
4800	4833	4760
4833	4837	4760
4137	4134	4215
4137	4099	4134
5082	5062	5049
5062	5043	5049
5062	5044	5043
5044	5006	5043
5082	5091	5062
5082	5088	5091
5127	5120	5110
5120	5098	5110
5127	5124	5120
5124	5129	5120
5129	5102	5120
5102	5099	5120
5102	5103	5099
5103	5063	5099
5103	5060	5063
5060	5031	5063
5031	4997	5063
4997	5040	5063
4997	4992	5040
4992	5001	5040
4992	4961	5001
4992	4978	4961
4992	4997	4978
5060	5041	5031
5060	5074	5041
5074	5051	5041
5074	5095	5051
5095	5089	5051
5089	5057	5051
5095	5106	5089
5106	5067	5089
5106	5131	5067
5106	5115	5131
5106	5095	5115
5095	5139	5115
5095	5121	5139
5121	5136	5139
5136	5147	5139
5147	5158	5139
5147	5150	5158
5150	5152	5158
5152	5157	5158
5157	5164	5158
5164	5162	5158
5152	5146	5157
5146	5149	5157
5149	5153	5157
5153	5151	5157
5151	5156	5157
5151	5145	5156
5145	5141	5156
5141	5135	5156
5141	5097	5135
5097	5123	5135
5123	5137	5135
5123	5142	5137
5123	5108	5142
5108	5117	5142
5108	5066	5117
5066	5105	5117
5066	5100	5105
5100	5109	5105
5109	5125	5105
5109	5085	5125
5109	5065	5085
5065	5056	5085
5056	5050	5085
5050	5073	5085
5073	5071	5085
5073	5046	5071
5046	5025	5071
5025	5030	5071
5030	5094	5071
5030	5036	5094
5025	5002	5030
5002	5016	5030
5073	5038	5046
5038	5033	5046
5038	5050	5033
5050	5023	5033
5023	5012	5033
5023	5056	5012
5056	4979	5012
5056	4981	4979
5056	5027	4981
5056	5065	5027
5065	5047	5027
5047	5009	5027
5047	5019	5009
5047	5066	5019
5047	5100	5066
5047	5065	5100
5065	5109	5100
5023	5050	5056
5038	5073	5050
5108	5079	5066
5108	5083	5079
5083	5058	5079
5108	5123	5083
5123	5097	5083
5097	5078	5083
5078	5054	5083
5141	5119	5097
5119	5093	5097
5119	5116	5093
5116	5068	5093
5068	5022	5093
5022	5014	5093
5116	5087	5068
5087	5032	5068
5087	5077	5032
5087	5122	5077
5122	5092	5077
5122	5149	5092
5122	5148	5149
5148	5153	5149
5148	5151	5153
5148	5116	5151
5116	5145	5151
5116	5119	5145
5119	5141	5145
5148	5122	5116
5122	5087	5116
5146	5127	5149
5146	5124	5127
5146	5129	5124
5146	5144	5129
5144	5136	5129
5136	5121	5129
5121	5102	5129
5121	5103	5102
5121	5095	5103
5095	5074	5103
5074	5060	5103
5144	5147	5136
5144	5150	5147
5144	5146	5150
5146	5152	5150
5080	5101	5094
5101	5107	5094
5107	5112	5094
5107	5113	5112
5113	5126	5112
5126	5128	5112
5126	5134	5128
5134	5132	5128
5132	5125	5128
5113	5114	5126
5114	5140	5126
5114	5133	5140
5133	5160	5140
5160	5154	5140
5160	5155	5154
5160	5161	5155
5160	5159	5161
5160	5130	5159
5160	5133	5130
5113	5107	5114
5107	5101	5114
5101	5080	5114
5090	5111	5130
5131	5138	5111
5131	5143	5138
5143	5161	5138
4963	4971	5001
3844	3754	3870
3754	3732	3870
3754	3673	3732
3673	3727	3732
3687	3612	3754
3687	3611	3612
3611	3539	3612
3693	3628	3671
3693	3629	3628
3629	3555	3628
3629	3601	3555
3601	3486	3555
3601	3615	3486
3615	3484	3486
3484	3451	3486
3451	3373	3486
3484	3512	3451
3512	3488	3451
3488	3418	3451
3418	3379	3451
3418	3309	3379
3309	3311	3379
3418	3438	3309
3438	3301	3309
3438	3352	3301
3438	3506	3352
3506	3574	3352
3506	3584	3574
3438	3515	3506
3438	3418	3515
3418	3488	3515
3488	3593	3515
3488	3512	3593
3512	3592	3593
3592	3639	3593
3639	3680	3593
3680	3584	3593
3639	3723	3680
3723	3783	3680
3723	3767	3783
3767	3806	3783
3723	3648	3767
3648	3760	3767
3648	3753	3760
3648	3658	3753
3658	3693	3753
3658	3629	3693
3658	3601	3629
3658	3648	3601
3648	3615	3601
3648	3630	3615
3630	3592	3615
3592	3512	3615
3512	3484	3615
3630	3639	3592
3630	3723	3639
3630	3648	3723
3697	3641	3556
3641	3553	3556
3553	3511	3556
3128	3156	3320
3156	3341	3320
3341	3377	3320
3341	3594	3377
3594	3643	3377
3594	3741	3643
3741	3886	3643
3886	3858	3643
3858	3650	3643
3650	3549	3643
3650	3519	3549
3519	3433	3549
3433	3377	3549
3650	3722	3519
3722	3626	3519
3722	3796	3626
3796	3714	3626
3714	3598	3626
3796	3881	3714
3796	3981	3881
3796	3976	3981
3796	3984	3976
3796	3858	3984
3858	3886	3984
3796	3722	3858
3722	3650	3858
3594	3537	3741
3537	3619	3741
3537	3595	3619
3595	3596	3619
3596	3620	3619
3596	3570	3620
3570	3597	3620
3570	3571	3597
3571	3509	3597
3571	3508	3509
3508	3489	3509
3489	3462	3509
3462	3678	3509
3462	3459	3678
3459	3624	3678
3459	3583	3624
3583	3575	3624
3583	3457	3575
3457	3412	3575
3457	3410	3412
3457	3459	3410
3459	3386	3410
3386	3368	3410
3386	3385	3368
3386	3462	3385
3462	3437	3385
3462	3489	3437
3489	3508	3437
3386	3459	3462
3457	3583	3459
3571	3570	3508
3596	3536	3570
3536	3460	3570
3536	3537	3460
3537	3594	3460
3594	3341	3460
3341	3335	3460
3536	3595	3537
3536	3596	3595
3156	3174	3341
3137	3318	3237
3318	3316	3237
3316	3230	3237
3316	3374	3230
3374	3193	3230
3318	3407	3316
3149	3382	3277
3170	3253	3224
3224	3169	3170
3253	3411	3224
3253	3293	3411
3293	3449	3411
3449	3605	3411
3253	3206	3293
3206	3265	3293
3175	3272	3215
3176	3396	3333
3396	3393	3333
3178	3270	3296
3270	3323	3296
3323	3328	3296
3328	3269	3296
3328	3287	3269
3287	3181	3269
3287	3276	3181
3287	3432	3276
3432	3252	3276
3432	3419	3252
3432	3557	3419
3557	3383	3419
3557	3472	3383
3287	3328	3432
3328	3487	3432
3328	3492	3487
3328	3323	3492
3323	3503	3492
3180	3264	3227
3217	3262	3317
3217	3063	3262
3262	3362	3317
3362	3420	3317
3420	3356	3317
3420	3381	3356
3381	3308	3356
3420	3482	3381
3420	3568	3482
3420	3478	3568
3478	3606	3568
3420	3362	3478
3228	3392	3398
3392	3455	3398
3398	3313	3228
3255	3468	3465
3468	3562	3465
3465	3290	3255
3465	3442	3290
3266	3474	3281
3474	3495	3281
3495	3363	3281
3495	3445	3363
3495	3598	3445
3598	3543	3445
3282	3417	3291
3297	3450	3324
3306	3421	3431
3306	3429	3421
3322	3406	3476
3339	3475	3428
3339	3435	3475
3435	3547	3475
3547	3674	3475
3339	3278	3435
3344	3516	3467
3516	3520	3467
3520	3493	3467
3493	3423	3467
3493	3473	3423
3493	3559	3473
3559	3577	3473
3516	3602	3520
3391	3514	3538
3514	3585	3538
3401	3588	3471
3471	3362	3401
3588	3561	3471
3561	3606	3471
3561	3739	3606
3561	3757	3739
3757	3835	3739
3835	3792	3739
3792	3699	3739
3792	3782	3699
3782	3701	3699
3701	3568	3699
3782	3921	3701
3921	3813	3701
3782	3834	3921
3834	4056	3921
4056	4025	3921
4056	4087	4025
4087	4016	4025
4087	4129	4016
4129	4085	4016
4129	4265	4085
4265	4168	4085
4168	4081	4085
4168	4088	4081
4088	4001	4081
4088	3949	4001
4056	4100	4087
3782	3792	3834
3757	3815	3835
3561	3588	3757
3403	3443	3448
3443	3525	3448
3525	3576	3448
3443	3490	3525
3422	3604	3507
3604	3564	3507
3564	3527	3507
3564	3589	3527
3589	3500	3527
3589	3591	3500
3591	3542	3500
3542	3521	3500
3542	3580	3521
3580	3485	3521
3580	3504	3485
3580	3659	3504
3659	3733	3504
3733	3638	3504
3564	3731	3589
3731	3787	3589
3564	3702	3731
3564	3604	3702
3604	3690	3702
3604	3627	3690
3627	3764	3690
3764	3762	3690
3604	3415	3627
3604	3422	3415
3422	3338	3415
3424	3541	3531
3425	3552	3510
3425	3573	3552
3444	3551	3632
3452	3569	3499
3569	3573	3499
3452	3608	3569
3452	3532	3608
3461	3502	3712
3463	3546	3560
3463	3480	3546
3463	3393	3480
3466	3631	3655
3466	3676	3631
3676	3655	3631
3481	3497	3578
3497	3636	3578
3636	3654	3578
3654	3798	3578
3497	3660	3636
3483	3587	3720
3483	3482	3587
3494	3607	3496
3607	3686	3496
3494	3510	3607
3522	3633	3683
3633	3788	3683
3788	3761	3683
3788	3856	3761
3788	3895	3856
3895	3930	3856
3930	3939	3856
3895	3960	3930
3960	3975	3930
3975	4051	3930
3975	4069	4051
4069	4146	4051
4069	4222	4146
4222	4193	4146
4069	4151	4222
4151	4257	4222
3975	3993	4069
3975	3960	3993
3540	3548	3617
3548	3695	3617
3544	3668	3581
3668	3653	3581
3582	3672	3696
3582	3621	3672
3616	3694	3763
3694	3755	3763
3694	3765	3755
3694	3738	3765
3694	3712	3738
3712	3786	3738
3786	3800	3738
3712	3725	3786
3712	3711	3725
3763	3853	3616
3637	3735	3784
3784	3660	3637
3640	3703	3743
3743	3752	3640
3752	3747	3640
3644	3744	3662
3744	3666	3662
3744	3872	3666
3872	3689	3666
3651	3717	3718
3717	3740	3718
3670	3751	3742
3751	3852	3742
3852	3808	3742
3852	3878	3808
3878	3805	3808
3878	3892	3805
3742	3585	3670
3742	3635	3585
3684	3845	3831
3845	3991	3831
3991	3996	3831
3996	3819	3831
3996	3965	3819
3965	3927	3819
3927	3820	3819
3685	3822	3836
3822	3850	3836
3692	3705	3842
3692	3602	3705
3602	3669	3705
3842	3869	3692
3700	3768	3812
3713	3826	3728
3826	3768	3728
3716	3823	3883
3823	3922	3883
3823	3811	3922
3811	3907	3922
3811	3790	3907
3790	3820	3907
3721	3899	3862
3724	3837	3884
3884	3735	3724
3736	3791	3843
3791	3904	3843
3745	3866	3841
3866	4005	3841
3866	3999	4005
3866	3942	3999
3745	3775	3866
3749	3963	3955
3963	4008	3955
4008	3964	3955
3963	4141	4008
3750	3821	3756
3750	3867	3821
3867	3995	3821
3750	3674	3867
3674	3896	3867
3896	3911	3867
3896	4002	3911
4002	4040	3911
3896	3900	4002
3900	3928	4002
3896	3769	3900
3896	3674	3769
3674	3708	3769
3758	3770	3873
3770	3966	3873
3770	3871	3966
3871	4044	3966
4044	4130	3966
3770	3810	3871
3810	4015	3871
3774	3994	3958
3774	3873	3994
3777	3857	3943
3857	4031	3943
3779	3840	3849
3840	3918	3849
3797	3839	3847
3797	3998	3839
3998	4041	3839
4041	3938	3839
3938	3847	3839
4041	3980	3938
3980	3990	3938
3980	4136	3990
4136	4034	3990
4034	4035	3990
4035	4011	3990
4035	4080	4011
4035	4136	4080
4136	4124	4080
4136	4291	4124
4291	4322	4124
4291	4390	4322
4390	4388	4322
4390	4529	4388
4529	4523	4388
4529	4671	4523
4671	4680	4523
4680	4540	4523
4671	4730	4680
4529	4593	4671
4593	4655	4671
4593	4641	4655
4641	4813	4655
4593	4532	4641
4532	4604	4641
4532	4455	4604
4532	4390	4455
4390	4291	4455
4291	4394	4455
4291	4327	4394
4327	4314	4394
4314	4361	4394
4361	4524	4394
4361	4441	4524
4441	4525	4524
4525	4608	4524
4525	4508	4608
4525	4441	4508
4441	4446	4508
4446	4569	4508
4569	4685	4508
4446	4489	4569
4489	4514	4569
4446	4395	4489
4441	4252	4446
4252	4281	4446
4252	4200	4281
4200	4283	4281
4441	4361	4252
4361	4314	4252
4314	4173	4252
4532	4529	4390
4532	4593	4529
4035	4034	4136
3980	4041	4136
3998	4017	4041
4017	4173	4041
3802	3864	3818
3809	3891	3875
3875	3899	3809
3875	3946	3899
3946	3967	3899
3875	4064	3946
3875	4009	4064
4009	4112	4064
4112	4166	4064
4166	4164	4064
4166	4220	4164
4220	4332	4164
4009	4061	4112
3875	3891	4009
3809	3854	3891
3809	3695	3854
3695	3756	3854
3816	3817	3893
3817	3917	3893
3917	3935	3893
3935	3987	3893
3917	4018	3935
3917	4037	4018
3832	3865	3950
3855	3932	3945
3860	3868	3983
3868	4093	3983
3923	3986	3931
3923	4027	3986
4027	4101	3986
4101	3968	3986
3968	3931	3986
3968	3864	3931
4101	4142	3968
3953	3959	4003
3959	3978	4003
3978	4123	4003
3971	3974	4196
4196	4083	3971
4196	4221	4083
4221	4095	4083
3972	4078	4089
3972	4066	4078
4066	4089	4078
4066	4199	4089
4199	4294	4089
4294	4311	4089
4311	4198	4089
4198	4097	4089
4097	3972	4089
4097	3973	3972
4097	4147	3973
4097	4198	4147
4198	4319	4147
4319	4274	4147
4319	4418	4274
4418	4225	4274
4225	4191	4274
4225	4176	4191
4176	4029	4191
4176	4000	4029
4418	4400	4225
4400	4415	4225
4415	4296	4225
4319	4484	4418
4484	4530	4418
4484	4585	4530
4585	4646	4530
4585	4636	4646
4585	4536	4636
4536	4596	4636
4585	4484	4536
4484	4483	4536
4198	4349	4319
4294	4316	4311
4199	4287	4294
4066	4105	4199
4012	4074	4059
4074	4177	4059
4074	4143	4177
4028	4122	4121
4122	4152	4121
4152	4223	4121
4028	4005	4122
4062	4162	4197
4063	4106	4216
4068	4107	4219
4107	4272	4219
4077	4084	4156
4156	4108	4077
4094	4149	4113
4149	4213	4113
4118	4133	4174
4174	4171	4118
4171	4155	4118
4133	4128	4174
4126	4178	4181
4178	4237	4181
4127	4201	4170
4157	4188	4301
4161	4251	4203
4203	3984	4161
4203	4150	3984
4175	4300	4241
4300	4353	4241
4300	4389	4353
4300	4344	4389
4344	4396	4389
4396	4431	4389
4396	4387	4431
4387	4497	4431
4396	4326	4387
4396	4344	4326
4182	4306	4214
4194	4231	4271
4231	4340	4271
4340	4439	4271
4439	4471	4271
4340	4392	4439
4392	4424	4439
4392	4340	4424
4340	4231	4424
4231	4285	4424
4285	4448	4424
4285	4332	4448
4332	4468	4448
4231	4212	4285
4202	4276	4275
4202	4216	4276
4209	4233	4259
4233	4278	4259
4233	4243	4278
4217	4230	4280
4218	4317	4284
4317	4341	4284
4341	4411	4284
4411	4315	4284
4411	4399	4315
4218	4277	4317
4224	4286	4328
4224	4088	4286
4227	4297	4324
4324	4280	4227
4262	4360	4383
4360	4407	4383
4407	4495	4383
4495	4496	4383
4407	4472	4495
4472	4498	4495
4498	4547	4495
4547	4625	4495
4498	4587	4547
4472	4407	4498
4273	4293	4364
4364	4377	4273
4377	4307	4273
4302	4404	4443
4404	4552	4443
4552	4506	4443
4552	4582	4506
4552	4645	4582
4404	4560	4552
4404	4533	4560
4533	4638	4560
4533	4704	4638
4704	4708	4638
4704	4792	4708
4792	4728	4708
4728	4645	4708
4704	4772	4792
4772	4828	4792
4828	4824	4792
4772	4844	4828
4313	4382	4346
4382	4416	4346
4416	4427	4346
4416	4476	4427
4476	4505	4427
4505	4297	4427
4297	4240	4427
4476	4562	4505
4562	4718	4505
4718	4650	4505
4348	4403	4350
4403	4485	4350
4485	4419	4350
4403	4520	4485
4403	4417	4520
4417	4445	4520
4445	4474	4520
4357	4451	4550
4451	4499	4550
4451	4538	4499
4451	4422	4538
4550	4364	4357
4550	4519	4364
4550	4572	4519
4550	4667	4572
4667	4705	4572
4705	4782	4572
4782	4628	4572
4667	4670	4705
4670	4729	4705
4359	4516	4386
4379	4461	4531
4531	4533	4379
4531	4612	4533
4531	4461	4612
4461	4595	4612
4393	4462	4487
4462	4597	4487
4402	4432	4517
4432	4419	4517
4517	4584	4402
4517	4673	4584
4673	4711	4584
4711	4614	4584
4673	4733	4711
4673	4748	4733
4423	4580	4428
4423	4470	4580
4470	4566	4580
4566	4658	4580
4566	4599	4658
4599	4647	4658
4599	4570	4647
4599	4516	4570
4599	4566	4516
4435	4440	4528
4440	4548	4528
4440	4506	4548
4442	4475	4507
4475	4577	4507
4475	4574	4577
4507	4301	4442
4454	4571	4611
4502	4643	4542
4643	4731	4542
4731	4663	4542
4663	4543	4542
4731	4787	4663
4586	4665	4674
4586	4528	4665
4586	4553	4528
4610	4675	4707
4675	4808	4707
4808	4908	4707
4908	4859	4707
4808	4931	4908
4675	4743	4808
4743	4866	4808
4866	4917	4808
4743	4781	4866
4672	4752	4759
4752	4867	4759
4867	4791	4759
4791	4757	4759
4757	4685	4759
4752	4894	4867
4752	4903	4894
4903	4928	4894
4686	4784	4695
4698	4741	4847
4698	4628	4741
4698	4594	4628
4847	4811	4698
4811	4734	4698
4734	4574	4698
4811	4765	4734
4765	4752	4734
4765	4811	4752
4712	4740	4780
4740	4823	4780
4823	4877	4780
4823	4967	4877
4712	4608	4740
4715	4758	4841
4768	4827	4901
4827	4893	4901
4893	4911	4901
4771	4773	4840
4786	4874	4810
4786	4897	4874
4835	4872	4905
4848	4925	4952
4925	4995	4952
4925	4977	4995
4925	4869	4977
4869	4902	4977
4902	4938	4977
4902	4885	4938
4902	4813	4885
4813	4834	4885
4902	4869	4813
4854	4904	4936
4854	4905	4904
4855	4916	4935
4935	4888	4855
4888	4784	4855
4888	4821	4784
4860	4883	4910
4862	4889	4970
4862	4863	4889
4871	4947	4909
4947	4962	4909
4947	4999	4962
4947	4968	4999
4947	4871	4968
4955	5011	4982
5011	5055	4982
201	211	178
183	254	176
269	322	256
218	265	307
822	937	798
1729	1816	1653
1729	1848	1816
1848	1916	1816
1217	1108	1266
1108	1120	1266
1128	1042	1183
1042	1253	1183
1253	1279	1183
1253	1431	1279
1042	1231	1253
941	1137	1001
941	1000	1137
702	633	724
622	542	621
368	321	416
70	47	97
47	68	97
396	462	424
396	486	462
486	566	462
566	519	462
627	763	635
627	806	763
627	872	806
627	626	872
626	668	872
668	885	872
885	1044	872
1044	958	872
958	840	872
1150	1083	1067
1365	1639	1329
1639	1373	1329
1639	1539	1373
1539	1385	1373
1311	1291	1175
1291	1221	1175
1311	1318	1291
1415	1536	1392
1962	2062	1889
1962	2148	2062
2167	2111	2149
426	487	437
581	727	657
61	65	51
65	31	51
61	95	65
768	897	800
347	344	428
344	423	428
423	474	428
423	485	474
89	157	102
89	105	157
275	358	327
358	392	327
358	469	392
317	420	363
380	350	365
650	623	630
2064	2219	1998
2064	2505	2219
1694	1682	1719
706	810	692
564	411	508
658	502	620
791	706	658
791	870	706
983	873	870
1151	1256	1003
1591	1590	1472
1482	1836	1591
1482	1708	1836
1482	1492	1708
1671	1584	1787
1584	1798	1787
1798	1922	1787
1798	1852	1922
1852	1959	1922
1584	1626	1798
1320	1252	1527
1252	1549	1527
1252	1379	1549
1379	1432	1549
1432	1651	1549
1432	1565	1651
1565	1829	1651
1565	1833	1829
1565	1762	1833
1252	1181	1379
1227	1098	1252
1227	1087	1098
1087	916	1098
916	940	1098
1342	1423	1247
483	449	607
746	797	647
725	532	703
725	501	532
1133	1169	1002
1133	1202	1169
1133	1235	1202
1235	1317	1202
1740	2071	1766
2071	1963	1766
1740	1993	2071
1642	1778	1709
1248	1154	1086
1154	1085	1086
1248	1406	1154
1406	1384	1154
1185	1249	1047
1315	1387	1249
1387	1275	1249
1485	1387	1457
1011	952	987
1176	1261	1051
1261	1148	1051
1148	1060	1051
1148	1159	1060
1148	1261	1159
1198	1385	1165
1139	1113	1049
1722	1640	1518
1640	1542	1518
1542	1372	1518
1969	1792	1763
1969	2114	1792
2114	2150	1792
2150	2024	1792
1542	1684	1655
1806	2121	1954
1806	1800	2121
1800	1896	2121
1540	1282	1412
1416	1448	1236
1448	1364	1236
1364	1324	1236
1290	1571	1348
1290	1564	1571
1290	1239	1564
1239	1385	1564
1385	1541	1564
1290	1297	1239
1907	2154	1795
2154	2179	1795
1650	1652	1907
1586	1634	1490
1875	1777	1717
2003	2274	2002
1695	1543	1515
1619	1675	1520
1675	1365	1520
1753	2066	1728
2066	2065	1728
1753	1811	2066
1753	1617	1811
1617	1877	1811
1877	1990	1811
1753	1498	1617
1753	1700	1498
2128	1950	2242
1581	1616	1799
1616	1890	1799
1951	2014	1716
2014	1790	1716
1839	1791	1810
2303	2439	2119
2439	2211	2119
2025	2233	1949
2168	2102	1897
2102	1909	1897
2102	1788	1909
2102	2016	1788
2016	1704	1788
2144	2180	1904
2139	1968	1914
2139	2156	1968
2139	2243	2156
2098	2379	2139
2153	2264	2090
2452	2590	2324
2085	2021	2011
2030	1933	2019
2394	2398	2574
2360	2290	2383
2290	2246	2383
2290	2127	2246
2189	2106	2228
2189	2186	2106
2279	2356	2189
2118	2420	2071
2375	2447	2202
2287	2601	2266
2601	2341	2266
2123	2088	2287
2382	2242	2171
2570	2646	2411
2957	3018	2903
2445	2615	2334
2615	2644	2334
2424	2566	2524
2613	2486	2460
2602	2877	2675
2602	2667	2877
2667	2890	2877
2593	2312	2476
2698	2470	2540
2612	2794	2700
2564	2381	2643
2878	2716	2828
2716	2583	2828
2716	2462	2583
2716	2731	2462
2716	2878	2731
2878	2961	2731
2961	2906	2731
2961	3144	2906
3144	3056	2906
3144	3178	3056
2874	2714	2958
2714	2803	2958
2502	2582	2759
2673	2976	2747
2673	2726	2976
2726	2998	2976
2998	3126	2976
2998	3132	3126
3132	3204	3126
3132	3233	3204
2726	2776	2998
2816	3008	2797
3008	2812	2797
2816	2918	3008
3036	3368	3008
3036	3165	3368
3165	3234	3368
3234	3410	3368
3216	3500	3365
3216	3289	3500
3289	3527	3500
3289	3507	3527
2854	2924	2883
3142	3399	3139
3142	3159	3399
3059	3113	2865
3113	3136	2865
3136	2870	2865
2685	2628	2740
3213	3303	3351
3052	3040	3009
3052	3252	3040
3252	3195	3040
3052	3181	3252
3181	3276	3252
2975	2895	2926
2895	2899	2926
2986	3023	2912
3384	3627	3415
3367	3685	3384
3304	3566	3299
3566	3502	3299
3304	3483	3566
3483	3586	3566
3169	3224	3278
3224	3435	3278
3224	3411	3435
3134	3190	3311
3190	3373	3311
3373	3379	3311
3373	3451	3379
3212	3000	3122
3000	2916	3122
3427	3439	3330
3824	3829	3898
4079	4116	4052
3310	3103	3454
3103	3350	3454
3310	3222	3103
4378	4354	4288
4879	4958	4829
4879	4919	4958
4919	4975	4958
4988	4934	4941
4397	4250	4374
4635	4421	4397
4635	4591	4421
4954	5005	4900
5005	4974	4900
5017	5020	4959
5118	5059	5064
5118	5096	5059
4880	4801	4881
4865	4816	4948
4749	4624	4649
4624	4534	4649
4749	4714	4624
4583	4581	4559
4438	4405	4425
4160	4043	4042
4160	4185	4043
4160	4247	4185
4990	4980	4949
5006	5044	4993
4944	4976	5006
4976	5043	5006
4976	5049	5043
4490	4398	4426
4490	4518	4398
4802	4856	4805
4802	4836	4856
4836	4853	4856
5062	5091	5044
5110	5098	5091
5098	5045	5091
5098	5045	5072
5045	5034	5072
5063	5040	5099
5001	5007	5040
5001	4971	5007
5115	5143	5131
5115	5139	5143
5139	5162	5143
5139	5158	5162
5164	5161	5162
5157	5156	5164
5156	5163	5164
5156	5142	5163
5142	5155	5163
5142	5117	5155
5117	5154	5155
5117	5134	5154
5134	5140	5154
5134	5126	5140
5117	5132	5134
5117	5125	5132
5156	5137	5142
5156	5135	5137
5085	5128	5125
5085	5071	5128
5071	5112	5128
5071	5094	5112
5138	5159	5111
3643	3549	3377
3619	4011	3741
3619	3990	4011
3619	3620	3990
3620	3938	3990
3620	3847	3938
3620	3597	3847
3597	3678	3847
3678	3797	3847
3597	3509	3678
3508	3460	3437
3460	3335	3437
3508	3570	3460
3407	3513	3316
3255	3375	3468
3739	3699	3606
3580	3542	3659
3480	3663	3546
3587	3813	3720
4146	4193	4051
3617	3529	3540
3617	3634	3529
3617	3809	3634
3809	3899	3634
3899	3721	3634
3617	3695	3809
3548	3756	3695
3725	3711	3786
3853	3685	3616
3685	3431	3616
3853	3822	3685
3717	3874	3740
3874	3859	3740
3718	3523	3651
3857	3983	4031
4508	4685	4608
4685	4740	4608
4685	4757	4740
4757	4823	4740
4314	4041	4173
4314	4327	4041
4327	4136	4041
4327	4291	4136
3802	3543	3864
3868	4039	4093
4225	4007	4176
4225	4296	4007
4216	4202	4063
4471	4246	4271
4471	4270	4246
4227	4240	4297
4307	4130	4273
4427	4240	4346
4507	4260	4301
4938	5076	4977
4938	4972	5076
4970	4872	4862
