265.080603 154.267336 50.833569 255 0 0
276.876138 136.373927 54.231124 255 0 0
290.443730 119.773499 57.136463 255 0 0
305.783379 104.466051 59.549586 255 0 0
322.895085 90.451584 61.470493 255 0 0
341.778848 77.730098 62.899184 255 0 0
362.434669 66.301593 63.835659 255 0 0
384.862546 56.166068 64.279917 255 0 0
409.062480 47.323524 64.231960 0 255 0
388.621390 56.177848 81.319514 0 255 0
370.123758 66.450215 97.867242 0 255 0
353.569585 78.140626 113.875145 0 255 0
338.958869 91.249080 129.343223 0 255 0
326.291612 105.775578 144.271475 0 255 0
315.567812 121.720119 158.659902 0 255 0
306.787471 139.082703 172.508504 0 255 0
299.950588 157.863331 185.817280 0 255 0
