3.106803994384161456e+02 6.466366790050403779e+01 1.860037055313093219e+02
3.175484709023877485e+02 5.184628854406821574e+01 1.734413044144835681e+02
3.178310503107385330e+02 4.412777803941798993e+01 1.323058315263940585e+02
3.297760534717007772e+02 3.809560033184106942e+01 1.130734092704112754e+02
3.440761743146669005e+02 3.498311197075406653e+01 9.135709923321445558e+01
3.596879723984839643e+02 3.840898310290492645e+01 5.510232368339146092e+01
3.834085703056835541e+02 4.697526847127721794e+01 2.345043310672701864e+01
3.796855672077719532e+02 7.106001539731460070e+01 1.296322147861803842e+01
3.634535862019843648e+02 7.865467785089413155e+01 1.829992520273140144e+01
3.567971484330326462e+02 9.517298897384944212e+01 2.143059032677228970e+01
3.461638193448121115e+02 1.077435180029140156e+02 2.612456177743473518e+01
3.386189681904101008e+02 1.251253494151139876e+02 2.493016890519271556e+01
3.290856794799115050e+02 1.405332979991467255e+02 2.451742554331974588e+01
