25.964094 35.495799 11.975349 255 0 0
26.307594 35.367788 10.904667 255 0 0
26.751427 35.124478 9.837203 255 0 0
27.295593 34.765869 8.772958 255 0 0
27.940092 34.291962 7.711930 255 0 0
28.684923 33.702755 6.654121 255 0 0
29.530088 32.998249 5.599529 255 0 0
30.475585 32.178444 4.548156 255 0 0
31.521415 31.243340 3.500000 0 255 0
31.052516 29.969612 4.576785 0 255 0
30.615989 28.846741 5.650352 0 255 0
30.211833 27.874727 6.720701 0 255 0
29.840048 27.053570 7.787832 0 255 0
29.500635 26.383270 8.851745 0 255 0
29.193593 25.863828 9.912439 0 255 0
28.918923 25.495242 10.969916 0 255 0
28.676624 25.277513 12.024175 0 255 0
