   2.8699296e+01   2.7425492e+01   1.1000000e+01
   2.8356013e+01   2.8490307e+01   1.0000000e+01
   2.8356013e+01   2.8809751e+01   9.0000000e+00
   2.7898301e+01   3.0406973e+01   8.0000000e+00
   2.8127157e+01   3.1471788e+01   7.0000000e+00
   2.8584869e+01   3.2217159e+01   6.0000000e+00
   2.9614719e+01   3.4772714e+01   5.0000000e+00
   3.0415714e+01   3.5944010e+01   6.0000000e+00
   3.0072431e+01   3.5518084e+01   7.0000000e+00
   3.0072431e+01   3.6156973e+01   8.0000000e+00
   2.9729147e+01   3.5624566e+01   9.0000000e+00
   2.9500292e+01   3.6156973e+01   1.0000000e+01
   2.9157008e+01   3.6689381e+01   1.1000000e+01
