1	3	2
2	15	1
15	9	1
9	3	1
9	7	3
7	4	3
4	18	3
18	2	3
18	15	2
4	24	18
4	11	24
11	49	24
11	13	49
13	22	49
22	62	49
62	72	49
72	66	49
72	113	66
62	100	72
100	125	72
22	52	62
22	33	52
33	61	52
33	75	61
75	80	61
75	106	80
106	117	80
106	129	117
129	126	117
126	172	117
126	216	172
216	219	172
126	144	216
126	129	144
129	162	144
162	154	144
162	201	154
162	203	201
203	254	201
203	248	254
248	366	254
366	379	254
366	407	379
407	421	379
421	365	379
421	371	365
407	473	421
407	507	473
507	513	473
513	516	473
407	497	507
497	518	507
497	568	518
497	616	568
616	684	568
616	673	684
673	714	684
714	744	684
714	855	744
855	820	744
820	783	744
820	838	783
838	747	783
838	807	747
807	730	747
807	795	730
807	889	795
889	872	795
872	832	795
832	676	795
676	672	795
676	609	672
609	622	672
676	601	609
601	566	609
566	516	609
676	644	601
676	812	644
676	832	812
832	837	812
837	794	812
794	771	812
794	762	771
762	725	771
725	665	771
725	716	665
794	746	762
794	837	746
837	848	746
848	793	746
793	752	746
752	777	746
752	824	777
824	827	777
824	878	827
878	912	827
912	880	827
880	875	827
880	919	875
919	901	875
901	853	875
853	763	875
853	806	763
853	860	806
853	879	860
879	940	860
879	999	940
999	1176	940
1176	1185	940
1185	1147	940
1147	944	940
1147	1050	944
1050	888	944
1050	917	888
917	877	888
917	891	877
891	859	877
859	732	877
859	789	732
789	693	732
693	713	732
693	666	713
666	664	713
666	642	664
642	648	664
648	674	664
648	716	674
642	595	648
595	537	648
666	686	642
686	679	642
679	606	642
686	726	679
726	707	679
707	670	679
707	775	670
775	628	670
628	567	670
775	632	628
707	726	775
726	819	775
726	882	819
882	902	819
902	922	819
922	854	819
902	1045	922
902	1027	1045
1027	1135	1045
902	935	1027
902	882	935
882	941	935
941	1143	935
941	1122	1143
1122	1222	1143
1122	1182	1222
1182	1271	1222
941	1016	1122
882	900	941
666	693	686
693	789	686
859	881	789
859	980	881
859	891	980
917	1019	891
917	1044	1019
917	1050	1044
999	1179	1176
1179	1273	1176
999	1113	1179
999	989	1113
989	1043	1113
989	976	1043
976	959	1043
959	1054	1043
959	951	1054
951	1095	1054
959	912	951
912	878	951
878	991	951
991	1082	951
991	1064	1082
1064	1163	1082
1163	1191	1082
1191	1215	1082
1215	1162	1082
1162	1095	1082
1215	1220	1162
1215	1283	1220
1215	1362	1283
1215	1191	1362
1064	1091	1163
1091	1230	1163
1091	1092	1230
1092	1296	1230
1092	1094	1296
1092	1073	1094
1092	954	1073
954	960	1073
954	876	960
876	874	960
874	849	960
849	929	960
929	990	960
929	955	990
929	849	955
849	814	955
814	928	955
814	773	928
773	914	928
914	994	928
994	1037	928
994	1075	1037
1075	1233	1037
1233	1227	1037
1227	1140	1037
1227	1229	1140
1229	1202	1140
1202	1118	1140
1233	1342	1227
1233	1237	1342
1233	1075	1237
1075	1173	1237
1173	1304	1237
1075	988	1173
1075	994	988
994	914	988
814	743	773
743	723	773
723	722	773
722	779	773
722	733	779
733	815	779
733	765	815
765	811	815
765	800	811
800	821	811
821	884	811
821	890	884
890	904	884
904	1012	884
1012	1101	884
1101	1032	884
904	1007	1012
890	1010	904
890	963	1010
963	1040	1010
1040	1048	1010
1048	1088	1010
1088	1086	1010
1088	1133	1086
1133	1148	1086
1088	1211	1133
1211	1218	1133
1211	1238	1218
1238	1327	1218
1327	1373	1218
1327	1350	1373
1350	1435	1373
1327	1343	1350
1327	1246	1343
1246	1239	1343
1239	1320	1343
1239	1285	1320
1285	1340	1320
1285	1284	1340
1285	1181	1284
1181	1128	1284
1181	1074	1128
1074	1059	1128
1059	1102	1128
1102	1196	1128
1102	1224	1196
1102	1112	1224
1112	1231	1224
1231	1324	1224
1231	1292	1324
1292	1416	1324
1416	1392	1324
1416	1521	1392
1231	1263	1292
1231	1200	1263
1200	1171	1263
1171	1184	1263
1171	1130	1184
1130	1241	1184
1130	1124	1241
1124	1153	1241
1153	1146	1241
1153	1116	1146
1116	1166	1146
1116	1022	1166
1116	1042	1022
1042	1017	1022
1042	1018	1017
1042	1049	1018
1049	1020	1018
1049	998	1020
1049	1046	998
1046	965	998
965	930	998
930	896	998
896	788	998
896	735	788
735	712	788
712	835	788
735	654	712
735	701	654
701	689	654
689	639	654
639	571	654
571	557	654
557	605	654
557	577	605
577	615	605
615	681	605
615	706	681
706	715	681
706	742	715
742	846	715
846	818	715
846	857	818
857	845	818
845	835	818
845	1017	835
742	885	846
742	801	885
801	978	885
978	1111	885
801	906	978
906	979	978
979	1100	978
979	1006	1100
1006	1061	1100
1061	1172	1100
1172	1177	1100
1177	1189	1100
1189	1197	1100
1177	1172	1189
1172	1288	1189
1172	1161	1288
1161	1338	1288
1172	1061	1161
979	906	1006
906	897	1006
897	868	1006
868	949	1006
868	869	949
906	801	897
801	760	897
801	706	760
706	696	760
706	615	696
615	691	696
691	699	696
615	577	691
577	624	691
577	570	624
570	643	624
570	583	643
583	598	643
583	554	598
583	570	554
570	514	554
514	487	554
570	577	514
801	742	706
571	538	557
571	561	538
561	512	538
561	541	512
541	464	512
464	434	512
464	419	434
419	449	434
449	514	434
419	414	449
414	405	449
405	470	449
405	468	470
468	522	470
522	487	470
405	383	468
405	387	383
387	339	383
339	334	383
334	354	383
334	310	354
310	329	354
329	355	354
355	373	354
355	342	373
355	329	342
329	321	342
329	310	321
310	285	321
285	269	321
285	260	269
285	236	260
236	224	260
224	239	260
239	263	260
239	218	263
218	208	263
218	194	208
194	180	208
180	205	208
180	186	205
186	191	205
191	237	205
191	171	237
191	168	171
168	146	171
146	134	171
134	177	171
134	165	177
165	210	177
165	167	210
167	265	210
265	306	210
167	225	265
167	135	225
135	140	225
140	204	225
140	163	204
163	182	204
163	142	182
142	136	182
136	199	182
142	116	136
142	103	116
103	71	116
103	50	71
50	44	71
44	56	71
56	90	71
56	57	90
57	78	90
78	95	90
95	97	90
78	98	95
98	128	95
98	108	128
108	149	128
149	189	128
189	174	128
174	176	128
174	220	176
220	245	176
220	256	245
220	283	256
220	296	283
296	369	283
296	330	369
330	392	369
392	446	369
392	428	446
330	309	392
309	328	392
309	284	328
284	228	328
330	295	309
330	296	295
296	221	295
296	220	221
220	174	221
174	195	221
195	189	221
195	174	189
108	99	149
99	127	149
99	68	127
68	81	127
81	111	127
111	148	127
111	137	148
111	121	137
121	150	137
111	89	121
89	105	121
89	104	105
111	73	89
73	42	89
73	43	42
43	28	42
28	54	42
54	77	42
54	91	77
91	133	77
133	123	77
123	114	77
123	118	114
133	184	123
184	240	123
54	86	91
54	67	86
28	27	54
28	14	27
14	20	27
14	15	20
14	9	15
14	19	9
19	16	9
16	7	9
16	6	7
6	10	7
10	4	7
10	12	4
12	11	4
12	13	11
12	22	13
12	33	22
12	10	33
10	23	33
10	6	23
6	5	23
6	8	5
8	21	5
21	25	5
21	32	25
32	36	25
36	40	25
40	41	25
41	23	25
36	51	40
51	55	40
55	69	40
55	65	69
65	87	69
87	124	69
124	155	69
124	152	155
152	238	155
238	207	155
207	132	155
238	230	207
230	162	207
230	251	162
251	203	162
251	248	203
251	287	248
251	276	287
251	299	276
299	335	276
335	337	276
335	380	337
380	381	337
380	427	381
427	426	381
427	459	426
459	503	426
503	526	426
526	497	426
497	407	426
407	359	426
407	366	359
366	248	359
526	556	497
556	616	497
556	626	616
626	673	616
626	708	673
708	817	673
817	714	673
708	718	817
718	784	817
784	908	817
784	847	908
847	981	908
981	942	908
981	997	942
997	936	942
936	910	942
910	733	942
910	800	733
800	765	733
910	863	800
863	821	800
863	890	821
863	963	890
863	936	963
936	1008	963
1008	1040	963
1008	961	1040
961	925	1040
925	946	1040
925	803	946
925	790	803
790	669	803
790	667	669
667	641	669
641	646	669
641	630	646
630	629	646
629	690	646
629	675	690
675	700	690
700	780	690
700	804	780
804	852	780
852	858	780
852	926	858
852	934	926
934	986	926
986	984	926
984	985	926
984	1023	985
1023	1074	985
1074	1000	985
1000	964	985
1000	1067	964
1000	1096	1067
1096	1157	1067
1157	1088	1067
1157	1211	1088
1157	1238	1211
1157	1246	1238
1246	1327	1238
1157	1239	1246
1157	1234	1239
1234	1285	1239
1234	1181	1285
1234	1156	1181
1156	1074	1181
1156	1145	1074
1145	1096	1074
1096	1000	1074
1145	1157	1096
1145	1234	1157
1145	1156	1234
1023	1059	1074
1023	1076	1059
1076	1102	1059
1076	1112	1102
1076	1090	1112
1090	1110	1112
1110	1171	1112
1171	1200	1112
1200	1231	1112
1110	1130	1171
1110	1124	1130
1110	1042	1124
1042	1153	1124
1042	1116	1153
1110	1049	1042
1110	1085	1049
1085	1065	1049
1065	1046	1049
1085	1090	1065
1090	1076	1065
1085	1110	1090
984	986	1023
934	965	986
965	1046	986
934	930	965
934	822	930
822	896	930
934	834	822
834	804	822
804	697	822
697	689	822
697	639	689
697	618	639
618	588	639
588	561	639
561	571	639
588	541	561
588	546	541
546	509	541
509	464	541
509	440	464
440	412	464
412	419	464
440	447	412
447	400	412
400	367	412
367	327	412
327	325	412
327	274	325
274	324	325
324	339	325
339	390	325
339	387	390
387	405	390
405	414	390
414	419	390
324	334	339
324	310	334
324	285	310
324	274	285
274	236	285
274	268	236
268	227	236
227	224	236
227	196	224
196	187	224
187	194	224
194	218	224
218	239	224
187	173	194
173	180	194
173	168	180
168	186	180
168	191	186
173	145	168
145	146	168
145	139	146
139	131	146
131	134	146
131	94	134
94	93	134
94	74	93
74	76	93
76	110	93
76	101	110
101	135	110
135	167	110
167	165	110
101	140	135
101	92	140
92	142	140
142	163	140
92	103	142
101	76	92
76	51	92
51	50	92
51	32	50
32	37	50
37	44	50
37	38	44
38	56	44
38	57	56
38	46	57
46	60	57
60	83	57
83	98	57
98	78	57
83	88	98
88	108	98
88	85	108
85	99	108
85	58	99
58	68	99
58	59	68
59	81	68
59	53	81
53	73	81
73	111	81
53	43	73
53	47	43
47	28	43
47	26	28
26	14	28
26	19	14
26	47	19
47	35	19
35	16	19
35	30	16
30	8	16
8	6	16
30	31	8
31	17	8
17	21	8
17	29	21
29	37	21
37	32	21
29	38	37
29	34	38
34	46	38
34	31	46
31	45	46
45	60	46
45	85	60
85	88	60
88	83	60
45	58	85
45	35	58
35	47	58
47	59	58
47	53	59
45	30	35
45	31	30
34	29	31
29	17	31
51	36	32
74	65	76
74	70	65
70	87	65
70	102	87
102	124	87
102	152	124
102	112	152
112	147	152
112	107	147
107	164	147
107	141	164
141	157	164
157	169	164
169	206	164
169	253	206
253	293	206
293	243	206
293	343	243
343	307	243
307	238	243
238	152	243
307	230	238
307	299	230
299	251	230
307	340	299
340	335	299
340	380	335
340	411	380
411	432	380
432	438	380
438	427	380
438	459	427
438	467	459
467	480	459
480	483	459
483	503	459
483	531	503
531	604	503
604	556	503
556	526	503
604	617	556
617	626	556
617	651	626
651	708	626
651	718	708
651	671	718
671	784	718
671	790	784
790	847	784
790	925	847
925	961	847
961	981	847
961	1008	981
1008	997	981
1008	936	997
671	667	790
671	617	667
617	604	667
604	630	667
630	641	667
604	562	630
562	629	630
562	587	629
587	675	629
587	582	675
582	631	675
631	685	675
685	700	675
685	692	700
692	804	700
692	697	804
692	647	697
647	645	697
645	618	697
645	613	618
613	588	618
613	546	588
613	558	546
558	527	546
527	509	546
527	447	509
447	440	509
527	511	447
511	443	447
443	400	447
443	391	400
391	367	400
391	378	367
378	318	367
318	327	367
318	300	327
300	274	327
300	268	274
300	318	268
318	278	268
278	227	268
278	223	227
223	196	227
223	183	196
183	187	196
183	151	187
151	173	187
151	145	173
151	119	145
119	139	145
119	131	139
119	94	131
119	107	94
107	112	94
112	102	94
102	74	94
102	70	74
119	141	107
119	151	141
151	156	141
156	175	141
175	157	141
175	169	157
175	253	169
175	255	253
175	226	255
226	313	255
226	270	313
270	289	313
289	378	313
378	409	313
409	351	313
409	425	351
425	348	351
425	436	348
436	356	348
356	293	348
293	253	348
356	343	293
356	362	343
362	411	343
411	340	343
340	307	343
362	436	411
436	432	411
436	485	432
485	438	432
485	460	438
460	467	438
460	540	467
540	524	467
524	480	467
524	531	480
531	483	480
524	562	531
562	604	531
524	569	562
569	587	562
569	582	587
569	540	582
540	586	582
586	608	582
608	631	582
608	600	631
600	647	631
647	692	631
692	685	631
600	613	647
613	645	647
600	573	613
573	558	613
573	511	558
511	527	558
573	581	511
581	535	511
535	453	511
453	443	511
453	409	443
409	391	443
409	378	391
453	425	409
453	454	425
454	455	425
455	436	425
455	485	436
455	454	485
454	535	485
535	529	485
529	460	485
529	540	460
529	535	540
535	586	540
535	581	586
581	600	586
600	608	586
581	573	600
454	453	535
569	524	540
362	356	436
289	318	378
289	278	318
289	270	278
270	223	278
270	226	223
226	183	223
226	156	183
156	151	183
226	175	156
671	651	617
834	852	804
834	934	852
863	910	936
701	896	689
701	735	896
722	723	733
723	729	733
729	741	733
729	743	741
743	748	741
748	808	741
748	792	808
792	850	808
792	799	850
799	883	850
883	921	850
921	855	850
921	820	855
921	838	820
921	889	838
889	807	838
921	895	889
921	883	895
883	799	895
799	767	895
799	758	767
758	753	767
753	798	767
798	776	767
776	761	767
761	778	767
761	776	778
776	759	778
759	764	778
764	872	778
764	793	872
793	861	872
861	832	872
861	848	832
848	837	832
861	793	848
764	759	793
759	769	793
769	752	793
769	824	752
769	873	824
873	892	824
892	903	824
903	878	824
903	991	878
903	954	991
954	1091	991
1091	1064	991
954	1092	1091
903	892	954
892	873	954
873	876	954
873	776	876
776	843	876
843	874	876
843	849	874
843	798	849
798	802	849
802	814	849
802	749	814
749	748	814
748	743	814
749	792	748
749	758	792
758	799	792
749	753	758
749	802	753
802	798	753
843	776	798
873	759	776
873	769	759
729	723	743
959	918	912
918	880	912
918	919	880
918	959	919
959	976	919
976	901	919
976	989	901
989	957	901
957	879	901
879	853	901
957	999	879
957	989	999
75	82	106
82	132	106
75	33	82
48	64	96
115	211	209
211	235	209
130	179	215
179	232	215
232	332	215
232	242	332
232	179	242
138	160	185
185	200	138
185	213	200
185	281	213
281	317	213
281	382	317
143	197	222
197	231	222
231	275	222
231	298	275
153	159	161
166	202	188
170	192	250
192	262	250
233	261	302
246	259	258
258	277	246
259	280	258
259	292	280
259	161	292
259	246	161
247	311	322
311	393	322
393	423	322
393	486	423
486	530	423
530	413	423
486	592	530
592	663	530
663	575	530
592	705	663
705	770	663
592	727	705
592	532	727
592	486	532
311	377	393
311	290	377
290	301	377
301	401	377
301	399	401
399	515	401
515	560	401
515	547	560
547	687	560
687	625	560
625	532	560
547	717	687
717	797	687
797	864	687
797	920	864
797	870	920
870	911	920
870	871	911
871	844	911
844	866	911
866	1108	911
866	974	1108
974	1168	1108
1168	1228	1108
1168	1336	1228
1336	1348	1228
1348	1367	1228
1336	1351	1348
1351	1531	1348
1351	1555	1531
1555	1628	1531
1555	1705	1628
1705	1841	1628
1841	1748	1628
1555	1563	1705
1563	1561	1705
1561	1753	1705
1753	1769	1705
1753	1836	1769
1753	1801	1836
1801	2038	1836
2038	1986	1836
1753	1741	1801
1753	1561	1741
1561	1630	1741
1563	1322	1561
1322	1473	1561
1322	1265	1473
1322	1242	1265
1242	1039	1265
1039	1056	1265
1039	907	1056
907	1099	1056
1039	995	907
995	738	907
738	831	907
831	836	907
1039	1004	995
1039	1242	1004
1242	1168	1004
1168	974	1004
1563	1351	1322
1563	1555	1351
866	786	974
866	844	786
844	649	786
844	797	649
797	717	649
717	547	649
844	870	797
844	871	870
515	466	547
515	399	466
399	435	466
252	286	272
286	308	272
308	350	272
308	424	350
308	360	424
360	433	424
360	376	433
257	266	291
266	303	291
267	385	349
385	430	349
430	474	349
430	548	474
297	346	417
297	332	346
346	456	417
319	358	347
358	452	347
358	410	452
410	493	452
344	384	396
384	484	396
396	406	344
396	462	406
352	386	394
386	494	394
386	388	494
388	477	494
477	519	494
388	458	477
386	352	388
352	277	388
363	445	397
370	416	465
389	444	429
444	505	429
395	437	402
437	442	402
437	478	442
478	491	442
491	499	442
491	599	499
599	549	499
599	668	549
491	478	599
404	536	498
536	640	498
640	658	498
640	677	658
677	836	658
677	782	836
677	640	782
640	662	782
662	830	782
662	828	830
640	611	662
611	594	662
611	536	594
611	640	536
415	492	553
492	650	553
492	579	650
579	634	650
579	621	634
621	632	634
621	579	632
422	521	504
422	489	521
489	564	521
564	665	521
489	542	564
431	481	500
481	534	500
534	627	500
627	496	500
534	652	627
652	734	627
652	661	734
661	728	734
661	695	728
534	551	652
534	553	551
441	559	555
559	619	555
559	750	619
750	851	619
851	772	619
772	724	619
724	637	619
637	591	619
637	610	591
772	927	724
927	898	724
772	983	927
983	1089	927
983	1117	1089
1117	1305	1089
983	1057	1117
983	851	1057
851	937	1057
937	982	1057
937	745	982
937	750	745
750	559	745
559	545	745
559	441	545
937	851	750
983	772	851
448	457	479
517	525	533
520	597	580
597	578	580
578	479	580
479	520	580
597	612	578
543	550	659
589	620	603
660	710	704
710	839	704
688	796	787
688	650	796
731	938	756
938	933	756
731	791	938
751	829	785
813	905	971
825	947	962
947	1103	962
947	975	1103
826	1009	1013
1009	1071	1013
1009	1120	1071
1009	1214	1120
841	952	887
952	1055	887
952	1105	1055
952	1107	1105
1107	1208	1105
1208	1295	1105
1295	1209	1105
1295	1282	1209
1208	1314	1295
1314	1463	1295
1463	1424	1295
1314	1366	1463
1208	1195	1314
1208	1107	1195
899	1053	1058
913	1063	992
1063	1093	992
1093	1002	992
1093	1180	1002
1180	1206	1002
1206	1060	1002
1060	996	1002
1060	943	996
943	770	996
1180	1226	1206
1063	1083	1093
1083	1199	1093
1063	864	1083
1063	913	864
913	810	864
924	950	972
924	1024	950
1024	1084	950
1084	972	950
939	1052	1154
958	970	1028
968	1036	1026
1026	828	968
969	1069	973
1069	1041	973
1069	1194	1041
1069	1256	1194
1256	1301	1194
1256	1403	1301
1403	1412	1301
1412	1398	1301
1398	1358	1301
1398	1493	1358
1398	1412	1493
1412	1579	1493
1412	1620	1579
1620	1631	1579
1631	1580	1579
1412	1403	1620
1403	1645	1620
1256	1390	1403
1256	1355	1390
1256	1221	1355
969	939	1069
1011	1139	1034
1047	1121	1155
1047	1119	1121
1119	1150	1121
1150	1155	1121
1150	1261	1155
1261	1159	1155
1051	1160	1097
1160	1204	1097
1204	1123	1097
1204	1294	1123
1160	1198	1204
1072	1251	1079
1081	1142	1134
1142	1167	1134
1167	1165	1134
1167	1187	1165
1187	1371	1165
1187	1361	1371
1361	1449	1371
1449	1522	1371
1449	1523	1522
1523	1655	1522
1361	1353	1449
1361	1311	1353
1311	1313	1353
1311	1114	1313
1114	1287	1313
1311	1142	1114
1311	1187	1142
1187	1167	1142
1311	1361	1187
1087	1235	1170
1235	1274	1170
1274	1334	1170
1274	1383	1334
1274	1299	1383
1274	1235	1299
1098	1232	1151
1232	1245	1151
1245	1272	1151
1272	1258	1151
1258	1186	1151
1186	1144	1151
1258	1325	1186
1245	1303	1272
1303	1370	1272
1245	1243	1303
1245	1232	1243
1232	1098	1243
1098	1127	1243
1125	1253	1248
1253	1312	1248
1312	1264	1248
1164	1169	1219
1169	1250	1219
1210	1347	1330
1347	1544	1330
1544	1364	1330
1544	1518	1364
1544	1564	1518
1564	1533	1518
1533	1529	1518
1544	1698	1564
1544	1597	1698
1597	1607	1698
1607	1751	1698
1597	1557	1607
1216	1388	1359
1359	1260	1216
1216	1257	1388
1257	1407	1388
1407	1431	1388
1257	1358	1407
1217	1333	1290
1290	1198	1217
1198	1081	1217
1333	1365	1290
1333	1438	1365
1438	1450	1365
1438	1446	1450
1223	1275	1247
1236	1363	1328
1363	1389	1328
1389	1316	1328
1389	1401	1316
1389	1458	1401
1389	1474	1458
1474	1558	1458
1474	1566	1558
1389	1440	1474
1389	1363	1440
1328	1250	1236
1249	1349	1382
1382	1214	1249
1382	1255	1214
1382	1310	1255
1382	1471	1310
1267	1270	1436
1291	1339	1369
1339	1448	1369
1448	1462	1369
1462	1437	1369
1437	1402	1369
1437	1482	1402
1482	1439	1402
1482	1461	1439
1461	1434	1439
1461	1547	1434
1482	1590	1461
1448	1535	1462
1448	1556	1535
1448	1478	1556
1297	1331	1387
1331	1442	1387
1331	1427	1442
1427	1469	1442
1427	1432	1469
1432	1592	1469
1592	1640	1469
1592	1730	1640
1730	1687	1640
1687	1683	1640
1687	1798	1683
1687	1903	1798
1687	1840	1903
1840	1954	1903
1954	2033	1903
1687	1760	1840
1760	1916	1840
1760	1734	1916
1687	1730	1760
1302	1394	1455
1302	1376	1394
1376	1396	1394
1376	1443	1396
1376	1378	1443
1378	1486	1443
1486	1498	1443
1486	1567	1498
1567	1584	1498
1486	1588	1567
1588	1666	1567
1486	1492	1588
1309	1332	1483
1309	1199	1332
1332	1537	1483
1537	1565	1483
1565	1569	1483
1332	1410	1537
1410	1549	1537
1483	1352	1309
1483	1423	1352
1315	1428	1454
1428	1504	1454
1504	1457	1454
1457	1362	1454
1428	1574	1504
1428	1489	1574
1318	1466	1451
1466	1603	1451
1466	1529	1603
1319	1337	1393
1337	1554	1393
1323	1375	1408
1375	1447	1408
1447	1512	1408
1512	1516	1408
1516	1465	1408
1447	1532	1512
1447	1445	1532
1447	1375	1445
1375	1334	1445
1335	1453	1405
1453	1505	1405
1505	1421	1405
1505	1545	1421
1545	1551	1421
1341	1425	1496
1496	1417	1341
1496	1540	1417
1496	1609	1540
1609	1606	1540
1496	1586	1609
1586	1800	1609
1800	1771	1609
1800	1855	1771
1855	1864	1771
1855	1926	1864
1926	1965	1864
1965	1828	1864
1965	1852	1828
1852	1804	1828
1804	1746	1828
1804	1770	1746
1804	1852	1770
1852	1896	1770
1896	1780	1770
1780	1726	1770
1926	2066	1965
1926	2077	2066
1926	1898	2077
1898	2131	2077
1898	1924	2131
1924	2128	2131
2128	2155	2131
2128	2219	2155
1898	1800	1924
1800	1806	1924
1800	1649	1806
1649	1672	1806
1649	1633	1672
1633	1627	1672
1627	1735	1672
1627	1673	1735
1673	1697	1735
1697	1811	1735
1673	1619	1697
1673	1627	1619
1633	1521	1627
1633	1559	1521
1633	1649	1559
1649	1586	1559
1649	1800	1586
1898	1855	1800
1898	1926	1855
1354	1500	1452
1452	1379	1354
1379	1303	1354
1452	1494	1379
1452	1525	1494
1500	1632	1452
1354	1501	1500
1354	1509	1501
1354	1429	1509
1360	1456	1414
1456	1570	1414
1360	1267	1456
1404	1534	1599
1406	1536	1411
1411	1342	1406
1342	1485	1406
1485	1536	1406
1485	1560	1536
1560	1721	1536
1721	1573	1536
1573	1475	1536
1573	1625	1475
1625	1702	1475
1702	1489	1475
1702	1729	1489
1573	1712	1625
1712	1710	1625
1573	1721	1712
1721	1812	1712
1409	1444	1571
1444	1490	1571
1490	1611	1571
1611	1644	1571
1611	1636	1644
1636	1742	1644
1742	1768	1644
1742	1854	1768
1854	1826	1768
1854	1929	1826
1854	1867	1929
1867	2028	1929
2028	1997	1929
2028	2091	1997
1867	2018	2028
2018	2068	2028
2018	2061	2068
1636	1690	1742
1690	1716	1742
1716	1805	1742
1690	1664	1716
1690	1636	1664
1636	1510	1664
1636	1497	1510
1636	1490	1497
1636	1611	1490
1413	1487	1484
1487	1658	1484
1415	1517	1513
1426	1616	1511
1460	1598	1617
1598	1670	1617
1617	1506	1460
1617	1615	1506
1468	1576	1527
1576	1585	1527
1576	1671	1585
1671	1764	1585
1671	1761	1764
1761	1810	1764
1810	1844	1764
1810	1890	1844
1890	2024	1844
1890	2062	2024
2062	2119	2024
2119	2043	2024
2062	2140	2119
2062	2060	2140
2060	2014	2140
2060	1890	2014
1890	1860	2014
1890	1810	1860
1810	1761	1860
1761	1728	1860
1761	1671	1728
1671	1576	1728
2060	2062	1890
1507	1624	1643
1507	1524	1624
1524	1706	1624
1706	1703	1624
1703	1643	1624
1515	1530	1657
1538	1612	1634
1542	1663	1685
1663	1733	1685
1546	1723	1562
1562	1436	1546
1436	1423	1546
1723	1775	1562
1775	1778	1562
1775	1886	1778
1886	1784	1778
1784	1718	1778
1784	1793	1718
1784	1962	1793
1784	1886	1962
1886	1937	1962
1937	2073	1962
2073	2189	1962
2073	2162	2189
2162	2311	2189
2311	2279	2189
2162	2107	2311
2107	2299	2311
2299	2329	2311
2299	2331	2329
2331	2525	2329
2331	2538	2525
2538	2618	2525
2331	2296	2538
2162	2073	2107
2073	1937	2107
1886	1765	1937
1765	1795	1937
1795	1809	1937
1795	1808	1809
1795	1723	1808
1795	1765	1723
1765	1775	1723
1765	1886	1775
1550	1600	1578
1600	1630	1578
1630	1473	1578
1600	1674	1630
1600	1707	1674
1600	1550	1707
1575	1665	1648
1665	1743	1648
1665	1680	1743
1665	1613	1680
1613	1605	1680
1665	1575	1613
1577	1682	1635
1682	1708	1635
1682	1762	1708
1762	1789	1708
1762	1869	1789
1589	1684	1694
1684	1839	1694
1684	1677	1839
1591	1693	1676
1693	1829	1676
1829	1763	1676
1763	1677	1676
1829	1845	1763
1829	1870	1845
1870	2000	1845
1870	1923	2000
1870	1850	1923
1870	1829	1850
1829	1693	1850
1693	1739	1850
1693	1623	1739
1693	1591	1623
1594	1621	1651
1595	1626	1637
1626	1678	1637
1678	1744	1637
1678	1802	1744
1802	1856	1744
1856	1863	1744
1596	1696	1752
1622	1686	1776
1629	1668	1750
1629	1599	1668
1668	1782	1750
1639	1692	1689
1692	1745	1689
1745	1788	1689
1788	1632	1689
1788	1660	1632
1788	1756	1660
1745	1815	1788
1745	1773	1815
1773	1876	1815
1745	1692	1773
1692	1731	1773
1731	1894	1773
1647	1709	1714
1714	1656	1647
1714	1758	1656
1650	1695	1699
1675	1859	1858
1732	1838	1794
1838	1861	1794
1861	1913	1794
1913	1783	1794
1838	1807	1861
1738	1822	1774
1738	1887	1822
1887	1932	1822
1932	1991	1822
1777	1843	1925
1791	1904	1930
1797	1865	1871
1865	1963	1871
1963	1980	1871
1963	2063	1980
1865	1945	1963
1865	1821	1945
1865	1797	1821
1813	1825	1975
1975	1952	1813
1975	2040	1952
2040	2008	1952
1975	2059	2040
2059	2084	2040
1814	1912	1853
1912	1950	1853
1912	1970	1950
1816	1920	1880
1819	1895	1940
1895	2013	1940
2013	1999	1940
1999	1894	1940
2013	2176	1999
2013	2274	2176
1895	1998	2013
1998	2249	2013
1998	2106	2249
2106	2369	2249
2369	2343	2249
2343	2344	2249
2344	2274	2249
2344	2411	2274
2369	2537	2343
2369	2456	2537
2369	2373	2456
2373	2440	2456
2440	2529	2456
2440	2461	2529
2461	2479	2529
2479	2691	2529
2691	2692	2529
2691	2743	2692
2743	2735	2692
2743	2932	2735
2932	2791	2735
2791	2713	2735
2932	2880	2791
2743	2910	2932
2910	3038	2932
2743	2765	2910
2765	2789	2910
2743	2691	2765
2440	2288	2461
2440	2263	2288
2263	2075	2288
2263	2186	2075
2186	2012	2075
2012	2004	2075
2186	2103	2012
2186	2106	2103
2186	2369	2106
2186	2373	2369
2186	2263	2373
2263	2440	2373
1820	1941	1851
1941	1981	1851
1981	2007	1851
1834	1842	2011
1842	2039	2011
2039	2041	2011
2041	2026	2011
1842	1942	2039
1942	2080	2039
2080	2072	2039
2080	2157	2072
1835	1899	1953
1848	1948	1946
1849	1911	1872
1872	1905	1849
1872	1914	1905
1914	1955	1905
1955	1960	1905
1955	2010	1960
1955	1978	2010
1955	1914	1978
1914	1911	1978
1914	1872	1911
1873	1987	1933
1987	2055	1933
1881	1994	1927
1927	1739	1881
1739	1749	1881
1994	2129	1927
2129	1923	1927
1994	2200	2129
1994	2042	2200
2042	2230	2200
1883	1988	2048
1884	1996	1974
1884	1902	1996
1907	1935	1993
1907	1922	1935
1910	1951	1944
1931	2079	1985
1985	1916	1931
1985	1961	1916
2079	2045	1985
2079	2187	2045
2187	2201	2045
2187	2431	2201
2431	2233	2201
2431	2321	2233
2431	2464	2321
2464	2350	2321
2464	2516	2350
2516	2370	2350
2516	2462	2370
2516	2593	2462
2516	2583	2593
2583	2638	2593
2583	2749	2638
2583	2645	2749
2645	2769	2749
2769	2812	2749
2812	2785	2749
2812	2982	2785
2982	2864	2785
2864	2798	2785
2982	2951	2864
2812	2998	2982
2645	2634	2769
2645	2488	2634
2645	2583	2488
2583	2464	2488
2464	2444	2488
2444	2431	2488
2431	2416	2488
2444	2464	2431
2583	2516	2464
2079	2167	2187
2079	2130	2167
2079	2082	2130
2082	2169	2130
2082	2036	2169
2082	1983	2036
2082	2079	1983
2079	1931	1983
1934	2017	1949
1938	2133	2154
1947	2025	1977
1977	1841	1947
1947	1986	2025
1958	2069	2002
2069	2121	2002
1966	1972	2100
1972	2037	2100
2037	2166	2100
2166	2225	2100
2225	2111	2100
2111	2027	2100
2027	1966	2100
2225	2255	2111
2255	2242	2111
2166	2327	2225
2166	2170	2327
2170	2326	2327
2170	2250	2326
2250	2386	2326
2250	2273	2386
2166	2037	2170
1969	2050	2022
1971	2051	2031
1971	1984	2051
1984	2185	2051
2185	2251	2051
2185	2314	2251
2314	2408	2251
2408	2215	2251
2408	2423	2215
2408	2501	2423
2501	2612	2423
2612	2570	2423
2570	2394	2423
2570	2414	2394
2414	2384	2394
2612	2626	2570
2626	2627	2570
2501	2589	2612
2589	2687	2612
2501	2534	2589
2534	2545	2589
2534	2473	2545
2473	2442	2545
2442	2560	2545
2473	2314	2442
2473	2408	2314
2473	2501	2408
2473	2534	2501
1973	2019	2164
2019	2171	2164
1989	2238	2202
2001	2137	2211
2003	2081	2110
2081	2159	2110
2159	2177	2110
2021	2198	2054
2054	1953	2021
2198	2143	2054
2143	2104	2054
2198	2256	2143
2023	2030	2064
2064	2108	2023
2035	2120	2065
2047	2161	2142
2049	2087	2229
2087	2283	2229
2283	2354	2229
2354	2352	2229
2354	2486	2352
2354	2417	2486
2354	2283	2417
2283	2278	2417
2283	2209	2278
2283	2098	2209
2283	2087	2098
2057	2085	2181
2085	2294	2181
2294	2236	2181
2294	2374	2236
2294	2339	2374
2058	2228	2144
2067	2160	2139
2067	2218	2160
2218	2265	2160
2265	2197	2160
2197	2139	2160
2218	2243	2265
2218	2194	2243
2194	2305	2243
2305	2379	2243
2305	2420	2379
2420	2499	2379
2420	2470	2499
2470	2622	2499
2622	2623	2499
2622	2707	2623
2707	2704	2623
2707	2774	2704
2774	2922	2704
2707	2733	2774
2194	2231	2305
2231	2282	2305
2194	2091	2231
2194	2218	2091
2218	2067	2091
2086	2210	2205
2086	2234	2210
2089	2094	2113
2094	2206	2113
2094	2055	2206
2055	2126	2206
2090	2175	2146
2175	2173	2146
2175	2280	2173
2280	2361	2173
2361	2178	2173
2280	2450	2361
2450	2368	2361
2175	2090	2280
2090	2293	2280
2099	2127	2172
2127	2270	2172
2127	2240	2270
2240	2396	2270
2396	2348	2270
2348	2319	2270
2396	2410	2348
2101	2281	2246
2281	2323	2246
2102	2226	2141
2226	2239	2141
2239	2232	2141
2239	2330	2232
2330	2358	2232
2358	2271	2232
2330	2355	2358
2330	2239	2355
2115	2180	2163
2125	2220	2257
2125	2063	2220
2220	2297	2257
2297	2322	2257
2297	2435	2322
2220	2292	2297
2257	2221	2125
2257	2300	2221
2300	2190	2221
2300	2151	2190
2148	2254	2168
2254	2393	2168
2393	2336	2168
2393	2383	2336
2383	2360	2336
2383	2526	2360
2526	2391	2360
2383	2563	2526
2563	2643	2526
2563	2711	2643
2711	2832	2643
2563	2734	2711
2563	2575	2734
2575	2648	2734
2563	2503	2575
2563	2383	2503
2383	2393	2503
2153	2335	2193
2193	1991	2153
1991	2134	2153
2335	2292	2193
2156	2285	2287
2285	2367	2287
2367	2341	2287
2367	2387	2341
2367	2555	2387
2555	2566	2387
2555	2706	2566
2555	2596	2706
2596	2738	2706
2596	2716	2738
2716	2773	2738
2716	2688	2773
2555	2400	2596
2555	2367	2400
2367	2285	2400
2285	2259	2400
2285	2156	2259
2156	2129	2259
2179	2309	2223
2223	2069	2179
2188	2307	2267
2192	2324	2315
2324	2432	2315
2203	2365	2277
2365	2449	2277
2449	2366	2277
2204	2269	2310
2269	2302	2310
2302	2453	2310
2208	2214	2458
2208	2041	2214
2041	2157	2214
2157	2422	2214
2458	2295	2208
2295	2248	2208
2458	2546	2295
2216	2404	2418
2224	2237	2289
2289	2308	2224
2289	2359	2308
2289	2391	2359
2227	2342	2429
2429	2382	2227
2429	2455	2382
2455	2405	2382
2405	2316	2382
2405	2404	2316
2429	2548	2455
2548	2580	2455
2580	2605	2455
2580	2684	2605
2580	2617	2684
2617	2731	2684
2731	2816	2684
2731	2874	2816
2874	2918	2816
2874	3022	2918
3022	2969	2918
2969	2742	2918
2969	2794	2742
2969	2999	2794
2969	3178	2999
2969	3022	3178
3022	3081	3178
3081	3086	3178
3086	3167	3178
3081	3022	3086
3022	2874	3086
2874	2977	3086
2245	2371	2412
2371	2425	2412
2425	2524	2412
2524	2579	2412
2579	2375	2412
2375	2245	2412
2524	2678	2579
2678	2611	2579
2425	2541	2524
2541	2698	2524
2247	2372	2356
2372	2510	2356
2510	2291	2356
2252	2504	2392
2504	2574	2392
2574	2428	2392
2258	2313	2353
2353	2398	2258
2398	2266	2258
2398	2378	2266
2398	2498	2378
2398	2353	2498
2353	2437	2498
2437	2581	2498
2353	2313	2437
2258	2290	2313
2261	2447	2467
2447	2502	2467
2502	2508	2467
2447	2564	2502
2447	2490	2564
2447	2424	2490
2424	2477	2490
2424	2397	2477
2397	2451	2477
2397	2407	2451
2424	2275	2397
2467	2430	2261
2467	2513	2430
2467	2554	2513
2272	2517	2312
2272	2485	2517
2485	2666	2517
2485	2651	2666
2485	2468	2651
2468	2630	2651
2630	2737	2651
2468	2411	2630
2301	2325	2445
2325	2483	2445
2483	2530	2445
2530	2506	2445
2506	2487	2445
2506	2523	2487
2483	2675	2530
2483	2681	2675
2483	2578	2681
2578	2674	2681
2578	2603	2674
2483	2509	2578
2509	2511	2578
2509	2427	2511
2509	2452	2427
2509	2483	2452
2320	2380	2459
2459	2482	2320
2333	2494	2457
2494	2507	2457
2334	2340	2433
2346	2489	2463
2463	2293	2346
2399	2505	2471
2399	2535	2505
2402	2491	2421
2438	2591	2585
2585	2586	2438
2585	2695	2586
2695	2726	2586
2726	2588	2586
2726	2667	2588
2667	2573	2588
2667	2486	2573
2585	2591	2695
2591	2843	2695
2843	2854	2695
2854	2808	2695
2854	2885	2808
2885	2861	2808
2854	2917	2885
2854	2906	2917
2854	2843	2906
2492	2592	2557
2592	2641	2557
2492	2539	2592
2515	2632	2660
2632	2763	2660
2515	2450	2632
2450	2478	2632
2518	2608	2568
2518	2432	2608
2520	2663	2598
2663	2756	2598
2663	2833	2756
2520	2613	2663
2520	2510	2613
2531	2552	2685
2552	2602	2685
2685	2599	2531
2685	2646	2599
2646	2701	2599
2646	2807	2701
2646	2685	2807
2544	2669	2694
2669	2770	2694
2770	2863	2694
2863	2740	2694
2770	3017	2863
3017	3072	2863
3072	3032	2863
3032	2972	2863
2972	2927	2863
3032	3116	2972
3017	3111	3072
3017	3027	3111
3017	2940	3027
3017	2770	2940
2770	2810	2940
2810	2815	2940
2815	2983	2940
2815	2809	2983
2549	2594	2551
2553	2689	2572
2556	2561	2569
2576	2661	2652
2661	2676	2652
2676	2809	2652
2676	2834	2809
2676	2781	2834
2781	2903	2834
2781	2882	2903
2882	2954	2903
2954	3078	2903
2954	3127	3078
2954	3003	3127
3003	3147	3127
3147	3193	3127
3003	2988	3147
2988	3091	3147
2781	2768	2882
2768	2746	2882
2768	2647	2746
2647	2650	2746
2650	2760	2746
2650	2724	2760
2724	2775	2760
2775	2911	2760
2724	2720	2775
2720	2725	2775
2720	2697	2725
2720	2564	2697
2720	2609	2564
2720	2724	2609
2724	2650	2609
2650	2554	2609
2650	2647	2554
2781	2676	2768
2676	2661	2768
2601	2644	2748
2748	2702	2601
2702	2610	2601
2702	2705	2610
2705	2664	2610
2664	2619	2610
2705	2729	2664
2705	2804	2729
2705	2821	2804
2821	2930	2804
2930	2889	2804
2930	2937	2889
2930	2967	2937
2705	2702	2821
2702	2748	2821
2748	2800	2821
2625	2824	2831
2824	2851	2831
2851	2993	2831
2851	2941	2993
2851	2915	2941
2851	2824	2915
2629	2761	2710
2629	2747	2761
2747	2862	2761
2631	2671	2722
2671	2683	2722
2683	2708	2722
2722	2630	2631
2633	2718	2766
2718	2802	2766
2802	2776	2766
2802	2900	2776
2802	2928	2900
2642	2668	2732
2732	2733	2642
2653	2823	2788
2655	2790	2779
2655	2611	2790
2658	2803	2752
2670	2709	2682
2682	2594	2670
2709	2793	2682
2709	2744	2793
2744	2756	2793
2677	2891	2856
2891	2897	2856
2897	2899	2856
2677	2893	2891
2696	2858	2872
2696	2667	2858
2721	2923	2754
2754	2698	2721
2721	2896	2923
2739	2879	2827
2751	2902	2841
2767	2830	2822
2787	2829	2826
2797	2828	2839
2806	2819	2860
2820	2908	2973
2838	2960	2876
2960	2919	2876
2838	2899	2960
2899	3037	2960
2899	3044	3037
2840	2892	2847
2892	2938	2847
2938	2848	2847
2938	3069	2848
2938	2963	3069
2963	3118	3069
3118	3217	3069
2938	2892	2963
2892	2880	2963
2892	2840	2880
2842	3026	2878
2842	2916	3026
2852	2931	2934
2857	3004	2905
2905	2933	2857
2933	2763	2857
2933	2913	2763
2933	2962	2913
2962	2968	2913
2881	3063	2956
2884	3012	2890
2890	2858	2884
2858	2726	2884
2894	2953	2914
2953	2945	2914
2895	2909	3019
2895	2872	2909
2901	2985	3000
2920	3058	3005
2926	2990	3030
2990	3088	3030
3030	3018	2926
2942	2943	3141
2943	3056	3141
3056	3274	3141
3274	3351	3141
2944	3100	3047
3100	3107	3047
3107	3134	3047
3134	3076	3047
3107	3187	3134
3187	3239	3134
3239	3293	3134
3239	3243	3293
3243	3410	3293
3410	3324	3293
3243	3344	3410
3239	3187	3243
3107	3100	3187
2952	2979	2966
2961	3131	3020
2964	3015	2994
2974	2997	3049
2978	3108	3043
3108	3098	3043
3108	3292	3098
3292	3210	3098
3210	3157	3098
3210	3226	3157
3210	3303	3226
3303	3304	3226
3304	3344	3226
3304	3506	3344
3210	3380	3303
3210	3292	3380
2980	3057	2991
3057	3025	2991
3057	3083	3025
3057	3143	3083
3057	3070	3143
3070	3175	3143
3175	3205	3143
3175	3189	3205
3189	3339	3205
3189	3337	3339
3189	3158	3337
3175	3159	3189
3175	3070	3159
3057	2980	3070
2981	3093	3071
2984	3060	3046
3060	3097	3046
3060	3168	3097
3060	3182	3168
2987	3053	3048
3053	3125	3048
2996	3014	3042
3014	3132	3042
3002	3153	3075
3153	3268	3075
3268	3151	3075
3151	3087	3075
3007	3033	3089
3034	3179	3171
3051	3265	3202
3202	3026	3051
3052	3184	3195
3052	3109	3184
3109	3224	3184
3224	3195	3184
3224	3288	3195
3288	3262	3195
3262	3220	3195
3224	3369	3288
3369	3417	3288
3417	3407	3288
3417	3518	3407
3518	3498	3407
3518	3674	3498
3674	3651	3498
3052	2951	3109
3055	3059	3250
3059	3278	3250
3250	3232	3055
3067	3123	3200
3123	3392	3200
3123	3302	3392
3302	3352	3392
3302	3254	3352
3200	3136	3067
3200	3245	3136
3077	3163	3154
3077	3099	3163
3099	3170	3163
3170	3240	3163
3240	3270	3163
3270	3154	3163
3077	3063	3099
3063	3087	3099
3090	3095	3246
3246	3216	3090
3216	3126	3090
3246	3320	3216
3096	3185	3237
3185	3366	3237
3366	3416	3237
3416	3150	3237
3150	3096	3237
3366	3588	3416
3185	3295	3366
3295	3457	3366
3106	3282	3340
3340	3364	3106
3364	3275	3106
3275	3093	3106
3364	3359	3275
3113	3260	3311
3115	3128	3251
3251	3121	3115
3251	3314	3121
3251	3298	3314
3298	3448	3314
3448	3358	3314
3448	3393	3358
3393	3398	3358
3393	3585	3398
3585	3558	3398
3558	3388	3398
3558	3552	3388
3393	3606	3585
3393	3448	3606
3448	3482	3606
3482	3577	3606
3577	3663	3606
3577	3621	3663
3621	3716	3663
3716	3811	3663
3811	3686	3663
3811	3802	3686
3802	3754	3686
3802	3764	3754
3802	3836	3764
3836	3674	3764
3802	3868	3836
3868	3953	3836
3953	3886	3836
3886	3860	3836
3886	3962	3860
3962	3866	3860
3866	3705	3860
3866	3730	3705
3730	3669	3705
3669	3598	3705
3598	3651	3705
3598	3589	3651
3598	3449	3589
3598	3563	3449
3598	3642	3563
3598	3669	3642
3962	3875	3866
3962	3992	3875
3962	4005	3992
4005	4021	3992
4021	3991	3992
4021	4028	3991
4028	3965	3991
3965	3941	3991
3965	3905	3941
4028	4070	3965
4070	4065	3965
4065	4017	3965
4070	4242	4065
4242	4171	4065
4171	4144	4065
4171	4207	4144
4207	4046	4144
4207	4189	4046
4189	4148	4046
4148	3949	4046
3949	3898	4046
3949	3885	3898
3885	3855	3898
3855	3728	3898
3728	3857	3898
3728	3711	3857
3711	3701	3857
3701	3782	3857
3782	3905	3857
3701	3727	3782
3711	3675	3701
3711	3728	3675
3728	3635	3675
3635	3602	3675
3602	3472	3675
3602	3524	3472
3524	3305	3472
3602	3571	3524
3602	3635	3571
3635	3638	3571
3635	3855	3638
3855	3856	3638
3856	3815	3638
3815	3646	3638
3815	3807	3646
3807	3648	3646
3807	3725	3648
3725	3665	3648
3665	3599	3648
3725	3833	3665
3725	3925	3833
3925	3902	3833
3925	4062	3902
3725	3807	3925
3807	3948	3925
3948	3981	3925
3807	3943	3948
3807	3916	3943
3916	4122	3943
3916	3949	4122
3949	4148	4122
3916	3856	3949
3856	3885	3949
3856	3855	3885
3916	3815	3856
3916	3807	3815
3635	3728	3855
4207	4223	4189
4171	4309	4207
4171	4256	4309
4256	4379	4309
4379	4427	4309
4379	4402	4427
4402	4423	4427
4423	4493	4427
4493	4475	4427
4475	4448	4427
4475	4515	4448
4515	4539	4448
4515	4587	4539
4587	4581	4539
4581	4542	4539
4581	4628	4542
4628	4593	4542
4593	4532	4542
4532	4500	4542
4532	4516	4500
4516	4505	4500
4505	4403	4500
4403	4387	4500
4403	4318	4387
4403	4330	4318
4403	4370	4330
4370	4297	4330
4403	4486	4370
4403	4505	4486
4505	4538	4486
4538	4572	4486
4572	4468	4486
4572	4531	4468
4531	4491	4468
4531	4457	4491
4531	4592	4457
4592	4508	4457
4508	4359	4457
4359	4369	4457
4369	4396	4457
4359	4237	4369
4508	4524	4359
4524	4452	4359
4452	4393	4359
4452	4514	4393
4508	4584	4524
4584	4548	4524
4584	4609	4548
4609	4626	4548
4609	4649	4626
4649	4688	4626
4688	4644	4626
4688	4725	4644
4725	4699	4644
4725	4791	4699
4791	4735	4699
4791	4765	4735
4791	4803	4765
4803	4783	4765
4803	4862	4783
4862	4819	4783
4862	4931	4819
4931	4910	4819
4910	4879	4819
4879	4804	4819
4931	4939	4910
4939	4985	4910
4939	4940	4985
4940	5014	4985
5014	5020	4985
5014	5033	5020
5033	5058	5020
5033	5064	5058
5064	5065	5058
5065	5078	5058
5078	5045	5058
5078	5072	5045
5072	5035	5045
5035	5004	5045
5004	4962	5045
5004	4909	4962
5004	4866	4909
5035	5039	5004
5035	5052	5039
5052	5056	5039
5056	4955	5039
5052	5087	5056
5087	5075	5056
5075	5046	5056
5075	5067	5046
5067	5051	5046
5051	5021	5046
5051	5038	5021
5038	5013	5021
5013	4995	5021
4995	4965	5021
4965	4938	5021
4965	4957	4938
4957	4854	4938
4854	4892	4938
4892	4863	4938
4854	4831	4892
4957	4867	4854
4867	4823	4854
4823	4772	4854
4823	4683	4772
4823	4737	4683
4823	4894	4737
4823	4867	4894
4867	4976	4894
4976	4977	4894
4977	4913	4894
4977	4958	4913
4977	5015	4958
5015	5037	4958
5037	5031	4958
5031	4990	4958
4990	4929	4958
4990	4932	4929
4932	4900	4929
4932	4884	4900
4884	4871	4900
4871	4856	4900
4871	4740	4856
4740	4812	4856
4871	4884	4740
4932	4978	4884
4978	4941	4884
4941	4888	4884
4941	4944	4888
4941	5009	4944
5009	5012	4944
5012	4948	4944
5012	4974	4948
5012	5053	4974
5053	4988	4974
4988	4908	4974
4988	5022	4908
5022	5002	4908
5002	4928	4908
5002	4963	4928
4963	4893	4928
4963	4933	4893
4933	4902	4893
4902	4891	4893
4891	4822	4893
4822	4786	4893
4786	4752	4893
4786	4733	4752
4891	4852	4822
4852	4810	4822
4852	4859	4810
4859	4821	4810
4859	4827	4821
4827	4807	4821
4827	4818	4807
4818	4753	4807
4818	4745	4753
4745	4671	4753
4671	4623	4753
4671	4576	4623
4576	4476	4623
4671	4575	4576
4818	4817	4745
4818	4890	4817
4890	4861	4817
4861	4838	4817
4838	4805	4817
4838	4784	4805
4838	4837	4784
4837	4775	4784
4837	4839	4775
4839	4754	4775
4839	4816	4754
4816	4730	4754
4730	4656	4754
4730	4610	4656
4730	4682	4610
4730	4757	4682
4757	4710	4682
4757	4746	4710
4746	4728	4710
4728	4677	4710
4728	4707	4677
4707	4639	4677
4639	4599	4677
4599	4595	4677
4599	4507	4595
4507	4586	4595
4507	4555	4586
4639	4574	4599
4639	4627	4574
4627	4537	4574
4537	4498	4574
4498	4408	4574
4408	4415	4574
4408	4350	4415
4408	4425	4350
4425	4320	4350
4425	4383	4320
4383	4298	4320
4383	4331	4298
4331	4243	4298
4425	4413	4383
4425	4498	4413
4425	4408	4498
4537	4522	4498
4537	4604	4522
4604	4578	4522
4578	4520	4522
4520	4478	4522
4520	4530	4478
4530	4435	4478
4530	4439	4435
4439	4371	4435
4439	4414	4371
4414	4360	4371
4360	4327	4371
4327	4268	4371
4268	4310	4371
4268	4225	4310
4225	4331	4310
4327	4265	4268
4327	4329	4265
4329	4313	4265
4313	4216	4265
4313	4238	4216
4313	4355	4238
4355	4314	4238
4314	4204	4238
4314	4212	4204
4314	4273	4212
4273	4185	4212
4273	4230	4185
4230	4133	4185
4230	4196	4133
4196	4086	4133
4086	3950	4133
4086	3932	3950
4196	4217	4086
4217	4064	4086
4196	4249	4217
4196	4308	4249
4308	4305	4249
4305	4328	4249
4328	4343	4249
4343	4229	4249
4343	4348	4229
4348	4270	4229
4270	4178	4229
4178	4109	4229
4178	4053	4109
4053	4034	4109
4178	4173	4053
4178	4270	4173
4270	4295	4173
4295	4184	4173
4295	4306	4184
4306	4193	4184
4193	4163	4184
4306	4199	4193
4295	4296	4306
4296	4429	4306
4429	4397	4306
4429	4418	4397
4418	4454	4397
4454	4366	4397
4454	4426	4366
4426	4304	4366
4426	4391	4304
4391	4325	4304
4325	4289	4304
4325	4264	4289
4264	4226	4289
4264	4231	4226
4231	4201	4226
4201	4119	4226
4201	4113	4119
4113	4023	4119
4023	4019	4119
4019	4087	4119
4087	4136	4119
4019	3987	4087
3987	4013	4087
3987	3984	4013
3984	3955	4013
3955	4006	4013
3955	3887	4006
4019	3958	3987
3958	3893	3987
3958	3907	3893
3958	3921	3907
3921	3841	3907
3921	3936	3841
3936	3883	3841
3883	3828	3841
3828	3766	3841
3828	3741	3766
3741	3699	3766
3699	3650	3766
3699	3661	3650
3699	3672	3661
3672	3579	3661
3672	3637	3579
3637	3594	3579
3594	3565	3579
3565	3493	3579
3493	3510	3579
3493	3423	3510
3493	3362	3423
3362	3269	3423
3362	3334	3269
3362	3436	3334
3436	3322	3334
3322	3191	3334
3322	3323	3191
3322	3436	3323
3362	3493	3436
3493	3508	3436
3493	3565	3508
3565	3594	3508
3594	3634	3508
3634	3578	3508
3578	3501	3508
3501	3440	3508
3501	3415	3440
3501	3413	3415
3413	3315	3415
3501	3517	3413
3517	3378	3413
3517	3555	3378
3555	3502	3378
3502	3399	3378
3502	3482	3399
3482	3448	3399
3448	3298	3399
3502	3577	3482
3502	3570	3577
3570	3621	3577
3570	3607	3621
3607	3685	3621
3685	3716	3621
3685	3729	3716
3729	3762	3716
3762	3811	3716
3762	3774	3811
3774	3874	3811
3874	3892	3811
3892	3873	3811
3873	3868	3811
3868	3802	3811
3873	3993	3868
3993	3953	3868
3993	4007	3953
4007	3978	3953
3978	3886	3953
3978	3962	3886
3978	4011	3962
4011	4010	3962
4010	4005	3962
4010	4040	4005
4040	4130	4005
4130	4021	4005
4130	4118	4021
4118	4028	4021
4118	4074	4028
4074	4070	4028
4074	4242	4070
4074	4118	4242
4118	4244	4242
4244	4252	4242
4252	4256	4242
4256	4171	4242
4252	4379	4256
4252	4335	4379
4335	4402	4379
4335	4377	4402
4377	4423	4402
4377	4436	4423
4436	4474	4423
4474	4493	4423
4474	4561	4493
4561	4590	4493
4590	4523	4493
4523	4475	4493
4523	4515	4475
4523	4565	4515
4565	4591	4515
4591	4587	4515
4591	4600	4587
4600	4624	4587
4624	4581	4587
4624	4628	4581
4624	4697	4628
4697	4719	4628
4719	4663	4628
4663	4635	4628
4635	4593	4628
4635	4631	4593
4631	4538	4593
4538	4516	4593
4516	4532	4593
4538	4505	4516
4631	4629	4538
4629	4572	4538
4629	4617	4572
4617	4531	4572
4617	4651	4531
4651	4592	4531
4651	4686	4592
4686	4667	4592
4667	4584	4592
4584	4508	4592
4667	4649	4584
4649	4609	4584
4667	4688	4649
4667	4734	4688
4734	4750	4688
4750	4725	4688
4750	4766	4725
4766	4791	4725
4766	4808	4791
4808	4828	4791
4828	4848	4791
4848	4803	4791
4848	4862	4803
4848	4916	4862
4916	4940	4862
4940	4931	4862
4940	4939	4931
4916	4936	4940
4936	4984	4940
4984	5014	4940
4984	5018	5014
5018	5033	5014
5018	5030	5033
5030	5070	5033
5070	5064	5033
5070	5065	5064
5070	5099	5065
5099	5078	5065
5099	5106	5078
5106	5085	5078
5085	5079	5078
5079	5072	5078
5079	5052	5072
5052	5035	5072
5079	5087	5052
5079	5085	5087
5085	5097	5087
5097	5082	5087
5082	5075	5087
5082	5067	5075
5082	5081	5067
5081	5074	5067
5074	5051	5067
5074	5038	5051
5074	5081	5038
5081	5094	5038
5094	5027	5038
5027	5008	5038
5008	5013	5038
5008	4995	5013
5008	4976	4995
4976	4957	4995
4957	4965	4995
4976	4867	4957
5008	5027	4976
5027	4977	4976
5027	5015	4977
5027	5054	5015
5054	5037	5015
5054	5076	5037
5076	5031	5037
5076	5057	5031
5057	5043	5031
5043	4990	5031
5043	5007	4990
5007	4978	4990
4978	4932	4990
5007	5009	4978
5009	4941	4978
5007	5057	5009
5057	5066	5009
5066	5062	5009
5062	5012	5009
5062	5053	5012
5062	5095	5053
5095	5073	5053
5073	5022	5053
5022	4988	5053
5073	5036	5022
5036	5002	5022
5036	4963	5002
5036	5042	4963
5042	4966	4963
4966	4933	4963
4966	4902	4933
4966	4937	4902
4937	4891	4902
4937	4859	4891
4859	4852	4891
4937	4904	4859
4904	4827	4859
4904	4895	4827
4895	4818	4827
4895	4903	4818
4903	4890	4818
4903	4926	4890
4926	4861	4890
4926	4930	4861
4930	4912	4861
4912	4839	4861
4839	4837	4861
4837	4838	4861
4912	4882	4839
4882	4816	4839
4912	4920	4882
4920	4922	4882
4920	4968	4922
4968	4935	4922
4935	4949	4922
4949	4906	4922
4906	4851	4922
4906	4899	4851
4899	4778	4851
4778	4824	4851
4824	4816	4851
4824	4757	4816
4757	4730	4816
4824	4746	4757
4824	4728	4746
4824	4769	4728
4769	4707	4728
4769	4709	4707
4709	4639	4707
4709	4659	4639
4659	4627	4639
4659	4702	4627
4702	4664	4627
4664	4652	4627
4652	4604	4627
4604	4537	4627
4652	4643	4604
4643	4578	4604
4643	4614	4578
4614	4530	4578
4530	4520	4578
4614	4597	4530
4597	4545	4530
4545	4439	4530
4545	4490	4439
4490	4414	4439
4490	4376	4414
4376	4360	4414
4376	4313	4360
4313	4329	4360
4329	4327	4360
4376	4355	4313
4376	4434	4355
4434	4314	4355
4434	4378	4314
4378	4353	4314
4353	4273	4314
4353	4284	4273
4284	4230	4273
4284	4308	4230
4308	4196	4230
4284	4392	4308
4392	4410	4308
4410	4328	4308
4328	4305	4308
4410	4442	4328
4442	4343	4328
4442	4420	4343
4420	4348	4343
4420	4296	4348
4296	4270	4348
4296	4295	4270
4420	4424	4296
4424	4429	4296
4424	4494	4429
4494	4499	4429
4499	4460	4429
4460	4418	4429
4460	4454	4418
4460	4513	4454
4513	4566	4454
4566	4540	4454
4540	4471	4454
4471	4426	4454
4471	4449	4426
4449	4391	4426
4449	4373	4391
4373	4325	4391
4373	4264	4325
4373	4374	4264
4374	4345	4264
4345	4231	4264
4345	4246	4231
4246	4160	4231
4160	4175	4231
4175	4201	4231
4175	4113	4201
4175	4160	4113
4160	4080	4113
4080	4023	4113
4080	4008	4023
4008	3985	4023
3985	4019	4023
3985	3958	4019
3985	3921	3958
3985	3936	3921
3985	4008	3936
4008	3959	3936
3959	3897	3936
3897	3883	3936
3897	3828	3883
3897	3835	3828
3835	3741	3828
3835	3738	3741
3738	3693	3741
3693	3672	3741
3672	3699	3741
3693	3637	3672
3693	3708	3637
3708	3634	3637
3634	3594	3637
3708	3713	3634
3713	3622	3634
3622	3578	3634
3622	3619	3578
3619	3581	3578
3581	3501	3578
3581	3517	3501
3581	3610	3517
3610	3555	3517
3610	3607	3555
3607	3537	3555
3537	3502	3555
3537	3570	3502
3537	3607	3570
3610	3685	3607
3610	3682	3685
3682	3706	3685
3706	3769	3685
3769	3729	3685
3769	3774	3729
3774	3762	3729
3769	3874	3774
3769	3781	3874
3781	3878	3874
3878	3923	3874
3923	3892	3874
3923	3946	3892
3946	3873	3892
3946	3993	3873
3946	4020	3993
4020	4042	3993
4042	4007	3993
4042	4082	4007
4082	4137	4007
4137	4125	4007
4125	4011	4007
4011	3978	4007
4125	4040	4011
4040	4010	4011
4125	4159	4040
4159	4130	4040
4159	4210	4130
4210	4118	4130
4210	4244	4118
4210	4335	4244
4335	4252	4244
4210	4288	4335
4288	4315	4335
4315	4377	4335
4315	4433	4377
4433	4436	4377
4433	4474	4436
4433	4483	4474
4483	4521	4474
4521	4561	4474
4521	4562	4561
4562	4620	4561
4620	4615	4561
4615	4590	4561
4615	4658	4590
4658	4607	4590
4607	4588	4590
4588	4523	4590
4588	4565	4523
4588	4591	4565
4588	4672	4591
4672	4600	4591
4672	4713	4600
4713	4624	4600
4713	4685	4624
4685	4697	4624
4685	4716	4697
4716	4719	4697
4716	4736	4719
4736	4779	4719
4779	4748	4719
4748	4663	4719
4748	4638	4663
4638	4631	4663
4631	4635	4663
4638	4629	4631
4638	4617	4629
4638	4637	4617
4637	4636	4617
4636	4651	4617
4636	4720	4651
4720	4686	4651
4720	4743	4686
4743	4747	4686
4747	4667	4686
4747	4734	4667
4747	4780	4734
4780	4785	4734
4785	4750	4734
4785	4808	4750
4808	4766	4750
4785	4836	4808
4836	4828	4808
4836	4873	4828
4873	4848	4828
4873	4916	4848
4873	4911	4916
4873	4876	4911
4876	4853	4911
4853	4850	4911
4850	4872	4911
4872	4914	4911
4914	4919	4911
4914	4934	4919
4914	4917	4934
4917	4945	4934
4945	4991	4934
4945	4997	4991
4997	5010	4991
5010	5028	4991
5028	4992	4991
5028	5030	4992
5030	5018	4992
5018	4984	4992
4984	4979	4992
4984	4936	4979
4936	4916	4979
5028	5044	5030
5044	5080	5030
5080	5070	5030
5080	5104	5070
5104	5099	5070
5104	5103	5099
5103	5107	5099
5107	5106	5099
5107	5114	5106
5114	5108	5106
5108	5097	5106
5097	5085	5106
5108	5100	5097
5100	5082	5097
5100	5081	5082
5100	5101	5081
5101	5094	5081
5101	5115	5094
5115	5109	5094
5109	5086	5094
5086	5054	5094
5054	5027	5094
5086	5076	5054
5086	5084	5076
5084	5066	5076
5066	5057	5076
5084	5077	5066
5077	5062	5066
5077	5092	5062
5092	5095	5062
5092	5096	5095
5092	5077	5096
5077	5084	5096
5084	5098	5096
5098	5109	5096
5098	5086	5109
5098	5084	5086
5101	5114	5115
5101	5108	5114
5101	5100	5108
5107	5117	5114
5117	5123	5114
5117	5122	5123
5122	5124	5123
5122	5120	5124
5120	5113	5124
5120	5110	5113
5110	5089	5113
5110	5102	5089
5102	5047	5089
5047	5068	5089
5047	5006	5068
5006	4989	5068
4989	5061	5068
5061	5090	5068
5061	5060	5090
5061	5049	5060
5049	5025	5060
5025	5063	5060
5025	5023	5063
5023	5032	5063
5032	5048	5063
5048	5069	5063
5069	5091	5063
5091	5111	5063
5091	5093	5111
5093	5118	5111
5093	5095	5118
5093	5073	5095
5093	5091	5073
5091	5069	5073
5069	5036	5073
5069	5042	5036
5069	5048	5042
5048	5032	5042
5032	4966	5042
5032	5023	4966
5023	4937	4966
5023	5025	4937
5025	4960	4937
4960	4904	4937
4960	4903	4904
4903	4895	4904
4960	4971	4903
4971	4926	4903
4971	4961	4926
4961	4956	4926
4956	4930	4926
4956	4964	4930
4964	4912	4930
4964	4972	4912
4972	4920	4912
4972	4968	4920
4972	4993	4968
4993	4999	4968
4999	4935	4968
4999	4998	4935
4998	4982	4935
4982	4949	4935
4982	4980	4949
4980	4947	4949
4947	4906	4949
4947	4899	4906
4947	4923	4899
4923	4845	4899
4845	4778	4899
4845	4809	4778
4809	4724	4778
4724	4769	4778
4769	4824	4778
4724	4709	4769
4724	4702	4709
4702	4659	4709
4724	4703	4702
4703	4664	4702
4703	4652	4664
4703	4643	4652
4703	4687	4643
4687	4662	4643
4662	4625	4643
4625	4597	4643
4597	4614	4643
4625	4545	4597
4625	4616	4545
4616	4512	4545
4512	4490	4545
4512	4458	4490
4458	4376	4490
4458	4434	4376
4458	4512	4434
4512	4467	4434
4467	4378	4434
4467	4392	4378
4392	4353	4378
4392	4284	4353
4467	4528	4392
4528	4438	4392
4438	4410	4392
4438	4442	4410
4438	4510	4442
4510	4511	4442
4511	4420	4442
4511	4424	4420
4511	4494	4424
4511	4618	4494
4618	4499	4494
4511	4569	4618
4569	4601	4618
4601	4645	4618
4645	4675	4618
4675	4680	4618
4675	4739	4680
4739	4755	4680
4755	4731	4680
4755	4795	4731
4795	4732	4731
4795	4796	4732
4796	4741	4732
4741	4679	4732
4741	4695	4679
4695	4668	4679
4695	4633	4668
4633	4562	4668
4633	4620	4562
4633	4615	4620
4633	4658	4615
4633	4715	4658
4715	4717	4658
4717	4672	4658
4672	4607	4658
4672	4588	4607
4717	4713	4672
4717	4762	4713
4762	4830	4713
4830	4721	4713
4721	4685	4713
4721	4716	4685
4721	4736	4716
4721	4781	4736
4781	4802	4736
4802	4779	4736
4781	4825	4802
4825	4880	4802
4880	4874	4802
4880	4898	4874
4898	4896	4874
4898	4924	4896
4924	4918	4896
4918	4881	4896
4918	4883	4881
4883	4860	4881
4883	4872	4860
4872	4814	4860
4814	4779	4860
4814	4748	4779
4814	4763	4748
4763	4636	4748
4636	4637	4748
4637	4638	4748
4763	4760	4636
4760	4720	4636
4760	4751	4720
4751	4743	4720
4751	4782	4743
4782	4747	4743
4782	4780	4747
4782	4815	4780
4815	4836	4780
4836	4785	4780
4815	4853	4836
4853	4873	4836
4853	4876	4873
4815	4835	4853
4835	4850	4853
4835	4814	4850
4814	4872	4850
4835	4782	4814
4782	4751	4814
4751	4760	4814
4760	4763	4814
4835	4815	4782
4883	4917	4872
4917	4914	4872
4883	4925	4917
4925	4952	4917
4952	4945	4917
4952	4997	4945
4952	4975	4997
4975	5000	4997
5000	5010	4997
5000	5034	5010
5034	5028	5010
5034	5044	5028
5034	5071	5044
5071	5080	5044
5071	5083	5080
5083	5104	5080
5083	5088	5104
5088	5116	5104
5116	5121	5104
5121	5103	5104
5121	5117	5103
5117	5107	5103
5121	5122	5117
5121	5116	5122
5116	5112	5122
5112	5120	5122
5112	5110	5120
5112	5102	5110
5112	5116	5102
5116	5088	5102
5088	5055	5102
5055	5047	5102
5055	5041	5047
5041	5024	5047
5024	5006	5047
5024	4993	5006
4993	4972	5006
4972	4964	5006
4964	4989	5006
4964	4956	4989
4956	4961	4989
4961	5040	4989
5040	5061	4989
5040	5049	5061
5040	5025	5049
5040	4960	5025
5040	4971	4960
5040	4961	4971
5024	5016	4993
5016	4999	4993
5016	5055	4999
5055	4998	4999
5055	5026	4998
5026	4982	4998
5026	5005	4982
5005	4980	4982
5005	4986	4980
4986	4946	4980
4946	4947	4980
4946	4923	4947
4946	4877	4923
4877	4845	4923
4877	4813	4845
4813	4809	4845
4813	4777	4809
4777	4724	4809
4777	4703	4724
4777	4770	4703
4770	4759	4703
4759	4687	4703
4770	4813	4759
4813	4833	4759
4833	4834	4759
4833	4889	4834
4889	4864	4834
4864	4840	4834
4840	4767	4834
4767	4727	4834
4767	4744	4727
4744	4722	4727
4722	4642	4727
4642	4662	4727
4642	4616	4662
4616	4625	4662
4642	4596	4616
4596	4512	4616
4596	4557	4512
4557	4467	4512
4557	4528	4467
4557	4563	4528
4563	4554	4528
4554	4438	4528
4554	4510	4438
4554	4552	4510
4552	4511	4510
4552	4569	4511
4552	4554	4569
4554	4601	4569
4554	4612	4601
4612	4645	4601
4612	4646	4645
4646	4675	4645
4646	4696	4675
4696	4739	4675
4696	4756	4739
4756	4773	4739
4773	4755	4739
4773	4842	4755
4842	4795	4755
4842	4855	4795
4855	4796	4795
4855	4885	4796
4855	4901	4885
4901	4905	4885
4905	4825	4885
4825	4829	4885
4829	4830	4885
4829	4794	4830
4794	4721	4830
4794	4781	4721
4794	4825	4781
4794	4829	4825
4905	4880	4825
4905	4950	4880
4950	4898	4880
4950	4943	4898
4943	4924	4898
4943	4954	4924
4954	4951	4924
4951	4918	4924
4951	4925	4918
4925	4883	4918
4951	4952	4925
4951	4975	4952
4951	4969	4975
4969	4983	4975
4983	5019	4975
5019	5000	4975
5019	5034	5000
5019	5029	5034
5029	5059	5034
5059	5071	5034
5059	5088	5071
5088	5083	5071
5059	5050	5088
5059	5029	5050
5029	5017	5050
5029	5011	5017
5011	5001	5017
5001	5003	5017
5001	4994	5003
4994	4987	5003
4987	4996	5003
4996	5005	5003
4996	4986	5005
4996	4970	4986
4970	4946	4986
4970	4877	4946
4996	4973	4970
4973	4942	4970
4973	4959	4942
4973	4987	4959
4987	4994	4959
4994	4967	4959
4994	4981	4967
4981	4969	4967
4969	4954	4967
4969	4951	4954
4981	4983	4969
4981	5001	4983
5001	5011	4983
5011	5019	4983
5011	5029	5019
4981	4994	5001
4973	4996	4987
4943	4953	4954
4943	4950	4953
4950	4921	4953
4950	4897	4921
4897	4907	4921
4907	4915	4921
4915	4942	4921
4907	4875	4915
4875	4889	4915
4875	4864	4889
4875	4840	4864
4875	4847	4840
4847	4806	4840
4806	4767	4840
4806	4744	4767
4806	4722	4744
4806	4798	4722
4798	4756	4722
4756	4696	4722
4696	4642	4722
4696	4661	4642
4661	4596	4642
4661	4605	4596
4605	4557	4596
4605	4563	4557
4605	4602	4563
4602	4554	4563
4602	4612	4554
4602	4646	4612
4602	4605	4646
4605	4661	4646
4661	4696	4646
4798	4865	4756
4798	4846	4865
4846	4897	4865
4846	4907	4897
4846	4847	4907
4847	4875	4907
4846	4806	4847
4846	4798	4806
4905	4927	4950
4905	4901	4927
4855	4842	4901
4833	4858	4889
4858	4877	4889
4858	4813	4877
4858	4833	4813
4770	4777	4813
5055	5050	5026
5016	5024	5055
5024	5041	5055
4717	4715	4762
4715	4741	4762
4741	4796	4762
4715	4695	4741
4715	4633	4695
4521	4481	4562
4481	4430	4562
4430	4482	4562
4482	4534	4562
4482	4472	4534
4482	4395	4472
4395	4419	4472
4419	4449	4472
4449	4517	4472
4449	4471	4517
4471	4540	4517
4540	4560	4517
4540	4583	4560
4540	4566	4583
4566	4580	4583
4566	4618	4580
4419	4373	4449
4419	4374	4373
4419	4395	4374
4395	4345	4374
4395	4422	4345
4422	4301	4345
4301	4276	4345
4276	4246	4345
4276	4168	4246
4168	4160	4246
4168	4147	4160
4147	4080	4160
4147	4058	4080
4058	4008	4080
4058	4014	4008
4014	3959	4008
4014	3940	3959
3940	3897	3959
3940	3870	3897
3870	3835	3897
3870	3838	3835
3838	3738	3835
3838	3796	3738
3796	3759	3738
3759	3713	3738
3713	3708	3738
3708	3693	3738
3759	3797	3713
3797	3731	3713
3731	3682	3713
3682	3622	3713
3682	3619	3622
3682	3610	3619
3610	3581	3619
3731	3706	3682
3731	3781	3706
3781	3769	3706
3731	3797	3781
3797	3878	3781
3797	3867	3878
3867	3923	3878
3867	3864	3923
3864	3979	3923
3979	4041	3923
4041	4032	3923
4032	4026	3923
4026	3946	3923
4026	4003	3946
4003	4020	3946
4003	4042	4020
4003	4026	4042
4026	4162	4042
4162	4082	4042
4162	4166	4082
4166	4174	4082
4174	4137	4082
4174	4186	4137
4186	4221	4137
4221	4159	4137
4159	4125	4137
4221	4210	4159
4221	4288	4210
4221	4257	4288
4257	4315	4288
4257	4324	4315
4324	4433	4315
4324	4363	4433
4363	4483	4433
4363	4485	4483
4485	4492	4483
4492	4521	4483
4492	4481	4521
4492	4485	4481
4485	4363	4481
4363	4338	4481
4338	4430	4481
4338	4301	4430
4301	4422	4430
4422	4482	4430
4422	4395	4482
4338	4286	4301
4286	4281	4301
4281	4276	4301
4281	4168	4276
4281	4167	4168
4167	4151	4168
4151	4107	4168
4107	4147	4168
4107	4058	4147
4107	4054	4058
4054	4014	4058
4054	4004	4014
4004	3940	4014
4004	3961	3940
3961	3870	3940
3961	3979	3870
3979	3864	3870
3864	3838	3870
3864	3796	3838
3864	3867	3796
3867	3797	3796
3797	3759	3796
3961	4004	3979
4004	4054	3979
4054	4045	3979
4045	4041	3979
4045	4069	4041
4069	4051	4041
4051	4032	4041
4051	4069	4032
4069	4170	4032
4170	4162	4032
4162	4026	4032
4170	4278	4162
4278	4228	4162
4228	4166	4162
4228	4174	4166
4228	4186	4174
4228	4257	4186
4257	4221	4186
4228	4322	4257
4322	4324	4257
4322	4363	4324
4322	4332	4363
4332	4338	4363
4332	4278	4338
4278	4260	4338
4260	4286	4338
4260	4167	4286
4167	4281	4286
4260	4170	4167
4170	4069	4167
4069	4117	4167
4117	4151	4167
4117	4107	4151
4117	4054	4107
4117	4045	4054
4117	4069	4045
4260	4278	4170
4332	4322	4278
4322	4228	4278
4513	4499	4566
4513	4460	4499
5007	5043	5057
3117	3230	3160
3117	3247	3230
3117	3130	3247
3124	3360	3233
3360	3390	3233
3360	3428	3390
3428	3466	3390
3428	3434	3466
3434	3569	3466
3569	3574	3466
3428	3360	3434
3135	3137	3271
3137	3238	3271
3238	3327	3271
3137	3164	3238
3139	3330	3283
3330	3338	3283
3338	3347	3283
3347	3294	3283
3338	3542	3347
3542	3513	3347
3542	3680	3513
3680	3543	3513
3142	3183	3345
3183	3348	3345
3348	3549	3345
3348	3446	3549
3446	3543	3549
3348	3375	3446
3348	3183	3375
3183	3294	3375
3345	3341	3142
3341	3309	3142
3144	3259	3165
3144	3213	3259
3213	3381	3259
3213	3402	3381
3402	3562	3381
3562	3494	3381
3213	3215	3402
3215	3379	3402
3215	3333	3379
3149	3285	3281
3149	3171	3285
3285	3463	3281
3281	3261	3149
3161	3329	3266
3329	3431	3266
3329	3435	3431
3435	3611	3431
3435	3593	3611
3435	3439	3593
3439	3514	3593
3439	3361	3514
3361	3411	3514
3361	3331	3411
3361	3296	3331
3361	3329	3296
3361	3439	3329
3439	3435	3329
3174	3290	3297
3176	3287	3177
3176	3272	3287
3272	3385	3287
3272	3484	3385
3186	3248	3221
3186	3131	3248
3131	3277	3248
3248	3346	3221
3248	3409	3346
3409	3522	3346
3522	3545	3346
3545	3384	3346
3192	3241	3204
3201	3208	3432
3208	3299	3432
3299	3473	3432
3299	3430	3473
3432	3405	3201
3206	3255	3356
3255	3323	3356
3227	3370	3234
3234	3111	3227
3253	3377	3267
3263	3538	3321
3321	3167	3263
3321	3316	3167
3321	3548	3316
3548	3326	3316
3321	3604	3548
3321	3538	3604
3308	3509	3469
3312	3557	3462
3313	3353	3533
3353	3575	3533
3575	3624	3533
3325	3373	3424
3424	3471	3325
3471	3363	3325
3471	3453	3363
3453	3403	3363
3373	3480	3424
3332	3371	3491
3371	3459	3491
3335	3383	3389
3342	3554	3567
3554	3659	3567
3342	3309	3554
3367	3441	3547
3367	3382	3441
3372	3460	3391
3460	3470	3391
3470	3499	3391
3499	3433	3391
3372	3422	3460
3376	3474	3505
3474	3609	3505
3609	3587	3505
3474	3617	3609
3617	3657	3609
3657	3683	3609
3657	3744	3683
3657	3617	3744
3617	3748	3744
3617	3629	3748
3387	3454	3404
3404	3217	3387
3397	3521	3488
3400	3511	3586
3511	3678	3586
3678	3656	3586
3656	3612	3586
3612	3400	3586
3612	3385	3400
3656	3662	3612
3662	3625	3612
3678	3790	3656
3678	3788	3790
3788	3931	3790
3931	3908	3790
3511	3559	3678
3408	3507	3481
3429	3492	3516
3492	3615	3516
3615	3614	3516
3492	3592	3615
3444	3534	3519
3444	3486	3534
3450	3660	3640
3660	3688	3640
3688	3636	3640
3636	3546	3640
3688	3720	3636
3688	3821	3720
3688	3847	3821
3847	3972	3821
3972	3849	3821
3688	3861	3847
3688	3852	3861
3852	3928	3861
3928	4056	3861
3928	3911	4056
3911	4103	4056
4103	4272	4056
4272	4233	4056
4272	4354	4233
4354	4344	4233
4354	4412	4344
4354	4307	4412
4307	4339	4412
4339	4477	4412
4339	4351	4477
4339	4311	4351
4354	4272	4307
3928	3801	3911
3928	3784	3801
3784	3690	3801
3784	3660	3690
3660	3450	3690
3784	3852	3660
3852	3688	3660
3784	3928	3852
3455	3535	3475
3535	3645	3475
3645	3490	3475
3645	3600	3490
3645	3771	3600
3771	3822	3600
3645	3772	3771
3772	3884	3771
3772	3918	3884
3918	3986	3884
3918	3989	3986
3989	4029	3986
4029	4180	3986
4180	4143	3986
3989	3918	4029
3918	3888	4029
3888	3997	4029
3645	3631	3772
3645	3535	3631
3455	3311	3535
3468	3512	3496
3512	3540	3496
3512	3603	3540
3603	3631	3540
3487	3608	3561
3497	3644	3520
3644	3580	3520
3644	3696	3580
3696	3677	3580
3696	3702	3677
3696	3799	3702
3799	3758	3702
3758	3698	3702
3525	3605	3530
3531	3726	3777
3726	3785	3777
3539	3704	3596
3704	3740	3596
3704	3816	3740
3704	3679	3816
3596	3564	3539
3573	3597	3639
3597	3519	3639
3582	3620	3667
3582	3463	3620
3583	3703	3643
3643	3454	3583
3703	3652	3643
3583	3600	3703
3626	3649	3763
3628	3709	3732
3732	3717	3628
3732	3814	3717
3632	3684	3722
3633	3700	3676
3700	3787	3676
3787	3733	3676
3647	3735	3721
3735	3789	3721
3789	3745	3721
3745	3697	3721
3745	3843	3697
3843	3827	3697
3843	3927	3827
3927	3969	3827
3843	3926	3927
3843	3789	3926
3789	3904	3926
3904	3937	3926
3904	3915	3937
3904	3735	3915
3735	3733	3915
3904	3789	3735
3843	3745	3789
3687	3795	3753
3795	3919	3753
3919	3854	3753
3919	3920	3854
3795	3826	3919
3687	3652	3795
3707	3751	3760
3760	3719	3707
3712	3839	3743
3723	3813	3834
3813	3954	3834
3813	3930	3954
3930	4050	3954
4050	4048	3954
4050	4145	4048
4050	4165	4145
4165	4299	4145
4299	4248	4145
4299	4417	4248
4299	4346	4417
4346	4456	4417
4456	4573	4417
4573	4504	4417
4573	4535	4504
4573	4647	4535
4456	4634	4573
4456	4621	4634
4346	4388	4456
4299	4165	4346
3736	3858	3778
3858	3780	3778
3858	3963	3780
3858	4009	3963
4009	4078	3963
4009	4153	4078
4153	4220	4078
4220	4280	4078
4280	4116	4078
4280	4291	4116
4291	4121	4116
4280	4316	4291
4220	4321	4280
4220	4386	4321
4009	4071	4153
3736	3740	3858
3737	3848	3891
3848	3951	3891
3951	4044	3891
4044	4149	3891
4044	4150	4149
3848	3845	3951
3845	3889	3951
3845	3825	3889
3845	3848	3825
3749	3830	3819
3830	3842	3819
3830	3909	3842
3909	4067	3842
3830	3840	3909
3830	3777	3840
3830	3749	3777
3761	3800	3793
3765	3770	3823
3776	3829	3798
3829	3859	3798
3859	3817	3798
3786	3837	3913
3913	3922	3786
3913	4090	3922
4090	3931	3922
3913	4088	4090
4088	4156	4090
4088	4266	4156
4088	4097	4266
4097	4100	4266
4097	4057	4100
4088	3966	4097
4088	3913	3966
3913	3837	3966
3804	3850	3865
3865	3879	3804
3818	3903	3994
3994	3889	3818
3903	4024	3994
4024	4110	3994
4110	4128	3994
4024	4027	4110
4024	3903	4027
3853	3935	3910
3910	3876	3853
3935	4102	3910
4102	4129	3910
4129	4111	3910
4129	4200	4111
4200	4192	4111
4129	4141	4200
4141	4214	4200
4214	4361	4200
4361	4455	4200
4361	4463	4455
4361	4372	4463
4361	4214	4372
4214	4263	4372
4263	4421	4372
4263	4398	4421
4398	4571	4421
4214	4126	4263
4129	4102	4141
3853	3871	3935
3862	3869	3881
3869	4033	3881
3869	3879	4033
3880	3952	3970
3952	4068	3970
4068	4084	3970
4084	4083	3970
4083	3996	3970
4083	4089	3996
4089	4049	3996
4089	4123	4049
4089	4164	4123
4164	4155	4123
4089	4176	4164
4089	4083	4176
4083	4084	4176
4084	4195	4176
4195	4241	4176
4195	4235	4241
4235	4406	4241
4195	4181	4235
4195	4068	4181
4068	4085	4181
4085	4140	4181
4140	4222	4181
4085	4092	4140
4085	4031	4092
4031	3957	4092
3957	3944	4092
3944	4052	4092
3944	3929	4052
3929	3968	4052
3968	4043	4052
3957	3890	3944
3957	3952	3890
3957	4031	3952
4031	4068	3952
4031	4085	4068
4195	4084	4068
3901	4037	3971
3960	4098	4016
3975	4104	4114
4104	4179	4114
4179	4213	4114
3977	4000	4001
3977	3891	4000
3980	4091	4066
4091	4112	4066
4091	4199	4112
4199	4177	4112
4177	4142	4112
4177	4202	4142
4177	4253	4202
4177	4199	4253
3988	4012	4094
4012	4120	4094
4094	4076	3988
4025	4250	4208
4250	4368	4208
4025	4169	4250
4047	4072	4182
4047	3972	4072
4072	4240	4182
4182	4043	4047
4077	4271	4218
4105	4108	4247
4154	4232	4187
4232	4251	4187
4232	4294	4251
4294	4333	4251
4333	4234	4251
4190	4356	4215
4190	4261	4356
4205	4312	4290
4206	4287	4267
4287	4404	4267
4317	4382	4334
4382	4375	4334
4375	4349	4334
4382	4497	4375
4497	4444	4375
4382	4529	4497
4382	4450	4529
4450	4577	4529
4577	4640	4529
4450	4575	4577
4382	4317	4450
4317	4344	4450
4319	4409	4326
4319	4431	4409
4431	4464	4409
4431	4465	4464
4323	4488	4509
4337	4365	4470
4470	4447	4337
4341	4469	4526
4469	4582	4526
4582	4525	4526
4582	4603	4525
4603	4527	4525
4603	4536	4527
4603	4598	4536
4598	4550	4536
4582	4670	4603
4582	4690	4670
4690	4694	4670
4690	4712	4694
4690	4723	4712
4582	4650	4690
4582	4632	4650
4352	4466	4445
4362	4484	4401
4394	4519	4506
4400	4451	4416
4451	4495	4416
4495	4555	4416
4555	4406	4416
4495	4556	4555
4556	4610	4555
4451	4444	4495
4432	4480	4441
4432	4447	4480
4443	4503	4461
4461	4446	4443
4461	4503	4446
4459	4653	4518
4653	4691	4518
4691	4669	4518
4669	4594	4518
4462	4570	4657
4462	4386	4570
4487	4611	4608
4611	4678	4608
4611	4666	4678
4666	4714	4678
4666	4804	4714
4501	4558	4630
4501	4480	4558
4558	4673	4630
4630	4622	4501
4622	4543	4501
4533	4564	4701
4553	4613	4704
4729	4811	4768
4768	4621	4729
4811	4826	4768
4742	4792	4849
4790	4793	4870
72	125	113
100	61	125
100	62	61
473	516	421
684	744	568
744	622	568
725	806	716
806	674	716
806	713	674
713	664	674
725	763	806
725	762	763
762	875	763
762	827	875
762	746	827
746	777	827
679	670	606
632	579	628
775	854	632
775	819	854
935	1143	1027
1222	1240	1143
882	726	900
726	881	900
726	686	881
951	1082	1095
1191	1163	1362
928	1037	955
1202	1115	1118
1115	990	1118
1350	1614	1435
1614	1503	1435
1614	1557	1503
1284	1391	1340
1128	1341	1284
1341	1417	1284
1128	1196	1341
1416	1476	1521
654	681	712
846	1111	857
1111	1109	857
1338	1506	1288
538	514	557
538	512	514
512	434	514
207	106	132
908	855	817
669	780	803
669	690	780
669	646	690
926	985	858
1065	1023	1046
1023	986	1046
1065	1076	1023
822	689	896
325	390	412
93	165	134
93	110	165
92	50	103
76	55	51
76	65	55
895	778	889
778	872	889
298	370	275
370	320	275
370	410	320
159	292	161
530	575	413
575	456	413
486	560	532
486	401	560
920	1083	864
920	1199	1083
920	1108	1199
1108	1367	1199
1367	1332	1199
1108	1228	1367
920	911	1108
547	466	649
466	435	649
435	475	649
435	451	475
451	474	475
451	349	474
451	345	349
322	242	247
658	550	498
550	476	498
828	1026	830
536	574	594
728	893	734
533	520	517
839	740	704
839	924	740
751	590	829
751	565	590
1282	1287	1209
1287	1104	1209
1104	1058	1209
1093	1199	1180
913	727	810
972	833	924
1154	1221	939
1221	1069	939
1221	1256	1069
1194	1301	1041
1301	1257	1041
1257	1036	1041
1036	1005	1041
1301	1358	1257
1579	1580	1493
1631	1792	1580
1792	1593	1580
1631	1747	1792
1139	1214	1034
1139	1249	1214
1698	1807	1564
1544	1347	1597
1359	1508	1260
1290	1294	1198
1450	1415	1365
1267	982	1270
1436	1456	1267
1436	1562	1456
1562	1570	1456
1562	1718	1570
1718	1679	1570
1718	1793	1679
1562	1778	1718
1443	1498	1396
1567	1734	1584
1567	1666	1734
1569	1423	1483
1504	1653	1457
1653	1528	1457
1653	1749	1528
1504	1574	1653
1574	1849	1653
1849	1905	1653
1315	1230	1428
1315	1298	1230
1337	1321	1554
1321	1589	1554
1321	1399	1589
1399	1684	1589
1399	1677	1684
1399	1433	1677
1433	1676	1677
1433	1591	1676
1399	1273	1433
1551	1519	1421
1335	1384	1453
1806	1956	1924
1452	1632	1525
1702	1971	1729
1971	1911	1729
1911	1849	1729
1721	1943	1812
1485	1553	1560
1530	1755	1657
1755	1654	1657
1755	1894	1654
1894	1731	1654
2279	2105	2189
2279	2347	2105
2347	2345	2105
2279	2567	2347
2279	2311	2567
2311	2584	2567
2311	2525	2584
2525	2618	2584
2311	2329	2525
1550	1787	1707
1787	1824	1707
1550	1688	1787
1550	1604	1688
1923	2129	2000
2129	2156	2000
2156	2165	2000
2165	2088	2000
2156	2260	2165
1714	1907	1758
1714	1922	1907
1714	1709	1922
1709	1921	1922
1858	1706	1675
1858	1862	1706
1861	2172	1913
2172	2116	1913
1861	2099	2172
2013	2249	2274
2344	2631	2411
2344	2537	2631
2344	2343	2537
2932	3113	2880
3113	2963	2880
3113	3190	2963
3190	3118	2963
3190	3328	3118
2910	3103	3038
2910	2877	3103
2910	2789	2877
2007	1796	1851
2007	1802	1796
2080	2216	2157
2216	2422	2157
2216	2446	2422
2446	2637	2422
2637	2481	2422
2481	2214	2422
2481	2458	2214
2446	2727	2637
2727	2753	2637
2446	2607	2727
2216	2418	2446
1978	2192	2010
2812	3035	2998
3035	3024	2998
2812	2993	3035
2993	3016	3035
2167	2416	2187
2130	2169	2167
2414	2432	2384
2432	2324	2384
2324	2192	2384
2314	2185	2442
2185	2213	2442
2202	2145	1989
2145	1891	1989
2145	2038	1891
2145	2184	2038
2202	2425	2145
2352	2212	2229
2212	2101	2229
2212	2281	2101
2486	2433	2352
2733	3050	2774
2733	2732	3050
2305	2282	2420
2173	2178	2146
2396	2669	2410
2669	2544	2410
2396	2662	2669
2396	2466	2662
2396	2419	2466
2396	2240	2419
2246	2034	2101
2034	2029	2101
2648	2690	2734
2179	2337	2309
2337	2377	2309
2510	2469	2291
2469	2253	2291
2510	2520	2469
2502	2564	2508
2554	2460	2513
2554	2661	2460
2661	2576	2460
2554	2647	2661
2647	2768	2661
2632	2857	2763
2632	2636	2857
2913	2968	2763
2968	3055	2763
2884	2861	3012
2920	2942	3058
3083	3054	3025
3674	3860	3651
3860	3705	3651
3674	3836	3860
3295	3381	3457
3295	3259	3381
3925	3981	4062
4500	4364	4542
4514	4502	4393
5020	5045	4985
5045	4962	4985
5020	5058	5045
5004	4841	4866
4841	4761	4866
4841	4792	4761
5004	4955	4841
5004	5039	4955
5056	5046	4955
5046	5021	4955
5021	4863	4955
5021	4938	4863
4884	4654	4740
4654	4641	4740
4884	4843	4654
4884	4888	4843
4507	4406	4555
4226	4119	4289
3415	3356	3440
4882	4851	4816
4882	4922	4851
4911	4919	4916
4919	4979	4916
4919	4991	4979
4991	4992	4979
4919	4934	4991
5113	5118	5124
5113	5111	5118
5060	5111	5090
5060	5063	5111
4618	4566	4499
4680	4580	4618
4680	4731	4580
4731	4583	4580
4731	4732	4583
4732	4560	4583
4732	4679	4560
4802	4881	4779
4881	4860	4779
4759	4662	4687
4759	4727	4662
4759	4834	4727
4885	4830	4796
4830	4762	4796
5050	5055	5088
5017	5003	5050
5003	5005	5050
5005	5026	5050
4970	4889	4877
4970	4915	4889
4970	4942	4915
4959	4921	4942
4959	4967	4921
4967	4953	4921
4967	4954	4953
4865	4773	4756
4865	4842	4773
4865	4927	4842
4927	4901	4842
4865	4897	4927
4897	4950	4927
3233	2957	3124
3294	3183	3283
3557	3746	3462
3659	3739	3567
3640	3546	3450
3861	4056	3847
3822	3703	3600
3822	3794	3703
3822	3975	3794
3564	3351	3539
3596	3649	3564
3649	3357	3564
3596	3778	3649
3778	3780	3649
3632	3319	3684
3700	3779	3787
3779	3899	3787
4248	3954	4145
4150	4446	4149
4446	4428	4149
4428	4203	4149
4150	4443	4446
4150	4380	4443
3859	3808	3817
4250	4489	4368
4247	4224	4105
4447	4558	4480
