284.825033 152.575683 41.183574 255 0 0
297.189502 142.639420 43.485773 255 0 0
310.594983 134.039997 45.699539 255 0 0
325.041474 126.777415 47.824873 255 0 0
340.528977 120.851672 49.861774 255 0 0
357.057491 116.262769 51.810242 255 0 0
374.627016 113.010706 53.670277 255 0 0
393.237552 111.095483 55.441880 255 0 0
412.889100 110.517100 57.125050 0 255 0
394.910041 109.424328 71.740278 0 255 0
378.171851 109.925047 86.250096 0 255 0
362.674529 112.019258 100.654503 0 255 0
348.418076 115.706960 114.953500 0 255 0
335.402491 120.988154 129.147086 0 255 0
323.627775 127.862839 143.235262 0 255 0
313.093927 136.331016 157.218028 0 255 0
303.800947 146.392685 171.095383 0 255 0
