3.424188470710938645e+02 1.127094261279640932e+02 1.442104581691332896e+02
3.448866062423271615e+02 9.930248930430093424e+01 1.366023659689475949e+02
3.442867462051241318e+02 9.217578912531519109e+01 1.124696772838415768e+02
3.485268674062347145e+02 8.269061366536027435e+01 1.000131038857170154e+02
3.572038174055489321e+02 7.790942561922980758e+01 8.516889385508085297e+01
3.635096823503319570e+02 7.469976462695728969e+01 6.381120523443527759e+01
3.825273213519485012e+02 9.109535379349142659e+01 2.392866373426079463e+01
3.808419736416242927e+02 1.107789887845534622e+02 2.072977692186631771e+01
3.671294504456990353e+02 1.163494788348916700e+02 2.659963018515776412e+01
3.591371105847068179e+02 1.266227786601567686e+02 3.198773206005503766e+01
3.498614268738618307e+02 1.368972556240864833e+02 3.546996549678891597e+01
3.438370410010443265e+02 1.526614900898214273e+02 3.330782765411066748e+01
3.391937994204537858e+02 1.692091267438711384e+02 3.170069955060438360e+01
