26.282103 34.402165 10.750000 255 0 0
26.610242 34.344969 9.718750 255 0 0
27.044967 34.186856 8.687500 255 0 0
27.586278 33.927826 7.656250 255 0 0
28.234175 33.567880 6.625000 255 0 0
28.988658 33.107017 5.593750 255 0 0
29.849727 32.545238 4.562500 255 0 0
30.817381 31.882542 3.531250 255 0 0
31.891622 31.118930 2.500000 0 255 0
31.559546 29.843461 3.531250 0 255 0
31.244253 28.713810 4.562500 0 255 0
30.945740 27.729978 5.593750 0 255 0
30.664010 26.891964 6.625000 0 255 0
30.399061 26.199769 7.656250 0 255 0
30.150894 25.653393 8.687500 0 255 0
29.919508 25.252836 9.718750 0 255 0
29.704904 24.998097 10.750000 0 255 0
