   3.7512687e+02   1.7007214e+02   1.4800000e+02
   3.7739055e+02   1.5705224e+02   1.3800000e+02
   3.7201244e+02   1.4912687e+02   1.2800000e+02
   3.7682338e+02   1.4120149e+02   1.1800000e+02
   3.7399254e+02   1.4346517e+02   1.0800000e+02
   3.7116169e+02   1.3299254e+02   9.8000000e+01
   3.7342537e+02   1.4544527e+02   8.8000000e+01
   3.7568905e+02   1.4770896e+02   7.8000000e+01
   3.6776368e+02   1.5506716e+02   6.8000000e+01
   3.6493284e+02   1.8025622e+02   5.8000000e+01
   3.4277114e+02   2.1795522e+02   4.8000000e+01
