   2.9488204e+01   2.6637008e+01   1.2000000e+01
   2.9115069e+01   2.6752749e+01   1.1000000e+01
   2.9363825e+01   2.6984230e+01   1.0000000e+01
   2.9363825e+01   2.7794416e+01   9.0000000e+00
   2.9239447e+01   2.8488860e+01   8.0000000e+00
   2.8493179e+01   3.1845341e+01   7.0000000e+00
   2.9239447e+01   3.3697193e+01   8.0000000e+00
   2.8741935e+01   3.4507378e+01   9.0000000e+00
   2.9239447e+01   3.4507378e+01   1.0000000e+01
   2.9239447e+01   3.4507378e+01   1.1000000e+01
   2.8866313e+01   3.4970341e+01   1.2000000e+01
