   2.9361443e+02   1.7261940e+02   1.5500000e+02
   2.8568905e+02   1.5959950e+02   1.4700000e+02
   2.7985821e+02   1.4612687e+02   1.3900000e+02
   2.7912189e+02   1.3520149e+02   1.3100000e+02
   2.7074378e+02   1.2937065e+02   1.2300000e+02
   2.6746020e+02   1.2353980e+02   1.1500000e+02
   2.6927114e+02   1.1770896e+02   1.0700000e+02
   2.7362935e+02   1.1442537e+02   9.9000000e+01
   2.7544030e+02   1.1368905e+02   9.1000000e+01
   2.8489303e+02   1.1804726e+02   8.3000000e+01
   2.8160945e+02   1.2240547e+02   7.5000000e+01
   2.8851493e+02   1.2676368e+02   6.7000000e+01
   2.7654229e+02   1.4663184e+02   5.9000000e+01
   2.9618408e+02   1.8410448e+02   5.1000000e+01
   2.3279104e+02   2.5062189e+02   5.9000000e+01
   2.0553483e+02   2.3992289e+02   6.7000000e+01
