   2.9240166e+01   2.7553530e+01   1.2000000e+01
   2.8911808e+01   2.8470197e+01   1.1000000e+01
   2.8692903e+01   2.8572049e+01   1.0000000e+01
   2.8255092e+01   2.9692419e+01   9.0000000e+00
   2.8036186e+01   3.0609086e+01   8.0000000e+00
   2.8255092e+01   3.0710938e+01   7.0000000e+00
   2.8692903e+01   3.2747975e+01   6.0000000e+00
   2.9240166e+01   3.4581308e+01   7.0000000e+00
   2.9240166e+01   3.4785012e+01   8.0000000e+00
   2.8802355e+01   3.4581308e+01   9.0000000e+00
   2.8802355e+01   3.4988715e+01   1.0000000e+01
   2.8802355e+01   3.5294271e+01   1.1000000e+01
   2.9021261e+01   3.5701678e+01   1.2000000e+01
