   4.0269403e+02   2.0782836e+02   1.3200000e+02
   4.1141045e+02   1.9616667e+02   1.1600000e+02
   4.1276866e+02   1.8478856e+02   1.0600000e+02
   4.2986318e+02   1.9169403e+02   9.8000000e+01
   4.2912687e+02   1.8331592e+02   9.0000000e+01
   4.2584328e+02   1.8512687e+02   8.2000000e+01
   4.1237065e+02   1.8184328e+02   7.4000000e+01
   4.0399254e+02   1.8874876e+02   6.6000000e+01
   3.7778358e+02   1.9565423e+02   5.6000000e+01
   3.5921642e+02   2.0765423e+02   4.8000000e+01
   3.4529104e+02   2.3957960e+02   4.0000000e+01
