   2.8470441e+01   2.8170862e+01   1.2000000e+01
   2.8356013e+01   2.8383825e+01   1.1000000e+01
   2.7898301e+01   2.9981047e+01   1.0000000e+01
   2.7555018e+01   3.0726418e+01   9.0000000e+00
   2.7211734e+01   3.2536603e+01   8.0000000e+00
   2.7898301e+01   3.4772714e+01   7.0000000e+00
   2.8584869e+01   3.5624566e+01   8.0000000e+00
   2.8584869e+01   3.5198640e+01   9.0000000e+00
   2.8928152e+01   3.5198640e+01   1.0000000e+01
   2.8470441e+01   3.5411603e+01   1.1000000e+01
   2.8470441e+01   3.5411603e+01   1.2000000e+01
