   3.4750311e+02   1.2012422e+02   1.4900000e+02
   3.5473292e+02   1.2258385e+02   1.3700000e+02
   3.4376708e+02   1.0525776e+02   1.2500000e+02
   3.5117702e+02   1.0153727e+02   1.1300000e+02
   3.4427640e+02   1.0099689e+02   1.0100000e+02
   3.3737578e+02   1.0204658e+02   9.5000000e+01
   3.2888509e+02   9.8326087e+01   8.9000000e+01
   3.4106522e+02   1.0255590e+02   8.3000000e+01
   3.2621429e+02   1.0201553e+02   7.7000000e+01
   3.3044410e+02   1.0942547e+02   7.1000000e+01
   3.2990373e+02   1.0888509e+02   6.5000000e+01
   3.2441304e+02   1.1293478e+02   5.7000000e+01
   3.2546273e+02   1.2034472e+02   5.1000000e+01
