   2.7565737e+01   2.7169210e+01   1.3000000e+01
   2.6917762e+01   2.7933915e+01   1.2000000e+01
   2.6755768e+01   2.8851563e+01   1.1000000e+01
   2.6998759e+01   2.8775092e+01   1.0000000e+01
   2.7322746e+01   2.9233915e+01   9.0000000e+00
   2.7565737e+01   2.9845680e+01   8.0000000e+00
   2.8213712e+01   3.2216268e+01   7.0000000e+00
   2.9266672e+01   3.4433915e+01   8.0000000e+00
   2.9833650e+01   3.4739798e+01   9.0000000e+00
   2.9833650e+01   3.5045680e+01   1.0000000e+01
   2.9590659e+01   3.5198621e+01   1.1000000e+01
   2.9023681e+01   3.4663327e+01   1.2000000e+01
   2.8780690e+01   3.5198621e+01   1.3000000e+01
