   3.0899689e+02   9.2748447e+01   1.8000000e+02
   2.9714596e+02   7.6127329e+01   1.7200000e+02
   2.9570497e+02   6.6736025e+01   1.5600000e+02
   2.8544410e+02   6.1245342e+01   1.4800000e+02
   2.8154348e+02   5.5754658e+01   1.4000000e+02
   2.7692236e+02   5.1133540e+01   1.2400000e+02
   2.7179193e+02   6.0313665e+01   1.1600000e+02
   2.6789130e+02   5.9593168e+01   1.0800000e+02
   2.6240062e+02   5.8872671e+01   1.0000000e+02
   2.6804037e+02   6.1332298e+01   9.2000000e+01
   2.7209006e+02   6.3791925e+01   8.4000000e+01
   2.7931988e+02   7.2611801e+01   7.6000000e+01
   2.9450000e+02   6.8711180e+01   6.8000000e+01
   3.0561491e+02   7.9826087e+01   6.0000000e+01
   3.0012422e+02   8.8645963e+01   5.2000000e+01
   2.7790062e+02   1.4751553e+02   5.0000000e+01
   2.4219876e+02   1.8813665e+02   5.8000000e+01
