   2.9795451e+01   2.6264844e+01   1.3000000e+01
   2.9365545e+01   2.6603079e+01   1.2000000e+01
   2.8863987e+01   2.6806020e+01   1.1000000e+01
   2.8792336e+01   2.7550138e+01   1.0000000e+01
   2.8649034e+01   2.8023667e+01   9.0000000e+00
   2.8362429e+01   2.9173667e+01   8.0000000e+00
   2.8577383e+01   2.9647197e+01   7.0000000e+00
   2.8720685e+01   3.0594256e+01   6.0000000e+00
   2.8935638e+01   3.2826608e+01   5.0000000e+00
   2.8434081e+01   3.4111903e+01   6.0000000e+00
   2.8505732e+01   3.4314844e+01   7.0000000e+00
   2.8935638e+01   3.4450138e+01   8.0000000e+00
   2.8649034e+01   3.4382491e+01   9.0000000e+00
   2.8649034e+01   3.4720726e+01   1.0000000e+01
   2.8792336e+01   3.5058961e+01   1.1000000e+01
   2.8720685e+01   3.4856020e+01   1.2000000e+01
   2.8505732e+01   3.4653079e+01   1.3000000e+01
