   2.8603106e+02   1.0476398e+02   1.2700000e+02
   2.8000000e+02   9.2372671e+01   1.1100000e+02
   2.7519876e+02   8.2801242e+01   9.5000000e+01
   2.7765839e+02   7.8900621e+01   8.7000000e+01
   2.8734783e+02   8.0639752e+01   7.1000000e+01
   2.8821739e+02   7.9919255e+01   6.3000000e+01
   2.8749689e+02   8.5559006e+01   5.5000000e+01
   2.8041615e+02   9.7559006e+01   4.7000000e+01
   2.7333540e+02   1.1591925e+02   3.9000000e+01
   2.5830435e+02   1.4222981e+02   3.1000000e+01
   1.9644720e+02   1.9008696e+02   3.7000000e+01
