   2.8933290e+01   2.7588879e+01   1.0000000e+01
   2.8522075e+01   2.8300643e+01   9.0000000e+00
   2.8522075e+01   2.8430055e+01   8.0000000e+00
   2.8316467e+01   2.9788879e+01   7.0000000e+00
   2.8522075e+01   3.0888879e+01   6.0000000e+00
   2.8453539e+01   3.2894761e+01   5.0000000e+00
   2.8385003e+01   3.4965349e+01   6.0000000e+00
   2.8453539e+01   3.5159467e+01   7.0000000e+00
   2.7973788e+01   3.4965349e+01   8.0000000e+00
   2.8042324e+01   3.5677114e+01   9.0000000e+00
   2.8110860e+01   3.5418290e+01   1.0000000e+01
