1	4	9
1	22	4
22	5	4
5	6	4
6	9	4
6	48	9
48	25	9
25	1	9
25	32	1
32	14	1
14	22	1
14	37	22
37	42	22
42	34	22
42	83	34
83	35	34
35	3	34
3	5	34
35	28	3
28	7	3
7	2	3
7	8	2
8	10	2
7	16	8
7	28	16
28	29	16
28	51	29
51	41	29
41	36	29
41	56	36
56	45	36
45	38	36
45	68	38
68	58	38
58	24	38
58	33	24
33	17	24
17	20	24
17	12	20
17	13	12
13	11	12
11	18	12
11	21	18
21	52	18
52	44	18
44	31	18
31	19	18
31	39	19
39	47	19
47	10	19
10	12	19
39	66	47
66	63	47
63	49	47
66	110	63
110	91	63
110	121	91
66	92	110
92	116	110
116	159	110
159	188	110
116	143	159
116	108	143
108	142	143
142	149	143
149	169	143
169	204	143
169	200	204
200	269	204
269	301	204
269	336	301
200	235	269
200	212	235
212	289	235
212	268	289
268	343	289
343	389	289
343	406	389
406	419	389
343	409	406
409	505	406
409	483	505
483	742	505
742	726	505
742	848	726
848	896	726
896	691	726
848	1068	896
1068	1089	896
1089	1049	896
1089	1183	1049
1183	1188	1049
1188	1069	1049
1188	1127	1069
1127	1012	1069
1127	1186	1012
1186	1165	1012
1165	988	1012
1186	1148	1165
1148	1072	1165
1148	1027	1072
1027	1006	1072
1006	945	1072
1006	927	945
927	912	945
912	941	945
941	1052	945
912	880	941
912	928	880
928	875	880
875	852	880
875	865	852
865	841	852
841	786	852
786	840	852
840	997	852
997	1015	852
997	1077	1015
1077	1055	1015
1077	1078	1055
1078	1125	1055
1078	955	1125
955	932	1125
932	1056	1125
1056	1120	1125
1120	1109	1125
1109	1052	1125
1109	1098	1052
1056	931	1120
1056	933	931
933	743	931
933	932	743
933	1056	932
955	868	932
955	812	868
812	765	868
765	746	868
955	833	812
955	1078	833
1078	1081	833
1081	925	833
925	909	833
909	760	833
909	752	760
752	608	760
752	499	608
909	872	752
872	719	752
719	650	752
719	698	650
719	733	698
733	599	698
733	768	599
768	683	599
683	552	599
552	498	599
552	532	498
552	429	532
683	573	552
683	699	573
699	609	573
609	595	573
595	546	573
546	454	573
454	452	573
452	518	573
452	381	518
454	442	452
442	411	452
411	410	452
410	426	452
410	424	426
424	478	426
424	490	478
490	583	478
583	539	478
539	550	478
550	471	478
550	559	471
559	528	471
528	434	471
434	426	471
528	507	434
507	468	434
468	396	434
468	403	396
468	428	403
428	418	403
428	543	418
559	729	528
550	721	559
550	583	721
583	684	721
583	665	684
665	791	684
791	813	684
813	831	684
813	1035	831
1035	926	831
1035	1070	926
1070	1104	926
1104	908	926
1104	892	908
1104	944	892
944	779	892
944	853	779
853	773	779
773	721	779
853	905	773
905	821	773
905	1011	821
1011	939	821
939	815	821
939	898	815
939	1235	898
1235	994	898
994	973	898
1235	1115	994
939	1234	1235
1234	1301	1235
1234	1305	1301
1305	1314	1301
1314	1371	1301
1305	1407	1314
939	1011	1234
1011	1141	1234
1011	905	1141
905	1083	1141
1083	1227	1141
1083	1306	1227
1306	1291	1227
1291	1297	1227
1291	1306	1297
1306	1398	1297
1306	1369	1398
1306	1335	1369
1306	1142	1335
1142	1232	1335
1232	1316	1335
1232	1341	1316
1341	1385	1316
1385	1513	1316
1385	1522	1513
1522	1573	1513
1573	1523	1513
1385	1489	1522
1385	1478	1489
1478	1626	1489
1385	1374	1478
1385	1341	1374
1341	1253	1374
1253	1339	1374
1341	1159	1253
1159	1203	1253
1203	1189	1253
1203	1144	1189
1144	1130	1189
1144	1035	1130
1035	813	1130
813	1048	1130
1048	1085	1130
1085	1288	1130
1048	1044	1085
1044	1007	1085
1044	822	1007
1044	1048	822
1048	813	822
813	791	822
791	795	822
791	665	795
665	601	795
601	594	795
601	578	594
578	577	594
577	713	594
577	566	713
566	696	713
696	778	713
696	871	778
871	1020	778
1020	981	778
981	1002	778
1002	1007	778
1002	1031	1007
1002	981	1031
981	1236	1031
981	1020	1236
696	753	871
753	890	871
753	714	890
714	766	890
766	1082	890
1082	1155	890
766	775	1082
775	1162	1082
766	694	775
694	676	775
694	605	676
605	634	676
605	530	634
530	491	634
491	615	634
491	568	615
568	645	615
568	647	645
647	850	645
647	750	850
647	706	750
706	633	750
633	758	750
758	889	750
758	837	889
837	1029	889
837	887	1029
887	990	1029
887	866	990
887	819	866
819	748	866
819	758	748
758	646	748
646	702	748
646	565	702
565	540	702
565	480	540
480	500	540
565	488	480
488	405	480
405	449	480
488	433	405
488	576	433
576	562	433
562	529	433
529	475	433
475	456	433
529	523	475
523	568	475
523	647	568
523	571	647
571	706	647
571	633	706
571	529	633
529	562	633
562	663	633
663	758	633
663	646	758
663	576	646
576	565	646
576	488	565
663	562	576
571	523	529
819	837	758
819	887	837
491	473	568
491	514	473
514	586	473
586	492	473
492	477	473
492	536	477
492	553	536
492	593	553
492	586	593
586	674	593
674	757	593
586	637	674
637	652	674
652	681	674
681	704	674
652	621	681
652	572	621
572	546	621
546	589	621
589	596	621
596	619	621
596	772	619
772	723	619
723	700	619
723	744	700
744	716	700
716	653	700
653	704	700
716	731	653
731	761	653
731	740	761
731	828	740
828	840	740
840	786	740
786	841	740
828	881	840
881	1081	840
1081	997	840
1081	1077	997
1081	1078	1077
881	907	1081
881	828	907
828	920	907
920	960	907
960	925	907
960	951	925
951	909	925
951	872	909
951	913	872
913	776	872
776	768	872
768	733	872
733	719	872
776	772	768
772	699	768
699	683	768
772	595	699
595	609	699
772	589	595
589	546	595
772	596	589
776	723	772
776	744	723
776	913	744
913	716	744
913	920	716
920	828	716
828	731	716
913	960	920
913	951	960
572	457	546
457	445	546
445	454	546
445	442	454
445	411	442
445	424	411
424	410	411
445	490	424
445	457	490
457	479	490
479	601	490
601	665	490
665	583	490
479	578	601
479	493	578
493	577	578
493	566	577
493	533	566
533	696	566
533	556	696
556	654	696
654	753	696
654	692	753
692	675	753
675	714	753
675	661	714
661	694	714
694	766	714
661	511	694
511	605	694
511	530	605
511	476	530
476	514	530
514	491	530
476	521	514
521	652	514
652	637	514
637	586	514
521	525	652
525	572	652
521	495	525
521	489	495
489	515	495
515	508	495
508	533	495
508	556	533
508	515	556
515	489	556
489	654	556
489	661	654
661	692	654
661	675	692
489	511	661
489	476	511
489	521	476
479	457	493
1144	1070	1035
1144	1159	1070
1159	1104	1070
1159	1232	1104
1232	1142	1104
1142	944	1104
1142	1083	944
1083	853	944
1083	905	853
1142	1306	1083
1159	1341	1232
1144	1203	1159
550	539	583
865	902	841
902	847	841
847	798	841
902	900	847
900	783	847
902	875	900
875	928	900
928	879	900
928	985	879
985	921	879
921	893	879
893	707	879
893	857	707
857	739	707
739	664	707
664	584	707
584	580	707
580	585	707
584	569	580
584	604	569
584	664	604
664	662	604
662	668	604
668	673	604
673	688	604
673	771	688
771	769	688
771	780	769
771	810	780
810	930	780
771	668	810
771	673	668
662	643	668
643	659	668
643	685	659
685	712	659
685	749	712
749	745	712
745	763	712
763	784	712
784	858	712
858	903	712
858	937	903
937	1084	903
1084	964	903
937	1124	1084
1124	1187	1084
1124	1238	1187
1238	1251	1187
1238	1286	1251
1238	1263	1286
1238	1160	1263
1160	1242	1263
1242	1298	1263
1298	1313	1263
1298	1444	1313
1298	1354	1444
1354	1503	1444
1354	1476	1503
1476	1700	1503
1354	1284	1476
1354	1247	1284
1247	1170	1284
1170	1151	1284
1151	1133	1284
1133	1129	1284
1133	995	1129
995	1051	1129
1051	1065	1129
1065	1086	1129
1086	1223	1129
1223	1295	1129
1223	1292	1295
1292	1353	1295
1292	1355	1353
1292	1315	1355
1315	1357	1355
1315	1310	1357
1310	1343	1357
1343	1454	1357
1343	1334	1454
1334	1323	1454
1323	1400	1454
1400	1452	1454
1452	1539	1454
1400	1416	1452
1400	1380	1416
1400	1296	1380
1296	1194	1380
1296	1196	1194
1196	1063	1194
1063	1164	1194
1063	1059	1164
1059	1143	1164
1059	971	1143
971	923	1143
923	1034	1143
923	904	1034
904	983	1034
983	1003	1034
1003	1219	1034
1003	910	1219
910	1033	1219
1033	1275	1219
1275	1287	1219
1033	1101	1275
1033	1024	1101
1033	826	1024
1033	817	826
1033	910	817
910	827	817
827	830	817
830	785	817
830	814	785
814	777	785
777	722	785
722	602	785
722	592	602
592	558	602
558	561	602
561	670	602
722	680	592
680	531	592
531	464	592
531	394	464
394	364	464
364	399	464
364	385	399
385	441	399
441	472	399
472	509	399
472	484	509
484	793	509
484	541	793
484	472	541
472	441	541
441	467	541
467	686	541
686	735	541
467	486	686
441	414	467
441	385	414
385	344	414
344	338	414
344	315	338
344	364	315
364	321	315
321	282	315
282	248	315
282	231	248
231	186	248
231	167	186
167	136	186
167	148	136
148	133	136
133	111	136
111	103	136
103	124	136
103	122	124
122	168	124
122	170	168
170	191	168
191	202	168
202	216	168
191	253	202
191	170	253
170	236	253
170	187	236
187	225	236
225	279	236
279	330	236
187	189	225
170	125	187
125	102	187
125	95	102
95	69	102
69	96	102
96	140	102
140	189	102
140	207	189
140	131	207
131	178	207
131	120	178
120	135	178
120	74	135
74	81	135
74	33	81
33	58	81
74	72	33
72	27	33
27	17	33
27	13	17
27	15	13
15	11	13
15	21	11
15	26	21
26	40	21
40	46	21
46	52	21
46	69	52
69	67	52
67	84	52
84	89	52
89	90	52
90	44	52
90	87	44
87	66	44
66	31	44
66	39	31
87	92	66
87	105	92
105	116	92
105	108	116
105	90	108
90	89	108
89	142	108
89	104	142
104	141	142
141	200	142
200	169	142
169	149	142
141	177	200
177	212	200
177	206	212
206	268	212
206	231	268
231	282	268
282	326	268
326	343	268
326	394	343
394	409	343
394	446	409
446	483	409
446	548	483
548	742	483
548	680	742
680	718	742
718	770	742
770	802	742
802	848	742
802	836	848
836	962	848
962	1068	848
962	1154	1068
1154	1089	1068
962	1105	1154
1105	1184	1154
1105	1150	1184
1150	1114	1184
1114	1139	1184
1139	1131	1184
1139	1097	1131
1097	1050	1131
1050	1087	1131
1087	1118	1131
1118	1183	1131
1183	1089	1131
1118	1188	1183
1118	1149	1188
1149	1186	1188
1186	1127	1188
1149	1148	1186
1149	1027	1148
1149	975	1027
975	1006	1027
975	978	1006
978	927	1006
978	1026	927
1026	985	927
985	924	927
924	912	927
924	928	912
924	985	928
1026	999	985
999	986	985
986	921	985
986	893	921
986	999	893
999	894	893
894	857	893
894	842	857
842	739	857
842	919	739
919	876	739
876	764	739
764	662	739
662	664	739
764	643	662
764	749	643
749	685	643
764	809	749
809	811	749
811	745	749
811	763	745
811	915	763
811	1018	915
1018	1074	915
1074	953	915
1074	1066	953
1066	1051	953
1051	995	953
995	934	953
995	942	934
995	1151	942
1151	1170	942
1170	1153	942
1153	946	942
1153	1160	946
1160	937	946
937	884	946
937	858	884
858	784	884
1160	1124	937
1160	1238	1124
1153	1210	1160
1210	1242	1160
1210	1247	1242
1247	1298	1242
1247	1354	1298
1210	1153	1247
1153	1170	1247
995	1133	1151
1066	1093	1051
1093	1102	1051
1102	1086	1051
1086	1065	1051
1102	1223	1086
1102	1204	1223
1204	1292	1223
1204	1315	1292
1204	1213	1315
1213	1310	1315
1213	1205	1310
1205	1296	1310
1296	1334	1310
1334	1343	1310
1296	1323	1334
1296	1400	1323
1205	1196	1296
1205	1166	1196
1166	1063	1196
1205	1213	1166
1213	1071	1166
1213	1204	1071
1204	1102	1071
1102	1005	1071
1005	1039	1071
1039	977	1071
1039	980	977
980	929	977
929	984	977
929	991	984
991	1010	984
1010	1067	984
1067	1022	984
1022	993	984
1022	987	993
987	940	993
940	935	993
935	971	993
935	923	971
935	940	923
940	904	923
940	938	904
938	983	904
938	1003	983
938	910	1003
1022	1147	987
1147	1099	987
1099	1017	987
1017	883	987
1017	843	883
843	830	883
843	814	830
843	777	814
843	844	777
844	762	777
762	722	777
762	680	722
762	718	680
762	770	718
762	862	770
862	836	770
836	802	770
862	1041	836
1041	962	836
1041	1105	962
1041	1150	1105
1041	1099	1150
1099	1147	1150
1147	1114	1150
1147	1067	1114
1067	1040	1114
1040	1053	1114
1053	1139	1114
1053	1097	1139
1053	954	1097
954	992	1097
992	1050	1097
992	998	1050
998	1087	1050
998	967	1087
967	975	1087
975	1118	1087
975	1149	1118
967	956	975
956	978	975
956	982	978
982	1046	978
1046	1028	978
1028	1026	978
1028	1037	1026
1037	999	1026
1037	894	999
1037	842	894
1037	969	842
969	919	842
969	1036	919
1036	876	919
1036	1018	876
1018	846	876
846	809	876
809	764	876
846	811	809
846	1018	811
1036	1054	1018
1054	1074	1018
1054	1095	1074
1095	1103	1074
1103	1093	1074
1093	1066	1074
1103	1045	1093
1045	1005	1093
1005	1102	1093
1045	996	1005
996	980	1005
980	1039	1005
996	929	980
996	968	929
968	991	929
968	976	991
976	1040	991
1040	1010	991
1040	1067	1010
976	1053	1040
976	954	1053
976	968	954
968	996	954
996	1030	954
1030	1032	954
1032	1057	954
1057	989	954
989	992	954
989	998	992
989	967	998
989	974	967
974	956	967
974	982	956
974	1025	982
1025	1046	982
1025	1036	1046
1036	1037	1046
1037	1028	1046
1036	969	1037
1025	1058	1036
1058	1060	1036
1060	1054	1036
1060	1095	1054
1060	1058	1095
1058	1057	1095
1057	1103	1095
1057	1032	1103
1032	1030	1103
1030	1045	1103
1030	996	1045
1058	989	1057
1058	1025	989
1025	974	989
1147	1022	1067
1041	950	1099
950	1017	1099
950	843	1017
950	844	843
950	862	844
862	762	844
950	1041	862
548	531	680
548	446	531
446	394	531
326	364	394
326	321	364
326	282	321
206	167	231
206	148	167
206	177	148
177	138	148
138	133	148
138	111	133
138	79	111
79	76	111
76	93	111
93	103	111
93	122	103
93	125	122
125	170	122
93	85	125
85	95	125
85	67	95
67	69	95
85	76	67
76	75	67
75	84	67
75	79	84
79	104	84
104	89	84
79	141	104
79	138	141
138	177	141
75	76	79
85	93	76
105	87	90
46	40	69
40	71	69
71	96	69
71	101	96
101	131	96
131	140	96
101	120	131
101	72	120
72	74	120
101	71	72
71	30	72
30	27	72
30	26	27
26	15	27
30	40	26
30	71	40
344	385	364
902	865	875
68	82	58
68	45	82
45	98	82
45	56	98
56	86	98
86	164	98
86	154	164
154	174	164
174	194	164
174	158	194
174	154	158
154	80	158
80	117	158
117	179	158
117	114	179
114	171	179
114	115	171
115	144	171
115	147	144
115	100	147
100	163	147
163	223	147
223	247	147
163	156	223
156	162	223
162	184	223
156	119	162
119	83	162
119	35	83
119	94	35
94	28	35
94	62	28
62	51	28
62	64	51
64	41	51
64	60	41
60	56	41
60	70	56
70	86	56
70	80	86
80	154	86
70	60	80
60	77	80
77	117	80
77	114	117
77	100	114
100	115	114
77	73	100
73	94	100
94	163	100
94	156	163
94	119	156
73	64	94
64	62	94
73	77	64
77	60	64
42	57	83
42	53	57
42	37	53
37	65	53
37	59	65
59	88	65
88	99	65
88	130	99
130	128	99
128	173	99
128	165	173
128	166	165
166	183	165
166	215	183
215	197	183
215	252	197
252	260	197
252	306	260
306	319	260
252	313	306
313	346	306
313	323	346
323	359	346
359	367	346
359	393	367
323	360	359
360	407	359
360	316	407
360	310	316
310	298	316
298	318	316
318	376	316
376	415	316
376	374	415
374	450	415
450	535	415
535	459	415
535	459	407
459	510	407
459	574	510
574	598	510
598	651	510
598	617	651
617	738	651
738	701	651
701	656	651
738	820	701
738	891	820
738	759	891
759	816	891
816	1043	891
1043	1112	891
1112	1156	891
1112	1126	1156
1126	1239	1156
1239	1199	1156
1239	1243	1199
1239	1377	1243
1239	1317	1377
1317	1434	1377
1317	1361	1434
1361	1520	1434
1361	1532	1520
1532	1555	1520
1555	1671	1520
1555	1731	1671
1555	1593	1731
1593	1680	1731
1555	1532	1593
1532	1485	1593
1532	1427	1485
1427	1381	1485
1381	1477	1485
1427	1359	1381
1359	1237	1381
1359	1042	1237
1042	1096	1237
1096	1161	1237
1161	1233	1237
1042	816	1096
1042	1043	816
1042	1280	1043
1280	1126	1043
1126	1112	1043
1280	1239	1126
1280	1317	1239
1280	1332	1317
1332	1361	1317
1280	1359	1332
1280	1042	1359
759	754	816
759	690	754
759	738	690
738	617	690
617	708	690
617	574	708
617	598	574
459	551	574
376	318	374
298	295	318
295	291	318
295	254	291
254	259	291
259	218	291
259	241	218
241	175	218
175	190	218
190	219	218
190	208	219
190	161	208
161	145	208
145	180	208
180	193	208
193	203	208
193	214	203
214	230	203
230	192	203
192	217	203
192	238	217
238	226	217
238	263	226
263	303	226
303	273	226
303	285	273
303	324	285
303	396	324
263	350	303
192	230	238
193	243	214
243	277	214
193	180	243
180	196	243
180	150	196
150	155	196
150	129	155
129	109	155
109	210	155
109	146	210
146	176	210
146	182	176
109	55	146
129	112	109
112	78	109
78	43	109
78	50	43
50	23	43
50	59	23
59	37	23
37	14	23
50	61	59
61	97	59
97	88	59
97	130	88
97	139	130
139	157	130
157	166	130
166	128	130
157	181	166
181	198	166
198	215	166
198	241	215
241	252	215
241	254	252
254	310	252
310	323	252
323	313	252
310	360	323
254	298	310
254	295	298
241	259	254
198	175	241
198	181	175
181	139	175
139	153	175
153	190	175
153	161	190
153	127	161
127	145	161
127	137	145
137	150	145
150	180	145
137	129	150
137	112	129
137	107	112
107	78	112
107	61	78
61	50	78
107	97	61
107	139	97
107	127	139
127	153	139
107	137	127
181	157	139
25	55	32
48	132	25
106	172	211
211	227	106
211	278	227
278	240	227
278	245	240
245	134	240
211	358	278
358	440	278
195	246	237
237	233	195
237	258	233
237	262	258
262	270	258
237	246	262
195	224	246
224	308	246
224	247	308
224	144	247
224	152	144
201	275	272
205	249	299
299	264	205
221	305	292
221	256	305
228	290	288
229	276	329
242	280	297
280	328	297
250	281	266
281	332	266
281	369	332
369	390	332
390	341	332
341	296	332
341	309	296
255	293	274
261	302	271
261	288	302
283	397	348
397	386	348
286	304	354
312	353	412
353	361	412
412	362	312
317	325	432
325	425	432
425	504	432
504	625	432
625	613	432
625	695	613
695	886	613
886	800	613
886	911	800
911	806	800
911	1172	806
1172	1132	806
1172	1173	1132
911	1272	1172
911	1168	1272
1168	1278	1272
1168	1307	1278
911	886	1168
625	504	695
425	516	504
516	717	504
425	427	516
427	494	516
322	356	430
356	413	430
413	447	430
339	420	347
420	443	347
349	368	421
421	463	349
463	437	349
463	537	437
463	591	537
591	639	537
591	720	639
463	581	591
463	421	581
421	520	581
363	380	400
370	384	398
384	519	398
384	545	519
545	622	519
622	382	519
382	401	519
622	555	382
555	356	382
622	667	555
667	587	555
667	741	587
741	632	587
741	697	632
697	677	632
677	618	632
677	678	618
678	641	618
641	588	618
641	703	588
641	678	703
678	755	703
677	697	678
667	794	741
667	644	794
644	851	794
851	895	794
644	612	851
612	614	851
644	545	612
644	667	545
667	622	545
371	506	373
373	253	371
506	379	373
506	487	379
506	636	487
636	658	487
658	557	487
636	873	658
636	824	873
636	657	824
657	805	824
657	630	805
630	666	805
666	906	805
666	825	906
657	506	630
657	636	506
375	453	423
423	288	375
387	436	438
436	524	438
524	597	438
392	461	527
392	408	461
422	629	620
620	631	422
451	687	672
465	534	642
534	689	642
642	481	465
642	614	481
482	611	538
482	567	611
567	691	611
482	419	567
503	564	522
564	626	522
564	715	626
564	503	715
526	648	542
563	590	737
570	623	638
603	628	679
679	660	603
679	867	660
867	727	660
727	729	660
679	705	867
705	888	867
888	970	867
679	628	705
628	627	705
607	767	803
682	856	728
728	551	682
551	535	682
856	897	728
856	947	897
710	1073	899
710	948	1073
730	792	751
792	818	751
792	917	818
792	839	917
792	730	839
734	774	796
734	757	774
757	796	774
757	761	796
788	864	922
864	1178	922
1178	957	922
1178	1169	957
1178	1328	1169
1328	1348	1169
1348	1167	1169
1167	961	1169
1167	1171	961
1171	1229	961
1171	1348	1229
1348	1281	1229
1348	1526	1281
1526	1547	1281
1526	1570	1547
1570	1596	1547
1596	1497	1547
1596	1699	1497
1526	1348	1570
1171	1167	1348
1178	1304	1328
1178	1228	1304
1228	1378	1304
1228	1245	1378
1245	1322	1378
1245	1216	1322
1216	1274	1322
1216	1064	1274
1064	1079	1274
1079	1364	1274
1079	1230	1364
1230	1455	1364
1455	1411	1364
1455	1473	1411
1473	1499	1411
1473	1519	1499
1473	1455	1519
1455	1464	1519
1464	1632	1519
1632	1712	1519
1712	1737	1519
1712	1774	1737
1774	1792	1737
1712	1632	1774
1464	1506	1632
1506	1579	1632
1230	1267	1455
1178	864	1228
799	832	838
799	823	832
823	1009	832
1009	838	832
1009	1137	838
1009	1208	1137
1208	1176	1137
1009	1214	1208
799	670	823
829	1090	1038
1038	914	829
1038	1270	914
1270	1128	914
1128	737	914
1270	1240	1128
1240	1209	1128
1270	1458	1240
1038	1318	1270
1318	1399	1270
1399	1469	1270
1399	1471	1469
1471	1608	1469
1471	1527	1608
1527	1696	1608
1696	1783	1608
1696	1793	1783
1793	1945	1783
1696	1707	1793
1707	1867	1793
1696	1533	1707
1696	1527	1533
1527	1403	1533
1527	1471	1403
1471	1399	1403
1399	1318	1403
1318	1193	1403
1193	1421	1403
1318	1090	1193
1090	936	1193
1318	1038	1090
860	1016	901
1016	1061	901
1016	1088	1061
1088	1241	1061
1241	1135	1061
1241	1282	1135
863	1094	877
1094	1138	877
1138	1062	877
1062	965	877
1062	1138	965
1094	1181	1138
882	949	1004
949	1023	1004
952	1019	1110
1019	1248	1110
1000	1266	1182
1266	1324	1182
1266	1406	1324
1266	1250	1406
1266	1000	1250
1008	1076	1231
1231	1134	1008
1231	1309	1134
1309	1255	1134
1047	1146	1212
1146	1289	1212
1108	1174	1175
1136	1195	1220
1220	947	1136
1158	1302	1290
1198	1221	1325
1200	1268	1337
1268	1423	1337
1423	1512	1337
1423	1545	1512
1423	1571	1545
1201	1217	1283
1217	1384	1283
1217	1379	1384
1379	1486	1384
1486	1437	1384
1379	1422	1486
1422	1466	1486
1466	1599	1486
1599	1618	1486
1599	1704	1618
1704	1680	1618
1422	1493	1466
1379	1371	1422
1379	1217	1371
1225	1299	1347
1299	1390	1347
1390	1439	1347
1439	1446	1347
1446	1368	1347
1226	1352	1376
1352	1388	1376
1388	1420	1376
1388	1518	1420
1518	1450	1420
1244	1285	1256
1285	1360	1256
1285	1311	1360
1311	1394	1360
1394	1433	1360
1433	1562	1360
1433	1394	1562
1394	1496	1562
1496	1647	1562
1647	1663	1562
1647	1797	1663
1797	1786	1663
1786	1695	1663
1786	1725	1695
1786	1796	1725
1786	1975	1796
1975	1848	1796
1975	1910	1848
1910	1890	1848
1890	1740	1848
1890	1927	1740
1890	1910	1927
1910	2060	1927
2060	1999	1927
1786	1957	1975
1957	2134	1975
2134	2154	1975
2134	2284	2154
2134	2203	2284
1647	1922	1797
1394	1311	1496
1311	1470	1496
1470	1482	1496
1482	1511	1496
1511	1548	1496
1548	1665	1496
1548	1559	1665
1548	1511	1559
1265	1358	1363
1265	1329	1358
1269	1366	1391
1391	1395	1269
1276	1356	1405
1356	1375	1405
1375	1590	1405
1590	1560	1405
1590	1679	1560
1679	1600	1560
1600	1517	1560
1517	1430	1560
1517	1509	1430
1509	1396	1430
1396	1336	1430
1336	1276	1430
1509	1382	1396
1517	1694	1509
1694	1732	1509
1694	1735	1732
1735	1917	1732
1917	1780	1732
1917	1903	1780
1917	2046	1903
2046	2044	1903
2046	2235	2044
2235	2258	2044
2235	2350	2258
2046	2182	2235
2182	2396	2235
2182	2351	2396
2351	2613	2396
2351	2432	2613
2351	2236	2432
2236	2376	2432
2236	2257	2376
2236	2143	2257
2236	2070	2143
2070	2093	2143
2093	2161	2143
2070	2021	2093
2070	1873	2021
2236	2142	2070
2236	2351	2142
2351	2182	2142
2182	1973	2142
2182	2046	1973
2046	1917	1973
1917	1735	1973
1694	1517	1735
1517	1753	1735
1517	1600	1753
1600	1679	1753
1679	1873	1753
1679	1722	1873
1679	1660	1722
1660	1773	1722
1660	1854	1773
1660	1758	1854
1660	1620	1758
1620	1688	1758
1688	1729	1758
1688	1654	1729
1654	1787	1729
1787	1834	1729
1787	1885	1834
1688	1620	1654
1620	1504	1654
1504	1589	1654
1504	1540	1589
1504	1387	1540
1387	1350	1540
1620	1447	1504
1620	1373	1447
1620	1612	1373
1612	1590	1373
1590	1375	1373
1612	1660	1590
1660	1679	1590
1612	1620	1660
1279	1435	1426
1435	1426	1445
1426	1529	1445
1529	1546	1445
1529	1683	1546
1683	1689	1546
1689	1595	1546
1683	1741	1689
1741	1837	1689
1837	1723	1689
1837	1806	1723
1529	1625	1683
1426	1505	1529
1293	1372	1333
1372	1449	1333
1294	1330	1404
1321	1327	1428
1327	1389	1428
1389	1453	1428
1389	1449	1453
1428	1431	1321
1431	1393	1321
1431	1488	1393
1431	1501	1488
1431	1428	1501
1428	1605	1501
1338	1413	1409
1409	1370	1338
1409	1456	1370
1409	1413	1456
1351	1461	1495
1495	1424	1351
1362	1487	1432
1386	1480	1417
1480	1436	1417
1412	1460	1574
1460	1483	1574
1483	1624	1574
1415	1441	1557
1441	1457	1557
1438	1442	1502
1442	1609	1502
1609	1516	1502
1462	1572	1463
1572	1561	1463
1561	1407	1463
1561	1459	1407
1572	1622	1561
1572	1658	1622
1462	1544	1572
1462	1507	1544
1462	1398	1507
1465	1515	1592
1481	1534	1617
1524	1631	1628
1525	1664	1550
1664	1674	1550
1674	1650	1550
1674	1816	1650
1674	1664	1816
1543	1621	1554
1551	1553	1736
1556	1588	1648
1588	1652	1648
1588	1627	1652
1627	1743	1652
1627	1657	1743
1558	1638	1779
1638	1734	1779
1734	1856	1779
1856	1906	1779
1734	1710	1856
1734	1634	1710
1734	1638	1634
1564	1667	1575
1567	1610	1640
1610	1709	1640
1610	1714	1709
1569	1813	1727
1577	1603	1681
1580	1602	1586
1581	1606	1604
1598	1789	1711
1789	1807	1711
1807	1784	1711
1784	1720	1711
1789	1980	1807
1980	2031	1807
2031	1986	1807
2031	2109	1986
2109	2128	1986
2128	2009	1986
2109	2319	2128
2109	2299	2319
1789	1920	1980
1920	1979	1980
1920	1911	1979
1920	1693	1911
1693	1830	1911
1693	1633	1830
1920	1789	1693
1611	1760	1637
1637	1579	1611
1611	1772	1760
1636	1639	1724
1639	1685	1724
1685	1761	1724
1761	1811	1724
1639	1449	1685
1724	1697	1636
1649	1715	1749
1715	1826	1749
1826	1858	1749
1749	1682	1649
1662	1730	1713
1662	1762	1730
1662	1675	1762
1675	1745	1762
1675	1702	1745
1713	1539	1662
1666	1746	1778
1668	1684	1785
1785	1626	1668
1785	1815	1626
1687	1902	1751
1902	1767	1751
1690	1708	1765
1708	1759	1765
1759	1836	1765
1836	1935	1765
1935	1946	1765
1946	1939	1765
1939	1880	1765
1880	1839	1765
1839	1690	1765
1839	1658	1690
1880	1877	1839
1877	1857	1839
1877	1896	1857
1896	1804	1857
1896	1924	1804
1896	1941	1924
1941	1929	1924
1929	1934	1924
1929	1941	1934
1941	2024	1934
1941	2007	2024
2007	2083	2024
2007	2065	2083
1941	1896	2007
1896	2030	2007
1896	1877	2030
1877	1880	2030
1880	1939	2030
1939	2012	2030
1939	1946	2012
1946	2014	2012
1946	1955	2014
1955	1990	2014
1946	1935	1955
1691	1757	1755
1691	1756	1757
1756	1782	1757
1756	1853	1782
1705	1862	1818
1862	1918	1818
1716	1814	1726
1814	1838	1726
1718	1738	1828
1719	1809	1820
1748	1788	1824
1748	1699	1788
1763	1966	1894
1966	1984	1894
1984	1900	1894
1984	1950	1900
1966	2131	1984
2131	2125	1984
2131	2279	2125
2279	2250	2125
1966	1997	2131
1997	2223	2131
1966	1763	1997
1770	1822	1817
1771	1861	1808
1861	1895	1808
1776	1899	1850
1790	1859	1892
1859	2011	1892
2011	2013	1892
1892	1802	1790
1805	1871	1879
1805	1863	1871
1863	2006	1871
1810	1904	1915
1904	2100	1915
1904	1912	2100
1912	2162	2100
2162	2178	2100
2178	2156	2100
2178	2336	2156
2178	2225	2336
2178	2162	2225
1915	1846	1810
1823	1987	1982
1987	2003	1982
1987	1947	2003
1947	2057	2003
1987	1823	1947
1827	1901	1958
1901	1965	1958
1832	1866	1882
1866	1916	1882
1916	1978	1882
1978	1853	1882
1916	1925	1978
1916	1866	1925
1835	1953	2002
1953	2020	2002
2020	2077	2002
2020	2090	2077
2090	2153	2077
2090	2233	2153
2233	2381	2153
2381	2295	2153
2381	2441	2295
2441	2426	2295
2426	2321	2295
2426	2463	2321
2463	2483	2321
2483	2361	2321
2361	2209	2321
2426	2574	2463
2574	2620	2463
2426	2441	2574
2441	2570	2574
2570	2694	2574
2441	2475	2570
2441	2410	2475
2410	2421	2475
2421	2481	2475
2481	2733	2475
2481	2551	2733
2410	2240	2421
2240	2364	2421
2240	2197	2364
2197	2184	2364
2184	2389	2364
2184	2382	2389
2382	2530	2389
2382	2408	2530
2408	2616	2530
2408	2470	2616
2470	2582	2616
2408	2300	2470
2300	2362	2470
2362	2429	2470
2300	2216	2362
2408	2331	2300
2408	2382	2331
2197	2158	2184
2158	2113	2184
2113	2126	2184
2158	2056	2113
2240	2174	2197
2240	2137	2174
2240	2233	2137
2441	2381	2410
1841	1872	1876
1841	1887	1872
1887	1893	1872
1893	1876	1872
1842	1874	1952
1874	1956	1952
1851	1884	1886
1884	1942	1886
1852	1860	2025
1860	1949	2025
1860	1883	1949
1883	1951	1949
1951	2036	1949
1951	1937	2036
1937	2058	2036
1868	1932	1970
1932	2064	1970
1932	1838	2064
1889	2005	1989
1889	2086	2005
2086	2098	2005
2098	2039	2005
2039	1989	2005
2039	2117	1989
2039	2098	2117
2086	2155	2098
1905	2079	2114
2079	2217	2114
2079	2177	2217
2079	2139	2177
2139	2179	2177
2139	2108	2179
2108	2212	2179
2212	2271	2179
1921	1931	2045
2045	1938	1921
1923	2085	1993
1940	2047	1992
1940	2199	2047
2199	2161	2047
1940	2115	2199
2115	2238	2199
2115	2166	2238
2166	2330	2238
2330	2341	2238
2166	2349	2330
2166	2263	2349
2263	2287	2349
2263	2246	2287
2246	2261	2287
2261	2397	2287
2261	2265	2397
2265	2316	2397
2316	2578	2397
2578	2635	2397
2578	2689	2635
2689	2782	2635
2689	2739	2782
2739	2812	2782
2812	2909	2782
2812	3010	2909
2812	2861	3010
2861	2957	3010
2861	2911	2957
2861	2779	2911
2861	2812	2779
2812	2739	2779
2689	2578	2739
2578	2565	2739
2316	2384	2578
2316	2319	2384
2263	2081	2246
2081	2029	2246
2029	2061	2246
2081	1998	2029
2081	1885	1998
2081	2066	1885
2081	2166	2066
2166	2115	2066
2081	2263	2166
1992	1854	1940
1959	2167	1967
1960	1963	1981
1963	2035	1981
1968	2026	2092
2026	2111	2092
2111	2186	2092
2186	2107	2092
2107	1902	2092
1902	1968	2092
2107	1997	1902
1988	2147	1996
1988	2150	2147
2150	2201	2147
2150	2190	2201
2190	2360	2201
2360	2404	2201
2360	2447	2404
2360	2419	2447
2419	2509	2447
2509	2517	2447
2509	2569	2517
2509	2477	2569
2509	2419	2477
2360	2255	2419
2360	2190	2255
2190	2150	2255
2001	2015	2051
2001	1899	2015
2015	2074	2051
2074	2165	2051
2165	2260	2051
2074	2136	2165
2008	2088	2171
2008	1906	2088
2010	2163	2076
2076	1965	2010
2027	2055	2073
2028	2116	2063
2028	2118	2116
2118	2198	2116
2198	2204	2116
2198	2301	2204
2301	2278	2204
2028	2069	2118
2040	2220	2132
2132	2011	2040
2041	2210	2213
2210	2247	2213
2210	2292	2247
2213	2103	2041
2213	2251	2103
2067	2172	2080
2067	2094	2172
2094	2104	2172
2104	2361	2172
2361	2254	2172
2361	2385	2254
2385	2434	2254
2385	2486	2434
2486	2557	2434
2486	2581	2557
2581	2714	2557
2714	2655	2557
2655	2633	2557
2581	2716	2714
2716	2745	2714
2745	2801	2714
2745	2673	2801
2581	2533	2716
2581	2486	2533
2486	2490	2533
2490	2483	2533
2075	2169	2262
2169	2266	2262
2266	2281	2262
2082	2101	2244
2244	2099	2082
2084	2133	2148
2148	2194	2084
2194	2196	2084
2196	2006	2084
2196	2087	2006
2148	2340	2194
2148	2187	2340
2187	2335	2340
2148	2133	2187
2089	2151	2138
2151	2230	2138
2230	2274	2138
2230	2328	2274
2230	2307	2328
2307	2354	2328
2307	2359	2354
2307	2372	2359
2372	2528	2359
2372	2380	2528
2372	2332	2380
2332	2297	2380
2332	2185	2297
2332	2230	2185
2230	2151	2185
2332	2307	2230
2332	2372	2307
2096	2140	2119
2119	2149	2096
2119	2140	2149
2140	2289	2149
2289	2298	2149
2140	2308	2289
2097	2226	2243
2226	2375	2243
2243	2111	2097
2102	2242	2224
2106	2229	2181
2110	2145	2129
2122	2189	2173
2189	2237	2173
2237	2345	2173
2237	2435	2345
2435	2440	2345
2440	2415	2345
2435	2468	2440
2435	2437	2468
2437	2424	2468
2437	2237	2424
2437	2435	2237
2189	2164	2237
2164	2183	2237
2189	2122	2164
2141	2239	2159
2159	2073	2141
2144	2202	2218
2202	2313	2218
2313	2311	2218
2311	2269	2218
2311	2368	2269
2368	2282	2269
2311	2391	2368
2311	2399	2391
2399	2449	2391
2399	2436	2449
2436	2589	2449
2399	2313	2436
2313	2442	2436
2442	2514	2436
2442	2497	2514
2497	2592	2514
2497	2547	2592
2547	2728	2592
2497	2439	2547
2439	2536	2547
2439	2444	2536
2439	2405	2444
2405	2423	2444
2313	2285	2442
2313	2202	2285
2399	2311	2313
2192	2312	2302
2312	2488	2302
2488	2416	2302
2488	2601	2416
2601	2417	2416
2601	2543	2417
2543	2443	2417
2543	2489	2443
2601	2702	2543
2702	2719	2543
2702	2800	2719
2702	2896	2800
2896	2865	2800
2601	2732	2702
2601	2646	2732
2646	2768	2732
2768	2818	2732
2601	2488	2646
2192	2306	2312
2192	2171	2306
2171	2318	2306
2193	2211	2276
2276	2270	2193
2276	2290	2270
2290	2452	2270
2290	2469	2452
2469	2531	2452
2469	2529	2531
2529	2573	2531
2529	2494	2573
2494	2500	2573
2529	2469	2494
2211	2277	2276
2211	2156	2277
2195	2214	2339
2195	2025	2214
2195	2120	2025
2339	2377	2195
2200	2293	2347
2221	2249	2374
2249	2438	2374
2249	2392	2438
2249	2337	2392
2245	2390	2383
2259	2433	2403
2267	2457	2479
2273	2369	2467
2275	2461	2400
2400	2297	2275
2275	2377	2461
2377	2487	2461
2305	2427	2310
2305	2281	2427
2305	2272	2281
2309	2371	2367
2367	2353	2309
2367	2482	2353
2482	2558	2353
2367	2402	2482
2402	2428	2482
2428	2541	2482
2402	2371	2428
2402	2367	2371
2317	2394	2324
2394	2563	2324
2322	2388	2363
2363	2373	2322
2363	2395	2373
2322	2329	2388
2325	2516	2534
2327	2418	2456
2342	2406	2532
2342	2229	2406
2532	2537	2342
2537	2308	2342
2537	2550	2308
2537	2555	2550
2537	2591	2555
2537	2594	2591
2537	2532	2594
2532	2568	2594
2343	2358	2393
2358	2476	2393
2346	2507	2538
2507	2600	2538
2600	2631	2538
2631	2653	2538
2507	2511	2600
2370	2540	2501
2540	2711	2501
2370	2480	2540
2370	2310	2480
2386	2484	2430
2430	2424	2386
2387	2512	2431
2512	2515	2431
2515	2394	2431
2387	2407	2512
2407	2445	2512
2445	2545	2512
2445	2527	2545
2398	2583	2542
2583	2699	2542
2699	2647	2542
2699	2776	2647
2776	2717	2647
2717	2665	2647
2717	2696	2665
2696	2502	2665
2776	2804	2717
2776	2901	2804
2901	2958	2804
2699	2731	2776
2731	2848	2776
2731	2844	2848
2699	2583	2731
2401	2491	2597
2491	2649	2597
2649	2629	2597
2649	2720	2629
2649	2707	2720
2649	2491	2707
2491	2688	2707
2491	2674	2688
2491	2456	2674
2456	2648	2674
2597	2474	2401
2474	2299	2401
2299	2208	2401
2597	2508	2474
2597	2565	2508
2448	2521	2513
2448	2466	2521
2450	2485	2465
2485	2546	2465
2485	2451	2546
2453	2518	2464
2454	2605	2549
2462	2552	2520
2552	2678	2520
2552	2763	2678
2763	2913	2678
2913	2767	2678
2913	2908	2767
2908	2863	2767
2863	2687	2767
2863	2772	2687
2772	2641	2687
2863	2986	2772
2986	2832	2772
2832	2766	2772
2832	2778	2766
2778	2615	2766
2778	2691	2615
2691	2576	2615
2576	2506	2615
2576	2423	2506
2423	2412	2506
2778	2802	2691
2778	2869	2802
2832	2854	2778
2863	2933	2986
2863	2908	2933
2908	2950	2933
2913	2984	2908
2913	2906	2984
2913	2763	2906
2473	2525	2496
2496	2526	2473
2526	2523	2473
2526	2588	2523
2588	2663	2523
2588	2662	2663
2662	2751	2663
2751	2790	2663
2588	2611	2662
2588	2525	2611
2525	2539	2611
2539	2633	2611
2633	2659	2611
2525	2473	2539
2588	2526	2525
2526	2496	2525
2495	2587	2612
2612	2560	2495
2612	2712	2560
2712	2690	2560
2690	2524	2560
2712	2840	2690
2712	2820	2840
2612	2661	2712
2612	2587	2661
2503	2548	2640
2548	2710	2640
2553	2724	2642
2553	2682	2724
2682	2721	2724
2554	2744	2603
2556	2575	2685
2556	2341	2575
2575	2627	2685
2685	2771	2556
2685	2833	2771
2833	2895	2771
2895	2904	2771
2895	2927	2904
2927	3046	2904
2927	2975	3046
2927	2833	2975
2927	2895	2833
2571	2798	2752
2798	2949	2752
2949	2942	2752
2942	2749	2752
2580	2785	2809
2586	2626	2643
2643	2667	2586
2643	2831	2667
2643	2679	2831
2679	2741	2831
2679	2634	2741
2679	2626	2634
2626	2457	2634
2457	2618	2634
2457	2467	2618
2467	2657	2618
2626	2586	2457
2679	2643	2626
2593	2650	2743
2593	2563	2650
2563	2637	2650
2637	2737	2650
2737	2755	2650
2755	2743	2650
2637	2515	2737
2593	2638	2563
2638	2460	2563
2638	2500	2460
2593	2725	2638
2593	2743	2725
2596	2697	2669
2697	2709	2669
2709	2670	2669
2670	2623	2669
2669	2622	2596
2598	2823	2722
2614	2624	2680
2614	2623	2624
2619	2668	2814
2628	2706	2705
2628	2764	2706
2764	2864	2706
2864	2780	2706
2780	2705	2706
2864	2827	2780
2658	2868	2862
2868	3021	2862
3021	2889	2862
2889	2856	2862
2889	3057	2856
2889	3021	3057
3021	3175	3057
3021	3152	3175
3152	3244	3175
3152	3242	3244
3152	3088	3242
3152	3021	3088
2666	2748	2677
2748	2758	2677
2671	2740	2851
2740	2893	2851
2893	2900	2851
2893	3019	2900
3019	3059	2900
3019	3108	3059
2893	2920	3019
2920	2974	3019
2974	3106	3019
2974	2931	3106
2931	2872	3106
2974	2920	2931
2893	2740	2920
2851	2781	2671
2676	2765	2808
2676	2729	2765
2765	2952	2808
2681	2777	2829
2692	2726	2796
2796	2682	2692
2796	2850	2682
2796	2874	2850
2700	2870	2775
2775	2680	2700
2870	2971	2775
2870	3093	2971
3093	3178	2971
3178	3075	2971
3075	2929	2971
3075	2978	2929
3075	3020	2978
3020	3002	2978
3020	3039	3002
3020	3075	3039
3075	3220	3039
3075	3245	3220
2870	3025	3093
2703	2786	2797
2708	2738	2866
2866	2859	2708
2727	2759	2847
2759	2887	2847
2759	2934	2887
2934	2939	2887
2934	2976	2939
2976	2992	2939
2934	2943	2976
2735	2770	2789
2735	2750	2770
2789	2788	2735
2742	2877	2760
2760	2616	2742
2742	2884	2877
2884	2964	2877
2964	2940	2877
2884	2903	2964
2903	3097	2964
2903	3079	3097
2903	2873	3079
2873	2954	3079
2873	2898	2954
2898	2858	2954
2858	2972	2954
2972	3045	2954
2972	3156	3045
2858	2970	2972
2858	2799	2970
2799	2990	2970
2990	3054	2970
2990	3053	3054
2873	2823	2898
2774	2805	2922
2805	2969	2922
2787	2846	2860
2846	2902	2860
2902	2839	2860
2839	2657	2860
2839	2741	2657
2846	2953	2902
2792	2821	3056
2821	2935	3056
2935	3069	3056
2821	2824	2935
2793	2826	2871
2793	2794	2826
2794	2878	2826
2878	2951	2826
2951	2871	2826
2793	2573	2794
2871	2849	2793
2849	2798	2793
2795	2813	2891
2807	2880	2959
2817	2888	2912
2888	2999	2912
2888	2948	2999
2819	2882	2916
2819	2790	2882
2882	2917	2916
2917	2994	2916
2994	3034	2916
3034	2965	2916
3034	2993	2965
2993	2897	2965
3034	3078	2993
3034	3126	3078
3126	3127	3078
3126	3166	3127
3126	3165	3166
3126	3125	3165
3125	3102	3165
3125	3034	3102
3034	3035	3102
3034	2994	3035
3125	3126	3034
2822	2842	2853
2842	2907	2853
2834	3047	2905
3047	3028	2905
2838	3008	3000
2841	2947	2919
2947	3009	2919
2947	3119	3009
3119	3180	3009
3119	3205	3180
3205	3272	3180
3205	3314	3272
3314	3418	3272
3314	3397	3418
3397	3486	3418
3205	3119	3314
3119	3109	3314
3119	3081	3109
3081	3052	3109
3081	3018	3052
3018	2980	3052
3081	3119	3018
3119	2947	3018
2883	3048	2991
3048	3185	2991
3185	3141	2991
3141	3098	2991
3098	2926	2991
3141	3184	3098
3184	3187	3098
3184	3269	3187
3269	3274	3187
3274	3189	3187
3189	3043	3187
3189	2960	3043
3189	3217	2960
3217	2955	2960
3189	3260	3217
3189	3274	3260
3274	3423	3260
3274	3442	3423
3442	3489	3423
3442	3509	3489
3184	3270	3269
3184	3185	3270
3184	3141	3185
2885	2946	3007
2921	3012	2977
3012	3212	2977
3212	3195	2977
3195	3106	2977
3212	3384	3195
3212	3385	3384
3212	3279	3385
2925	2989	2983
2989	3051	2983
2989	3099	3051
2937	2941	3065
2941	3027	3065
3027	3090	3065
3090	3171	3065
3171	3037	3065
3027	3094	3090
3094	3163	3090
2944	2997	3114
2956	3164	3060
3164	3196	3060
3196	3197	3060
3164	3228	3196
2956	2992	3164
2962	3013	3036
2963	3033	3004
2963	3001	3033
3001	3064	3033
2979	3044	3116
2982	3159	3016
2988	3070	3032
2988	3129	3070
3129	3305	3070
3305	3088	3070
3088	3032	3070
2995	3080	3038
2995	3177	3080
2998	3084	3076
3084	3113	3076
3113	3247	3076
3003	3082	3073
3003	3142	3082
3082	3077	3073
3022	3204	3062
3062	3025	3022
3025	2910	3022
3062	3206	3025
3022	3057	3204
3057	3221	3204
3057	3278	3221
3022	2936	3057
3024	3160	3128
3160	3241	3128
3241	3216	3128
3216	3053	3128
3160	3266	3241
3266	3374	3241
3160	3170	3266
3026	3133	3086
3026	3105	3133
3105	3169	3133
3169	3213	3133
3213	3271	3133
3213	3350	3271
3213	3169	3350
3169	3120	3350
3169	3105	3120
3031	3255	3050
3255	3208	3050
3208	3200	3050
3208	3230	3200
3208	3255	3230
3042	3055	3089
3055	3111	3089
3055	3137	3111
3049	3146	3074
3146	3091	3074
3146	3100	3091
3058	3118	3209
3118	3237	3209
3237	3286	3209
3286	3316	3209
3316	3372	3209
3372	3366	3209
3372	3482	3366
3286	3371	3316
3286	3237	3371
3118	3085	3237
3061	3153	3072
3153	3112	3072
3153	3259	3112
3259	3218	3112
3259	3276	3218
3153	3235	3259
3235	3389	3259
3235	3353	3389
3353	3449	3389
3449	3523	3389
3523	3425	3389
3523	3530	3425
3068	3140	3157
3157	3183	3068
3087	3190	3095
3087	3191	3190
3101	3289	3275
3289	3317	3275
3317	3226	3275
3317	3298	3226
3317	3444	3298
3444	3448	3298
3444	3545	3448
3444	3451	3545
3451	3579	3545
3451	3483	3579
3451	3438	3483
3438	3388	3483
3438	3289	3388
3438	3317	3289
3438	3444	3317
3438	3451	3444
3115	3246	3315
3117	3172	3251
3172	3154	3251
3154	3308	3251
3251	3243	3117
3251	3280	3243
3124	3292	3224
3131	3155	3303
3155	3248	3303
3148	3192	3232
3162	3264	3227
3264	3321	3227
3264	3399	3321
3227	3099	3162
3227	3236	3099
3176	3193	3265
3194	3364	3299
3201	3320	3310
3201	3252	3320
3203	3288	3352
3352	3265	3203
3207	3253	3233
3253	3296	3233
3296	3223	3233
3214	3311	3383
3231	3294	3304
3294	3398	3304
3398	3435	3304
3398	3542	3435
3542	3497	3435
3542	3602	3497
3542	3630	3602
3398	3498	3542
3498	3595	3542
3398	3381	3498
3398	3294	3381
3294	3335	3381
3335	3472	3381
3240	3285	3267
3267	3156	3240
3267	3330	3156
3267	3434	3330
3256	3293	3325
3257	3429	3301
3429	3344	3301
3257	3480	3429
3480	3609	3429
3609	3562	3429
3609	3618	3562
3609	3757	3618
3757	3816	3618
3816	3764	3618
3816	3961	3764
3961	3864	3764
3864	3783	3764
3864	3854	3783
3854	3741	3783
3741	3687	3783
3741	3651	3687
3864	3972	3854
3864	3961	3972
3757	3834	3816
3258	3343	3362
3343	3369	3362
3369	3440	3362
3440	3355	3362
3440	3468	3355
3468	3469	3355
3469	3252	3355
3252	3225	3355
3469	3453	3252
3469	3520	3453
3469	3468	3520
3440	3641	3468
3268	3338	3281
3273	3334	3365
3334	3409	3365
3284	3332	3309
3332	3464	3309
3464	3488	3309
3488	3379	3309
3464	3512	3488
3512	3684	3488
3287	3300	3415
3300	3487	3415
3487	3500	3415
3500	3616	3415
3616	3642	3415
3642	3576	3415
3642	3655	3576
3655	3635	3576
3655	3745	3635
3655	3848	3745
3655	3896	3848
3655	3744	3896
3655	3646	3744
3646	3707	3744
3646	3616	3707
3646	3642	3616
3646	3655	3642
3500	3513	3616
3500	3487	3513
3415	3270	3287
3297	3339	3394
3306	3356	3406
3306	3272	3356
3356	3506	3406
3313	3445	3495
3445	3634	3495
3634	3625	3495
3625	3679	3495
3625	3645	3679
3625	3634	3645
3634	3747	3645
3747	3796	3645
3634	3806	3747
3318	3432	3393
3318	3407	3432
3407	3517	3432
3407	3457	3517
3457	3538	3517
3407	3400	3457
3322	3387	3392
3387	3422	3392
3387	3386	3422
3328	3428	3476
3476	3474	3328
3337	3446	3404
3337	3396	3446
3396	3574	3446
3574	3603	3446
3603	3529	3446
3574	3752	3603
3396	3540	3574
3396	3443	3540
3443	3496	3540
3496	3664	3540
3341	3408	3426
3346	3347	3526
3351	3522	3493
3522	3570	3493
3570	3459	3493
3351	3525	3522
3363	3490	3441
3490	3539	3441
3539	3578	3441
3368	3536	3413
3368	3491	3536
3370	3454	3376
3454	3424	3376
3380	3427	3516
3427	3433	3516
3433	3514	3516
3514	3667	3516
3667	3673	3516
3667	3779	3673
3779	3827	3673
3827	3819	3673
3819	3728	3673
3819	3793	3728
3793	3715	3728
3715	3521	3728
3715	3682	3521
3682	3455	3521
3455	3465	3521
3682	3636	3455
3636	3494	3455
3682	3710	3636
3710	3738	3636
3738	3683	3636
3738	3765	3683
3765	3723	3683
3682	3781	3710
3682	3715	3781
3715	3839	3781
3715	3793	3839
3793	3866	3839
3866	4006	3839
4006	3987	3839
3987	3965	3839
4006	4042	3987
4006	4080	4042
4006	4126	4080
4126	4182	4080
4126	4221	4182
4221	4315	4182
4221	4329	4315
4221	4353	4329
4353	4386	4329
4386	4431	4329
4386	4411	4431
4386	4379	4411
4386	4353	4379
4353	4347	4379
4353	4248	4347
4353	4221	4248
4221	4169	4248
4169	4153	4248
4221	4126	4169
4006	4040	4126
3793	3819	3866
3779	3805	3827
3805	3891	3827
3805	3818	3891
3818	3888	3891
3888	4035	3891
3888	3895	4035
3895	4008	4035
3888	3844	3895
3844	3808	3895
3888	3818	3844
3667	3632	3779
3667	3514	3632
3382	3547	3501
3547	3584	3501
3547	3554	3584
3554	3571	3584
3571	3691	3584
3554	3561	3571
3401	3564	3403
3564	3541	3403
3401	3402	3564
3401	3255	3402
3255	3417	3402
3405	3471	3492
3411	3456	3531
3456	3551	3531
3531	3503	3411
3414	3467	3431
3467	3590	3431
3467	3589	3590
3589	3705	3590
3589	3718	3705
3718	3821	3705
3821	3868	3705
3868	3918	3705
3868	4063	3918
3868	3970	4063
3868	3821	3970
3821	3907	3970
3821	3719	3907
3719	3726	3907
3821	3718	3719
3589	3463	3718
3589	3467	3463
3419	3462	3466
3419	3477	3462
3477	3507	3462
3507	3466	3462
3477	3661	3507
3419	3421	3477
3466	3370	3419
3466	3508	3370
3437	3722	3620
3447	3548	3695
3460	3598	3648
3598	3623	3648
3623	3774	3648
3623	3647	3774
3648	3644	3460
3644	3613	3460
3644	3737	3613
3737	3567	3613
3737	3732	3567
3732	3555	3567
3555	3426	3567
3473	3659	3543
3475	3640	3559
3484	3549	3557
3549	3563	3557
3549	3662	3563
3662	3698	3563
3662	3736	3698
3662	3763	3736
3549	3499	3662
3549	3484	3499
3502	3560	3544
3560	3605	3544
3605	3511	3544
3511	3527	3544
3527	3502	3544
3560	3666	3605
3504	3610	3558
3610	3653	3558
3653	3743	3558
3653	3762	3743
3558	3385	3504
3524	3639	3566
3537	3685	3573
3685	3627	3573
3627	3608	3573
3685	3721	3627
3685	3887	3721
3685	3790	3887
3790	3952	3887
3565	3650	3592
3650	3643	3592
3643	3621	3592
3621	3526	3592
3650	3746	3643
3746	3804	3643
3746	3784	3804
3568	3596	3665
3569	3668	3577
3577	3399	3569
3399	3379	3569
3575	3637	3696
3637	3731	3696
3731	3766	3696
3581	3680	3607
3680	3606	3607
3680	3761	3606
3582	3604	3614
3604	3725	3614
3599	3717	3712
3612	3720	3622
3615	3633	3700
3633	3619	3700
3700	3677	3615
3677	3675	3615
3675	3641	3615
3675	3706	3641
3706	3686	3641
3706	3785	3686
3706	3675	3785
3675	3677	3785
3677	3700	3785
3624	3657	3714
3657	3674	3714
3714	3678	3624
3714	3767	3678
3767	3829	3678
3767	3946	3829
3946	3875	3829
3767	3828	3946
3670	3739	3760
3676	3802	3803
3802	3842	3803
3681	3759	3689
3692	3872	3825
3697	3758	3826
3826	3857	3697
3826	3898	3857
3898	3982	3857
3982	3869	3857
3869	3748	3857
3869	3752	3748
3869	3791	3752
3898	3990	3982
3898	3826	3990
3826	3992	3990
3699	3794	3780
3701	3841	3772
3711	3735	3734
3713	3789	3838
3789	3974	3838
3974	3900	3838
3974	3957	3900
3974	4017	3957
3974	4093	4017
3974	3985	4093
3974	3954	3985
3974	3789	3954
3730	3911	3962
3754	3755	3885
3885	3870	3754
3773	3782	3923
3773	3725	3782
3923	3958	3773
3776	3813	3832
3777	3795	3874
3777	3661	3795
3778	3893	3823
3893	3944	3823
3893	4011	3944
3893	3908	4011
3786	3798	3830
3787	3814	3831
3814	3902	3831
3902	3837	3831
3902	3940	3837
3902	4046	3940
4046	4057	3940
3788	3800	3817
3809	3912	3917
3809	3815	3912
3820	3928	3889
3889	3761	3820
3889	3922	3761
3889	3928	3922
3928	4012	3922
4012	3966	3922
4012	4019	3966
4012	4181	4019
4012	4129	4181
4129	4194	4181
4012	3928	4129
3822	3906	3914
3906	4016	3914
3906	4043	4016
3833	3978	3881
3978	3949	3881
3978	4073	3949
3978	4101	4073
4101	4128	4073
4128	4104	4073
4104	4100	4073
4101	4141	4128
4101	4177	4141
3978	4021	4101
4021	4085	4101
4021	4007	4085
4007	4090	4085
4007	4089	4090
4089	4130	4090
4089	4123	4130
4123	4219	4130
4123	4157	4219
4157	4253	4219
4253	4321	4219
4253	4292	4321
4253	4229	4292
4229	4243	4292
4243	4244	4292
4244	4339	4292
4339	4429	4292
4339	4445	4429
4445	4549	4429
4549	4528	4429
4528	4462	4429
4462	4444	4429
4462	4451	4444
4451	4437	4444
4437	4321	4444
4437	4344	4321
4437	4443	4344
4443	4447	4344
4443	4524	4447
4524	4494	4447
4494	4456	4447
4456	4392	4447
4456	4473	4392
4473	4398	4392
4398	4323	4392
4398	4375	4323
4375	4346	4323
4375	4368	4346
4368	4269	4346
4269	4193	4346
4269	4147	4193
4269	4159	4147
4159	4029	4147
4029	4051	4147
4051	4100	4147
4269	4209	4159
4269	4319	4209
4319	4277	4209
4319	4378	4277
4378	4412	4277
4412	4326	4277
4326	4225	4277
4225	4112	4277
4412	4409	4326
4409	4396	4326
4396	4340	4326
4396	4404	4340
4396	4505	4404
4505	4521	4404
4521	4485	4404
4485	4254	4404
4254	4230	4404
4254	4056	4230
4254	4092	4056
4254	4166	4092
4166	4142	4092
4142	4054	4092
4142	4121	4054
4121	4068	4054
4068	3896	4054
3896	3977	4054
4121	4163	4068
4121	4142	4163
4166	4245	4142
4245	4328	4142
4166	4254	4245
4521	4553	4485
4553	4564	4485
4564	4513	4485
4553	4570	4564
4570	4634	4564
4634	4629	4564
4629	4617	4564
4629	4701	4617
4701	4690	4617
4690	4598	4617
4690	4551	4598
4701	4752	4690
4752	4760	4690
4760	4717	4690
4717	4682	4690
4717	4702	4682
4717	4798	4702
4798	4776	4702
4776	4713	4702
4713	4623	4702
4713	4614	4623
4614	4555	4623
4798	4797	4776
4798	4843	4797
4843	4821	4797
4843	4851	4821
4843	4932	4851
4932	4900	4851
4900	4845	4851
4900	4874	4845
4874	4824	4845
4824	4710	4845
4710	4684	4845
4710	4613	4684
4613	4611	4684
4611	4631	4684
4613	4544	4611
4544	4495	4611
4544	4510	4495
4510	4383	4495
4383	4384	4495
4384	4486	4495
4384	4423	4486
4423	4496	4486
4423	4418	4496
4418	4555	4496
4423	4376	4418
4376	4311	4418
4311	4427	4418
4376	4294	4311
4294	4276	4311
4276	4288	4311
4276	4201	4288
4201	4163	4288
4163	4255	4288
4376	4357	4294
4357	4338	4294
4338	4312	4294
4312	4249	4294
4249	4174	4294
4174	4173	4294
4174	4096	4173
4174	4047	4096
4047	4037	4096
4037	4201	4096
4037	4015	4201
4037	3996	4015
4037	3897	3996
3897	3841	3996
4037	3995	3897
4037	4047	3995
4174	4162	4047
4174	4249	4162
4312	4270	4249
4312	4383	4270
4383	4333	4270
4333	4261	4270
4333	4289	4261
4289	4239	4261
4239	4208	4261
4333	4342	4289
4342	4351	4289
4351	4332	4289
4351	4408	4332
4408	4405	4332
4408	4509	4405
4509	4517	4405
4517	4453	4405
4453	4360	4405
4453	4320	4360
4320	4231	4360
4320	4282	4231
4320	4335	4282
4335	4199	4282
4199	4116	4282
4199	4218	4116
4199	4260	4218
4260	4389	4218
4260	4335	4389
4260	4199	4335
4320	4441	4335
4320	4453	4441
4453	4512	4441
4453	4517	4512
4517	4568	4512
4568	4547	4512
4568	4642	4547
4642	4573	4547
4642	4626	4573
4626	4572	4573
4626	4664	4572
4664	4596	4572
4664	4658	4596
4658	4567	4596
4658	4605	4567
4605	4543	4567
4543	4479	4567
4543	4522	4479
4522	4475	4479
4522	4538	4475
4538	4493	4475
4493	4415	4475
4415	4380	4475
4380	4381	4475
4380	4334	4381
4334	4303	4381
4334	4175	4303
4175	4290	4303
4175	4187	4290
4380	4415	4334
4415	4373	4334
4415	4514	4373
4514	4400	4373
4400	4336	4373
4514	4446	4400
4446	4407	4400
4446	4519	4407
4519	4410	4407
4519	4434	4410
4434	4354	4410
4434	4430	4354
4430	4348	4354
4348	4300	4354
4300	4268	4354
4300	4275	4268
4275	4250	4268
4275	4300	4250
4300	4318	4250
4318	4264	4250
4264	4110	4250
4264	4232	4110
4232	4013	4110
4013	4049	4110
4013	3936	4049
3936	3947	4049
4232	4146	4013
4264	4377	4232
4377	4393	4232
4377	4500	4393
4500	4483	4393
4483	4304	4393
4500	4557	4483
4557	4603	4483
4603	4504	4483
4557	4594	4603
4557	4583	4594
4583	4632	4594
4632	4703	4594
4632	4689	4703
4689	4712	4703
4712	4730	4703
4712	4808	4730
4808	4800	4730
4800	4700	4730
4800	4782	4700
4782	4696	4700
4696	4676	4700
4696	4680	4676
4696	4693	4680
4696	4782	4693
4782	4714	4693
4782	4823	4714
4823	4724	4714
4724	4663	4714
4724	4657	4663
4724	4586	4657
4724	4638	4586
4724	4678	4638
4823	4869	4724
4823	4884	4869
4884	4968	4869
4968	4918	4869
4918	4862	4869
4918	4881	4862
4881	4819	4862
4881	4838	4819
4881	4879	4838
4881	4954	4879
4954	4966	4879
4966	4942	4879
4942	4953	4879
4942	4955	4953
4955	4998	4953
4998	4937	4953
4998	5006	4937
5006	4935	4937
4935	4880	4937
4935	4929	4880
4929	4839	4880
4839	4811	4880
4929	4885	4839
4929	4994	4885
4994	4980	4885
4994	5022	4980
5022	5030	4980
5030	5020	4980
5030	5031	5020
5031	4965	5020
4965	4901	5020
5031	5047	4965
5030	5089	5031
5030	5022	5089
5022	5094	5089
5094	5095	5089
5095	5134	5089
5095	5124	5134
5124	5153	5134
5153	5145	5134
5145	5133	5134
5133	5079	5134
5133	5108	5079
5108	5080	5079
5080	5065	5079
5065	5047	5079
5080	5074	5065
5074	5058	5065
5058	5021	5065
5021	4977	5065
5021	4974	4977
4974	4898	4977
4898	4890	4977
4890	4907	4977
4907	4923	4977
4907	4910	4923
4890	4778	4907
4890	4771	4778
4890	4898	4771
4898	4864	4771
4898	4912	4864
4912	4791	4864
4912	4850	4791
4912	4878	4850
4878	4861	4850
4861	4736	4850
4878	4920	4861
4920	4936	4861
4920	4984	4936
4984	4989	4936
4989	4931	4936
4931	4893	4936
4931	4972	4893
4972	4857	4893
4857	4795	4893
4857	4826	4795
4826	4706	4795
4706	4708	4795
4708	4737	4795
4708	4655	4737
4655	4661	4737
4661	4673	4737
4673	4736	4737
4826	4781	4706
4826	4796	4781
4796	4847	4781
4847	4698	4781
4847	4759	4698
4759	4718	4698
4759	4719	4718
4759	4835	4719
4835	4832	4719
4832	4833	4719
4832	4863	4833
4863	4842	4833
4863	4876	4842
4876	4855	4842
4876	4897	4855
4897	4902	4855
4902	4895	4855
4895	4806	4855
4806	4753	4855
4753	4743	4855
4753	4731	4743
4731	4726	4743
4731	4683	4726
4683	4719	4726
4753	4688	4731
4753	4765	4688
4753	4806	4765
4806	4738	4765
4738	4652	4765
4738	4742	4652
4742	4646	4652
4646	4581	4652
4581	4571	4652
4571	4580	4652
4571	4541	4580
4541	4552	4580
4541	4527	4552
4527	4537	4552
4527	4503	4537
4503	4506	4537
4506	4601	4537
4506	4469	4601
4469	4630	4601
4503	4466	4506
4503	4527	4466
4581	4452	4571
4581	4561	4452
4561	4471	4452
4471	4309	4452
4471	4287	4309
4287	4183	4309
4183	4197	4309
4197	4285	4309
4183	4052	4197
4052	4111	4197
4111	4132	4197
4111	4094	4132
4183	4045	4052
4045	3967	4052
3967	3913	4052
3967	3883	3913
3967	3871	3883
3967	3873	3871
4471	4280	4287
4561	4491	4471
4491	4365	4471
4491	4516	4365
4516	4403	4365
4403	4281	4365
4281	4263	4365
4263	4259	4365
4281	4207	4263
4281	4246	4207
4246	4171	4207
4246	4214	4171
4214	4114	4171
4214	4137	4114
4137	4038	4114
4038	4014	4114
4038	3943	4014
3943	3846	4014
3846	3940	4014
4137	4043	4038
4214	4235	4137
4235	4273	4137
4273	4247	4137
4247	4237	4137
4247	4244	4237
4244	4236	4237
4244	4243	4236
4243	4229	4236
4247	4339	4244
4247	4273	4339
4273	4370	4339
4370	4445	4339
4370	4458	4445
4458	4550	4445
4550	4549	4445
4550	4574	4549
4574	4640	4549
4640	4606	4549
4606	4528	4549
4606	4451	4528
4451	4462	4528
4640	4667	4606
4667	4672	4606
4672	4620	4606
4620	4524	4606
4620	4481	4524
4481	4494	4524
4481	4456	4494
4481	4473	4456
4481	4619	4473
4619	4533	4473
4533	4468	4473
4468	4398	4473
4468	4375	4398
4468	4368	4375
4468	4366	4368
4366	4269	4368
4366	4367	4269
4367	4319	4269
4367	4378	4319
4367	4492	4378
4492	4414	4378
4414	4412	4378
4414	4457	4412
4457	4511	4412
4511	4505	4412
4505	4409	4412
4505	4396	4409
4511	4515	4505
4515	4521	4505
4515	4570	4521
4570	4553	4521
4515	4608	4570
4608	4634	4570
4608	4685	4634
4685	4704	4634
4704	4686	4634
4686	4629	4634
4686	4701	4629
4686	4732	4701
4732	4752	4701
4732	4779	4752
4779	4859	4752
4859	4774	4752
4774	4760	4752
4774	4840	4760
4840	4798	4760
4798	4717	4760
4840	4854	4798
4854	4843	4798
4854	4963	4843
4963	4932	4843
4963	4949	4932
4949	4939	4932
4939	4900	4932
4939	4940	4900
4940	4905	4900
4905	4874	4900
4905	4908	4874
4908	4824	4874
4908	4844	4824
4844	4828	4824
4828	4794	4824
4794	4710	4824
4794	4741	4710
4741	4695	4710
4695	4641	4710
4641	4613	4710
4641	4569	4613
4569	4544	4613
4569	4510	4544
4569	4413	4510
4413	4383	4510
4413	4372	4383
4372	4333	4383
4372	4342	4333
4372	4413	4342
4413	4351	4342
4413	4408	4351
4695	4659	4641
4659	4607	4641
4659	4595	4607
4595	4509	4607
4595	4517	4509
4595	4568	4517
4659	4677	4595
4659	4697	4677
4697	4780	4677
4697	4799	4780
4799	4872	4780
4872	4827	4780
4827	4805	4780
4805	4720	4780
4720	4642	4780
4720	4626	4642
4720	4664	4626
4720	4772	4664
4772	4658	4664
4772	4707	4658
4707	4681	4658
4681	4605	4658
4681	4660	4605
4660	4538	4605
4538	4522	4605
4522	4543	4605
4660	4563	4538
4563	4514	4538
4514	4493	4538
4514	4415	4493
4563	4446	4514
4563	4519	4446
4563	4627	4519
4627	4540	4519
4540	4434	4519
4540	4545	4434
4545	4430	4434
4545	4424	4430
4424	4395	4430
4395	4348	4430
4395	4318	4348
4318	4300	4348
4395	4264	4318
4395	4377	4264
4395	4424	4377
4424	4500	4377
4424	4566	4500
4566	4583	4500
4583	4557	4500
4566	4632	4583
4566	4593	4632
4593	4687	4632
4687	4689	4632
4687	4746	4689
4746	4712	4689
4746	4813	4712
4813	4808	4712
4746	4785	4813
4785	4818	4813
4818	4883	4813
4818	4836	4883
4836	4894	4883
4894	4913	4883
4913	4916	4883
4916	4904	4883
4916	4964	4904
4964	4919	4904
4919	4853	4904
4853	4808	4904
4853	4800	4808
4853	4823	4800
4823	4782	4800
4853	4888	4823
4888	4884	4823
4853	4919	4888
4964	4988	4919
4988	4999	4919
4988	5033	4999
5033	5044	4999
5044	5017	4999
5017	4968	4999
5017	5008	4968
5008	5015	4968
5015	4954	4968
4954	4918	4968
4954	4881	4918
5015	4966	4954
5015	5041	4966
5041	4955	4966
4955	4942	4966
5041	4998	4955
5041	5046	4998
5046	5006	4998
5046	5101	5006
5101	5035	5006
5035	5012	5006
5012	4994	5006
4994	4929	5006
4929	4935	5006
5012	5022	4994
5012	5035	5022
5035	5094	5022
5035	5124	5094
5124	5095	5094
5035	5101	5124
5101	5140	5124
5140	5153	5124
5140	5118	5153
5140	5121	5118
5121	5093	5118
5093	5085	5118
5085	5076	5118
5085	5068	5076
5085	5093	5068
5093	5044	5068
5044	5033	5068
5033	5027	5068
5027	5029	5068
5027	4996	5029
5027	5033	4996
5033	4985	4996
4985	4962	4996
4985	4964	4962
4964	4916	4962
4916	4913	4962
4913	4921	4962
4913	4894	4921
4894	4870	4921
4870	4909	4921
4909	4928	4921
4928	4948	4921
4928	4930	4948
4930	4960	4948
4960	4990	4948
4960	4992	4990
4992	5011	4990
5011	5009	4990
5009	5023	4990
5023	5029	4990
5023	5036	5029
5023	5043	5036
5043	5052	5036
5043	5049	5052
5049	5077	5052
5077	5083	5052
5077	5100	5083
5100	5109	5083
5109	5105	5083
5105	5076	5083
5109	5131	5105
5109	5104	5131
5104	5150	5131
5150	5156	5131
5150	5154	5156
5154	5146	5156
5146	5133	5156
5133	5145	5156
5145	5152	5156
5145	5153	5152
5146	5125	5133
5125	5117	5133
5117	5108	5133
5117	5125	5108
5125	5090	5108
5090	5080	5108
5090	5074	5080
5090	5058	5074
5090	5084	5058
5084	5060	5058
5060	5021	5058
5060	4974	5021
5060	5005	4974
5005	4912	4974
4912	4898	4974
5005	4984	4912
4984	4920	4912
4920	4878	4912
5005	5007	4984
5007	5004	4984
5004	4989	4984
5004	4972	4989
4972	4931	4989
5004	5075	4972
5075	5054	4972
5054	4981	4972
4981	4941	4972
4941	4857	4972
4941	4846	4857
4846	4826	4857
4846	4796	4826
4846	4860	4796
4860	4847	4796
4860	4891	4847
4891	4911	4847
4911	4868	4847
4868	4835	4847
4835	4759	4847
4868	4889	4835
4889	4832	4835
4889	4944	4832
4944	4863	4832
4944	4897	4863
4897	4876	4863
4944	4987	4897
4987	4978	4897
4978	4902	4897
4978	4971	4902
4971	4895	4902
4971	4906	4895
4906	4877	4895
4877	4806	4895
4877	4829	4806
4829	4738	4806
4829	4742	4738
4829	4773	4742
4773	4745	4742
4745	4646	4742
4745	4723	4646
4723	4609	4646
4609	4604	4646
4604	4581	4646
4604	4561	4581
4604	4609	4561
4609	4491	4561
4609	4610	4491
4610	4516	4491
4610	4590	4516
4590	4559	4516
4559	4403	4516
4559	4458	4403
4559	4550	4458
4559	4633	4550
4633	4574	4550
4633	4640	4574
4633	4666	4640
4633	4637	4666
4637	4636	4666
4636	4723	4666
4636	4610	4723
4610	4609	4723
4636	4615	4610
4615	4590	4610
4615	4559	4590
4615	4636	4559
4636	4637	4559
4637	4633	4559
4745	4773	4723
4773	4786	4723
4773	4804	4786
4804	4809	4786
4809	4812	4786
4812	4787	4786
4812	4817	4787
4817	4788	4787
4788	4767	4787
4788	4769	4767
4769	4733	4767
4769	4734	4733
4734	4722	4733
4722	4667	4733
4722	4672	4667
4722	4756	4672
4756	4675	4672
4675	4620	4672
4675	4619	4620
4619	4481	4620
4675	4635	4619
4635	4533	4619
4635	4644	4533
4644	4622	4533
4622	4501	4533
4501	4498	4533
4498	4468	4533
4498	4487	4468
4487	4366	4468
4487	4367	4366
4487	4501	4367
4501	4492	4367
4501	4622	4492
4622	4597	4492
4597	4457	4492
4457	4414	4492
4597	4511	4457
4597	4602	4511
4602	4515	4511
4602	4608	4515
4602	4668	4608
4668	4729	4608
4729	4685	4608
4729	4728	4685
4728	4704	4685
4728	4784	4704
4784	4763	4704
4763	4686	4704
4763	4732	4686
4763	4779	4732
4763	4816	4779
4816	4814	4779
4814	4859	4779
4814	4848	4859
4814	4816	4848
4816	4784	4848
4784	4793	4848
4793	4867	4848
4867	4915	4848
4915	4952	4848
4915	4956	4952
4956	4975	4952
4975	4950	4952
4950	4859	4952
4950	4922	4859
4922	4871	4859
4871	4840	4859
4840	4774	4859
4871	4854	4840
4871	4914	4854
4914	4963	4854
4914	4951	4963
4951	4982	4963
4982	5002	4963
5002	4986	4963
4986	4949	4963
4986	4939	4949
4986	4940	4939
4982	5013	5002
5013	5026	5002
5013	5048	5026
5013	5086	5048
5086	5069	5048
5086	5096	5069
5096	5116	5069
5086	5082	5096
5086	5024	5082
5024	5051	5082
5051	5053	5082
5053	5057	5082
5053	5045	5057
5045	5037	5057
5037	5038	5057
5038	5067	5057
5067	5097	5057
5067	5072	5097
5072	5098	5097
5072	5087	5098
5087	5107	5098
5087	5103	5107
5103	5113	5107
5113	5111	5107
5111	5110	5107
5111	5132	5110
5132	5138	5110
5138	5122	5110
5132	5136	5138
5136	5142	5138
5142	5149	5138
5142	5144	5149
5144	5148	5149
5148	5155	5149
5155	5147	5149
5155	5151	5147
5155	5154	5151
5154	5150	5151
5155	5148	5154
5148	5144	5154
5144	5137	5154
5137	5146	5154
5137	5125	5146
5137	5128	5125
5128	5090	5125
5128	5119	5090
5119	5084	5090
5119	5091	5084
5091	5070	5084
5070	5060	5084
5070	5050	5060
5050	5005	5060
5050	5007	5005
5070	5091	5050
5119	5114	5091
5114	5115	5091
5114	5123	5115
5123	5127	5115
5127	5113	5115
5113	5078	5115
5113	5075	5078
5075	5004	5078
5113	5054	5075
5113	5081	5054
5081	5059	5054
5059	4981	5054
5059	5000	4981
5000	4943	4981
4943	4941	4981
4943	4882	4941
4882	4846	4941
4882	4860	4846
4882	4891	4860
4882	4943	4891
4943	4911	4891
4943	5000	4911
5000	5010	4911
5010	4973	4911
4973	4899	4911
4899	4868	4911
4899	4889	4868
4899	4967	4889
4967	4944	4889
4967	4987	4944
4967	5001	4987
5001	4978	4987
5001	5028	4978
5028	4971	4978
5028	4997	4971
4997	4969	4971
4969	4946	4971
4946	4906	4971
4946	4892	4906
4892	4837	4906
4837	4877	4906
4837	4829	4877
4837	4804	4829
4804	4773	4829
4837	4809	4804
4946	4924	4892
4946	4933	4924
4933	4926	4924
4926	4886	4924
4926	4934	4886
4926	4933	4934
4933	4969	4934
4969	4997	4934
4933	4946	4969
5028	5038	4997
5038	5034	4997
5034	5019	4997
5034	5045	5019
5045	5032	5019
5032	4993	5019
5032	4976	4993
4976	4958	4993
4958	4896	4993
4896	4903	4993
4903	4917	4993
4903	4802	4917
4903	4834	4802
4834	4757	4802
4757	4775	4802
4775	4801	4802
4757	4735	4775
4735	4644	4775
4735	4622	4644
4735	4671	4622
4671	4597	4622
4671	4668	4597
4668	4602	4597
4671	4751	4668
4751	4729	4668
4751	4793	4729
4793	4784	4729
4784	4728	4729
4751	4834	4793
4834	4858	4793
4858	4849	4793
4849	4867	4793
4849	4915	4867
4849	4858	4915
4858	4896	4915
4896	4958	4915
4958	4956	4915
4958	4970	4956
4970	4975	4956
4970	5025	4975
5025	5024	4975
5024	4950	4975
5024	5013	4950
5024	5086	5013
5025	5051	5024
5025	4970	5051
4970	5053	5051
4970	4976	5053
4976	5032	5053
5032	5045	5053
4970	4958	4976
4858	4834	4896
4834	4903	4896
4751	4758	4834
4758	4757	4834
4758	4735	4757
4758	4751	4735
4751	4671	4735
5034	5037	5045
5034	5038	5037
5028	5061	5038
5061	5067	5038
5061	5072	5067
5061	5040	5072
5040	5010	5072
5010	5087	5072
5010	5092	5087
5092	5103	5087
5092	5113	5103
5092	5081	5113
5092	5010	5081
5010	5059	5081
5010	5000	5059
5040	4973	5010
5040	4967	4973
4967	4899	4973
5040	5001	4967
5028	5001	5061
5127	5130	5113
5130	5111	5113
5130	5132	5111
5130	5136	5132
5130	5141	5136
5141	5142	5136
5141	5143	5142
5143	5144	5142
5141	5130	5143
5130	5135	5143
5130	5127	5135
5127	5123	5135
5119	5129	5114
5129	5144	5114
5129	5137	5144
5129	5128	5137
5129	5119	5128
4914	4922	4951
4922	4950	4951
4914	4871	4922
4816	4763	4784
4487	4498	4501
4722	4734	4756
4734	4790	4756
4790	4807	4756
4807	4801	4756
4790	4886	4807
4790	4817	4886
4790	4788	4817
4790	4769	4788
4790	4734	4769
4812	4809	4817
5109	5100	5104
5100	5099	5104
5100	5077	5099
5077	5071	5099
5077	5049	5071
5049	5064	5071
5049	5039	5064
5039	5062	5064
5039	5055	5062
5055	5063	5062
5063	5102	5062
5063	5066	5102
5066	5106	5102
5106	5139	5102
5139	5147	5102
5106	5120	5139
5106	5116	5120
5116	5126	5120
5063	5042	5066
5039	5014	5055
5039	5049	5014
5043	5018	5049
5018	4991	5049
5018	4959	4991
4959	4957	4991
4957	4961	4991
4961	4979	4991
4979	4995	4991
4995	5014	4991
4979	4983	4995
4979	4908	4983
4979	4961	4908
4961	4844	4908
4961	4957	4844
4957	4822	4844
4822	4794	4844
4794	4828	4844
4822	4741	4794
4822	4697	4741
4697	4695	4741
4697	4659	4695
4822	4799	4697
4822	4841	4799
4841	4872	4799
4841	4945	4872
4945	4938	4872
4938	4865	4872
4865	4827	4872
4865	4820	4827
4820	4805	4827
4820	4720	4805
4820	4772	4720
4820	4825	4772
4825	4815	4772
4815	4740	4772
4740	4707	4772
4740	4660	4707
4660	4681	4707
4740	4777	4660
4777	4715	4660
4715	4627	4660
4627	4563	4660
4715	4699	4627
4699	4691	4627
4691	4612	4627
4612	4540	4627
4612	4579	4540
4579	4545	4540
4579	4578	4545
4578	4593	4545
4593	4566	4545
4566	4424	4545
4578	4579	4593
4579	4612	4593
4612	4687	4593
4612	4692	4687
4692	4725	4687
4725	4746	4687
4725	4691	4746
4691	4761	4746
4761	4785	4746
4761	4818	4785
4761	4836	4818
4761	4803	4836
4803	4856	4836
4856	4894	4836
4856	4870	4894
4856	4831	4870
4831	4909	4870
4831	4866	4909
4866	4875	4909
4875	4930	4909
4930	4928	4909
4875	4960	4930
4875	4947	4960
4947	4992	4960
4947	4938	4992
4938	5018	4992
5018	5043	4992
5043	5011	4992
5043	5023	5011
5023	5009	5011
4938	4959	5018
4938	4945	4959
4945	4957	4959
4945	4822	4957
4945	4841	4822
4947	4925	4938
4925	4865	4938
4925	4875	4865
4875	4820	4865
4875	4825	4820
4875	4852	4825
4852	4815	4825
4852	4866	4815
4866	4831	4815
4831	4777	4815
4777	4740	4815
4831	4803	4777
4803	4715	4777
4803	4761	4715
4761	4699	4715
4761	4691	4699
4831	4856	4803
4852	4875	4866
4925	4947	4875
4725	4692	4691
4692	4612	4691
4985	4988	4964
4985	5033	4988
5093	5056	5044
5056	5017	5044
5056	5073	5017
5073	5015	5017
5015	5008	5017
5073	5041	5015
5073	5088	5041
5088	5046	5041
5088	5101	5046
5088	5112	5101
5112	5140	5101
5112	5121	5140
5112	5073	5121
5073	5056	5121
5056	5093	5121
5112	5088	5073
4273	4327	4370
4273	4235	4327
4235	4214	4327
4214	4246	4327
4312	4338	4383
4338	4384	4383
4338	4357	4384
4357	4423	4384
4357	4376	4423
4443	4451	4524
4443	4437	4451
4253	4210	4229
4253	4157	4210
3847	3915	3931
3852	4020	3859
4020	3828	3859
3853	4009	3877
4009	3971	3877
3853	4034	4009
4034	4187	4009
3853	4061	4034
3853	4067	4061
3861	4028	3989
4028	4055	3989
4028	4086	4055
3862	3901	3890
3867	3964	3878
3964	3880	3878
3876	3882	4058
3879	3926	3976
3926	4074	3976
4074	4031	3976
3886	3933	4025
3933	3979	4025
3979	4026	4025
4026	4083	4025
4083	4131	4025
4131	4109	4025
3904	3941	3950
3941	4016	3950
3909	3932	3993
3932	3991	3993
3991	4064	3993
3991	3981	4064
3991	3932	3981
3993	3985	3909
3920	3937	4003
3935	4023	4010
3935	4072	4023
3945	4077	4050
4077	4070	4050
4070	4079	4050
4079	3968	4050
4079	4018	3968
4079	4138	4018
3951	4062	3980
3951	4167	4062
4167	4152	4062
4167	4226	4152
4226	4206	4152
4226	4330	4206
4226	4426	4330
3960	4048	4002
3988	4071	4088
4088	4098	3988
4001	4134	4102
4027	4184	4082
4082	3992	4027
4184	4150	4082
4150	4106	4082
4032	4196	4119
4196	4222	4119
4196	4265	4222
4265	4322	4222
4322	4317	4222
4317	4234	4222
4265	4362	4322
4265	4361	4362
4361	4417	4362
4417	4508	4362
4361	4293	4417
4361	4265	4293
4265	4215	4293
4265	4196	4215
4196	4032	4215
4059	4133	4149
4076	4164	4165
4164	4220	4165
4097	4205	4213
4099	4156	4127
4156	4217	4127
4217	4180	4127
4156	4257	4217
4257	4331	4217
4107	4145	4179
4145	4227	4179
4227	4258	4179
4120	4125	4189
4124	4272	4284
4272	4298	4284
4136	4286	4144
4139	4299	4140
4140	4077	4139
4299	4349	4140
4151	4240	4301
4160	4224	4350
4224	4341	4350
4350	4313	4160
4350	4369	4313
4369	4435	4313
4435	4401	4313
4369	4459	4435
4369	4433	4459
4433	4464	4459
4433	4350	4464
4433	4369	4350
4176	4297	4271
4176	4233	4297
4190	4252	4278
4278	4205	4190
4204	4364	4355
4364	4502	4355
4364	4472	4502
4472	4582	4502
4582	4535	4502
4472	4556	4582
4472	4526	4556
4238	4283	4308
4241	4455	4337
4455	4419	4337
4419	4256	4337
4455	4497	4419
4497	4507	4419
4241	4391	4455
4251	4307	4356
4314	4440	4449
4440	4484	4449
4484	4562	4449
4562	4426	4449
4562	4480	4426
4343	4461	4363
4461	4518	4363
4461	4536	4518
4352	4425	4406
4406	4382	4352
4382	4299	4352
4382	4388	4299
4382	4588	4388
4588	4565	4388
4382	4406	4588
4406	4425	4588
4352	4416	4425
4374	4476	4432
4476	4489	4432
4476	4520	4489
4399	4438	4442
4438	4448	4442
4448	4586	4442
4422	4490	4470
4422	4546	4490
4546	4539	4490
4539	4477	4490
4477	4470	4490
4470	4356	4422
4428	4576	4439
4454	4530	4523
4474	4554	4591
4488	4542	4531
4488	4431	4542
4542	4665	4531
4584	4656	4625
4587	4650	4628
4650	4747	4628
4747	4750	4628
4747	4873	4750
4650	4755	4747
4618	4649	4716
4649	4651	4716
4716	4791	4618
4645	4654	4674
4662	4754	4762
4662	4727	4754
4705	4783	4768
4705	4762	4783
4705	4669	4762
4721	4749	4739
8	12	10
8	16	12
16	20	12
16	29	20
29	24	20
29	36	24
110	242	121
110	280	242
110	188	280
188	220	280
1072	1098	1165
1098	1109	1165
1109	1120	1165
1052	1098	945
941	1055	1052
941	1015	1055
941	880	1015
931	988	1120
931	808	988
808	804	988
931	782	808
931	743	782
698	599	650
403	543	396
721	821	559
1301	1384	1235
1301	1371	1384
1407	1459	1314
1305	1297	1407
1316	1513	1335
1573	1642	1523
1642	1669	1523
822	713	1007
713	778	1007
822	594	713
822	795	594
990	1276	1029
540	769	702
540	604	769
457	572	493
810	964	930
810	712	964
817	785	826
1154	1184	1089
946	915	942
946	884	915
1166	977	1063
1166	1071	977
971	1059	993
194	244	164
194	294	244
247	171	147
83	57	162
407	510	359
510	614	359
651	689	510
1237	1233	1381
318	291	374
146	55	182
55	132	182
132	199	182
172	274	211
274	342	211
342	358	211
172	255	274
227	240	106
240	134	106
249	431	299
249	327	431
249	234	327
328	340	297
341	368	309
425	325	427
432	455	317
461	497	527
570	453	623
705	754	888
761	841	796
1547	1497	1281
1497	1367	1281
1348	1629	1570
1519	1525	1499
1519	1737	1525
1214	1531	1208
1531	1514	1208
1214	1415	1531
1783	1672	1608
1181	1425	1138
1181	1451	1425
1390	1549	1439
1347	1107	1225
1420	1450	1376
1562	1663	1360
1999	1891	1927
1999	1948	1891
1395	1279	1269
1391	1542	1395
1405	1430	1276
1405	1560	1430
1509	1372	1382
1372	1261	1382
1372	1293	1261
1903	1761	1780
1903	1811	1761
1903	2044	1811
2044	2097	1811
2044	2226	2097
2044	2258	2226
2258	2375	2226
2258	2350	2375
2350	2495	2375
2093	2047	2161
1873	1722	2021
1372	1685	1449
1413	1711	1456
1711	1720	1456
1720	1677	1456
1677	1653	1456
1417	1342	1386
1650	1378	1550
1816	1953	1650
1816	2023	1953
2023	2049	1953
2023	2137	2049
2023	1943	2137
1943	2174	2137
2023	1816	1943
1906	1813	1779
1813	1569	1779
1569	1558	1779
1906	2008	1813
1807	1986	1784
1986	2009	1784
1772	2033	1760
1772	1833	2033
1902	1763	1767
1687	1697	1902
1687	1605	1697
1757	1996	1755
1814	2064	1838
1814	2103	2064
1770	1750	1822
1770	1673	1750
1808	1606	1771
1606	1645	1771
1871	1928	1879
1947	1844	2057
1965	2076	1958
1901	1858	1965
1858	2010	1965
1858	2055	2010
1901	1827	1858
1978	1994	1853
2361	2104	2209
2104	2048	2209
2574	2803	2620
2803	2673	2620
2803	2960	2673
2960	2955	2673
2955	2801	2673
2955	2980	2801
2980	2714	2801
2980	3018	2714
3018	2947	2714
2947	2655	2714
2955	3217	2980
3217	3052	2980
3217	3109	3052
3217	3314	3109
2733	2784	2475
2784	2694	2475
2733	2830	2784
2362	2288	2429
2382	2184	2331
1835	1698	1953
2058	2222	2036
2086	1888	2155
1888	2221	2155
2221	2374	2155
2086	1812	1888
2086	1889	1812
2026	2097	2111
2136	2283	2165
2041	2292	2210
2041	1976	2292
2655	2841	2633
2745	2716	2673
2149	1887	2096
2289	2550	2298
2536	2644	2547
2800	2921	2719
2800	2865	2921
2865	3012	2921
2865	2896	3012
2896	2962	3012
2896	3013	2962
2896	2818	3013
2818	2897	3013
2897	2993	3013
2993	3036	3013
2993	3192	3036
3192	3148	3036
2993	3078	3192
3078	3232	3192
3078	3166	3232
3166	3341	3232
3166	3408	3341
3166	3460	3408
3460	3613	3408
3613	3426	3408
3613	3567	3426
3166	3165	3460
3078	3127	3166
2818	2916	2897
2916	2965	2897
2818	2768	2916
2768	2819	2916
2768	2663	2819
2663	2790	2819
2768	2318	2663
2318	2523	2663
2768	2646	2318
2646	2488	2318
2488	2306	2318
2488	2312	2306
2896	2732	2818
2896	2702	2732
2290	2276	2469
2195	2377	2120
2377	2275	2120
2273	2098	2369
2461	2671	2400
2678	2767	2520
2552	2746	2763
2552	2602	2746
2520	2286	2462
2751	2882	2790
2751	2841	2882
2841	3009	2882
3009	2994	2882
2994	2917	2882
2690	2840	2524
2840	2559	2524
2840	2886	2559
2886	2867	2559
2840	2918	2886
2627	2810	2685
2810	2833	2685
2810	2835	2833
2835	2975	2833
2697	2910	2709
2910	2870	2709
2910	3025	2870
2697	2756	2910
2677	2564	2666
2564	2636	2666
2872	2977	3106
2952	3057	2808
3057	2892	2808
2902	2941	2839
2902	3040	2941
3040	3027	2941
2902	3041	3040
2902	2953	3041
3035	2994	3102
3047	3121	3028
3486	3693	3418
3077	2809	3073
2809	3003	3073
3077	2836	2809
3303	3396	3131
3232	3279	3148
3223	3207	3233
3253	3546	3296
3294	3173	3335
3506	3586	3406
3586	3647	3406
3586	3694	3647
3694	3774	3647
3404	3219	3337
3752	3791	3603
3426	3610	3341
3610	3504	3341
3426	3555	3610
3555	3732	3610
3732	3653	3610
3732	3762	3653
3673	3465	3516
3465	3380	3516
3673	3728	3465
3728	3521	3465
3819	3827	3866
3590	3581	3431
3918	3951	3705
3918	4167	3951
3918	4063	4167
4063	4202	4167
4063	4161	4202
3477	3688	3661
3419	3137	3421
3137	3271	3421
3437	3505	3722
3737	3807	3732
3807	3853	3732
3807	4067	3853
3502	3510	3560
3885	4022	3870
4022	3986	3870
3788	3605	3800
3820	3680	3928
4043	4236	4016
4236	4229	4016
3906	3943	4043
3943	4038	4043
3914	3691	3822
3914	3904	3691
4163	4015	4068
4245	4513	4328
4513	4402	4328
4402	4345	4328
4245	4254	4513
4254	4485	4513
4564	4598	4513
4564	4617	4598
4690	4682	4551
4555	4418	4623
4614	4496	4555
4282	4033	4231
4033	4055	4231
4055	4086	4231
4282	4116	4033
4218	4067	4116
4475	4381	4479
4381	4303	4479
4303	4389	4479
4303	4290	4389
4175	4009	4187
4175	3971	4009
4175	3856	3971
4953	4937	4879
5134	5047	5089
5134	5079	5047
4864	4791	4771
4850	4736	4791
4736	4679	4791
4861	4795	4736
4795	4737	4736
4861	4893	4795
4861	4936	4893
4781	4698	4706
4698	4582	4706
4582	4556	4706
4765	4652	4688
4471	4296	4280
4471	4365	4296
4137	4237	4043
4606	4524	4451
4595	4642	4568
4595	4677	4642
4677	4780	4642
4813	4883	4808
4883	4904	4808
4919	4968	4888
4919	4999	4968
5076	5105	5118
5068	5029	5076
5029	5052	5076
5052	5083	5076
5029	5036	5052
4996	4948	5029
4948	4990	5029
4996	4921	4948
4996	4962	4921
4666	4667	4640
4666	4767	4667
4767	4733	4667
4666	4787	4767
4723	4786	4666
5002	5042	4986
5002	5026	5042
5026	5048	5042
5048	5116	5042
5116	5106	5042
5106	5066	5042
5048	5069	5116
5096	5126	5116
5057	5097	5082
5107	5122	5098
5107	5110	5122
5149	5139	5138
5139	5126	5138
5149	5147	5139
5151	5102	5147
5151	5104	5102
5104	5099	5102
5099	5064	5102
5099	5071	5064
5151	5150	5104
5050	5004	5007
5050	5091	5004
5091	5078	5004
5091	5115	5078
4837	4892	4809
4892	4924	4809
4924	4817	4809
4924	4886	4817
4997	5019	4934
5019	4917	4934
5019	4993	4917
4775	4635	4801
4635	4675	4801
4675	4756	4801
4775	4644	4635
5013	4982	4950
4982	4951	4950
5040	5061	5001
5123	5144	5135
5123	5114	5144
4089	3938	4123
4089	4007	3938
3852	4084	4020
4084	4069	4020
3852	3886	4084
3886	4025	4084
4025	4109	4084
3876	3769	3882
4058	4151	3876
4071	4154	4088
4154	4098	4088
4362	4508	4322
4356	4470	4251
4584	4531	4656
4749	4927	4739
