259.340621 176.177591 32.964504 255 0 0
273.173887 163.641474 39.212843 255 0 0
288.526591 152.569962 45.223583 255 0 0
305.398732 142.963056 50.996722 255 0 0
323.790312 134.820754 56.532261 255 0 0
343.701329 128.143058 61.830201 255 0 0
365.131785 122.929967 66.890540 255 0 0
388.081678 119.181481 71.713280 255 0 0
412.551010 116.897600 76.298420 0 255 0
391.365533 117.996172 94.950696 0 255 0
371.917759 120.769739 113.331242 0 255 0
354.207688 125.218299 131.440057 0 255 0
338.235321 131.341853 149.277141 0 255 0
324.000658 139.140402 166.842494 0 255 0
311.503697 148.613944 184.136116 0 255 0
300.744441 159.762480 201.158007 0 255 0
291.722887 172.586010 217.908168 0 255 0
