3.724604799569887064e+02 1.536746684407895032e+02 1.711293073972245793e+02
3.557736310994567361e+02 1.356940289278304022e+02 1.654083308592382764e+02
3.446125083760840653e+02 1.183467866024103472e+02 1.525305014051870103e+02
3.494803608296624589e+02 1.008222005346527368e+02 1.500327821622959164e+02
3.500763588807552082e+02 8.372371304539940695e+01 1.389131228311122186e+02
3.479339229216253102e+02 6.663184773671882510e+01 1.263860463870880722e+02
3.337793142845228545e+02 5.109351935906413189e+01 8.412169063528688184e+01
3.259912870604682098e+02 7.139697721008825226e+01 4.227543365503447603e+01
3.305926564867426691e+02 8.996119755277804586e+01 3.321655609759761774e+01
3.269298511927878508e+02 1.078986417830345061e+02 2.990712448386943834e+01
3.212830845950496723e+02 1.254713075159747149e+02 3.129048041944940906e+01
3.179242110960141758e+02 1.422530961730944341e+02 4.598856399262967898e+01
3.083828432198420728e+02 1.600661621181645273e+02 4.180005967398744815e+01
