26.931964 32.013264 9.687500 255 0 0
27.679453 31.996137 8.750000 255 0 0
26.311725 31.975234 10.625000 255 0 0
28.554194 31.923851 7.812500 255 0 0
25.818737 31.882045 11.562500 255 0 0
29.556184 31.796406 6.875000 255 0 0
25.452999 31.733697 12.500000 255 0 0
30.685425 31.613803 5.937500 255 0 0
31.941917 31.376042 5.000000 0 255 0
31.957879 30.097352 5.937500 0 255 0
31.941617 28.953558 6.875000 0 255 0
31.893131 27.944660 7.812500 0 255 0
31.812422 27.070656 8.750000 0 255 0
31.699489 26.331549 9.687500 0 255 0
31.554333 25.727337 10.625000 0 255 0
31.376953 25.258020 11.562500 0 255 0
31.167350 24.923599 12.500000 0 255 0
