1	3	7
1	19	3
3	24	7
24	15	7
15	11	7
11	5	7
5	1	7
5	4	1
4	18	1
4	21	18
21	45	18
45	60	18
21	41	45
21	22	41
22	28	41
28	69	41
69	68	41
69	102	68
69	62	102
62	129	102
62	112	129
62	70	112
70	95	112
95	113	112
113	158	112
158	189	112
189	141	112
189	153	141
153	165	141
153	179	165
179	226	165
226	259	165
259	280	165
280	220	165
280	312	220
312	260	220
260	200	220
260	302	200
302	273	200
273	182	200
273	192	182
260	312	302
312	393	302
312	450	393
450	440	393
440	418	393
440	456	418
456	406	418
440	502	456
502	512	456
440	450	502
312	343	450
312	280	343
280	288	343
288	425	343
425	464	343
425	467	464
425	429	467
280	259	288
179	208	226
208	296	226
208	202	296
208	179	202
179	153	202
153	196	202
196	212	202
212	248	202
212	218	248
212	158	218
158	169	218
158	159	169
159	171	169
171	180	169
171	159	180
159	181	180
181	206	180
181	210	206
210	224	206
224	269	206
224	263	269
263	301	269
301	286	269
286	287	269
287	274	269
287	277	274
277	248	274
277	350	248
350	349	248
349	351	248
351	357	248
351	391	357
351	349	391
349	407	391
349	350	407
350	408	407
350	388	408
388	457	408
388	443	457
388	432	443
388	307	432
307	386	432
386	433	432
386	409	433
409	442	433
442	471	433
442	430	471
430	453	471
453	509	471
509	548	471
509	514	548
514	533	548
533	592	548
592	635	548
533	588	592
588	718	592
533	591	588
533	494	591
494	541	591
494	498	541
498	536	541
498	465	536
465	519	536
465	436	519
465	421	436
421	355	436
355	399	436
399	431	436
399	346	431
346	384	431
384	441	431
441	462	431
346	348	384
399	332	346
332	272	346
332	329	272
329	263	272
263	241	272
241	244	272
244	211	272
244	207	211
207	191	211
191	251	211
191	186	251
186	223	251
223	281	251
281	297	251
281	305	297
305	348	297
281	362	305
223	225	281
225	247	281
225	188	247
188	249	247
188	234	249
234	256	249
188	205	234
205	209	234
209	261	234
261	285	234
261	282	285
261	253	282
253	268	282
253	193	268
193	246	268
246	279	268
279	295	268
295	338	268
295	325	338
325	358	338
325	415	358
415	458	358
458	460	358
458	497	460
497	485	460
485	459	460
459	394	460
459	405	394
405	404	394
405	454	404
405	459	454
459	482	454
482	503	454
482	485	503
485	497	503
482	459	485
458	561	497
561	522	497
561	564	522
295	328	325
295	322	328
322	372	328
322	353	372
353	368	372
368	419	372
368	439	419
439	472	419
472	477	419
477	415	419
472	492	477
492	515	477
492	513	515
513	546	515
546	520	515
546	561	520
546	560	561
546	620	560
546	513	620
513	557	620
557	611	620
611	642	620
642	667	620
667	670	620
667	728	670
667	770	728
770	851	728
667	642	770
642	761	770
642	716	761
716	730	761
730	874	761
730	852	874
852	835	874
852	726	835
852	730	726
730	679	726
679	690	726
690	800	726
679	652	690
652	615	690
615	625	690
615	556	625
556	626	625
556	529	626
529	532	626
532	624	626
624	672	626
624	639	672
639	663	672
663	818	672
663	717	818
717	825	818
825	870	818
870	932	818
932	817	818
932	859	817
859	800	817
932	915	859
932	998	915
998	983	915
983	946	915
998	1003	983
932	963	998
932	934	963
932	870	934
870	876	934
876	962	934
876	947	962
947	992	962
992	1024	962
1024	1104	962
1024	1099	1104
1099	1121	1104
1121	1167	1104
1121	1267	1167
1267	1266	1167
1266	1230	1167
1230	1224	1167
1224	1165	1167
1165	1082	1167
1224	1335	1165
1335	1265	1165
1265	1184	1165
1265	1154	1184
1265	1220	1154
1335	1319	1265
1335	1399	1319
1399	1442	1319
1399	1554	1442
1554	1565	1442
1565	1482	1442
1554	1618	1565
1399	1360	1554
1360	1339	1554
1360	1230	1339
1230	1266	1339
1266	1338	1339
1266	1340	1338
1266	1267	1340
1360	1334	1230
1334	1224	1230
1334	1335	1224
1334	1399	1335
1334	1360	1399
1121	1246	1267
1121	1210	1246
1210	1242	1246
1210	1239	1242
1210	1274	1239
1210	1176	1274
1176	1241	1274
1241	1327	1274
1327	1422	1274
1422	1402	1274
1422	1489	1402
1489	1428	1402
1489	1515	1428
1515	1539	1428
1539	1552	1428
1552	1480	1428
1552	1534	1480
1534	1472	1480
1534	1558	1472
1534	1660	1558
1660	1661	1558
1661	1647	1558
1647	1629	1558
1647	1706	1629
1706	1711	1629
1711	1677	1629
1711	1746	1677
1711	1789	1746
1711	1757	1789
1757	1777	1789
1777	1949	1789
1949	1941	1789
1949	1985	1941
1777	1839	1949
1839	1976	1949
1839	1945	1976
1945	1975	1976
1975	2018	1976
2018	2039	1976
2018	2141	2039
2141	2070	2039
2141	2193	2070
2193	2082	2070
2193	2191	2082
2141	2257	2193
2018	1975	2141
1975	1946	2141
1946	1974	2141
1946	1840	1974
1946	1945	1840
1945	1839	1840
1946	1975	1945
1757	1706	1777
1706	1693	1777
1706	1647	1693
1647	1661	1693
1661	1660	1693
1757	1711	1706
1534	1552	1660
1552	1646	1660
1646	1704	1660
1552	1539	1646
1515	1643	1539
1422	1437	1489
1437	1517	1489
1437	1418	1517
1418	1401	1517
1401	1434	1517
1434	1524	1517
1401	1430	1434
1430	1455	1434
1430	1384	1455
1430	1288	1384
1288	1257	1384
1288	1161	1257
1161	1228	1257
1161	1207	1228
1161	1158	1207
1158	1173	1207
1173	1337	1207
1173	1253	1337
1173	1137	1253
1137	1188	1253
1188	1205	1253
1205	1243	1253
1243	1355	1253
1243	1237	1355
1237	1306	1355
1306	1346	1355
1346	1427	1355
1427	1497	1355
1427	1535	1497
1535	1571	1497
1571	1597	1497
1597	1486	1497
1571	1695	1597
1695	1659	1597
1535	1601	1571
1237	1226	1306
1237	1178	1226
1178	1227	1226
1178	1073	1227
1178	1070	1073
1070	1016	1073
1016	979	1073
979	1014	1073
979	864	1014
864	923	1014
923	1028	1014
1028	1045	1014
864	819	923
864	783	819
1016	941	979
941	837	979
941	944	837
944	784	837
784	769	837
769	792	837
769	704	792
704	787	792
704	682	787
682	783	787
682	693	783
682	606	693
606	604	693
604	646	693
646	676	693
604	593	646
604	508	593
508	484	593
508	424	484
424	374	484
374	410	484
410	420	484
410	412	420
424	344	374
344	323	374
323	306	374
306	314	374
306	300	314
306	233	300
233	236	300
233	213	236
233	160	213
233	216	160
216	155	160
155	111	160
111	131	160
131	168	160
131	138	168
138	152	168
152	221	168
221	177	168
221	215	177
215	266	177
152	254	221
152	185	254
185	227	254
185	257	227
257	379	227
257	383	379
257	264	383
264	397	383
152	137	185
137	124	185
137	114	124
114	77	124
77	89	124
77	56	89
56	86	89
56	43	86
43	120	86
56	10	43
10	25	43
10	2	25
2	12	25
2	9	12
9	27	12
9	23	27
9	14	23
9	2	14
2	16	14
16	42	14
42	48	14
48	33	14
48	44	33
44	24	33
44	47	24
47	26	24
26	15	24
26	13	15
13	11	15
13	8	11
8	5	11
8	4	5
8	22	4
22	21	4
8	28	22
8	20	28
20	30	28
30	37	28
37	51	28
51	69	28
51	62	69
51	70	62
51	37	70
37	29	70
29	46	70
46	61	70
61	95	70
61	107	95
107	113	95
107	158	113
107	159	158
61	93	107
93	97	107
97	119	107
97	94	119
94	108	119
108	121	119
121	136	119
136	159	119
136	181	159
136	187	181
187	210	181
187	207	210
207	232	210
232	242	210
242	224	210
242	263	224
242	232	263
232	241	263
232	207	241
207	244	241
187	170	207
170	191	207
170	186	191
170	154	186
154	203	186
203	223	186
203	225	223
203	188	225
203	162	188
162	173	188
173	205	188
173	166	205
166	148	205
148	178	205
178	209	205
178	201	209
201	219	209
219	261	209
219	253	261
219	193	253
219	201	193
201	149	193
149	163	193
163	222	193
222	246	193
222	252	246
252	279	246
252	295	279
252	322	295
252	271	322
271	324	322
324	353	322
324	368	353
324	398	368
398	434	368
434	439	368
398	438	434
398	377	438
377	487	438
487	483	438
487	523	483
523	543	483
523	615	543
615	555	543
555	554	543
555	664	554
664	611	554
664	716	611
716	642	611
555	652	664
652	679	664
555	615	652
523	556	615
523	529	556
523	501	529
501	532	529
501	470	532
470	499	532
499	517	532
517	528	532
528	598	532
598	624	532
598	639	624
598	663	639
598	687	663
687	717	663
687	710	717
710	729	717
729	798	717
798	825	717
798	836	825
836	870	825
836	876	870
836	798	876
798	854	876
854	947	876
854	871	947
871	910	947
871	868	910
868	942	910
868	958	942
958	977	942
977	1062	942
977	1091	1062
1091	1192	1062
1192	1176	1062
1192	1241	1176
1192	1278	1241
1278	1327	1241
1278	1363	1327
1363	1418	1327
1418	1422	1327
1418	1437	1422
1363	1401	1418
1363	1288	1401
1288	1430	1401
1363	1278	1288
1278	1255	1288
1255	1161	1288
1255	1149	1161
1149	1148	1161
1148	1158	1161
1148	1038	1158
1038	1137	1158
1137	1173	1158
1038	1036	1137
1036	1188	1137
1036	1052	1188
1052	1133	1188
1133	1205	1188
1133	1237	1205
1237	1243	1205
1133	1178	1237
1133	1070	1178
1133	1052	1070
1052	1007	1070
1007	1016	1070
1007	941	1016
1007	944	941
1007	976	944
976	953	944
953	903	944
903	784	944
903	891	784
891	848	784
848	751	784
848	756	751
756	741	751
756	700	741
756	651	700
651	612	700
612	654	700
651	595	612
595	559	612
559	537	612
559	527	537
527	475	537
475	468	537
468	491	537
468	422	491
422	424	491
422	378	424
378	344	424
378	311	344
311	323	344
311	293	323
293	306	323
293	270	306
270	228	306
228	233	306
228	216	233
228	237	216
237	204	216
204	161	216
161	155	216
161	130	155
130	106	155
106	90	155
90	103	155
103	111	155
103	98	111
98	131	111
98	118	131
118	138	131
118	114	138
114	137	138
137	152	138
118	98	114
98	77	114
98	52	77
52	56	77
52	34	56
34	10	56
34	32	10
32	17	10
17	6	10
6	2	10
6	16	2
6	17	16
17	42	16
17	67	42
67	49	42
49	48	42
49	55	48
55	44	48
55	47	44
55	74	47
74	50	47
50	39	47
39	26	47
39	40	26
39	50	40
50	65	40
65	53	40
53	38	40
53	58	38
58	59	38
59	35	38
59	57	35
57	46	35
46	29	35
57	63	46
63	61	46
63	93	61
63	78	93
78	97	93
78	94	97
78	59	94
59	84	94
84	91	94
91	108	94
84	76	91
84	59	76
59	58	76
58	71	76
58	53	71
53	65	71
65	116	71
65	96	116
96	139	116
139	134	116
134	133	116
134	149	133
149	178	133
178	148	133
149	201	178
134	139	149
139	163	149
139	156	163
156	222	163
156	174	222
174	252	222
156	146	174
146	147	174
146	85	147
85	101	147
101	143	147
143	150	147
143	167	150
167	190	150
167	197	190
197	235	190
235	284	190
284	271	190
284	324	271
284	267	324
267	360	324
360	398	324
360	377	398
360	352	377
352	359	377
359	487	377
352	291	359
291	347	359
291	292	347
292	331	347
292	289	331
289	356	331
356	354	331
354	402	331
354	451	402
451	470	402
451	499	470
451	510	499
510	517	499
510	528	517
510	603	528
603	598	528
603	666	598
666	687	598
666	710	687
666	729	710
666	674	729
674	692	729
692	736	729
736	854	729
854	798	729
736	871	854
736	737	871
737	868	871
737	793	868
793	849	868
849	894	868
894	961	868
961	958	868
961	1038	958
1038	977	958
1038	1091	977
1038	1114	1091
1114	1127	1091
1127	1192	1091
1127	1149	1192
1149	1255	1192
1255	1278	1192
1127	1114	1149
1114	1148	1149
1114	1038	1148
961	1000	1038
1000	1036	1038
1000	969	1036
969	1044	1036
1044	1052	1036
1044	1007	1052
1044	976	1007
1044	969	976
969	953	976
969	894	953
894	903	953
894	891	903
894	833	891
833	848	891
833	756	848
833	827	756
827	793	756
793	731	756
731	668	756
668	651	756
668	641	651
641	595	651
641	623	595
623	558	595
558	559	595
558	527	559
558	534	527
534	461	527
461	475	527
461	444	475
444	468	475
444	422	468
444	378	422
444	366	378
366	334	378
334	308	378
308	311	378
308	278	311
278	293	311
278	270	293
278	237	270
237	228	270
278	250	237
250	217	237
217	204	237
217	183	204
183	161	204
183	130	161
183	151	130
151	126	130
126	106	130
126	125	106
125	82	106
82	67	106
67	90	106
67	87	90
87	103	90
87	52	103
52	98	103
87	34	52
87	32	34
87	17	32
82	49	67
82	79	49
79	55	49
79	88	55
88	74	55
88	92	74
92	81	74
81	85	74
85	54	74
54	50	74
54	75	50
75	65	50
75	96	65
75	80	96
80	146	96
146	156	96
156	139	96
80	85	146
80	54	85
80	75	54
81	101	85
81	92	101
92	105	101
105	128	101
128	143	101
128	135	143
135	167	143
135	157	167
157	197	167
157	194	197
157	151	194
151	199	194
151	183	199
183	245	199
183	255	245
255	289	245
289	292	245
255	294	289
294	334	289
334	356	289
334	366	356
366	395	356
395	354	356
395	451	354
395	461	451
461	516	451
516	510	451
516	603	510
516	534	603
534	570	603
570	674	603
674	666	603
570	623	674
623	692	674
623	705	692
705	736	692
705	696	736
696	737	736
696	731	737
731	793	737
696	668	731
696	641	668
696	623	641
696	705	623
570	558	623
570	534	558
516	461	534
395	444	461
395	366	444
294	308	334
294	265	308
265	278	308
265	250	278
265	255	250
255	217	250
255	183	217
265	294	255
157	123	151
123	127	151
127	125	151
125	126	151
127	82	125
127	123	82
123	99	82
99	79	82
99	88	79
99	109	88
109	105	88
105	92	88
109	135	105
135	128	105
109	157	135
109	123	157
109	99	123
827	849	793
827	894	849
827	833	894
969	961	894
969	1000	961
352	239	291
239	231	291
231	197	291
231	235	197
231	239	235
239	267	235
267	284	235
239	352	267
352	360	267
78	57	59
78	63	57
523	487	501
166	145	148
166	173	145
173	162	145
162	140	145
162	154	140
154	115	140
115	108	140
115	117	108
117	121	108
117	136	121
117	115	136
115	132	136
132	187	136
132	170	187
132	154	170
132	115	154
162	203	154
37	30	29
30	20	29
8	13	20
604	606	508
682	613	606
682	673	613
682	704	673
1210	1099	1176
1210	1121	1099
992	978	1024
992	947	978
513	492	557
492	472	557
472	439	557
329	335	263
335	321	263
321	301	263
321	315	301
315	307	301
307	286	301
307	287	286
307	388	287
388	341	287
341	277	287
341	350	277
341	388	350
315	386	307
315	321	386
321	335	386
335	389	386
389	409	386
389	430	409
430	442	409
389	453	430
389	403	453
403	498	453
498	494	453
494	509	453
494	514	509
494	533	514
403	421	498
421	465	498
403	369	421
369	355	421
369	335	355
335	329	355
329	332	355
332	399	355
369	389	335
369	403	389
212	189	158
212	196	189
196	153	189
66	83	100
100	73	66
100	110	73
100	175	110
240	316	336
336	382	240
336	445	382
445	476	382
336	316	445
316	435	445
316	309	435
316	243	309
316	240	243
283	310	298
320	339	345
330	380	367
381	449	469
449	504	469
504	478	469
478	481	469
478	567	481
567	581	481
478	551	567
551	580	567
478	504	551
504	579	551
387	490	413
390	505	550
505	636	550
636	685	550
636	719	685
636	630	719
636	602	630
636	526	602
526	476	602
636	505	526
550	397	390
550	496	397
392	473	396
473	414	396
416	538	427
538	479	427
479	426	427
479	420	426
538	577	479
577	596	479
577	627	596
577	653	627
577	709	653
709	757	653
709	806	757
806	929	757
709	744	806
744	937	806
744	745	937
745	750	937
745	599	750
599	708	750
599	587	708
587	586	708
586	734	708
587	540	586
540	518	586
518	563	586
587	547	540
587	599	547
599	549	547
599	733	549
733	709	549
709	538	549
709	577	538
733	744	709
733	745	744
733	599	745
417	525	486
525	507	486
525	648	507
648	530	507
648	582	530
648	698	582
648	677	698
448	524	500
524	544	500
544	417	500
488	583	594
583	650	594
650	775	594
775	699	594
775	794	699
794	802	699
650	786	775
583	589	650
489	506	552
506	572	552
552	643	489
643	589	489
589	473	489
643	659	589
495	597	542
597	647	542
647	614	542
553	601	616
573	680	656
680	785	656
785	681	656
785	739	681
785	807	739
573	691	680
573	614	691
576	655	712
655	725	712
712	607	576
712	633	607
712	675	633
675	665	633
675	706	665
706	628	665
706	749	628
749	637	628
637	578	628
749	683	637
749	843	683
843	740	683
740	720	683
843	862	740
843	926	862
926	999	862
926	1031	999
1031	1108	999
1108	1097	999
1031	1186	1108
843	875	926
875	858	926
858	927	926
858	933	927
858	788	933
858	796	788
796	727	788
796	706	727
706	675	727
675	712	727
843	764	875
843	749	764
749	706	764
609	619	724
619	776	724
776	774	724
774	797	724
797	762	724
797	779	762
779	887	762
887	885	762
885	801	762
801	684	762
779	899	887
899	997	887
899	1048	997
1048	1002	997
1048	1198	1002
899	911	1048
899	860	911
860	878	911
878	924	911
924	955	911
924	989	955
924	984	989
924	861	984
861	1012	984
861	900	1012
900	1051	1012
900	1030	1051
1030	1057	1051
1057	1159	1051
1057	1206	1159
1206	1157	1159
1206	1202	1157
1206	1350	1202
1350	1234	1202
1234	1087	1202
1234	1136	1087
1234	1182	1136
1234	1195	1182
1234	1353	1195
1234	1367	1353
1367	1432	1353
1367	1393	1432
1393	1496	1432
1496	1522	1432
1522	1562	1432
1522	1606	1562
1522	1496	1606
1393	1359	1496
1359	1441	1496
1393	1318	1359
1393	1350	1318
1350	1219	1318
1350	1206	1219
1206	1057	1219
1057	1098	1219
1393	1367	1350
1367	1234	1350
1030	994	1057
1030	900	994
900	853	994
853	883	994
853	719	883
719	856	883
856	890	883
719	753	856
753	791	856
791	971	856
791	863	971
863	939	971
900	888	853
888	841	853
841	685	853
841	722	685
841	776	722
776	619	722
841	830	776
830	774	776
830	861	774
861	797	774
861	867	797
867	860	797
860	779	797
860	899	779
867	878	860
867	924	878
867	861	924
830	841	861
841	900	861
841	888	900
629	747	697
631	738	703
632	671	688
671	702	688
638	752	767
752	767	782
767	839	782
767	781	839
767	768	781
768	814	781
768	752	814
752	765	814
765	850	814
850	954	814
765	755	850
755	746	850
746	844	850
844	968	850
844	904	968
904	943	968
943	1025	968
904	928	943
904	820	928
820	938	928
820	803	938
820	694	803
820	795	694
795	732	694
795	846	732
846	844	732
844	718	732
844	746	718
846	904	844
846	795	904
795	820	904
782	780	752
645	721	711
721	804	711
804	748	711
804	834	748
645	616	721
645	608	616
658	714	713
714	778	713
778	832	713
778	840	832
840	935	832
840	952	935
952	970	935
952	1032	970
1032	1168	970
952	975	1032
952	831	975
831	881	975
881	1022	975
881	908	1022
908	1054	1022
1054	1103	1022
881	879	908
952	840	831
660	759	686
660	707	759
678	809	743
743	707	678
809	872	743
872	822	743
809	966	872
966	988	872
966	1138	988
1138	1066	988
1138	1199	1066
1199	1164	1066
1164	1079	1066
1199	1345	1164
1345	1342	1164
1342	1369	1164
1342	1446	1369
1446	1577	1369
1342	1356	1446
1356	1374	1446
1374	1462	1446
1374	1505	1462
1374	1349	1505
1374	1199	1349
1374	1356	1199
1356	1345	1199
1356	1342	1345
966	1017	1138
966	893	1017
893	1049	1017
893	895	1049
895	930	1049
930	1034	1049
930	1027	1034
930	913	1027
913	960	1027
960	1011	1027
1011	1169	1027
1169	1113	1027
1169	1236	1113
1236	1212	1113
1011	1163	1169
930	808	913
930	895	808
893	869	895
869	698	895
758	790	812
773	777	972
972	950	773
810	847	865
847	905	865
816	829	845
821	892	919
821	826	892
826	880	892
880	912	892
912	1064	892
1064	919	892
1064	964	919
964	925	919
964	959	925
964	1143	959
1143	1019	959
1019	940	959
1019	974	940
1019	1004	974
1019	1065	1004
1019	1150	1065
1019	1189	1150
1189	1213	1150
1189	1240	1213
1240	1303	1213
1240	1310	1303
1310	1470	1303
1470	1501	1303
1470	1527	1501
1527	1586	1501
1586	1549	1501
1586	1590	1549
1590	1548	1549
1548	1415	1549
1590	1728	1548
1728	1732	1548
1590	1656	1728
1590	1586	1656
1586	1668	1656
1668	1761	1656
1668	1822	1761
1822	1891	1761
1822	1913	1891
1913	1947	1891
1947	1861	1891
1947	1969	1861
1969	1914	1861
1969	2066	1914
2066	1988	1914
1988	1940	1914
1988	1989	1940
1989	1959	1940
1959	1863	1940
1863	1854	1940
1854	1817	1940
1959	1887	1863
1887	1803	1863
1887	1828	1803
1828	1733	1803
1733	1729	1803
1989	2065	1959
2065	2069	1959
2069	2104	1959
2069	2134	2104
2134	2199	2104
2134	2292	2199
2292	2398	2199
2398	2245	2199
2398	2363	2245
2363	2225	2245
2225	2121	2245
2225	2155	2121
2225	2114	2155
2114	1954	2155
2114	2012	1954
2012	1842	1954
1842	1820	1954
1842	1780	1820
1780	1688	1820
1780	1589	1688
2012	2015	1842
2015	2016	1842
2015	2108	2016
2015	2012	2108
2012	2114	2108
2398	2586	2363
2586	2578	2363
2578	2379	2363
2578	2534	2379
2534	2364	2379
2586	2689	2578
2586	2820	2689
2820	2720	2689
2820	2841	2720
2841	2954	2720
2398	2450	2586
2450	2610	2586
2450	2488	2610
2488	2529	2610
2450	2374	2488
2450	2398	2374
2398	2292	2374
2134	2120	2292
2120	2296	2292
2120	2125	2296
2125	2241	2296
2125	2156	2241
2156	2201	2241
2201	2259	2241
2201	2250	2259
2201	2169	2250
2169	2227	2250
2227	2385	2250
2227	2306	2385
2306	2559	2385
2559	2476	2385
2306	2331	2559
2331	2464	2559
2464	2589	2559
2589	2670	2559
2589	2651	2670
2651	2711	2670
2651	2631	2711
2651	2464	2631
2651	2589	2464
2331	2368	2464
2368	2380	2464
2368	2314	2380
2314	2280	2380
2280	2421	2380
2280	2284	2421
2284	2336	2421
2336	2346	2421
2336	2318	2346
2336	2284	2318
2284	2260	2318
2260	2310	2318
2310	2435	2318
2310	2329	2435
2329	2326	2435
2326	2414	2435
2326	2316	2414
2316	2408	2414
2316	2298	2408
2298	2285	2408
2298	2119	2285
2298	2205	2119
2205	2061	2119
2061	2005	2119
2005	1987	2119
1987	2103	2119
1987	2072	2103
1987	2046	2072
1987	1921	2046
2061	1911	2005
2061	1925	1911
1925	1879	1911
2061	2102	1925
2061	2205	2102
2205	2184	2102
2205	2242	2184
2242	2232	2184
2232	2226	2184
2226	2152	2184
2226	2128	2152
2128	2028	2152
2028	1962	2152
2028	1931	1962
1931	1880	1962
1880	1934	1962
1931	1805	1880
1805	1726	1880
1805	1684	1726
1684	1712	1726
1805	1681	1684
1681	1488	1684
1488	1476	1684
1488	1425	1476
1425	1405	1476
1405	1504	1476
1425	1358	1405
1358	1209	1405
1209	1261	1405
1261	1283	1405
1209	1013	1261
1358	1231	1209
1231	1200	1209
1231	1117	1200
1231	1201	1117
1201	1064	1117
1231	1385	1201
1231	1358	1385
1358	1425	1385
1425	1488	1385
1488	1396	1385
1488	1464	1396
1488	1681	1464
1681	1473	1464
1681	1559	1473
1681	1658	1559
1658	1612	1559
1612	1527	1559
1527	1470	1559
1612	1668	1527
1668	1586	1527
1612	1678	1668
1678	1822	1668
1612	1658	1678
1681	1805	1658
1931	1848	1805
1931	1920	1848
1931	1979	1920
1931	2011	1979
1931	2028	2011
2028	2128	2011
2226	2260	2128
2260	2165	2128
2165	2130	2128
2165	2064	2130
2165	2173	2064
2173	2167	2064
2173	2235	2167
2235	2215	2167
2235	2252	2215
2252	2240	2215
2252	2306	2240
2306	2227	2240
2252	2331	2306
2252	2314	2331
2314	2368	2331
2252	2235	2314
2235	2280	2314
2235	2173	2280
2173	2231	2280
2231	2284	2280
2231	2260	2284
2231	2165	2260
2231	2173	2165
2226	2232	2260
2232	2310	2260
2232	2329	2310
2232	2242	2329
2242	2326	2329
2242	2205	2326
2205	2316	2326
2205	2298	2316
2169	2094	2227
2169	2074	2094
2074	1965	2094
2074	1947	1965
1947	1913	1965
2074	1969	1947
2074	2066	1969
2074	2111	2066
2111	2125	2066
2125	1988	2066
2125	2080	1988
2080	1989	1988
2080	2065	1989
2080	2120	2065
2120	2134	2065
2134	2069	2065
2080	2125	2120
2111	2156	2125
2111	2074	2156
2074	2169	2156
2169	2201	2156
1240	1181	1310
1240	1143	1181
1240	1189	1143
1189	1019	1143
826	842	880
842	877	880
855	907	866
855	822	907
907	957	866
866	759	855
884	1059	906
1059	1083	906
1083	917	906
917	702	906
1083	1119	917
1119	1035	917
1035	922	917
1035	1013	922
1119	1287	1035
1119	1280	1287
1280	1322	1287
1322	1373	1287
1373	1364	1287
1373	1509	1364
1509	1502	1364
1373	1412	1509
1373	1322	1412
1322	1271	1412
1271	1270	1412
1270	1438	1412
1270	1321	1438
1270	1166	1321
1166	1124	1321
1124	1111	1321
1111	1245	1321
1111	1116	1245
1116	1120	1245
1120	1248	1245
1116	1075	1120
1116	1111	1075
1124	1015	1111
1166	1180	1124
1180	1059	1124
1180	1271	1059
1271	1083	1059
1271	1280	1083
1280	1119	1083
1271	1322	1280
1180	1270	1271
1180	1166	1270
896	1008	985
914	921	936
936	1050	914
1050	1063	914
1050	1134	1063
1134	1107	1063
921	916	936
916	918	936
916	874	918
874	995	918
916	921	874
949	1109	1040
1109	1122	1040
1122	1155	1040
1122	1286	1155
1122	1289	1286
1289	1381	1286
1289	1454	1381
1454	1518	1381
1518	1585	1381
1518	1633	1585
1518	1699	1633
1699	1718	1633
1518	1542	1699
1542	1735	1699
1518	1454	1542
1454	1503	1542
1503	1531	1542
1454	1314	1503
1454	1218	1314
1454	1289	1218
1122	1109	1289
956	973	1076
967	1041	1128
1041	1174	1128
1174	1170	1128
1170	1252	1128
1170	1276	1252
1276	1298	1252
1276	1461	1298
1276	1491	1461
1491	1578	1461
1578	1602	1461
1578	1630	1602
1578	1783	1630
1578	1625	1783
1625	1770	1783
1770	1964	1783
1964	1883	1783
1964	2090	1883
2090	1923	1883
2090	2157	1923
2157	1957	1923
1957	1776	1923
1957	2023	1776
1957	2058	2023
2058	2106	2023
2106	2081	2023
2106	2168	2081
2168	2182	2081
2182	2115	2081
2115	1924	2081
2115	2073	1924
2073	2041	1924
2041	1901	1924
2041	2000	1901
2000	1922	1901
1922	1855	1901
1922	1837	1855
2073	2217	2041
2073	2115	2217
2168	2404	2182
2168	2444	2404
2168	2355	2444
2355	2455	2444
2455	2498	2444
2455	2436	2498
2455	2355	2436
2355	2324	2436
2168	2157	2355
2168	2058	2157
2058	1957	2157
2168	2106	2058
1964	2077	2090
1578	1510	1625
1510	1463	1625
1463	1553	1625
1553	1609	1625
1510	1429	1463
1429	1400	1463
1400	1311	1463
1400	1382	1311
1400	1429	1382
1510	1491	1429
1491	1276	1429
1510	1578	1491
1170	1174	1276
967	845	1041
845	920	1041
980	1141	981
1141	991	981
980	1194	1141
1194	1244	1141
1194	1301	1244
1301	1323	1244
1323	1330	1244
1330	1106	1244
1330	1105	1106
1105	996	1106
1301	1424	1323
1424	1583	1323
1424	1611	1583
1301	1308	1424
1308	1383	1424
1301	1284	1308
1301	1251	1284
1301	1194	1251
982	1053	1018
1053	1172	1018
1053	1144	1172
1144	1223	1172
1223	1264	1172
1223	1277	1264
1223	1144	1277
1005	1056	1081
1081	1009	1005
1020	1088	1021
1029	1033	1162
1033	1094	1162
1094	1193	1162
1193	1316	1162
1316	1179	1162
1193	1233	1316
1193	1139	1233
1193	1094	1139
1039	1067	1058
1067	1115	1058
1115	1215	1058
1115	1324	1215
1324	1443	1215
1115	1198	1324
1198	1444	1324
1115	1067	1198
1039	972	1067
1047	1132	1140
1132	1217	1140
1068	1130	1095
1130	1145	1095
1074	1077	1089
1089	1147	1074
1147	1090	1074
1077	1100	1089
1078	1238	1269
1080	1110	1142
1142	1129	1080
1110	1272	1142
1272	1372	1142
1080	989	1110
989	1055	1110
1146	1279	1247
1160	1343	1281
1281	1048	1160
1343	1459	1281
1343	1528	1459
1528	1623	1459
1623	1580	1459
1580	1587	1459
1587	1444	1459
1580	1714	1587
1714	1758	1587
1580	1623	1714
1623	1812	1714
1343	1352	1528
1352	1468	1528
1352	1372	1468
1372	1458	1468
1372	1447	1458
1343	1160	1352
1160	1129	1352
1171	1336	1177
1183	1317	1302
1317	1357	1302
1357	1377	1302
1357	1469	1377
1469	1475	1377
1475	1423	1377
1423	1329	1377
1423	1433	1329
1475	1555	1423
1475	1469	1555
1469	1598	1555
1598	1626	1555
1469	1560	1598
1560	1617	1598
1469	1495	1560
1469	1439	1495
1469	1357	1439
1357	1389	1439
1357	1317	1389
1302	1187	1183
1191	1375	1211
1191	1371	1375
1371	1481	1375
1222	1368	1297
1368	1445	1297
1445	1507	1297
1225	1292	1249
1232	1420	1268
1268	1227	1232
1420	1408	1268
1235	1326	1348
1326	1448	1348
1250	1273	1282
1282	1379	1250
1282	1370	1379
1282	1273	1370
1273	1217	1370
1260	1406	1452
1294	1366	1341
1295	1386	1453
1296	1325	1331
1296	1307	1325
1307	1328	1325
1328	1394	1325
1394	1331	1325
1328	1537	1394
1328	1392	1537
1392	1514	1537
1514	1608	1537
1514	1637	1608
1299	1484	1409
1409	1383	1299
1409	1579	1383
1409	1484	1579
1484	1538	1579
1484	1532	1538
1532	1666	1538
1666	1791	1538
1666	1827	1791
1827	1849	1791
1849	1667	1791
1849	1909	1667
1849	1996	1909
1996	2019	1909
1827	2017	1849
1827	1832	2017
1832	1896	2017
1896	2093	2017
2093	2160	2017
2093	2247	2160
1896	1919	2093
1896	1786	1919
1896	1832	1786
1832	1666	1786
1832	1827	1666
1313	1417	1391
1320	1494	1397
1320	1414	1494
1414	1544	1494
1544	1529	1494
1544	1727	1529
1544	1759	1727
1759	1810	1727
1544	1676	1759
1344	1467	1421
1351	1378	1416
1365	1498	1376
1413	1582	1516
1419	1479	1490
1479	1536	1490
1536	1624	1490
1536	1664	1624
1664	1801	1624
1664	1813	1801
1479	1485	1536
1485	1550	1536
1419	1249	1479
1431	1613	1465
1436	1673	1506
1436	1672	1673
1672	1690	1673
1672	1796	1690
1796	1800	1690
1457	1572	1563
1457	1493	1572
1457	1379	1493
1466	1557	1573
1500	1628	1686
1686	1575	1500
1686	1689	1575
1689	1648	1575
1521	1655	1543
1543	1498	1521
1543	1638	1498
1543	1708	1638
1543	1731	1708
1543	1655	1731
1521	1577	1655
1577	1713	1655
1525	1639	1576
1639	1644	1576
1644	1619	1576
1644	1741	1619
1741	1739	1619
1540	1662	1743
1662	1824	1743
1743	1531	1540
1541	1649	1687
1649	1750	1687
1750	1794	1687
1794	1837	1687
1687	1593	1541
1687	1719	1593
1561	1675	1694
1591	1594	1650
1591	1505	1594
1650	1725	1591
1650	1740	1725
1740	1821	1725
1821	1713	1725
1740	1878	1821
1878	2020	1821
1740	1719	1878
1719	1802	1878
1740	1650	1719
1600	1636	1645
1636	1692	1645
1636	1631	1692
1631	1756	1692
1631	1604	1756
1604	1766	1756
1631	1605	1604
1631	1636	1605
1636	1600	1605
1621	1627	1742
1627	1707	1742
1627	1632	1707
1632	1702	1707
1702	1738	1707
1702	1764	1738
1702	1732	1764
1742	1606	1621
1634	1715	1696
1696	1643	1634
1715	1790	1696
1715	1818	1790
1818	1983	1790
1983	1843	1790
1640	1760	1754
1651	1717	1857
1654	1851	1781
1851	1865	1781
1865	1682	1781
1865	1834	1682
1834	1775	1682
1865	1908	1834
1908	1960	1834
1908	2053	1960
1865	1999	1908
1865	1851	1999
1851	2095	1999
2095	2183	1999
2183	2207	1999
1851	1871	2095
1851	1654	1871
1654	1886	1871
1657	1709	1765
1680	1721	1705
1705	1685	1680
1705	1712	1685
1683	1784	1724
1724	1639	1683
1639	1614	1683
1701	1763	1772
1763	1852	1772
1852	1872	1772
1852	1995	1872
1995	2043	1872
1995	2086	2043
2086	2117	2043
2086	2289	2117
2086	2283	2289
2283	2347	2289
2347	2320	2289
2320	2416	2289
2416	2333	2289
2416	2405	2333
2416	2528	2405
2320	2347	2416
2347	2617	2416
2347	2542	2617
2347	2283	2542
2283	2447	2542
2447	2662	2542
2662	2686	2542
2662	2717	2686
2717	2876	2686
2876	2873	2686
2876	3005	2873
2876	2994	3005
2994	3159	3005
3159	3113	3005
3159	3189	3113
3189	3358	3113
3358	3150	3113
3358	3338	3150
3189	3432	3358
3432	3479	3358
3189	3351	3432
3189	3172	3351
3172	3249	3351
3249	3364	3351
3249	3240	3364
3240	3318	3364
3318	3413	3364
3413	3492	3364
3318	3442	3413
3318	3243	3442
3318	3098	3243
3098	3106	3243
3106	3194	3243
3098	2990	3106
3098	2868	2990
2868	2838	2990
2838	2777	2990
2777	2786	2990
2777	2738	2786
2777	2721	2738
2721	2583	2738
2721	2713	2583
2713	2660	2583
2660	2611	2583
2660	2695	2611
2695	2573	2611
2695	2737	2573
2737	2603	2573
2737	2717	2603
2717	2662	2603
2695	2868	2737
2868	2887	2737
2695	2706	2868
2706	2838	2868
2706	2739	2838
2739	2777	2838
2739	2713	2777
2713	2721	2777
2739	2706	2713
2706	2660	2713
2706	2695	2660
3189	3159	3172
3159	2994	3172
2876	2965	2994
2965	3030	2994
2086	2054	2283
2054	2123	2283
2086	1995	2054
1852	1763	1995
1763	1898	1995
1736	1806	1816
1749	1860	1755
1749	1859	1860
1749	1768	1859
1752	1926	1868
1868	1806	1752
1868	1899	1806
1899	1997	1806
1868	1926	1899
1752	1782	1926
1782	1958	1926
1782	1953	1958
1771	1906	2002
1906	1992	2002
1906	1948	1992
1948	2079	1992
1948	2083	2079
1771	1758	1906
1774	1867	1984
1774	1743	1867
1867	2034	1984
2034	2047	1984
2047	1966	1984
1966	1774	1984
1778	1927	1910
1910	1808	1778
1910	1893	1808
1910	1980	1893
1910	1978	1980
1978	2099	1980
1910	1971	1978
1971	2014	1978
1971	1991	2014
1991	1927	2014
1991	1971	1927
1971	1910	1927
1797	1967	1986
1967	2045	1986
2045	2056	1986
2056	2009	1986
2056	2091	2009
2056	2132	2091
2132	2268	2091
2056	2045	2132
2045	2142	2132
1797	1943	1967
1798	1869	1937
1937	1841	1798
1937	1944	1841
1944	1932	1841
1944	1961	1932
1809	1876	1895
1876	1830	1895
1814	1981	1889
1825	1850	1894
1850	1955	1894
1831	1915	1892
1915	1904	1892
1844	2006	1885
1866	2021	1902
1873	2008	1935
1917	2101	1951
1951	1824	1917
1917	2085	2101
2085	2127	2101
1930	2048	2068
1936	2059	1977
1952	2192	2038
2192	2274	2038
2192	2295	2274
1968	2161	2118
2161	2270	2118
2270	2186	2118
2270	2345	2186
1970	2013	2007
2007	1830	1970
1972	2180	2166
1994	2030	2089
2004	2049	2032
2004	2051	2049
2027	2063	2029
2031	2153	2097
2033	2162	2275
2035	2071	2170
2170	2021	2035
2036	2062	2181
2181	2159	2036
2159	1983	2036
2159	2050	1983
2159	2158	2050
2158	2124	2050
2037	2144	2137
2052	2136	2112
2136	2228	2112
2055	2105	2131
2105	2203	2131
2203	2209	2131
2203	2267	2209
2203	2315	2267
2203	2221	2315
2203	2129	2221
2129	2164	2221
2129	2084	2164
2084	2135	2164
2203	2105	2129
2076	2151	2149
2100	2263	2214
2263	2328	2214
2100	2266	2263
2107	2126	2179
2179	2189	2107
2189	2171	2107
2116	2140	2196
2140	2187	2196
2187	2356	2196
2138	2233	2190
2233	2376	2190
2143	2200	2218
2200	2246	2218
2246	2304	2218
2246	2339	2304
2246	2195	2339
2195	2372	2339
2372	2471	2339
2372	2497	2471
2497	2588	2471
2588	2515	2471
2195	2149	2372
2246	2200	2195
2148	2188	2243
2188	2204	2243
2204	2286	2243
2286	2391	2243
2391	2300	2243
2286	2402	2391
2286	2317	2402
2286	2208	2317
2208	2254	2317
2254	2327	2317
2327	2431	2317
2327	2448	2431
2448	2541	2431
2448	2473	2541
2473	2557	2541
2557	2656	2541
2557	2566	2656
2566	2679	2656
2557	2473	2566
2254	2229	2327
2229	2278	2327
2286	2204	2208
2204	2188	2208
2154	2353	2337
2353	2406	2337
2163	2349	2290
2290	2234	2163
2349	2373	2290
2349	2424	2373
2424	2525	2373
2424	2504	2525
2177	2230	2387
2177	2019	2230
2019	2160	2230
2177	2133	2019
2194	2213	2237
2213	2378	2237
2213	2330	2378
2206	2238	2407
2219	2307	2261
2261	2287	2219
2251	2319	2383
2319	2512	2383
2319	2418	2512
2418	2518	2512
2518	2546	2512
2518	2563	2546
2253	2313	2335
2262	2301	2279
2264	2427	2271
2276	2386	2417
2386	2479	2417
2282	2293	2311
2293	2396	2311
2288	2340	2457
2291	2393	2302
2393	2360	2302
2393	2388	2360
2388	2341	2360
2388	2516	2341
2297	2537	2472
2472	2354	2297
2354	2247	2297
2303	2453	2480
2453	2505	2480
2505	2657	2480
2657	2669	2480
2669	2489	2480
2669	2481	2489
2669	2628	2481
2628	2607	2481
2607	2390	2481
2607	2539	2390
2607	2627	2539
2627	2540	2539
2540	2479	2539
2607	2628	2627
2628	2787	2627
2657	2761	2669
2657	2827	2761
2827	2917	2761
2505	2661	2657
2505	2517	2661
2517	2577	2661
2577	2693	2661
2693	2827	2661
2693	2802	2827
2802	2946	2827
2802	2846	2946
2846	3042	2946
3042	3083	2946
2802	2642	2846
2802	2693	2642
2693	2577	2642
2505	2453	2517
2321	2484	2377
2484	2533	2377
2484	2731	2533
2731	2768	2533
2323	2474	2381
2381	2217	2323
2334	2567	2367
2567	2470	2367
2470	2449	2367
2449	2356	2367
2449	2412	2356
2449	2470	2412
2470	2466	2412
2470	2565	2466
2565	2644	2466
2334	2343	2567
2343	2400	2567
2400	2637	2567
2400	2562	2637
2562	2659	2637
2352	2389	2443
2389	2445	2443
2445	2509	2443
2509	2555	2443
2555	2468	2443
2555	2536	2468
2445	2508	2509
2445	2428	2508
2428	2486	2508
2486	2531	2508
2486	2465	2531
2465	2597	2531
2486	2428	2465
2445	2382	2428
2382	2300	2428
2382	2309	2300
2357	2425	2441
2394	2495	2463
2394	2433	2495
2433	2510	2495
2433	2478	2510
2399	2514	2547
2547	2636	2399
2636	2645	2399
2636	2748	2645
2636	2623	2748
2623	2707	2748
2707	2803	2748
2803	2914	2748
2914	2829	2748
2803	2951	2914
2951	2995	2914
2951	3092	2995
3092	3084	2995
3092	3268	3084
3092	3213	3268
3213	3308	3268
3092	3146	3213
3092	3073	3146
3073	3031	3146
3092	2947	3073
3092	2951	2947
2951	2803	2947
2803	2866	2947
2623	2547	2707
2547	2514	2707
2514	2487	2707
2487	2524	2707
2487	2454	2524
2454	2396	2524
2514	2399	2487
2623	2636	2547
2401	2423	2483
2401	2313	2423
2313	2218	2423
2423	2521	2483
2521	2507	2483
2521	2616	2507
2616	2494	2507
2616	2593	2494
2411	2511	2437
2432	2549	2439
2432	2502	2549
2440	2554	2560
2554	2649	2560
2492	2585	2622
2492	2493	2585
2585	2785	2622
2785	2769	2622
2769	2771	2622
2585	2775	2785
2775	2844	2785
2844	2950	2785
2496	2727	2719
2499	2503	2725
2499	2407	2503
2407	2527	2503
2527	2591	2503
2527	2576	2591
2500	2602	2626
2501	2605	2613
2605	2677	2613
2605	2688	2677
2688	2808	2677
2808	2726	2677
2513	2584	2612
2612	2602	2513
2513	2457	2584
2513	2358	2457
2520	2570	2640
2640	2676	2520
2522	2575	2598
2598	2604	2522
2532	2709	2545
2538	2582	2723
2582	2698	2723
2698	2752	2723
2582	2498	2698
2544	2594	2596
2548	2571	2674
2571	2671	2674
2568	2608	2663
2568	2492	2608
2608	2741	2663
2663	2524	2568
2587	2756	2625
2756	2646	2625
2756	2809	2646
2590	2633	2624
2633	2654	2624
2654	2630	2624
2630	2516	2624
2630	2655	2516
2630	2654	2655
2654	2716	2655
2614	2799	2690
2799	2733	2690
2733	2678	2690
2733	2746	2678
2799	2949	2733
2799	2985	2949
2799	2824	2985
2824	2966	2985
2824	2821	2966
2821	2822	2966
2822	2960	2966
2960	3110	2966
2960	3037	3110
3037	3190	3110
2960	2862	3037
2615	2653	2754
2620	2680	2681
2680	2766	2681
2680	2794	2766
2794	2894	2766
2894	2892	2766
2794	2919	2894
2621	2665	2804
2634	2839	2833
2839	2903	2833
2839	2910	2903
2910	2976	2903
2910	3026	2976
3026	3007	2976
3026	3082	3007
3082	3056	3007
3082	3117	3056
3026	3155	3082
3026	3162	3155
3162	3209	3155
3162	3252	3209
2910	2998	3026
2839	2834	2910
2834	2816	2910
2638	2783	2836
2638	2617	2783
2783	2873	2836
2836	2813	2638
2836	2893	2813
2893	2814	2813
2639	2700	2791
2700	2856	2791
2856	2862	2791
2700	2881	2856
2700	2842	2881
2842	2906	2881
2842	3001	2906
2842	2869	3001
2673	2744	2703
2683	2806	2714
2806	2840	2714
2840	2763	2714
2840	2908	2763
2908	2932	2763
2932	2843	2763
2932	2885	2843
2908	3028	2932
2908	2970	3028
2970	3164	3028
3164	3226	3028
2908	2840	2970
2840	2922	2970
2840	2806	2922
2704	2796	2705
2796	2767	2705
2796	2857	2767
2796	2867	2857
2867	2928	2857
2867	2872	2928
2872	2986	2928
2872	2973	2986
2973	3080	2986
2973	3009	3080
3009	3099	3080
3099	3156	3080
2973	2900	3009
2973	2872	2900
2872	2874	2900
2872	2805	2874
2872	2796	2805
2796	2749	2805
2749	2747	2805
2749	2732	2747
2749	2704	2732
2749	2796	2704
2872	2867	2796
2708	2712	2851
2712	2798	2851
2712	2784	2798
2851	2740	2708
2851	2875	2740
2715	2718	2815
2715	2515	2718
2730	2832	2743
2743	2649	2730
2743	2734	2649
2743	2859	2734
2743	2907	2859
2743	2832	2907
2730	2767	2832
2735	2765	2848
2765	2855	2848
2855	2961	2848
2961	3003	2848
2961	3074	3003
2855	2897	2961
2897	3124	2961
2897	2913	3124
2913	3090	3124
3090	3180	3124
3180	3193	3124
2913	2936	3090
2936	2964	3090
2936	2812	2964
2897	2855	2913
2736	2826	2807
2736	2709	2826
2709	2782	2826
2782	3020	2826
2742	2926	2925
2926	2958	2925
2958	2953	2925
2926	2967	2958
2967	3043	2958
3043	3076	2958
2758	2889	2901
2889	2933	2901
2889	3089	2933
2889	3067	3089
3067	3165	3089
3165	3160	3089
3067	3202	3165
3067	3145	3202
3067	3116	3145
3067	2974	3116
3067	2889	2974
2762	2870	2890
2870	2963	2890
2963	3000	2890
2963	3151	3000
3151	3181	3000
3181	3044	3000
3181	3184	3044
3184	3166	3044
2963	3078	3151
3078	3158	3151
3078	3115	3158
3115	3296	3158
2963	2971	3078
2963	2870	2971
2870	2896	2971
2870	2809	2896
2809	2972	2896
2764	2828	2920
2773	2942	2915
2942	2982	2915
2982	2999	2915
2999	2975	2915
2975	2819	2915
2982	3025	2999
2982	2942	3025
2778	2837	2891
2781	2962	3012
2962	3060	3012
3060	3125	3012
3125	3054	3012
3125	3100	3054
3060	3231	3125
3231	3261	3125
2801	2918	2945
2823	2860	2886
2823	2989	2860
2989	2886	2860
2989	3119	2886
2989	3143	3119
3143	3200	3119
3200	3091	3119
3091	3070	3119
3200	3103	3091
3103	3048	3091
3103	3034	3048
3103	2934	3034
3200	3177	3103
3143	3319	3200
2845	2882	2944
2882	2996	2944
2996	3087	2944
3087	3038	2944
2996	3081	3087
3081	3207	3087
3207	3212	3087
3207	3334	3212
3207	3301	3334
3301	3379	3334
3301	3344	3379
3081	3168	3207
2849	2969	2902
2849	2898	2969
2898	3057	2969
2852	2935	3022
2853	2880	2865
2865	3051	2853
2880	2904	2865
2880	2883	2904
2854	3122	3120
3122	3282	3120
2858	3006	3064
2861	2993	3029
2993	3112	3029
3112	3052	3029
3112	3222	3052
2993	3195	3112
2993	3157	3195
3157	3373	3195
3373	3384	3195
3373	3575	3384
3373	3444	3575
3444	3720	3575
3720	3776	3575
3776	3674	3575
3776	3899	3674
3776	3930	3899
3930	4128	3899
4128	3965	3899
3965	3969	3899
3965	4177	3969
4177	4091	3969
4091	3968	3969
4091	4065	3968
4091	4209	4065
4091	4177	4209
3965	4128	4177
4128	4240	4177
4240	4289	4177
4240	4380	4289
4380	4394	4289
4380	4603	4394
4603	4593	4394
4603	4647	4593
4647	4637	4593
4637	4562	4593
4637	4648	4562
4648	4584	4562
4648	4569	4584
4380	4613	4603
4380	4374	4613
4374	4429	4613
4429	4617	4613
4617	4747	4613
4617	4761	4747
4761	4806	4747
4617	4735	4761
4735	4841	4761
4735	4823	4841
4823	4843	4841
4843	4964	4841
4964	4928	4841
4964	4989	4928
4989	4940	4928
4940	4882	4928
4989	5036	4940
5036	5009	4940
5009	4969	4940
5009	4999	4969
4999	4829	4969
5009	5040	4999
5040	5075	4999
5075	5060	4999
5060	4993	4999
5060	5018	4993
5018	4992	4993
5018	5091	4992
5091	4998	4992
4998	4911	4992
4998	4990	4911
4990	4896	4911
4990	4912	4896
4912	4854	4896
4912	4939	4854
4912	4971	4939
4971	5020	4939
5020	5006	4939
5006	4895	4939
5006	4962	4895
4962	4915	4895
4962	4946	4915
4946	4872	4915
4962	5010	4946
4962	5006	5010
5006	5025	5010
5006	5063	5025
5006	5020	5063
5020	5086	5063
5086	5119	5063
5119	5143	5063
5119	5158	5143
5158	5172	5143
5172	5139	5143
5172	5157	5139
5157	5128	5139
5128	5077	5139
5128	5109	5077
5109	5084	5077
5084	5050	5077
5050	5048	5077
5050	4982	5048
4982	4991	5048
4982	4961	4991
4961	4933	4991
4961	4858	4933
4858	4799	4933
4858	4742	4799
4858	4814	4742
4814	4795	4742
4814	4856	4795
4856	4906	4795
4906	4927	4795
4927	4883	4795
4927	4921	4883
4921	4930	4883
4921	4977	4930
4921	4927	4977
4927	4982	4977
4982	5052	4977
5052	5066	4977
5052	5050	5066
5050	5084	5066
5084	5071	5066
5084	5106	5071
5106	5097	5071
5097	5056	5071
5056	5008	5071
5056	4980	5008
4980	4949	5008
4949	4929	5008
4980	4890	4949
4980	4891	4890
4980	4935	4891
4935	4855	4891
4935	4947	4855
4935	4960	4947
4960	4951	4947
4951	4899	4947
4951	4881	4899
4881	4784	4899
4784	4805	4899
4784	4762	4805
4762	4718	4805
4762	4698	4718
4698	4665	4718
4698	4677	4665
4677	4589	4665
4589	4586	4665
4589	4462	4586
4462	4530	4586
4530	4592	4586
4530	4555	4592
4677	4611	4589
4611	4534	4589
4677	4675	4611
4677	4752	4675
4752	4776	4675
4776	4804	4675
4776	4809	4804
4809	4874	4804
4874	4830	4804
4830	4777	4804
4830	4860	4777
4860	4793	4777
4793	4767	4777
4767	4608	4777
4767	4672	4608
4672	4587	4608
4767	4793	4672
4793	4680	4672
4793	4824	4680
4824	4815	4680
4815	4728	4680
4728	4638	4680
4638	4590	4680
4638	4575	4590
4575	4552	4590
4552	4531	4590
4531	4435	4590
4531	4431	4435
4552	4575	4531
4575	4517	4531
4638	4668	4575
4638	4728	4668
4728	4739	4668
4739	4719	4668
4739	4769	4719
4769	4720	4719
4739	4825	4769
4825	4848	4769
4739	4728	4825
4824	4845	4815
4824	4893	4845
4893	4953	4845
4953	4974	4845
4953	5030	4974
5030	5003	4974
5003	4970	4974
5030	5059	5003
5059	5073	5003
5059	5121	5073
5121	5100	5073
5121	5147	5100
5147	5116	5100
5116	5090	5100
5116	5134	5090
5134	5094	5090
5094	5087	5090
5094	5058	5087
5058	5014	5087
5058	5002	5014
5002	4932	5014
4932	4957	5014
4957	4975	5014
4957	4848	4975
4848	4970	4975
4957	4878	4848
4957	4932	4878
4932	4840	4878
4840	4852	4878
4840	4822	4852
4840	4817	4822
4817	4770	4822
4770	4755	4822
4755	4720	4822
4755	4639	4720
4755	4607	4639
4770	4749	4755
4749	4679	4755
4749	4765	4679
4749	4800	4765
4800	4783	4765
4800	4851	4783
4800	4817	4851
4817	4867	4851
4867	4897	4851
4867	4932	4897
4932	4966	4897
4932	5002	4966
5002	5017	4966
5002	5035	5017
5002	5058	5035
5058	5041	5035
5041	5078	5035
5041	5058	5078
5058	5120	5078
5120	5118	5078
5118	5096	5078
5096	5081	5078
5096	5112	5081
5112	5070	5081
5070	5069	5081
5069	5057	5081
5057	5049	5081
5057	5047	5049
5047	5031	5049
5031	5012	5049
5012	5022	5049
5031	4984	5012
4984	4950	5012
4950	4926	5012
4950	4901	4926
4901	4879	4926
4879	4909	4926
4879	4864	4909
4879	4808	4864
4808	4772	4864
4772	4783	4864
4808	4753	4772
4753	4721	4772
4808	4833	4753
4833	4792	4753
4833	4837	4792
4837	4876	4792
4876	4775	4792
4876	4811	4775
4811	4689	4775
4689	4635	4775
4689	4632	4635
4632	4594	4635
4594	4606	4635
4594	4523	4606
4594	4539	4523
4594	4632	4539
4632	4619	4539
4619	4582	4539
4582	4496	4539
4619	4694	4582
4694	4645	4582
4645	4557	4582
4645	4600	4557
4600	4512	4557
4600	4485	4512
4600	4486	4485
4600	4598	4486
4598	4554	4486
4554	4504	4486
4504	4370	4486
4370	4391	4486
4504	4510	4370
4504	4554	4510
4554	4595	4510
4595	4475	4510
4475	4439	4510
4554	4621	4595
4621	4667	4595
4667	4684	4595
4684	4669	4595
4684	4732	4669
4732	4758	4669
4758	4708	4669
4708	4662	4669
4662	4627	4669
4662	4654	4627
4654	4558	4627
4558	4525	4627
4558	4477	4525
4558	4422	4477
4422	4388	4477
4422	4400	4388
4400	4282	4388
4400	4329	4282
4329	4227	4282
4227	4151	4282
4227	4218	4151
4218	4054	4151
4054	4036	4151
4036	4090	4151
4054	3953	4036
4054	3940	3953
3940	3855	3953
4218	4159	4054
4159	4019	4054
4019	3971	4054
4019	3909	3971
4019	3995	3909
3995	3912	3909
3912	3826	3909
3995	3980	3912
3980	3911	3912
3980	3972	3911
3972	4023	3911
3972	4055	4023
4055	4097	4023
4097	4025	4023
4097	4079	4025
4097	4164	4079
4164	4112	4079
4112	4052	4079
4052	3990	4079
4052	4011	3990
4011	3886	3990
3886	3871	3990
4052	4115	4011
4115	4076	4011
4076	4035	4011
4035	3945	4011
4076	4080	4035
4080	4000	4035
4080	4120	4000
4120	4126	4000
4126	4051	4000
4051	3916	4000
3916	3902	4000
3902	3915	4000
3902	3786	3915
3786	3872	3915
3786	3769	3872
3902	3725	3786
3902	3843	3725
3843	3756	3725
3756	3638	3725
3756	3620	3638
3620	3461	3638
3461	3561	3638
3756	3651	3620
3651	3605	3620
3651	3634	3605
3634	3542	3605
3634	3550	3542
3550	3482	3542
3651	3756	3634
3756	3748	3634
3748	3729	3634
3748	3740	3729
3740	3621	3729
3740	3749	3621
3749	3643	3621
3643	3624	3621
3643	3700	3624
3700	3603	3624
3700	3580	3603
3643	3749	3700
3749	3828	3700
3828	3795	3700
3795	3767	3700
3795	3813	3767
3813	3753	3767
3813	3835	3753
3835	3707	3753
3835	3772	3707
3772	3650	3707
3650	3647	3707
3650	3570	3647
3570	3562	3647
3562	3580	3647
3562	3478	3580
3562	3311	3478
3562	3321	3311
3321	3290	3311
3321	3320	3290
3320	3190	3290
3320	3322	3190
3320	3509	3322
3320	3321	3509
3321	3570	3509
3570	3650	3509
3321	3562	3570
3835	3904	3772
3904	3802	3772
3904	3967	3802
3967	3943	3802
3943	3806	3802
3967	4020	3943
4020	4009	3943
4020	4102	4009
4102	4155	4009
4155	4130	4009
4130	3946	4009
4130	4095	3946
4095	4086	3946
4086	3989	3946
3989	3944	3946
3944	3893	3946
3893	3820	3946
4086	4124	3989
4086	4095	4124
4095	4130	4124
4130	4267	4124
4267	4262	4124
4262	4154	4124
4262	4264	4154
4264	4169	4154
4262	4419	4264
4419	4414	4264
4414	4410	4264
4414	4436	4410
4436	4484	4410
4484	4404	4410
4484	4546	4404
4546	4408	4404
4546	4544	4408
4544	4536	4408
4536	4409	4408
4536	4407	4409
4407	4364	4409
4407	4348	4364
4348	4294	4364
4294	4219	4364
4294	4143	4219
4143	4068	4219
4294	4308	4143
4308	4156	4143
4308	4295	4156
4295	4136	4156
4295	4273	4136
4273	4101	4136
4101	4004	4136
4273	4160	4101
4295	4293	4273
4293	4334	4273
4293	4339	4334
4339	4448	4334
4448	4430	4334
4430	4421	4334
4430	4505	4421
4505	4550	4421
4550	4547	4421
4547	4426	4421
4547	4425	4426
4550	4591	4547
4550	4620	4591
4620	4687	4591
4687	4659	4591
4687	4726	4659
4726	4673	4659
4673	4666	4659
4666	4571	4659
4666	4622	4571
4666	4695	4622
4695	4685	4622
4685	4581	4622
4581	4596	4622
4695	4789	4685
4789	4778	4685
4778	4674	4685
4674	4618	4685
4778	4831	4674
4831	4683	4674
4831	4741	4683
4831	4790	4741
4831	4865	4790
4865	4853	4790
4853	4818	4790
4853	4843	4818
4843	4823	4818
4853	4956	4843
4956	4964	4843
4956	4986	4964
4986	5037	4964
5037	4989	4964
5037	5045	4989
5045	5036	4989
5045	5098	5036
5098	5102	5036
5102	5076	5036
5076	5009	5036
5076	5040	5009
5076	5075	5040
5076	5144	5075
5144	5126	5075
5126	5083	5075
5083	5060	5075
5083	5018	5060
5083	5091	5018
5083	5126	5091
5126	5149	5091
5149	5142	5091
5142	5086	5091
5086	5044	5091
5044	4998	5091
5044	4990	4998
5044	5020	4990
5020	4971	4990
4971	4912	4990
5044	5086	5020
5142	5119	5086
5142	5158	5119
5142	5163	5158
5163	5202	5158
5202	5189	5158
5189	5172	5158
5189	5188	5172
5188	5182	5172
5182	5157	5172
5182	5148	5157
5148	5128	5157
5148	5109	5128
5148	5106	5109
5106	5084	5109
5148	5117	5106
5117	5097	5106
5117	5111	5097
5111	5056	5097
5111	5105	5056
5105	5046	5056
5046	4997	5056
4997	4980	5056
4997	4935	4980
4997	4960	4935
4997	5015	4960
5015	4951	4960
5015	5042	4951
5042	5055	4951
5055	4979	4951
4979	4881	4951
4979	4925	4881
4925	4908	4881
4925	4976	4908
4976	4973	4908
4973	4874	4908
4874	4809	4908
4973	4892	4874
4892	4830	4874
4892	4860	4830
4892	4944	4860
4944	4859	4860
4859	4793	4860
4859	4824	4793
4859	4893	4824
4859	4944	4893
4944	4958	4893
4958	4953	4893
4958	4996	4953
4996	5030	4953
4996	5038	5030
5038	5054	5030
5054	5068	5030
5068	5059	5030
5068	5101	5059
5101	5121	5059
5101	5129	5121
5129	5147	5121
5129	5168	5147
5129	5146	5168
5146	5174	5168
5174	5192	5168
5192	5187	5168
5187	5181	5168
5187	5153	5181
5153	5169	5181
5169	5167	5181
5167	5147	5181
5167	5134	5147
5134	5116	5147
5153	5166	5169
5166	5159	5169
5159	5151	5169
5159	5138	5151
5138	5136	5151
5136	5140	5151
5140	5131	5151
5131	5130	5151
5130	5120	5151
5120	5134	5151
5120	5094	5134
5120	5058	5094
5130	5118	5120
5130	5131	5118
5131	5112	5118
5112	5096	5118
5131	5113	5112
5113	5079	5112
5079	5070	5112
5079	5053	5070
5053	5039	5070
5039	5069	5070
5039	5051	5069
5051	5057	5069
5051	5047	5057
5051	5031	5047
5051	5039	5031
5079	5062	5053
5062	5032	5053
5032	5027	5053
5032	5023	5027
5023	4988	5027
4988	5007	5027
4988	4985	5007
4985	4968	5007
4985	4943	4968
4943	4898	4968
4898	4936	4968
4898	4903	4936
4903	4931	4936
4931	4959	4936
4931	4934	4959
4934	4955	4959
4955	4983	4959
4955	4954	4983
4954	4981	4983
4954	4978	4981
4954	4952	4978
4952	4948	4978
4948	4942	4978
4948	4923	4942
4923	4910	4942
4910	4965	4942
4910	4920	4965
4920	4950	4965
4950	4984	4965
4920	4901	4950
4920	4910	4901
4910	4876	4901
4876	4837	4901
4837	4879	4901
4837	4833	4879
4833	4808	4879
4910	4889	4876
4889	4885	4876
4885	4811	4876
4885	4862	4811
4885	4900	4862
4900	4857	4862
4857	4794	4862
4857	4844	4794
4844	4732	4794
4732	4746	4794
4746	4760	4794
4746	4694	4760
4694	4693	4760
4693	4811	4760
4693	4689	4811
4693	4619	4689
4619	4632	4689
4693	4694	4619
4746	4676	4694
4676	4645	4694
4676	4600	4645
4676	4598	4600
4676	4621	4598
4621	4554	4598
4676	4667	4621
4676	4746	4667
4746	4732	4667
4732	4684	4667
4844	4782	4732
4782	4758	4732
4782	4781	4758
4781	4708	4758
4781	4704	4708
4704	4700	4708
4700	4654	4708
4654	4662	4708
4700	4636	4654
4636	4609	4654
4609	4558	4654
4636	4616	4609
4616	4585	4609
4585	4487	4609
4585	4533	4487
4533	4498	4487
4533	4476	4498
4476	4397	4498
4397	4443	4498
4443	4442	4498
4442	4387	4498
4442	4337	4387
4337	4276	4387
4276	4376	4387
4376	4487	4387
4376	4330	4487
4330	4401	4487
4401	4422	4487
4401	4400	4422
4401	4329	4400
4401	4330	4329
4330	4259	4329
4259	4257	4329
4257	4227	4329
4257	4218	4227
4257	4259	4218
4259	4171	4218
4171	4159	4218
4171	4127	4159
4127	4019	4159
4127	4081	4019
4081	3995	4019
4081	4021	3995
4021	3980	3995
4021	4005	3980
4005	3972	3980
4005	4055	3972
4005	4089	4055
4089	4172	4055
4172	4097	4055
4172	4164	4097
4172	4194	4164
4194	4192	4164
4192	4180	4164
4180	4112	4164
4180	4114	4112
4114	4052	4112
4114	4115	4052
4114	4180	4115
4180	4200	4115
4200	4076	4115
4200	4080	4076
4180	4192	4200
4192	4249	4200
4249	4320	4200
4320	4315	4200
4315	4236	4200
4315	4350	4236
4350	4235	4236
4350	4260	4235
4260	4244	4235
4244	4137	4235
4137	4126	4235
4126	4120	4235
4137	4051	4126
4137	4057	4051
4057	3916	4051
4057	3889	3916
3889	3840	3916
3840	3843	3916
3843	3902	3916
3840	3756	3843
3840	3748	3756
3840	3889	3748
3889	3740	3748
4137	4140	4057
4140	4070	4057
4140	4083	4070
4083	4071	4070
4071	3970	4070
3970	3922	4070
3970	3828	3922
3970	3814	3828
3814	3795	3828
3814	3813	3795
3814	3941	3813
3941	3929	3813
3929	3888	3813
3888	3835	3813
3888	3904	3835
3888	3929	3904
3929	3978	3904
3978	3967	3904
3978	4014	3967
4014	4020	3967
4014	4087	4020
4087	4102	4020
4087	4161	4102
4087	4111	4161
4111	4173	4161
4173	4222	4161
4173	4184	4222
4184	4285	4222
4285	4303	4222
4303	4342	4222
4303	4338	4342
4338	4412	4342
4412	4399	4342
4399	4336	4342
4399	4406	4336
4406	4309	4336
4309	4292	4336
4292	4267	4336
4292	4262	4267
4292	4309	4262
4309	4449	4262
4449	4419	4262
4449	4484	4419
4484	4436	4419
4436	4414	4419
4449	4526	4484
4526	4561	4484
4561	4628	4484
4628	4546	4484
4628	4605	4546
4605	4580	4546
4580	4544	4546
4580	4536	4544
4580	4663	4536
4663	4559	4536
4559	4407	4536
4559	4511	4407
4511	4456	4407
4456	4348	4407
4456	4386	4348
4386	4333	4348
4333	4294	4348
4333	4308	4294
4333	4295	4308
4333	4386	4295
4386	4339	4295
4339	4293	4295
4386	4437	4339
4437	4448	4339
4437	4460	4448
4460	4505	4448
4505	4430	4448
4460	4620	4505
4620	4550	4505
4460	4511	4620
4460	4456	4511
4460	4437	4456
4437	4386	4456
4663	4643	4559
4663	4714	4643
4714	4774	4643
4714	4807	4774
4807	4832	4774
4832	4821	4774
4821	4779	4774
4779	4771	4774
4771	4620	4774
4771	4687	4620
4771	4786	4687
4786	4726	4687
4786	4787	4726
4787	4759	4726
4759	4673	4726
4759	4751	4673
4751	4666	4673
4751	4695	4666
4751	4816	4695
4751	4759	4816
4759	4873	4816
4873	4842	4816
4873	4916	4842
4873	4967	4916
4967	4937	4916
4937	4884	4916
4884	4836	4916
4884	4919	4836
4919	4861	4836
4861	4778	4836
4778	4789	4836
4861	4831	4778
4861	4905	4831
4905	4865	4831
4905	4963	4865
4963	4853	4865
4963	4986	4853
4986	4956	4853
4963	5005	4986
5005	5037	4986
5005	5093	5037
5093	5065	5037
5065	5045	5037
5065	5089	5045
5089	5098	5045
5089	5154	5098
5154	5152	5098
5152	5133	5098
5133	5102	5098
5133	5122	5102
5122	5144	5102
5144	5076	5102
5122	5133	5144
5154	5185	5152
5089	5093	5154
5089	5065	5093
5005	5019	5093
5019	5064	5093
5019	4995	5064
4995	5103	5064
5103	5107	5064
5103	5141	5107
5141	5150	5107
5150	5153	5107
5150	5166	5153
5150	5159	5166
5150	5141	5159
5141	5138	5159
5141	5103	5138
5103	5114	5138
5114	5136	5138
5114	5135	5136
5135	5140	5136
5135	5113	5140
5113	5131	5140
5135	5110	5113
5110	5079	5113
5110	5085	5079
5085	5062	5079
5085	5072	5062
5072	5016	5062
5016	5032	5062
5016	5011	5032
5011	5004	5032
5004	5023	5032
5004	4988	5023
5004	4938	4988
4938	4941	4988
4941	4943	4988
4943	4985	4988
4941	4888	4943
4888	4887	4943
4887	4898	4943
4887	4838	4898
4838	4903	4898
4838	4834	4903
4834	4870	4903
4870	4902	4903
4902	4931	4903
4902	4934	4931
4902	4850	4934
4850	4917	4934
4917	4954	4934
4954	4955	4934
4850	4820	4917
4820	4846	4917
4846	4886	4917
4846	4828	4886
4828	4863	4886
4863	4918	4886
4863	4900	4918
4900	4923	4918
4923	4948	4918
4948	4952	4918
4900	4885	4923
4885	4889	4923
4889	4910	4923
4863	4871	4900
4871	4857	4900
4871	4844	4857
4871	4863	4844
4863	4828	4844
4828	4782	4844
4828	4781	4782
4820	4764	4846
4820	4748	4764
4748	4725	4764
4725	4750	4764
4725	4697	4750
4697	4704	4750
4697	4700	4704
4697	4636	4700
4697	4670	4636
4670	4653	4636
4653	4616	4636
4653	4625	4616
4625	4585	4616
4625	4567	4585
4567	4533	4585
4567	4601	4533
4601	4476	4533
4601	4516	4476
4516	4466	4476
4466	4360	4476
4360	4397	4476
4360	4355	4397
4355	4367	4397
4367	4443	4397
4367	4442	4443
4367	4314	4442
4314	4337	4442
4314	4275	4337
4275	4276	4337
4275	4263	4276
4263	4229	4276
4229	4277	4276
4277	4376	4276
4277	4330	4376
4277	4231	4330
4231	4259	4330
4231	4225	4259
4225	4171	4259
4225	4167	4171
4167	4127	4171
4167	4229	4127
4229	4081	4127
4229	4084	4081
4084	4021	4081
4084	4089	4021
4089	4005	4021
4084	4199	4089
4199	4189	4089
4189	4172	4089
4189	4233	4172
4233	4194	4172
4233	4272	4194
4272	4213	4194
4213	4192	4194
4213	4249	4192
4213	4272	4249
4272	4290	4249
4290	4360	4249
4360	4320	4249
4360	4413	4320
4413	4405	4320
4405	4350	4320
4350	4315	4320
4405	4444	4350
4444	4349	4350
4349	4260	4350
4349	4298	4260
4298	4283	4260
4283	4244	4260
4283	4208	4244
4208	4137	4244
4208	4140	4137
4208	4184	4140
4184	4109	4140
4109	4083	4140
4109	4075	4083
4075	4071	4083
4075	4045	4071
4045	3970	4071
4045	3941	3970
3941	3814	3970
4045	3978	3941
3978	3929	3941
4045	4087	3978
4087	4014	3978
4045	4109	4087
4109	4111	4087
4109	4139	4111
4139	4173	4111
4139	4184	4173
4139	4109	4184
4045	4075	4109
4208	4285	4184
4208	4283	4285
4283	4304	4285
4304	4338	4285
4338	4303	4285
4304	4359	4338
4359	4369	4338
4369	4412	4338
4369	4461	4412
4461	4503	4412
4503	4399	4412
4503	4406	4399
4503	4492	4406
4492	4494	4406
4494	4309	4406
4494	4449	4309
4494	4526	4449
4494	4492	4526
4492	4579	4526
4579	4561	4526
4579	4633	4561
4633	4630	4561
4630	4628	4561
4630	4657	4628
4657	4691	4628
4691	4686	4628
4686	4605	4628
4686	4671	4605
4671	4580	4605
4671	4663	4580
4671	4690	4663
4690	4711	4663
4711	4714	4663
4711	4807	4714
4711	4722	4807
4711	4690	4722
4690	4706	4722
4706	4724	4722
4724	4756	4722
4724	4686	4756
4686	4691	4756
4691	4716	4756
4691	4657	4716
4657	4630	4716
4630	4699	4716
4630	4633	4699
4633	4681	4699
4681	4736	4699
4681	4737	4736
4737	4743	4736
4737	4744	4743
4744	4727	4743
4727	4748	4743
4727	4725	4748
4727	4670	4725
4670	4697	4725
4727	4703	4670
4703	4688	4670
4688	4653	4670
4688	4625	4653
4688	4652	4625
4652	4601	4625
4601	4567	4625
4652	4516	4601
4652	4570	4516
4570	4508	4516
4508	4466	4516
4508	4413	4466
4413	4360	4466
4508	4405	4413
4508	4444	4405
4508	4459	4444
4459	4463	4444
4463	4349	4444
4463	4359	4349
4359	4298	4349
4359	4304	4298
4304	4283	4298
4463	4369	4359
4463	4461	4369
4463	4556	4461
4556	4535	4461
4535	4503	4461
4535	4577	4503
4577	4579	4503
4579	4492	4503
4577	4651	4579
4651	4633	4579
4651	4681	4633
4651	4650	4681
4650	4734	4681
4734	4737	4681
4734	4744	4737
4734	4703	4744
4703	4727	4744
4734	4705	4703
4705	4688	4703
4705	4652	4688
4705	4650	4652
4650	4570	4652
4650	4556	4570
4556	4463	4570
4463	4459	4570
4459	4508	4570
4650	4631	4556
4631	4535	4556
4631	4577	4535
4631	4651	4577
4631	4650	4651
4705	4734	4650
4724	4671	4686
4724	4706	4671
4706	4690	4671
4290	4355	4360
4290	4367	4355
4290	4314	4367
4290	4272	4314
4272	4233	4314
4233	4268	4314
4268	4275	4314
4268	4263	4275
4268	4199	4263
4199	4229	4263
4199	4084	4229
4268	4189	4199
4268	4233	4189
4167	4225	4229
4225	4231	4229
4231	4277	4229
4820	4810	4748
4810	4798	4748
4810	4819	4798
4819	4802	4798
4819	4803	4802
4819	4870	4803
4819	4850	4870
4850	4902	4870
4819	4810	4850
4810	4820	4850
4834	4827	4870
4838	4826	4834
4826	4807	4834
4826	4832	4807
4826	4838	4832
4838	4887	4832
4887	4821	4832
4887	4888	4821
4888	4786	4821
4786	4779	4821
4786	4771	4779
4888	4877	4786
4877	4787	4786
4877	4759	4787
4877	4873	4759
4877	4913	4873
4913	4987	4873
4987	4994	4873
4994	4967	4873
4994	5016	4967
5016	5034	4967
5034	4937	4967
5034	5033	4937
5033	5013	4937
5013	4919	4937
4919	4884	4937
5013	5026	4919
5026	4945	4919
4945	4861	4919
4945	4922	4861
4922	4905	4861
4922	4963	4905
4922	4995	4963
4995	5019	4963
5019	5005	4963
4922	4945	4995
4945	5026	4995
5026	5103	4995
5026	5099	5103
5099	5114	5103
5099	5092	5114
5092	5135	5114
5092	5082	5135
5082	5110	5135
5082	5085	5110
5082	5072	5085
5082	5061	5072
5061	5034	5072
5034	5016	5072
5061	5033	5034
5061	5092	5033
5092	5013	5033
5092	5026	5013
5092	5099	5026
5061	5082	5092
4994	4987	5016
4987	5011	5016
4987	5004	5011
4987	4913	5004
4913	4938	5004
4913	4914	4938
4914	4941	4938
4914	4888	4941
4914	4877	4888
4914	4913	4877
5187	5156	5153
5187	5193	5156
5187	5192	5193
5192	5200	5193
5200	5198	5193
5198	5185	5193
5198	5199	5185
5199	5197	5185
5197	5196	5185
5197	5205	5196
5205	5184	5196
5184	5170	5196
5170	5144	5196
5170	5126	5144
5170	5165	5126
5165	5149	5126
5165	5176	5149
5176	5179	5149
5179	5160	5149
5160	5142	5149
5160	5163	5142
5160	5179	5163
5179	5202	5163
5179	5201	5202
5201	5207	5202
5207	5209	5202
5209	5189	5202
5209	5188	5189
5209	5195	5188
5195	5182	5188
5195	5178	5182
5178	5162	5182
5162	5148	5182
5162	5124	5148
5124	5117	5148
5124	5111	5117
5124	5105	5111
5124	5155	5105
5155	5080	5105
5080	5074	5105
5074	5046	5105
5074	5042	5046
5042	5015	5046
5015	4997	5046
5074	5080	5042
5080	5055	5042
5080	5095	5055
5095	5043	5055
5043	4979	5055
5043	5001	4979
5001	4972	4979
4972	4925	4979
4972	4976	4925
4972	5001	4976
5001	5024	4976
5024	4973	4976
5001	5104	5024
5001	5043	5104
5043	5115	5104
5115	5180	5104
5115	5177	5180
5177	5194	5180
5194	5208	5180
5208	5203	5180
5203	5173	5180
5173	5137	5180
5173	5132	5137
5132	5125	5137
5125	5088	5137
5125	5108	5088
5108	5067	5088
5067	5038	5088
5038	5021	5088
5038	4996	5021
4996	4944	5021
4944	4973	5021
4944	4892	4973
4996	4958	4944
5067	5054	5038
5067	5068	5054
5067	5127	5068
5127	5101	5068
5127	5146	5101
5146	5129	5101
5127	5164	5146
5164	5175	5146
5175	5174	5146
5175	5200	5174
5200	5192	5174
5175	5191	5200
5191	5204	5200
5204	5199	5200
5199	5198	5200
5204	5197	5199
5204	5205	5197
5204	5210	5205
5210	5207	5205
5207	5201	5205
5201	5184	5205
5201	5186	5184
5186	5176	5184
5176	5165	5184
5165	5170	5184
5186	5179	5176
5186	5201	5179
5210	5209	5207
5210	5211	5209
5211	5195	5209
5211	5194	5195
5194	5177	5195
5177	5171	5195
5171	5183	5195
5183	5178	5195
5183	5155	5178
5155	5162	5178
5155	5124	5162
5183	5171	5155
5171	5161	5155
5161	5123	5155
5123	5080	5155
5123	5095	5080
5123	5145	5095
5145	5115	5095
5115	5043	5095
5145	5177	5115
5145	5171	5177
5145	5161	5171
5145	5123	5161
5211	5208	5194
5211	5210	5208
5210	5206	5208
5206	5203	5208
5206	5204	5203
5204	5191	5203
5191	5190	5203
5190	5173	5203
5190	5191	5173
5191	5164	5173
5164	5132	5173
5164	5127	5132
5127	5108	5132
5108	5125	5132
5127	5067	5108
5191	5175	5164
5206	5210	5204
4130	4155	4267
4867	4840	4932
4867	4817	4840
4800	4770	4817
4800	4749	4770
4776	4752	4809
4752	4698	4809
4752	4677	4698
4762	4784	4698
5052	4982	5050
4927	4906	4982
4906	4961	4982
4906	4858	4961
4906	4856	4858
4856	4814	4858
4617	4518	4735
4617	4429	4518
4429	4343	4518
4429	4212	4343
4429	4195	4212
4429	4374	4195
4374	4240	4195
4240	4128	4195
4374	4380	4240
3444	3485	3720
3444	3454	3485
3454	3517	3485
3454	3484	3517
2993	2917	3157
2871	2952	2959
2952	3061	2959
3061	3008	2959
3008	3018	2959
3008	3095	3018
3095	3042	3018
3095	3259	3042
3095	3277	3259
3095	3275	3277
3095	3061	3275
3061	3228	3275
3228	3409	3275
3228	3396	3409
3396	3515	3409
3515	3503	3409
3396	3299	3515
3299	3558	3515
3061	3072	3228
3061	2952	3072
3095	3008	3061
2895	3002	2980
2895	3059	3002
3059	3142	3002
2905	2948	2909
2912	2956	3050
3050	3010	2912
2927	3104	3021
3104	3141	3021
3104	3247	3141
3247	3328	3141
3247	3385	3328
3385	3395	3328
3395	3457	3328
3395	3385	3457
3247	3416	3385
3416	3584	3385
3247	3237	3416
3237	3324	3416
3237	3235	3324
3235	3420	3324
3237	3139	3235
3139	3062	3235
3139	2927	3062
2927	2954	3062
3139	3104	2927
3139	3247	3104
3139	3237	3247
2929	3065	3015
2931	3101	2977
3101	2984	2977
2940	3039	2968
2943	3137	3079
2943	3017	3137
3017	3169	3137
3169	3198	3137
2955	3077	3130
3077	3171	3130
3171	3225	3130
2978	3167	3179
3179	2972	2978
3179	3115	2972
3179	3272	3115
3179	3182	3272
3182	3312	3272
3182	3167	3312
3167	3160	3312
3182	3179	3167
2991	3097	3109
3109	3173	2991
3097	3262	3109
2991	2945	3097
3004	3027	3053
3027	3066	3053
3024	3041	3085
3024	2949	3041
2949	3086	3041
3086	3085	3041
3086	3254	3085
3254	3294	3085
3086	3131	3254
3131	3210	3254
3210	3374	3254
3131	3136	3210
3085	3036	3024
3032	3105	3192
3105	3221	3192
3088	3251	3188
3251	3256	3188
3251	3330	3256
3096	3223	3302
3302	3339	3096
3302	3369	3339
3369	3399	3339
3399	3313	3339
3102	3118	3211
3118	3123	3211
3107	3175	3133
3111	3161	3253
3111	3064	3161
3161	3317	3253
3161	3204	3317
3204	3304	3317
3121	3244	3245
3244	3336	3245
3244	3370	3336
3370	3513	3336
3513	3425	3336
3513	3511	3425
3127	3147	3233
3128	3224	3140
3128	3234	3224
3224	3284	3140
3224	3306	3284
3154	3300	3203
3300	3248	3203
3248	3206	3203
3174	3297	3326
3174	3175	3297
3175	3285	3297
3285	3349	3297
3285	3316	3349
3316	3439	3349
3439	3491	3349
3439	3535	3491
3535	3636	3491
3636	3635	3491
3636	3774	3635
3636	3822	3774
3285	3175	3316
3199	3263	3219
3201	3329	3368
3368	3353	3201
3214	3429	3402
3429	3564	3402
3429	3533	3564
3533	3607	3564
3607	3662	3564
3533	3468	3607
3214	3193	3429
3217	3325	3355
3220	3289	3332
3289	3450	3332
3450	3464	3332
3230	3366	3281
3255	3389	3269
3389	3422	3269
3255	3354	3389
3354	3408	3389
3265	3361	3292
3265	3372	3361
3372	3553	3361
3280	3514	3418
3514	3659	3418
3659	3597	3418
3659	3788	3597
3788	3849	3597
3659	3818	3788
3818	3938	3788
3280	3501	3514
3280	3441	3501
3287	3470	3293
3470	3404	3293
3470	3451	3404
3288	3314	3387
3331	3466	3577
3331	3355	3466
3466	3531	3577
3340	3383	3371
3343	3415	3459
3343	3462	3415
3462	3518	3415
3462	3532	3518
3532	3664	3518
3532	3692	3664
3692	3714	3664
3714	3799	3664
3692	3747	3714
3692	3733	3747
3692	3628	3733
3628	3782	3733
3782	3923	3733
3692	3547	3628
3692	3532	3547
3532	3462	3547
3415	3554	3459
3554	3642	3459
3345	3588	3357
3345	3541	3588
3541	3619	3588
3541	3627	3619
3627	3751	3619
3541	3548	3627
3541	3338	3548
3541	3345	3338
3346	3512	3447
3447	3455	3346
3455	3377	3346
3455	3417	3377
3348	3516	3581
3516	3629	3581
3629	3604	3581
3604	3593	3581
3593	3360	3581
3593	3524	3360
3593	3604	3524
3516	3578	3629
3516	3626	3578
3516	3414	3626
3367	3567	3400
3567	3666	3400
3666	3576	3400
3666	3631	3576
3631	3657	3576
3657	3715	3576
3715	3456	3576
3631	3717	3657
3717	3842	3657
3631	3666	3717
3666	3694	3717
3567	3601	3666
3567	3367	3601
3376	3392	3423
3376	3437	3392
3437	3423	3392
3437	3497	3423
3497	3410	3423
3410	3222	3423
3222	3376	3423
3497	3648	3410
3648	3441	3410
3441	3350	3410
3497	3752	3648
3752	3728	3648
3437	3473	3497
3437	3381	3473
3437	3376	3381
3378	3521	3539
3382	3530	3592
3530	3688	3592
3530	3524	3688
3391	3557	3427
3557	3590	3427
3393	3460	3499
3499	3498	3393
3498	3419	3393
3498	3440	3419
3498	3523	3440
3523	3536	3440
3523	3556	3536
3498	3499	3523
3460	3538	3499
3460	3495	3538
3394	3490	3594
3594	3484	3394
3394	3259	3490
3406	3641	3615
3641	3821	3615
3421	3453	3560
3560	3609	3421
3453	3500	3560
3453	3471	3500
3471	3486	3500
3453	3202	3471
3431	3472	3522
3431	3366	3472
3366	3433	3472
3474	3546	3654
3476	3534	3579
3483	3527	3559
3559	3535	3483
3527	3613	3559
3493	3505	3712
3505	3587	3712
3712	3507	3493
3494	3618	3646
3618	3682	3646
3618	3805	3682
3618	3697	3805
3506	3653	3591
3653	3719	3591
3520	3551	3552
3552	3724	3520
3551	3665	3552
3551	3529	3665
3529	3640	3665
3529	3623	3640
3529	3455	3623
3563	3606	3668
3606	3615	3668
3668	3673	3563
3566	3678	3684
3566	3614	3678
3614	3683	3678
3683	3908	3678
3908	3684	3678
3908	3723	3684
3683	3669	3908
3669	3935	3908
3935	3986	3908
3935	4170	3986
4170	4216	3986
3935	4066	4170
3669	3849	3935
3669	3622	3849
3683	3614	3669
3573	3670	3699
3596	3600	3661
3596	3561	3600
3561	3365	3600
3365	3451	3600
3599	3745	3632
3599	3766	3745
3617	3737	3810
3639	3784	3785
3785	3613	3639
3785	3760	3613
3644	3680	3710
3644	3649	3680
3663	3705	3755
3675	3686	3892
3677	3738	3744
3685	3859	3815
3691	3765	3708
3765	3807	3708
3807	3716	3708
3807	3790	3716
3765	3838	3807
3695	3722	3704
3704	3577	3695
3704	3574	3577
3696	3850	3878
3850	3874	3878
3698	3890	3793
3698	3827	3890
3827	3958	3890
3827	3864	3958
3864	3988	3958
3827	3724	3864
3827	3698	3724
3713	3866	3809
3713	3797	3866
3797	3950	3866
3950	3993	3866
3950	4022	3993
3950	4064	4022
3732	3825	3879
3879	3873	3732
3763	3819	3876
3773	3867	3800
3800	3688	3773
3867	3933	3800
3867	3979	3933
3979	4118	3933
4118	3973	3933
3979	4056	4118
4056	4232	4118
4232	4280	4118
4232	4321	4280
4321	4377	4280
4377	4323	4280
4377	4471	4323
4377	4509	4471
4509	4537	4471
4509	4599	4537
4509	4572	4599
4572	4629	4599
4509	4538	4572
4509	4521	4538
4521	4564	4538
4521	4528	4564
4521	4452	4528
4377	4321	4509
4056	4163	4232
3979	3981	4056
3979	3867	3981
3867	3798	3981
3867	3773	3798
3777	3949	3882
3949	3996	3882
3996	4041	3882
4041	4018	3882
4041	4179	4018
4179	4043	4018
4043	3906	4018
4043	3917	3906
3917	3852	3906
3852	3783	3906
3852	3751	3783
3852	3816	3751
3852	3884	3816
3884	3896	3816
3896	3862	3816
3896	4069	3862
4069	3951	3862
3951	3877	3862
3951	3821	3877
3951	3897	3821
3897	3880	3821
3897	4067	3880
4067	4078	3880
4078	4010	3880
4078	4131	4010
4131	4008	4010
4078	4250	4131
4078	4067	4250
4067	4122	4250
4122	4301	4250
4301	4344	4250
4301	4420	4344
4122	4187	4301
4187	4306	4301
4122	4069	4187
4069	4100	4187
4100	4203	4187
4203	4251	4187
4069	3896	4100
4122	4067	4069
4067	3951	4069
4067	3897	3951
3884	3917	3896
3884	3852	3917
4179	4220	4043
4179	4305	4220
4305	4322	4220
4305	4455	4322
4455	4502	4322
4179	4041	4305
4041	4144	4305
4144	4284	4305
4284	4371	4305
4371	4382	4305
4284	4427	4371
4284	4325	4427
4325	4393	4427
4393	4468	4427
4393	4553	4468
4553	4495	4468
4553	4610	4495
4553	4624	4610
4393	4541	4553
4393	4415	4541
4415	4480	4541
4393	4312	4415
4393	4325	4312
4284	4196	4325
4284	4144	4196
4144	4107	4196
4107	3999	4196
4107	3949	3999
3949	3957	3999
3957	3921	3999
3957	3885	3921
3957	3949	3885
3949	3777	3885
4107	3996	3949
4107	4034	3996
4034	4041	3996
4034	4144	4041
4034	4107	4144
3779	3919	3994
3919	3973	3994
3789	3914	3791
3792	3860	3823
3823	3808	3792
3811	3812	3974
3812	3836	3974
3974	3975	3811
3974	4063	3975
3974	4157	4063
4157	4271	4063
3830	3839	3961
3839	3947	3961
3947	3982	3961
3982	4024	3961
4024	4044	3961
4044	3830	3961
3832	3964	3920
3964	4033	3920
3844	3928	3932
3932	3925	3844
3845	3898	3987
3898	4048	3987
4048	4105	3987
4105	4104	3987
4105	4193	4104
4105	4166	4193
4166	4129	4193
4129	4302	4193
4166	4048	4129
4048	4060	4129
4166	4105	4048
3846	4029	3983
4029	4059	3983
4059	3963	3983
4059	4002	3963
3851	3907	3998
3907	4082	3998
3856	3905	4007
3856	3799	3905
3905	4027	4007
4027	4003	4007
4003	3856	4007
4003	3865	3856
4027	4068	4003
3905	4039	4027
3861	3881	4006
3881	4008	4006
4006	3836	3861
3870	3926	4058
3926	4134	4058
3887	4017	3937
3891	3985	3910
3985	4026	3910
4026	3939	3910
4026	3955	3939
3913	4040	4012
4040	4135	4012
4040	4094	4135
4094	4153	4135
4153	4214	4135
4214	4287	4135
4214	4373	4287
4373	4428	4287
4214	4296	4373
4214	4153	4296
4153	4147	4296
4147	4266	4296
4094	4040	4153
4012	3931	3913
4012	3997	3931
4012	4099	3997
4099	4038	3997
4099	4165	4038
4165	4074	4038
4074	4001	4038
4099	4254	4165
4254	4354	4165
4354	4351	4165
4351	4163	4165
4354	4452	4351
4354	4381	4452
4354	4254	4381
4254	4319	4381
3966	4049	4158
3966	3876	4049
3876	4042	4049
3966	3859	3876
4158	4132	3966
4158	4242	4132
4242	4205	4132
4205	4092	4132
4092	4073	4132
4092	3992	4073
4092	4093	3992
4092	4205	4093
4205	4221	4093
4221	4149	4093
4205	4261	4221
4261	4307	4221
4261	4311	4307
4261	4265	4311
4265	4205	4311
4205	4242	4311
4265	4261	4205
4158	4379	4242
3976	4031	4062
4031	4183	4062
4183	4176	4062
3984	4186	4226
3984	3938	4186
4016	4030	4113
4028	4072	4077
4072	4141	4077
4141	4202	4077
4202	4047	4077
4202	4039	4047
4141	4169	4202
4037	4174	4246
4061	4215	4098
4098	4017	4061
4098	4241	4017
4061	4146	4215
4146	4286	4215
4286	4352	4215
4096	4191	4103
4106	4188	4207
4108	4243	4168
4243	4228	4168
4243	4317	4228
4108	4256	4243
4110	4198	4318
4318	4253	4110
4117	4190	4121
4133	4152	4255
4148	4234	4269
4234	4441	4269
4441	4493	4269
4493	4417	4269
4493	4490	4417
4490	4424	4417
4490	4472	4424
4472	4300	4424
4472	4392	4300
4472	4540	4392
4540	4489	4392
4489	4433	4392
4433	4302	4392
4433	4434	4302
4433	4489	4434
4472	4522	4540
4522	4678	4540
4472	4490	4522
4490	4565	4522
4490	4493	4565
4234	4216	4441
4217	4346	4335
4346	4440	4335
4223	4395	4372
4395	4396	4372
4396	4313	4372
4313	4223	4372
4395	4491	4396
4395	4425	4491
4230	4341	4347
4341	4402	4347
4341	4506	4402
4506	4488	4402
4258	4324	4274
4279	4438	4478
4279	4398	4438
4398	4450	4438
4450	4501	4438
4501	4478	4438
4501	4634	4478
4501	4615	4634
4615	4702	4634
4702	4731	4634
4702	4738	4731
4738	4796	4731
4738	4717	4796
4738	4602	4717
4738	4702	4602
4702	4615	4602
4501	4450	4615
4279	4241	4398
4478	4385	4279
4478	4520	4385
4316	4390	4328
4390	4445	4328
4445	4383	4328
4327	4416	4527
4416	4569	4527
4527	4469	4327
4469	4226	4327
4358	4519	4514
4519	4545	4514
4519	4551	4545
4362	4453	4368
4457	4626	4566
4467	4532	4568
4474	4578	4583
4497	4588	4543
4588	4574	4543
4542	4664	4701
4614	4740	4788
4641	4713	4692
4692	4551	4641
4551	4597	4641
4642	4785	4682
4785	4717	4682
4785	4849	4717
4644	4710	4661
4644	4696	4710
4710	4709	4661
4710	4780	4709
4707	4797	4773
4712	4730	4766
4723	4733	4875
4729	4763	4745
4880	4904	4894
112	220	129
182	102	200
169	180	218
206	274	180
274	248	180
206	269	274
457	568	408
541	694	591
346	251	348
251	297	348
346	211	251
346	272	211
285	317	234
285	364	317
564	649	522
649	571	522
325	328	415
874	914	761
874	921	914
1154	1082	1184
1839	1777	1840
1207	1337	1228
1601	1640	1571
979	837	864
676	757	693
757	813	693
484	596	593
257	124	264
124	214	264
124	89	214
33	3	14
33	24	3
942	978	910
942	1062	978
1062	1176	978
700	654	741
654	610	741
29	20	35
20	26	35
20	13	26
91	140	108
91	148	140
148	145	140
91	133	148
91	71	133
71	116	133
91	76	71
174	271	252
174	147	271
147	190	271
147	150	190
199	291	194
199	245	291
245	292	291
673	610	613
1024	978	1099
66	31	83
551	579	580
473	589	414
589	583	414
583	488	414
488	380	414
698	809	582
809	678	582
698	869	809
1198	1067	1002
1057	994	1098
1446	1713	1577
1446	1462	1713
1462	1591	1713
777	801	972
801	1067	972
1004	1065	974
1549	1310	1501
1415	1303	1549
1959	2155	1887
2114	2400	2108
2400	2343	2108
2114	2364	2400
2114	2225	2364
2954	2927	2720
2927	2659	2720
2927	2637	2659
2927	2831	2637
2586	2762	2820
2586	2610	2762
2610	2529	2762
2670	2758	2559
2670	2889	2758
2464	2380	2631
1405	1502	1504
1405	1283	1502
1261	1035	1283
1035	1287	1283
1805	1848	1658
855	759	822
1542	1774	1735
1542	1743	1774
1542	1531	1743
1040	819	949
2023	1694	1776
1694	1675	1776
2023	1924	1694
2023	2081	1924
2217	2138	2041
2217	2233	2138
2217	2381	2233
2381	2376	2233
2115	2323	2217
2436	2788	2498
2788	2698	2498
2436	2678	2788
2678	2746	2788
2746	3036	2788
3036	2878	2788
2746	3024	3036
2746	2733	3024
2733	2949	3024
1323	1583	1330
1583	1581	1330
1308	1147	1383
1147	1299	1383
1251	1194	1284
1194	980	1284
1179	1029	1162
1198	1459	1444
1198	1281	1459
1160	984	1129
1336	1258	1177
1258	1163	1177
1336	1513	1258
1377	1329	1302
1538	1791	1579
1791	1667	1579
1667	1615	1579
1909	1869	1667
1810	1639	1727
1378	1607	1416
1498	1638	1376
1638	1460	1376
1731	1882	1708
1739	1551	1619
1662	1697	1824
1697	1771	1824
1771	1917	1824
1771	2002	1917
1662	1574	1697
1692	1715	1645
1600	1524	1605
1857	1858	1651
1960	1918	1834
1685	1502	1680
1872	1760	1772
2611	2429	2583
2429	2526	2583
2611	2305	2429
2611	2573	2305
2573	2361	2305
2737	2887	2717
2887	2876	2717
2887	2965	2876
2887	2868	2965
2868	3098	2965
3098	3030	2965
3098	3240	3030
3098	3318	3240
2083	2239	2079
2083	2348	2239
2348	2442	2239
2348	2325	2442
2348	2083	2325
2009	1973	1986
1944	2040	1961
1944	1937	2040
1889	1724	1814
1866	2035	2021
1902	1720	1866
2151	2212	2149
2212	2276	2149
2116	1862	2140
1862	2016	2140
2016	2187	2140
2116	1881	1862
2588	2718	2515
2588	2724	2718
2424	2349	2504
2160	2299	2230
2237	1987	2194
2479	2658	2417
2479	2540	2658
2293	2568	2396
2568	2524	2396
2311	2052	2282
2539	2256	2390
2539	2479	2256
2657	2661	2827
2474	2538	2381
2474	2404	2538
2995	3084	2914
2494	2335	2507
2775	2740	2844
2740	2875	2844
2591	2764	2503
2764	2725	2503
2764	2801	2725
2801	2745	2725
2723	2812	2538
2747	2819	2805
3193	3214	3124
3214	3074	3124
2812	3022	2964
3022	3183	2964
3022	3274	3183
3274	3270	3183
3270	3180	3183
3274	3459	3270
3274	3343	3459
2812	2852	3022
2913	2855	2936
2855	2765	2936
2782	3020	3013
3020	3047	3013
2709	2621	2782
2762	2646	2870
2819	2666	2915
2666	2773	2915
2942	3258	3025
2942	3096	3258
3096	3313	3258
3313	3307	3258
3096	3369	3313
2942	2911	3096
3012	3054	2781
3143	3201	3319
2853	2835	2880
4065	3752	3968
5143	5139	5063
4977	5071	4930
4977	5066	5071
4929	4930	5008
4769	4822	4720
4769	4878	4822
4878	4852	4822
4769	4848	4878
4825	4970	4848
4825	4974	4970
4825	4845	4974
4825	4815	4845
4825	4728	4815
5003	4975	4970
5003	5073	4975
5073	5014	4975
5073	5087	5014
5073	5100	5087
5100	5090	5087
4607	4588	4639
4897	4864	4851
4897	4909	4864
4897	5017	4909
5017	5022	4909
5022	5012	4909
5012	4926	4909
5017	5035	5022
5035	5078	5022
5078	5049	5022
5078	5081	5049
4897	4966	5017
4753	4792	4721
4792	4606	4721
4635	4606	4775
4595	4627	4475
4627	4525	4475
4595	4669	4627
4011	3945	3886
4000	3915	4035
4273	4421	4160
4421	4426	4160
4426	4425	4160
4425	4223	4160
4273	4334	4421
4908	4809	4881
4809	4784	4881
4809	4698	4784
5167	5151	5134
5167	5169	5151
5039	5000	5031
5000	4984	5031
5000	4981	4984
4981	4978	4984
4978	4965	4984
4978	4942	4965
5000	4983	4981
5000	4959	4983
5039	5007	5000
5007	4968	5000
4936	4959	4968
4862	4794	4811
4794	4760	4811
4609	4487	4558
4487	4422	4558
4498	4387	4487
3828	3749	3922
4342	4336	4222
4511	4559	4620
4559	4643	4620
4643	4774	4620
4816	4842	4695
4842	4916	4695
4916	4836	4695
4836	4789	4695
5133	5196	5144
5133	5152	5196
5152	5185	5196
5154	5156	5185
5154	5093	5156
5093	5107	5156
5107	5153	5156
5093	5064	5107
4917	4952	4954
4917	4886	4952
4886	4918	4952
4828	4846	4781
4846	4750	4781
4750	4704	4781
4846	4764	4750
4722	4756	4807
4756	4834	4807
4756	4827	4834
4699	4736	4716
4743	4802	4736
4802	4803	4736
4743	4798	4802
5024	5088	4973
5088	5021	4973
5024	5137	5088
5024	5104	5137
5104	5180	5137
4343	4307	4518
3277	3490	3259
3558	3763	3515
3457	3278	3328
3457	3601	3278
3601	3367	3278
3457	3583	3601
3101	3170	2984
3169	3266	3198
3225	3246	3130
3225	3346	3246
3230	3197	3366
3292	3173	3265
3173	3216	3265
3292	3194	3173
3371	3170	3340
3554	3664	3642
3588	3276	3357
3276	3279	3357
3588	3641	3276
3641	3406	3276
3715	3375	3456
3715	3414	3375
3552	3845	3724
3673	3481	3563
3698	3522	3724
3522	3397	3724
4163	4351	4232
3994	3848	3779
3836	4157	3974
3812	3546	3836
4157	4182	4271
4182	4358	4271
4182	4384	4358
4384	4519	4358
3966	4132	3859
4073	3815	4132
4226	4310	3984
4310	4066	3984
4226	4361	4310
4110	3952	4198
4117	4281	4190
4678	4757	4540
4717	4849	4796
4745	4664	4729
