287.003643 193.581883 32.175911 255 0 0
299.808951 178.978481 36.273454 255 0 0
314.050374 165.856653 40.510292 255 0 0
329.727914 154.216401 44.886425 255 0 0
346.841570 144.057723 49.401853 255 0 0
365.391341 135.380620 54.056577 255 0 0
385.377228 128.185092 58.850596 255 0 0
406.799231 122.471138 63.783910 255 0 0
429.657350 118.238760 68.856520 0 255 0
406.704077 119.592230 82.066345 0 255 0
385.364915 122.610906 95.432731 0 255 0
365.639865 127.294786 108.955676 0 255 0
347.528928 133.643872 122.635181 0 255 0
331.032102 141.658163 136.471246 0 255 0
316.149387 151.337659 150.463871 0 255 0
302.880785 162.682360 164.613056 0 255 0
291.226295 175.692267 178.918800 0 255 0
