3.251310212016351784e+02 1.490463410014623378e+02 1.876562585050947405e+02
3.326997269527907974e+02 1.355604626766784122e+02 1.790964155975487984e+02
3.426126074484870969e+02 1.233204763588989863e+02 1.700239298503693135e+02
3.395107783072465395e+02 1.090751152642322381e+02 1.463779565278414339e+02
3.517134604138843770e+02 1.031127289481363505e+02 1.188571059766558164e+02
3.630004878298388462e+02 9.204960834021824212e+01 1.079004832629047428e+02
3.790833588361241482e+02 8.636339535231940090e+01 8.586549686432152839e+01
4.021444003430617045e+02 8.944658341501911991e+01 4.435683189367745172e+01
3.941975561518782456e+02 1.122573262771373379e+02 1.921565692858519014e+01
3.813745185630805850e+02 1.242901764814280341e+02 2.417374056598771404e+01
3.783322876123193623e+02 1.424144389266784856e+02 2.382558567190801568e+01
3.704670071037982666e+02 1.576776307143429676e+02 2.558796156926194953e+01
3.569433258990202944e+02 1.703799842383843952e+02 2.700418919184500055e+01
3.450903355351345567e+02 1.824818777747243530e+02 3.333373886739786940e+01
3.362550078017015949e+02 1.976760262303396303e+02 3.372464872660117408e+01
