27.356819 34.979486 11.024071 255 0 0
27.626614 34.891426 10.032262 255 0 0
27.972340 34.682481 9.037253 255 0 0
28.393998 34.352649 8.039044 255 0 0
28.891587 33.901932 7.037635 255 0 0
29.465108 33.330329 6.033026 255 0 0
30.114561 32.637839 5.025217 255 0 0
30.839946 31.824464 4.014209 255 0 0
31.641262 30.890203 3.000000 0 255 0
31.033827 29.767683 3.985730 0 255 0
30.477070 28.777126 4.974661 0 255 0
29.970992 27.918531 5.966791 0 255 0
29.515592 27.191900 6.962122 0 255 0
29.110871 26.597231 7.960652 0 255 0
28.756828 26.134526 8.962382 0 255 0
28.453463 25.803783 9.967312 0 255 0
28.200777 25.605003 10.975443 0 255 0
