308.027219 202.810820 24.411588 255 0 0
319.324357 189.186650 29.165440 255 0 0
332.006099 176.870422 34.357235 255 0 0
346.072444 165.862136 39.986973 255 0 0
361.523394 156.161793 46.054653 255 0 0
378.358947 147.769392 52.560276 255 0 0
396.579104 140.684932 59.503841 255 0 0
416.183865 134.908415 66.885349 255 0 0
437.173230 130.439840 74.704800 0 255 0
414.371668 130.718726 83.023941 0 255 0
393.050127 132.395687 91.811204 0 255 0
373.208605 135.470723 101.066589 0 255 0
354.847104 139.943835 110.790097 0 255 0
337.965622 145.815022 120.981726 0 255 0
322.564161 153.084285 131.641478 0 255 0
308.642720 161.751623 142.769353 0 255 0
296.201299 171.817036 154.365349 0 255 0
