3.175865395928449857e+02 1.819685438585461270e+02 1.441151538056743107e+02
3.224974297461999413e+02 1.675802385758819923e+02 1.464483847746400329e+02
3.274083198995548400e+02 1.531919332932178577e+02 1.487816157436056983e+02
3.323192100529097388e+02 1.388036280105537230e+02 1.511148467125714205e+02
3.345376839628785319e+02 1.216424781620870021e+02 1.420157016970925383e+02
3.466028747355488235e+02 1.059719968982011267e+02 1.213840720833927094e+02
3.608321673587398095e+02 9.336935616546639949e+01 1.151159410250932069e+02
3.868642072729118127e+02 8.107376635666622633e+01 8.589935191222912181e+01
3.732787865863023740e+02 1.216186127598935798e+02 6.032782568693170333e+01
3.901856861916025991e+02 1.316233777972193479e+02 3.574029757671985408e+01
3.964985050201905779e+02 1.575684774247581572e+02 3.035216729631554244e+01
3.915876148668356791e+02 1.719567827074223487e+02 2.801893632734987705e+01
3.866767247134807803e+02 1.863450879900864265e+02 2.568570535838415481e+01
