28.248078 36.685857 11.000000 255 0 0
28.490782 36.488529 10.000000 255 0 0
28.785738 36.158990 9.000000 255 0 0
29.132948 35.697240 8.000000 255 0 0
29.532410 35.103279 7.000000 255 0 0
29.984126 34.377106 6.000000 255 0 0
30.488094 33.518722 5.000000 255 0 0
31.044315 32.528127 4.000000 255 0 0
31.652789 31.405320 3.000000 0 255 0
30.858586 30.405232 4.000000 0 255 0
30.138800 29.526273 5.000000 0 255 0
29.493431 28.768443 6.000000 0 255 0
28.922480 28.131742 7.000000 0 255 0
28.425946 27.616170 8.000000 0 255 0
28.003829 27.221727 9.000000 0 255 0
27.656130 26.948413 10.000000 0 255 0
27.382847 26.796228 11.000000 0 255 0
