   3.0861443e+02   1.2393781e+02   1.1200000e+02
   3.0233085e+02   1.2020149e+02   1.0600000e+02
   3.2151990e+02   1.1901244e+02   9.8000000e+01
   3.2542537e+02   1.1018159e+02   9.4000000e+01
   3.3442537e+02   1.0644527e+02   8.8000000e+01
   3.3068905e+02   1.0525622e+02   8.2000000e+01
   3.3714179e+02   1.1170896e+02   7.6000000e+01
   3.6142537e+02   1.1561443e+02   7.0000000e+01
   3.5004726e+02   1.2716169e+02   6.4000000e+01
   3.6159453e+02   1.6163433e+02   5.8000000e+01
   3.5381095e+02   2.0097512e+02   5.2000000e+01
