   2.8595538e+01   2.8142940e+01   1.1000000e+01
   2.8297030e+01   2.8605903e+01   1.0000000e+01
   2.8197528e+01   2.9531829e+01   9.0000000e+00
   2.7700016e+01   3.0087384e+01   8.0000000e+00
   2.8098025e+01   3.0365162e+01   7.0000000e+00
   2.8197528e+01   3.3328125e+01   6.0000000e+00
   2.8396533e+01   3.5179977e+01   7.0000000e+00
   2.7998523e+01   3.4717014e+01   8.0000000e+00
   2.8496035e+01   3.5179977e+01   9.0000000e+00
   2.8396533e+01   3.5179977e+01   1.0000000e+01
   2.8496035e+01   3.5179977e+01   1.1000000e+01
