1	2	4
1	29	2
2	8	4
8	9	4
9	5	4
5	30	4
30	44	4
5	31	30
5	25	31
5	26	25
26	39	25
39	33	25
33	36	25
33	38	36
33	48	38
48	63	38
63	108	38
63	100	108
100	124	108
124	137	108
124	178	137
124	123	178
123	186	178
186	196	178
186	197	196
124	100	123
100	99	123
99	122	123
99	104	122
104	113	122
113	149	122
113	146	149
146	180	149
180	201	149
201	210	149
201	251	210
251	255	210
255	245	210
251	275	255
275	333	255
275	383	333
383	463	333
463	450	333
450	362	333
450	391	362
391	295	362
391	354	295
391	401	354
401	414	354
401	536	414
536	568	414
568	419	414
401	391	536
391	450	536
450	580	536
580	602	536
580	741	602
580	678	741
678	729	741
729	788	741
788	856	741
788	799	856
799	963	856
963	921	856
921	888	856
921	975	888
975	851	888
851	792	888
851	791	792
975	1031	851
921	1056	975
1056	1095	975
1056	1089	1095
1056	1072	1089
1056	921	1072
921	963	1072
963	1041	1072
1041	1128	1072
799	861	963
799	729	861
729	676	861
676	875	861
875	881	861
875	1035	881
875	860	1035
860	867	1035
867	965	1035
965	1064	1035
1064	1052	1035
1052	1114	1035
1114	1082	1035
1052	1064	1114
1064	1262	1114
1262	1271	1114
965	1063	1064
965	994	1063
994	1036	1063
1036	1147	1063
1147	1219	1063
1147	1260	1219
1147	1330	1260
1147	1227	1330
1227	1322	1330
1322	1373	1330
1322	1403	1373
1403	1533	1373
1322	1255	1403
1255	1410	1403
1255	1412	1410
1255	1243	1412
1243	1278	1412
1243	1214	1278
1214	1312	1278
1243	1106	1214
1106	1083	1214
1243	1143	1106
1243	1255	1143
1255	1234	1143
1234	1207	1143
1207	1133	1143
1133	1068	1143
1133	1136	1068
1136	1036	1068
1036	1015	1068
1036	891	1015
891	886	1015
891	828	886
828	913	886
828	848	913
848	909	913
909	950	913
950	1013	913
950	1048	1013
891	815	828
815	711	828
815	720	711
720	668	711
668	688	711
668	641	688
668	546	641
546	612	641
546	600	612
600	750	612
600	664	750
664	765	750
664	739	765
739	797	765
739	844	797
664	625	739
664	542	625
664	600	542
600	471	542
471	481	542
471	448	481
448	453	481
453	462	481
453	363	462
453	448	363
448	394	363
394	307	363
307	308	363
308	271	363
271	300	363
271	204	300
204	298	300
298	303	300
303	409	300
303	385	409
298	217	303
217	246	303
217	230	246
230	253	246
230	172	253
172	254	253
254	277	253
172	181	254
181	213	254
181	189	213
189	231	213
189	214	231
214	248	231
214	236	248
236	270	248
236	287	270
214	222	236
222	229	236
229	266	236
229	284	266
284	305	266
284	309	305
309	348	305
348	411	305
348	412	411
309	328	348
328	389	348
328	379	389
379	405	389
379	440	405
440	457	405
440	470	457
470	475	457
470	490	475
490	534	475
534	489	475
534	595	489
595	585	489
534	673	595
470	512	490
470	480	512
480	520	512
520	556	512
520	532	556
532	577	556
532	642	577
642	654	577
654	637	577
642	733	654
733	738	654
733	766	738
733	800	766
733	642	800
642	702	800
702	789	800
789	843	800
789	820	843
820	916	843
916	926	843
820	910	916
820	810	910
810	811	910
810	762	811
762	754	811
810	820	762
820	789	762
789	702	762
702	662	762
702	677	662
677	589	662
589	634	662
677	642	589
642	532	589
532	545	589
532	466	545
466	459	545
466	387	459
387	388	459
388	458	459
388	413	458
413	443	458
443	535	458
413	439	443
413	430	439
430	497	439
430	487	497
487	519	497
519	558	497
519	592	558
592	581	558
592	639	581
592	626	639
487	455	519
455	488	519
488	522	519
488	474	522
474	537	522
537	582	522
537	658	582
658	672	582
672	626	582
658	757	672
757	744	672
757	816	744
816	798	744
798	759	744
759	796	744
759	777	796
777	835	796
835	885	796
885	822	796
835	937	885
835	972	937
972	1019	937
835	941	972
941	1055	972
941	1011	1055
1011	1076	1055
1076	1161	1055
1076	1163	1161
1076	1061	1163
1061	1188	1163
1061	1085	1188
1061	1057	1085
1057	1038	1085
1038	1105	1085
1038	1049	1105
1049	1108	1105
1108	1139	1105
1139	1250	1105
1250	1240	1105
1250	1290	1240
1290	1314	1240
1314	1267	1240
1250	1304	1290
1250	1252	1304
1252	1224	1304
1224	1302	1304
1302	1348	1304
1302	1367	1348
1367	1450	1348
1450	1447	1348
1450	1491	1447
1491	1508	1447
1508	1484	1447
1508	1527	1484
1508	1654	1527
1654	1618	1527
1618	1597	1527
1654	1734	1618
1654	1733	1734
1654	1687	1733
1687	1853	1733
1687	1873	1853
1873	1936	1853
1873	1951	1936
1951	2070	1936
1951	1974	2070
1974	2103	2070
1951	1911	1974
1911	1947	1974
1911	1905	1947
1905	1903	1947
1903	1895	1947
1903	1757	1895
1757	1794	1895
1794	1845	1895
1845	1894	1895
1845	1772	1894
1772	1717	1894
1772	1667	1717
1667	1648	1717
1648	1678	1717
1648	1598	1678
1648	1578	1598
1578	1487	1598
1578	1554	1487
1554	1426	1487
1426	1407	1487
1426	1339	1407
1339	1375	1407
1375	1352	1407
1375	1332	1352
1375	1301	1332
1301	1281	1332
1281	1249	1332
1249	1414	1332
1249	1297	1414
1249	1200	1297
1200	1298	1297
1298	1453	1297
1298	1315	1453
1315	1395	1453
1298	1276	1315
1298	1229	1276
1229	1183	1276
1229	1149	1183
1149	1125	1183
1125	1216	1183
1216	1232	1183
1216	1211	1232
1211	1277	1232
1277	1329	1232
1216	1102	1211
1102	1116	1211
1102	1071	1116
1102	1021	1071
1021	993	1071
993	929	1071
993	903	929
903	857	929
857	918	929
918	944	929
918	897	944
897	896	944
896	1007	944
1007	1053	944
1007	967	1053
967	1173	1053
1173	1127	1053
1173	1309	1127
1309	1201	1127
1201	1170	1127
1309	1292	1201
967	1003	1173
967	932	1003
932	980	1003
980	1185	1003
1185	1223	1003
932	872	980
872	877	980
872	782	877
782	747	877
782	717	747
782	758	717
782	841	758
841	768	758
768	736	758
736	647	758
736	737	647
737	671	647
671	594	647
671	614	594
614	531	594
531	503	594
531	431	503
431	432	503
432	513	503
432	469	513
431	404	432
404	382	432
404	373	382
373	342	382
373	339	342
339	312	342
312	283	342
312	237	283
237	221	283
237	206	221
206	166	221
166	175	221
166	219	175
166	143	219
143	235	219
166	147	143
147	109	143
109	114	143
114	168	143
114	82	168
82	50	168
82	91	50
91	58	50
58	45	50
45	18	50
18	75	50
45	54	18
45	58	54
58	85	54
85	76	54
76	59	54
59	22	54
22	75	54
22	70	75
70	111	75
111	158	75
158	168	75
111	130	158
130	216	158
130	207	216
207	304	216
304	267	216
304	393	267
393	423	267
423	301	267
393	426	423
426	498	423
426	565	498
426	524	565
524	591	565
524	636	591
636	732	591
732	726	591
726	694	591
726	836	694
836	770	694
770	670	694
770	691	670
770	715	691
715	606	691
715	598	606
598	570	606
570	521	606
521	547	606
570	484	521
570	509	484
509	486	484
486	367	484
367	360	484
367	323	360
323	319	360
319	314	360
314	434	360
319	235	314
319	323	235
486	416	367
509	514	486
509	530	514
530	540	514
540	579	514
579	603	514
603	587	514
587	523	514
587	571	523
571	500	523
500	493	523
500	473	493
500	452	473
500	608	452
608	427	452
500	680	608
500	571	680
571	587	680
587	730	680
587	603	730
603	633	730
633	772	730
772	858	730
772	915	858
603	579	633
579	655	633
530	573	540
530	559	573
530	509	559
509	533	559
533	616	559
533	611	616
611	666	616
666	660	616
611	652	666
652	697	666
697	784	666
697	833	784
833	859	784
859	922	784
859	981	922
981	983	922
981	1142	983
1142	1065	983
1065	1027	983
1065	1159	1027
1065	1215	1159
1215	1176	1159
1176	1209	1159
1176	1311	1209
1311	1388	1209
1388	1316	1209
1316	1259	1209
1259	1148	1209
1148	996	1209
1148	1030	996
1030	915	996
1259	1247	1148
1259	1340	1247
1340	1333	1247
1333	1257	1247
1333	1361	1257
1333	1518	1361
1518	1430	1361
1333	1535	1518
1333	1340	1535
1259	1316	1340
1316	1417	1340
1417	1472	1340
1417	1388	1472
1388	1439	1472
1388	1311	1439
1417	1316	1388
1176	1215	1311
1215	1347	1311
1065	1142	1215
859	1090	981
697	748	833
697	721	748
721	752	748
752	787	748
752	802	787
752	786	802
786	814	802
814	819	802
819	834	802
834	878	802
819	854	834
854	876	834
854	939	876
939	938	876
938	930	876
938	1002	930
1002	971	930
971	982	930
982	961	930
961	966	930
961	987	966
987	1086	966
1086	978	966
978	905	966
978	1024	905
978	1154	1024
1154	1206	1024
1206	1060	1024
1206	1168	1060
1154	1293	1206
1154	1336	1293
1336	1429	1293
1154	1217	1336
1154	1086	1217
1154	978	1086
987	990	1086
990	1079	1086
990	982	1079
982	1018	1079
1018	1047	1079
1047	1119	1079
1119	1162	1079
1047	1122	1119
1018	995	1047
1018	1005	995
1018	971	1005
971	1002	1005
1002	1138	1005
1002	1130	1138
1002	1062	1130
1062	1104	1130
1062	939	1104
939	1029	1104
1029	1078	1104
1078	1124	1104
1124	1222	1104
1222	1210	1104
1222	1273	1210
1273	1208	1210
1222	1287	1273
1222	1228	1287
1228	1253	1287
1253	1353	1287
1353	1387	1287
1387	1393	1287
1387	1488	1393
1488	1455	1393
1455	1416	1393
1455	1452	1416
1455	1546	1452
1546	1474	1452
1546	1525	1474
1525	1473	1474
1473	1269	1474
1473	1380	1269
1380	1303	1269
1380	1442	1303
1380	1489	1442
1380	1449	1489
1449	1524	1489
1524	1557	1489
1449	1473	1524
1449	1380	1473
1546	1607	1525
1546	1574	1607
1574	1666	1607
1666	1711	1607
1711	1649	1607
1711	1749	1649
1749	1641	1649
1641	1581	1649
1641	1655	1581
1655	1644	1581
1644	1557	1581
1655	1747	1644
1747	1775	1644
1747	1796	1775
1796	1867	1775
1867	1888	1775
1888	1800	1775
1888	1860	1800
1860	1732	1800
1888	1978	1860
1867	2047	1888
1867	2012	2047
2012	2149	2047
1867	1984	2012
1867	1796	1984
1796	1838	1984
1838	2011	1984
1838	1965	2011
1838	1941	1965
1941	1990	1965
1990	2120	1965
1941	2009	1990
1941	1927	2009
1927	2020	2009
1927	1926	2020
1926	2003	2020
2003	2061	2020
2061	2062	2020
2061	2107	2062
2061	2134	2107
2134	2152	2107
2152	2255	2107
2152	2352	2255
2352	2321	2255
2321	2311	2255
2321	2368	2311
2368	2297	2311
2152	2349	2352
2349	2423	2352
2349	2431	2423
2152	2212	2349
2152	2187	2212
2187	2239	2212
2239	2305	2212
2239	2275	2305
2275	2408	2305
2408	2385	2305
2408	2496	2385
2496	2431	2385
2496	2619	2431
2408	2508	2496
2408	2403	2508
2403	2511	2508
2511	2618	2508
2511	2536	2618
2536	2681	2618
2536	2615	2681
2615	2726	2681
2536	2454	2615
2454	2495	2615
2495	2636	2615
2495	2432	2636
2495	2419	2432
2419	2346	2432
2346	2329	2432
2329	2325	2432
2325	2442	2432
2325	2372	2442
2325	2248	2372
2248	2369	2372
2248	2213	2369
2213	2298	2369
2298	2353	2369
2298	2342	2353
2342	2362	2353
2342	2322	2362
2342	2298	2322
2298	2118	2322
2248	2182	2213
2182	2142	2213
2142	2158	2213
2142	2036	2158
2142	2010	2036
2010	1968	2036
1968	1921	2036
1921	1925	2036
1925	2118	2036
2010	1989	1968
2010	2063	1989
2063	2007	1989
2063	2021	2007
2063	2092	2021
2092	2100	2021
2100	2058	2021
2058	2028	2021
2028	1892	2021
2028	1919	1892
1919	1842	1892
1842	1866	1892
1842	1773	1866
1842	1807	1773
1807	1575	1773
1807	1692	1575
1807	1746	1692
1746	1596	1692
1746	1623	1596
1623	1553	1596
1623	1552	1553
1552	1485	1553
1485	1433	1553
1485	1360	1433
1485	1479	1360
1485	1552	1479
1552	1627	1479
1552	1623	1627
1623	1670	1627
1623	1746	1670
1746	1779	1670
1746	1790	1779
1746	1822	1790
1822	1945	1790
1945	1846	1790
1945	1928	1846
1928	1833	1846
1928	1784	1833
1784	1752	1833
1784	1769	1752
1769	1689	1752
1689	1635	1752
1769	1755	1689
1755	1594	1689
1769	1777	1755
1777	1832	1755
1777	1784	1832
1784	1955	1832
1955	1906	1832
1906	1836	1832
1906	1909	1836
1906	2003	1909
2003	1902	1909
2003	1926	1902
1926	1891	1902
1891	1855	1902
1855	1787	1902
1855	1791	1787
1791	1749	1787
1749	1711	1787
1711	1768	1787
1711	1666	1768
1666	1691	1768
1691	1836	1768
1666	1605	1691
1666	1584	1605
1584	1457	1605
1457	1420	1605
1420	1476	1605
1420	1357	1476
1357	1386	1476
1386	1521	1476
1386	1428	1521
1386	1295	1428
1386	1324	1295
1324	1251	1295
1324	1241	1251
1241	1166	1251
1166	1113	1251
1241	1160	1166
1324	1357	1241
1357	1288	1241
1357	1420	1288
1420	1457	1288
1457	1305	1288
1457	1406	1305
1406	1353	1305
1353	1218	1305
1353	1253	1218
1253	1220	1218
1253	1228	1220
1228	1145	1220
1145	1075	1220
1075	1059	1220
1228	1204	1145
1204	1124	1145
1204	1222	1124
1204	1228	1222
1406	1387	1353
1406	1488	1387
1406	1498	1488
1498	1555	1488
1555	1574	1488
1574	1546	1488
1546	1455	1488
1555	1666	1574
1555	1584	1666
1555	1498	1584
1498	1457	1584
1498	1406	1457
1324	1386	1357
1791	1686	1749
1686	1641	1749
1686	1655	1641
1686	1714	1655
1714	1747	1655
1714	1737	1747
1737	1796	1747
1737	1728	1796
1728	1838	1796
1728	1877	1838
1877	1941	1838
1877	1927	1941
1877	1926	1927
1877	1891	1926
1877	1791	1891
1791	1855	1891
1877	1728	1791
1728	1686	1791
1728	1709	1686
1709	1714	1686
1709	1737	1714
1709	1728	1737
1906	2033	2003
2033	2071	2003
2071	2061	2003
2071	2134	2061
2071	2163	2134
2163	2187	2134
2187	2152	2134
2163	2192	2187
2192	2239	2187
2192	2275	2239
2192	2231	2275
2231	2271	2275
2271	2403	2275
2403	2408	2275
2271	2402	2403
2402	2511	2403
2402	2536	2511
2402	2454	2536
2402	2419	2454
2419	2495	2454
2402	2307	2419
2307	2346	2419
2307	2245	2346
2245	2296	2346
2296	2329	2346
2296	2267	2329
2267	2325	2329
2267	2248	2325
2267	2182	2248
2267	2100	2182
2100	2092	2182
2092	2063	2182
2063	2142	2182
2063	2010	2142
2267	2144	2100
2144	2088	2100
2088	2081	2100
2081	2058	2100
2081	2028	2058
2081	2088	2028
2088	2087	2028
2087	1987	2028
1987	1919	2028
1987	1945	1919
1945	1822	1919
1822	1807	1919
1807	1842	1919
1822	1746	1807
1987	2013	1945
2013	1928	1945
2013	2078	1928
2078	1952	1928
1952	1955	1928
1955	1784	1928
1952	1963	1955
1963	2038	1955
2038	2032	1955
2032	1906	1955
2032	2033	1906
2032	2071	2033
2032	2038	2071
2038	2163	2071
2038	2121	2163
2121	2192	2163
2121	2141	2192
2141	2140	2192
2140	2231	2192
2140	2190	2231
2190	2243	2231
2243	2271	2231
2243	2307	2271
2307	2402	2271
2243	2245	2307
2243	2190	2245
2190	2174	2245
2174	2144	2245
2144	2296	2245
2144	2267	2296
2174	2087	2144
2087	2088	2144
2174	2190	2087
2190	2140	2087
2140	2013	2087
2013	1987	2087
2140	2078	2013
2140	2141	2078
2141	2121	2078
2121	2038	2078
2038	1952	2078
2038	1963	1952
1777	1769	1784
1029	911	1078
911	1067	1078
1029	945	911
1029	924	945
924	919	945
919	836	945
836	767	945
836	726	767
726	745	767
745	732	767
732	753	767
732	705	753
705	714	753
714	911	753
714	716	911
716	900	911
716	794	900
794	902	900
794	824	902
794	839	824
839	882	824
794	686	839
686	630	839
630	785	839
785	803	839
803	1012	839
803	955	1012
955	1028	1012
1028	1073	1012
1028	1081	1073
955	986	1028
785	746	803
785	621	746
785	630	621
630	561	621
561	555	621
555	527	621
527	517	621
527	392	517
392	353	517
794	696	686
696	525	686
794	716	696
705	636	714
636	560	714
636	524	560
524	461	560
524	445	461
524	426	445
426	351	445
426	393	351
393	304	351
705	732	636
745	726	732
919	870	836
870	770	836
870	898	770
898	764	770
764	715	770
764	692	715
692	598	715
692	615	598
615	588	598
588	570	598
588	551	570
551	509	570
551	533	509
551	611	533
551	615	611
615	652	611
615	692	652
692	721	652
721	697	652
692	764	721
764	752	721
764	786	752
764	889	786
889	814	786
889	854	814
854	819	814
889	939	854
889	924	939
924	1029	939
889	898	924
898	919	924
898	870	919
889	764	898
551	588	615
1062	938	939
1062	1002	938
1018	982	971
990	961	982
990	987	961
130	141	207
130	105	141
130	70	105
70	32	105
32	35	105
35	66	105
35	20	66
20	49	66
49	89	66
35	10	20
10	15	20
15	13	20
15	11	13
15	14	11
14	16	11
16	3	11
16	19	3
19	12	3
12	8	3
8	2	3
2	7	3
12	23	8
23	42	8
42	43	8
43	9	8
43	26	9
26	5	9
43	39	26
43	62	39
62	52	39
52	51	39
51	48	39
48	33	39
51	69	48
69	63	48
69	99	63
99	100	63
69	104	99
69	79	104
79	113	104
79	86	113
86	119	113
119	146	113
119	165	146
165	180	146
165	187	180
187	201	180
165	205	187
205	285	187
205	264	285
264	292	285
292	317	285
317	275	285
317	350	275
350	383	275
350	377	383
377	390	383
390	433	383
433	463	383
433	499	463
499	580	463
580	450	463
499	678	580
499	628	678
628	676	678
676	729	678
499	584	628
499	549	584
499	433	549
433	425	549
433	400	425
400	371	425
371	408	425
408	477	425
477	495	425
477	511	495
371	307	408
307	394	408
394	421	408
394	428	421
394	448	428
448	471	428
471	510	428
471	600	510
600	546	510
546	543	510
546	618	543
618	643	543
643	607	543
607	511	543
618	700	643
618	720	700
618	668	720
618	546	668
371	292	307
292	308	307
292	264	308
264	271	308
264	220	271
220	204	271
220	205	204
205	165	204
165	190	204
190	198	204
198	298	204
198	217	298
198	177	217
177	170	217
170	230	217
170	172	230
170	161	172
161	181	172
161	189	181
161	157	189
157	214	189
157	159	214
159	203	214
203	222	214
203	229	222
203	238	229
238	284	229
238	288	284
288	302	284
302	309	284
302	328	309
302	288	328
288	379	328
238	250	288
250	273	288
250	194	273
194	260	273
260	337	273
260	325	337
325	397	337
397	370	337
397	422	370
422	379	370
422	440	379
422	454	440
454	470	440
454	480	470
454	438	480
438	466	480
466	532	480
532	520	480
438	366	466
366	387	466
366	378	387
378	388	387
378	343	388
343	369	388
369	413	388
369	430	413
369	335	430
335	406	430
406	456	430
456	464	430
464	487	430
464	455	487
464	456	455
456	406	455
406	420	455
420	488	455
420	474	488
420	449	474
449	537	474
449	516	537
516	658	537
516	663	658
663	675	658
675	757	658
675	763	757
763	832	757
832	855	757
855	816	757
855	914	816
914	798	816
914	941	798
941	835	798
835	777	798
777	759	798
914	1011	941
914	1025	1011
1025	1076	1011
1025	1061	1076
1025	1057	1061
1025	989	1057
989	1038	1057
989	1049	1038
989	968	1049
968	1004	1049
1004	1108	1049
1004	1070	1108
1070	1098	1108
1098	1156	1108
1156	1139	1108
1156	1252	1139
1252	1250	1139
1156	1224	1252
1156	1197	1224
1197	1245	1224
1245	1302	1224
1245	1282	1302
1282	1339	1302
1339	1372	1302
1372	1367	1302
1372	1426	1367
1426	1460	1367
1460	1450	1367
1460	1491	1450
1460	1530	1491
1530	1633	1491
1633	1654	1491
1654	1508	1491
1633	1687	1654
1633	1675	1687
1675	1757	1687
1757	1873	1687
1757	1905	1873
1905	1911	1873
1911	1951	1873
1757	1903	1905
1675	1661	1757
1661	1772	1757
1772	1794	1757
1772	1845	1794
1661	1667	1772
1661	1554	1667
1554	1578	1667
1578	1648	1667
1661	1589	1554
1589	1530	1554
1530	1460	1554
1460	1426	1554
1589	1633	1530
1589	1675	1633
1589	1661	1675
1372	1339	1426
1282	1307	1339
1307	1375	1339
1307	1301	1375
1307	1182	1301
1182	1281	1301
1182	1244	1281
1244	1249	1281
1244	1182	1249
1182	1134	1249
1134	1200	1249
1134	1144	1200
1144	1229	1200
1229	1298	1200
1144	1149	1229
1144	1054	1149
1054	1125	1149
1054	1014	1125
1014	1102	1125
1102	1216	1125
1014	1021	1102
1014	993	1021
1014	933	993
933	903	993
1014	1000	933
1000	959	933
1000	952	959
1000	1096	952
1096	1017	952
1017	979	952
1017	1074	979
1074	969	979
969	850	979
969	949	850
949	818	850
818	783	850
783	795	850
783	709	795
783	756	709
756	665	709
665	710	709
665	684	710
684	805	710
684	693	805
693	812	805
812	857	805
857	903	805
693	707	812
693	614	707
614	671	707
671	737	707
693	562	614
562	538	614
538	563	614
563	531	614
563	482	531
563	538	482
538	505	482
505	479	482
479	483	482
483	407	482
483	515	407
515	516	407
516	449	407
449	376	407
376	372	407
372	398	407
398	431	407
398	404	431
398	361	404
361	339	404
339	373	404
361	336	339
336	296	339
296	312	339
296	241	312
241	237	312
241	206	237
241	179	206
179	184	206
184	147	206
147	166	206
184	118	147
118	109	147
118	114	109
118	91	114
91	82	114
241	192	179
192	156	179
156	142	179
156	145	142
145	136	142
145	192	136
192	234	136
192	239	234
192	243	239
243	272	239
272	332	239
332	330	239
332	355	330
355	374	330
374	293	330
293	278	330
293	274	278
274	232	278
232	234	278
232	160	234
274	224	232
274	258	224
258	225	224
258	263	225
263	261	225
261	218	225
261	226	218
226	242	218
242	208	218
208	173	218
173	154	218
173	162	154
162	110	154
110	101	154
101	95	154
95	83	154
83	134	154
134	152	154
134	106	152
106	140	152
140	160	152
140	136	160
134	78	106
78	60	106
60	67	106
60	55	67
55	53	67
53	59	67
59	76	67
53	34	59
34	17	59
17	22	59
17	70	22
17	32	70
17	34	32
34	10	32
10	35	32
34	28	10
28	15	10
28	37	15
37	24	15
24	14	15
24	16	14
24	19	16
24	21	19
21	12	19
21	40	12
40	23	12
40	42	23
40	64	42
64	68	42
68	57	42
57	43	42
57	65	43
65	62	43
65	81	62
81	73	62
73	52	62
73	69	52
69	51	52
73	79	69
73	86	79
73	93	86
93	119	86
93	125	119
125	165	119
125	129	165
125	93	129
93	98	129
98	138	129
138	151	129
151	190	129
151	177	190
177	198	190
151	170	177
151	161	170
151	150	161
150	139	161
139	157	161
139	148	157
148	159	157
148	167	159
167	203	159
167	200	203
200	238	203
200	223	238
223	250	238
223	194	250
223	188	194
188	164	194
164	193	194
193	233	194
233	260	194
233	252	260
252	325	260
252	349	325
349	366	325
366	368	325
368	397	325
368	438	397
438	454	397
454	422	397
368	366	438
349	378	366
349	338	378
338	343	378
338	316	343
316	326	343
326	369	343
326	327	369
327	335	369
327	321	335
321	268	335
268	293	335
293	374	335
374	406	335
374	420	406
374	355	420
355	359	420
359	449	420
359	376	449
359	364	376
364	365	376
365	372	376
365	361	372
361	398	372
365	336	361
365	364	336
364	332	336
332	272	336
272	296	336
272	241	296
272	243	241
243	192	241
364	359	332
359	355	332
268	274	293
268	258	274
268	263	258
268	321	263
321	327	263
327	326	263
326	261	263
326	280	261
280	256	261
256	226	261
256	242	226
256	316	242
316	252	242
252	208	242
252	233	208
233	202	208
202	185	208
185	171	208
171	173	208
171	162	173
171	185	162
185	121	162
121	110	162
121	112	110
112	61	110
61	101	110
61	71	101
71	95	101
71	83	95
71	47	83
47	78	83
78	134	83
47	60	78
47	55	60
47	37	55
37	53	55
37	34	53
37	28	34
47	46	37
46	24	37
46	41	24
41	21	24
41	40	21
41	61	40
61	64	40
61	97	64
97	68	64
97	88	68
88	57	68
88	90	57
90	72	57
72	65	57
72	94	65
94	81	65
94	84	81
84	98	81
98	73	81
98	93	73
84	102	98
102	115	98
115	138	98
115	135	138
135	150	138
150	151	138
135	139	150
135	115	139
84	94	102
94	120	102
94	103	120
103	126	120
126	153	120
126	163	153
163	169	153
169	167	153
167	148	153
169	183	167
183	200	167
183	223	200
183	188	223
183	163	188
163	164	188
163	131	164
131	117	164
117	127	164
127	193	164
127	185	193
185	202	193
202	233	193
127	121	185
127	112	121
127	117	112
117	97	112
97	61	112
117	88	97
117	96	88
96	90	88
96	103	90
103	94	90
94	72	90
96	126	103
96	131	126
131	163	126
96	117	131
183	169	163
41	46	61
46	71	61
46	47	71
316	349	252
316	338	349
256	280	316
280	326	316
145	156	192
515	659	516
659	663	516
659	695	663
695	727	663
727	675	663
727	763	675
727	837	763
837	832	763
837	907	832
907	855	832
907	908	855
908	914	855
908	989	914
989	1025	914
908	968	989
908	917	968
917	964	968
964	1004	968
964	1023	1004
1023	1070	1004
1023	1109	1070
1109	1120	1070
1120	1098	1070
1120	1156	1098
1120	1197	1156
1120	1203	1197
1203	1245	1197
1203	1282	1245
1203	1194	1282
1194	1307	1282
1194	1182	1307
1194	1096	1182
1096	1134	1182
1096	1054	1134
1054	1144	1134
1096	1000	1054
1000	1014	1054
1194	1074	1096
1074	1017	1096
1194	1109	1074
1109	1023	1074
1023	949	1074
949	969	1074
1023	964	949
964	866	949
866	818	949
866	817	818
817	756	818
756	783	818
817	723	756
723	665	756
723	624	665
624	627	665
627	684	665
627	644	684
644	693	684
644	562	693
644	623	562
623	609	562
609	505	562
505	538	562
609	501	505
501	479	505
501	483	479
501	515	483
501	659	515
501	609	659
609	695	659
609	623	695
623	723	695
723	727	695
723	821	727
821	847	727
847	837	727
847	893	837
893	907	837
893	917	907
917	908	907
893	964	917
893	866	964
893	847	866
847	821	866
821	817	866
821	723	817
623	624	723
623	644	624
644	627	624
1194	1203	1109
1203	1120	1109
220	264	205
371	317	292
371	350	317
371	377	350
371	400	377
400	390	377
400	433	390
130	111	70
58	91	85
736	768	737
768	790	737
768	841	790
841	879	790
879	897	790
879	896	897
879	967	896
967	1007	896
879	863	967
863	932	967
863	872	932
863	782	872
863	841	782
863	879	841
918	857	897
677	702	642
815	806	720
1036	994	891
1136	1147	1036
1136	1227	1147
1136	1207	1227
1207	1234	1227
1234	1322	1227
1234	1255	1322
1136	1133	1207
860	806	867
799	788	729
251	201	275
56	116	92
56	128	116
128	195	116
56	77	128
92	80	56
74	87	133
132	227	176
144	240	215
212	291	313
291	329	313
212	176	291
212	182	176
257	282	290
259	352	265
265	195	259
259	344	352
259	276	344
286	297	381
297	386	381
386	429	381
297	402	386
289	395	315
289	356	395
356	446	395
356	357	446
357	418	446
357	340	418
340	410	418
357	356	340
306	334	347
322	403	345
403	436	345
436	402	345
358	451	396
451	468	396
358	399	451
375	447	441
447	518	441
415	554	508
508	447	415
424	467	492
435	506	496
528	572	578
528	585	572
572	604	578
604	699	578
544	552	564
564	638	544
564	649	638
649	771	638
771	690	638
649	813	771
564	552	649
552	682	649
548	575	605
548	574	575
574	632	575
632	605	575
632	622	605
566	681	653
576	667	601
667	698	601
698	617	601
619	669	629
646	751	760
651	706	749
706	853	749
661	831	823
831	849	823
849	999	823
999	804	823
999	954	804
954	825	804
825	780	804
999	1129	954
999	1171	1129
1171	1331	1129
1331	1286	1129
1286	1236	1129
1331	1505	1286
1331	1496	1505
1331	1422	1496
1422	1619	1496
1331	1199	1422
1331	1171	1199
831	776	849
722	842	779
735	846	773
846	923	773
923	775	773
775	740	773
740	735	773
769	884	895
884	976	895
976	958	895
976	1010	958
884	953	976
953	1080	976
774	974	951
974	985	951
778	793	807
801	840	838
826	1006	887
1006	1020	887
1006	1164	1020
845	871	948
871	960	948
864	927	943
883	920	946
890	1009	998
1009	1097	998
892	984	928
892	934	984
934	1033	984
934	1093	1033
934	1040	1093
1040	1137	1093
899	970	925
899	1034	970
899	923	1034
912	1045	1001
912	973	1045
935	1046	1077
1077	997	935
947	957	1022
1022	1100	947
1022	1118	1100
956	1039	1110
1039	1175	1110
1039	1153	1175
988	1037	1043
1042	1087	1131
1042	1001	1087
1042	842	1001
1087	1177	1131
1087	1198	1177
1198	1377	1177
1131	1094	1042
1131	1115	1094
1115	1080	1094
1112	1328	1268
1268	1187	1112
1268	1381	1187
1381	1169	1187
1169	1174	1187
1169	1034	1174
1381	1237	1169
1381	1356	1237
1356	1283	1237
1356	1409	1283
1356	1542	1409
1356	1381	1542
1381	1538	1542
1140	1178	1254
1178	1349	1254
1178	1365	1349
1365	1371	1349
1365	1446	1371
1446	1504	1371
1504	1468	1371
1504	1571	1468
1571	1536	1468
1536	1501	1468
1536	1646	1501
1536	1571	1646
1178	1284	1365
1165	1167	1256
1167	1323	1256
1323	1378	1256
1323	1391	1378
1391	1443	1378
1391	1478	1443
1478	1572	1443
1478	1560	1572
1560	1616	1572
1478	1466	1560
1478	1391	1466
1391	1385	1466
1391	1323	1385
1323	1275	1385
1172	1300	1221
1186	1189	1363
1363	1398	1186
1398	1299	1186
1299	1192	1186
1299	1289	1192
1299	1522	1289
1299	1427	1522
1427	1704	1522
1704	1664	1522
1299	1398	1427
1398	1643	1427
1398	1516	1643
1516	1759	1643
1759	1815	1643
1815	1823	1643
1823	1727	1643
1823	1704	1727
1823	1977	1704
1823	2027	1977
2027	2089	1977
2089	2053	1977
2053	2050	1977
2050	2000	1977
2050	2068	2000
2068	1931	2000
1931	1786	2000
2068	2155	1931
2068	2162	2155
2162	2236	2155
2162	2183	2236
2183	2401	2236
2401	2370	2236
2401	2531	2370
2531	2558	2370
2558	2484	2370
2558	2497	2484
2558	2709	2497
2558	2761	2709
2761	2796	2709
2796	2721	2709
2761	2929	2796
2929	2972	2796
2929	3039	2972
2761	2832	2929
2761	2766	2832
2761	2558	2766
2183	2301	2401
2301	2379	2401
2379	2481	2401
2301	2304	2379
2183	2089	2301
2183	2053	2089
2183	2050	2053
2183	2162	2050
2162	2068	2050
1823	2035	2027
1823	1851	2035
1823	1815	1851
1398	1363	1516
1363	1437	1516
1196	1230	1319
1196	1020	1230
1020	1235	1230
1235	1354	1230
1235	1258	1354
1258	1392	1354
1392	1497	1354
1497	1475	1354
1497	1708	1475
1708	1701	1475
1708	1830	1701
1830	1756	1701
1708	1677	1830
1677	1901	1830
1677	1685	1901
1677	1587	1685
1587	1626	1685
1587	1399	1626
1399	1561	1626
1399	1413	1561
1587	1392	1399
1392	1164	1399
1392	1258	1164
1587	1497	1392
1587	1677	1497
1677	1708	1497
1235	1020	1258
1196	1040	1020
1248	1390	1384
1390	1515	1384
1515	1441	1384
1515	1586	1441
1586	1543	1441
1543	1431	1441
1543	1563	1431
1543	1624	1563
1624	1700	1563
1700	1622	1563
1543	1625	1624
1625	1783	1624
1543	1586	1625
1515	1606	1586
1390	1432	1515
1270	1351	1321
1270	1325	1351
1270	1168	1325
1291	1366	1368
1291	1355	1366
1344	1411	1440
1411	1512	1440
1512	1519	1440
1512	1567	1519
1345	1362	1401
1401	1425	1345
1401	1459	1425
1401	1502	1459
1401	1548	1502
1350	1465	1464
1359	1500	1376
1379	1415	1389
1415	1493	1389
1493	1506	1389
1493	1580	1506
1402	1486	1462
1486	1547	1462
1547	1592	1462
1547	1760	1592
1486	1744	1547
1486	1570	1744
1570	1721	1744
1570	1732	1721
1570	1672	1732
1486	1511	1570
1418	1573	1424
1573	1499	1424
1419	1559	1444
1451	1461	1566
1461	1582	1566
1582	1608	1566
1582	1674	1608
1674	1722	1608
1722	1636	1608
1674	1782	1722
1582	1569	1674
1569	1651	1674
1569	1615	1651
1615	1736	1651
1569	1463	1615
1463	1540	1615
1463	1517	1540
1517	1564	1540
1582	1461	1569
1454	1603	1562
1603	1576	1562
1458	1585	1579
1585	1719	1579
1467	1551	1565
1551	1665	1565
1467	1492	1551
1481	1611	1490
1611	1507	1490
1495	1539	1652
1539	1568	1652
1568	1763	1652
1763	1835	1652
1835	1693	1652
1693	1495	1652
1568	1724	1763
1724	1817	1763
1724	1565	1817
1503	1657	1510
1657	1609	1510
1657	1723	1609
1723	1663	1609
1657	1761	1723
1509	1637	1668
1637	1826	1668
1826	1739	1668
1739	1509	1668
1826	1899	1739
1899	1827	1739
1827	1754	1739
1827	1916	1754
1916	1767	1754
1827	1899	1916
1826	1939	1899
1939	2076	1899
1826	1959	1939
1637	1612	1826
1526	1602	1604
1534	1659	1549
1549	1533	1534
1534	1650	1659
1650	1764	1659
1764	1713	1659
1764	1751	1713
1751	1729	1713
1751	1804	1729
1537	1805	1541
1805	1583	1541
1805	1705	1583
1705	1588	1583
1537	1642	1805
1642	1854	1805
1590	1628	1778
1628	1765	1778
1765	1923	1778
1923	1816	1778
1591	1610	1629
1629	1707	1591
1610	1647	1629
1647	1834	1629
1647	1770	1834
1770	1969	1834
1770	1841	1969
1841	2001	1969
1841	2044	2001
1841	1991	2044
1770	1745	1841
1745	1771	1841
1745	1638	1771
1770	1679	1745
1770	1647	1679
1593	1632	1683
1599	1808	1750
1600	1725	1740
1600	1799	1725
1600	1698	1799
1698	1809	1799
1809	1960	1799
1809	1962	1960
1809	1944	1962
1944	1970	1962
1970	2030	1962
1809	1864	1944
1864	1946	1944
1864	1910	1946
1864	1742	1910
1809	1695	1864
1809	1698	1695
1614	1856	1848
1856	1966	1848
1856	1993	1966
1630	1631	1690
1634	1731	1710
1639	1837	1862
1640	1806	1795
1806	1920	1795
1920	1874	1795
1874	1761	1795
1806	1948	1920
1806	1844	1948
1662	1718	1699
1699	1580	1662
1669	1694	1715
1673	1859	1682
1859	1904	1682
1859	1954	1904
1954	2069	1904
2069	2157	1904
2157	1975	1904
2157	2156	1975
2157	2276	2156
2157	2350	2276
2350	2447	2276
2350	2441	2447
2441	2538	2447
2538	2630	2447
2538	2693	2630
2693	2706	2630
2693	2856	2706
2856	2906	2706
2693	2744	2856
2744	2800	2856
2800	3069	2856
3069	3117	2856
3069	3166	3117
3166	3352	3117
3352	3380	3117
3380	3293	3117
3380	3385	3293
3385	3261	3293
3261	3167	3293
3261	3183	3167
3183	3127	3167
3127	2946	3167
3183	2912	3127
3261	3318	3183
3318	3311	3183
3380	3434	3385
3434	3540	3385
3540	3651	3385
3166	3351	3352
3069	3137	3166
3069	3072	3137
3072	3171	3137
3072	3079	3171
3079	3228	3171
3228	3331	3171
3079	3132	3228
3079	3031	3132
3079	2966	3031
2966	2927	3031
2966	2763	2927
2763	2836	2927
2836	2879	2927
2836	2716	2879
2716	2808	2879
2808	3018	2879
2808	2976	3018
2808	2782	2976
2782	2758	2976
2808	2653	2782
2808	2716	2653
2966	2835	2763
2966	3004	2835
3004	3069	2835
3069	2800	2835
3004	3072	3069
3004	3079	3072
3004	2966	3079
2350	2395	2441
2350	2206	2395
2206	2277	2395
2206	2233	2277
2233	2201	2277
2233	2207	2201
2207	2069	2201
2207	2206	2069
2206	2157	2069
2206	2350	2157
2207	2233	2206
1696	1850	1849
1702	1797	1712
1797	1819	1712
1819	1820	1712
1820	1829	1712
1820	1868	1829
1868	1857	1829
1820	1819	1868
1797	1802	1819
1802	1812	1819
1802	1798	1812
1798	1953	1812
1798	1726	1953
1726	1885	1953
1798	1716	1726
1797	1792	1802
1797	1702	1792
1703	1884	1706
1741	1912	1780
1741	1882	1912
1882	2098	1912
1882	1929	2098
1929	2168	2098
2168	2222	2098
2222	2249	2098
2249	2323	2098
2249	2363	2323
2363	2502	2323
2502	2316	2323
2363	2438	2502
2438	2650	2502
2438	2472	2650
2438	2452	2472
2452	2476	2472
2476	2503	2472
2476	2470	2503
2476	2452	2470
2452	2384	2470
2452	2222	2384
2222	2168	2384
2168	2228	2384
2228	2299	2384
2299	2480	2384
2452	2438	2222
2438	2249	2222
2438	2363	2249
1748	1880	1811
1880	1887	1811
1880	1956	1887
1956	1985	1887
1748	1828	1880
1788	1825	1852
1801	1988	1958
1988	2034	1958
2034	2079	1958
2079	1994	1958
2079	2110	1994
2110	2082	1994
2082	1995	1994
1995	1854	1994
2082	2041	1995
2082	2214	2041
2214	2111	2041
1803	1986	1982
1986	2060	1982
2060	2143	1982
2143	2133	1982
2133	2067	1982
2060	2227	2143
2060	2167	2227
2167	2302	2227
2167	2344	2302
2060	2039	2167
2039	2051	2167
2060	1986	2039
1831	1997	1961
1858	1875	1907
1861	1913	1893
1893	1715	1861
1913	1949	1893
1861	1881	1913
1881	1898	1913
1898	2093	1913
2093	2084	1913
1865	1869	2026
1890	1971	1934
1890	1972	1971
1915	2005	2164
2005	2185	2164
2185	2279	2164
2185	2410	2279
2410	2448	2279
2410	2522	2448
2410	2435	2522
2005	2055	2185
2055	2108	2185
2055	2025	2108
2025	2166	2108
2164	2077	1915
2164	2117	2077
2117	2153	2077
2153	2035	2077
2117	2164	2153
1918	1992	1964
1964	1901	1918
1964	1992	1901
1992	2137	1901
1992	2086	2137
1992	1918	2086
1930	2004	2048
2004	2066	2048
2004	2029	2066
2029	2161	2066
2029	1979	2161
1979	2171	2161
2171	2254	2161
2171	2319	2254
2171	2348	2319
2348	2465	2319
2465	2451	2319
2465	2524	2451
2524	2653	2451
2653	2492	2451
2465	2682	2524
2465	2562	2682
2562	2684	2682
2684	2809	2682
2809	2711	2682
2809	2758	2711
2465	2479	2562
2479	2489	2562
2004	1760	2029
1935	1996	1973
1996	2052	1973
1937	1976	2024
2024	2057	1937
1937	1805	1976
1805	1924	1976
1924	2041	1976
1924	1932	2041
1983	2147	2165
2147	2261	2165
2147	2312	2261
2312	2416	2261
2416	2501	2261
2416	2543	2501
2147	2124	2312
2147	1983	2124
2014	2220	2097
2015	2094	2139
2094	2208	2139
2208	2184	2139
2184	2197	2139
2197	2195	2139
2195	2064	2139
2017	2043	2119
2056	2074	2059
2074	2175	2059
2073	2148	2170
2073	2130	2148
2073	2104	2130
2104	2136	2130
2170	2177	2073
2091	2159	2224
2159	2314	2224
2159	2241	2314
2159	2198	2241
2198	2160	2241
2160	2285	2241
2285	2475	2241
2160	2216	2285
2216	2265	2285
2216	2262	2265
2216	2176	2262
2198	2159	2160
2101	2273	2204
2273	2374	2204
2126	2209	2238
2131	2210	2247
2210	2467	2247
2467	2461	2247
2461	2437	2247
2132	2226	2266
2135	2291	2191
2291	2365	2191
2365	2426	2191
2365	2581	2426
2581	2424	2426
2581	2647	2424
2647	2607	2424
2647	2664	2607
2664	2850	2607
2850	2600	2607
2850	2871	2600
2871	2793	2600
2793	2559	2600
2559	2540	2600
2559	2529	2540
2529	2475	2540
2871	2893	2793
2893	2975	2793
2893	3120	2975
3120	3206	2975
3206	2979	2975
3206	3017	2979
3017	2751	2979
3017	2775	2751
2775	2662	2751
3017	3015	2775
3017	3184	3015
3184	3185	3015
3017	3206	3184
3120	3314	3206
3314	3443	3206
2893	3109	3120
2893	3040	3109
3040	3164	3109
3040	2980	3164
2980	3138	3164
3040	2903	2980
2903	2850	2980
2850	2827	2980
2850	2664	2827
2664	2647	2827
2647	2581	2827
2581	2845	2827
2581	2846	2845
2846	2848	2845
2846	2917	2848
2846	2801	2917
2801	2870	2917
2801	2774	2870
2801	2580	2774
2580	2547	2774
2547	2534	2774
2547	2456	2534
2547	2365	2456
2365	2291	2456
2547	2580	2365
2580	2581	2365
2580	2801	2581
2801	2846	2581
2903	2871	2850
2903	2893	2871
2903	3040	2893
2135	2097	2291
2151	2303	2317
2317	2382	2151
2382	2166	2151
2382	2392	2166
2382	2462	2392
2151	2044	2303
2044	2223	2303
2169	2230	2280
2230	2270	2280
2230	2336	2270
2230	2274	2336
2172	2309	2300
2309	2324	2300
2309	2364	2324
2364	2331	2324
2364	2498	2331
2179	2332	2219
2219	2201	2179
2181	2235	2194
2181	2149	2235
2149	2253	2235
2253	2272	2235
2272	2434	2235
2434	2412	2235
2412	2194	2235
2412	2256	2194
2412	2404	2256
2404	2294	2256
2294	2240	2256
2404	2489	2294
2272	2482	2434
2272	2499	2482
2499	2637	2482
2272	2253	2499
2149	2196	2253
2196	2297	2253
2196	2120	2297
2188	2244	2286
2286	2189	2188
2286	2320	2189
2320	2215	2189
2320	2251	2215
2251	2193	2215
2251	2310	2193
2251	2320	2310
2320	2473	2310
2199	2444	2211
2444	2406	2211
2200	2422	2318
2422	2306	2318
2306	2281	2318
2422	2556	2306
2556	2366	2306
2366	2282	2306
2556	2569	2366
2569	2544	2366
2544	2399	2366
2544	2570	2399
2544	2626	2570
2626	2656	2570
2656	2485	2570
2544	2644	2626
2544	2569	2644
2569	2738	2644
2738	2834	2644
2738	2874	2834
2874	2971	2834
2874	3064	2971
2874	3021	3064
3021	3142	3064
2874	2869	3021
2874	2738	2869
2569	2556	2738
2422	2576	2556
2422	2605	2576
2200	2316	2422
2203	2339	2443
2203	2119	2339
2339	2417	2443
2417	2460	2443
2218	2343	2356
2232	2358	2360
2252	2308	2292
2308	2373	2292
2373	2456	2292
2292	2220	2252
2264	2288	2376
2264	2137	2288
2288	2398	2376
2398	2539	2376
2539	2480	2376
2539	2583	2480
2539	2660	2583
2660	2825	2583
2825	2826	2583
2825	2986	2826
2986	2880	2826
2825	3013	2986
2825	2733	3013
2825	2660	2733
2398	2604	2539
2398	2463	2604
2463	2573	2604
2295	2330	2340
2330	2425	2340
2330	2415	2425
2330	2389	2415
2389	2517	2415
2389	2557	2517
2313	2453	2397
2315	2505	2326
2326	2238	2315
2315	2525	2505
2315	2507	2525
2354	2394	2542
2394	2563	2542
2563	2641	2542
2641	2651	2542
2563	2611	2641
2355	2436	2420
2436	2545	2420
2359	2411	2386
2359	2490	2411
2490	2561	2411
2561	2488	2411
2488	2468	2411
2468	2386	2411
2468	2405	2386
2405	2332	2386
2405	2393	2332
2405	2468	2393
2468	2568	2393
2568	2509	2393
2371	2469	2439
2439	2378	2371
2375	2418	2396
2418	2477	2396
2477	2413	2396
2477	2449	2413
2418	2519	2477
2418	2458	2519
2418	2387	2458
2418	2375	2387
2446	2646	2455
2646	2458	2455
2466	2606	2474
2606	2453	2474
2478	2500	2532
2500	2710	2532
2710	2730	2532
2730	2701	2532
2701	2621	2532
2701	2690	2621
2701	2803	2690
2701	2730	2803
2730	2854	2803
2730	2866	2854
2866	3012	2854
2866	3050	3012
2730	2710	2866
2500	2498	2710
2483	2694	2594
2694	2648	2594
2648	2729	2594
2487	2610	2627
2610	2778	2627
2778	2813	2627
2494	2657	2663
2657	2741	2663
2657	2777	2741
2777	2904	2741
2514	2640	2593
2640	2667	2593
2667	2634	2593
2634	2566	2593
2634	2625	2566
2625	2658	2566
2658	2473	2566
2658	2645	2473
2645	2526	2473
2526	2491	2473
2658	2833	2645
2833	2877	2645
2877	2883	2645
2658	2841	2833
2625	2634	2658
2640	2719	2667
2527	2582	2718
2582	2590	2718
2590	2677	2718
2677	2838	2718
2530	2554	2541
2535	2736	2598
2736	2675	2598
2736	2843	2675
2535	2616	2736
2616	2767	2736
2616	2724	2767
2724	2862	2767
2616	2633	2724
2633	2717	2724
2717	2789	2724
2633	2629	2717
2546	2669	2659
2546	2572	2669
2572	2727	2669
2546	2460	2572
2564	2577	2707
2574	2728	2631
2578	2617	2742
2584	2614	2712
2614	2759	2712
2759	2902	2712
2902	2907	2712
2907	2888	2712
2888	2688	2712
2688	2584	2712
2888	2868	2688
2868	2643	2688
2868	2792	2643
2888	2994	2868
2994	2955	2868
2902	2968	2907
2968	3107	2907
2902	2759	2968
2759	2945	2968
2759	2805	2945
2759	2723	2805
2723	2775	2805
2759	2614	2723
2586	2674	2678
2587	2755	2704
2588	2612	2592
2612	2798	2592
2798	2591	2592
2589	2595	2666
2595	2680	2666
2603	2623	2628
2623	2748	2628
2748	2720	2628
2623	2700	2748
2700	2816	2748
2700	2821	2816
2608	2705	2839
2609	2635	2752
2635	2753	2752
2753	2925	2752
2753	2788	2925
2753	2714	2788
2753	2635	2714
2622	2757	2679
2757	2780	2679
2624	2746	2654
2624	2708	2746
2708	2878	2746
2708	2872	2878
2872	3052	2878
3052	3045	2878
3052	3253	3045
2632	2673	2689
2689	2714	2632
2673	2930	2689
2673	2794	2930
2632	2522	2673
2638	2762	2772
2762	2939	2772
2939	2773	2772
2762	2919	2939
2919	2997	2939
2997	3062	2939
3062	3036	2939
3062	3218	3036
3062	3249	3218
3062	3121	3249
3121	3224	3249
3121	3076	3224
3076	3271	3224
3076	3175	3271
3175	3239	3271
3175	3242	3239
3242	3391	3239
3175	3136	3242
3136	3156	3242
3156	3108	3242
3156	3024	3108
3024	3016	3108
3156	3136	3024
3136	3076	3024
3076	2901	3024
3076	3038	2901
3076	3121	3038
3121	2997	3038
2997	2919	3038
3121	3062	2997
3136	3175	3076
2649	2735	2747
2735	2885	2747
2735	2806	2885
2806	2915	2885
2915	3091	2885
2915	2969	3091
2806	2787	2915
2747	2617	2649
2695	2807	2851
2807	2858	2851
2858	2899	2851
2899	2774	2851
2699	2804	2911
2699	2637	2804
2804	2995	2911
2995	3103	2911
2995	2992	3103
2995	2804	2992
2804	2890	2992
2713	2770	2781
2750	2857	2961
2768	2896	2926
2896	2953	2926
2953	3043	2926
3043	2923	2926
2953	3113	3043
2784	2887	2786
2887	2897	2786
2887	2990	2897
2887	2909	2990
2887	2784	2909
2791	2920	3003
3003	3008	2791
2920	3122	3003
2799	2865	2861
2865	3028	2861
3028	2993	2861
2993	2864	2861
2811	2964	2977
2964	2999	2977
2999	2988	2977
2988	2811	2977
2999	3240	2988
2815	2892	2822
2822	2650	2815
2892	2881	2822
2823	2965	2991
2823	2908	2965
2908	3041	2965
2965	3106	2991
3106	3073	2991
3073	3029	2991
3073	3151	3029
3073	3210	3151
3210	3279	3151
2828	2931	2949
2828	2830	2931
2830	2962	2931
2962	2949	2931
2962	3027	2949
2962	3009	3027
2962	2938	3009
2962	2830	2938
2949	2873	2828
2949	2950	2873
2852	2853	2924
2863	3046	3083
2863	3000	3046
3000	3247	3046
3247	3083	3046
2882	2974	2996
2894	3022	2918
2894	3019	3022
2894	2984	3019
2900	2956	2922
2910	3165	2954
2910	3032	3165
3032	3063	3165
2936	2959	2941
2937	2958	3010
2948	3173	3096
2948	2911	3173
2957	3037	3086
3086	3054	2957
2973	3025	3060
2987	3169	3140
3169	3232	3140
3232	3252	3140
3169	3412	3232
3169	3355	3412
3355	3582	3412
3582	3590	3412
3582	3685	3590
3685	3878	3590
3355	3441	3582
3355	3277	3441
3277	3445	3441
3277	3428	3445
3428	3523	3445
3428	3431	3523
3431	3584	3523
3584	3700	3523
3584	3627	3700
3627	3705	3700
3627	3669	3705
3669	3765	3705
3765	3843	3705
3627	3602	3669
3602	3613	3669
3613	3774	3669
3602	3486	3613
3602	3521	3486
3521	3371	3486
3521	3373	3371
3373	3294	3371
3602	3584	3521
3602	3627	3584
3431	3409	3584
3431	3428	3409
3428	3277	3409
3277	3278	3409
3277	3190	3278
3277	3159	3190
3159	2892	3190
3277	3355	3159
3355	3169	3159
3023	3116	3118
3116	3198	3118
3047	3051	3133
3051	3174	3133
3133	3143	3047
3143	3122	3047
3133	3269	3143
3048	3150	3119
3053	3081	3158
3055	3092	3216
3092	3256	3216
3092	3192	3256
3192	3414	3256
3192	3222	3414
3057	3114	3085
3059	3149	3170
3066	3263	3067
3067	2924	3066
3263	3063	3067
3066	3213	3263
3213	3297	3263
3297	3394	3263
3394	3376	3263
3376	3334	3263
3376	3457	3334
3376	3394	3457
3068	3110	3200
3071	3231	3154
3231	3202	3154
3231	3343	3202
3343	3426	3202
3426	3420	3202
3420	3365	3202
3420	3494	3365
3494	3243	3365
3494	3419	3243
3494	3477	3419
3494	3564	3477
3564	3603	3477
3564	3655	3603
3564	3645	3655
3645	3727	3655
3645	3877	3727
3564	3589	3645
3564	3494	3589
3494	3420	3589
3231	3335	3343
3335	3429	3343
3231	3360	3335
3231	3107	3360
3231	3071	3107
3080	3282	3196
3282	3296	3196
3296	3292	3196
3292	3219	3196
3219	3144	3196
3282	3307	3296
3282	3322	3307
3082	3124	3089
3082	2990	3124
3124	3245	3089
3245	3201	3089
3245	3387	3201
3089	2890	3082
3093	3217	3214
3112	3152	3135
3126	3193	3187
3193	3204	3187
3193	3153	3204
3153	3287	3204
3128	3281	3234
3281	3324	3234
3324	3288	3234
3324	3398	3288
3130	3244	3308
3244	3418	3308
3418	3538	3308
3538	3503	3308
3503	3384	3308
3384	3230	3308
3230	3130	3308
3418	3498	3538
3498	3550	3538
3550	3614	3538
3498	3561	3550
3561	3630	3550
3561	3791	3630
3791	3876	3630
3876	3812	3630
3791	4006	3876
3561	3535	3791
3535	3628	3791
3628	3761	3791
3761	3835	3791
3561	3432	3535
3561	3498	3432
3134	3317	3180
3317	3290	3180
3290	3258	3180
3258	3113	3180
3258	3176	3113
3145	3197	3147
3146	3181	3255
3181	3267	3255
3148	3321	3229
3161	3212	3194
3163	3221	3237
3178	3227	3272
3179	3350	3220
3189	3268	3366
3268	3300	3366
3300	3438	3366
3438	3531	3366
3438	3528	3531
3438	3421	3528
3438	3304	3421
3304	3444	3421
3304	3387	3444
3387	3568	3444
3438	3300	3304
3203	3250	3298
3250	3411	3298
3250	3383	3411
3205	3333	3400
3333	3542	3400
3542	3458	3400
3542	3493	3458
3208	3276	3275
3276	3325	3275
3276	3522	3325
3211	3283	3329
3283	3357	3329
3357	3440	3329
3440	3486	3329
3357	3359	3440
3359	3464	3440
3246	3337	3289
3337	3488	3289
3488	3417	3289
3337	3425	3488
3425	3515	3488
3425	3439	3515
3439	3525	3515
3525	3621	3515
3525	3580	3621
3525	3574	3580
3525	3452	3574
3525	3439	3452
3439	3342	3452
3439	3425	3342
3274	3347	3361
3347	3451	3361
3347	3406	3451
3406	3541	3451
3541	3563	3451
3563	3532	3451
3563	3607	3532
3541	3672	3563
3541	3581	3672
3581	3586	3672
3586	3732	3672
3732	3749	3672
3749	3784	3672
3732	3840	3749
3732	3855	3840
3732	3912	3855
3732	3762	3912
3762	3918	3912
3918	3974	3912
3974	4074	3912
3918	3926	3974
3918	3762	3926
3762	3815	3926
3815	3817	3926
3817	3867	3926
3815	3734	3817
3586	3594	3732
3280	3393	3349
3393	3469	3349
3469	3472	3349
3469	3505	3472
3505	3578	3472
3578	3516	3472
3516	3504	3472
3504	3404	3472
3504	3398	3404
3578	3662	3516
3578	3646	3662
3646	3751	3662
3751	3684	3662
3751	3721	3684
3721	3713	3684
3721	3766	3713
3766	3709	3713
3766	3798	3709
3766	3856	3798
3856	3779	3798
3856	3868	3779
3868	3788	3779
3788	3731	3779
3788	3736	3731
3736	3668	3731
3736	3622	3668
3622	3514	3668
3622	3605	3514
3605	3467	3514
3467	3449	3514
3467	3492	3449
3492	3377	3449
3377	3279	3449
3492	3507	3377
3507	3478	3377
3478	3287	3377
3478	3484	3287
3492	3545	3507
3545	3548	3507
3545	3623	3548
3623	3663	3548
3623	3736	3663
3736	3768	3663
3768	3778	3663
3778	3686	3663
3686	3617	3663
3686	3639	3617
3639	3546	3617
3546	3487	3617
3487	3484	3617
3639	3640	3546
3640	3547	3546
3547	3496	3546
3547	3553	3496
3547	3640	3553
3640	3712	3553
3640	3743	3712
3743	3792	3712
3743	3807	3792
3743	3880	3807
3880	3981	3807
3880	3928	3981
3928	4052	3981
4052	4120	3981
4052	4165	4120
4165	4159	4120
4159	4157	4120
4157	4116	4120
4157	4188	4116
4188	4153	4116
4153	4108	4116
4108	4064	4116
4064	3927	4116
4064	3945	3927
3945	3915	3927
3945	3873	3915
3945	3980	3873
3980	3966	3873
3980	4017	3966
3980	4066	4017
4066	4201	4017
4066	4220	4201
4220	4244	4201
4244	4265	4201
4244	4355	4265
4355	4362	4265
4362	4357	4265
4357	4221	4265
4357	4257	4221
4257	4168	4221
4257	4205	4168
4257	4356	4205
4257	4403	4356
4403	4384	4356
4384	4294	4356
4384	4381	4294
4381	4354	4294
4354	4223	4294
4223	4259	4294
4223	4068	4259
4223	4077	4068
4077	3976	4068
3976	4084	4068
3976	3814	4084
3976	3903	3814
3903	3786	3814
3786	3745	3814
3745	3619	3814
3619	3626	3814
3786	3754	3745
3786	3863	3754
3786	3903	3863
3903	3909	3863
3909	4002	3863
3909	4051	4002
4051	4139	4002
4051	4173	4139
4173	4180	4139
4180	4131	4139
4131	3999	4139
4131	3987	3999
3987	3942	3999
3987	4019	3942
4019	3895	3942
3987	4131	4019
4131	4191	4019
4131	4222	4191
4222	4327	4191
4327	4182	4191
4327	4338	4182
4338	4225	4182
4338	4420	4225
4420	4378	4225
4378	4312	4225
4312	4252	4225
4312	4196	4252
4196	4141	4252
4378	4389	4312
4378	4402	4389
4402	4442	4389
4402	4502	4442
4402	4574	4502
4574	4701	4502
4574	4660	4701
4660	4719	4701
4719	4801	4701
4801	4790	4701
4790	4748	4701
4801	4841	4790
4841	4850	4790
4841	4865	4850
4865	4914	4850
4914	4862	4850
4862	4795	4850
4862	4762	4795
4762	4754	4795
4754	4722	4795
4754	4700	4722
4700	4657	4722
4754	4802	4700
4802	4683	4700
4802	4751	4683
4751	4629	4683
4629	4591	4683
4591	4604	4683
4629	4438	4591
4438	4431	4591
4438	4397	4431
4802	4817	4751
4817	4771	4751
4817	4804	4771
4804	4807	4771
4804	4851	4807
4851	4805	4807
4851	4919	4805
4919	4912	4805
4912	4889	4805
4912	4965	4889
4912	4947	4965
4947	5008	4965
5008	4987	4965
5008	5011	4987
5011	4977	4987
5011	4985	4977
4985	4901	4977
4985	4978	4901
4978	4892	4901
4892	4860	4901
4860	4825	4901
4825	4803	4901
4825	4679	4803
4679	4772	4803
4679	4648	4772
4648	4634	4772
4634	4707	4772
4634	4492	4707
4492	4662	4707
4662	4805	4707
4662	4638	4805
4492	4480	4662
4492	4416	4480
4492	4396	4416
4396	4264	4416
4634	4519	4492
4825	4703	4679
4825	4752	4703
4825	4808	4752
4808	4715	4752
4808	4760	4715
4760	4684	4715
4684	4624	4715
4624	4579	4715
4624	4418	4579
4418	4478	4579
4478	4495	4579
4495	4558	4579
4495	4456	4558
4478	4276	4495
4276	4248	4495
4478	4331	4276
4478	4418	4331
4418	4336	4331
4336	4241	4331
4418	4489	4336
4418	4624	4489
4624	4598	4489
4598	4605	4489
4598	4640	4605
4640	4603	4605
4640	4651	4603
4651	4625	4603
4625	4566	4603
4566	4550	4603
4550	4515	4603
4550	4479	4515
4550	4566	4479
4566	4545	4479
4545	4476	4479
4476	4400	4479
4400	4375	4479
4375	4358	4479
4358	4296	4479
4296	4277	4479
4277	4377	4479
4277	4302	4377
4302	4301	4377
4302	4197	4301
4302	4277	4197
4277	4150	4197
4150	4148	4197
4358	4239	4296
4358	4311	4239
4358	4375	4311
4375	4366	4311
4366	4310	4311
4366	4317	4310
4366	4332	4317
4332	4275	4317
4332	4435	4275
4332	4366	4435
4366	4457	4435
4457	4509	4435
4509	4477	4435
4509	4610	4477
4610	4556	4477
4556	4523	4477
4523	4388	4477
4388	4353	4477
4556	4526	4523
4526	4507	4523
4526	4527	4507
4527	4470	4507
4527	4543	4470
4543	4481	4470
4543	4467	4481
4543	4530	4467
4530	4455	4467
4455	4379	4467
4455	4326	4379
4326	4307	4379
4530	4490	4455
4530	4532	4490
4530	4609	4532
4609	4614	4532
4614	4498	4532
4498	4487	4532
4487	4440	4532
4487	4393	4440
4393	4326	4440
4487	4444	4393
4444	4372	4393
4444	4376	4372
4444	4394	4376
4394	4364	4376
4364	4266	4376
4364	4292	4266
4292	4154	4266
4154	4049	4266
4049	4115	4266
4115	4184	4266
4049	4033	4115
4033	3951	4115
3951	4026	4115
3951	3973	4026
3973	4000	4026
4000	4048	4026
4000	4028	4048
4028	4041	4048
4000	3973	4028
3973	3806	4028
3973	3718	3806
3718	3763	3806
3718	3643	3763
3718	3641	3643
3641	3483	3643
3483	3471	3643
3641	3558	3483
3641	3647	3558
3718	3720	3641
3718	3973	3720
3973	3937	3720
3973	3951	3937
3951	4033	3937
4033	3867	3937
4364	4370	4292
4370	4412	4292
4412	4386	4292
4412	4408	4386
4412	4439	4408
4439	4471	4408
4439	4508	4471
4508	4676	4471
4508	4658	4676
4658	4769	4676
4769	4819	4676
4819	4775	4676
4819	4881	4775
4881	4822	4775
4822	4797	4775
4822	4840	4797
4840	4826	4797
4826	4794	4797
4794	4766	4797
4766	4711	4797
4766	4686	4711
4766	4794	4686
4826	4926	4794
4926	4833	4794
4926	4902	4833
4902	4891	4833
4891	4821	4833
4821	4740	4833
4821	4699	4740
4699	4652	4740
4699	4622	4652
4622	4562	4652
4622	4491	4562
4491	4501	4562
4491	4426	4501
4491	4308	4426
4308	4313	4426
4313	4405	4426
4308	4090	4313
4090	4203	4313
4090	4092	4203
4092	4183	4203
4090	4086	4092
4622	4587	4491
4821	4753	4699
4821	4816	4753
4816	4792	4753
4792	4768	4753
4792	4814	4768
4814	4758	4768
4814	4824	4758
4824	4678	4758
4824	4763	4678
4824	4871	4763
4871	4815	4763
4815	4806	4763
4806	4735	4763
4806	4798	4735
4798	4732	4735
4732	4668	4735
4668	4643	4735
4643	4583	4735
4643	4576	4583
4576	4517	4583
4576	4573	4517
4573	4535	4517
4535	4436	4517
4573	4612	4535
4573	4665	4612
4665	4675	4612
4675	4585	4612
4675	4667	4585
4667	4513	4585
4513	4484	4585
4513	4450	4484
4667	4548	4513
4548	4496	4513
4548	4466	4496
4548	4580	4466
4580	4511	4466
4511	4485	4466
4511	4542	4485
4542	4465	4485
4465	4382	4485
4382	4334	4485
4382	4349	4334
4465	4413	4382
4465	4441	4413
4465	4524	4441
4524	4482	4441
4482	4462	4441
4482	4500	4462
4500	4522	4462
4522	4486	4462
4486	4417	4462
4486	4395	4417
4395	4341	4417
4341	4324	4417
4395	4348	4341
4348	4230	4341
4348	4268	4230
4268	4212	4230
4212	4158	4230
4158	4130	4230
4130	4110	4230
4130	4054	4110
4130	4158	4054
4158	4059	4054
4059	3882	4054
4158	4161	4059
4161	4063	4059
4161	4119	4063
4119	4058	4063
4119	4043	4058
4119	4118	4043
4118	4085	4043
4085	4025	4043
4025	3968	4043
4025	3943	3968
3943	3834	3968
3834	3816	3968
3943	3813	3834
4025	3941	3943
4025	4078	3941
4078	4023	3941
4023	3879	3941
3879	3826	3941
3879	3811	3826
3879	3862	3811
3862	3795	3811
3795	3719	3811
3795	3706	3719
3706	3667	3719
3795	3760	3706
3760	3728	3706
3728	3690	3706
3690	3618	3706
3618	3559	3706
3618	3554	3559
3554	3462	3559
3462	3427	3559
3618	3648	3554
3648	3593	3554
3593	3466	3554
3593	3505	3466
3505	3469	3466
3469	3393	3466
3393	3437	3466
3593	3629	3505
3629	3661	3505
3661	3578	3505
3661	3646	3578
3661	3726	3646
3726	3751	3646
3726	3828	3751
3828	3820	3751
3820	3721	3751
3820	3766	3721
3820	3865	3766
3865	3856	3766
3865	3900	3856
3900	3868	3856
3900	3954	3868
3954	3830	3868
3830	3788	3868
3830	3768	3788
3768	3736	3788
3830	3799	3768
3799	3778	3768
3799	3830	3778
3830	3880	3778
3880	3686	3778
3880	3671	3686
3671	3639	3686
3671	3640	3639
3671	3743	3640
3671	3880	3743
3830	3928	3880
3830	3972	3928
3972	3983	3928
3983	4035	3928
4035	4052	3928
4035	4109	4052
4109	4165	4052
4109	4206	4165
4206	4246	4165
4246	4261	4165
4261	4159	4165
4261	4240	4159
4240	4157	4159
4240	4236	4157
4236	4188	4157
4236	4291	4188
4291	4267	4188
4267	4153	4188
4267	4220	4153
4220	4108	4153
4220	4066	4108
4066	4064	4108
4066	3945	4064
4066	3980	3945
4267	4286	4220
4286	4244	4220
4286	4355	4244
4286	4448	4355
4448	4419	4355
4419	4362	4355
4419	4357	4362
4419	4446	4357
4446	4403	4357
4403	4257	4357
4446	4447	4403
4447	4473	4403
4473	4384	4403
4473	4454	4384
4454	4381	4384
4454	4453	4381
4453	4354	4381
4453	4328	4354
4328	4223	4354
4453	4407	4328
4407	4329	4328
4329	4173	4328
4329	4180	4173
4329	4255	4180
4255	4131	4180
4255	4222	4131
4255	4323	4222
4323	4327	4222
4323	4392	4327
4392	4338	4327
4392	4420	4338
4392	4520	4420
4520	4544	4420
4544	4514	4420
4514	4533	4420
4533	4402	4420
4402	4378	4420
4533	4595	4402
4595	4574	4402
4595	4660	4574
4595	4633	4660
4633	4705	4660
4705	4719	4660
4705	4757	4719
4757	4801	4719
4757	4838	4801
4838	4879	4801
4879	4841	4801
4879	4869	4841
4869	4865	4841
4869	4900	4865
4900	4942	4865
4942	4940	4865
4940	4914	4865
4940	4992	4914
4992	4906	4914
4906	4862	4914
4906	4888	4862
4888	4845	4862
4845	4802	4862
4802	4762	4862
4802	4754	4762
4845	4817	4802
4845	4905	4817
4905	4804	4817
4905	4851	4804
4905	4898	4851
4898	4919	4851
4898	4966	4919
4966	4989	4919
4989	4947	4919
4947	4912	4919
4989	5008	4947
4989	5014	5008
5014	5041	5008
5041	5029	5008
5029	5011	5008
5029	5025	5011
5025	4967	5011
4967	4978	5011
4978	4985	5011
4967	4938	4978
4938	4927	4978
4927	4892	4978
4927	4867	4892
4867	4800	4892
4800	4855	4892
4855	4860	4892
4855	4808	4860
4808	4825	4860
4855	4813	4808
4813	4760	4808
4813	4780	4760
4780	4726	4760
4726	4684	4760
4726	4682	4684
4682	4598	4684
4598	4624	4684
4682	4640	4598
4682	4724	4640
4724	4651	4640
4724	4746	4651
4746	4731	4651
4731	4649	4651
4649	4625	4651
4649	4592	4625
4592	4566	4625
4592	4545	4566
4592	4588	4545
4588	4476	4545
4588	4509	4476
4509	4457	4476
4457	4400	4476
4457	4366	4400
4366	4375	4400
4588	4610	4509
4592	4649	4588
4746	4791	4731
4791	4818	4731
4791	4820	4818
4820	4867	4818
4867	4834	4818
4834	4829	4818
4829	4828	4818
4828	4767	4818
4767	4723	4818
4767	4721	4723
4721	4663	4723
4721	4647	4663
4647	4631	4663
4631	4593	4663
4593	4610	4663
4593	4556	4610
4593	4564	4556
4564	4526	4556
4564	4527	4526
4564	4543	4527
4564	4530	4543
4564	4617	4530
4617	4609	4530
4617	4615	4609
4615	4614	4609
4615	4692	4614
4692	4725	4614
4725	4737	4614
4737	4642	4614
4642	4498	4614
4642	4571	4498
4571	4444	4498
4444	4487	4498
4571	4553	4444
4553	4508	4444
4508	4394	4444
4508	4370	4394
4370	4364	4394
4508	4439	4370
4439	4412	4370
4553	4658	4508
4553	4578	4658
4553	4571	4578
4571	4642	4578
4737	4742	4642
4737	4799	4742
4799	4759	4742
4799	4769	4759
4799	4819	4769
4799	4849	4819
4849	4921	4819
4921	4903	4819
4903	4881	4819
4903	4923	4881
4923	4887	4881
4887	4863	4881
4863	4822	4881
4863	4840	4822
4863	4887	4840
4887	4929	4840
4929	4930	4840
4930	4926	4840
4926	4826	4840
4930	4958	4926
4958	4924	4926
4924	4902	4926
4924	4933	4902
4933	4891	4902
4933	4895	4891
4895	4854	4891
4854	4821	4891
4854	4816	4821
4854	4853	4816
4853	4894	4816
4894	4792	4816
4894	4814	4792
4894	4868	4814
4868	4847	4814
4847	4824	4814
4847	4868	4824
4868	4871	4824
4868	4913	4871
4913	4950	4871
4950	4915	4871
4915	4857	4871
4857	4815	4871
4857	4806	4815
4857	4899	4806
4899	4877	4806
4877	4798	4806
4877	4856	4798
4856	4796	4798
4796	4732	4798
4796	4665	4732
4665	4668	4732
4665	4573	4668
4573	4643	4668
4573	4576	4643
4796	4730	4665
4730	4675	4665
4730	4696	4675
4696	4667	4675
4696	4736	4667
4736	4695	4667
4695	4580	4667
4580	4548	4667
4695	4685	4580
4685	4666	4580
4666	4542	4580
4542	4511	4580
4666	4608	4542
4608	4559	4542
4559	4465	4542
4559	4524	4465
4559	4664	4524
4664	4661	4524
4661	4551	4524
4551	4500	4524
4500	4482	4524
4551	4522	4500
4551	4568	4522
4568	4486	4522
4568	4586	4486
4586	4581	4486
4586	4653	4581
4653	4630	4581
4630	4602	4581
4602	4483	4581
4602	4554	4483
4554	4399	4483
4399	4363	4483
4363	4383	4483
4363	4348	4383
4348	4395	4383
4395	4486	4383
4363	4295	4348
4295	4268	4348
4295	4212	4268
4295	4234	4212
4234	4161	4212
4161	4158	4212
4234	4119	4161
4234	4172	4119
4172	4118	4119
4172	4235	4118
4235	4147	4118
4147	4085	4118
4147	4098	4085
4098	4078	4085
4078	4025	4085
4098	4147	4078
4147	4192	4078
4192	4193	4078
4193	4076	4078
4076	4023	4078
4076	4038	4023
4038	3879	4023
4038	3940	3879
3940	3884	3879
3884	3862	3879
3884	3940	3862
3940	3904	3862
3904	3844	3862
3844	3795	3862
3844	3760	3795
3844	3793	3760
3793	3728	3760
3793	3797	3728
3797	3690	3728
3797	3648	3690
3648	3618	3690
3797	3726	3648
3726	3629	3648
3629	3593	3648
3726	3658	3629
3658	3661	3629
3658	3726	3661
3797	3828	3726
3797	3839	3828
3839	3969	3828
3969	3869	3828
3869	3820	3828
3869	3865	3820
3869	3989	3865
3989	3998	3865
3998	3900	3865
3998	3954	3900
3998	4024	3954
4024	4008	3954
4008	3970	3954
3970	3830	3954
3970	3972	3830
3970	3988	3972
3988	3983	3972
3988	4035	3983
3988	4109	4035
3988	4133	4109
4133	4199	4109
4199	4206	4109
4199	4238	4206
4238	4246	4206
4238	4269	4246
4238	4217	4269
4217	4322	4269
4322	4335	4269
4335	4346	4269
4335	4322	4346
4322	4344	4346
4344	4415	4346
4344	4406	4415
4406	4461	4415
4461	4512	4415
4512	4546	4415
4546	4460	4415
4460	4437	4415
4460	4475	4437
4475	4432	4437
4432	4321	4437
4321	4298	4437
4321	4236	4298
4236	4240	4298
4240	4261	4298
4321	4291	4236
4321	4299	4291
4299	4267	4291
4299	4286	4267
4299	4429	4286
4429	4448	4286
4429	4521	4448
4521	4499	4448
4499	4419	4448
4499	4446	4419
4499	4510	4446
4510	4447	4446
4510	4539	4447
4539	4474	4447
4474	4473	4447
4474	4575	4473
4575	4557	4473
4557	4454	4473
4557	4555	4454
4555	4453	4454
4555	4567	4453
4567	4538	4453
4538	4407	4453
4538	4534	4407
4534	4528	4407
4528	4414	4407
4414	4342	4407
4342	4329	4407
4342	4255	4329
4342	4323	4255
4342	4414	4323
4414	4401	4323
4401	4392	4323
4401	4520	4392
4401	4449	4520
4449	4600	4520
4600	4582	4520
4582	4544	4520
4582	4599	4544
4599	4514	4544
4599	4533	4514
4599	4595	4533
4599	4633	4595
4599	4671	4633
4671	4705	4633
4671	4756	4705
4756	4757	4705
4756	4848	4757
4848	4838	4757
4848	4904	4838
4904	4879	4838
4904	4900	4879
4900	4869	4879
4904	4941	4900
4941	4942	4900
4941	4952	4942
4952	5000	4942
5000	5017	4942
5017	4992	4942
4992	4945	4942
4945	4940	4942
4945	4992	4940
5017	5036	4992
5036	5040	4992
5040	5031	4992
5031	4906	4992
5031	5005	4906
5005	4955	4906
4955	4888	4906
4955	4905	4888
4905	4845	4888
4955	4981	4905
4981	4898	4905
4981	4966	4898
4981	5018	4966
5018	4989	4966
5018	5014	4989
5018	5041	5014
5018	5048	5041
5048	5047	5041
5047	5044	5041
5044	5029	5041
5044	5032	5029
5032	5025	5029
5032	5026	5025
5026	4967	5025
5026	4944	4967
4944	4920	4967
4920	4938	4967
4920	4927	4938
4920	4867	4927
4920	4834	4867
4944	4925	4920
4925	4872	4920
4925	4911	4872
4911	4886	4872
4886	4837	4872
4837	4784	4872
4784	4827	4872
4784	4777	4827
4777	4767	4827
4767	4828	4827
4828	4834	4827
4828	4829	4834
4777	4692	4767
4692	4721	4767
4692	4644	4721
4644	4647	4721
4644	4631	4647
4644	4564	4631
4564	4593	4631
4644	4617	4564
4644	4692	4617
4692	4615	4617
4777	4764	4692
4764	4725	4692
4764	4784	4725
4784	4737	4725
4784	4799	4737
4784	4837	4799
4837	4849	4799
4837	4886	4849
4886	4921	4849
4886	4911	4921
4911	5003	4921
4911	5004	5003
5004	5043	5003
5004	5035	5043
5035	5044	5043
5044	5046	5043
5046	5042	5043
5042	5006	5043
5042	5009	5006
5009	4997	5006
4997	4956	5006
4956	4923	5006
4923	4921	5006
4923	4903	4921
4956	4887	4923
4956	4929	4887
4956	4984	4929
4984	4930	4929
4984	4958	4930
4984	4991	4958
4991	4933	4958
4933	4924	4958
4991	4895	4933
4991	4928	4895
4928	4897	4895
4897	4853	4895
4853	4854	4895
4897	4894	4853
4897	4913	4894
4913	4868	4894
4897	4990	4913
4990	4972	4913
4972	4950	4913
4972	4960	4950
4960	4915	4950
4960	4932	4915
4932	4899	4915
4899	4857	4915
4932	4877	4899
4932	4953	4877
4953	4910	4877
4910	4880	4877
4880	4856	4877
4880	4796	4856
4880	4836	4796
4836	4730	4796
4836	4812	4730
4812	4696	4730
4812	4736	4696
4812	4809	4736
4809	4743	4736
4743	4695	4736
4743	4717	4695
4717	4685	4695
4717	4744	4685
4744	4698	4685
4698	4666	4685
4698	4659	4666
4659	4608	4666
4659	4559	4608
4659	4664	4559
4659	4704	4664
4704	4661	4664
4704	4712	4661
4712	4673	4661
4673	4639	4661
4639	4611	4661
4611	4551	4661
4611	4568	4551
4611	4586	4568
4611	4653	4586
4611	4639	4653
4639	4673	4653
4673	4689	4653
4689	4630	4653
4689	4690	4630
4690	4641	4630
4641	4602	4630
4641	4669	4602
4669	4601	4602
4601	4554	4602
4601	4537	4554
4537	4504	4554
4504	4399	4554
4504	4424	4399
4424	4380	4399
4380	4288	4399
4288	4340	4399
4340	4363	4399
4340	4295	4363
4340	4234	4295
4340	4288	4234
4288	4172	4234
4288	4287	4172
4287	4235	4172
4287	4272	4235
4272	4250	4235
4250	4147	4235
4250	4192	4147
4250	4229	4192
4229	4193	4192
4229	4258	4193
4258	4146	4193
4146	4076	4193
4146	4096	4076
4096	4039	4076
4039	4038	4076
4039	3940	4038
4039	3962	3940
3962	3904	3940
3962	3985	3904
3985	3854	3904
3854	3793	3904
3793	3844	3904
3854	3797	3793
3854	3839	3797
3854	3985	3839
3985	3969	3839
3985	3990	3969
3990	3869	3969
3990	3989	3869
3990	4099	3989
4099	4072	3989
4072	3998	3989
4072	4024	3998
4072	4008	4024
4072	4133	4008
4133	3988	4008
3988	3970	4008
4072	4132	4133
4132	4217	4133
4217	4199	4133
4217	4238	4199
4132	4228	4217
4228	4305	4217
4305	4322	4217
4305	4344	4322
4305	4369	4344
4369	4387	4344
4387	4406	4344
4387	4369	4406
4369	4404	4406
4404	4445	4406
4445	4461	4406
4445	4541	4461
4541	4512	4461
4541	4546	4512
4541	4645	4546
4645	4613	4546
4613	4584	4546
4584	4475	4546
4475	4460	4546
4584	4525	4475
4525	4432	4475
4525	4429	4432
4429	4321	4432
4429	4299	4321
4525	4521	4429
4613	4637	4584
4613	4655	4637
4655	4713	4637
4713	4718	4637
4718	4693	4637
4718	4750	4693
4750	4688	4693
4688	4596	4693
4750	4786	4688
4750	4783	4786
4783	4830	4786
4830	4883	4786
4883	4788	4786
4883	4832	4788
4883	4874	4832
4874	4843	4832
4874	4917	4843
4917	4831	4843
4917	4873	4831
4873	4738	4831
4917	4907	4873
4907	4864	4873
4907	4916	4864
4916	4858	4864
4858	4787	4864
4858	4785	4787
4785	4716	4787
4716	4687	4787
4687	4710	4787
4687	4681	4710
4681	4616	4710
4616	4618	4710
4618	4680	4710
4680	4733	4710
4680	4738	4733
4618	4623	4680
4623	4635	4680
4635	4656	4680
4656	4677	4680
4656	4672	4677
4656	4619	4672
4656	4567	4619
4567	4557	4619
4557	4575	4619
4567	4555	4557
4656	4635	4567
4635	4538	4567
4635	4623	4538
4623	4560	4538
4560	4534	4538
4560	4528	4534
4560	4616	4528
4616	4536	4528
4536	4531	4528
4531	4414	4528
4531	4488	4414
4488	4401	4414
4488	4449	4401
4488	4600	4449
4488	4531	4600
4531	4536	4600
4536	4616	4600
4616	4681	4600
4681	4626	4600
4626	4582	4600
4626	4716	4582
4716	4702	4582
4702	4599	4582
4702	4671	4599
4702	4756	4671
4702	4765	4756
4765	4852	4756
4852	4848	4756
4852	4870	4848
4852	4765	4870
4765	4876	4870
4876	4908	4870
4765	4785	4876
4765	4716	4785
4765	4702	4716
4626	4687	4716
4626	4681	4687
4560	4618	4616
4560	4623	4618
4907	4964	4916
4964	4936	4916
4964	4974	4936
4974	4976	4936
4974	4993	4976
4993	4988	4976
4988	4954	4976
4988	4970	4954
4970	4937	4954
4970	4943	4937
4943	4931	4937
4931	4908	4937
4943	4961	4931
4943	4949	4961
4949	4996	4961
4996	4995	4961
4995	4982	4961
4982	4952	4961
4952	4941	4961
4982	5000	4952
4982	4994	5000
4994	5002	5000
5002	5023	5000
5023	5017	5000
5023	5036	5017
5023	5030	5036
5030	5040	5036
5023	5016	5030
5016	5012	5030
5012	5021	5030
5021	5019	5030
5021	5013	5019
5013	5024	5019
5024	5033	5019
5033	5045	5019
5033	5034	5045
5034	5042	5045
5042	5046	5045
5046	5047	5045
5047	5048	5045
5046	5044	5047
5034	5009	5042
5034	5020	5009
5020	4991	5009
4991	4984	5009
4984	4997	5009
4984	4956	4997
5020	4979	4991
4979	4928	4991
4979	4990	4928
4990	4897	4928
4979	5022	4990
5022	5028	4990
5028	4999	4990
4999	4972	4990
4999	4960	4972
4999	5038	4960
5038	4980	4960
4980	4971	4960
4971	4932	4960
4971	4980	4932
4980	4953	4932
5038	5037	4980
5037	4998	4980
4998	4996	4980
4998	4995	4996
4998	5001	4995
5001	4994	4995
4994	4982	4995
5001	5002	4994
5001	5037	5002
5037	5010	5002
5010	5016	5002
5016	5023	5002
5010	5012	5016
5010	5022	5012
5022	5021	5012
5022	5013	5021
5022	4979	5013
4979	5024	5013
4979	5020	5024
5020	5033	5024
5020	5034	5033
5010	5028	5022
5010	5038	5028
5038	4999	5028
5010	5037	5038
5001	4998	5037
4949	4969	4996
4969	4959	4996
4969	4968	4959
4968	4896	4959
4896	4910	4959
4910	4953	4959
4896	4880	4910
4896	4875	4880
4875	4866	4880
4866	4836	4880
4866	4842	4836
4842	4812	4836
4842	4809	4812
4842	4882	4809
4882	4835	4809
4835	4779	4809
4779	4743	4809
4779	4744	4743
4744	4717	4743
4779	4810	4744
4810	4698	4744
4810	4708	4698
4708	4659	4698
4708	4704	4659
4708	4755	4704
4755	4774	4704
4774	4712	4704
4774	4749	4712
4749	4689	4712
4689	4673	4712
4749	4690	4689
4749	4734	4690
4734	4714	4690
4714	4641	4690
4714	4669	4641
4714	4720	4669
4720	4670	4669
4670	4601	4669
4720	4729	4670
4720	4741	4729
4741	4773	4729
4773	4778	4729
4778	4747	4729
4747	4697	4729
4747	4713	4697
4713	4655	4697
4655	4645	4697
4655	4613	4645
4747	4718	4713
4747	4761	4718
4761	4750	4718
4761	4776	4750
4776	4783	4750
4776	4830	4783
4776	4811	4830
4776	4778	4811
4778	4773	4811
4773	4823	4811
4773	4741	4823
4741	4734	4823
4734	4781	4823
4781	4839	4823
4781	4774	4839
4774	4859	4839
4774	4793	4859
4793	4844	4859
4844	4861	4859
4861	4885	4859
4861	4884	4885
4861	4909	4884
4909	4963	4884
4909	4948	4963
4948	4957	4963
4957	4993	4963
4993	4975	4963
4975	4962	4963
4975	4951	4962
4975	4917	4951
4917	4874	4951
4874	4935	4951
4935	4934	4951
4874	4883	4935
4975	4964	4917
4964	4907	4917
4975	4974	4964
4975	4993	4974
4957	4983	4993
4983	4986	4993
4986	4988	4993
4986	4970	4988
4986	4946	4970
4946	4973	4970
4973	4949	4970
4949	4943	4970
4973	4969	4949
4973	4968	4969
4973	4946	4968
4946	4896	4968
4946	4922	4896
4922	4890	4896
4890	4875	4896
4890	4878	4875
4878	4842	4875
4842	4866	4875
4878	4882	4842
4878	4918	4882
4918	4939	4882
4939	4909	4882
4909	4846	4882
4846	4835	4882
4846	4779	4835
4846	4810	4779
4846	4909	4810
4909	4861	4810
4861	4789	4810
4789	4708	4810
4789	4755	4708
4789	4793	4755
4793	4774	4755
4789	4844	4793
4789	4861	4844
4939	4948	4909
4939	4957	4948
4939	4918	4957
4918	4922	4957
4922	4983	4957
4922	4946	4983
4946	4986	4983
4918	4878	4922
4878	4890	4922
4781	4749	4774
4781	4734	4749
4741	4720	4734
4720	4714	4734
4776	4761	4778
4761	4747	4778
4541	4572	4645
4572	4620	4645
4572	4547	4620
4547	4537	4620
4572	4505	4547
4572	4541	4505
4541	4445	4505
4445	4404	4505
4369	4309	4404
4309	4318	4404
4318	4359	4404
4318	4282	4359
4282	4229	4359
4229	4351	4359
4351	4374	4359
4351	4330	4374
4330	4380	4374
4380	4424	4374
4330	4287	4380
4287	4288	4380
4330	4272	4287
4330	4351	4272
4351	4250	4272
4351	4229	4250
4282	4258	4229
4282	4243	4258
4243	4146	4258
4243	4171	4146
4171	4124	4146
4124	4125	4146
4125	4096	4146
4125	4124	4096
4124	4039	4096
4124	3962	4039
4243	4253	4171
4253	4190	4171
4190	4099	4171
4190	4132	4099
4132	4072	4099
4190	4228	4132
4190	4253	4228
4253	4309	4228
4309	4305	4228
4309	4369	4305
4253	4318	4309
4253	4243	4318
4243	4282	4318
3990	3985	4099
4504	4537	4424
5035	5032	5044
5035	5026	5032
5035	5004	5026
5004	4944	5026
5004	4911	4944
4911	4925	4944
4764	4777	4784
4981	5007	5018
4981	4955	5007
4955	5005	5007
5005	5015	5007
5015	5039	5007
5015	5027	5039
5027	5031	5039
5027	5005	5031
5027	5015	5005
4510	4596	4539
4510	4499	4596
4499	4521	4596
4820	4800	4867
4820	4782	4800
4782	4780	4800
4780	4813	4800
4813	4855	4800
4782	4739	4780
4739	4726	4780
4739	4724	4726
4724	4682	4726
4739	4745	4724
4745	4746	4724
4745	4782	4746
4782	4791	4746
4782	4820	4791
4745	4739	4782
4051	4083	4173
4051	3909	4083
3909	4077	4083
4077	4223	4083
3909	3976	4077
3909	3903	3976
3623	3605	3736
3605	3622	3736
3623	3545	3605
3545	3492	3605
3492	3467	3605
3285	3479	3453
3286	3367	3302
3306	3461	3447
3461	3567	3447
3461	3616	3567
3616	3638	3567
3638	3625	3567
3461	3475	3616
3475	3537	3616
3475	3327	3537
3327	3529	3537
3529	3592	3537
3529	3577	3592
3577	3604	3592
3604	3714	3592
3714	3767	3592
3714	3890	3767
3604	3664	3714
3604	3577	3664
3529	3457	3577
3475	3344	3327
3316	3489	3508
3336	3468	3476
3340	3358	3374
3345	3509	3555
3375	3495	3407
3495	3497	3407
3495	3539	3497
3379	3381	3526
3386	3413	3415
3390	3470	3395
3390	3397	3470
3470	3552	3395
3470	3632	3552
3632	3723	3552
3632	3804	3723
3804	3853	3723
3853	3882	3723
3882	3752	3723
3882	3780	3752
3780	3773	3752
3780	3822	3773
3780	3882	3822
3395	3255	3390
3401	3481	3474
3481	3565	3474
3481	3569	3565
3569	3659	3565
3569	3631	3659
3631	3697	3659
3631	3625	3697
3631	3569	3625
3402	3524	3408
3524	3606	3408
3606	3579	3408
3579	3331	3408
3579	3410	3331
3402	3571	3524
3571	3665	3524
3571	3738	3665
3416	3551	3511
3416	3436	3551
3436	3544	3551
3544	3601	3551
3544	3518	3601
3518	3636	3601
3435	3585	3588
3435	3485	3585
3585	3612	3588
3612	3808	3588
3588	3429	3435
3455	3573	3676
3573	3715	3676
3573	3699	3715
3676	3464	3455
3473	3666	3527
3527	3317	3473
3527	3536	3317
3666	3688	3527
3688	3739	3527
3688	3703	3739
3703	3950	3739
3950	3964	3739
3964	3775	3739
3703	3960	3950
3703	3837	3960
3837	3995	3960
3837	3905	3995
3905	4032	3995
3905	4075	4032
4075	4117	4032
4117	4241	4032
3905	3771	4075
3771	3944	4075
3771	3794	3944
3905	3687	3771
3687	3642	3771
3905	3837	3687
3837	3703	3687
3688	3666	3703
3510	3519	3587
3534	3562	3650
3650	3543	3534
3650	3696	3543
3696	3725	3543
3696	3819	3725
3696	3787	3819
3696	3650	3787
3560	3679	3702
3679	3755	3702
3570	3597	3673
3570	3531	3597
3575	3609	3608
3609	3711	3608
3609	3677	3711
3609	3555	3677
3576	3657	3598
3657	3634	3598
3599	3776	3611
3624	3644	3660
3644	3773	3660
3635	3796	3777
3637	3769	3656
3652	3681	3740
3740	3764	3652
3670	3756	3782
3670	3707	3756
3707	3810	3756
3810	3782	3756
3707	3757	3810
3707	3675	3757
3675	3770	3757
3683	3733	3802
3692	3747	3698
3747	3829	3698
3708	3842	3730
3842	3789	3730
3842	3892	3789
3717	3910	3849
3744	3894	3887
3887	3818	3744
3887	3919	3818
3887	3982	3919
3887	3894	3982
3753	3850	3847
3753	3803	3850
3803	3907	3850
3907	3935	3850
3935	3936	3850
3936	3847	3850
3935	4016	3936
3935	4073	4016
4073	4095	4016
4073	4105	4095
4073	3935	4105
3935	3907	4105
3907	4087	4105
4087	4121	4105
3803	3781	3907
3781	3825	3907
3825	3939	3907
3825	3914	3939
3914	3958	3939
3958	4046	3939
3825	3805	3914
3825	3738	3805
3825	3781	3738
3803	3753	3781
3785	3898	3921
3898	3963	3921
3963	3957	3921
3898	4011	3963
3801	3858	4015
3823	3922	3875
3922	3984	3875
3823	3885	3922
3885	3979	3922
3831	3965	3852
3832	3975	3952
3952	3913	3832
3952	4142	3913
4142	4084	3913
4084	3851	3913
3836	3848	3924
3836	3700	3848
3848	4001	3924
3838	3860	3986
3838	3636	3860
3845	4003	4045
4003	4163	4045
4163	4248	4045
3872	3916	4067
3881	3897	4081
3897	4012	4081
4012	4149	4081
4012	4136	4149
4136	4213	4149
4012	3955	4136
3955	4036	4136
4012	3897	3955
3886	4037	3938
3886	3878	4037
4037	4102	3938
4037	4169	4102
4037	4202	4169
4202	4303	4169
4202	4343	4303
4343	4494	4303
4202	4314	4343
3891	4004	3917
4004	4007	3917
4004	4042	4007
3901	3948	4082
3902	3931	3933
3933	3971	3902
3933	3931	3971
3911	3947	4050
3947	4097	4050
4050	3916	3911
3930	4061	4027
4061	4070	4027
4018	4112	4207
4112	4315	4207
4315	4368	4207
4029	4166	4122
4030	4056	4113
4113	4167	4030
4167	4006	4030
4167	4176	4006
4167	4204	4176
4167	4325	4204
4053	4057	4127
4062	4155	4198
4062	4080	4155
4080	4215	4155
4215	4274	4155
4215	4353	4274
4080	4126	4215
4107	4156	4189
4107	4211	4156
4211	4189	4156
4107	4137	4211
4137	4306	4211
4137	4320	4306
4320	4430	4306
4430	4472	4306
4320	4345	4430
4320	4293	4345
4111	4227	4164
4227	4290	4164
4290	4231	4164
4135	4249	4214
4214	4082	4135
4140	4208	4194
4194	4112	4140
4194	4254	4112
4194	4208	4254
4151	4219	4262
4219	4264	4262
4219	4102	4264
4219	3997	4102
4262	4163	4151
4152	4216	4195
4216	4245	4195
4245	4271	4195
4271	4200	4195
4200	4121	4195
4160	4218	4177
4185	4281	4251
4185	4231	4281
4231	4350	4281
4285	4385	4333
4285	4433	4385
4289	4428	4304
4300	4347	4423
4423	4367	4300
4373	4411	4390
4390	4249	4373
4425	4493	4427
4493	4549	4427
4549	4497	4427
4497	4350	4427
4549	4583	4497
4463	4552	4590
4552	4628	4590
4552	4748	4628
4590	4468	4463
4540	4561	4569
4561	4650	4569
4650	4636	4569
4650	4654	4636
4650	4727	4654
4540	4433	4561
210	245	149
536	791	568
536	792	791
536	602	792
1048	1083	1013
1083	1015	1013
363	409	462
409	465	462
556	637	512
556	577	637
497	535	439
672	744	626
1447	1484	1348
1407	1445	1487
1445	1681	1487
1407	1414	1445
1414	1558	1445
1414	1514	1558
1453	1514	1297
1453	1495	1514
1495	1693	1514
758	647	717
216	267	158
514	523	486
473	416	493
608	566	427
566	469	427
1430	1342	1361
1340	1472	1535
1086	1130	1217
1287	1393	1273
2020	2120	2009
2107	2297	2062
2107	2311	2297
2107	2255	2311
2615	2837	2726
2372	2769	2442
2372	2369	2769
2369	2564	2769
2564	2707	2769
2369	2353	2564
2021	1892	2007
753	911	767
187	275	201
187	285	275
959	979	933
812	790	857
790	897	857
812	707	790
707	737	790
136	140	142
140	76	142
140	67	76
140	106	67
218	154	225
154	152	225
129	190	165
115	120	139
120	153	139
153	148	139
429	478	381
418	601	446
418	576	601
418	410	576
410	444	576
306	315	334
1129	1236	954
1236	936	954
936	894	954
1236	1225	936
1236	1285	1225
1422	1522	1619
1522	1664	1619
1664	1786	1619
1664	2000	1786
1664	1977	2000
1093	1178	1033
923	1174	1034
923	1112	1174
1112	1187	1174
1571	1741	1646
1189	1115	1363
1192	1010	1186
1192	1088	1010
1643	1727	1427
1516	1437	1759
1437	1438	1759
1438	1523	1759
1438	1377	1523
1685	1918	1901
1685	1626	1918
1626	1857	1918
1857	2086	1918
1857	1868	2086
1626	1561	1857
1561	1556	1857
1556	1829	1857
1624	1753	1700
1325	1673	1351
1325	1335	1673
1335	1396	1673
1723	1824	1663
1824	1680	1663
1767	1472	1754
1916	1981	1767
1962	2030	1960
1630	1456	1631
3127	2912	2946
2912	2842	2946
2842	2906	2946
2912	2798	2842
2912	2847	2798
3183	3074	2912
3261	3396	3318
3261	3385	3396
3385	3628	3396
3385	3651	3628
2763	2488	2836
2488	2561	2836
2763	2568	2488
2568	2468	2488
2538	2441	2693
1696	1645	1850
1819	2204	1868
1819	1812	2204
1812	2101	2204
2472	2815	2650
2472	2503	2815
2470	2480	2503
2214	2394	2111
2394	2057	2111
2394	2354	2057
2354	2202	2057
2279	2153	2164
2004	1930	1760
2501	2199	2261
2501	2444	2199
2014	2131	2220
2131	2247	2220
2534	2695	2774
2695	2851	2774
2534	2652	2695
2135	1922	2097
2135	1910	1922
2253	2297	2499
2869	2876	3021
2876	2987	3021
2738	2576	2869
2576	2605	2869
2738	2556	2576
2443	2390	2203
2373	2652	2456
2373	2437	2652
2463	2549	2573
2463	2374	2549
2374	2464	2549
2458	2768	2519
2458	2646	2768
2663	2602	2494
2602	2225	2494
2883	2776	2645
2883	2831	2776
2831	2707	2776
2677	2922	2838
2788	3080	2925
2858	3130	2899
2858	2961	3130
2857	2998	2961
2786	2555	2784
2988	2687	2811
2988	3000	2687
2988	3240	3000
3240	3247	3000
2815	2867	2892
2867	3075	2892
3075	3190	2892
3075	3209	3190
3209	3278	3190
3209	3373	3278
3373	3409	3278
2867	2880	3075
3279	3377	3151
3377	3153	3151
3377	3287	3153
2873	2636	2828
3063	3334	3165
3063	3263	3334
2936	3215	2959
3215	3246	2959
3582	3445	3685
3445	3523	3685
3523	3836	3685
3836	3924	3685
3924	3930	3685
3924	4061	3930
3523	3700	3836
3582	3441	3445
3613	3724	3774
3613	3440	3724
3613	3486	3440
3174	3273	3133
3174	3257	3273
3257	3339	3273
3174	3162	3257
3081	3225	3158
3222	3424	3414
3419	3315	3243
3645	3589	3877
3387	3103	3201
3387	3304	3103
3304	3173	3103
3193	3088	3153
3128	3266	3281
3503	3635	3384
3635	3333	3384
3635	3542	3333
3180	3095	3134
3531	3570	3366
3452	3636	3574
3662	3713	3516
3713	3709	3516
4294	4259	4356
3814	3851	4084
4502	4552	4442
4502	4701	4552
4701	4748	4552
4771	4807	4751
4965	4901	4889
4901	4803	4889
4965	4977	4901
4965	4987	4977
4264	4169	4416
4169	4303	4416
4303	4494	4416
4264	4102	4169
4435	4477	4275
4477	4353	4275
4763	4583	4678
4583	4549	4678
4763	4735	4583
4450	4390	4484
4462	4324	4441
4462	4417	4324
3706	3559	3667
4328	4173	4223
4173	4083	4223
4588	4723	4610
4723	4663	4610
4588	4731	4723
4731	4818	4723
4588	4649	4731
4581	4383	4486
4581	4483	4383
4269	4346	4246
4346	4261	4246
4346	4437	4261
4437	4298	4261
4920	4827	4834
5003	5006	4921
5003	5043	5006
4525	4584	4521
4584	4637	4521
4637	4693	4521
4693	4596	4521
4788	4619	4786
4788	4672	4619
4788	4677	4672
4788	4680	4677
4788	4832	4680
4832	4843	4680
4843	4831	4680
4864	4710	4873
4710	4733	4873
4908	4904	4870
4908	4941	4904
4908	4931	4941
4931	4961	4941
5030	5019	5040
5045	5039	5019
5039	5031	5019
5045	5048	5039
5048	5018	5039
5018	5007	5039
4959	4953	4996
4670	4537	4601
4670	4620	4537
4670	4729	4620
4729	4645	4620
4729	4697	4645
4823	4934	4811
4934	4935	4811
4823	4839	4934
4839	4859	4934
4859	4885	4934
4885	4962	4934
4962	4951	4934
4885	4884	4962
4884	4963	4962
4547	4505	4537
4505	4424	4537
4505	4374	4424
4505	4359	4374
4505	4404	4359
4171	3985	4124
4171	4099	3985
3544	3436	3518
3587	3708	3510
3708	3490	3510
3708	3730	3490
3587	3678	3708
3576	3704	3657
3810	3931	3782
3802	3920	3683
3920	3746	3683
3717	3946	3910
3717	3949	3946
4011	4160	3963
4011	4122	4160
4333	4186	4285
