259.628114 178.357060 31.275509 255 0 0
268.898908 162.515461 36.126556 255 0 0
279.753030 147.831843 41.102389 255 0 0
292.190481 134.306205 46.203007 255 0 0
306.211260 121.938548 51.428411 255 0 0
321.815367 110.728871 56.778600 255 0 0
339.002803 100.677175 62.253574 255 0 0
357.773567 91.783460 67.853334 255 0 0
378.127660 84.047725 73.577880 0 255 0
356.762304 89.986559 84.926124 0 255 0
337.161947 97.216239 96.413471 0 255 0
319.326588 105.736766 108.039921 0 255 0
303.256228 115.548139 119.805475 0 255 0
288.950866 126.650359 131.710132 0 255 0
276.410503 139.043426 143.753892 0 255 0
265.635138 152.727339 155.936755 0 255 0
256.624772 167.702099 168.258722 0 255 0
