27.569017 35.081777 11.018718 255 0 0
27.831334 34.960550 10.025051 255 0 0
28.158315 34.712441 9.028906 255 0 0
28.549959 34.337451 8.030283 255 0 0
29.006268 33.835578 7.029182 255 0 0
29.527241 33.206823 6.025604 255 0 0
30.112877 32.451187 5.019547 255 0 0
30.763178 31.568668 4.011012 255 0 0
31.478142 30.559268 3.000000 0 255 0
30.773933 29.499647 3.988951 0 255 0
30.131971 28.566909 4.980380 0 255 0
29.552258 27.761052 5.974286 0 255 0
29.034792 27.082077 6.970671 0 255 0
28.579575 26.529984 7.969533 0 255 0
28.186605 26.104773 8.970874 0 255 0
27.855884 25.806444 9.974692 0 255 0
27.587410 25.634997 10.980988 0 255 0
