   2.8727682e+01   2.7265349e+01   1.2000000e+01
   2.8933290e+01   2.7653585e+01   1.1000000e+01
   2.8864754e+01   2.8430055e+01   1.0000000e+01
   2.8522075e+01   2.9918290e+01   9.0000000e+00
   2.8590610e+01   3.0500643e+01   8.0000000e+00
   2.9070361e+01   3.0953585e+01   7.0000000e+00
   2.9138897e+01   3.3024173e+01   6.0000000e+00
   2.9275969e+01   3.3994761e+01   7.0000000e+00
   2.8659146e+01   3.4577114e+01   8.0000000e+00
   2.9001825e+01   3.4577114e+01   9.0000000e+00
   2.8864754e+01   3.4900643e+01   1.0000000e+01
   2.8659146e+01   3.5288879e+01   1.1000000e+01
   2.8864754e+01   3.5224173e+01   1.2000000e+01
