   2.9294193e+01   2.7695313e+01   1.0000000e+01
   2.8935984e+01   2.7861979e+01   9.0000000e+00
   2.8577775e+01   2.8778646e+01   8.0000000e+00
   2.8398671e+01   3.0111979e+01   7.0000000e+00
   2.8398671e+01   3.0611979e+01   6.0000000e+00
   2.8398671e+01   3.1111979e+01   5.0000000e+00
   2.8398671e+01   3.3445313e+01   4.0000000e+00
   2.8488223e+01   3.4278646e+01   5.0000000e+00
   2.9025536e+01   3.5278646e+01   6.0000000e+00
   2.9115089e+01   3.5028646e+01   7.0000000e+00
   2.9204641e+01   3.5695313e+01   8.0000000e+00
   2.9025536e+01   3.5611979e+01   9.0000000e+00
   2.9025536e+01   3.6028646e+01   1.0000000e+01
