273.759500 159.416061 46.065933 255 0 0
279.140048 141.594779 44.347130 255 0 0
286.187124 124.589530 42.875382 255 0 0
294.900726 108.400313 41.650690 255 0 0
305.280856 93.027130 40.673054 255 0 0
317.327514 78.469979 39.942472 255 0 0
331.040699 64.728861 39.458946 255 0 0
346.420411 51.803776 39.222475 255 0 0
363.466650 39.694724 39.233060 0 255 0
347.582937 42.207634 56.450997 0 255 0
333.588181 45.645492 73.948964 0 255 0
321.482383 50.008299 91.726961 0 255 0
311.265542 55.296053 109.784987 0 255 0
302.937658 61.508756 128.123042 0 255 0
296.498731 68.646406 146.741128 0 255 0
291.948762 76.709005 165.639243 0 255 0
289.287750 85.696551 184.817387 0 255 0
