3.004703260304557944e+02 6.836007325969512749e+01 1.628345931952409273e+02
3.057929700193519693e+02 5.701256474977526523e+01 1.469123609337948437e+02
3.061243264669014934e+02 4.929652090561080513e+01 1.246937537778972001e+02
3.015302706412938960e+02 4.848868200208517010e+01 9.115031995819902022e+01
3.043572523644374996e+02 3.895690472857563691e+01 7.207989929279875696e+01
3.147633641898631822e+02 2.856533087083431610e+01 5.541425999677505843e+01
3.178933040173634481e+02 3.410647794130085231e+01 1.321307587049369658e+01
3.191851509856022631e+02 5.959196562985437140e+01 8.343754743985869027e+00
3.064546224703426560e+02 8.031876735141651125e+01 8.787269915259003028e+00
3.113516179052277266e+02 9.619952950245090051e+01 1.919993931734757098e+01
3.074414554152967867e+02 1.148309803762263073e+02 2.412519661359749534e+01
3.022768671933292808e+02 1.340426386070165563e+02 2.797917963425163634e+01
3.046255523005337409e+02 1.491177610751592510e+02 3.926639675035954724e+01
