36.045064 31.984886 10.000000 0 255 0
35.856658 32.050337 9.062500 0 255 0
35.549763 32.076292 8.125000 0 255 0
35.124380 32.062751 7.187500 0 255 0
34.580509 32.009713 6.250000 0 255 0
33.918150 31.917180 5.312500 0 255 0
33.137302 31.785151 4.375000 0 255 0
32.237966 31.613625 3.437500 0 255 0
31.220142 31.402604 2.500000 0 255 0
31.009121 30.384780 3.437500 255 0 0
30.837595 29.485444 4.375000 255 0 0
30.705566 28.704596 5.312500 255 0 0
30.637860 26.577682 10.000000 255 0 0
30.613033 28.042237 6.250000 255 0 0
30.572409 26.766088 9.062500 255 0 0
30.559995 27.498366 7.187500 255 0 0
30.546454 27.072983 8.125000 255 0 0
