3	29	10
3	17	29
7	18	12
13	15	16
16	27	13
27	26	13
19	28	32
32	18	19
28	45	32
28	40	45
37	51	50
38	57	110
53	98	97
98	121	97
98	53	121
61	64	127
64	116	127
116	199	127
199	163	127
163	141	127
141	89	127
89	61	127
89	72	61
89	93	72
93	79	72
116	178	199
178	237	199
64	65	116
65	109	116
78	146	90
146	149	90
149	82	90
83	108	102
99	205	167
205	228	167
228	210	167
99	123	205
101	152	190
152	252	190
252	291	190
291	296	190
252	272	291
152	122	252
122	187	252
122	140	187
140	138	187
107	144	142
107	93	144
144	211	142
144	172	211
115	200	125
129	157	203
129	132	157
129	160	132
129	203	160
203	222	160
134	209	175
209	247	175
247	212	175
247	280	212
280	229	212
280	354	229
354	245	229
247	337	280
247	365	337
134	174	209
136	181	214
137	153	143
154	259	156
259	270	156
154	203	259
161	164	227
164	244	227
164	223	244
223	276	244
223	311	276
223	346	311
223	375	346
375	391	346
223	255	375
255	398	375
255	352	398
352	405	398
405	436	398
436	435	398
436	514	435
436	444	514
436	405	444
405	476	444
476	537	444
537	628	444
537	676	628
676	864	628
864	649	628
864	885	649
885	651	649
885	730	651
730	670	651
730	798	670
730	921	798
730	885	921
885	954	921
954	1109	921
954	1026	1109
1026	1196	1109
1196	1245	1109
1245	1316	1109
1316	1268	1109
1268	1203	1109
1203	988	1109
1203	1112	988
1316	1377	1268
1245	1373	1316
1373	1464	1316
1026	1086	1196
1086	1290	1196
1086	1108	1290
1108	1289	1290
1108	1284	1289
1284	1341	1289
1341	1466	1289
1466	1442	1289
1341	1533	1466
1533	1611	1466
1611	1548	1466
1533	1663	1611
1533	1590	1663
1590	1668	1663
1668	1768	1663
1590	1628	1668
1590	1552	1628
1552	1581	1628
1581	1645	1628
1581	1601	1645
1581	1522	1601
1590	1533	1552
1533	1341	1552
1284	1267	1341
1284	1092	1267
1092	1114	1267
1092	1060	1114
1060	1053	1114
1060	849	1053
1060	957	849
957	813	849
813	760	849
813	696	760
1060	1092	957
1092	955	957
955	891	957
955	922	891
922	676	891
922	864	676
922	994	864
994	947	864
947	885	864
947	954	885
947	1026	954
947	994	1026
994	1086	1026
994	1087	1086
1087	1108	1086
1087	1284	1108
1087	1092	1284
1087	955	1092
1087	922	955
1087	994	922
476	492	537
405	352	476
255	299	352
299	308	352
299	277	308
277	235	308
235	338	308
235	241	338
277	249	235
277	299	249
299	255	249
168	179	286
286	256	168
256	157	168
170	204	184
193	215	285
196	202	226
226	241	196
226	275	241
275	373	241
373	374	241
373	492	374
373	378	492
373	351	378
373	275	351
275	302	351
275	268	302
275	239	268
239	233	268
233	254	268
254	298	268
254	305	298
305	348	298
305	421	348
239	202	233
239	226	202
239	275	226
197	207	224
207	253	224
217	221	269
238	258	349
258	300	349
300	424	349
424	403	349
424	447	403
447	443	403
447	490	443
258	274	300
258	184	274
257	319	316
319	469	316
469	353	316
469	495	353
469	542	495
542	627	495
542	643	627
643	714	627
542	665	643
542	543	665
543	557	665
557	704	665
704	756	665
557	561	704
561	587	704
561	568	587
557	545	561
557	465	545
557	543	465
543	517	465
517	469	465
469	319	465
517	542	469
517	543	542
257	263	319
260	284	293
284	362	293
284	344	362
344	468	362
344	393	468
393	409	468
409	534	468
409	414	534
409	321	414
321	371	414
321	304	371
304	363	371
363	428	371
409	393	321
393	312	321
312	290	321
290	303	321
303	363	321
290	288	303
290	312	288
312	284	288
284	273	288
284	260	273
312	344	284
312	393	344
262	372	331
266	397	350
267	379	329
379	419	329
379	433	419
379	350	433
278	309	295
278	253	309
309	334	295
287	364	320
364	388	320
388	339	320
388	452	339
452	340	339
364	420	388
364	466	420
364	330	466
330	376	466
376	445	466
376	473	445
376	401	473
364	287	330
297	370	323
370	417	323
370	458	417
458	579	417
579	546	417
307	381	448
313	315	336
314	342	408
408	411	314
322	361	407
327	382	402
382	449	402
327	311	382
328	399	533
399	549	533
549	570	533
570	568	533
568	407	533
399	552	549
399	554	552
399	556	554
556	554	537
399	422	556
422	556	476
343	385	386
357	484	478
478	354	357
478	400	354
484	551	478
551	638	478
638	611	478
611	472	478
638	632	611
638	641	632
641	644	632
638	686	641
638	551	686
551	660	686
366	512	486
512	550	486
550	488	486
550	547	488
550	621	547
621	625	547
625	571	547
571	427	547
571	430	427
430	418	427
418	394	427
394	380	427
430	416	418
430	571	416
571	581	416
571	625	581
366	520	512
366	384	520
384	463	520
366	286	384
286	292	384
390	410	451
410	461	451
410	457	461
457	487	461
457	502	487
502	518	487
502	598	518
396	459	438
426	508	603
508	618	603
618	603	620
620	640	618
640	733	618
640	845	733
845	796	733
603	556	426
441	464	456
456	421	441
456	541	421
470	501	526
501	521	526
521	527	526
521	501	527
501	524	527
524	703	527
524	522	703
524	482	522
524	501	482
480	589	513
589	629	513
629	604	513
604	493	513
629	721	604
629	757	721
757	867	721
867	912	721
757	825	867
825	1002	867
757	694	825
694	797	825
694	667	797
667	800	797
694	589	667
589	564	667
564	602	667
564	544	602
589	480	564
694	629	589
694	757	629
491	528	503
528	498	503
528	496	498
500	664	525
500	599	664
599	681	664
681	705	664
599	615	681
599	511	615
507	614	595
614	684	595
614	707	684
614	658	707
658	722	707
658	687	722
687	842	722
509	573	555
509	530	573
530	622	573
622	555	573
530	582	622
530	516	582
516	574	582
574	609	582
609	666	582
609	565	666
565	600	666
600	726	666
726	801	666
801	822	666
822	850	666
801	792	822
801	726	792
726	725	792
725	724	792
724	743	792
724	718	743
718	742	743
742	899	743
742	807	899
807	919	899
919	984	899
984	1001	899
984	1019	1001
807	781	919
781	861	919
781	766	861
807	741	781
741	581	781
741	600	581
600	565	581
741	718	600
718	724	600
724	725	600
725	726	600
741	742	718
741	807	742
609	574	565
555	428	509
515	563	613
613	541	515
523	584	654
584	634	654
634	794	654
794	729	654
794	827	729
827	853	729
853	877	729
877	874	729
874	744	729
874	905	744
905	908	744
905	933	908
905	1068	933
1068	1134	933
1068	1178	1134
1178	1257	1134
1178	1386	1257
1178	1194	1386
1178	1068	1194
1068	1056	1194
1068	853	1056
853	827	1056
827	928	1056
928	1079	1056
827	794	928
1068	877	853
1068	905	877
905	874	877
584	619	634
536	583	572
538	562	553
562	569	553
569	553	448
567	616	601
567	491	616
491	612	616
612	663	616
616	656	601
656	646	601
646	534	601
577	593	617
585	607	636
592	753	754
753	787	754
787	785	754
787	817	785
817	621	785
817	846	621
817	843	846
843	883	846
883	903	846
753	786	787
786	815	787
786	617	815
617	840	815
786	753	617
753	592	617
630	673	751
751	652	630
635	747	727
747	839	727
635	689	747
689	774	747
689	789	774
789	835	774
789	804	835
804	930	835
637	776	691
776	728	691
655	809	716
659	811	740
811	770	740
811	931	770
931	915	770
915	731	770
731	663	770
915	906	731
915	1034	906
1034	1048	906
1048	937	906
937	836	906
836	745	906
1048	1072	937
1072	1054	937
1054	932	937
1054	1047	932
1072	1164	1054
915	1036	1034
1036	1144	1034
1144	1136	1034
1144	1190	1136
1036	1020	1144
1036	931	1020
1036	915	931
659	755	811
662	692	869
692	834	869
692	810	834
692	773	810
692	768	773
692	622	768
622	765	768
685	690	777
777	686	685
686	690	685
708	735	749
749	690	708
735	790	749
790	832	749
790	860	832
790	856	860
790	802	856
802	854	856
854	888	856
888	1088	856
888	917	1088
917	949	1088
949	1064	1088
949	977	1064
977	981	1064
981	990	1064
990	1016	1064
990	879	1016
879	897	1016
897	1018	1016
1018	1115	1016
1018	1025	1115
1025	1022	1115
1022	1051	1115
1051	1094	1115
1094	1138	1115
1018	897	1025
879	783	897
783	756	897
879	838	783
838	714	783
838	802	714
838	888	802
888	854	802
838	917	888
838	949	917
838	977	949
838	981	977
838	879	981
879	990	981
790	735	802
715	816	878
734	769	830
752	761	964
767	876	935
771	829	805
829	831	805
814	916	967
814	887	916
814	850	887
967	1012	814
967	1071	1012
1071	1043	1012
819	820	995
820	953	995
821	900	863
900	958	863
833	893	871
893	946	871
946	1046	871
946	1155	1046
1155	1131	1046
1131	1183	1046
1183	1024	1046
1024	963	1046
1183	1140	1024
1183	1212	1140
1212	1243	1140
1243	1221	1140
1221	1124	1140
1221	1222	1124
1222	1209	1124
1222	1278	1209
1221	1252	1222
1221	1243	1252
1243	1272	1252
1272	1274	1252
1243	1242	1272
1243	1212	1242
1212	1314	1242
1212	1183	1314
1183	1155	1314
1183	1131	1155
946	1150	1155
893	978	946
893	973	978
973	1150	978
973	971	1150
971	1172	1150
971	972	1172
971	939	972
973	734	971
973	893	734
851	902	979
902	1057	979
902	1027	1057
902	875	1027
855	1050	923
1050	1084	923
857	1031	890
890	751	857
857	923	1031
859	993	896
993	1041	896
1041	982	896
982	845	896
845	859	896
1041	1137	982
866	1133	880
1133	1100	880
866	1093	1133
872	924	936
924	1013	936
1013	1161	936
1161	1014	936
1013	1098	1161
881	987	976
987	1149	976
987	1117	1149
1117	1214	1149
892	959	1078
895	1077	999
898	1017	1042
898	809	1017
809	952	1017
901	927	1030
1030	1075	901
1030	1106	1075
1106	1160	1075
1106	1182	1160
927	1090	1030
910	1113	1059
1113	1213	1059
910	1176	1113
918	1040	1039
1040	1074	1039
1074	1189	1039
1074	1249	1189
940	969	942
942	777	940
777	941	940
941	969	940
941	1110	969
1110	1171	969
1110	1169	1171
1169	1251	1171
1251	1302	1171
1302	1261	1171
1251	1345	1302
1251	1369	1345
1369	1376	1345
1251	1366	1369
1251	1367	1366
1251	1368	1367
1251	1370	1368
942	943	777
948	985	986
948	943	985
986	989	948
960	1033	1105
968	1101	1011
1101	1082	1011
1101	1154	1082
1154	1216	1082
1216	1132	1082
1154	1271	1216
968	1029	1101
1029	1126	1101
983	1066	1107
997	1003	1097
1003	1008	1097
1000	1062	1058
1062	1217	1058
1062	1264	1217
1264	1296	1217
1264	1320	1296
1320	1522	1296
1320	1539	1522
1320	1508	1539
1320	1388	1508
1388	1497	1508
1497	1703	1508
1388	1385	1497
1385	1418	1497
1418	1523	1497
1418	1364	1523
1364	1348	1523
1364	1276	1348
1364	1195	1276
1195	1180	1276
1195	1177	1180
1195	1204	1177
1195	1385	1204
1385	1388	1204
1195	1418	1385
1195	1364	1418
1028	1170	1116
1170	1240	1116
1240	1225	1116
1028	1095	1170
1037	1151	1174
1151	1281	1174
1044	1188	1206
1188	1239	1206
1188	1168	1239
1168	1263	1239
1188	1044	1168
1045	1130	1069
1130	1159	1069
1159	1098	1069
1130	1279	1159
1130	1270	1279
1270	1459	1279
1459	1350	1279
1459	1462	1350
1462	1400	1350
1400	1306	1350
1459	1524	1462
1130	1135	1270
1135	1207	1270
1081	1211	1167
1102	1218	1142
1218	1322	1142
1322	1128	1142
1218	1355	1322
1218	1346	1355
1346	1395	1355
1346	1328	1395
1104	1158	1121
1158	1292	1121
1292	1125	1121
1158	1262	1292
1262	1415	1292
1262	1213	1415
1141	1235	1205
1143	1208	1280
1208	1273	1280
1273	1308	1280
1308	1427	1280
1427	1428	1280
1428	1288	1280
1288	1143	1280
1428	1321	1288
1427	1492	1428
1492	1551	1428
1492	1527	1551
1492	1427	1527
1427	1577	1527
1273	1208	1308
1148	1199	1193
1148	1297	1199
1297	1220	1199
1220	1193	1199
1297	1409	1220
1409	1375	1220
1409	1374	1375
1409	1372	1374
1409	1467	1372
1409	1439	1467
1439	1516	1467
1439	1575	1516
1439	1576	1575
1576	1667	1575
1439	1378	1576
1378	1573	1576
1378	1426	1573
1426	1569	1573
1569	1638	1573
1569	1695	1638
1695	1823	1638
1439	1297	1378
1439	1409	1297
1157	1307	1301
1157	1321	1307
1321	1455	1307
1455	1344	1307
1344	1301	1307
1455	1481	1344
1455	1534	1481
1534	1523	1481
1534	1640	1523
1534	1659	1640
1659	1750	1640
1750	1835	1640
1750	1812	1835
1812	1910	1835
1910	1965	1835
1965	1867	1835
1965	1941	1867
1910	1938	1965
1938	2036	1965
1938	2033	2036
2033	2123	2036
2033	2240	2123
2240	2262	2123
2240	2291	2262
2033	2091	2240
2091	2181	2240
2181	2209	2240
2181	2180	2209
2180	2296	2209
2181	2091	2180
2033	1831	2091
1831	1874	2091
2033	1812	1831
2033	1938	1812
1938	1910	1812
1534	1455	1659
1455	1598	1659
1598	1647	1659
1598	1615	1647
1598	1551	1615
1598	1555	1551
1598	1586	1555
1162	1181	1299
1162	1157	1181
1181	1201	1299
1201	1287	1299
1287	1411	1299
1411	1430	1299
1430	1331	1299
1411	1489	1430
1489	1610	1430
1610	1606	1430
1610	1658	1606
1610	1808	1658
1808	1873	1658
1808	1886	1873
1808	1908	1886
1808	1887	1908
1808	1810	1887
1810	1883	1887
1810	1915	1883
1810	1888	1915
1810	1683	1888
1808	1614	1810
1808	1610	1614
1610	1550	1614
1550	1586	1614
1610	1489	1550
1411	1287	1489
1299	1133	1162
1166	1317	1246
1166	1187	1317
1187	1371	1317
1173	1266	1232
1266	1447	1232
1266	1413	1447
1266	1414	1413
1414	1486	1413
1232	1172	1173
1175	1236	1233
1236	1465	1233
1236	1408	1465
1408	1484	1465
1484	1488	1465
1488	1468	1465
1484	1579	1488
1484	1408	1579
1233	1176	1175
1179	1337	1260
1337	1336	1260
1336	1347	1260
1347	1281	1260
1184	1250	1237
1186	1324	1334
1324	1485	1334
1485	1532	1334
1532	1440	1334
1440	1349	1334
1440	1326	1349
1440	1359	1326
1359	1285	1326
1359	1259	1285
1259	1197	1285
1359	1397	1259
1397	1360	1259
1397	1451	1360
1451	1449	1360
1449	1315	1360
1449	1446	1315
1446	1448	1315
1448	1404	1315
1404	1192	1315
1448	1452	1404
1452	1435	1404
1435	1403	1404
1403	1362	1404
1403	1420	1362
1403	1570	1420
1570	1443	1420
1570	1609	1443
1403	1435	1570
1435	1519	1570
1435	1452	1519
1452	1448	1519
1448	1446	1519
1446	1449	1519
1449	1451	1519
1397	1453	1451
1397	1359	1453
1359	1608	1453
1532	1504	1440
1532	1607	1504
1607	1608	1504
1607	1746	1608
1746	1725	1608
1746	1926	1725
1926	1820	1725
1820	1796	1725
1926	1894	1820
1926	2039	1894
2039	1940	1894
1940	1861	1894
2039	2001	1940
2001	1932	1940
2039	2113	2001
1926	2085	2039
1926	2002	2085
2002	2189	2085
2189	2218	2085
2218	2286	2085
2218	2354	2286
2002	2065	2189
2002	1976	2065
2002	1935	1976
2002	1746	1935
1746	1826	1935
1746	1739	1826
1739	1747	1826
1739	1607	1747
1739	1746	1607
2002	1926	1746
1532	1557	1607
1532	1540	1557
1540	1580	1557
1532	1485	1540
1485	1479	1540
1479	1671	1540
1479	1664	1671
1664	1693	1671
1664	1646	1693
1646	1873	1693
1664	1479	1646
1485	1441	1479
1441	1357	1479
1441	1324	1357
1324	1310	1357
1441	1485	1324
1186	1219	1324
1215	1282	1309
1224	1283	1338
1224	1352	1283
1352	1358	1283
1352	1391	1358
1391	1365	1358
1365	1330	1358
1391	1525	1365
1283	1330	1338
1330	1425	1338
1338	1227	1224
1338	1304	1227
1226	1255	1300
1234	1417	1313
1417	1445	1313
1445	1312	1313
1312	1277	1313
1312	1340	1277
1312	1445	1340
1417	1513	1445
1513	1542	1445
1254	1401	1323
1254	1398	1401
1398	1506	1401
1398	1406	1506
1398	1392	1406
1286	1332	1311
1332	1514	1311
1514	1520	1311
1520	1476	1311
1520	1642	1476
1642	1620	1476
1620	1421	1476
1642	1789	1620
1642	1779	1789
1779	1865	1789
1865	1925	1789
1925	1921	1789
1642	1520	1779
1520	1715	1779
1520	1514	1715
1514	1712	1715
1514	1511	1712
1511	1709	1712
1511	1707	1709
1511	1530	1707
1511	1343	1530
1291	1325	1410
1410	1342	1291
1410	1475	1342
1410	1563	1475
1563	1496	1475
1563	1535	1496
1535	1528	1496
1535	1654	1528
1654	1735	1528
1735	1680	1528
1680	1650	1528
1650	1591	1528
1591	1556	1528
1556	1393	1528
1556	1363	1393
1363	1335	1393
1556	1386	1363
1556	1584	1386
1556	1650	1584
1556	1591	1650
1735	1760	1680
1760	1837	1680
1760	1868	1837
1760	1814	1868
1814	1914	1868
1814	1939	1914
1814	1913	1939
1913	2047	1939
2047	2156	1939
2047	2049	2156
1535	1563	1654
1563	1755	1654
1410	1461	1563
1294	1477	1379
1329	1458	1433
1333	1432	1399
1399	1390	1333
1399	1432	1390
1432	1491	1390
1491	1494	1390
1432	1644	1491
1432	1623	1644
1432	1559	1623
1354	1457	1431
1381	1602	1571
1602	1635	1571
1602	1696	1635
1696	1792	1635
1696	1856	1792
1856	1947	1792
1602	1603	1696
1603	1665	1696
1603	1636	1665
1636	1637	1665
1637	1666	1665
1637	1572	1666
1637	1415	1572
1602	1381	1603
1384	1585	1510
1396	1503	1547
1503	1677	1547
1677	1708	1547
1677	1717	1708
1407	1517	1473
1454	1536	1531
1536	1592	1531
1592	1660	1531
1536	1587	1592
1587	1655	1592
1463	1509	1543
1509	1633	1543
1471	1629	1626
1629	1716	1626
1716	1684	1626
1684	1521	1626
1521	1471	1626
1480	1493	1553
1505	1558	1564
1558	1612	1564
1612	1688	1564
1612	1713	1688
1713	1711	1688
1711	1729	1688
1711	1782	1729
1711	1802	1782
1802	1849	1782
1802	1878	1849
1878	1945	1849
1878	2019	1945
1802	1809	1878
1809	1978	1878
1809	2017	1978
1809	1911	2017
1911	2041	2017
2041	2117	2017
2117	2075	2017
2041	2148	2117
2148	2295	2117
2295	2300	2117
2300	2242	2117
2300	2318	2242
2318	2379	2242
2379	2316	2242
2316	2183	2242
2318	2535	2379
2535	2525	2379
2525	2483	2379
2483	2461	2379
2461	2431	2379
2461	2626	2431
2461	2625	2626
2525	2570	2483
2525	2535	2570
2535	2660	2570
2318	2462	2535
2148	2327	2295
2148	2298	2327
2148	2237	2298
1809	1807	1911
1809	1802	1807
1711	1713	1802
1612	1678	1713
1678	1807	1713
1678	1612	1807
1558	1702	1612
1702	1788	1612
1702	1832	1788
1832	1872	1788
1872	1838	1788
1838	1911	1788
1838	1943	1911
1838	1872	1943
1832	1942	1872
1942	2012	1872
1942	1879	2012
1942	1832	1879
1832	1734	1879
1832	1702	1734
1702	1616	1734
1702	1588	1616
1702	1558	1588
1505	1507	1558
1518	1582	1583
1582	1656	1583
1656	1738	1583
1656	1733	1738
1733	1753	1738
1753	1866	1738
1753	1860	1866
1860	1922	1866
1860	1892	1922
1529	1622	1605
1622	1673	1605
1622	1681	1673
1622	1698	1681
1537	1567	1566
1566	1719	1537
1719	1565	1537
1719	1740	1565
1740	1625	1565
1625	1544	1565
1740	1687	1625
1687	1685	1625
1685	1662	1625
1685	1815	1662
1815	1770	1662
1770	1704	1662
1770	1790	1704
1770	1948	1790
1948	1844	1790
1844	1755	1790
1770	1815	1948
1815	1929	1948
1929	2061	1948
1815	1685	1929
1740	1896	1687
1740	1851	1896
1851	1951	1896
1951	1962	1896
1951	2136	1962
2136	1997	1962
1997	1929	1962
1997	1999	1929
1997	2159	1999
2136	2223	1997
2136	2161	2223
2161	2332	2223
2332	2281	2223
2281	2282	2223
2282	2251	2223
2251	2159	2223
2282	2405	2251
2405	2361	2251
2281	2537	2282
2281	2485	2537
2281	2332	2485
2332	2453	2485
2332	2304	2453
2332	2161	2304
2161	2137	2304
2137	2162	2304
2137	2163	2162
2137	2105	2163
2105	2164	2163
2105	2193	2164
2193	2363	2164
2105	2055	2193
2055	1993	2193
1993	1994	2193
1994	2227	2193
1994	2083	2227
1994	1853	2083
1853	2023	2083
1853	1824	2023
1853	1799	1824
1799	1599	1824
1599	1793	1824
1793	1819	1824
1599	1794	1793
1599	1546	1794
1546	1545	1794
1799	1594	1599
1594	1447	1599
1853	1798	1799
1853	1994	1798
1994	1993	1798
1993	1777	1798
1777	1690	1798
1777	1600	1690
1777	1568	1600
1993	1927	1777
1993	2055	1927
2055	1992	1927
1992	1851	1927
1992	1951	1851
1992	2161	1951
2161	2136	1951
1992	2082	2161
2082	2137	2161
2082	2105	2137
2082	2055	2105
2082	1992	2055
1740	1719	1851
1589	1621	1710
1589	1506	1621
1621	1651	1710
1651	1730	1710
1710	1593	1589
1710	1731	1593
1710	1806	1731
1806	1876	1731
1618	1619	1754
1634	1641	1774
1639	1694	1744
1694	1741	1744
1648	1827	1762
1657	1676	1805
1676	1771	1805
1805	1764	1657
1805	1833	1764
1833	1778	1764
1805	1870	1833
1870	2032	1833
1805	1982	1870
1674	1700	1691
1726	1898	1967
1967	1847	1726
1967	1923	1847
1923	1902	1847
1902	1828	1847
1727	1759	1787
1759	1837	1787
1837	1840	1787
1840	1818	1787
1840	1980	1818
1840	1884	1980
1840	1837	1884
1737	1875	1803
1875	1916	1803
1875	1946	1916
1946	2015	1916
1946	2093	2015
1946	2011	2093
2011	2100	2093
2100	2187	2093
2011	2044	2100
2044	2152	2100
1946	1875	2011
1742	1854	1960
1854	1996	1960
1996	1959	1960
1996	1958	1959
1996	2058	1958
1996	2025	2058
2025	2107	2058
2025	2166	2107
2025	2167	2166
2167	2248	2166
2025	1961	2167
1961	2168	2167
2025	1854	1961
2025	1996	1854
1749	1773	1780
1780	1751	1749
1751	1703	1749
1703	1773	1749
1703	1767	1773
1773	1989	1780
1989	1937	1780
1989	2006	1937
2006	1975	1937
1975	1891	1937
1975	2132	1891
1975	2006	2132
1758	1842	1830
1830	1898	1758
1830	1949	1898
1830	1842	1949
1761	1920	1871
1920	2009	1871
2009	1874	1871
1920	2040	2009
1776	1995	1821
1995	1856	1821
1783	1903	1863
1863	1862	1783
1863	1930	1862
1930	1919	1862
1863	1903	1930
1783	1876	1903
1797	1952	1852
1952	1950	1852
1952	2106	1950
2106	2054	1950
2106	2135	2054
2106	2226	2135
1817	2052	2060
2052	2081	2060
2081	2059	2060
2081	2084	2059
2081	2158	2084
2081	2052	2158
2052	2113	2158
2113	2287	2158
2287	2283	2158
2283	2277	2158
2287	2421	2283
1843	1893	1890
1893	2109	1890
1858	1953	1928
1928	1892	1858
1892	1775	1858
1953	1963	1928
1858	1954	1953
1869	2145	2129
1900	2121	2153
2121	2235	2153
2121	2140	2235
2140	2230	2235
2140	2214	2230
2214	2406	2230
2140	2132	2214
2132	2211	2214
1904	1917	1987
1907	2042	2096
2042	2116	2096
2116	2265	2096
2265	2141	2096
2265	2329	2141
2329	2207	2141
2207	2143	2141
2143	2068	2141
2143	2012	2068
2143	2231	2012
2231	2237	2012
2143	2267	2231
2143	2207	2267
2207	2329	2267
2329	2351	2267
2329	2444	2351
2444	2624	2351
2624	2580	2351
2580	2391	2351
2580	2501	2391
2501	2395	2391
2395	2298	2391
2624	2712	2580
2712	2823	2580
2712	2798	2823
2798	2938	2823
2938	2942	2823
2938	3140	2942
3140	3175	2942
3175	3013	2942
3175	3164	3013
3175	3250	3164
3175	3207	3250
3207	3401	3250
3401	3391	3250
3401	3492	3391
3207	3336	3401
3207	3272	3336
3207	3194	3272
3207	3140	3194
3140	3069	3194
3140	2938	3069
2938	2944	3069
2944	2999	3069
2944	2925	2999
2925	3017	2999
2925	2945	3017
2945	2973	3017
2973	3205	3017
2973	3106	3205
3106	3230	3205
3230	3280	3205
3230	3423	3280
3423	3477	3280
3423	3500	3477
3500	3690	3477
3423	3422	3500
3422	3415	3500
3415	3535	3500
3415	3533	3535
3533	3662	3535
3415	3371	3533
3415	3285	3371
3415	3422	3285
3422	3230	3285
3230	3154	3285
3154	3212	3285
3154	3186	3212
3186	3187	3212
3186	3071	3187
3071	3195	3187
3071	3039	3195
3154	3104	3186
3154	3106	3104
3106	3005	3104
3005	2853	3104
3106	2973	3005
3154	3230	3106
3422	3423	3230
2945	2912	2973
2945	2858	2912
2858	2785	2912
2858	2711	2785
2711	2659	2785
2659	2611	2785
2611	2657	2785
2711	2677	2659
2677	2444	2659
2444	2403	2659
2444	2329	2403
2329	2375	2403
2329	2265	2375
2677	2624	2444
2677	2712	2624
2677	2769	2712
2769	2798	2712
2769	2788	2798
2788	2938	2798
2788	2944	2938
2788	2728	2944
2728	2898	2944
2898	2925	2944
2898	2858	2925
2858	2945	2925
2898	2711	2858
2898	2728	2711
2728	2677	2711
2728	2769	2677
2728	2788	2769
3207	3175	3140
2116	2261	2265
2116	2199	2261
2116	2063	2199
2063	2253	2199
2063	2072	2253
2116	2042	2063
1931	2004	2079
2004	2170	2079
2170	2080	2079
2004	2236	2170
2236	2308	2170
2308	2280	2170
1944	2077	2089
2077	2174	2089
2174	2150	2089
2150	2090	2089
2090	2019	2089
2019	1944	2089
2150	2185	2090
2185	2205	2090
2185	2323	2205
2323	2345	2205
2345	2152	2205
2323	2433	2345
2323	2401	2433
2323	2268	2401
2323	2185	2268
2185	2150	2268
2150	2174	2268
2077	2094	2174
1966	1979	2095
1979	2151	2095
2151	2217	2095
2217	2029	2095
2217	2062	2029
2217	2157	2062
2217	2367	2157
2367	2362	2157
2217	2378	2367
2378	2521	2367
2378	2511	2521
2217	2341	2378
2217	2151	2341
2151	2348	2341
2151	2190	2348
2151	1981	2190
2151	1979	1981
1969	2092	2031
2092	2186	2031
2186	2204	2031
2204	2045	2031
2186	2244	2204
2186	2208	2244
2186	2092	2208
2092	2198	2208
2198	2352	2208
2198	2350	2352
1972	2037	2003
1986	2071	2038
2035	2086	2069
2069	2070	2035
2069	2086	2070
2035	2101	2086
2035	2128	2101
2128	2124	2101
2128	2257	2124
2128	2177	2257
2043	2064	2067
2067	2138	2043
2067	2203	2138
2067	2064	2203
2064	2129	2203
2050	2098	2099
2098	2149	2099
2098	2142	2149
2142	2314	2149
2314	2299	2149
2314	2343	2299
2343	2495	2299
2495	2416	2299
2416	2390	2299
2390	2333	2299
2343	2564	2495
2314	2359	2343
2359	2443	2343
2359	2442	2443
2442	2516	2443
2442	2493	2516
2142	2155	2314
2142	1922	2155
2098	1866	2142
2098	2050	1866
2051	2252	2196
2252	2285	2196
2285	2108	2196
2252	2380	2285
2252	2368	2380
2252	2229	2368
2252	2051	2229
2056	2225	2224
2074	2144	2210
2104	2115	2233
2104	1947	2115
1947	2139	2115
2115	2312	2233
2312	2452	2233
2452	2385	2233
2385	2197	2233
2385	2389	2197
2165	2247	2220
2247	2246	2220
2246	2219	2220
2220	1995	2165
2178	2256	2206
2256	2269	2206
2269	2215	2206
2256	2418	2269
2256	2425	2418
2425	2436	2418
2436	2540	2418
2540	2567	2418
2540	2723	2567
2723	2763	2567
2763	2800	2567
2800	2807	2567
2763	2795	2800
2540	2534	2723
2540	2436	2534
2178	2138	2256
2182	2342	2255
2342	2275	2255
2275	2232	2255
2342	2420	2275
2182	2245	2342
2222	2276	2335
2276	2333	2335
2234	2258	2313
2254	2457	2301
2264	2289	2349
2289	2290	2349
2266	2325	2310
2310	2271	2266
2325	2432	2310
2325	2376	2432
2270	2322	2355
2270	2317	2322
2317	2481	2322
2481	2355	2322
2481	2577	2355
2577	2545	2355
2545	2358	2355
2358	2270	2355
2358	2211	2270
2577	2584	2545
2317	2434	2481
2434	2508	2481
2434	2539	2508
2317	2291	2434
2272	2284	2369
2284	2371	2369
2371	2409	2369
2409	2408	2369
2408	2479	2369
2408	2475	2479
2475	2598	2479
2475	2645	2598
2645	2647	2598
2647	2759	2598
2475	2644	2645
2475	2507	2644
2507	2643	2644
2643	2674	2644
2643	2507	2674
2475	2474	2507
2474	2409	2507
2474	2408	2409
2474	2475	2408
2293	2330	2397
2397	2456	2293
2319	2410	2441
2336	2445	2554
2445	2590	2554
2590	2553	2554
2590	2555	2553
2590	2656	2555
2590	2622	2656
2590	2445	2622
2445	2566	2622
2366	2585	2411
2585	2574	2411
2574	2392	2411
2574	2579	2392
2574	2681	2579
2681	2452	2579
2681	2707	2452
2681	2709	2707
2574	2833	2681
2377	2463	2393
2463	2522	2393
2381	2478	2423
2478	2499	2423
2499	2575	2423
2575	2410	2423
2410	2340	2423
2499	2478	2575
2382	2460	2404
2460	2465	2404
2384	2546	2548
2386	2562	2448
2562	2563	2448
2562	2701	2563
2701	2650	2563
2701	2738	2650
2701	2828	2738
2387	2388	2449
2387	2227	2388
2388	2412	2449
2412	2613	2449
2613	2680	2449
2680	2589	2449
2589	2387	2449
2589	2588	2387
2588	2363	2387
2588	2517	2363
2588	2652	2517
2652	2592	2517
2592	2453	2517
2652	2675	2592
2652	2704	2675
2652	2794	2704
2794	2761	2704
2761	2760	2704
2760	2758	2704
2760	2855	2758
2760	2761	2855
2761	2978	2855
2761	2971	2978
2971	3162	2978
3162	3178	2978
3178	3158	2978
3178	3242	3158
3162	3185	3178
3162	3188	3185
3162	3135	3188
3162	2971	3135
2761	2794	2971
2652	2588	2794
2588	2589	2794
2589	2825	2794
2589	2680	2825
2407	2506	2547
2407	2500	2506
2506	2633	2547
2417	2634	2638
2634	2667	2638
2667	2672	2638
2634	2599	2667
2599	2743	2667
2599	2576	2743
2576	2781	2743
2576	2619	2781
2619	2615	2781
2619	2526	2615
2526	2464	2615
2619	2528	2526
2619	2576	2528
2576	2421	2528
2576	2599	2421
2599	2634	2421
2422	2661	2477
2661	2714	2477
2661	2696	2714
2696	2813	2714
2813	2777	2714
2777	2742	2714
2777	2817	2742
2817	2849	2742
2696	2721	2813
2721	2808	2813
2721	2745	2808
2745	2831	2808
2831	2874	2808
2831	2989	2874
2831	2871	2989
2871	2948	2989
2948	3064	2989
2745	2584	2831
2745	2503	2584
2745	2721	2503
2721	2696	2503
2696	2661	2503
2422	2406	2661
2430	2467	2486
2467	2509	2486
2467	2513	2509
2467	2473	2513
2467	2440	2473
2437	2565	2471
2565	2530	2471
2530	2439	2471
2439	2244	2471
2530	2603	2439
2603	2519	2439
2519	2500	2439
2603	2604	2519
2530	2673	2603
2530	2565	2673
2438	2609	2698
2609	2646	2698
2646	2830	2698
2830	2736	2698
2736	2735	2698
2830	2974	2736
2830	2862	2974
2862	3051	2974
3051	3050	2974
3050	3049	2974
3050	3209	3049
3050	3051	3209
3051	3241	3209
3241	3282	3209
3241	3397	3282
3397	3313	3282
3313	3312	3282
3397	3538	3313
3397	3428	3538
3428	3605	3538
3605	3604	3538
3604	3603	3538
3604	3781	3603
3604	3605	3781
2450	2559	2518
2518	2493	2450
2493	2365	2450
2559	2560	2518
2560	2561	2518
2451	2489	2491
2489	2700	2491
2455	2662	2653
2468	2542	2532
2468	2607	2542
2607	2532	2542
2607	2687	2532
2687	2581	2532
2607	2747	2687
2468	2600	2607
2468	2544	2600
2470	2569	2524
2472	2498	2606
2498	2605	2606
2606	2691	2472
2691	2683	2472
2606	2724	2691
2606	2753	2724
2606	2789	2753
2789	2913	2753
2789	2910	2913
2910	2996	2913
2488	2552	2550
2552	2693	2550
2693	2627	2550
2512	2639	2597
2639	2676	2597
2676	2569	2597
2515	2628	2654
2520	2594	2678
2594	2764	2678
2764	2679	2678
2594	2834	2764
2834	2921	2764
2921	2888	2764
2529	2690	2541
2529	2595	2690
2531	2671	2635
2671	2668	2635
2668	2632	2635
2668	2779	2632
2779	2636	2632
2779	2772	2636
2538	2749	2746
2749	2784	2746
2749	2943	2784
2943	2876	2784
2876	2878	2784
2749	2744	2943
2744	2967	2943
2749	2538	2744
2583	2792	2730
2623	2750	2778
2640	2703	2809
2703	2824	2809
2824	2842	2809
2842	2837	2809
2837	2748	2809
2748	2640	2809
2837	2931	2748
2837	2970	2931
2970	3059	2931
2970	3063	3059
2970	2959	3063
2959	3019	3063
2970	2842	2959
2842	2824	2959
2824	2803	2959
2824	2762	2803
2824	2703	2762
2970	2837	2842
2641	2866	2684
2866	2752	2684
2641	2878	2866
2878	2894	2866
2878	3018	2894
2649	2827	2826
2658	2783	2766
2682	2770	2787
2688	2710	2734
2692	2844	2720
2720	2633	2692
2844	2836	2720
2844	2941	2836
2941	2814	2836
2941	2991	2814
2991	2907	2814
2907	2774	2814
2991	3062	2907
3062	2993	2907
3062	3116	2993
3062	3134	3116
3134	3139	3116
3134	3218	3139
3218	3325	3139
3218	3293	3325
3293	3352	3325
3293	3304	3352
3304	3353	3352
3353	3483	3352
3483	3583	3352
3483	3528	3583
3528	3643	3583
3528	3555	3643
3555	3546	3643
3546	3702	3643
3702	3753	3643
3702	3823	3753
3702	3854	3823
3854	3926	3823
3926	3958	3823
3854	3924	3926
3854	3839	3924
3546	3564	3702
3564	3558	3702
3558	3589	3702
3589	3672	3702
3672	3706	3702
3589	3527	3672
3589	3557	3527
3589	3558	3557
3558	3462	3557
3462	3330	3557
3462	3299	3330
3558	3546	3462
3546	3524	3462
3524	3555	3462
3555	3528	3462
3528	3483	3462
3483	3353	3462
3524	3546	3555
3558	3564	3546
3293	3218	3304
2991	3066	3062
3066	3093	3062
3093	3126	3062
3093	3124	3126
3124	3218	3126
3124	3093	3218
2692	2891	2844
2891	3067	2844
2891	2935	3067
2935	3118	3067
2935	2932	3118
2932	2880	3118
2880	3091	3118
3091	3146	3118
3091	3094	3146
3094	3167	3146
3094	3173	3167
3173	3315	3167
3173	3380	3315
3094	3120	3173
3120	3117	3173
3091	3028	3094
3028	3021	3094
3021	3025	3094
3025	3117	3094
3028	2895	3021
2895	2940	3021
2940	3026	3021
3026	3120	3021
2940	2900	3026
2940	2818	2900
2895	2751	2940
3028	2880	2895
3028	3091	2880
2932	2903	2880
2903	2841	2880
2841	2718	2880
2841	2673	2718
2841	2847	2673
2841	2903	2847
2903	2902	2847
2902	2935	2847
2935	2891	2847
2902	2932	2935
2902	2903	2932
2692	2604	2891
2694	2697	2791
2697	2737	2791
2737	2863	2791
2863	2915	2791
2863	2975	2915
2975	3053	2915
3053	3043	2915
3053	3157	3043
3053	3108	3157
3053	2975	3108
2975	3052	3108
3052	3181	3108
2705	2755	2810
2810	2848	2705
2810	2872	2848
2872	2956	2848
2810	2884	2872
2810	2775	2884
2810	2755	2775
2713	2776	2725
2713	2729	2776
2729	2947	2776
2947	2908	2776
2908	2725	2776
2947	2968	2908
2968	2980	2908
2980	2958	2908
2980	3084	2958
3084	3130	2958
3130	3114	2958
3114	2995	2958
2995	2799	2958
2995	2962	2799
2962	2688	2799
2995	3068	2962
3068	2960	2962
2995	3115	3068
3115	3244	3068
3244	3197	3068
3115	3249	3244
3249	3292	3244
3249	3259	3292
3259	3387	3292
3387	3351	3292
3387	3487	3351
3487	3488	3351
3487	3578	3488
3487	3591	3578
3487	3517	3591
3517	3580	3591
3580	3756	3591
3580	3750	3756
3750	3928	3756
3928	3787	3756
3517	3387	3580
3517	3487	3387
3259	3327	3387
2995	3114	3115
3084	3302	3130
2980	2968	3084
2729	2869	2947
2869	2994	2947
2994	3036	2947
2994	3164	3036
3164	3142	3036
2715	2782	2937
2937	2838	2715
2731	2732	2949
2731	2674	2732
2949	2952	2731
2949	3006	2952
2740	2786	2832
2756	2780	2896
2780	2804	2896
2804	2893	2896
2893	3034	2896
3034	2998	2896
2998	2904	2896
2904	2843	2896
2843	2756	2896
2843	2771	2756
2998	3090	2904
3090	2983	2904
3090	3057	2983
3090	3144	3057
3090	3034	3144
3090	2998	3034
2893	3022	3034
2765	2851	2820
2851	2833	2820
2851	2867	2833
2820	2585	2765
2793	3004	3003
3004	3079	3003
3079	3040	3003
3040	3042	3003
3004	3080	3079
3080	3189	3079
3080	3277	3189
3080	3274	3277
3274	3349	3277
3349	3390	3277
3274	3215	3349
2819	2822	2892
2821	2856	2963
2856	2965	2963
2965	2984	2963
2829	2887	2950
2887	2951	2950
2840	2909	3099
3099	2967	2840
3099	3137	2967
3099	3221	3137
3221	3254	3137
3221	3276	3254
3221	3303	3276
3303	3386	3276
3099	3087	3221
2850	3010	2857
2879	3065	2897
2882	2992	3012
3012	2783	2882
2783	2773	2882
2773	2730	2882
3012	2979	2783
3012	3133	2979
3012	3132	3133
3132	3206	3133
3132	3214	3206
3214	3231	3206
3231	3400	3206
3132	3184	3214
3184	3337	3214
3184	3373	3337
3373	3444	3337
3444	3362	3337
3444	3572	3362
3373	3478	3444
3373	3479	3478
2901	2905	2961
2905	3081	2961
2918	3055	3001
3055	3100	3001
3100	3098	3001
3098	2992	3001
3055	3110	3100
3055	3109	3110
3109	3320	3110
3055	3074	3109
3074	3107	3109
3001	2792	2918
2920	2953	2954
2954	3131	2920
2954	3180	3131
2934	3029	2988
3029	3061	2988
3061	3058	2988
3061	3122	3058
2977	3179	3038
2986	3030	3163
3030	3199	3163
3030	3170	3199
3170	3258	3199
3258	3331	3199
3170	3220	3258
3163	3148	2986
3148	3085	2986
2987	3127	3056
2987	3018	3127
3018	3145	3127
3000	3070	3073
3002	3159	3033
3007	3156	3076
3156	3155	3076
3156	3286	3155
3286	3243	3155
3286	3316	3243
3286	3404	3316
3404	3406	3316
3404	3491	3406
3491	3441	3406
3491	3522	3441
3491	3629	3522
3629	3579	3522
3629	3687	3579
3687	3661	3579
3027	3251	3219
3251	3223	3219
3031	3166	3037
3166	3082	3037
3166	3193	3082
3193	3136	3082
3136	2921	3082
3193	3270	3136
3193	3343	3270
3193	3384	3343
3193	3322	3384
3193	3166	3322
3166	3198	3322
3198	3346	3322
3166	3119	3198
3166	3031	3119
3031	3085	3119
3041	3171	3204
3171	3255	3204
3255	3294	3204
3041	3112	3171
3046	3264	3240
3264	3239	3240
3240	3006	3046
3006	3047	3046
3078	3211	3262
3078	3042	3211
3078	3009	3042
3211	3364	3262
3364	3445	3262
3445	3307	3262
3445	3403	3307
3095	3200	3253
3253	3151	3095
3147	3273	3247
3273	3296	3247
3296	3227	3247
3273	3412	3296
3412	3357	3296
3412	3442	3357
3442	3526	3357
3526	3354	3357
3354	3224	3357
3224	3225	3357
3224	3149	3225
3354	3305	3224
3354	3410	3305
3410	3463	3305
3410	3485	3463
3485	3646	3463
3485	3495	3646
3495	3765	3646
3765	3737	3646
3737	3790	3646
3790	3586	3646
3790	3649	3586
3649	3548	3586
3649	3651	3548
3649	3707	3651
3707	3703	3651
3703	3647	3651
3707	3852	3703
3852	3822	3703
3707	3846	3852
3846	3916	3852
3916	4031	3852
3846	3790	3916
3790	3968	3916
3846	3649	3790
3846	3707	3649
3495	3526	3765
3526	3588	3765
3588	3704	3765
3704	3764	3765
3704	3763	3764
3763	3799	3764
3763	3724	3799
3724	3674	3799
3674	3820	3799
3820	3921	3799
3820	3848	3921
3724	3676	3674
3724	3763	3676
3763	3678	3676
3763	3704	3678
3704	3588	3678
3526	3442	3588
3495	3354	3526
3495	3485	3354
3485	3410	3354
3152	3232	3183
3232	3301	3183
3301	3216	3183
3301	3267	3216
3301	3374	3267
3374	3367	3267
3301	3509	3374
3301	3454	3509
3301	3232	3454
3232	3340	3454
3340	3471	3454
3471	3507	3454
3340	3369	3471
3369	3472	3471
3232	3174	3340
3232	3152	3174
3176	3402	3287
3202	3341	3278
3217	3289	3275
3289	3372	3275
3372	3344	3275
3372	3447	3344
3372	3443	3447
3234	3405	3396
3405	3508	3396
3508	3416	3396
3416	3389	3396
3416	3499	3389
3499	3408	3389
3416	3508	3499
3508	3720	3499
3405	3577	3508
3248	3300	3356
3256	3366	3417
3366	3438	3417
3366	3457	3438
3457	3632	3438
3366	3541	3457
3366	3383	3541
3291	3317	3515
3295	3359	3381
3359	3382	3381
3382	3436	3381
3382	3359	3436
3359	3489	3436
3359	3347	3489
3309	3310	3506
3309	3264	3310
3506	3505	3309
3506	3568	3505
3314	3429	3370
3429	3474	3370
3429	3539	3474
3539	3607	3474
3607	3608	3474
3607	3716	3608
3607	3664	3716
3607	3539	3664
3539	3606	3664
3606	3746	3664
3318	3498	3333
3333	3142	3318
3333	3335	3142
3335	3319	3142
3333	3498	3335
3318	3513	3498
3513	3562	3498
3562	3543	3498
3562	3581	3543
3562	3772	3581
3513	3587	3562
3513	3566	3587
3513	3391	3566
3513	3318	3391
3323	3355	3361
3323	3458	3355
3458	3465	3355
3465	3361	3355
3465	3409	3361
3465	3497	3409
3497	3490	3409
3490	3346	3409
3490	3521	3346
3521	3560	3346
3490	3675	3521
3490	3553	3675
3553	3648	3675
3648	3685	3675
3685	3816	3675
3685	3873	3816
3685	3761	3873
3685	3653	3761
3653	3700	3761
3653	3455	3700
3455	3641	3700
3455	3439	3641
3439	3621	3641
3621	3650	3641
3621	3647	3650
3653	3458	3455
3653	3465	3458
3653	3648	3465
3648	3553	3465
3553	3497	3465
3553	3490	3497
3653	3685	3648
3361	3163	3323
3324	3328	3437
3324	3127	3328
3324	3228	3127
3328	3432	3437
3328	3329	3432
3437	3446	3324
3334	3459	3385
3459	3413	3385
3459	3534	3413
3534	3452	3413
3534	3554	3452
3534	3680	3554
3680	3669	3554
3680	3723	3669
3680	3788	3723
3788	3855	3723
3788	3857	3855
3857	3997	3855
3997	4006	3855
3997	4130	4006
3997	4114	4130
3997	4025	4114
4025	4101	4114
4025	3978	4101
4025	3909	3978
3909	3851	3978
3909	3857	3851
3909	3997	3857
3909	4025	3997
3680	3654	3788
3680	3534	3654
3534	3519	3654
3534	3459	3519
3338	3424	3395
3424	3419	3395
3424	3469	3419
3469	3349	3419
3469	3531	3349
3469	3593	3531
3593	3626	3531
3626	3582	3531
3626	3642	3582
3395	3179	3338
3358	3407	3484
3368	3537	3431
3431	3242	3368
3431	3430	3242
3368	3403	3537
3403	3616	3537
3616	3722	3537
3722	3745	3537
3745	3715	3537
3745	3804	3715
3722	3749	3745
3722	3754	3749
3722	3616	3754
3375	3398	3376
3398	3618	3376
3398	3420	3618
3420	3467	3618
3467	3523	3618
3523	3638	3618
3638	3670	3618
3638	3739	3670
3523	3520	3638
3520	3516	3638
3516	3575	3638
3575	3655	3638
3516	3435	3575
3523	3467	3520
3467	3420	3520
3398	3255	3420
3398	3375	3255
3377	3576	3574
3377	3390	3576
3390	3624	3576
3576	3598	3574
3574	3364	3377
3394	3414	3411
3421	3440	3597
3440	3470	3597
3426	3569	3427
3448	3663	3681
3663	3740	3681
3740	3887	3681
3740	3861	3887
3740	3841	3861
3740	3719	3841
3450	3512	3596
3512	3559	3596
3559	3717	3596
3717	3656	3596
3717	3777	3656
3717	3830	3777
3830	3890	3777
3559	3635	3717
3559	3511	3635
3596	3614	3450
3453	3536	3532
3473	3504	3503
3503	3688	3473
3503	3752	3688
3752	3811	3688
3811	3633	3688
3811	3812	3633
3812	3631	3633
3812	3665	3631
3665	3630	3631
3665	3721	3630
3665	3791	3721
3665	3812	3791
3812	3898	3791
3898	3934	3791
3812	3811	3898
3811	3907	3898
3907	4043	3898
4043	4070	3898
3811	3752	3907
3752	3813	3907
3813	3972	3907
3813	3814	3972
3814	3810	3972
3813	3752	3814
3475	3634	3567
3634	3666	3567
3634	3833	3666
3833	3886	3666
3833	3935	3886
3833	3938	3935
3482	3691	3697
3691	3755	3697
3755	3725	3697
3725	3658	3697
3725	3689	3658
3725	3888	3689
3888	3818	3689
3888	3930	3818
3888	3937	3930
3937	4100	3930
4100	4109	3930
4100	4161	4109
4161	4102	4109
4161	4229	4102
4161	4288	4229
4161	4100	4288
4100	4297	4288
4100	4093	4297
4100	3937	4093
3888	3919	3937
3919	3995	3937
3919	3970	3995
3919	3859	3970
3919	3755	3859
3755	3691	3859
3691	3783	3859
3919	3888	3755
3888	3725	3755
3525	3694	3551
3525	3622	3694
3525	3532	3622
3530	3556	3563
3556	3594	3563
3594	3686	3563
3686	3679	3563
3594	3748	3686
3748	3780	3686
3542	3762	3615
3762	3751	3615
3762	3819	3751
3819	3975	3751
3975	3956	3751
3975	4036	3956
4036	3952	3956
4036	3976	3952
4036	4079	3976
4079	3933	3976
4036	4124	4079
4036	4017	4124
4017	4065	4124
4017	4056	4065
4056	4110	4065
4110	4245	4065
4110	4271	4245
4271	4362	4245
4271	4369	4362
4369	4394	4362
4369	4441	4394
4441	4436	4394
4441	4464	4436
4441	4619	4464
4369	4437	4441
4369	4334	4437
4369	4292	4334
4017	3843	4056
3843	4001	4056
3843	3955	4001
3955	4042	4001
3843	3815	3955
3843	3819	3815
3819	3762	3815
3843	4017	3819
4017	3975	3819
4017	4036	3975
3571	3609	3659
3599	3829	3809
3829	3810	3809
3809	3568	3599
3568	3600	3599
3617	3729	3657
3617	3668	3729
3623	3835	3728
3728	3655	3623
3728	3789	3655
3728	3840	3789
3840	3931	3789
3728	3862	3840
3728	3835	3862
3835	4024	3862
3835	3831	4024
3835	3623	3831
3623	3782	3831
3637	3731	3773
3660	3711	3836
3711	3720	3836
3720	3766	3836
3766	3912	3836
3912	3894	3836
3912	3986	3894
3986	4041	3894
4041	3959	3894
4041	4003	3959
4003	3949	3959
3986	4106	4041
4106	4159	4041
4106	4060	4159
4060	4209	4159
4060	4128	4209
4128	4257	4209
4128	4204	4257
4128	4126	4204
4126	4233	4204
4126	4104	4233
4104	4231	4233
4231	4390	4233
4128	4038	4126
4038	3987	4126
3987	3941	4126
3941	3914	4126
3941	3768	3914
3768	3867	3914
3867	3850	3914
3867	3796	3850
3796	3736	3850
3867	3768	3796
3941	3824	3768
3941	3987	3824
3987	3869	3824
3869	3766	3824
3869	3912	3766
4128	4060	4038
4106	3986	4060
3986	3912	4060
3705	3795	3733
3795	3868	3733
3795	3927	3868
3927	3957	3868
3726	3760	3730
3726	3758	3760
3758	3784	3760
3784	3807	3760
3784	3803	3807
3803	3828	3807
3828	3875	3807
3875	4026	3807
3875	4047	4026
4047	4193	4026
3875	3905	4047
3875	3828	3905
3758	3757	3784
3758	3726	3757
3732	3797	3744
3797	3802	3744
3802	3719	3744
3719	3619	3744
3802	3865	3719
3802	3797	3865
3738	3896	3794
3896	3918	3794
3759	3897	3767
3897	3783	3767
3759	3895	3897
3895	4030	3897
3895	3886	4030
3895	3759	3886
3776	3936	3842
3936	3900	3842
3900	3880	3842
3792	3904	3901
3806	3954	3893
3893	3746	3806
3954	3983	3893
3983	3989	3893
3983	4034	3989
3983	4068	4034
4068	4148	4034
4068	4181	4148
4181	4307	4148
4068	4009	4181
4068	3947	4009
3947	3882	4009
3947	3858	3882
3947	3806	3858
3947	3954	3806
3947	4068	3954
4068	3983	3954
3832	3856	3910
3910	3772	3832
3910	3932	3772
3844	3849	3889
3849	3943	3889
3943	3885	3889
3943	3985	3885
3985	4037	3885
3985	4107	4037
3985	3943	4107
3871	3902	3915
3876	3922	3877
3922	3879	3877
3903	4019	3923
3906	4069	3969
4069	4010	3969
4010	3849	3969
4069	4155	4010
4155	4187	4010
4187	4073	4010
4187	4096	4073
4187	4256	4096
4256	4140	4096
4140	4107	4096
4140	4158	4107
4140	4184	4158
4184	4310	4158
4310	4153	4158
4310	4186	4153
4186	4156	4153
4156	4119	4153
4156	4037	4119
4156	4154	4037
4154	4147	4037
4147	4146	4037
4147	4171	4146
4171	4142	4146
4171	4164	4142
4171	4207	4164
4207	4176	4164
4207	4304	4176
4304	4299	4176
4299	4167	4176
4167	4136	4176
4167	4134	4136
4134	4089	4136
4134	4097	4089
4304	4340	4299
4340	4380	4299
4207	4262	4304
4207	4171	4262
4171	4154	4262
4154	4186	4262
4186	4310	4262
4310	4321	4262
4310	4422	4321
4310	4486	4422
4486	4591	4422
4486	4580	4591
4486	4455	4580
4455	4542	4580
4542	4653	4580
4486	4310	4455
4310	4264	4455
4264	4305	4455
4264	4256	4305
4264	4140	4256
4264	4234	4140
4234	4205	4140
4205	4184	4140
4205	4310	4184
4205	4234	4310
4234	4264	4310
4154	4156	4186
4171	4147	4154
3906	4004	4069
4004	4029	4069
3911	4099	3964
4099	4090	3964
4099	4145	4090
4145	4143	4090
4145	4258	4143
4258	4177	4143
3911	4020	4099
3944	4085	3992
3992	3804	3944
3992	3991	3804
3992	4018	3991
4018	4135	3991
4135	4137	3991
4135	4163	4137
4163	4239	4137
4239	4125	4137
4163	4303	4239
4018	4085	4135
4018	3992	4085
3946	3953	4000
3948	4077	3973
3948	3950	4077
3967	4123	4057
4123	4183	4057
4183	4208	4057
3967	3931	4123
3974	4021	3993
4021	3990	3993
4021	4098	3990
4021	3998	4098
4021	3979	3998
4021	3921	3979
4021	3974	3921
3977	4108	3999
4108	4083	3999
3977	4035	4108
4035	4224	4108
4224	4203	4108
4203	4290	4108
4203	4249	4290
4203	4224	4249
4224	4347	4249
4224	4260	4347
4260	4328	4347
4328	4454	4347
4454	4485	4347
4485	4465	4347
4485	4604	4465
4485	4539	4604
4539	4618	4604
4618	4641	4604
4641	4694	4604
4694	4574	4604
4641	4672	4694
4672	4721	4694
4721	4765	4694
4765	4737	4694
4737	4699	4694
4737	4765	4699
4765	4818	4699
4818	4697	4699
4765	4777	4818
4777	4821	4818
4821	4853	4818
4821	4854	4853
4854	4885	4853
4854	4914	4885
4914	4922	4885
4914	4932	4922
4914	4902	4932
4902	4982	4932
4902	4956	4982
4956	4995	4982
4995	5008	4982
5008	4907	4982
4995	5011	5008
5011	5039	5008
5039	4941	5008
5039	4991	4941
4991	4860	4941
4860	4831	4941
4991	4987	4860
4991	5026	4987
5026	4966	4987
5026	5086	4966
5086	5066	4966
5086	5084	5066
5084	5053	5066
5084	5111	5053
5084	5130	5111
5130	5144	5111
5144	5148	5111
5144	5162	5148
5162	5169	5148
5162	5158	5169
5158	5156	5169
5156	5151	5169
5151	5164	5169
5151	5171	5164
5151	5174	5171
5156	5123	5151
5123	5099	5151
5099	5104	5151
5104	5146	5151
5104	5093	5146
5104	5006	5093
5162	5129	5158
5162	5144	5129
5144	5143	5129
5143	5057	5129
5057	5071	5129
5071	5074	5129
5071	5029	5074
5029	5044	5074
5071	5057	5029
5144	5130	5143
5130	5126	5143
5130	5112	5126
5112	5107	5126
5112	5087	5107
5087	5033	5107
5112	5083	5087
5083	5080	5087
5083	5039	5080
5039	5027	5080
5039	5025	5027
5039	5011	5025
5083	5060	5039
5060	4991	5039
5060	5026	4991
5060	5086	5026
5060	5083	5086
5083	5112	5086
5112	5130	5086
5130	5084	5086
4777	4721	4821
4777	4765	4721
4641	4628	4672
4628	4554	4672
4539	4571	4618
4485	4454	4539
4454	4473	4539
4328	4336	4454
4336	4397	4454
4397	4424	4454
4397	4366	4424
4366	4354	4424
4366	4315	4354
4366	4287	4315
4287	4289	4315
4289	4240	4315
4289	4268	4240
4268	4116	4240
4116	4179	4240
4268	4216	4116
4268	4277	4216
4277	4199	4216
4199	4192	4216
4199	4191	4192
4191	4166	4192
4191	4131	4166
4191	4225	4131
4225	4230	4131
4230	4058	4131
4230	4032	4058
4032	3968	4058
3968	3990	4058
4230	4111	4032
4111	4031	4032
4230	4293	4111
4293	4196	4111
4293	4336	4196
4336	4328	4196
4328	4260	4196
4260	4224	4196
4293	4335	4336
4335	4397	4336
4335	4366	4397
4335	4272	4366
4272	4287	4366
4272	4277	4287
4277	4268	4287
4268	4289	4287
4272	4225	4277
4225	4199	4277
4225	4191	4199
4272	4230	4225
4272	4293	4230
4272	4335	4293
3980	4055	4075
4055	4174	4075
4174	4173	4075
3980	3982	4055
3981	4051	4133
4133	4139	3981
4133	4241	4139
4241	4251	4139
4241	4415	4251
4415	4398	4251
4398	4420	4251
4420	4254	4251
4420	4450	4254
4450	4243	4254
4450	4410	4243
4410	4219	4243
4410	4252	4219
4450	4478	4410
4450	4530	4478
4420	4433	4450
4433	4472	4450
4472	4484	4450
3984	4063	3996
3988	4162	4015
4015	3797	3988
3797	3940	3988
3940	3949	3988
3949	4162	3988
3940	3920	3949
4015	4040	3797
4015	4062	4040
4015	4162	4062
4007	4008	4091
4012	4149	4067
4149	4151	4067
4028	4039	4129
4129	4178	4028
4129	4314	4178
4129	4177	4314
4044	4095	4150
4044	4046	4095
4045	4152	4072
4049	4169	4071
4059	4168	4214
4214	4223	4059
4064	4218	4190
4218	4279	4190
4080	4132	4227
4227	4168	4080
4092	4144	4194
4117	4157	4175
4157	4280	4175
4280	4198	4175
4121	4200	4221
4200	4275	4221
4200	4311	4275
4311	4421	4275
4311	4381	4421
4141	4282	4274
4282	4416	4274
4160	4263	4323
4263	4382	4323
4382	4434	4323
4382	4522	4434
4382	4487	4522
4487	4564	4522
4564	4636	4522
4636	4615	4522
4564	4607	4636
4607	4638	4636
4638	4774	4636
4774	4766	4636
4607	4487	4638
4607	4564	4487
4382	4384	4487
4382	4263	4384
4263	4327	4384
4263	4278	4327
4278	4266	4327
4278	4152	4266
4152	4180	4266
4263	4188	4278
4323	4306	4160
4197	4350	4228
4212	4265	4355
4265	4322	4355
4322	4373	4355
4373	4543	4355
4220	4300	4319
4220	4193	4300
4236	4417	4237
4417	4370	4237
4417	4546	4370
4546	4521	4370
4521	4368	4370
4546	4614	4521
4417	4440	4546
4440	4467	4546
4440	4309	4467
4440	4417	4309
4417	4236	4309
4236	4150	4309
4150	4270	4309
4238	4302	4273
4244	4283	4246
4283	4372	4246
4372	4351	4246
4372	4570	4351
4570	4575	4351
4570	4716	4575
4716	4579	4575
4248	4439	4250
4250	4063	4248
4276	4482	4461
4482	4502	4461
4482	4533	4502
4295	4349	4308
4295	4442	4349
4318	4458	4358
4458	4490	4358
4490	4518	4358
4518	4569	4358
4569	4409	4358
4569	4517	4409
4569	4590	4517
4569	4696	4590
4318	4431	4458
4320	4519	4430
4519	4489	4430
4519	4592	4489
4592	4544	4489
4592	4600	4544
4592	4680	4600
4680	4706	4600
4706	4676	4600
4680	4714	4706
4714	4832	4706
4680	4647	4714
4647	4763	4714
4647	4634	4763
4634	4824	4763
4824	4799	4763
4634	4701	4824
4701	4743	4824
4743	4877	4824
4743	4779	4877
4743	4688	4779
4688	4741	4779
4743	4613	4688
4743	4701	4613
4647	4592	4634
4592	4519	4634
4647	4680	4592
4324	4376	4374
4374	4520	4324
4374	4545	4520
4545	4693	4520
4545	4568	4693
4568	4567	4693
4568	4545	4567
4545	4374	4567
4374	4565	4567
4565	4627	4567
4565	4589	4627
4589	4643	4627
4565	4566	4589
4566	4376	4589
4566	4374	4376
4566	4565	4374
4325	4470	4426
4470	4549	4426
4549	4527	4426
4549	4664	4527
4549	4587	4664
4587	4656	4664
4656	4727	4664
4727	4732	4664
4727	4834	4732
4656	4724	4727
4724	4782	4727
4724	4720	4782
4549	4470	4587
4330	4428	4352
4428	4514	4352
4338	4405	4404
4404	4400	4338
4400	4359	4338
4400	4399	4359
4399	4401	4359
4401	4402	4359
4401	4431	4402
4431	4403	4402
4338	4364	4405
4364	4407	4405
4407	4460	4405
4407	4429	4460
4407	4364	4429
4342	4367	4393
4393	4388	4342
4393	4534	4388
4367	4408	4393
4367	4378	4408
4378	4418	4408
4418	4468	4408
4418	4423	4468
4423	4443	4468
4443	4448	4468
4448	4476	4468
4476	4586	4468
4476	4526	4586
4443	4423	4448
4418	4378	4423
4343	4559	4504
4504	4350	4343
4350	4222	4343
4343	4516	4559
4345	4425	4375
4375	4314	4345
4345	4505	4425
4345	4379	4505
4379	4432	4505
4432	4551	4505
4551	4550	4505
4551	4621	4550
4551	4609	4621
4609	4603	4621
4603	4644	4621
4644	4750	4621
4609	4585	4603
4585	4577	4603
4577	4556	4603
4379	4391	4432
4346	4361	4480
4356	4462	4360
4371	4499	4469
4383	4456	4540
4406	4560	4419
4419	4303	4406
4560	4611	4419
4560	4639	4611
4639	4711	4611
4560	4557	4639
4411	4483	4515
4483	4552	4515
4552	4655	4515
4655	4555	4515
4655	4659	4555
4659	4471	4555
4659	4525	4471
4515	4300	4411
4412	4438	4538
4438	4562	4538
4427	4492	4547
4492	4612	4547
4612	4593	4547
4593	4453	4547
4453	4427	4547
4593	4583	4453
4583	4563	4453
4583	4677	4563
4583	4593	4677
4492	4573	4612
4573	4652	4612
4573	4561	4652
4492	4452	4573
4444	4479	4576
4479	4509	4576
4479	4496	4509
4496	4513	4509
4496	4665	4513
4447	4506	4511
4511	4390	4447
4511	4508	4390
4508	4428	4390
4511	4578	4508
4451	4617	4491
4617	4588	4491
4588	4524	4491
4459	4616	4598
4616	4708	4598
4708	4682	4598
4616	4658	4708
4658	4808	4708
4616	4629	4658
4629	4662	4658
4488	4594	4673
4594	4686	4673
4686	4719	4673
4594	4684	4686
4594	4650	4684
4650	4752	4684
4650	4679	4752
4679	4718	4752
4679	4622	4718
4622	4689	4718
4689	4802	4718
4802	4847	4718
4689	4760	4802
4760	4861	4802
4689	4685	4760
4689	4584	4685
4689	4622	4584
4673	4541	4488
4495	4608	4507
4507	4416	4495
4507	4510	4416
4507	4536	4510
4536	4557	4510
4497	4646	4642
4646	4663	4642
4663	4769	4642
4663	4759	4769
4663	4739	4759
4739	4840	4759
4739	4740	4840
4740	4875	4840
4739	4633	4740
4739	4595	4633
4739	4663	4595
4663	4646	4595
4642	4543	4497
4503	4597	4620
4597	4602	4620
4597	4610	4602
4610	4537	4602
4597	4582	4610
4582	4548	4610
4553	4651	4632
4572	4681	4635
4581	4631	4648
4631	4705	4648
4705	4731	4648
4581	4576	4631
4606	4626	4674
4606	4615	4626
4674	4644	4606
4624	4630	4640
4630	4798	4640
4798	4717	4640
4717	4649	4640
4649	4624	4640
4649	4504	4624
4649	4669	4504
4649	4717	4669
4717	4687	4669
4717	4707	4687
4717	4729	4707
4729	4726	4707
4729	4787	4726
4729	4778	4787
4778	4901	4787
4729	4717	4778
4717	4798	4778
4630	4661	4798
4661	4817	4798
4661	4675	4817
4675	4704	4817
4675	4703	4704
4657	4666	4767
4660	4713	4757
4660	4693	4713
4693	4771	4713
4771	4816	4713
4816	4757	4713
4816	4864	4757
4693	4768	4771
4768	4839	4771
4768	4890	4839
4757	4696	4660
4757	4801	4696
4801	4741	4696
4683	4730	4754
4754	4733	4683
4754	4815	4733
4754	4859	4815
4859	4930	4815
4930	4906	4815
4930	5021	4906
5021	5001	4906
5001	4927	4906
4927	4858	4906
4927	4868	4858
5001	5017	4927
5021	5067	5001
5021	5103	5067
5103	5116	5067
5116	5067	5070
5070	5105	5116
5103	5160	5116
4690	4725	4770
4725	4797	4770
4797	4888	4770
4797	4894	4888
4797	4841	4894
4691	4723	4758
4723	4728	4758
4698	4753	4811
4753	4828	4811
4698	4709	4753
4709	4803	4753
4709	4795	4803
4700	4829	4736
4715	4820	4844
4722	4830	4900
4900	4823	4722
4823	4723	4722
4900	4809	4823
4735	4855	4833
4738	4866	4756
4746	4850	4775
4775	4681	4746
4746	4809	4850
4748	4814	4785
4785	4790	4748
4785	4882	4790
4785	4814	4882
4814	4865	4882
4749	4827	4781
4781	4852	4749
4781	4825	4852
4781	4827	4825
4755	4813	4792
4755	4812	4813
4755	4794	4812
4755	4716	4794
4716	4786	4794
4786	4805	4794
4761	4908	4806
4908	4960	4806
4960	4949	4806
4949	4896	4806
4896	4829	4806
4949	4924	4896
4960	4963	4949
4963	4949	4986
4761	4849	4908
4849	4915	4908
4915	4942	4908
4915	4880	4942
4915	4849	4880
4772	4845	4856
4800	4851	4837
4800	4897	4851
4897	4872	4851
4872	4837	4851
4897	4911	4872
4911	4887	4872
4897	4939	4911
4939	4955	4911
4955	4923	4911
4955	4969	4923
4955	4939	4969
4939	4913	4969
4913	5013	4969
4939	4903	4913
4939	4929	4903
4929	4897	4903
4929	4939	4897
4826	4870	4881
4870	4974	4881
4974	4934	4881
4870	4895	4974
4895	4972	4974
4895	4919	4972
4919	5002	4972
4848	4898	4925
4898	4990	4925
4990	5041	4925
5041	4936	4925
4990	5004	5041
5004	5108	5041
4990	4898	5004
4898	4957	5004
4857	4940	4976
4940	5003	4976
4940	5038	5003
5038	5115	5003
5038	5102	5115
5102	5190	5115
5190	5168	5115
5102	5177	5190
4976	4890	4857
4976	4959	4890
4862	4971	4921
4883	4933	4918
4933	4977	4918
4884	4937	5012
4889	4946	4979
4892	4984	4945
4984	4996	4945
4996	4968	4945
4904	4926	5037
4904	4856	4926
4856	4931	4926
4931	4961	4926
4961	5054	4926
5054	5037	4926
5054	5051	5037
5051	5016	5037
5016	4904	5037
5016	4920	4904
5016	5014	4920
5016	5058	5014
4961	5069	5054
5069	5134	5054
4943	4952	4967
4952	4964	4967
4944	5042	5052
4944	5023	5042
4944	4901	5023
4948	4965	5030
4965	5059	5030
5059	5094	5030
5059	5098	5094
5098	5127	5094
4950	5009	4992
5009	4974	4992
4950	4970	5009
4951	4998	5019
4998	5147	5019
4973	4988	4978
4975	5015	5063
5015	5082	5063
5082	5145	5063
5005	5078	5077
5078	5100	5077
5100	5065	5077
5100	5056	5065
5100	5091	5056
5100	5117	5091
5117	5073	5091
5117	5120	5073
5120	5142	5073
5120	5119	5142
5120	5117	5119
5117	5022	5119
5022	5048	5119
5022	4986	5048
5022	4989	4986
5078	5022	5100
5077	5013	5005
5034	5110	5045
5045	4971	5034
5036	5109	5122
5109	5090	5122
5040	5095	5049
5040	5069	5095
5068	5085	5101
5101	5092	5068
5101	5154	5092
5154	5153	5092
5154	5179	5153
5179	5181	5153
5181	5173	5153
5179	5178	5181
5179	5167	5178
5179	5140	5167
5179	5170	5140
5170	5147	5140
5170	5163	5147
5179	5154	5170
5154	5139	5170
5154	5101	5139
5101	5085	5139
5124	5149	5155
5124	5142	5149
5149	5161	5155
5161	5163	5155
5163	5150	5155
5150	5125	5155
5125	5124	5155
5161	5152	5163
5152	5131	5163
5161	5149	5152
5136	5186	5138
5186	5137	5138
5172	5184	5182
5184	5189	5182
5189	5185	5182
5185	5175	5182
5189	5186	5185
5186	5194	5185
5189	5188	5186
5189	5184	5188
5172	5145	5184
5145	5174	5184
10	5	3
1289	1422	1290
1422	1373	1290
696	538	760
204	327	184
327	424	184
424	300	184
327	446	424
327	402	446
402	439	446
197	165	207
403	266	349
266	238	349
266	443	397
443	440	397
440	433	397
433	482	419
433	700	482
700	522	482
700	703	522
297	325	370
541	538	421
527	703	526
703	769	526
769	615	526
1019	1081	1001
766	903	861
766	706	903
706	846	903
706	621	846
1043	1047	1012
967	1147	1071
1147	1156	1071
1222	1544	1278
1222	1274	1544
1274	1272	1544
1222	1252	1274
751	686	857
751	708	686
751	890	708
1117	1163	1214
910	1175	1176
910	951	1175
1366	1661	1369
1366	1367	1661
1367	1368	1661
1368	1516	1661
1516	1575	1661
1575	1775	1661
1575	1667	1775
1667	1957	1775
1957	1956	1775
1956	1858	1775
1956	1955	1858
1955	1954	1858
1955	2250	1954
2250	1953	1954
1955	1956	2250
1956	2107	2250
2107	2166	2250
2166	2365	2250
2166	2248	2365
2248	2556	2365
2556	2557	2365
2557	2450	2365
2557	2558	2450
2558	2559	2450
2556	2656	2557
2556	2555	2656
2556	2248	2555
2248	2553	2555
2248	2554	2553
2248	2336	2554
1956	2058	2107
1956	1957	2058
1957	1958	2058
1957	1667	1958
1667	1959	1958
1667	1742	1959
1742	1960	1959
1368	1467	1516
1368	1370	1467
1370	1372	1467
1370	1251	1372
1251	1169	1372
1169	1110	1372
1110	1374	1372
948	686	943
1703	1751	1508
1497	1523	1703
1523	1767	1703
1167	1147	1081
1415	1603	1292
1603	1381	1292
1415	1636	1603
1415	1637	1636
1428	1551	1321
1375	1374	1220
1695	1699	1823
1699	1817	1823
1817	2060	1823
2060	2059	1823
1455	1321	1598
1451	1718	1519
1451	1453	1718
1453	1608	1718
1796	1718	1725
1514	1332	1511
1496	1528	1475
1650	1680	1584
1680	1837	1584
1837	1759	1584
1939	2146	1914
1939	2156	2146
2156	2216	2146
2156	2272	2216
2156	2284	2272
1563	1461	1755
1461	1704	1755
1704	1790	1755
1792	1794	1635
1794	1545	1635
1583	1694	1518
1694	1639	1518
1639	1469	1518
1583	1741	1694
1583	1738	1741
1738	1800	1741
1738	1825	1800
1738	1901	1825
1738	1968	1901
1738	1866	1968
1866	2030	1968
1866	2050	2030
2050	2222	2030
2050	2099	2222
2099	2276	2222
2099	2299	2276
2299	2333	2276
1922	2142	1866
1685	1962	1929
1685	1896	1962
1685	1687	1896
1997	2223	2159
2405	2609	2361
2282	2591	2405
2282	2537	2591
2304	2363	2453
2363	2517	2453
2304	2163	2363
2163	2164	2363
2304	2162	2163
1777	1567	1568
1777	1719	1567
1777	1851	1719
1777	1927	1851
1876	1783	1731
1618	1562	1619
1827	1900	1762
1827	2121	1900
1827	2140	2121
1827	2132	2140
1827	1891	2132
1898	2215	1967
1898	2178	2215
2178	2206	2215
1898	2138	2178
1898	1949	2138
1818	1836	1787
1836	1727	1787
1818	2088	1836
2088	2128	1836
2128	2035	1836
2088	2177	2128
2088	2191	2177
1818	1980	2088
2006	2211	2132
2006	2270	2211
2006	1989	2270
1995	2139	1856
1995	2219	2139
1995	2220	2219
2283	2417	2277
2417	2228	2277
2283	2421	2417
2421	2634	2417
2129	1859	1869
1859	1768	1869
2129	2064	1859
1869	1900	2145
1900	2153	2145
2214	2211	2406
2580	2602	2501
2602	2435	2501
2602	2435	2572
2435	2271	2572
2271	2310	2572
2310	2432	2572
2572	2630	2602
2823	2869	2580
3401	3336	3492
3104	2853	3186
2659	2403	2611
2348	2383	2341
2203	2256	2138
2343	2443	2564
2443	2616	2564
2443	2655	2616
2443	2740	2655
2740	2702	2655
2702	2829	2655
2702	2887	2829
2702	2740	2887
2740	2951	2887
2443	2786	2740
2443	2516	2786
2312	2579	2452
2312	2392	2579
2807	2543	2567
2245	2274	2342
2577	2871	2584
2871	2831	2584
2577	2815	2871
2644	2953	2645
2953	2920	2645
2644	2952	2953
2952	3239	2953
3239	3238	2953
3238	3180	2953
3180	2954	2953
3238	3237	3180
3237	3339	3180
3239	3504	3238
3504	3473	3238
3239	3505	3504
3505	3810	3504
3810	3814	3504
3814	3752	3504
3752	3503	3504
3505	3568	3810
3568	3809	3810
3239	3264	3505
3264	3309	3505
2952	3006	3239
3006	3240	3239
2644	2674	2952
2674	2731	2952
2507	2438	2674
2438	2732	2674
2507	2409	2438
2319	2340	2410
2574	2820	2833
2574	2585	2820
2615	2774	2781
2774	2907	2781
2714	2742	2477
2742	2662	2477
2948	2969	3064
2661	2406	2503
2736	2974	2735
2974	3049	2735
3049	3048	2735
3049	3312	3048
3049	3282	3312
3049	3209	3282
3313	3538	3312
3538	3603	3312
2830	2646	2862
2628	2852	2654
2594	2578	2834
2792	2882	2730
2748	2539	2640
3063	3227	3059
3227	3125	3059
2866	2894	2752
2783	2979	2766
2979	2972	2766
2774	2742	2814
2775	2922	2884
2732	3006	2949
2732	3047	3006
2756	2622	2780
2843	2904	2771
2904	2983	2771
3034	3350	3144
3350	3435	3144
3435	3516	3144
3516	3255	3144
3255	3171	3144
3516	3520	3255
3520	3420	3255
3034	3022	3350
3022	3344	3350
3022	3275	3344
3221	3087	3303
3065	3170	2897
3170	3030	2897
3400	3176	3206
3400	3402	3176
3400	3619	3402
3098	3184	2992
3145	3328	3127
3145	3329	3328
3046	3047	3264
3047	3310	3264
3211	3377	3364
3211	3189	3377
3647	3379	3651
3852	4031	3822
3340	3235	3369
3340	3174	3235
3174	3101	3235
3720	3711	3499
3300	3618	3356
3618	3434	3356
3434	3360	3356
3618	3757	3434
3757	3726	3434
3726	3514	3434
3618	3670	3757
3670	3803	3757
3803	3784	3757
3670	3828	3803
3670	3739	3828
3739	3905	3828
3739	3874	3905
3739	3826	3874
3515	3486	3291
3310	3568	3506
3310	3600	3568
3458	3323	3455
3395	3215	3179
3655	3789	3638
3810	3829	3972
3829	3878	3972
3482	3418	3691
3418	3386	3691
3386	3613	3691
3418	3392	3386
3571	3336	3609
3609	3817	3659
3599	3600	3829
3862	3871	3840
4003	4162	3949
4003	4212	4162
4126	3914	4104
3914	3850	4104
3850	4076	4104
3850	3736	4076
3736	3708	4076
3708	3760	4076
3708	3730	3760
3987	4060	3869
3807	4026	3760
3744	3572	3732
3776	3741	3936
3741	3845	3936
3845	4022	3936
4022	4054	3936
3845	3933	4022
3741	3642	3845
3741	3624	3642
4037	4146	3885
3943	4010	4107
4010	4096	4107
3889	3735	3844
4037	4119	4044
4069	4342	4155
4069	4029	4342
4029	4378	4342
4029	3925	4378
4029	4004	3925
4004	3962	3925
3962	3887	3925
3962	3913	3887
3913	3779	3887
4163	4135	4303
4108	4290	4083
5107	5057	5126
5025	4956	5027
4956	4888	5027
5025	5011	4956
5011	4995	4956
4166	4098	4192
4111	4196	4031
4196	4035	4031
4196	4224	4035
4091	3878	4007
4434	4306	4323
4434	4615	4306
4615	4295	4306
4615	4442	4295
4615	4606	4442
4327	4489	4384
4489	4544	4384
4327	4266	4489
4266	4430	4489
4266	4320	4430
4276	4395	4482
4569	4660	4696
4569	4490	4660
4490	4458	4660
4458	4431	4660
4431	4401	4660
4401	4399	4660
4399	4400	4660
4400	4404	4660
4404	4405	4660
4405	4460	4660
4460	4493	4660
4493	4520	4660
4520	4693	4660
4569	4518	4490
4589	4419	4643
4419	4667	4643
4419	4611	4667
4589	4376	4419
4639	4557	4711
4557	4536	4711
4536	4749	4711
4749	4751	4711
4751	4791	4711
4749	4852	4751
4608	4536	4507
4642	4643	4543
4872	4750	4837
4862	4910	4971
5142	5124	5073
5163	5131	5147
5170	5150	5163
