   3.1658696e+02   1.5917081e+02   1.1700000e+02
   3.2399689e+02   1.5068012e+02   1.0500000e+02
   3.2893168e+02   1.4766460e+02   9.3000000e+01
   3.3316149e+02   1.4712422e+02   8.5000000e+01
   3.3739130e+02   1.4499379e+02   7.9000000e+01
   3.3526087e+02   1.4604348e+02   7.3000000e+01
   3.2836025e+02   1.5027329e+02   6.7000000e+01
   3.3736025e+02   1.5450311e+02   6.1000000e+01
   3.4159006e+02   1.5237267e+02   5.5000000e+01
   3.3627950e+02   1.5978261e+02   4.9000000e+01
   3.1834161e+02   2.2611801e+02   3.7000000e+01
   2.6800000e+02   2.5845963e+02   4.7000000e+01
   2.4945963e+02   2.6377019e+02   5.9000000e+01
