   2.9177862e+01   2.7540809e+01   1.2000000e+01
   2.9327395e+01   2.7681985e+01   1.1000000e+01
   2.9177862e+01   2.8176103e+01   1.0000000e+01
   2.8878797e+01   2.8811397e+01   9.0000000e+00
   2.8878797e+01   2.9376103e+01   8.0000000e+00
   2.8878797e+01   3.0293750e+01   7.0000000e+00
   2.9103096e+01   3.2623162e+01   6.0000000e+00
   2.9775993e+01   3.4246691e+01   7.0000000e+00
   2.9551694e+01   3.4599632e+01   8.0000000e+00
   2.9626460e+01   3.5023162e+01   9.0000000e+00
   3.0075058e+01   3.4881985e+01   1.0000000e+01
   2.9925526e+01   3.4952574e+01   1.1000000e+01
   3.0448890e+01   3.5023162e+01   1.2000000e+01
