   3.4037065e+02   1.5059950e+02   1.1900000e+02
   3.4472886e+02   1.4731592e+02   1.1300000e+02
   3.5118159e+02   1.5376866e+02   1.0700000e+02
   3.5253980e+02   1.4748507e+02   1.0100000e+02
   3.7472886e+02   1.4674876e+02   9.5000000e+01
   3.6844527e+02   1.5320149e+02   8.9000000e+01
   3.6725622e+02   1.4437065e+02   8.3000000e+01
   3.7370896e+02   1.4827612e+02   7.7000000e+01
   3.9035075e+02   1.5727612e+02   7.1000000e+01
   4.1868159e+02   1.8433333e+02   6.5000000e+01
   4.0730348e+02   1.9078607e+02   5.9000000e+01
   3.8573632e+02   2.1506965e+02   5.3000000e+01
   3.7840547e+02   2.5231592e+02   4.7000000e+01
