   2.7186140e+01   2.7346933e+01   1.0000000e+01
   2.7056786e+01   2.7828414e+01   9.0000000e+00
   2.6798080e+01   2.9272859e+01   8.0000000e+00
   2.7056786e+01   2.9995081e+01   7.0000000e+00
   2.7056786e+01   3.0837674e+01   6.0000000e+00
   2.7444846e+01   3.2041377e+01   5.0000000e+00
   2.8220965e+01   3.4569155e+01   4.0000000e+00
   2.9126438e+01   3.6735822e+01   5.0000000e+00
   2.8867732e+01   3.6735822e+01   6.0000000e+00
   2.9126438e+01   3.6735822e+01   7.0000000e+00
   2.8609025e+01   3.7217303e+01   8.0000000e+00
   2.8091612e+01   3.7217303e+01   9.0000000e+00
   2.8350319e+01   3.7337674e+01   1.0000000e+01
