1	2	3
3	13	1
3	24	13
24	22	13
22	39	13
39	8	13
8	5	13
39	25	8
39	49	25
39	64	49
64	76	49
76	122	49
122	123	49
39	82	64
39	54	82
54	96	82
96	112	82
96	127	112
96	126	127
126	157	127
157	207	127
157	216	207
216	239	207
239	362	207
362	292	207
292	226	207
292	272	226
292	348	272
348	320	272
348	380	320
380	528	320
380	571	528
571	600	528
600	637	528
637	606	528
606	546	528
606	584	546
584	463	546
584	592	463
592	452	463
452	416	463
452	437	416
437	339	416
437	374	339
437	425	374
425	354	374
354	336	374
336	230	374
336	223	230
223	192	230
192	202	230
336	244	223
244	224	223
224	204	223
224	244	204
336	325	244
325	350	244
336	367	325
367	397	325
367	441	397
367	354	441
354	425	441
425	562	441
367	336	354
452	557	437
452	592	557
592	616	557
616	580	557
616	811	580
811	703	580
703	562	580
703	621	562
703	721	621
721	752	621
752	639	621
639	605	621
639	586	605
639	611	586
611	583	586
583	504	586
583	568	504
568	423	504
568	539	423
539	419	423
419	331	423
331	350	423
419	323	331
323	225	331
225	167	331
323	294	225
323	364	294
364	285	294
364	345	285
345	232	285
345	277	232
345	333	277
333	251	277
251	268	277
251	247	268
247	164	268
247	178	164
178	159	164
159	140	164
140	128	164
140	97	128
97	99	128
97	53	99
97	103	53
103	63	53
63	47	53
47	29	53
29	43	53
29	26	43
26	10	43
10	27	43
10	15	27
10	16	15
16	17	15
17	87	15
17	94	87
94	129	87
94	114	129
114	167	129
114	204	167
114	78	204
78	77	204
78	51	77
51	52	77
52	84	77
52	73	84
78	36	51
78	21	36
21	41	36
21	45	41
45	86	41
86	90	41
90	58	41
90	55	58
55	44	58
55	40	44
40	30	44
40	61	30
61	28	30
28	18	30
18	11	30
11	14	30
18	12	11
12	7	11
7	9	11
7	42	9
7	35	42
35	56	42
56	88	42
88	73	42
56	113	88
113	213	88
213	202	88
56	35	113
35	46	113
35	1	46
35	2	1
35	7	2
7	4	2
4	3	2
4	6	3
6	23	3
23	24	3
6	19	23
6	12	19
12	18	19
18	28	19
28	59	19
59	71	19
71	68	19
71	111	68
111	100	68
100	72	68
100	83	72
83	80	72
83	102	80
102	106	80
102	125	106
125	160	106
160	135	106
135	57	106
135	89	57
89	67	57
89	104	67
104	96	67
96	54	67
104	131	96
131	126	96
131	134	126
134	184	126
184	157	126
184	166	157
166	216	157
166	184	216
184	271	216
271	270	216
270	239	216
271	279	270
184	200	271
200	286	271
286	291	271
286	311	291
286	278	311
278	363	311
363	427	311
427	378	311
427	451	378
451	467	378
467	440	378
440	386	378
440	362	386
362	239	386
440	530	362
530	474	362
474	450	362
450	292	362
450	380	292
380	348	292
450	571	380
450	624	571
450	474	624
474	674	624
474	530	674
530	691	674
691	712	674
530	582	691
530	440	582
451	529	467
529	566	467
529	693	566
529	631	693
363	486	427
486	443	427
363	470	486
470	491	486
363	382	470
382	431	470
431	525	470
431	481	525
481	663	525
663	560	525
663	685	560
685	638	560
638	619	560
685	698	638
698	765	638
698	791	765
791	853	765
853	823	765
853	876	823
876	861	823
853	920	876
853	919	920
853	926	919
853	791	926
698	732	791
732	785	791
732	717	785
717	788	785
717	663	788
717	685	663
717	732	685
732	698	685
481	579	663
579	642	663
579	635	642
579	588	635
588	654	635
588	553	654
588	579	553
579	473	553
473	439	553
473	442	439
442	411	439
411	507	439
411	415	507
415	519	507
519	608	507
415	469	519
415	402	469
402	435	469
435	541	469
402	404	435
402	361	404
361	326	404
326	365	404
326	302	365
302	340	365
302	269	340
269	280	340
280	376	340
376	430	340
376	438	430
438	482	430
376	327	438
376	280	327
280	233	327
233	228	327
228	332	327
228	259	332
259	321	332
259	357	321
228	217	259
228	194	217
194	212	217
212	238	217
238	276	217
276	264	217
276	287	264
276	319	287
319	360	287
360	315	287
360	401	315
360	387	401
360	396	387
396	454	387
454	465	387
454	501	465
501	493	465
501	548	493
454	513	501
513	581	501
581	613	501
613	490	501
581	707	613
707	675	613
675	618	613
675	729	618
675	679	729
675	664	679
664	758	679
664	675	758
675	755	758
755	892	758
892	830	758
830	808	758
830	821	808
830	865	821
830	895	865
895	913	865
895	982	913
895	1005	982
895	892	1005
892	928	1005
928	980	1005
980	1008	1005
1008	1118	1005
1008	1139	1118
1139	1232	1118
1139	1161	1232
1161	1189	1232
1189	1281	1232
1281	1276	1232
1276	1167	1232
1281	1317	1276
1317	1273	1276
1317	1336	1273
1317	1383	1336
1383	1502	1336
1383	1495	1502
1317	1390	1383
1317	1281	1390
1281	1300	1390
1281	1189	1300
1161	1109	1189
1109	1094	1189
1161	1139	1109
1139	949	1109
1139	1010	949
1010	1008	949
1010	1139	1008
980	863	1008
980	928	863
895	830	892
755	769	892
755	707	769
707	655	769
655	694	769
694	690	769
694	629	690
629	723	690
629	603	723
603	696	723
696	777	723
777	829	723
777	770	829
770	863	829
777	745	770
745	782	770
745	708	782
708	746	782
746	802	782
802	884	782
884	887	782
884	918	887
802	896	884
802	816	896
816	957	896
957	991	896
957	1049	991
1049	1077	991
1049	1146	1077
1049	1119	1146
1119	1140	1146
1140	1203	1146
1203	1279	1146
1203	1257	1279
1257	1304	1279
1304	1267	1279
1304	1354	1267
1354	1268	1267
1268	1250	1267
1304	1412	1354
1412	1492	1354
1492	1463	1354
1412	1522	1492
1412	1401	1522
1401	1486	1522
1401	1384	1486
1384	1483	1486
1384	1445	1483
1445	1496	1483
1496	1577	1483
1401	1304	1384
1304	1257	1384
1257	1310	1384
1257	1297	1310
1297	1342	1310
1342	1445	1310
1342	1398	1445
1398	1407	1445
1398	1345	1407
1345	1388	1407
1388	1470	1407
1470	1531	1407
1470	1575	1531
1388	1442	1470
1442	1410	1470
1398	1342	1345
1342	1297	1345
1297	1271	1345
1297	1202	1271
1202	1244	1271
1202	1181	1244
1202	1075	1181
1075	1050	1181
1050	1080	1181
1075	950	1050
1075	1041	950
1041	869	950
869	893	950
893	986	950
986	1036	950
893	841	986
841	803	986
803	840	986
840	972	986
972	1098	986
1098	1141	986
1098	1217	1141
1217	1239	1141
1217	1240	1239
1240	1339	1239
1240	1262	1339
1240	1217	1262
972	1042	1098
1042	1112	1098
1042	955	1112
955	954	1112
955	900	954
900	883	954
883	909	954
909	945	954
945	983	954
945	973	983
973	1082	983
973	1018	1082
1018	1132	1082
973	945	1018
945	909	1018
909	890	1018
909	883	890
883	820	890
820	843	890
843	867	890
843	796	867
796	760	867
760	901	867
760	902	901
902	971	901
902	889	971
889	1032	971
1032	1155	971
1155	1131	971
1155	1293	1131
1293	1285	1131
1285	1132	1131
1285	1282	1132
1293	1348	1285
1032	1171	1155
1032	1246	1171
902	845	889
902	760	845
760	737	845
760	680	737
680	651	737
680	614	651
614	532	651
614	578	532
578	488	532
578	551	488
578	598	551
598	749	551
749	709	551
709	676	551
709	713	676
713	704	676
704	587	676
587	559	676
559	522	676
587	538	559
538	484	559
538	468	484
468	434	484
434	373	484
434	313	373
313	289	373
289	329	373
329	337	373
313	318	289
318	282	289
282	206	289
282	219	206
219	176	206
176	173	206
176	110	173
110	118	173
118	171	173
118	161	171
161	177	171
161	186	177
161	141	186
141	156	186
156	201	186
201	258	186
201	240	258
240	296	258
240	309	296
201	210	240
201	196	210
196	193	210
193	231	210
231	253	210
253	310	210
253	307	310
307	347	310
347	346	310
346	371	310
346	383	371
383	492	371
492	462	371
462	413	371
383	417	492
383	410	417
410	488	417
383	346	410
346	407	410
407	483	410
407	394	483
394	453	483
453	558	483
558	537	483
558	615	537
558	632	615
632	766	615
632	855	766
855	815	766
855	854	815
854	889	815
632	761	855
761	879	855
632	604	761
632	495	604
632	558	495
558	485	495
485	429	495
485	453	429
453	390	429
390	314	429
314	358	429
314	252	358
252	267	358
267	330	358
330	405	358
330	406	405
406	487	405
330	312	406
330	297	312
297	261	312
261	263	312
261	178	263
178	243	263
178	247	243
247	274	243
247	251	274
251	260	274
260	349	274
260	335	349
335	432	349
335	414	432
414	448	432
448	545	432
448	599	545
414	461	448
461	502	448
461	498	502
498	511	502
498	533	511
533	526	511
526	585	511
533	569	526
533	542	569
533	575	542
575	567	542
575	554	567
575	573	554
573	591	554
591	681	554
591	660	681
660	768	681
768	826	681
826	933	681
768	870	826
768	728	870
728	776	870
776	976	870
976	1051	870
976	1193	1051
776	942	976
942	1011	976
942	832	1011
832	847	1011
832	789	847
789	781	847
781	790	847
790	817	847
817	828	847
828	958	847
958	930	847
930	937	847
930	1012	937
1012	1079	937
1012	1067	1079
1012	1061	1067
1061	1084	1067
1061	1012	1084
1012	958	1084
1012	930	958
817	751	828
751	875	828
751	885	875
885	989	875
885	939	989
939	947	989
947	1039	989
1039	1052	989
1039	1198	1052
1198	1100	1052
1198	1178	1100
1178	1084	1100
1198	1224	1178
1224	1311	1178
1224	1319	1311
1319	1438	1311
1438	1308	1311
1438	1419	1308
1419	1358	1308
1358	1264	1308
1358	1236	1264
1236	1254	1264
1358	1303	1236
1303	1241	1236
1241	1235	1236
1303	1280	1241
1358	1386	1303
1438	1485	1419
1485	1551	1419
1551	1539	1419
1551	1568	1539
1568	1561	1539
1568	1604	1561
1568	1620	1604
1620	1646	1604
1568	1601	1620
1601	1737	1620
1568	1551	1601
1551	1595	1601
1595	1721	1601
1595	1651	1721
1595	1581	1651
1581	1652	1651
1652	1679	1651
1679	1714	1651
1679	1649	1714
1649	1705	1714
1705	1820	1714
1820	1819	1714
1819	1817	1714
1819	1852	1817
1852	1836	1817
1836	1810	1817
1810	1721	1817
1810	1758	1721
1810	1836	1758
1852	1889	1836
1889	1937	1836
1889	1957	1937
1957	2060	1937
2060	2050	1937
2050	1997	1937
2050	2079	1997
2079	2021	1997
2021	2051	1997
2051	1922	1997
2021	2131	2051
2131	2085	2051
2021	2079	2131
2050	2078	2079
2050	2060	2078
2060	2112	2078
1889	1950	1957
1950	1973	1957
1950	1915	1973
1915	1881	1973
1881	1971	1973
1881	1885	1971
1885	1978	1971
1978	1986	1971
1978	1970	1986
1970	2025	1986
2025	2053	1986
2025	2071	2053
2071	2111	2053
2071	2124	2111
2124	2225	2111
2124	2206	2225
2124	2106	2206
2106	2054	2206
2054	2209	2206
2209	2231	2206
2231	2262	2206
2262	2285	2206
2262	2306	2285
2262	2209	2306
2262	2231	2209
2106	1993	2054
1993	1952	2054
1952	1942	2054
1952	1883	1942
1883	1825	1942
1825	1811	1942
1811	1931	1942
1931	1975	1942
1811	1859	1931
1811	1770	1859
1770	1853	1859
1853	1924	1859
1811	1724	1770
1724	1565	1770
1811	1825	1724
1825	1745	1724
1745	1709	1724
1709	1579	1724
1709	1677	1579
1677	1583	1579
1677	1630	1583
1630	1557	1583
1557	1428	1583
1630	1589	1557
1589	1510	1557
1589	1535	1510
1535	1454	1510
1454	1356	1510
1454	1381	1356
1454	1426	1381
1454	1590	1426
1590	1534	1426
1534	1404	1426
1534	1418	1404
1418	1378	1404
1378	1338	1404
1378	1411	1338
1411	1313	1338
1313	1134	1338
1313	1184	1134
1184	1020	1134
1020	1068	1134
1068	1058	1134
1058	1182	1134
1058	1009	1182
1009	1206	1182
1206	1238	1182
1058	948	1009
948	966	1009
1058	941	948
1058	962	941
1058	1068	962
1068	1020	962
1020	936	962
936	819	962
819	794	962
819	714	794
819	784	714
784	637	714
784	606	637
784	743	606
743	622	606
622	584	606
622	592	584
622	774	592
774	616	592
774	792	616
792	811	616
792	904	811
904	838	811
838	703	811
838	795	703
795	721	703
795	752	721
795	839	752
839	914	752
914	759	752
759	734	752
734	639	752
734	611	639
734	742	611
742	583	611
742	695	583
695	568	583
695	539	568
695	524	539
524	514	539
514	489	539
489	428	539
428	419	539
428	323	419
428	364	323
428	489	364
489	379	364
379	345	364
379	377	345
377	356	345
356	333	345
356	338	333
356	377	338
377	391	338
391	369	338
391	395	369
395	414	369
395	412	414
412	433	414
433	461	414
433	498	461
433	520	498
520	533	498
520	575	533
520	534	575
534	617	575
617	612	575
612	652	575
612	628	652
628	741	652
741	706	652
706	662	652
662	573	652
662	630	573
630	593	573
593	660	573
660	591	573
593	699	660
699	728	660
728	768	660
699	776	728
699	697	776
697	701	776
701	832	776
832	942	776
701	789	832
701	716	789
716	781	789
716	790	781
716	817	790
716	751	817
716	724	751
724	706	751
706	741	751
741	831	751
831	885	751
831	939	885
831	947	939
831	888	947
888	923	947
923	1039	947
923	1016	1039
1016	1073	1039
1073	1106	1039
1073	1034	1106
1034	1114	1106
1114	1162	1106
1114	1165	1162
1165	1194	1162
1114	1013	1165
1013	1128	1165
1013	1028	1128
1028	1111	1128
1111	1269	1128
1111	1172	1269
1172	1237	1269
1237	1322	1269
1322	1377	1269
1377	1321	1269
1377	1328	1321
1328	1332	1321
1332	1194	1321
1328	1416	1332
1416	1319	1332
1416	1447	1319
1447	1438	1319
1447	1485	1438
1447	1552	1485
1552	1595	1485
1595	1551	1485
1552	1581	1595
1552	1504	1581
1504	1532	1581
1532	1652	1581
1532	1571	1652
1571	1679	1652
1571	1649	1679
1571	1631	1649
1631	1705	1649
1631	1617	1705
1617	1799	1705
1799	1824	1705
1824	1820	1705
1824	1915	1820
1915	1889	1820
1889	1819	1820
1889	1852	1819
1915	1950	1889
1824	1881	1915
1824	1838	1881
1838	1846	1881
1846	1885	1881
1846	1773	1885
1773	1798	1885
1798	1862	1885
1862	1938	1885
1938	1970	1885
1970	1978	1885
1938	1963	1970
1963	2025	1970
1963	1999	2025
1999	2071	2025
1999	1998	2071
1998	2124	2071
1998	2106	2124
1998	1993	2106
1998	1944	1993
1944	1952	1993
1944	1883	1952
1944	1818	1883
1818	1791	1883
1791	1825	1883
1791	1745	1825
1791	1709	1745
1791	1677	1709
1791	1742	1677
1742	1630	1677
1742	1725	1630
1725	1657	1630
1657	1642	1630
1642	1589	1630
1642	1656	1589
1656	1590	1589
1590	1535	1589
1590	1454	1535
1656	1643	1590
1643	1668	1590
1668	1635	1590
1635	1534	1590
1635	1618	1534
1618	1574	1534
1574	1411	1534
1411	1378	1534
1378	1418	1534
1574	1395	1411
1395	1334	1411
1334	1313	1411
1334	1184	1313
1334	1180	1184
1180	1057	1184
1057	1019	1184
1019	1020	1184
1019	1000	1020
1000	936	1020
1000	968	936
968	959	936
959	805	936
805	819	936
805	784	819
805	743	784
805	810	743
810	787	743
787	774	743
774	622	743
787	837	774
837	793	774
793	792	774
793	904	792
793	837	904
837	965	904
965	1028	904
1028	934	904
934	838	904
934	917	838
917	839	838
839	795	838
917	914	839
917	994	914
994	969	914
969	922	914
922	786	914
786	759	914
786	734	759
786	742	734
786	835	742
835	695	742
835	689	695
689	524	695
689	512	524
512	447	524
447	391	524
391	489	524
489	514	524
391	377	489
377	379	489
447	395	391
447	412	395
447	433	412
447	479	433
479	520	433
479	534	520
479	512	534
512	617	534
479	447	512
835	779	689
779	715	689
779	804	715
804	628	715
628	617	715
628	612	617
804	741	628
804	773	741
773	831	741
773	807	831
807	888	831
807	804	888
804	779	888
779	923	888
779	882	923
882	1016	923
882	922	1016
922	1034	1016
1034	1073	1016
922	969	1034
969	994	1034
994	1114	1034
994	1013	1114
994	917	1013
917	934	1013
934	1028	1013
882	835	922
835	786	922
882	779	835
807	773	804
965	1045	1028
1045	1111	1028
1045	1172	1111
1045	1029	1172
1029	1180	1172
1180	1237	1172
1180	1379	1237
1379	1322	1237
1379	1391	1322
1391	1436	1322
1436	1377	1322
1436	1461	1377
1461	1416	1377
1416	1328	1377
1461	1498	1416
1498	1504	1416
1504	1447	1416
1504	1552	1447
1498	1532	1504
1498	1461	1532
1461	1474	1532
1474	1571	1532
1474	1505	1571
1505	1593	1571
1593	1631	1571
1593	1617	1631
1593	1574	1617
1574	1618	1617
1618	1799	1617
1618	1773	1799
1773	1832	1799
1832	1838	1799
1838	1824	1799
1832	1846	1838
1832	1773	1846
1618	1635	1773
1635	1668	1773
1668	1798	1773
1668	1672	1798
1672	1712	1798
1712	1809	1798
1809	1862	1798
1809	1823	1862
1823	1944	1862
1944	1963	1862
1963	1938	1862
1944	1999	1963
1944	1998	1999
1823	1818	1944
1823	1765	1818
1765	1791	1818
1765	1742	1791
1765	1725	1742
1765	1823	1725
1823	1809	1725
1809	1712	1725
1712	1656	1725
1656	1657	1725
1656	1642	1657
1712	1643	1656
1712	1672	1643
1672	1668	1643
1593	1478	1574
1478	1395	1574
1478	1379	1395
1379	1334	1395
1379	1180	1334
1478	1391	1379
1478	1436	1391
1478	1474	1436
1474	1461	1436
1478	1505	1474
1478	1593	1505
1029	1057	1180
1029	974	1057
974	968	1057
968	1019	1057
968	1000	1019
974	959	968
974	850	959
850	805	959
850	810	805
850	837	810
837	787	810
850	952	837
952	965	837
952	978	965
978	1045	965
978	952	1045
952	1029	1045
952	974	1029
952	850	974
724	702	706
702	662	706
702	630	662
702	684	630
684	665	630
665	593	630
665	699	593
665	697	699
665	684	697
684	701	697
684	716	701
684	702	716
702	724	716
261	181	178
181	150	178
150	158	178
158	159	178
158	140	159
158	150	140
150	97	140
150	130	97
130	103	97
130	142	103
142	117	103
117	85	103
85	63	103
85	141	63
141	47	63
141	118	47
118	62	47
62	29	47
62	37	29
37	26	29
37	38	26
38	10	26
38	16	10
38	50	16
50	20	16
20	17	16
20	48	17
48	94	17
48	79	94
79	114	94
79	78	114
79	48	78
48	21	78
48	20	21
20	45	21
20	50	45
50	70	45
70	86	45
70	91	86
91	146	86
146	90	86
146	108	90
108	55	90
108	69	55
69	65	55
65	40	55
65	61	40
65	121	61
121	66	61
66	59	61
59	28	61
66	109	59
109	71	59
109	111	71
109	138	111
138	100	111
138	154	100
154	101	100
101	83	100
101	102	83
101	105	102
105	137	102
137	125	102
137	160	125
105	155	137
155	165	137
155	194	165
194	233	165
194	228	233
155	198	194
198	212	194
198	238	212
198	174	238
174	197	238
197	295	238
295	276	238
295	319	276
295	328	319
328	399	319
399	409	319
409	396	319
396	360	319
409	454	396
409	513	454
409	399	513
399	422	513
422	508	513
508	590	513
590	581	513
590	707	581
590	655	707
590	535	655
535	609	655
609	694	655
609	629	694
609	603	629
609	510	603
510	577	603
577	602	603
602	696	603
602	633	696
633	708	696
708	745	696
745	777	696
633	640	708
640	686	708
686	746	708
686	668	746
668	783	746
783	802	746
783	816	802
783	727	816
727	814	816
814	897	816
897	957	816
897	970	957
970	1049	957
970	1041	1049
1041	1119	1049
1041	1075	1119
1075	1202	1119
1202	1140	1119
1202	1203	1140
1202	1297	1203
1297	1257	1203
970	869	1041
970	897	869
897	849	869
849	750	869
750	825	869
825	893	869
825	841	893
825	803	841
825	735	803
735	763	803
763	806	803
806	840	803
806	725	840
725	862	840
862	972	840
725	713	862
713	709	862
709	800	862
709	749	800
749	718	800
749	598	718
598	656	718
656	711	718
711	767	718
711	796	767
796	900	767
796	820	900
820	883	900
796	843	820
711	760	796
711	680	760
711	626	680
626	614	680
626	625	614
625	656	614
656	578	614
656	598	578
625	711	656
625	626	711
725	704	713
725	587	704
725	596	587
596	556	587
556	538	587
556	540	538
540	468	538
540	460	468
460	434	468
460	368	434
368	313	434
368	318	313
368	317	318
317	282	318
317	219	282
317	306	219
306	234	219
234	180	219
180	170	219
170	162	219
162	176	219
162	110	176
162	93	110
93	92	110
92	75	110
75	118	110
75	62	118
75	38	62
38	37	62
75	50	38
75	81	50
81	70	50
81	93	70
93	91	70
93	162	91
162	170	91
170	146	91
170	180	146
180	208	146
208	187	146
187	133	146
133	108	146
133	145	108
145	124	108
124	69	108
124	65	69
124	121	65
124	147	121
147	144	121
144	109	121
109	66	121
144	138	109
144	190	138
190	154	138
190	222	154
222	203	154
203	174	154
174	163	154
163	101	154
163	155	101
155	105	101
163	198	155
163	174	198
203	197	174
203	295	197
203	293	295
293	328	295
293	355	328
355	422	328
422	399	328
355	370	422
370	421	422
421	508	422
421	509	508
509	590	508
509	535	590
509	455	535
455	476	535
476	609	535
476	510	609
476	457	510
476	445	457
476	455	445
455	444	445
444	421	445
421	342	445
444	509	421
444	455	509
370	300	421
370	293	300
293	222	300
222	229	300
229	236	300
236	308	300
308	342	300
308	372	342
308	255	372
255	359	372
359	375	372
375	471	372
471	510	372
471	577	510
471	517	577
517	572	577
572	633	577
633	602	577
572	597	633
597	640	633
597	659	640
659	686	640
659	668	686
659	688	668
688	727	668
727	783	668
688	687	727
687	814	727
687	744	814
744	849	814
849	897	814
744	750	849
744	735	750
735	825	750
744	661	735
661	705	735
705	763	735
705	725	763
725	806	763
705	646	725
646	596	725
646	661	596
661	601	596
601	556	596
601	595	556
595	540	556
595	521	540
521	460	540
521	458	460
458	368	460
458	477	368
477	393	368
393	317	368
393	306	317
393	322	306
322	256	306
256	234	306
256	208	234
208	180	234
256	254	208
254	215	208
215	187	208
215	148	187
148	133	187
148	145	133
148	215	145
215	220	145
220	149	145
149	139	145
139	124	145
139	147	124
139	149	147
149	199	147
199	144	147
199	190	144
199	229	190
229	222	190
199	236	229
199	214	236
214	220	236
220	308	236
220	255	308
220	215	255
215	262	255
262	359	255
262	322	359
322	381	359
381	375	359
381	471	375
381	393	471
393	477	471
477	496	471
496	517	471
496	523	517
523	597	517
597	572	517
523	544	597
544	659	597
523	518	544
518	500	544
500	521	544
500	458	521
500	477	458
500	518	477
518	523	477
523	496	477
381	322	393
262	254	322
254	256	322
262	215	254
214	149	220
214	199	149
601	636	595
636	687	595
687	688	595
636	661	687
661	744	687
636	601	661
646	705	661
293	203	222
370	355	293
81	92	93
81	75	92
141	161	118
85	156	141
85	115	156
115	153	156
153	201	156
153	196	201
153	193	196
153	205	193
205	252	193
252	231	193
252	253	231
252	314	253
314	307	253
314	392	307
392	394	307
394	347	307
394	407	347
407	346	347
392	453	394
392	390	453
392	314	390
205	267	252
205	181	267
181	261	267
261	281	267
281	330	267
281	297	330
281	261	297
205	142	181
142	130	181
130	150	181
205	153	142
153	117	142
153	115	117
115	85	117
485	558	453
1401	1412	1304
755	675	707
280	242	233
280	269	242
269	245	242
245	189	242
245	188	189
188	135	189
135	160	189
245	235	188
245	302	235
302	326	235
326	250	235
250	182	235
182	152	235
182	151	152
151	104	152
104	89	152
151	134	104
134	131	104
151	172	134
172	184	134
172	200	184
172	209	200
209	237	200
237	286	200
237	278	286
237	249	278
249	288	278
288	344	278
344	363	278
344	382	363
344	431	382
344	324	431
324	442	431
442	481	431
442	473	481
473	579	481
324	384	442
384	411	442
384	398	411
398	415	411
398	303	415
303	361	415
361	402	415
303	250	361
250	326	361
303	218	250
218	182	250
218	172	182
172	151	182
218	209	172
218	246	209
246	249	209
249	237	209
246	275	249
275	288	249
275	298	288
298	344	288
298	324	344
298	275	324
275	284	324
284	301	324
301	384	324
301	398	384
301	303	398
301	284	303
284	218	303
284	246	218
284	275	246
6	4	12
4	7	12
39	22	54
22	24	54
31	95	34
31	32	95
60	74	98
74	143	98
116	168	227
168	221	227
221	299	227
299	283	227
283	241	227
241	185	227
241	211	185
241	316	211
241	353	316
353	388	316
353	449	388
449	436	388
353	366	449
353	299	366
299	304	366
299	221	304
221	248	304
221	168	248
353	283	299
353	241	283
290	403	351
403	459	351
403	426	459
389	446	499
446	627	499
446	648	627
648	858	627
858	834	627
648	731	858
731	927	858
731	911	927
911	1078	927
911	1043	1078
1043	1226	1078
1226	1212	1078
1226	1392	1212
1226	1414	1392
1414	1460	1392
1460	1518	1392
1518	1489	1392
1489	1394	1392
1394	1329	1392
1394	1400	1329
1394	1556	1400
1394	1489	1556
1489	1720	1556
1489	1518	1720
1518	1673	1720
1673	1774	1720
1774	1903	1720
1673	1759	1774
1518	1460	1673
1226	1286	1414
1286	1464	1414
1286	1343	1464
1286	1301	1343
1301	1220	1343
1220	1260	1343
1220	1138	1260
1138	999	1260
1138	1023	999
1023	881	999
881	925	999
925	992	999
881	710	925
881	722	710
881	754	722
754	494	722
881	866	754
881	1004	866
1004	1038	866
881	1023	1004
1220	1225	1138
1225	1038	1138
1225	1043	1038
1225	1286	1043
1225	1301	1286
1225	1220	1301
911	866	1043
648	667	731
648	536	667
648	446	536
420	475	503
475	531	503
424	472	506
547	576	650
565	739	589
594	818	772
610	682	726
682	775	726
641	797	657
649	720	653
720	733	653
666	700	846
700	859	846
859	951	846
951	1120	846
1120	981	846
981	753	846
753	666	846
981	940	753
951	1102	1120
1102	1201	1120
1201	1283	1120
1283	1150	1120
1283	1402	1150
1402	1145	1150
1402	1247	1145
1247	1142	1145
1142	1064	1145
1247	1164	1142
1402	1423	1247
1423	1364	1247
1402	1515	1423
1515	1623	1423
1515	1734	1623
1515	1481	1734
1481	1614	1734
1614	1771	1734
1771	1775	1734
1775	1958	1734
1958	1920	1734
1958	1976	1920
1775	2018	1958
1775	1988	2018
1988	2197	2018
2197	2220	2018
2220	2166	2018
2220	2337	2166
2337	2360	2166
2220	2435	2337
2435	2472	2337
2435	2545	2472
2545	2612	2472
2545	2593	2612
2593	2668	2612
2593	2534	2668
2534	2762	2668
2762	2797	2668
2593	2435	2534
2593	2545	2435
2220	2197	2435
2197	2172	2435
2197	2066	2172
2066	2146	2172
2146	2378	2172
2146	2198	2378
2146	2086	2198
2086	2094	2198
2094	2065	2198
2094	1831	2065
2146	2066	2086
2197	1988	2066
1988	1827	2066
1827	1833	2066
1827	1743	1833
1743	1693	1833
1693	1831	1833
1693	1674	1831
1827	1717	1743
1827	1738	1717
1738	1614	1717
1614	1456	1717
1738	1771	1614
1738	1827	1771
1827	1988	1771
1988	1775	1771
1515	1402	1481
1201	1456	1283
1102	1173	1201
700	672	859
672	747	859
747	886	859
669	678	894
678	740	894
740	822	894
822	880	894
880	963	894
963	993	894
963	1027	993
963	898	1027
898	1164	1027
1164	1205	1027
1164	1252	1205
1252	1288	1205
1288	1195	1205
1195	1130	1205
1195	1069	1130
1195	984	1069
1288	1389	1195
1288	1352	1389
1352	1452	1389
963	880	898
880	822	898
822	757	898
757	878	898
757	683	878
683	753	878
822	740	757
771	848	852
801	824	873
809	1014	929
813	899	851
899	938	851
938	906	851
938	1065	906
938	1006	1065
1006	1122	1065
1006	1158	1122
1006	1076	1158
1076	1187	1158
1187	1233	1158
1076	1148	1187
1076	1090	1148
1090	1105	1148
1105	1163	1148
938	899	1006
813	924	899
813	797	924
836	943	910
943	1002	910
1002	998	910
943	1048	1002
1048	1133	1002
1048	1126	1133
1126	1223	1133
1223	1196	1133
1126	1258	1223
1258	1292	1223
1292	1337	1223
1292	1340	1337
1340	1428	1337
1292	1258	1340
1258	1272	1340
1272	1277	1340
1277	1320	1340
1320	1397	1340
1320	1305	1397
1305	1359	1397
1359	1408	1397
1408	1479	1397
1408	1435	1479
1408	1359	1435
1359	1353	1435
1353	1420	1435
1420	1565	1435
1420	1544	1565
1420	1480	1544
1420	1455	1480
1455	1458	1480
1458	1569	1480
1455	1420	1458
1420	1323	1458
1323	1361	1458
1361	1444	1458
1444	1457	1458
1323	1208	1361
1323	1143	1208
1143	1149	1208
1143	1129	1149
1143	1093	1129
1093	1040	1129
1143	1113	1093
1143	1289	1113
1289	1151	1113
1289	1231	1151
1231	1154	1151
1154	1101	1151
1154	1070	1101
1070	1021	1101
1021	956	1101
1021	931	956
931	856	956
1021	1046	931
1046	944	931
1046	1048	944
1046	1126	1048
1046	1135	1126
1135	1258	1126
1135	1170	1258
1170	1272	1258
1170	1277	1272
1170	1230	1277
1230	1287	1277
1287	1320	1277
1287	1230	1320
1230	1231	1320
1231	1305	1320
1231	1314	1305
1314	1353	1305
1353	1359	1305
1314	1420	1353
1314	1323	1420
1314	1289	1323
1289	1143	1323
1314	1231	1289
1230	1154	1231
1230	1170	1154
1170	1070	1154
1170	1135	1070
1135	1046	1070
1046	1021	1070
872	1071	1015
935	964	1026
964	1168	1026
964	1092	1168
1092	1218	1168
1218	1251	1168
946	977	988
988	995	946
988	1087	995
1087	1091	995
961	1107	979
1107	1031	979
1107	1144	1031
1144	1175	1031
1175	1001	1031
1144	1200	1175
967	1044	1125
1125	1123	967
975	1099	1063
1007	1147	1160
1007	1177	1147
1007	933	1177
933	1124	1177
1124	1227	1177
1124	1221	1227
1124	1095	1221
1017	1072	1121
1025	1229	1137
1229	1265	1137
1265	1248	1137
1248	1097	1137
1265	1369	1248
1025	1207	1229
1025	1015	1207
1030	1179	1199
1037	1192	1190
1190	1085	1037
1047	1166	1115
1047	1159	1166
1047	1152	1159
1047	1127	1152
1089	1188	1169
1104	1261	1263
1116	1117	1157
1157	1278	1116
1156	1298	1243
1243	1071	1156
1219	1326	1335
1234	1471	1430
1266	1433	1346
1433	1367	1346
1433	1540	1367
1540	1553	1367
1433	1615	1540
1433	1596	1615
1596	1612	1615
1433	1538	1596
1433	1434	1538
1433	1266	1434
1315	1373	1372
1333	1365	1382
1365	1432	1382
1432	1410	1382
1365	1506	1432
1506	1576	1432
1576	1548	1432
1548	1541	1432
1541	1521	1432
1541	1610	1521
1541	1548	1610
1548	1681	1610
1548	1576	1681
1576	1711	1681
1711	1772	1681
1711	1804	1772
1711	1788	1804
1788	1901	1804
1788	1927	1901
1927	1980	1901
1927	2125	1980
2125	2145	1980
2125	2180	2145
1788	1813	1927
1788	1766	1813
1766	1789	1813
1789	1914	1813
1914	1943	1813
1766	1697	1789
1766	1605	1697
1766	1611	1605
1611	1558	1605
1558	1553	1605
1611	1616	1558
1616	1506	1558
1506	1446	1558
1506	1368	1446
1368	1339	1446
1506	1365	1368
1616	1576	1506
1616	1711	1576
1616	1788	1711
1616	1611	1788
1611	1766	1788
1344	1526	1546
1344	1350	1526
1355	1415	1396
1355	1477	1415
1477	1545	1415
1545	1580	1415
1580	1396	1415
1545	1688	1580
1688	1835	1580
1835	1829	1580
1829	1715	1580
1829	1782	1715
1835	2052	1829
1477	1613	1545
1355	1399	1477
1355	1246	1399
1396	1380	1355
1360	1443	1453
1453	1475	1360
1453	1443	1475
1443	1597	1475
1597	1678	1475
1678	1513	1475
1678	1529	1513
1678	1710	1529
1710	1567	1529
1567	1547	1529
1547	1363	1529
1678	1695	1710
1695	1806	1710
1678	1696	1695
1678	1597	1696
1597	1706	1696
1706	1786	1696
1706	1762	1786
1762	1834	1786
1834	1861	1786
1834	1992	1861
1992	2028	1861
1992	2163	2028
2163	2045	2028
1834	1965	1992
1834	1916	1965
1916	1961	1965
1916	1865	1961
1865	1886	1961
1865	1801	1886
1801	1888	1886
1801	1802	1888
1801	1749	1802
1749	1691	1802
1691	1784	1802
1801	1779	1749
1779	1648	1749
1801	1865	1779
1865	1916	1779
1916	1762	1779
1762	1706	1779
1916	1834	1762
1366	1417	1409
1366	1335	1417
1370	1501	1427
1501	1514	1427
1501	1639	1514
1639	1528	1514
1501	1512	1639
1512	1747	1639
1512	1653	1747
1653	1805	1747
1371	1468	1374
1385	1425	1533
1387	1437	1560
1437	1667	1560
1667	1692	1560
1692	1627	1560
1692	1795	1627
1692	1808	1795
1808	2049	1795
2049	1917	1795
2049	2040	1917
2049	2178	2040
2178	2259	2040
2259	2186	2040
2259	2381	2186
2049	2153	2178
2049	2016	2153
2049	1808	2016
1808	1945	2016
1808	1723	1945
1723	1894	1945
1894	2006	1945
1808	1667	1723
1667	1511	1723
1511	1592	1723
1667	1437	1511
1808	1692	1667
1405	1566	1632
1441	1554	1494
1554	1555	1494
1554	1701	1555
1701	1698	1555
1698	1736	1555
1698	1879	1736
1879	1876	1736
1879	1972	1876
1972	1873	1876
1972	2139	1873
1972	2142	2139
1698	1701	1879
1701	1933	1879
1701	1744	1933
1744	2000	1933
2000	2011	1933
2000	2039	2011
2039	2238	2011
2000	2020	2039
2020	2101	2039
2020	2077	2101
2077	2134	2101
2077	2164	2134
2077	2019	2164
2019	2089	2164
1744	1752	2000
1701	1554	1744
1448	1563	1472
1462	1542	1524
1524	1566	1462
1524	1740	1566
1469	1488	1490
1469	1369	1488
1469	1490	1369
1490	1491	1369
1476	1694	1650
1694	1732	1650
1732	1680	1650
1732	1816	1680
1816	1753	1680
1753	1582	1680
1753	1562	1582
1816	1797	1753
1732	1892	1816
1892	1906	1816
1892	2070	1906
1732	1877	1892
1732	1694	1877
1500	1684	1675
1500	1594	1684
1594	1682	1684
1682	1781	1684
1682	1854	1781
1854	1855	1781
1682	1790	1854
1790	1955	1854
1507	1509	1689
1509	1591	1689
1509	1586	1591
1586	1647	1591
1586	1660	1647
1660	1676	1647
1586	1634	1660
1634	1729	1660
1509	1343	1586
1508	1525	1669
1508	1471	1525
1530	1664	1624
1664	1708	1624
1664	1685	1708
1564	1704	1718
1718	1621	1564
1718	1716	1621
1716	1573	1621
1718	1936	1716
1936	1935	1716
1935	1895	1716
1895	1826	1716
1935	1984	1895
1984	2123	1895
1935	1936	1984
1936	1969	1984
1969	2088	1984
1969	2017	2088
1969	1947	2017
1969	1936	1947
1936	1718	1947
1584	1585	1640
1585	1644	1640
1644	1866	1640
1644	1908	1866
1908	2107	1866
2107	1989	1866
1989	1932	1866
2107	2194	1989
2194	2169	1989
2107	2236	2194
2236	2387	2194
2236	2295	2387
2295	2478	2387
2236	2226	2295
2226	2380	2295
2380	2413	2295
2226	2108	2380
2108	2233	2380
2233	2454	2380
2454	2653	2380
2454	2514	2653
2514	2548	2653
2548	2670	2653
2548	2602	2670
2514	2418	2548
2514	2454	2418
2454	2230	2418
2230	2360	2418
2454	2233	2230
2233	2067	2230
2233	2108	2067
1585	1452	1644
1640	1700	1584
1640	1713	1700
1713	1746	1700
1599	1658	1699
1599	1669	1658
1669	1727	1658
1727	1757	1658
1757	1756	1658
1756	1699	1658
1756	1868	1699
1868	1869	1699
1868	1940	1869
1868	1977	1940
1977	2127	1940
2127	2009	1940
2127	2216	2009
2216	2214	2009
2216	2274	2214
2216	2376	2274
2216	2390	2376
2216	2265	2390
2265	2409	2390
2409	2479	2390
2479	2473	2390
2409	2497	2479
2265	2330	2409
2216	2204	2265
2216	2176	2204
2216	2127	2176
2127	1977	2176
1977	2038	2176
1868	1756	1977
1756	1757	1977
1606	1728	1726
1726	1763	1606
1726	1872	1763
1872	1921	1763
1726	1728	1872
1608	1645	1731
1645	1777	1731
1777	1785	1731
1785	1577	1731
1645	1807	1777
1609	1637	1665
1637	1730	1665
1730	1764	1665
1730	1849	1764
1849	1850	1764
1849	1954	1850
1954	1953	1850
1953	1845	1850
1953	1968	1845
1953	2063	1968
2063	2092	1968
2092	2093	1968
2092	2165	2093
2165	2255	2093
2165	2273	2255
2273	2433	2255
2433	2499	2255
2499	2261	2255
2499	2467	2261
2499	2558	2467
2499	2549	2558
2549	2633	2558
2633	2713	2558
2549	2517	2633
2517	2712	2633
2549	2433	2517
2433	2401	2517
2401	2555	2517
2401	2437	2555
2437	2512	2555
2512	2596	2555
2512	2656	2596
2433	2273	2401
2549	2499	2433
1953	1954	2063
1954	2091	2063
1849	1851	1954
1619	1783	1670
1663	1769	1719
1722	1912	1887
1912	1934	1887
1934	1907	1887
1748	1960	1948
1755	1897	1843
1794	1856	1878
1856	2032	1878
2032	2014	1878
2014	1941	1878
2032	2177	2014
2177	2243	2014
2032	2210	2177
2032	2081	2210
2081	2191	2210
2191	2310	2210
2191	2212	2310
1800	1821	1928
1821	1857	1928
1928	1994	1800
1994	1830	1800
1828	1909	1956
1828	1929	1909
1956	1912	1828
1956	1982	1912
1839	1871	1923
1871	1858	1923
1858	2048	1923
2048	2074	1923
2048	2090	2074
2090	2315	2074
2090	2314	2315
2048	2052	2090
1875	1981	2007
1981	2138	2007
1981	2143	2138
2143	2240	2138
2240	2228	2138
2240	2352	2228
1880	2041	1987
2041	2120	1987
2041	2114	2120
2114	2257	2120
2257	2328	2120
2328	2132	2120
2132	2047	2120
2328	2354	2132
2257	2356	2328
1884	1902	1930
1890	1904	2012
1898	2044	2056
2056	2068	1898
2068	2036	1898
2036	1902	1898
2068	2080	2036
2080	2159	2036
2080	2205	2159
2205	2201	2159
2201	2282	2159
2282	2168	2159
2168	2103	2159
2168	2126	2103
2080	2203	2205
2203	2280	2205
2080	2068	2203
2068	2056	2203
1918	2005	2058
2005	2162	2058
2058	2027	1918
1925	1962	2062
2062	1926	1925
1946	2110	2042
2110	2128	2042
2110	2144	2128
1949	2149	1964
2149	2196	1964
2149	2323	2196
2323	2321	2196
2321	2341	2196
2341	2289	2196
2289	2154	2196
2154	2057	2196
2154	1995	2057
2154	2006	1995
2289	2217	2154
2321	2404	2341
2321	2323	2404
2149	2148	2323
2148	2322	2323
2148	2147	2322
2148	2026	2147
2148	2059	2026
2059	1903	2026
2059	1949	1903
2059	2149	1949
2059	2148	2149
1951	2096	2087
2096	2119	2087
1951	1921	2096
1921	2055	2096
1921	2015	2055
2015	2084	2055
1983	2102	2104
2008	2160	2043
2010	2156	2046
2022	2135	2122
2030	2152	2151
2152	2245	2151
2064	2133	2150
2133	2170	2150
2133	2316	2170
2150	2098	2064
2097	2174	2100
2105	2307	2121
2307	2202	2121
2202	2129	2121
2307	2363	2202
2363	2314	2202
2140	2234	2175
2175	2091	2140
2140	2123	2234
2155	2276	2290
2171	2222	2189
2181	2241	2248
2182	2252	2184
2207	2347	2283
2347	2408	2283
2347	2441	2408
2441	2533	2408
2347	2501	2441
2347	2329	2501
2347	2180	2329
2347	2207	2180
2208	2260	2267
2260	2400	2267
2260	2382	2400
2260	2312	2382
2221	2420	2246
2239	2313	2348
2313	2446	2348
2313	2398	2446
2398	2510	2446
2510	2523	2446
2510	2603	2523
2603	2566	2523
2510	2524	2603
2510	2494	2524
2510	2398	2494
2398	2342	2494
2342	2483	2494
2483	2716	2494
2398	2313	2342
2242	2333	2324
2333	2349	2324
2333	2386	2349
2247	2320	2351
2320	2535	2351
2320	2584	2535
2584	2614	2535
2614	2660	2535
2660	2610	2535
2584	2683	2614
2584	2528	2683
2584	2320	2528
2249	2294	2288
2294	2528	2288
2258	2281	2475
2268	2399	2297
2399	2411	2297
2411	2386	2297
2268	2368	2399
2368	2439	2399
2269	2296	2358
2358	2374	2269
2374	2298	2269
2374	2367	2298
2374	2511	2367
2511	2542	2367
2542	2481	2367
2481	2366	2367
2366	2340	2367
2366	2308	2340
2366	2335	2308
2366	2461	2335
2461	2375	2335
2461	2509	2375
2366	2481	2461
2542	2667	2481
2542	2625	2667
2374	2358	2511
2296	2353	2358
2296	2287	2353
2287	2317	2353
2275	2430	2391
2430	2493	2391
2430	2551	2493
2551	2657	2493
2551	2604	2657
2604	2621	2657
2621	2815	2657
2815	2917	2657
2917	2775	2657
2775	2732	2657
2775	2793	2732
2793	2661	2732
2793	2770	2661
2770	2595	2661
2770	2703	2595
2703	2635	2595
2635	2450	2595
2703	2564	2635
2564	2429	2635
2793	3033	2770
3033	2831	2770
3033	2880	2831
2793	2940	3033
2940	3086	3033
3086	3136	3033
3086	3258	3136
3086	3131	3258
3131	3266	3258
3266	3317	3258
3317	3374	3258
2793	2775	2940
2604	2551	2621
2430	2364	2551
2284	2300	2405
2405	2393	2284
2286	2359	2304
2359	2424	2304
2424	2459	2304
2459	2372	2304
2459	2423	2372
2424	2432	2459
2424	2359	2432
2304	2162	2286
2301	2357	2445
2302	2469	2395
2302	2217	2469
2305	2414	2448
2414	2521	2448
2521	2543	2448
2543	2539	2448
2539	2426	2448
2539	2582	2426
2543	2622	2539
2543	2521	2622
2305	2319	2414
2311	2397	2466
2466	2456	2311
2318	2427	2504
2325	2468	2389
2468	2421	2389
2325	2556	2468
2327	2438	2417
2338	2436	2455
2436	2487	2455
2436	2431	2487
2344	2361	2458
2370	2377	2505
2505	2516	2370
2516	2422	2370
2516	2495	2422
2516	2572	2495
2572	2720	2495
2572	2629	2720
2572	2505	2629
2505	2672	2629
2572	2516	2505
2371	2496	2502
2496	2642	2502
2642	2575	2502
2496	2500	2642
2500	2630	2642
2500	2490	2630
2500	2440	2490
2383	2498	2463
2383	2485	2498
2485	2525	2498
2525	2588	2498
2588	2561	2498
2561	2463	2498
2561	2654	2463
2654	2617	2463
2654	2689	2617
2654	2664	2689
2664	2855	2689
2855	2857	2689
2855	2910	2857
2910	2948	2857
2948	2851	2857
2948	2903	2851
2664	2788	2855
2788	2860	2855
2788	2836	2860
2788	2682	2836
2788	2664	2682
2664	2588	2682
2664	2561	2588
2664	2654	2561
2485	2583	2525
2485	2445	2583
2463	2410	2383
2410	2316	2383
2316	2326	2383
2410	2345	2316
2388	2488	2394
2488	2532	2394
2488	2624	2532
2488	2537	2624
2537	2692	2624
2537	2582	2692
2388	2426	2488
2406	2530	2526
2425	2451	2492
2451	2658	2492
2443	2515	2522
2443	2395	2515
2515	2637	2522
2637	2640	2522
2640	2574	2522
2637	2744	2640
2744	2723	2640
2744	2918	2723
2918	2764	2723
2764	2585	2723
2764	2718	2585
2744	2977	2918
2744	2947	2977
2947	3083	2977
3083	3194	2977
3194	3193	2977
3194	3386	3193
3386	3300	3193
3300	3188	3193
3300	3114	3188
3300	3301	3114
3301	3252	3114
3301	3385	3252
3385	3237	3252
3385	3244	3237
3244	3200	3237
3244	3229	3200
3229	3088	3200
3229	3180	3088
3229	3225	3180
3244	3385	3229
3386	3459	3300
3386	3560	3459
3560	3634	3459
3560	3767	3634
3560	3725	3767
3725	3855	3767
3194	3215	3386
3194	3083	3215
2744	2772	2947
2772	2874	2947
2772	2802	2874
2802	2872	2874
2872	2900	2874
2900	2899	2874
2802	2826	2872
2744	2637	2772
2522	2381	2443
2444	2579	2600
2600	2565	2444
2600	2728	2565
2444	2533	2579
2452	2578	2560
2578	2662	2560
2662	2671	2560
2671	2639	2560
2671	2659	2639
2659	2568	2639
2662	2785	2671
2662	2687	2785
2662	2578	2687
2578	2752	2687
2578	2589	2752
2471	2698	2486
2474	2519	2559
2474	2475	2519
2475	2597	2519
2597	2559	2519
2597	2711	2559
2597	2644	2711
2644	2779	2711
2779	2795	2711
2779	2813	2795
2813	2805	2795
2779	2972	2813
2644	2626	2779
2626	2737	2779
2626	2571	2737
2626	2475	2571
2626	2597	2475
2626	2644	2597
2477	2702	2634
2480	2609	2606
2609	2721	2606
2721	2666	2606
2520	2592	2736
2592	2748	2736
2544	2680	2686
2686	2569	2544
2546	2652	2636
2546	2749	2652
2749	2841	2652
2841	2636	2652
2552	2623	2678
2623	2667	2678
2667	2780	2678
2780	2791	2678
2667	2751	2780
2562	2665	2598
2563	2627	2581
2586	2707	2719
2601	2730	2753
2730	2787	2753
2605	2838	2701
2838	2792	2701
2838	2876	2792
2838	2916	2876
2838	2915	2916
2915	3081	2916
2915	2921	3081
2921	3113	3081
2915	2808	2921
2808	2912	2921
2915	2838	2808
2838	2605	2808
2608	2697	2647
2697	2778	2647
2697	2733	2778
2616	2741	2632
2646	2699	2650
2699	2864	2650
2650	2504	2646
2650	2571	2504
2648	2738	2651
2663	2834	2856
2674	2759	2679
2674	2603	2759
2691	2840	2842
2840	2953	2842
2953	3010	2842
3010	2980	2842
2980	2836	2842
2953	3008	3010
3008	3069	3010
2953	2840	3008
2695	2801	2763
2695	2761	2801
2761	2862	2801
2862	2944	2801
2944	2924	2801
2944	2967	2924
2944	2979	2967
2944	2981	2979
2944	2862	2981
2696	2745	2708
2745	2803	2708
2700	2735	2709
2735	2870	2709
2704	2715	2843
2715	2750	2843
2715	2725	2750
2715	2622	2725
2710	2934	2820
2934	2956	2820
2734	2755	2771
2734	2713	2755
2713	2878	2755
2739	2798	2886
2798	2906	2886
2906	2992	2886
2906	2798	2992
2743	2766	2800
2743	2659	2766
2766	2824	2800
2747	2894	2871
2894	2930	2871
2930	2991	2871
2930	3077	2991
3077	3171	2991
2930	2894	3077
2871	2768	2747
2758	2907	2812
2907	2963	2812
2907	2999	2963
2999	3087	2963
3087	3038	2963
3087	3255	3038
2999	3075	3087
2999	3067	3075
3067	3091	3075
2999	2907	3067
2760	2774	2776
2776	2901	2760
2776	2774	2901
2774	2974	2901
2774	2865	2974
2865	3057	2974
2865	2988	3057
2988	3155	3057
3155	3159	3057
2783	2796	2822
2822	2866	2783
2822	2946	2866
2822	2796	2946
2796	2789	2946
2799	2893	2879
2893	2951	2879
2951	2938	2879
2893	2914	2951
2893	2875	2914
2875	2969	2914
2804	2895	2844
2895	2854	2844
2854	2738	2844
2809	2850	2846
2810	2986	2821
2986	3017	2821
2986	2975	3017
2975	3041	3017
2975	3029	3041
2975	2941	3029
2941	3032	3029
2941	2911	3032
2911	2989	3032
2911	2829	2989
2986	2810	2975
2825	2952	2845
2825	2919	2952
2853	2997	2868
2997	2884	2868
2861	3020	2942
3020	3040	2942
2867	2887	2923
2923	2950	2867
2923	3035	2950
2867	2686	2887
2869	2955	2898
2869	2883	2955
2877	2922	2936
2877	2904	2922
2904	2960	2922
2960	3044	2922
2960	2961	3044
2960	2904	2961
2877	2759	2904
2885	2889	2959
2888	3060	3019
3019	2929	2888
3019	2957	2929
3019	3048	2957
3048	2976	2957
2976	2785	2957
2920	3047	3076
2920	2968	3047
2968	3102	3047
3102	3214	3047
3214	3142	3047
3142	3076	3047
3142	3095	3076
3142	3227	3095
3142	3214	3227
3214	3348	3227
3214	3321	3348
2925	2965	2973
2973	3164	2925
3164	3177	2925
3177	3008	2925
2973	3144	3164
2928	3098	3011
3098	3211	3011
3211	3138	3011
3211	3217	3138
3098	3141	3211
2931	3049	2964
3049	3079	2964
2937	3005	3045
2943	3074	2971
2958	2982	3003
2982	3038	3003
2962	3071	3036
3036	3018	2962
3036	3176	3018
3036	3071	3176
2994	3089	3056
3089	3204	3056
3204	3162	3056
3204	3315	3162
3089	3166	3204
3089	3092	3166
3092	3292	3166
2995	3014	3028
3009	3039	3245
3039	3082	3245
3245	3054	3009
3023	3192	3284
3192	3250	3284
3050	3132	3178
3132	3181	3178
3063	3072	3148
3066	3068	3100
3068	3118	3100
3070	3097	3203
3097	3216	3203
3203	3297	3070
3297	3291	3070
3084	3133	3319
3085	3170	3156
3170	3389	3156
3389	3377	3156
3377	3149	3156
3149	3085	3156
3377	3318	3149
3377	3466	3318
3377	3553	3466
3170	3267	3389
3267	3341	3389
3341	3438	3389
3341	3400	3438
3341	3251	3400
3341	3206	3251
3341	3267	3206
3090	3145	3117
3090	3184	3145
3090	3093	3184
3093	3152	3184
3093	3189	3152
3099	3115	3198
3121	3253	3322
3253	3270	3322
3270	3410	3322
3270	3457	3410
3457	3521	3410
3457	3597	3521
3597	3646	3521
3646	3641	3521
3646	3706	3641
3706	3819	3641
3819	3591	3641
3591	3581	3641
3591	3511	3581
3591	3509	3511
3509	3402	3511
3509	3495	3402
3495	3422	3402
3509	3579	3495
3509	3591	3579
3597	3643	3646
3270	3477	3457
3270	3281	3477
3281	3346	3477
3322	3235	3121
3235	3113	3121
3322	3402	3235
3127	3167	3195
3134	3242	3285
3137	3326	3288
3326	3394	3288
3394	3251	3288
3137	3239	3326
3137	3060	3239
3060	3154	3239
3154	3260	3239
3154	3169	3260
3154	3044	3169
3153	3308	3393
3160	3336	3331
3165	3230	3219
3175	3196	3304
3304	3333	3175
3179	3221	3293
3221	3359	3293
3221	3309	3359
3309	3412	3359
3221	3191	3309
3191	3233	3309
3182	3320	3234
3185	3186	3329
3329	3316	3185
3329	3358	3316
3329	3473	3358
3473	3482	3358
3482	3425	3358
3482	3517	3425
3517	3483	3425
3483	3384	3425
3517	3613	3483
3613	3594	3483
3594	3499	3483
3499	3424	3483
3499	3449	3424
3449	3362	3424
3499	3516	3449
3516	3534	3449
3516	3595	3534
3595	3599	3534
3599	3544	3534
3544	3442	3534
3544	3479	3442
3544	3545	3479
3544	3582	3545
3582	3674	3545
3674	3685	3545
3674	3732	3685
3732	3763	3685
3763	3691	3685
3763	3826	3691
3826	3807	3691
3807	3723	3691
3826	3844	3807
3826	3860	3844
3860	3878	3844
3878	3893	3844
3878	3925	3893
3925	3962	3893
3962	3964	3893
3962	4141	3964
4141	3963	3964
3925	4029	3962
3878	3860	3925
3732	3832	3763
3732	3830	3832
3830	3940	3832
3940	3954	3832
3830	3927	3940
3927	3974	3940
3974	4096	3940
3974	4115	4096
4115	4186	4096
4115	4205	4186
4205	4264	4186
4264	4279	4186
4205	4212	4264
4212	4268	4264
4268	4356	4264
4356	4396	4264
4396	4403	4264
4396	4471	4403
4471	4449	4403
4449	4418	4403
4418	4370	4403
4418	4465	4370
4465	4366	4370
4465	4428	4366
4428	4316	4366
4316	4350	4366
4316	4317	4350
4317	4279	4350
4317	4272	4279
4317	4316	4272
4316	4265	4272
4316	4285	4265
4316	4428	4285
4428	4407	4285
4407	4266	4285
4428	4492	4407
4428	4525	4492
4525	4517	4492
4517	4622	4492
4517	4639	4622
4639	4671	4622
4671	4617	4622
4617	4582	4622
4582	4453	4622
4582	4522	4453
4522	4444	4453
4444	4305	4453
4522	4496	4444
4496	4434	4444
4434	4352	4444
4496	4520	4434
4520	4441	4434
4441	4248	4434
4441	4443	4248
4443	4232	4248
4441	4478	4443
4478	4432	4443
4432	4346	4443
4432	4442	4346
4478	4518	4432
4478	4546	4518
4546	4606	4518
4606	4605	4518
4606	4721	4605
4721	4710	4605
4721	4789	4710
4789	4666	4710
4789	4819	4666
4819	4777	4666
4777	4657	4666
4657	4572	4666
4819	4839	4777
4839	4822	4777
4839	4888	4822
4888	4899	4822
4899	4862	4822
4862	4791	4822
4899	4933	4862
4899	5002	4933
5002	5019	4933
5019	5022	4933
5022	4908	4933
5022	4957	4908
4957	4868	4908
4957	4840	4868
4957	4960	4840
4960	4846	4840
4846	4773	4840
4846	4772	4773
4772	4628	4773
4628	4659	4773
4659	4704	4773
4659	4600	4704
4600	4732	4704
4659	4524	4600
4659	4628	4524
4628	4553	4524
4553	4437	4524
4437	4394	4524
4437	4215	4394
4215	4187	4394
4215	4125	4187
4125	4123	4187
4215	4068	4125
4553	4523	4437
4553	4584	4523
4553	4772	4584
4772	4774	4584
4772	4846	4774
4846	4793	4774
4553	4628	4772
4960	4946	4846
4946	4949	4846
4946	4990	4949
4990	5000	4949
5000	4918	4949
4990	5018	5000
4990	5038	5018
4990	5039	5038
5039	5106	5038
5106	5099	5038
5106	5134	5099
5106	5116	5134
5116	5160	5134
5116	5143	5160
5143	5167	5160
5143	5166	5167
5166	5182	5167
5166	5176	5182
5176	5187	5182
5176	5169	5187
5169	5171	5187
5171	5172	5187
5172	5190	5187
5172	5186	5190
5186	5189	5190
5186	5185	5189
5185	5183	5189
5183	5191	5189
5183	5179	5191
5183	5170	5179
5170	5174	5179
5174	5184	5179
5184	5188	5179
5184	5177	5188
5177	5178	5188
5177	5152	5178
5152	5180	5178
5177	5126	5152
5126	5135	5152
5126	5068	5135
5126	5062	5068
5062	5035	5068
5062	5033	5035
5062	5126	5033
5126	5120	5033
5120	5047	5033
5047	4996	5033
5047	5016	4996
5047	5085	5016
5085	5025	5016
5085	5094	5025
5085	5104	5094
5104	5115	5094
5115	5076	5094
5115	5103	5076
5103	5093	5076
5093	5078	5076
5078	5032	5076
5093	5083	5078
5083	5066	5078
5066	4993	5078
4993	4955	5078
4955	4943	5078
4955	4914	4943
4914	4952	4943
4914	4834	4952
4834	4936	4952
4936	5032	4952
4914	4804	4834
4804	4788	4834
4914	4844	4804
4844	4739	4804
4844	4836	4739
4836	4687	4739
4687	4676	4739
4687	4655	4676
4655	4602	4676
4602	4601	4676
4601	4686	4676
4687	4648	4655
4687	4644	4648
4687	4690	4644
4914	4928	4844
4914	4955	4928
4955	4993	4928
4993	4959	4928
4993	4991	4959
4991	4944	4959
4991	4976	4944
4976	4922	4944
4922	4811	4944
4811	4836	4944
4811	4690	4836
4922	4897	4811
4991	5049	4976
4991	5056	5049
5056	5081	5049
5081	5069	5049
5069	5043	5049
5069	5054	5043
5056	5071	5081
5071	5112	5081
5071	5088	5112
5088	5124	5112
5124	5139	5112
5139	5161	5112
5139	5158	5161
5158	5181	5161
5181	5175	5161
5175	5156	5161
5181	5185	5175
5181	5183	5185
5181	5170	5183
5181	5158	5170
5158	5148	5170
5148	5150	5170
5150	5174	5170
5150	5145	5174
5145	5154	5174
5154	5184	5174
5154	5177	5184
5154	5126	5177
5154	5132	5126
5132	5120	5126
5132	5109	5120
5109	5047	5120
5109	5085	5047
5109	5104	5085
5109	5132	5104
5132	5115	5104
5132	5130	5115
5130	5103	5115
5130	5122	5103
5122	5093	5103
5122	5124	5093
5124	5083	5093
5124	5088	5083
5088	5071	5083
5071	5066	5083
5071	4993	5066
5071	5056	4993
5056	4991	4993
5122	5138	5124
5138	5139	5124
5138	5158	5139
5138	5148	5158
5138	5130	5148
5130	5150	5148
5130	5145	5150
5130	5132	5145
5132	5154	5145
5138	5122	5130
5186	5168	5185
5186	5172	5168
5172	5163	5168
5163	5155	5168
5163	5137	5155
5137	5119	5155
5119	5123	5155
5123	5131	5155
5123	5110	5131
5110	5097	5131
5110	5089	5097
5089	5080	5097
5080	5079	5097
5080	5034	5079
5080	5060	5034
5060	5006	5034
5006	4984	5034
5006	4963	4984
4963	4884	4984
4884	4935	4984
4884	4910	4935
4910	4891	4935
4910	4854	4891
4910	4858	4854
4858	4763	4854
4858	4837	4763
4837	4799	4763
4837	4887	4799
4887	4821	4799
4821	4746	4799
4887	4909	4821
4909	4916	4821
4916	4838	4821
4916	4904	4838
4904	4832	4838
4832	4725	4838
4832	4718	4725
4718	4663	4725
4663	4703	4725
4718	4604	4663
4832	4751	4718
4751	4700	4718
4751	4810	4700
4810	4770	4700
4770	4709	4700
4709	4640	4700
4709	4630	4640
4630	4585	4640
4709	4636	4630
4709	4723	4636
4723	4607	4636
4709	4785	4723
4785	4800	4723
4800	4745	4723
4745	4678	4723
4745	4698	4678
4698	4722	4678
4722	4641	4678
4722	4629	4641
4629	4594	4641
4629	4527	4594
4527	4511	4594
4527	4464	4511
4527	4427	4464
4427	4421	4464
4427	4373	4421
4373	4334	4421
4373	4189	4334
4189	4303	4334
4303	4387	4334
4427	4367	4373
4427	4379	4367
4379	4307	4367
4379	4377	4307
4377	4326	4307
4377	4364	4326
4377	4467	4364
4467	4456	4364
4456	4397	4364
4397	4351	4364
4397	4388	4351
4388	4313	4351
4388	4417	4313
4417	4414	4313
4414	4393	4313
4393	4308	4313
4393	4319	4308
4319	4260	4308
4319	4318	4260
4318	4280	4260
4280	4188	4260
4280	4158	4188
4158	4042	4188
4042	4121	4188
4042	4013	4121
4013	4083	4121
4083	4087	4121
4083	3983	4087
3983	3973	4087
3973	4100	4087
3973	3955	4100
3955	4014	4100
3983	3913	3973
3983	3948	3913
3983	4013	3948
4013	4042	3948
3983	4083	4013
4280	4226	4158
4226	4210	4158
4226	4261	4210
4226	4280	4261
4280	4339	4261
4339	4340	4261
4340	4283	4261
4340	4286	4283
4286	4290	4283
4286	4340	4290
4340	4382	4290
4382	4297	4290
4297	4278	4290
4278	4246	4290
4278	4241	4246
4241	4214	4246
4214	4196	4246
4196	4198	4246
4196	4094	4198
4094	4076	4198
4076	4062	4198
4094	4046	4076
4094	4048	4046
4048	3980	4046
3980	3956	4046
4048	4063	3980
4063	3965	3980
3965	3928	3980
3965	3883	3928
3883	3834	3928
3883	3833	3834
3833	3738	3834
3738	3717	3834
3738	3682	3717
3682	3665	3717
3665	3753	3717
3665	3653	3753
3738	3616	3682
3738	3714	3616
3883	3876	3833
3876	3784	3833
3876	3782	3784
3782	3773	3784
3773	3751	3784
3876	3783	3782
3783	3669	3782
3669	3658	3782
3669	3633	3658
3783	3754	3669
3754	3563	3669
3783	3835	3754
3835	3785	3754
3835	3864	3785
3864	3867	3785
3864	3934	3867
3934	3996	3867
3996	3923	3867
3923	3857	3867
3857	3761	3867
3923	3951	3857
3951	3911	3857
3951	3950	3911
3950	3906	3911
3950	4052	3906
3950	4055	4052
4055	4109	4052
4109	4150	4052
4150	4074	4052
4150	4181	4074
4181	4146	4074
4146	4054	4074
4146	4142	4054
4142	4017	4054
4017	3984	4054
3984	3901	4054
3984	3897	3901
3897	3846	3901
3846	3828	3901
3828	3868	3901
3828	3715	3868
3828	3739	3715
3828	3846	3739
3846	3740	3739
3740	3661	3739
3846	3824	3740
3824	3815	3740
3815	3724	3740
3815	3790	3724
3790	3722	3724
3722	3612	3724
3722	3675	3612
3675	3575	3612
3575	3520	3612
3575	3555	3520
3555	3473	3520
3473	3357	3520
3555	3482	3473
3555	3517	3482
3555	3575	3517
3575	3675	3517
3675	3613	3517
3675	3657	3613
3657	3594	3613
3657	3677	3594
3677	3648	3594
3648	3595	3594
3595	3499	3594
3595	3516	3499
3648	3599	3595
3648	3709	3599
3709	3674	3599
3674	3582	3599
3582	3544	3599
3709	3732	3674
3709	3830	3732
3709	3786	3830
3786	3912	3830
3912	3939	3830
3939	3927	3830
3939	3974	3927
3939	3968	3974
3968	4018	3974
4018	4115	3974
4018	4205	4115
4018	4212	4205
4018	4073	4212
4073	4183	4212
4183	4268	4212
4183	4211	4268
4211	4284	4268
4284	4381	4268
4381	4356	4268
4381	4396	4356
4381	4433	4396
4433	4457	4396
4457	4471	4396
4457	4575	4471
4575	4592	4471
4592	4449	4471
4592	4579	4449
4579	4544	4449
4544	4465	4449
4465	4418	4449
4544	4525	4465
4525	4428	4465
4544	4571	4525
4571	4639	4525
4639	4517	4525
4571	4624	4639
4624	4665	4639
4665	4682	4639
4682	4677	4639
4677	4671	4639
4677	4716	4671
4716	4714	4671
4714	4617	4671
4714	4705	4617
4705	4582	4617
4705	4557	4582
4557	4522	4582
4557	4496	4522
4557	4520	4496
4557	4651	4520
4651	4593	4520
4593	4546	4520
4546	4441	4520
4546	4478	4441
4593	4606	4546
4593	4631	4606
4631	4717	4606
4717	4721	4606
4717	4790	4721
4790	4789	4721
4717	4756	4790
4756	4808	4790
4808	4865	4790
4808	4877	4865
4877	4886	4865
4886	4878	4865
4878	4895	4865
4895	4881	4865
4881	4856	4865
4881	4888	4856
4888	4819	4856
4819	4789	4856
4888	4839	4819
4881	4923	4888
4923	4934	4888
4934	4929	4888
4929	4899	4888
4929	5002	4899
4929	4970	5002
4970	5013	5002
5013	5019	5002
5013	5072	5019
5072	5074	5019
5074	5055	5019
5055	5022	5019
5055	5036	5022
5036	5014	5022
5014	4957	5022
5014	5017	4957
5017	4960	4957
5017	5008	4960
5008	4946	4960
5008	4990	4946
5008	5039	4990
5008	5051	5039
5051	5111	5039
5111	5106	5039
5111	5116	5106
5111	5051	5116
5051	5073	5116
5073	5121	5116
5121	5143	5116
5121	5141	5143
5141	5151	5143
5151	5166	5143
5151	5176	5166
5151	5164	5176
5164	5169	5176
5164	5157	5169
5157	5171	5169
5157	5162	5171
5162	5165	5171
5165	5172	5171
5165	5159	5172
5159	5163	5172
5159	5142	5163
5142	5137	5163
5142	5129	5137
5129	5119	5137
5129	5092	5119
5092	5110	5119
5110	5123	5119
5092	5089	5110
5092	5064	5089
5064	5060	5089
5060	5080	5089
5064	5048	5060
5048	5006	5060
5048	4964	5006
4964	4963	5006
4964	4887	4963
4887	4884	4963
4887	4837	4884
4837	4858	4884
4858	4910	4884
5048	4980	4964
5048	5052	4980
5052	4973	4980
5052	5026	4973
5026	5012	4973
5012	4986	4973
4986	4916	4973
4916	4909	4973
4986	4947	4916
4947	4904	4916
4947	4937	4904
4937	4869	4904
4869	4832	4904
4869	4751	4832
4869	4810	4751
4869	4903	4810
4903	4770	4810
4903	4785	4770
4785	4709	4770
4903	4892	4785
4892	4800	4785
4892	4883	4800
4883	4813	4800
4813	4745	4800
4813	4797	4745
4797	4753	4745
4753	4698	4745
4753	4722	4698
4753	4768	4722
4768	4650	4722
4650	4629	4722
4650	4527	4629
4650	4615	4527
4615	4541	4527
4541	4495	4527
4495	4445	4527
4445	4427	4527
4445	4379	4427
4445	4377	4379
4445	4495	4377
4495	4467	4377
4495	4540	4467
4540	4577	4467
4577	4555	4467
4555	4456	4467
4555	4569	4456
4569	4549	4456
4549	4479	4456
4479	4438	4456
4438	4397	4456
4438	4388	4397
4438	4479	4388
4479	4417	4388
4479	4466	4417
4466	4414	4417
4466	4499	4414
4499	4452	4414
4452	4393	4414
4452	4319	4393
4452	4386	4319
4386	4318	4319
4386	4330	4318
4330	4280	4318
4330	4339	4280
4330	4412	4339
4330	4386	4412
4386	4452	4412
4452	4489	4412
4452	4487	4489
4487	4537	4489
4537	4503	4489
4503	4450	4489
4503	4482	4450
4482	4426	4450
4426	4340	4450
4426	4382	4340
4426	4406	4382
4406	4371	4382
4371	4347	4382
4347	4297	4382
4347	4278	4297
4347	4291	4278
4291	4241	4278
4291	4224	4241
4224	4199	4241
4199	4200	4241
4200	4214	4241
4200	4196	4214
4200	4114	4196
4114	4094	4196
4114	4048	4094
4114	4063	4048
4114	4098	4063
4098	4071	4063
4071	3999	4063
3999	3965	4063
3999	3883	3965
3999	3957	3883
3957	3876	3883
3957	3905	3876
3905	3783	3876
3905	3903	3783
3903	3835	3783
3903	3864	3835
3903	3934	3864
3903	4001	3934
4001	3985	3934
3985	3996	3934
3985	4033	3996
4033	3923	3996
4033	3951	3923
4033	4039	3951
4039	4000	3951
4000	3950	3951
4000	4034	3950
4034	4055	3950
4034	4078	4055
4078	4122	4055
4122	4109	4055
4122	4150	4109
4122	4163	4150
4163	4181	4150
4163	4234	4181
4163	4190	4234
4190	4239	4234
4239	4287	4234
4239	4355	4287
4355	4401	4287
4355	4362	4401
4362	4431	4401
4431	4446	4401
4446	4409	4401
4446	4455	4409
4455	4423	4409
4446	4475	4455
4475	4509	4455
4475	4470	4509
4470	4494	4509
4494	4562	4509
4562	4567	4509
4562	4581	4567
4581	4621	4567
4621	4587	4567
4587	4560	4567
4587	4566	4560
4566	4530	4560
4566	4576	4530
4576	4457	4530
4457	4433	4530
4433	4413	4530
4433	4381	4413
4381	4380	4413
4381	4284	4380
4284	4306	4380
4284	4230	4306
4230	4295	4306
4230	4262	4295
4262	4257	4295
4262	4247	4257
4247	4218	4257
4247	4142	4218
4142	4146	4218
4146	4195	4218
4195	4181	4218
4195	4146	4181
4247	4157	4142
4157	4017	4142
4157	4093	4017
4093	4061	4017
4061	3949	4017
3949	3984	4017
3949	3897	3984
3949	3932	3897
3932	3815	3897
3815	3824	3897
3824	3846	3897
3932	3790	3815
3932	3902	3790
3932	3949	3902
3949	4061	3902
4093	4118	4061
4093	4166	4118
4166	4230	4118
4230	4132	4118
4230	4211	4132
4211	4089	4132
4211	4183	4089
4183	4073	4089
4073	4015	4089
4073	4018	4015
4018	3968	4015
3968	3880	4015
3968	3912	3880
3912	3845	3880
3912	3810	3845
3810	3781	3845
3781	3677	3845
3677	3657	3845
3657	3746	3845
3657	3675	3746
3675	3722	3746
3722	3790	3746
3781	3648	3677
3781	3786	3648
3786	3709	3648
3781	3810	3786
3810	3912	3786
3968	3939	3912
4230	4284	4211
4166	4262	4230
4166	4247	4262
4166	4157	4247
4166	4093	4157
4576	4575	4457
4576	4637	4575
4637	4592	4575
4637	4614	4592
4614	4579	4592
4614	4624	4579
4624	4544	4579
4624	4571	4544
4614	4638	4624
4638	4665	4624
4638	4637	4665
4637	4675	4665
4675	4684	4665
4684	4682	4665
4684	4685	4682
4685	4695	4682
4695	4677	4682
4695	4716	4677
4695	4749	4716
4749	4755	4716
4755	4795	4716
4795	4714	4716
4795	4756	4714
4756	4705	4714
4756	4717	4705
4717	4651	4705
4651	4557	4705
4717	4631	4651
4631	4593	4651
4795	4816	4756
4816	4808	4756
4816	4877	4808
4816	4842	4877
4842	4849	4877
4849	4889	4877
4889	4886	4877
4849	4850	4889
4850	4863	4889
4863	4864	4889
4864	4900	4889
4864	4912	4900
4912	4927	4900
4927	4966	4900
4966	4942	4900
4966	4992	4942
4992	4985	4942
4985	4930	4942
4985	4970	4930
4970	4923	4930
4923	4895	4930
4895	4886	4930
4895	4878	4886
4923	4881	4895
4970	4934	4923
4970	4929	4934
4985	4999	4970
4999	5005	4970
5005	5013	4970
5005	5044	5013
5044	5063	5013
5063	5072	5013
5063	5101	5072
5101	5091	5072
5091	5074	5072
5091	5061	5074
5061	5055	5074
5061	5036	5055
5061	5073	5036
5073	5014	5036
5073	5017	5014
5073	5051	5017
5051	5008	5017
5061	5098	5073
5098	5121	5073
5098	5105	5121
5105	5125	5121
5125	5141	5121
5125	5157	5141
5157	5164	5141
5164	5151	5141
5125	5146	5157
5146	5149	5157
5149	5162	5157
5149	5153	5162
5153	5165	5162
5153	5147	5165
5147	5144	5165
5144	5159	5165
5144	5133	5159
5133	5142	5159
5133	5129	5142
5133	5108	5129
5108	5092	5129
5108	5052	5092
5052	5064	5092
5052	5048	5064
5108	5058	5052
5058	5026	5052
5058	5041	5026
5041	5012	5026
5041	4977	5012
4977	4986	5012
4977	4947	4986
4977	4937	4947
4977	4967	4937
4967	4926	4937
4926	4903	4937
4903	4869	4937
4926	4892	4903
4926	4967	4892
4967	4979	4892
4979	4982	4892
4982	4981	4892
4981	4906	4892
4906	4883	4892
4906	4867	4883
4867	4851	4883
4851	4813	4883
4851	4828	4813
4828	4797	4813
4828	4827	4797
4827	4753	4797
4827	4768	4753
4827	4802	4768
4802	4734	4768
4734	4689	4768
4689	4650	4768
4689	4615	4650
4689	4609	4615
4609	4541	4615
4609	4540	4541
4540	4495	4541
4609	4577	4540
4609	4688	4577
4688	4613	4577
4613	4555	4577
4613	4569	4555
4613	4664	4569
4664	4596	4569
4596	4549	4569
4596	4623	4549
4623	4591	4549
4591	4570	4549
4570	4521	4549
4521	4479	4549
4521	4466	4479
4521	4499	4466
4521	4528	4499
4528	4508	4499
4508	4487	4499
4487	4452	4499
4508	4537	4487
4508	4528	4537
4528	4563	4537
4563	4552	4537
4552	4503	4537
4552	4482	4503
4552	4535	4482
4535	4469	4482
4469	4426	4482
4469	4406	4426
4469	4447	4406
4447	4424	4406
4424	4371	4406
4424	4431	4371
4431	4321	4371
4321	4291	4371
4291	4347	4371
4321	4289	4291
4289	4224	4291
4289	4222	4224
4222	4147	4224
4147	4199	4224
4147	4098	4199
4098	4114	4199
4114	4200	4199
4147	4071	4098
4147	4149	4071
4149	4077	4071
4077	4020	4071
4020	3999	4071
4020	3957	3999
4020	4001	3957
4001	3905	3957
4001	3903	3905
4020	4077	4001
4077	3985	4001
4077	4033	3985
4077	4039	4033
4077	4133	4039
4133	4138	4039
4138	4078	4039
4078	4034	4039
4034	4000	4039
4138	4139	4078
4139	4122	4078
4139	4163	4122
4139	4138	4163
4138	4190	4163
4138	4184	4190
4184	4239	4190
4184	4216	4239
4216	4222	4239
4222	4289	4239
4289	4321	4239
4321	4355	4239
4321	4362	4355
4321	4431	4362
4216	4149	4222
4149	4147	4222
4216	4168	4149
4168	4133	4149
4133	4077	4149
4168	4138	4133
4168	4184	4138
4168	4216	4184
4424	4447	4431
4447	4470	4431
4470	4475	4431
4475	4446	4431
4447	4494	4470
4447	4469	4494
4469	4507	4494
4507	4562	4494
4507	4551	4562
4551	4580	4562
4580	4581	4562
4580	4619	4581
4619	4621	4581
4619	4658	4621
4658	4699	4621
4658	4715	4699
4715	4741	4699
4741	4719	4699
4741	4758	4719
4741	4738	4758
4738	4783	4758
4783	4803	4758
4783	4820	4803
4820	4843	4803
4843	4848	4803
4848	4812	4803
4848	4815	4812
4815	4780	4812
4780	4733	4812
4780	4786	4733
4786	4784	4733
4786	4815	4784
4815	4801	4784
4801	4782	4784
4782	4748	4784
4782	4775	4748
4775	4749	4748
4749	4706	4748
4749	4695	4706
4695	4685	4706
4685	4684	4706
4684	4683	4706
4683	4696	4706
4683	4661	4696
4683	4674	4661
4674	4660	4661
4660	4653	4661
4660	4616	4653
4616	4566	4653
4566	4587	4653
4616	4576	4566
4616	4637	4576
4616	4660	4637
4660	4675	4637
4660	4674	4675
4674	4684	4675
4674	4683	4684
4775	4755	4749
4775	4795	4755
4775	4842	4795
4842	4816	4795
4775	4782	4842
4782	4826	4842
4826	4849	4842
4826	4850	4849
4826	4863	4850
4826	4864	4863
4826	4801	4864
4801	4859	4864
4859	4912	4864
4859	4871	4912
4871	4917	4912
4917	4927	4912
4917	4953	4927
4953	4966	4927
4953	4975	4966
4975	5003	4966
5003	4992	4966
5003	5045	4992
5045	4999	4992
4999	4985	4992
5045	5044	4999
5044	5005	4999
5045	5065	5044
5065	5086	5044
5086	5063	5044
5086	5101	5063
5086	5113	5101
5113	5117	5101
5117	5091	5101
5117	5105	5091
5105	5098	5091
5098	5061	5091
5117	5125	5105
5117	5146	5125
5117	5113	5146
5113	5140	5146
5140	5149	5146
5140	5127	5149
5127	5153	5149
5127	5147	5153
5127	5128	5147
5128	5144	5147
5128	5136	5144
5136	5133	5144
5136	5087	5133
5087	5108	5133
5087	5058	5108
5087	5075	5058
5075	5041	5058
5075	5015	5041
5015	4977	5041
5015	4967	4977
5015	4979	4967
5015	4982	4979
5015	5007	4982
5007	4981	4982
5007	5031	4981
5031	4997	4981
4997	4906	4981
4997	4898	4906
4898	4867	4906
4898	4876	4867
4876	4851	4867
4876	4828	4851
4876	4827	4828
4876	4894	4827
4894	4855	4827
4855	4802	4827
4855	4872	4802
4872	4757	4802
4757	4734	4802
4757	4727	4734
4727	4688	4734
4688	4689	4734
4688	4609	4689
4727	4613	4688
4727	4664	4613
4727	4740	4664
4740	4735	4664
4735	4692	4664
4692	4596	4664
4692	4623	4596
4692	4646	4623
4646	4591	4623
4646	4597	4591
4597	4570	4591
4597	4521	4570
4597	4528	4521
4597	4625	4528
4625	4563	4528
4625	4588	4563
4588	4552	4563
4588	4535	4552
4588	4590	4535
4590	4565	4535
4565	4558	4535
4558	4469	4535
4558	4507	4469
4558	4551	4507
4558	4619	4551
4619	4580	4551
4558	4681	4619
4681	4658	4619
4681	4715	4658
4681	4691	4715
4691	4729	4715
4729	4741	4715
4729	4738	4741
4729	4691	4738
4691	4694	4738
4694	4702	4738
4702	4747	4738
4747	4764	4738
4764	4783	4738
4764	4787	4783
4787	4820	4783
4787	4817	4820
4817	4843	4820
4817	4847	4843
4847	4879	4843
4879	4848	4843
4847	4874	4879
4874	4880	4879
4880	4924	4879
4880	4901	4924
4901	4919	4924
4919	4950	4924
4950	4971	4924
4950	5001	4971
5001	5010	4971
5010	4988	4971
4988	4978	4971
4978	4917	4971
4917	4896	4971
4917	4871	4896
4871	4875	4896
4871	4859	4875
4859	4815	4875
4815	4848	4875
4859	4801	4815
4978	4953	4917
4978	4987	4953
4987	4975	4953
4987	5009	4975
5009	5003	4975
5009	5059	5003
5059	5045	5003
5059	5065	5045
5059	5090	5065
5090	5086	5065
5090	5113	5086
5090	5140	5113
5090	5107	5140
5107	5127	5140
5107	5096	5127
5096	5102	5127
5102	5114	5127
5114	5128	5127
5114	5100	5128
5100	5136	5128
5100	5087	5136
5100	5075	5087
5100	5031	5075
5031	5015	5075
5031	5007	5015
5100	5077	5031
5077	5029	5031
5029	4997	5031
5029	5011	4997
5011	4983	4997
4983	4898	4997
4983	4972	4898
4972	4876	4898
4972	4894	4876
4972	4921	4894
4921	4855	4894
4921	4872	4855
4921	4920	4872
4920	4882	4872
4882	4757	4872
4882	4890	4757
4890	4806	4757
4806	4740	4757
4740	4727	4757
4806	4818	4740
4818	4744	4740
4744	4735	4740
4744	4781	4735
4781	4692	4735
4781	4731	4692
4731	4713	4692
4713	4646	4692
4713	4654	4646
4654	4597	4646
4654	4625	4597
4654	4643	4625
4643	4588	4625
4643	4590	4588
4643	4642	4590
4642	4565	4590
4642	4558	4565
4642	4681	4558
4642	4694	4681
4694	4691	4681
4642	4702	4694
4642	4667	4702
4667	4724	4702
4724	4747	4702
4724	4754	4747
4754	4787	4747
4787	4764	4747
4754	4767	4787
4767	4817	4787
4767	4781	4817
4781	4847	4817
4781	4880	4847
4880	4874	4847
4781	4852	4880
4852	4901	4880
4852	4885	4901
4885	4919	4901
4885	4932	4919
4932	4961	4919
4961	4950	4919
4961	4994	4950
4994	5001	4950
4994	5037	5001
5037	5010	5001
5037	5046	5010
5037	5070	5046
5070	5082	5046
5070	5096	5082
5096	5107	5082
5107	5090	5082
5090	5059	5082
5059	5009	5082
5070	5084	5096
5084	5102	5096
5084	5114	5102
5084	5057	5114
5084	5053	5057
5053	5021	5057
5021	5040	5057
5040	5077	5057
5040	5029	5077
5040	4983	5029
4983	5011	5029
5040	4972	4983
5040	4998	4972
4998	4974	4972
4974	4921	4972
4974	4920	4921
4974	4938	4920
4938	4915	4920
4915	4890	4920
4890	4882	4920
4915	4885	4890
4885	4860	4890
4860	4806	4890
4860	4833	4806
4833	4818	4806
4833	4852	4818
4852	4781	4818
4781	4744	4818
4833	4860	4852
4860	4885	4852
4915	4932	4885
4915	4962	4932
4962	4961	4932
4962	4994	4961
4962	5020	4994
5020	5037	4994
5020	5053	5037
5053	5070	5037
5053	5084	5070
5020	5021	5053
5020	4995	5021
4995	4998	5021
4998	5040	5021
4995	4974	4998
4995	4938	4974
4995	4954	4938
4954	4915	4938
4954	4962	4915
4954	4995	4962
4995	5020	4962
4767	4731	4781
4767	4754	4731
4754	4724	4731
4724	4713	4731
4724	4654	4713
4724	4667	4654
4667	4643	4654
4667	4642	4643
5100	5114	5077
4826	4782	4801
4786	4780	4815
4638	4614	4637
3209	3279	3238
3279	3277	3238
3279	3335	3277
3210	3302	3343
3220	3222	3325
3325	3353	3220
3222	3314	3325
3222	3290	3314
3290	3344	3314
3290	3323	3344
3224	3303	3361
3303	3435	3361
3303	3460	3435
3460	3456	3435
3456	3558	3435
3303	3423	3460
3303	3415	3423
3361	3295	3224
3226	3388	3274
3243	3347	3407
3407	3266	3243
3407	3465	3266
3246	3296	3265
3246	3295	3296
3247	3311	3396
3249	3313	3327
3249	3225	3313
3256	3287	3349
3287	3416	3349
3416	3478	3349
3287	3234	3416
3272	3370	3382
3382	3387	3272
3387	3339	3272
3339	3255	3272
3339	3261	3255
3382	3496	3387
3496	3513	3387
3496	3567	3513
3567	3562	3513
3562	3570	3513
3562	3631	3570
3631	3540	3570
3562	3567	3631
3496	3537	3567
3496	3382	3537
3382	3370	3537
3276	3451	3354
3451	3568	3354
3568	3464	3354
3464	3350	3354
3464	3280	3350
3568	3576	3464
3276	3319	3451
3282	3491	3367
3491	3481	3367
3307	3450	3330
3324	3395	3532
3328	3401	3365
3365	3245	3328
3328	3381	3401
3381	3510	3401
3510	3639	3401
3639	3556	3401
3639	3695	3556
3639	3838	3695
3838	3915	3695
3915	3758	3695
3915	3837	3758
3837	3816	3758
3816	3702	3758
3837	3898	3816
3510	3651	3639
3355	3469	3363
3469	3439	3363
3469	3621	3439
3621	3498	3439
3621	3610	3498
3610	3604	3498
3604	3504	3498
3504	3376	3498
3604	3585	3504
3585	3508	3504
3585	3471	3508
3604	3715	3585
3621	3693	3610
3621	3692	3693
3692	3728	3693
3692	3761	3728
3360	3406	3420
3364	3444	3411
3444	3431	3411
3431	3493	3411
3493	3491	3411
3431	3444	3493
3368	3475	3484
3475	3588	3484
3588	3557	3484
3588	3615	3557
3615	3548	3557
3588	3755	3615
3588	3687	3755
3687	3734	3755
3687	3700	3734
3700	3805	3734
3687	3588	3700
3588	3539	3700
3588	3475	3539
3475	3522	3539
3522	3600	3539
3522	3472	3600
3378	3490	3453
3403	3500	3454
3409	3458	3542
3409	3427	3458
3427	3447	3458
3418	3497	3519
3426	3523	3468
3523	3603	3468
3603	3618	3468
3523	3466	3603
3463	3569	3502
3569	3711	3502
3711	3651	3502
3711	3792	3651
3711	3791	3792
3711	3569	3791
3569	3793	3791
3793	3847	3791
3793	3806	3847
3806	4031	3847
3806	3862	4031
3862	4095	4031
4095	4148	4031
4148	4097	4031
4097	4027	4031
4095	4176	4148
4176	4256	4148
4176	4328	4256
4095	4131	4176
4095	4053	4131
4095	3862	4053
3862	3888	4053
3793	3569	3806
3463	3503	3569
3494	3679	3623
3515	3524	3571
3518	3541	3622
3541	3649	3622
3541	3635	3649
3622	3620	3518
3527	3710	3716
3716	3748	3527
3716	3802	3748
3716	3710	3802
3546	3636	3731
3559	3744	3609
3744	3827	3609
3561	3611	3673
3611	3698	3673
3611	3737	3698
3611	3699	3737
3699	3789	3737
3565	3654	3617
3566	3573	3572
3573	3624	3572
3573	3619	3624
3577	3670	3713
3713	3647	3577
3602	3614	3741
3629	3696	3719
3696	3769	3719
3632	3664	3766
3664	3736	3766
3664	3638	3736
3640	3788	3747
3747	3643	3640
3747	3820	3643
3747	3842	3820
3747	3795	3842
3795	3938	3842
3938	3959	3842
3938	4066	3959
3938	3896	4066
3896	4091	4066
4091	4135	4066
4091	4179	4135
4091	4107	4179
3938	3795	3896
3795	3788	3896
3788	3907	3896
3788	3848	3907
3848	3873	3907
3848	3777	3873
3795	3747	3788
3642	3874	3727
3642	3829	3874
3652	3879	3770
3879	3970	3770
3970	3914	3770
3666	3672	3757
3672	3796	3757
3672	3768	3796
3768	3922	3796
3922	3946	3796
3671	3729	3809
3729	3875	3809
3678	3808	3694
3683	3721	3707
3683	3733	3721
3733	3884	3721
3884	3909	3721
3909	3707	3721
3909	3726	3707
3884	3998	3909
3998	3982	3909
3998	4069	3982
3998	4056	4069
4056	4252	4069
4252	4178	4069
4056	4229	4252
4056	4185	4229
4185	4346	4229
3733	3741	3884
3701	3772	3851
3718	3759	3937
3749	3921	3891
3921	3936	3891
3921	4032	3936
3750	3762	3799
3752	3849	3892
3892	3841	3752
3771	3861	3811
3861	3969	3811
3861	3943	3969
3778	3870	3869
3869	3843	3778
3869	3890	3843
3869	3991	3890
3787	3895	3960
3895	4037	3960
4037	4208	3960
4208	4182	3960
4037	4178	4208
3960	3855	3787
3821	4011	3992
4011	4101	3992
4011	4112	4101
3831	3990	3994
3990	4134	3994
3839	3977	4024
3977	4045	4024
3977	4108	4045
4108	4207	4045
3977	3961	4108
3977	3827	3961
3977	3839	3827
3839	3720	3827
3853	3933	3859
3859	3799	3853
3856	3865	3931
3865	4021	3931
3865	4026	4021
4026	4221	4021
4221	4160	4021
4221	4273	4160
3865	4010	4026
3858	3885	3918
3881	3967	3988
3967	4103	3988
3886	3993	4016
3993	4082	4016
4082	4092	4016
4092	4009	4016
4092	4129	4009
4092	4156	4129
4092	4159	4156
4092	4082	4159
4082	4225	4159
4082	4110	4225
3887	3910	4004
3910	3930	4004
3930	4060	4004
3910	3929	3930
3889	3978	3972
3972	3922	3889
3900	3945	3958
3958	3956	3900
3956	3899	3900
3945	4003	3958
3945	4012	4003
4012	4062	4003
4012	4067	4062
4012	3919	4067
3919	4064	4067
4012	3945	3919
3935	4043	3975
3942	4072	4059
4059	3944	3942
4059	4005	3944
3942	4025	4072
4025	4282	4072
4282	4300	4072
4282	4299	4300
4299	4353	4300
4353	4536	4300
4536	4510	4300
4510	4491	4300
4491	4332	4300
4299	4298	4353
4298	4488	4353
4298	4320	4488
4298	4251	4320
4251	4400	4320
4251	4144	4400
4298	4124	4251
4298	4155	4124
4298	4299	4155
4299	4282	4155
4282	4025	4155
3953	4084	4086
3953	4137	4084
4137	4126	4084
4126	4086	4084
4137	4360	4126
4360	4167	4126
4137	4174	4360
4137	4143	4174
4137	3953	4143
3987	4085	4081
4081	3997	3987
4006	4127	4145
4007	4102	4022
4035	4036	4111
4047	4304	4051
4050	4116	4192
4057	4164	4151
4151	4185	4057
4090	4336	4240
4336	4333	4240
4333	4399	4240
4333	4564	4399
4336	4468	4333
4336	4345	4468
4345	4304	4468
4304	4344	4468
4304	4322	4344
4336	4090	4345
4120	4203	4258
4203	4281	4258
4281	4315	4258
4281	4349	4315
4349	4354	4315
4349	4436	4354
4349	4408	4436
4349	4310	4408
4349	4281	4310
4281	4259	4310
4259	4329	4310
4259	4201	4329
4201	4311	4329
4311	4357	4329
4357	4435	4329
4357	4473	4435
4473	4604	4435
4201	4228	4311
4228	4250	4311
4228	4227	4250
4227	4253	4250
4253	4312	4250
4253	4375	4312
4253	4244	4375
4244	4374	4375
4374	4512	4375
4512	4506	4375
4512	4568	4506
4244	4335	4374
4244	4245	4335
4245	4269	4335
4269	4372	4335
4269	4292	4372
4292	4338	4372
4292	4231	4338
4231	4249	4338
4249	4378	4338
4378	4411	4338
4231	4172	4249
4292	4112	4231
4292	4269	4112
4253	4237	4244
4237	4194	4244
4253	4227	4237
4228	4180	4227
4228	4201	4180
4201	4102	4180
4281	4203	4259
4161	4191	4204
4162	4169	4314
4169	4332	4314
4332	4481	4314
4481	4514	4314
4481	4526	4514
4175	4202	4235
4209	4358	4337
4358	4419	4337
4238	4301	4325
4301	4390	4325
4301	4369	4390
4369	4389	4390
4389	4474	4390
4389	4485	4474
4485	4534	4474
4485	4490	4534
4485	4389	4490
4389	4462	4490
4389	4363	4462
4363	4365	4462
4363	4267	4365
4363	4296	4267
4363	4389	4296
4389	4369	4296
4369	4301	4296
4270	4274	4293
4288	4405	4309
4405	4448	4309
4405	4439	4448
4376	4422	4416
4422	4529	4416
4383	4583	4425
4583	4611	4425
4611	4400	4425
4611	4632	4400
4611	4711	4632
4711	4766	4632
4766	4712	4632
4712	4574	4632
4711	4841	4766
4841	4798	4766
4841	4913	4798
4711	4793	4841
4793	4918	4841
4918	4958	4841
4385	4504	4410
4504	4595	4410
4398	4451	4461
4398	4328	4451
4451	4545	4461
4451	4533	4545
4477	4513	4542
4477	4502	4513
4502	4573	4513
4573	4610	4513
4610	4542	4513
4573	4693	4610
4484	4516	4598
4493	4578	4612
4531	4635	4627
4547	4556	4618
4556	4548	4618
4586	4761	4668
4586	4626	4761
4626	4701	4761
4645	4708	4765
4708	4771	4765
4662	4737	4760
4760	4829	4662
4829	4805	4662
4760	4814	4829
4680	4752	4743
4720	4769	4726
4720	4809	4769
4728	4762	4730
4742	4807	4825
4807	4905	4825
4905	4940	4825
4905	4925	4940
4905	4861	4925
4861	4948	4925
4948	5025	4925
4905	4807	4861
4807	4831	4861
4893	4907	4956
4907	5023	4956
4893	4769	4907
4893	4794	4769
223	77	192
244	331	204
331	167	204
244	350	331
277	164	232
44	77	58
30	88	44
19	68	23
68	72	23
529	486	631
529	443	486
529	427	443
638	823	619
823	861	619
1118	1185	1005
1185	1066	1005
1118	1318	1185
1189	1094	1300
1008	770	949
1008	863	770
1279	1267	1146
1384	1310	1445
1244	1239	1271
1239	1339	1271
1244	1181	1239
289	206	329
206	173	329
492	522	462
492	551	522
815	889	766
1084	1183	1100
1651	1817	1721
1651	1714	1817
1836	1922	1758
1922	1946	1758
1946	1863	1758
1946	2042	1863
1922	2110	1946
1971	1986	1973
2053	2111	1986
1942	1975	2054
1426	1238	1381
1238	1324	1381
1426	1338	1238
1338	1182	1238
1338	1134	1182
1426	1404	1338
1106	1198	1039
1106	1162	1198
1162	1224	1198
1162	1194	1224
1319	1224	1332
512	715	617
512	689	715
862	1042	972
421	300	342
544	688	659
544	521	688
188	89	135
188	152	89
1260	1586	1343
1286	1226	1043
610	644	682
1142	898	1064
898	878	1064
1142	1164	898
1734	1920	1623
2094	1833	1831
2094	2086	1833
2086	2066	1833
1717	1456	1743
672	511	747
740	607	757
1151	1101	1113
931	827	856
1251	1441	1168
1123	1136	967
1123	1234	1136
1121	1176	1017
1017	921	1072
1199	1219	1030
1804	1844	1772
1927	1943	2125
1477	1399	1613
1529	1363	1513
1992	1965	2163
2381	2402	2186
2402	2356	2186
2356	2257	2186
1387	1229	1437
2077	1752	2019
2077	2020	1752
2020	2000	1752
1660	1729	1676
1708	1875	1624
1875	1704	1624
1708	1981	1875
1708	1685	1981
1685	1864	1981
1685	1646	1864
1685	1561	1646
1895	1851	1826
1851	1792	1826
1895	2123	1851
2123	1954	1851
2123	2140	1954
2140	2091	1954
1984	2234	2123
1984	2088	2234
2088	2365	2234
2548	2418	2602
1764	1662	1665
1662	1497	1665
1497	1609	1665
1662	1674	1497
1662	1845	1674
1662	1764	1845
1764	1850	1845
1887	1626	1722
1828	1750	1929
2138	2228	2007
2289	2469	2217
2323	2620	2404
2323	2322	2620
2322	2628	2620
2022	1893	2135
2316	2345	2170
2382	2601	2400
2382	2484	2601
2484	2730	2601
2524	2904	2603
2904	2759	2603
2249	2111	2294
2111	2339	2294
2339	2598	2294
2509	2462	2375
2509	2678	2462
2678	2791	2462
2509	2552	2678
2358	2636	2511
2358	2353	2636
3033	3109	2880
3033	3136	3109
2361	2447	2458
2720	2615	2495
2629	2672	2720
2948	3172	2903
2948	3205	3172
3229	3547	3225
3547	3313	3225
3547	3652	3313
3652	3590	3313
3652	3770	3590
3770	3736	3590
3736	3638	3590
3770	3914	3736
3914	3941	3736
3941	3917	3736
3083	2899	3215
2899	2900	3215
2900	3414	3215
3083	2947	2899
2947	2874	2899
2699	2757	2864
2803	2814	2708
2803	2847	2814
2803	3058	2847
3171	3186	2991
2963	2819	2812
2819	2683	2812
2907	3025	3067
3040	3226	2942
3040	3173	3226
2929	2752	2888
3048	3085	2976
3070	2987	3097
3291	3174	3070
3553	3603	3466
3591	3819	3579
3819	3885	3579
3885	3625	3579
3885	3858	3625
3134	3074	3242
3134	2811	3074
4492	4453	4407
4492	4622	4453
4774	4793	4584
4846	4918	4793
4846	4949	4918
5182	5180	5167
5180	5173	5167
5182	5188	5180
5188	5178	5180
5187	5190	5182
5189	5191	5190
5078	4952	5032
5078	4943	4952
5069	5156	5054
5156	5079	5054
5156	5097	5079
5156	5131	5097
5156	5155	5131
5156	5168	5155
5156	5175	5168
5175	5185	5168
5069	5112	5156
5112	5161	5156
5069	5081	5112
4641	4594	4678
4373	4367	4189
4313	4140	4351
4290	4246	4283
4246	4198	4283
3911	3728	3857
3911	3868	3728
3868	3693	3728
3868	3715	3693
3715	3610	3693
3715	3604	3610
4074	3901	4052
3901	3868	4052
4074	4054	3901
3357	3448	3520
3357	3405	3448
3405	3471	3448
3471	3585	3448
3405	3508	3471
3357	3231	3405
4790	4856	4789
4790	4865	4856
4412	4450	4339
4450	4340	4339
4412	4489	4450
4234	4218	4181
4455	4560	4423
4560	4530	4423
4530	4413	4423
4455	4567	4560
4455	4509	4567
4380	4306	4413
4900	4942	4889
4930	4886	4942
4699	4661	4621
4661	4587	4621
4699	4719	4661
4758	4803	4719
4803	4812	4719
4812	4733	4719
4733	4696	4719
4733	4748	4696
4748	4706	4696
4733	4784	4748
4879	4875	4848
4879	4924	4875
4924	4896	4875
4924	4971	4896
5057	5077	5114
3327	3072	3249
3327	3196	3072
3450	3559	3330
3692	3785	3761
3692	3598	3785
3692	3469	3598
3692	3621	3469
3484	3351	3368
4053	4119	4131
4119	4175	4131
4175	4235	4131
3802	4047	3748
3710	3543	3802
3710	3315	3543
3315	3476	3543
3315	3352	3476
3827	3720	3609
3741	3733	3602
3769	3863	3719
4179	4254	4135
3652	3727	3879
3727	3995	3879
3796	3946	3757
4304	4345	4051
4345	4090	4051
4172	3946	4249
4405	4472	4439
4841	4958	4913
4958	4968	4913
4958	5028	4968
5028	5067	4968
4958	5027	5028
4545	4515	4461
4612	4532	4493
