256.888207 194.869352 17.476341 255 0 0
267.367703 183.212938 22.146981 255 0 0
279.247094 172.675854 27.011900 255 0 0
292.526379 163.258101 32.071099 255 0 0
307.205560 154.959678 37.324577 255 0 0
323.284635 147.780585 42.772334 255 0 0
340.763605 141.720823 48.414370 255 0 0
359.642470 136.780391 54.250685 255 0 0
379.921230 132.959290 60.281280 0 255 0
358.046553 133.652721 72.660881 0 255 0
337.837358 135.677841 85.271620 0 255 0
319.293646 139.034651 98.113496 0 255 0
302.415417 143.723150 111.186511 0 255 0
287.202670 149.743339 124.490663 0 255 0
273.655406 157.095218 138.025953 0 255 0
261.773624 165.778786 151.792380 0 255 0
251.557326 175.794043 165.789946 0 255 0
