28.194201 36.995840 11.499690 255 0 0
28.476261 36.778142 10.562086 255 0 0
28.831721 36.440936 9.624522 255 0 0
29.260580 35.984222 8.687000 255 0 0
29.762838 35.408000 7.749519 255 0 0
30.338496 34.712271 6.812078 255 0 0
30.987553 33.897034 5.874678 255 0 0
31.710009 32.962289 4.937318 255 0 0
32.505864 31.908036 4.000000 0 255 0
31.904913 30.732388 4.937682 0 255 0
31.355535 29.687182 5.875322 0 255 0
30.857731 28.772417 6.812922 0 255 0
30.411500 27.988093 7.750481 0 255 0
30.016843 27.334211 8.688000 0 255 0
29.673759 26.810770 9.625477 0 255 0
29.382249 26.417771 10.562914 0 255 0
29.142312 26.155213 11.500310 0 255 0
