1	2	3
3	11	1
11	4	1
4	8	1
8	18	1
18	14	1
14	2	1
14	7	2
7	10	2
10	6	2
6	3	2
6	12	3
12	11	3
6	15	12
15	9	12
15	19	9
19	24	9
24	5	9
19	121	24
121	131	24
19	82	121
82	171	121
82	76	171
82	36	76
36	72	76
72	97	76
72	83	97
72	36	83
36	41	83
41	94	83
94	110	83
94	137	110
137	140	110
140	144	110
140	162	144
162	218	144
218	177	144
140	137	162
137	213	162
213	257	162
94	113	137
94	69	113
69	73	113
73	103	113
103	164	113
164	184	113
103	165	164
165	178	164
178	188	164
188	249	164
188	215	249
215	277	249
277	306	249
306	327	249
327	275	249
327	363	275
363	308	275
363	390	308
390	440	308
440	439	308
327	359	363
359	480	363
359	410	480
410	503	480
503	560	480
560	578	480
359	338	410
338	368	410
338	320	368
320	396	368
396	488	368
396	476	488
396	422	476
396	367	422
367	389	422
389	407	422
389	342	407
342	426	407
426	459	407
459	555	407
459	530	555
530	682	555
459	461	530
461	539	530
539	630	530
630	670	530
630	654	670
630	651	654
630	581	651
581	569	651
569	612	651
612	707	651
581	539	569
539	461	569
581	630	539
459	426	461
426	428	461
428	419	461
419	447	461
419	418	447
418	466	447
466	501	447
466	512	501
512	582	501
466	514	512
418	352	466
352	365	466
352	309	365
309	283	365
283	350	365
283	270	350
270	318	350
318	355	350
270	231	318
270	214	231
214	143	231
143	154	231
143	100	154
100	118	154
100	61	118
100	46	61
46	30	61
30	45	61
30	16	45
30	46	16
46	57	16
57	53	16
57	60	53
60	62	53
62	91	53
62	92	91
92	130	91
130	169	91
169	102	91
102	58	91
102	93	58
93	73	58
73	56	58
56	21	58
21	25	58
25	29	58
25	23	29
25	14	23
25	7	14
25	21	7
21	13	7
13	10	7
13	27	10
27	20	10
20	6	10
20	15	6
20	19	15
20	82	19
20	36	82
20	27	36
27	41	36
27	13	41
13	38	41
38	69	41
69	94	41
38	56	69
56	73	69
38	21	56
38	13	21
93	103	73
93	102	103
102	165	103
102	169	165
169	178	165
169	188	178
169	215	188
169	198	215
198	265	215
265	269	215
269	277	215
269	312	277
312	306	277
312	327	306
312	338	327
338	359	327
312	269	338
269	320	338
269	265	320
265	313	320
313	396	320
313	367	396
313	311	367
311	342	367
342	389	367
311	323	342
323	329	342
329	347	342
347	374	342
374	426	342
374	428	426
374	393	428
393	419	428
393	418	419
393	356	418
356	352	418
356	309	352
356	304	309
304	244	309
244	260	309
260	283	309
260	253	283
253	270	283
253	214	270
253	196	214
196	153	214
153	143	214
153	146	143
146	105	143
105	100	143
105	46	100
105	57	46
105	74	57
74	60	57
74	62	60
74	92	62
74	105	92
105	146	92
146	142	92
142	130	92
142	155	130
155	169	130
155	198	169
155	211	198
211	265	198
211	221	265
221	235	265
235	252	265
252	276	265
276	313	265
276	311	313
276	252	311
252	323	311
252	263	323
263	329	323
263	280	329
280	347	329
280	304	347
304	356	347
356	374	347
356	393	374
280	244	304
280	263	244
263	207	244
207	220	244
220	260	244
220	253	260
220	196	253
220	160	196
160	146	196
146	153	196
160	142	146
160	155	142
160	161	155
161	211	155
161	207	211
207	221	211
207	235	221
207	263	235
263	252	235
161	220	207
161	160	220
18	39	14
18	43	39
43	48	39
48	23	39
43	67	48
43	64	67
64	95	67
64	80	95
80	85	95
85	112	95
85	134	112
134	136	112
134	175	136
175	168	136
168	163	136
163	135	136
163	149	135
149	145	135
145	99	135
145	111	99
111	98	99
111	88	98
88	65	98
88	81	65
81	54	65
54	37	65
54	45	37
54	78	45
54	81	78
81	90	78
81	147	90
147	132	90
81	127	147
81	88	127
88	111	127
111	172	127
111	185	172
185	195	172
111	145	185
145	166	185
166	206	185
166	187	206
187	226	206
226	245	206
226	229	245
229	301	245
226	187	229
187	216	229
187	163	216
163	168	216
168	228	216
168	203	228
203	236	228
203	243	236
243	284	236
243	264	284
264	321	284
264	335	321
335	382	321
382	380	321
382	436	380
382	492	436
492	457	436
457	469	436
457	550	469
550	577	469
550	541	577
550	457	541
457	534	541
457	492	534
492	528	534
528	570	534
528	640	570
528	614	640
614	667	640
667	738	640
667	766	738
667	662	766
662	767	766
767	798	766
798	829	766
798	843	829
767	791	798
767	739	791
739	867	791
739	859	867
859	898	867
898	937	867
937	921	867
937	956	921
937	998	956
937	898	998
898	1033	998
1033	1064	998
898	887	1033
898	860	887
860	863	887
863	866	887
863	839	866
839	868	866
839	812	868
839	769	812
769	741	812
741	774	812
774	820	812
774	777	820
777	838	820
838	849	820
838	939	849
838	915	939
915	1013	939
915	954	1013
954	1018	1013
1018	1037	1013
1018	1075	1037
1075	1100	1037
1075	1061	1100
1061	1182	1100
1182	1211	1100
1211	1149	1100
1211	1228	1149
1211	1309	1228
1309	1281	1228
1309	1333	1281
1211	1229	1309
1211	1182	1229
1061	1036	1182
1036	1227	1182
1036	1170	1227
1170	1359	1227
1359	1422	1227
1036	1026	1170
1036	986	1026
1036	1018	986
1018	954	986
954	912	986
912	964	986
912	888	964
888	899	964
899	948	964
948	1090	964
948	1062	1090
948	981	1062
948	899	981
899	813	981
813	861	981
813	807	861
807	795	861
795	877	861
795	814	877
814	841	877
841	980	877
841	1034	980
814	796	841
814	745	796
745	664	796
664	688	796
664	659	688
659	733	688
659	639	733
639	711	733
711	735	733
735	789	733
735	840	789
840	865	789
711	675	735
675	836	735
711	663	675
663	584	675
584	669	675
584	545	669
545	615	669
615	755	669
755	811	669
755	803	811
803	911	811
803	995	911
995	1016	911
995	1136	1016
1136	1190	1016
1190	1199	1016
1199	1030	1016
1199	1175	1030
1175	1097	1030
1097	959	1030
1175	1261	1097
1261	1285	1097
1261	1325	1285
1136	1209	1190
1136	1284	1209
1284	1384	1209
1136	1193	1284
1193	1277	1284
995	1004	1136
995	940	1004
940	893	1004
940	803	893
940	995	803
755	720	803
755	615	720
615	566	720
615	500	566
615	545	500
545	506	500
506	451	500
451	417	500
417	434	500
417	402	434
402	454	434
402	385	454
402	360	385
360	319	385
319	474	385
319	364	474
364	425	474
425	536	474
536	621	474
536	558	621
558	645	621
645	693	621
645	671	693
671	760	693
760	786	693
786	816	693
786	846	816
846	872	816
872	923	816
872	906	923
906	994	923
994	1116	923
1116	1089	923
994	1059	1116
1059	1220	1116
1220	1253	1116
1220	1429	1253
1429	1479	1253
1479	1365	1253
1479	1529	1365
1429	1560	1479
1220	1218	1429
1218	1306	1429
1220	1059	1218
1059	1071	1218
1059	1074	1071
1074	1138	1071
1074	1098	1138
1098	1145	1138
1145	1186	1138
1145	1150	1186
1150	1214	1186
1214	1358	1186
1358	1306	1186
1214	1368	1358
1098	1166	1145
1166	1230	1145
1166	1192	1230
1192	1236	1230
1236	1298	1230
1298	1331	1230
1331	1267	1230
1331	1303	1267
1303	1292	1267
1303	1304	1292
1304	1337	1292
1304	1355	1337
1355	1452	1337
1355	1375	1452
1355	1304	1375
1304	1353	1375
1304	1350	1353
1350	1431	1353
1431	1381	1353
1381	1400	1353
1381	1414	1400
1431	1398	1381
1350	1379	1431
1379	1442	1431
1442	1543	1431
1442	1491	1543
1491	1551	1543
1551	1591	1543
1551	1590	1591
1590	1643	1591
1643	1500	1591
1643	1544	1500
1544	1557	1500
1557	1588	1500
1588	1481	1500
1481	1468	1500
1481	1456	1468
1456	1398	1468
1544	1565	1557
1544	1660	1565
1544	1630	1660
1544	1596	1630
1596	1573	1630
1596	1607	1573
1607	1598	1573
1544	1643	1596
1643	1685	1596
1685	1743	1596
1685	1753	1743
1753	1796	1743
1796	1786	1743
1796	1886	1786
1796	1860	1886
1860	1943	1886
1943	2003	1886
1943	1988	2003
1988	2105	2003
2105	2125	2003
2125	1979	2003
2125	2209	1979
2209	2044	1979
2209	2156	2044
2209	2254	2156
2254	2252	2156
2252	2167	2156
2167	2111	2156
2167	2172	2111
2172	1983	2111
2172	2207	1983
2207	2080	1983
2080	1914	1983
1914	1901	1983
1914	1763	1901
1763	1831	1901
1831	1811	1901
1831	1738	1811
1738	1718	1811
1738	1754	1718
1738	1831	1754
1831	1763	1754
2080	1880	1914
2080	2089	1880
2089	2011	1880
2011	1926	1880
2011	1948	1926
1948	1721	1926
1948	1894	1721
1894	1795	1721
1948	2031	1894
1948	2011	2031
2011	2216	2031
2216	2198	2031
2198	2122	2031
2216	2301	2198
2216	2275	2301
2275	2463	2301
2275	2408	2463
2408	2496	2463
2496	2664	2463
2496	2532	2664
2496	2408	2532
2275	2216	2408
2216	2277	2408
2216	2089	2277
2089	2080	2277
2080	2207	2277
2216	2011	2089
2167	2252	2172
2254	2451	2252
2254	2441	2451
2441	2487	2451
2441	2482	2487
2482	2552	2487
2552	2551	2487
2441	2334	2482
2441	2237	2334
2237	2257	2334
2257	2366	2334
2257	2269	2366
2269	2296	2366
2296	2470	2366
2296	2391	2470
2391	2430	2470
2430	2456	2470
2430	2347	2456
2347	2438	2456
2438	2599	2456
2438	2417	2599
2417	2584	2599
2584	2705	2599
2705	2651	2599
2705	2745	2651
2438	2326	2417
2326	2387	2417
2326	2229	2387
2229	2319	2387
2229	2236	2319
2236	2253	2319
2236	2233	2253
2233	2317	2253
2233	2258	2317
2258	2327	2317
2258	2290	2327
2290	2385	2327
2385	2462	2327
2462	2454	2327
2462	2653	2454
2653	2602	2454
2653	2611	2602
2385	2510	2462
2290	2283	2385
2283	2345	2385
2283	2282	2345
2283	2171	2282
2171	2154	2282
2154	2337	2282
2171	2007	2154
2007	1993	2154
2007	1982	1993
2007	1947	1982
1947	1812	1982
1812	1801	1982
1812	1614	1801
1614	1756	1801
1812	1623	1614
1623	1470	1614
1623	1648	1470
1623	1812	1648
1812	1790	1648
1812	1947	1790
1947	1962	1790
1962	1807	1790
1947	2112	1962
2112	1997	1962
2112	2101	1997
2112	2145	2101
2145	2158	2101
2158	2095	2101
2158	2124	2095
2124	2045	2095
2045	1994	2095
2045	1941	1994
1941	1907	1994
1941	1892	1907
1892	1768	1907
1768	1806	1907
1806	1836	1907
1768	1732	1806
1892	1818	1768
1892	1924	1818
1924	1888	1818
1924	1966	1888
1966	1867	1888
1867	1780	1888
1780	1740	1888
1780	1741	1740
1741	1711	1740
1741	1632	1711
1632	1597	1711
1597	1628	1711
1597	1587	1628
1597	1554	1587
1597	1632	1554
1741	1700	1632
1700	1624	1632
1700	1735	1624
1735	1726	1624
1726	1589	1624
1589	1537	1624
1537	1526	1624
1537	1447	1526
1447	1443	1526
1447	1367	1443
1367	1320	1443
1367	1234	1320
1234	1213	1320
1234	1208	1213
1367	1354	1234
1367	1447	1354
1447	1527	1354
1527	1503	1354
1503	1378	1354
1378	1342	1354
1378	1305	1342
1305	1169	1342
1305	1244	1169
1527	1550	1503
1550	1535	1503
1550	1589	1535
1589	1684	1535
1684	1590	1535
1590	1524	1535
1590	1562	1524
1562	1551	1524
1551	1491	1524
1491	1444	1524
1562	1590	1551
1684	1643	1590
1684	1685	1643
1684	1753	1685
1684	1722	1753
1722	1773	1753
1773	1796	1753
1773	1860	1796
1773	1734	1860
1734	1735	1860
1734	1726	1735
1734	1773	1726
1773	1722	1726
1722	1692	1726
1692	1589	1726
1692	1684	1589
1692	1722	1684
1550	1541	1589
1541	1537	1589
1541	1527	1537
1527	1447	1537
1541	1550	1527
1700	1741	1735
1741	1867	1735
1741	1780	1867
1966	2037	1867
1966	2068	2037
2068	2065	2037
2065	2067	2037
2067	1995	2037
2067	2105	1995
2105	1988	1995
1988	1943	1995
2067	2168	2105
2168	2269	2105
2269	2125	2105
2269	2257	2125
2257	2209	2125
2257	2237	2209
2237	2254	2209
2237	2441	2254
2168	2264	2269
2264	2296	2269
2264	2391	2296
2264	2347	2391
2347	2430	2391
2068	2189	2065
2068	2110	2189
2110	2236	2189
2236	2229	2189
2110	2124	2236
2124	2233	2236
2124	2158	2233
2158	2258	2233
2158	2290	2258
2158	2145	2290
2145	2283	2290
2145	2112	2283
2112	2171	2283
2112	2007	2171
2112	1947	2007
2110	2076	2124
2076	2045	2124
2076	2070	2045
2070	1978	2045
1978	1941	2045
1978	1924	1941
1924	1892	1941
1978	1966	1924
1978	2028	1966
2028	2068	1966
2028	2110	2068
2028	2070	2110
2070	2076	2110
2028	1978	2070
2438	2347	2326
1442	1383	1491
1442	1372	1383
1442	1418	1372
1418	1390	1372
1390	1374	1372
1374	1247	1372
1374	1238	1247
1374	1298	1238
1298	1236	1238
1236	1192	1238
1192	1129	1238
1192	1166	1129
1166	1098	1129
1098	1040	1129
1098	1074	1040
1074	1059	1040
1059	994	1040
1374	1382	1298
1382	1331	1298
1382	1379	1331
1379	1350	1331
1350	1303	1331
1350	1304	1303
1382	1442	1379
1382	1418	1442
1382	1390	1418
1382	1374	1390
872	856	906
856	897	906
856	746	897
746	885	897
746	800	885
800	835	885
835	972	885
972	982	885
972	1014	982
972	952	1014
952	1048	1014
952	837	1048
837	933	1048
972	835	952
800	734	835
800	684	734
684	619	734
684	589	619
589	524	619
524	478	619
524	494	478
524	571	494
524	589	571
589	684	571
684	692	571
692	645	571
692	671	645
692	760	671
692	746	760
746	856	760
856	846	760
846	786	760
856	872	846
692	705	746
705	684	746
684	800	746
705	692	684
364	332	425
364	290	332
290	294	332
294	373	332
294	291	373
294	262	291
262	197	291
197	248	291
197	181	248
181	227	248
227	328	248
227	222	328
222	274	328
274	336	328
227	173	222
227	181	173
181	148	173
148	138	173
148	124	138
124	87	138
124	71	87
124	63	71
124	123	63
123	66	63
66	51	63
51	40	63
51	50	40
50	35	40
35	28	40
35	22	28
22	17	28
22	4	17
4	11	17
35	33	22
33	32	22
33	31	32
31	42	32
42	64	32
42	70	64
70	80	64
70	85	80
70	104	85
104	157	85
157	134	85
157	175	134
157	174	175
174	209	175
209	203	175
203	168	175
209	243	203
209	238	243
238	264	243
238	242	264
242	285	264
285	335	264
285	337	335
337	399	335
399	409	335
409	382	335
409	492	382
409	438	492
438	504	492
504	528	492
504	614	528
504	559	614
559	618	614
618	655	614
655	662	614
662	667	614
655	702	662
702	767	662
702	739	767
702	680	739
680	703	739
703	758	739
758	859	739
758	860	859
860	898	859
758	863	860
758	756	863
756	769	863
769	839	863
758	725	756
725	666	756
666	650	756
666	628	650
628	564	650
564	551	650
551	580	650
580	635	650
580	592	635
592	616	635
616	681	635
681	714	635
714	726	635
726	741	635
726	774	741
726	777	774
726	714	777
714	724	777
724	765	777
765	826	777
826	848	777
848	838	777
848	915	838
848	913	915
913	954	915
913	912	954
913	848	912
848	826	912
826	888	912
826	858	888
858	899	888
858	813	899
858	762	813
762	807	813
762	748	807
748	795	807
748	745	795
745	814	795
748	678	745
678	664	745
678	631	664
631	602	664
602	596	664
596	659	664
596	639	659
596	579	639
579	587	639
587	637	639
637	711	639
637	663	711
637	601	663
601	584	663
601	565	584
565	463	584
463	506	584
506	545	584
463	441	506
441	445	506
445	458	506
458	451	506
458	430	451
430	346	451
346	417	451
346	331	417
331	402	417
331	360	402
331	307	360
307	319	360
307	292	319
292	364	319
292	290	364
292	262	290
262	294	290
292	268	262
268	250	262
250	197	262
250	219	197
219	205	197
205	180	197
180	148	197
148	181	197
180	123	148
123	124	148
180	179	123
179	119	123
119	106	123
106	66	123
106	108	66
108	101	66
101	55	66
55	50	66
50	51	66
55	35	50
55	52	35
52	33	35
52	59	33
59	47	33
47	31	33
47	42	31
47	79	42
79	70	42
79	104	70
79	84	104
84	139	104
139	157	104
139	174	157
139	156	174
156	186	174
186	209	174
186	217	209
217	238	209
217	242	238
217	285	242
217	189	285
217	186	189
186	156	189
156	141	189
141	183	189
183	258	189
183	212	258
212	233	258
233	303	258
303	278	258
278	285	258
278	293	285
293	337	285
293	339	337
339	399	337
339	433	399
433	473	399
473	438	399
438	409	399
473	504	438
473	559	504
473	520	559
520	603	559
603	618	559
603	617	618
617	680	618
680	655	618
680	702	655
617	703	680
617	622	703
622	666	703
666	725	703
725	758	703
622	628	666
622	525	628
622	617	525
617	603	525
603	520	525
520	471	525
520	443	471
443	446	471
446	490	471
490	543	471
490	502	543
502	551	543
551	564	543
502	521	551
521	580	551
521	592	580
521	538	592
538	605	592
605	616	592
605	632	616
632	681	616
632	717	681
717	724	681
724	714	681
717	765	724
717	752	765
752	762	765
762	858	765
858	826	765
752	717	762
717	632	762
538	599	605
538	568	599
568	598	599
568	547	598
547	602	598
602	631	598
631	678	598
547	561	602
561	596	602
561	548	596
548	579	596
548	513	579
513	587	579
513	557	587
557	601	587
601	637	587
557	565	601
557	485	565
485	464	565
464	463	565
464	403	463
403	411	463
411	441	463
411	430	441
430	445	441
430	458	445
411	383	430
383	346	430
383	341	346
341	315	346
315	331	346
315	307	331
315	282	307
282	268	307
268	292	307
282	241	268
241	219	268
219	250	268
241	182	219
182	205	219
182	179	205
179	180	205
182	126	179
126	119	179
126	106	119
126	108	106
126	176	108
176	101	108
176	158	101
158	128	101
128	109	101
109	77	101
77	55	101
77	52	55
77	59	52
77	68	59
68	47	59
68	79	47
68	84	79
68	89	84
89	120	84
120	139	84
120	156	139
120	141	156
120	115	141
115	125	141
125	133	141
133	150	141
133	128	150
128	167	150
167	200	150
200	223	150
223	210	150
223	237	210
237	233	210
233	212	210
212	183	210
237	297	233
297	303	233
297	330	303
330	344	303
344	354	303
354	293	303
293	278	303
354	339	293
354	423	339
423	433	339
423	473	433
423	520	473
423	443	520
423	354	443
354	388	443
388	446	443
388	401	446
401	408	446
408	490	446
408	442	490
442	502	490
442	495	502
495	521	502
495	538	521
495	568	538
495	511	568
511	547	568
511	532	547
532	561	547
532	548	561
532	460	548
460	513	548
460	475	513
475	479	513
479	486	513
486	557	513
486	485	557
486	479	485
479	420	485
420	464	485
420	403	464
420	400	403
400	348	403
348	340	403
340	383	403
383	411	403
340	324	383
324	314	383
314	341	383
314	281	341
281	315	341
281	282	315
281	241	282
281	246	241
246	190	241
190	182	241
190	176	182
176	126	182
190	191	176
191	158	176
191	167	158
167	128	158
191	208	167
208	200	167
208	261	200
261	237	200
237	223	200
191	251	208
191	190	251
190	246	251
246	314	251
246	281	314
340	316	324
316	261	324
316	317	261
317	325	261
317	348	325
348	353	325
353	377	325
353	400	377
400	424	377
424	398	377
424	460	398
460	465	398
465	392	398
392	330	398
392	344	330
392	388	344
388	354	344
392	401	388
392	408	401
392	442	408
392	465	442
465	495	442
465	511	495
465	460	511
460	532	511
424	475	460
424	400	475
400	479	475
400	420	479
353	348	400
317	340	348
317	316	340
297	325	330
133	125	128
125	109	128
125	115	109
115	107	109
107	89	109
89	77	109
89	68	77
107	120	89
107	115	120
1036	1061	1018
1061	1075	1018
187	149	163
187	166	149
166	145	149
43	26	64
43	8	26
8	4	26
43	18	8
49	129	114
129	159	114
159	138	114
129	224	159
122	152	151
152	201	151
201	240	151
201	310	240
310	254	240
310	394	254
310	391	394
391	505	394
310	343	391
343	362	391
362	415	391
362	431	415
431	540	415
431	527	540
527	546	540
546	611	540
362	386	431
362	326	386
326	370	386
362	343	326
343	299	326
343	259	299
259	230	299
259	152	230
259	201	152
259	310	201
259	343	310
225	366	300
239	289	286
255	288	334
288	405	334
405	397	334
405	444	397
444	489	397
489	358	397
489	499	358
499	375	358
375	296	358
499	406	375
405	562	444
405	518	562
405	376	518
376	477	518
477	552	518
477	509	552
477	379	509
477	357	379
357	272	379
357	271	272
357	376	271
357	477	376
405	288	376
322	412	378
322	427	412
378	372	322
378	369	372
333	381	345
345	301	333
381	361	345
333	450	381
333	456	450
456	482	450
482	508	450
482	591	508
591	535	508
591	588	535
588	567	535
588	636	567
636	642	567
636	788	642
788	719	642
719	610	642
719	710	610
719	759	710
719	788	759
588	638	636
588	591	638
591	685	638
591	583	685
591	482	583
333	414	456
349	449	404
387	452	470
416	516	472
432	517	497
432	462	517
496	522	526
522	553	526
553	594	526
553	607	594
498	597	544
510	648	537
648	695	537
542	620	608
554	694	643
694	785	643
556	653	696
653	747	696
747	729	696
572	625	573
574	657	683
657	768	683
657	770	768
657	625	770
683	652	574
590	700	595
700	737	595
700	802	737
802	834	737
802	890	834
890	950	834
950	892	834
890	969	950
890	963	969
963	1096	969
963	997	1096
997	1056	1096
997	1012	1056
700	810	802
590	699	700
590	627	699
593	690	656
600	672	687
672	730	687
672	708	730
708	886	730
886	851	730
708	809	886
672	578	708
606	629	712
629	776	712
776	764	712
764	641	712
641	606	712
629	676	776
609	626	674
674	731	609
731	771	609
623	679	634
679	757	634
757	677	634
677	658	634
677	793	658
677	757	793
757	833	793
833	881	793
833	953	881
833	989	953
989	1035	953
989	1103	1035
1103	1178	1035
1103	1177	1178
1177	1311	1178
1311	1219	1178
1219	1179	1178
1311	1469	1219
1469	1462	1219
1469	1580	1462
1469	1470	1580
1469	1402	1470
1469	1311	1402
1311	1349	1402
1311	1177	1349
1177	1319	1349
989	1047	1103
1047	1068	1103
833	823	989
833	757	823
757	782	823
757	679	782
679	715	782
679	682	715
682	727	715
682	753	727
682	670	753
661	668	709
691	862	903
716	761	736
718	873	825
873	918	825
918	920	825
918	1002	920
1002	984	920
918	1051	1002
1051	1076	1002
918	975	1051
975	1070	1051
1070	1160	1051
723	931	883
931	1023	883
742	794	751
751	720	742
763	828	968
828	1017	968
1017	1055	968
1055	1077	968
1077	1081	968
1081	976	968
976	944	968
944	763	968
1055	1263	1077
828	908	1017
772	930	775
930	919	775
919	788	775
772	901	930
773	884	844
780	907	855
855	753	780
907	914	855
907	1046	914
907	1032	1046
907	894	1032
894	935	1032
935	1086	1032
1086	1105	1032
1105	1121	1032
1105	1183	1121
1105	1086	1183
1086	1158	1183
894	869	935
869	891	935
869	876	891
876	842	891
842	922	891
876	869	842
894	780	869
894	907	780
804	821	909
822	916	854
853	965	951
965	1005	951
965	1133	1005
1133	1173	1005
1173	1176	1005
1133	1288	1173
1133	1196	1288
1133	1143	1196
1143	1110	1196
1110	1174	1196
1174	1318	1196
1110	1063	1174
1110	934	1063
934	896	1063
1110	1143	934
1143	965	934
965	853	934
1143	1133	965
874	875	942
875	917	942
875	902	917
942	932	874
895	904	1054
904	955	1054
955	1147	1054
1147	1094	1054
955	1001	1147
1001	1184	1147
1054	1031	895
905	1022	990
924	947	1112
924	865	947
865	1008	947
1008	1087	947
1087	1112	947
1087	1141	1112
1087	1162	1141
1087	1008	1162
1008	1052	1162
925	1042	1029
1042	1156	1029
1042	1128	1156
927	979	962
945	1084	1118
946	1072	1010
957	1132	1065
1132	1164	1065
1164	1108	1065
1108	1069	1065
1164	1312	1108
1312	1198	1108
960	1053	1083
1053	1171	1083
974	1043	1153
1043	1101	1153
1101	1246	1153
1101	1269	1246
1043	1031	1101
978	1049	987
1049	1154	987
1009	1045	1025
1020	1123	1044
1058	1135	1092
1135	1172	1092
1067	1102	1093
1102	1127	1093
1102	1114	1127
1114	1117	1127
1088	1119	1146
1119	1195	1146
1195	1357	1146
1095	1203	1137
1203	1205	1137
1205	1201	1137
1099	1338	1180
1180	1023	1099
1180	1212	1023
1180	1271	1212
1271	1371	1212
1271	1338	1371
1338	1502	1371
1271	1180	1338
1109	1125	1188
1109	1115	1125
1115	1139	1125
1139	1188	1125
1139	1313	1188
1313	1307	1188
1313	1411	1307
1120	1279	1167
1279	1197	1167
1279	1248	1197
1248	1200	1197
1248	1297	1200
1297	1300	1200
1297	1348	1300
1126	1225	1189
1225	1224	1189
1126	1200	1225
1126	1064	1200
1130	1204	1249
1130	1160	1204
1160	1223	1204
1223	1295	1204
1295	1249	1204
1249	1165	1130
1165	1076	1130
1134	1255	1242
1148	1232	1233
1232	1334	1233
1152	1316	1187
1155	1157	1327
1157	1329	1327
1329	1386	1327
1386	1407	1327
1407	1263	1327
1263	1155	1327
1407	1441	1263
1407	1525	1441
1329	1404	1386
1194	1251	1240
1194	1081	1251
1251	1276	1240
1276	1274	1240
1276	1369	1274
1276	1432	1369
1276	1251	1432
1251	1501	1432
1501	1505	1432
1505	1577	1432
1505	1747	1577
1747	1760	1577
1760	1715	1577
1760	1792	1715
1792	1727	1715
1505	1501	1747
1206	1266	1216
1216	1046	1206
1266	1293	1216
1266	1323	1293
1323	1330	1293
1330	1319	1293
1323	1405	1330
1323	1415	1405
1415	1512	1405
1210	1241	1299
1217	1328	1344
1328	1352	1344
1328	1335	1352
1221	1237	1260
1237	1403	1260
1260	1258	1221
1235	1294	1387
1294	1345	1387
1239	1340	1332
1340	1506	1332
1340	1430	1506
1332	1171	1239
1243	1268	1370
1257	1463	1435
1463	1476	1435
1476	1489	1435
1262	1360	1409
1409	1326	1262
1409	1513	1326
1513	1460	1326
1513	1593	1460
1513	1638	1593
1409	1533	1513
1409	1546	1533
1546	1585	1533
1546	1472	1585
1472	1642	1585
1642	1665	1585
1642	1781	1665
1264	1448	1389
1448	1519	1389
1448	1531	1519
1531	1618	1519
1531	1627	1618
1627	1640	1618
1640	1720	1618
1640	1627	1720
1264	1282	1448
1273	1366	1280
1366	1376	1280
1366	1477	1376
1477	1478	1376
1366	1410	1477
1366	1273	1410
1286	1339	1322
1286	1401	1339
1314	1454	1461
1454	1569	1461
1569	1594	1461
1594	1556	1461
1556	1430	1461
1594	1619	1556
1619	1669	1556
1619	1794	1669
1794	1777	1669
1777	1627	1669
1794	1960	1777
1960	1969	1777
1960	1981	1969
1619	1594	1794
1594	1746	1794
1746	1876	1794
1876	1939	1794
1876	2010	1939
1876	2017	2010
1876	1832	2017
1832	1906	2017
1906	2071	2017
2071	2220	2017
2220	2208	2017
2220	2271	2208
2271	2295	2208
2271	2372	2295
2372	2452	2295
2452	2329	2295
2271	2248	2372
2271	2220	2248
2220	2071	2248
1906	1874	2071
1874	1976	2071
1832	1837	1906
1876	1746	1832
1594	1622	1746
1594	1569	1622
1569	1424	1622
1569	1454	1424
1317	1570	1324
1336	1464	1484
1484	1480	1336
1484	1545	1480
1545	1530	1480
1484	1586	1545
1586	1723	1545
1484	1464	1586
1464	1492	1586
1492	1656	1586
1656	1698	1586
1492	1553	1656
1553	1778	1656
1778	1785	1656
1778	1940	1785
1778	1921	1940
1553	1559	1778
1559	1751	1778
1559	1529	1751
1529	1706	1751
1706	1770	1751
1346	1364	1466
1346	1147	1364
1362	1439	1417
1439	1496	1417
1439	1584	1496
1417	1279	1362
1279	1287	1362
1279	1270	1287
1373	1482	1397
1377	1445	1446
1446	1465	1377
1465	1388	1377
1465	1516	1388
1516	1488	1388
1488	1421	1388
1445	1498	1446
1445	1511	1498
1511	1674	1498
1445	1420	1511
1395	1458	1547
1458	1572	1547
1399	1433	1532
1433	1583	1532
1583	1601	1532
1601	1680	1532
1601	1707	1680
1601	1708	1707
1708	1728	1707
1708	1687	1728
1687	1767	1728
1687	1646	1767
1646	1819	1767
1819	1858	1767
1687	1583	1646
1416	1486	1567
1486	1629	1567
1629	1626	1567
1486	1617	1629
1617	1733	1629
1423	1499	1517
1499	1621	1517
1499	1495	1621
1495	1579	1621
1434	1611	1651
1436	1520	1450
1520	1568	1450
1437	1518	1521
1518	1581	1521
1518	1671	1581
1474	1649	1605
1649	1652	1605
1649	1766	1652
1766	1742	1652
1766	1895	1742
1510	1602	1549
1528	1637	1689
1637	1634	1689
1536	1682	1558
1539	1641	1563
1539	1752	1641
1539	1654	1752
1654	1808	1752
1654	1821	1808
1654	1815	1821
1654	1662	1815
1548	1653	1644
1552	1599	1764
1599	1765	1764
1765	1879	1764
1879	1848	1764
1879	2040	1848
1879	1918	2040
1879	1765	1918
1765	1895	1918
1564	1616	1635
1564	1478	1616
1478	1679	1616
1679	1686	1616
1686	1635	1616
1686	1664	1635
1664	1512	1635
1512	1564	1635
1512	1478	1564
1664	1639	1512
1686	1757	1664
1686	1762	1757
1762	1840	1757
1840	1913	1757
1913	1833	1757
1913	1993	1833
1913	1971	1993
1913	1916	1971
1916	2047	1971
2047	2078	1971
2047	2126	2078
2126	2227	2078
2047	1972	2126
1972	2116	2126
2047	1916	1972
1916	1779	1972
1779	1829	1972
1829	1927	1972
1779	1675	1829
1779	1681	1675
1681	1679	1675
1679	1478	1675
1681	1779	1679
1779	1686	1679
1779	1762	1686
1779	1840	1762
1779	1916	1840
1916	1913	1840
1576	1783	1737
1783	1758	1737
1608	1676	1804
1676	1838	1804
1838	1965	1804
1965	1783	1804
1631	1683	1673
1631	1674	1683
1674	1725	1683
1633	1774	1691
1633	1847	1774
1847	1865	1774
1865	1956	1774
1956	1784	1774
1956	1942	1784
1956	2114	1942
2114	2000	1942
1956	2144	2114
1956	2117	2144
1956	2026	2117
2026	2128	2117
2128	2142	2117
2026	2241	2128
1956	1865	2026
1865	1847	2026
1633	1830	1847
1633	1748	1830
1633	1502	1748
1645	1701	1699
1655	1834	1694
1659	1805	1690
1805	1846	1690
1667	1855	1828
1855	1875	1828
1875	1841	1828
1875	1930	1841
1855	1931	1875
1677	1850	1730
1850	1903	1730
1677	1864	1850
1693	1861	1799
1861	1826	1799
1826	1825	1799
1826	1856	1825
1856	1889	1825
1889	1820	1825
1889	1944	1820
1944	1910	1820
1944	1970	1910
1944	1945	1970
1944	1889	1945
1889	1912	1945
1889	1856	1912
1856	1915	1912
1915	2069	1912
1915	1973	2069
1915	1861	1973
1915	1826	1861
1915	1856	1826
1712	1813	1814
1712	1699	1813
1729	1869	1839
1745	1843	1870
1761	1772	1877
1877	1891	1761
1877	2106	1891
1877	2000	2106
2000	2155	2106
2155	2281	2106
2281	2332	2106
2332	2139	2106
2332	2297	2139
2297	2087	2139
2332	2393	2297
2332	2493	2393
2332	2281	2493
2155	2310	2281
1782	1917	2042
2042	1864	1782
1793	1937	1809
1937	1987	1809
1937	2099	1987
1810	1957	1919
1957	2004	1919
2004	1934	1919
1934	1823	1919
1823	1810	1919
2004	2107	1934
2107	2079	1934
1822	1824	1851
1824	1938	1851
1938	2087	1851
2087	2108	1851
1824	1835	1938
1835	1935	1938
1835	1891	1935
1827	1859	1854
1853	1984	1952
1866	2053	1996
2053	2210	1996
2210	2186	1996
2186	2034	1996
2034	1976	1996
2186	2213	2034
2053	2136	2210
2136	2373	2210
2373	2409	2210
2136	2300	2373
2136	2169	2300
2169	2192	2300
2192	2231	2300
2192	2020	2231
2020	2108	2231
2192	2174	2020
2174	2169	2020
2174	2192	2169
1872	1908	1898
1908	2032	1898
1878	2023	2091
1885	1999	1968
1999	1986	1968
1986	1953	1968
1986	1975	1953
1975	1963	1953
1963	1917	1953
1986	2052	1975
1986	1999	2052
1999	2265	2052
1885	1898	1999
1896	1974	1920
1920	1904	1896
1920	1950	1904
1920	1974	1950
1902	2051	1946
1946	1781	1902
1781	1749	1902
1946	1883	1781
2051	2100	1946
1902	2075	2051
2075	2212	2051
1905	1932	1989
1933	2013	2024
2024	2121	1933
2121	1958	1933
2024	2132	2121
2132	2217	2121
2217	2205	2121
2217	2293	2205
2293	2240	2205
2240	2190	2205
2240	2458	2190
2458	2437	2190
2437	2284	2190
2437	2471	2284
2471	2484	2284
2484	2476	2284
2476	2250	2284
2250	2200	2284
2250	2223	2200
2223	2091	2200
2223	2119	2091
2476	2460	2250
2476	2707	2460
2707	2600	2460
2707	2711	2600
2711	2721	2600
2721	2644	2600
2721	2750	2644
2707	2730	2711
2707	2761	2730
2707	2770	2761
2770	2923	2761
2770	2809	2923
2770	2707	2809
2707	2817	2809
2817	2971	2809
2707	2688	2817
2688	2793	2817
2707	2476	2688
2476	2484	2688
2484	2471	2688
2471	2689	2688
2240	2433	2458
2433	2468	2458
2240	2293	2433
2293	2475	2433
2293	2261	2475
2293	2217	2261
2217	2132	2261
2132	2151	2261
2132	2013	2151
2132	2024	2013
1933	1834	2013
1951	2008	1955
2008	1980	1955
1951	2055	2008
1961	2056	2077
2056	2084	2077
2077	2046	1961
2046	2009	1961
2077	2185	2046
1964	2029	1991
2029	2109	1991
2029	2079	2109
1985	2038	2083
1985	1989	2038
1989	2036	2038
2036	2090	2038
1990	2163	2127
2014	2268	2199
2268	2302	2199
2268	2401	2302
2401	2431	2302
2401	2469	2431
2401	2268	2469
2268	2307	2469
2016	2103	2129
2103	2249	2129
2249	2211	2129
2057	2164	2104
2058	2123	2166
2123	2225	2166
2225	2181	2166
2059	2064	2306
2059	1903	2064
2060	2115	2074
2115	2315	2074
2315	2242	2074
2242	2088	2074
2242	2163	2088
2115	2179	2315
2179	2392	2315
2179	2318	2392
2318	2453	2392
2453	2513	2392
2318	2494	2453
2318	2410	2494
2410	2503	2494
2503	2511	2494
2503	2601	2511
2503	2588	2601
2588	2675	2601
2588	2654	2675
2654	2726	2675
2503	2501	2588
2501	2624	2588
2503	2403	2501
2503	2410	2403
2410	2318	2403
2318	2187	2403
2060	1969	2115
2082	2152	2256
2152	2309	2256
2094	2135	2173
2113	2202	2311
2202	2397	2311
2397	2389	2311
2389	2537	2311
2389	2397	2537
2140	2191	2214
2214	2153	2140
2191	2286	2214
2286	2477	2214
2286	2485	2477
2485	2535	2477
2535	2516	2477
2485	2534	2535
2286	2291	2485
2291	2342	2485
2291	2160	2342
2286	2191	2291
2140	2040	2191
2146	2294	2255
2294	2266	2255
2294	2288	2266
2288	2238	2266
2288	2365	2238
2365	2312	2238
2312	2270	2238
2288	2294	2365
2294	2382	2365
2161	2273	2260
2161	2153	2273
2201	2218	2305
2218	2351	2305
2351	2422	2305
2228	2324	2320
2324	2341	2320
2324	2363	2341
2243	2280	2279
2280	2415	2279
2415	2509	2279
2415	2556	2509
2415	2531	2556
2531	2592	2556
2280	2350	2415
2350	2335	2415
2244	2486	2517
2486	2652	2517
2652	2504	2517
2504	2244	2517
2652	2668	2504
2652	2789	2668
2789	2749	2668
2246	2262	2360
2247	2263	2375
2375	2495	2247
2251	2338	2414
2338	2440	2414
2440	2474	2414
2440	2512	2474
2512	2559	2474
2323	2333	2572
2328	2354	2412
2412	2402	2328
2402	2363	2328
2412	2506	2402
2336	2497	2585
2497	2560	2585
2339	2472	2426
2348	2379	2480
2352	2436	2404
2353	2374	2427
2356	2488	2561
2359	2406	2457
2359	2428	2406
2428	2457	2406
2428	2576	2457
2576	2615	2457
2615	2591	2457
2615	2659	2591
2615	2769	2659
2576	2621	2615
2576	2590	2621
2590	2751	2621
2590	2759	2751
2759	2915	2751
2915	2933	2751
2933	2924	2751
2933	2945	2924
2945	2952	2924
2933	2996	2945
2933	2915	2996
2915	3008	2996
2915	3032	3008
3032	3118	3008
3032	3045	3118
2759	2756	2915
2576	2446	2590
2576	2428	2446
2428	2386	2446
2428	2306	2386
2428	2359	2306
2364	2478	2383
2370	2514	2459
2376	2390	2448
2376	2212	2390
2390	2479	2448
2479	2580	2448
2580	2544	2448
2580	2617	2544
2479	2575	2580
2575	2631	2580
2575	2645	2631
2645	2727	2631
2479	2467	2575
2479	2390	2467
2378	2396	2424
2424	2421	2378
2380	2434	2395
2380	2507	2434
2507	2489	2434
2507	2578	2489
2578	2587	2489
2587	2533	2489
2533	2360	2489
2587	2569	2533
2381	2500	2502
2500	2629	2502
2384	2573	2461
2398	2473	2450
2405	2429	2548
2429	2563	2548
2563	2733	2548
2429	2393	2563
2548	2646	2405
2646	2616	2405
2646	2661	2616
2661	2623	2616
2661	2702	2623
2702	2632	2623
2702	2643	2632
2643	2409	2632
2643	2553	2409
2702	2847	2643
2646	2827	2661
2413	2558	2435
2558	2620	2435
2419	2526	2536
2536	2532	2419
2526	2636	2536
2423	2443	2491
2443	2618	2491
2443	2498	2618
2498	2687	2618
2498	2650	2687
2498	2607	2650
2607	2708	2650
2607	2574	2708
2491	2472	2423
2432	2547	2527
2455	2567	2546
2567	2676	2546
2567	2680	2676
2464	2520	2543
2490	2562	2499
2492	2521	2529
2508	2524	2656
2656	2624	2508
2624	2452	2508
2656	2816	2624
2522	2655	2593
2525	2564	2622
2542	2633	2581
2633	2666	2581
2633	2872	2666
2872	2692	2666
2872	2884	2692
2884	2848	2692
2848	2772	2692
2848	2838	2772
2838	2612	2772
2848	2894	2838
2848	2884	2894
2884	2920	2894
2884	2872	2920
2872	2981	2920
2872	2897	2981
2897	2908	2981
2908	3083	2981
2908	2886	3083
2908	2856	2886
2856	2826	2886
2826	2855	2886
2826	2732	2855
2826	2660	2732
2826	2663	2660
2663	2647	2660
2647	2542	2660
2647	2633	2542
2647	2663	2633
2663	2856	2633
2856	2872	2633
2856	2897	2872
2856	2908	2897
2663	2826	2856
2555	2597	2627
2627	2582	2555
2627	2564	2582
2571	2577	2700
2571	2543	2577
2598	2693	2706
2608	2694	2677
2677	2645	2608
2645	2411	2608
2677	2723	2645
2677	2694	2723
2694	2881	2723
2881	2861	2723
2694	2849	2881
2849	2877	2881
2877	2970	2881
2877	2900	2970
2900	3079	2970
2877	2849	2900
2608	2715	2694
2608	2635	2715
2635	2760	2715
2635	2717	2760
2717	2879	2760
2879	2900	2760
2635	2628	2717
2613	2798	2638
2798	2818	2638
2818	2795	2638
2795	2802	2638
2802	2653	2638
2802	2810	2653
2802	2857	2810
2857	2926	2810
2926	2813	2810
2802	2845	2857
2845	3030	2857
2845	2821	3030
2845	2818	2821
2818	2798	2821
2845	2795	2818
2845	2802	2795
2614	2642	2800
2619	2698	2662
2662	2593	2619
2634	2773	2639
2634	2804	2773
2648	2704	2670
2704	2758	2670
2649	2684	2734
2684	2746	2734
2657	2765	2741
2765	2763	2741
2657	2745	2765
2745	2949	2765
2949	2954	2765
2954	2965	2765
2658	2822	2801
2822	2842	2801
2842	2956	2801
2956	3000	2801
2842	2934	2956
2934	3084	2956
2667	2699	2686
2673	2764	2780
2764	2858	2780
2764	2940	2858
2940	3060	2858
3060	2937	2858
3060	3011	2937
3011	3034	2937
3011	3060	3034
3060	3247	3034
3247	3224	3034
3247	3418	3224
3418	3277	3224
3277	3198	3224
3198	3152	3224
3198	3268	3152
3268	3112	3152
3112	2999	3152
3112	3023	2999
3023	2902	2999
3023	2905	2902
3023	3025	2905
3023	3166	3025
3166	3251	3025
3166	3268	3251
3166	3112	3268
3166	3023	3112
3198	3413	3268
3198	3435	3413
3435	3677	3413
3677	3537	3413
3435	3645	3677
3645	3750	3677
3750	3848	3677
3750	3937	3848
3937	3906	3848
3937	4027	3906
4027	4036	3906
4027	4146	4036
4146	4131	4036
4131	3920	4036
4131	3999	3920
4131	4173	3999
4131	4256	4173
4256	4254	4173
4256	4383	4254
4383	4463	4254
4131	4146	4256
4146	4208	4256
4146	4231	4208
4146	4027	4231
4027	4177	4231
4177	4326	4231
4326	4380	4231
4326	4374	4380
4374	4598	4380
4598	4550	4380
4598	4679	4550
4679	4532	4550
4679	4699	4532
4679	4750	4699
4750	4738	4699
4750	4846	4738
4846	4821	4738
4821	4737	4738
4821	4863	4737
4863	4860	4737
4821	4846	4863
4750	4903	4846
4903	4983	4846
4903	5034	4983
4903	5000	5034
5000	5047	5034
5047	5102	5034
5102	5098	5034
5098	5114	5034
5098	5148	5114
5148	5142	5114
5098	5102	5148
5102	5124	5148
5124	5200	5148
5200	5208	5148
5200	5221	5208
5221	5236	5208
5236	5237	5208
5236	5230	5237
5230	5225	5237
5225	5231	5237
5225	5235	5231
5235	5232	5231
5232	5216	5231
5232	5229	5216
5232	5235	5229
5225	5217	5235
5217	5184	5235
5184	5220	5235
5184	5157	5220
5157	5166	5220
5166	5186	5220
5186	5223	5220
5223	5229	5220
5223	5222	5229
5223	5201	5222
5201	5202	5222
5202	5181	5222
5202	5182	5181
5182	5149	5181
5149	5167	5181
5167	5142	5181
5167	5135	5142
5135	5110	5142
5135	5091	5110
5135	5149	5091
5149	5086	5091
5149	5182	5086
5182	5095	5086
5095	5032	5086
5095	4994	5032
5182	5151	5095
5151	5083	5095
5151	5144	5083
5144	5056	5083
5056	4998	5083
5056	5001	4998
5001	4960	4998
4960	4972	4998
4960	4952	4972
4952	4935	4972
4935	4979	4972
4979	5011	4972
4979	4959	5011
4959	4965	5011
4965	4994	5011
4965	4915	4994
4959	4942	4965
4959	4925	4942
4925	4880	4942
4925	4841	4880
4925	4862	4841
4862	4816	4841
4816	4694	4841
4694	4697	4841
4694	4594	4697
4594	4655	4697
4594	4483	4655
4483	4683	4655
4483	4579	4683
4579	4678	4683
4678	4712	4683
4678	4695	4712
4695	4864	4712
4695	4848	4864
4695	4832	4848
4832	4860	4848
4678	4604	4695
4604	4567	4695
4567	4633	4695
4567	4463	4633
4567	4456	4463
4567	4431	4456
4567	4604	4431
4604	4579	4431
4579	4413	4431
4413	4186	4431
4579	4483	4413
4604	4678	4579
4594	4433	4483
4594	4517	4433
4594	4694	4517
4694	4493	4517
4493	4368	4517
4694	4607	4493
4607	4464	4493
4607	4482	4464
4482	4462	4464
4462	4289	4464
4462	4278	4289
4278	4168	4289
4278	4098	4168
4098	4029	4168
4098	3974	4029
4098	3947	3974
3947	3852	3974
3852	3823	3974
3852	3744	3823
3852	3870	3744
3852	3947	3870
3947	3997	3870
3947	4142	3997
4142	4201	3997
4201	4136	3997
4201	4221	4136
4201	4314	4221
4201	4309	4314
4309	4388	4314
4309	4330	4388
4201	4142	4309
3947	4098	4142
4278	4285	4098
4278	4462	4285
4694	4713	4607
4713	4687	4607
4687	4686	4607
4686	4562	4607
4686	4638	4562
4686	4728	4638
4728	4680	4638
4680	4626	4638
4680	4627	4626
4627	4541	4626
4541	4551	4626
4627	4620	4541
4620	4574	4541
4620	4639	4574
4639	4603	4574
4603	4642	4574
4603	4637	4642
4637	4770	4642
4770	4773	4642
4770	4800	4773
4800	4825	4773
4800	4842	4825
4842	4804	4825
4842	4905	4804
4905	4834	4804
4834	4762	4804
4762	4685	4804
4762	4657	4685
4657	4553	4685
4657	4496	4553
4657	4595	4496
4595	4475	4496
4595	4492	4475
4492	4361	4475
4657	4676	4595
4676	4739	4595
4676	4744	4739
4744	4834	4739
4744	4762	4834
4744	4657	4762
4744	4676	4657
4905	4913	4834
4913	4858	4834
4913	4932	4858
4932	4931	4858
4931	4919	4858
4931	4950	4919
4950	4993	4919
4993	4987	4919
4987	4970	4919
4987	4986	4970
4986	4945	4970
4987	5077	4986
5077	5093	4986
5077	5111	5093
5111	5085	5093
5111	5141	5085
5141	5162	5085
5162	5058	5085
5058	5055	5085
5058	5023	5055
5023	4982	5055
5023	4957	4982
4957	4861	4982
4861	4916	4982
4916	4945	4982
4861	4795	4916
4861	4802	4795
4957	4939	4861
4957	4930	4939
4930	4883	4939
4930	4885	4883
4930	4872	4885
4930	4995	4872
4995	4937	4872
4937	4856	4872
4995	4992	4937
4992	4980	4937
4992	5018	4980
5018	5053	4980
5053	4977	4980
4977	4870	4980
4977	4918	4870
4918	4824	4870
4824	4857	4870
4918	4926	4824
4926	4815	4824
4926	4869	4815
4926	4943	4869
4943	4852	4869
4943	4933	4852
4933	4889	4852
4889	4810	4852
4933	5004	4889
4933	4978	5004
4978	5026	5004
5026	5040	5004
5026	5089	5040
5089	5097	5040
5089	5107	5097
5107	5154	5097
5154	5137	5097
5137	5067	5097
5067	4989	5097
5067	4976	4989
4976	4958	4989
4976	4893	4958
4893	4908	4958
4893	4851	4908
4851	4898	4908
4851	4813	4898
4851	4765	4813
4765	4649	4813
4765	4634	4649
4634	4589	4649
4589	4554	4649
4554	4575	4649
4554	4513	4575
4513	4432	4575
4432	4529	4575
4554	4542	4513
4554	4589	4542
4589	4634	4542
4634	4543	4542
4634	4645	4543
4645	4578	4543
4634	4765	4645
4765	4780	4645
4765	4851	4780
4851	4893	4780
4893	4902	4780
4902	4823	4780
4823	4793	4780
4823	4792	4793
4792	4664	4793
4792	4741	4664
4741	4660	4664
4660	4591	4664
4591	4581	4664
4581	4578	4664
4581	4514	4578
4581	4502	4514
4581	4524	4502
4581	4591	4524
4591	4571	4524
4591	4636	4571
4636	4600	4571
4600	4527	4571
4600	4558	4527
4558	4491	4527
4491	4434	4527
4491	4480	4434
4480	4377	4434
4377	4364	4434
4377	4339	4364
4339	4293	4364
4339	4228	4293
4228	4086	4293
4228	4169	4086
4169	4150	4086
4150	4031	4086
4031	3986	4086
4031	3888	3986
4169	4270	4150
4270	4267	4150
4267	4237	4150
4237	4069	4150
4237	4106	4069
4106	3954	4069
4237	4161	4106
4161	4132	4106
4132	4053	4106
4132	4162	4053
4162	4112	4053
4112	4090	4053
4090	3977	4053
4090	4006	3977
4090	4111	4006
4111	4030	4006
4111	4159	4030
4111	4134	4159
4134	4258	4159
4258	4265	4159
4258	4302	4265
4302	4290	4265
4290	4331	4265
4331	4327	4265
4331	4393	4327
4393	4391	4327
4393	4448	4391
4448	4443	4391
4443	4404	4391
4443	4528	4404
4528	4445	4404
4528	4518	4445
4518	4436	4445
4518	4435	4436
4528	4545	4518
4545	4605	4518
4545	4560	4605
4560	4611	4605
4611	4630	4605
4630	4617	4605
4630	4668	4617
4668	4662	4617
4662	4622	4617
4622	4546	4617
4546	4512	4617
4546	4453	4512
4453	4442	4512
4442	4409	4512
4409	4429	4512
4409	4292	4429
4292	4435	4429
4409	4257	4292
4257	4244	4292
4257	4103	4244
4257	4191	4103
4191	4130	4103
4130	4067	4103
4067	3983	4103
3983	3911	4103
3983	3912	3911
3912	3792	3911
3792	3769	3911
3792	3739	3769
3739	3740	3769
3739	3637	3740
3739	3630	3637
3739	3614	3630
3614	3588	3630
3614	3442	3588
3614	3523	3442
3614	3669	3523
3669	3565	3523
3565	3531	3523
3565	3628	3531
3628	3520	3531
3520	3485	3531
3520	3480	3485
3520	3592	3480
3592	3589	3480
3589	3416	3480
3520	3628	3592
3628	3745	3592
3628	3767	3745
3767	3816	3745
3816	3856	3745
3816	3923	3856
3923	4005	3856
4005	4077	3856
4005	4224	4077
4224	4234	4077
4234	4253	4077
4005	4110	4224
4110	4181	4224
4181	4242	4224
4110	4139	4181
4110	3965	4139
3965	4055	4139
4055	4130	4139
4055	4067	4130
4055	3983	4067
4055	3966	3983
3966	3884	3983
3884	3912	3983
3884	3792	3912
3884	3722	3792
3722	3614	3792
3614	3739	3792
3722	3669	3614
3722	3758	3669
3758	3565	3669
3758	3628	3565
3758	3767	3628
3758	3816	3767
3758	3873	3816
3873	3923	3816
3758	3722	3873
3722	3886	3873
3722	3884	3886
3884	3965	3886
3884	3966	3965
3966	4055	3965
4110	3923	3965
4110	4005	3923
4257	4273	4191
4273	4242	4191
4273	4336	4242
4336	4411	4242
4336	4466	4411
4466	4420	4411
4466	4446	4420
4466	4624	4446
4624	4531	4446
4624	4601	4531
4624	4677	4601
4677	4691	4601
4677	4754	4691
4754	4734	4691
4734	4732	4691
4732	4577	4691
4577	4525	4691
4577	4439	4525
4439	4498	4525
4498	4457	4525
4457	4531	4525
4732	4573	4577
4573	4540	4577
4573	4547	4540
4547	4494	4540
4494	4376	4540
4494	4347	4376
4547	4573	4494
4573	4484	4494
4573	4621	4484
4621	4447	4484
4621	4538	4447
4538	4398	4447
4621	4648	4538
4732	4733	4573
4732	4760	4733
4760	4791	4733
4791	4878	4733
4878	4783	4733
4878	4886	4783
4886	4914	4783
4914	4753	4783
4914	4840	4753
4914	4911	4840
4911	4901	4840
4901	4748	4840
4748	4648	4840
4901	4784	4748
4784	4670	4748
4784	4700	4670
4700	4584	4670
4700	4615	4584
4615	4530	4584
4530	4508	4584
4530	4507	4508
4507	4350	4508
4350	4437	4508
4507	4313	4350
4313	4246	4350
4507	4438	4313
4507	4495	4438
4495	4565	4438
4565	4516	4438
4565	4580	4516
4565	4582	4580
4582	4689	4580
4582	4615	4689
4615	4700	4689
4700	4788	4689
4700	4764	4788
4764	4845	4788
4764	4819	4845
4819	4892	4845
4892	4867	4845
4892	4912	4867
4892	4928	4912
4928	4996	4912
4996	5038	4912
4996	5043	5038
5043	5062	5038
5062	5071	5038
5062	5112	5071
5112	5117	5071
5117	5060	5071
5117	5125	5060
5125	5061	5060
5061	5002	5060
5061	5070	5002
5070	5022	5002
5022	4967	5002
4967	4951	5002
5022	4966	4967
5022	5051	4966
5051	5014	4966
5014	4949	4966
5014	4927	4949
4927	4906	4949
4927	4894	4906
4894	4843	4906
4843	4755	4906
4843	4749	4755
4843	4763	4749
4843	4894	4763
4927	5014	4894
5051	5081	5014
5081	5087	5014
5087	5049	5014
5081	5156	5087
5081	5140	5156
5140	5204	5156
5204	5194	5156
5194	5177	5156
5194	5203	5177
5203	5221	5177
5221	5200	5177
5200	5143	5177
5143	5049	5177
5143	5050	5049
5143	5124	5050
5124	5048	5050
5124	5047	5048
5124	5102	5047
5143	5200	5124
5203	5226	5221
5226	5236	5221
5226	5228	5236
5228	5233	5236
5233	5230	5236
5233	5224	5230
5224	5212	5230
5212	5213	5230
5213	5225	5230
5213	5210	5225
5210	5217	5225
5210	5193	5217
5193	5183	5217
5183	5184	5217
5183	5159	5184
5159	5157	5184
5159	5134	5157
5134	5103	5157
5103	5109	5157
5109	5136	5157
5136	5166	5157
5136	5131	5166
5131	5186	5166
5131	5144	5186
5144	5201	5186
5201	5223	5186
5144	5151	5201
5151	5182	5201
5182	5202	5201
5131	5075	5144
5075	5056	5144
5075	5039	5056
5039	5001	5056
5039	5009	5001
5009	4941	5001
4941	4960	5001
4941	4944	4960
4944	4952	4960
4944	4935	4952
4944	4859	4935
4859	4887	4935
4887	4979	4935
4887	4925	4979
4925	4959	4979
4887	4862	4925
4887	4836	4862
4836	4816	4862
4836	4790	4816
4790	4778	4816
4778	4713	4816
4713	4694	4816
4778	4687	4713
4778	4686	4687
4778	4728	4686
4778	4747	4728
4747	4680	4728
4747	4757	4680
4757	4718	4680
4718	4651	4680
4651	4627	4680
4651	4620	4627
4651	4639	4620
4651	4714	4639
4714	4637	4639
4637	4603	4639
4714	4743	4637
4743	4770	4637
4743	4800	4770
4743	4822	4800
4743	4833	4822
4833	4868	4822
4833	4855	4868
4855	4871	4868
4871	4923	4868
4923	4842	4868
4923	4905	4842
4923	4934	4905
4934	4913	4905
4923	4941	4934
4923	4871	4941
4871	4944	4941
4871	4859	4944
4871	4855	4859
4855	4812	4859
4812	4854	4859
4854	4887	4859
4854	4836	4887
4854	4812	4836
4812	4790	4836
4812	4757	4790
4757	4747	4790
4747	4778	4790
4812	4756	4757
4756	4718	4757
4756	4761	4718
4761	4714	4718
4714	4651	4718
4761	4743	4714
4761	4833	4743
4761	4855	4833
4761	4812	4855
4761	4756	4812
5039	5020	5009
5039	5036	5020
5036	4950	5020
4950	4932	5020
4932	4913	5020
4950	4931	4932
5036	5069	4950
5069	4993	4950
5069	5017	4993
5017	4987	4993
5017	5077	4987
5017	5069	5077
5069	5138	5077
5138	5111	5077
5138	5141	5111
5138	5183	5141
5183	5193	5141
5193	5179	5141
5179	5162	5141
5179	5161	5162
5161	5058	5162
5161	5129	5058
5129	5118	5058
5118	5065	5058
5065	5008	5058
5008	5023	5058
5008	4957	5023
5008	5065	4957
5065	5013	4957
5013	4930	4957
5013	4995	4930
5013	5031	4995
5031	5059	4995
5059	5046	4995
5046	4992	4995
5046	5018	4992
5046	5066	5018
5066	5080	5018
5080	5094	5018
5094	5053	5018
5094	5121	5053
5121	5088	5053
5088	5005	5053
5005	4977	5053
5005	4954	4977
4954	4948	4977
4948	4918	4977
4948	4926	4918
4948	4954	4926
4954	5005	4926
5005	4978	4926
4978	4943	4926
4978	4933	4943
5121	5108	5088
5108	5122	5088
5122	5026	5088
5026	4978	5088
5122	5089	5026
5122	5107	5089
5122	5152	5107
5152	5154	5107
5122	5150	5152
5150	5155	5152
5150	5169	5155
5169	5163	5155
5163	5160	5155
5160	5147	5155
5160	5165	5147
5160	5174	5165
5174	5185	5165
5185	5125	5165
5125	5132	5165
5132	5133	5165
5132	5112	5133
5112	5104	5133
5104	5128	5133
5104	5123	5128
5123	5139	5128
5123	5115	5139
5123	5104	5115
5104	5100	5115
5100	5105	5115
5105	5120	5115
5105	5113	5120
5113	5126	5120
5113	5116	5126
5116	5137	5126
5116	5067	5137
5116	5072	5067
5072	5024	5067
5024	4976	5067
5024	4956	4976
4956	4893	4976
4956	4902	4893
4956	4938	4902
4938	4897	4902
4897	4823	4902
4897	4910	4823
4910	4876	4823
4876	4844	4823
4844	4792	4823
4844	4786	4792
4786	4741	4792
4786	4777	4741
4777	4690	4741
4690	4660	4741
4690	4665	4660
4665	4600	4660
4600	4636	4660
4636	4591	4660
4665	4558	4600
4665	4618	4558
4618	4526	4558
4526	4505	4558
4505	4491	4558
4505	4480	4491
4505	4455	4480
4455	4377	4480
4455	4390	4377
4390	4339	4377
4390	4270	4339
4270	4228	4339
4270	4169	4228
4390	4267	4270
4390	4298	4267
4298	4237	4267
4298	4182	4237
4182	4161	4237
4182	4162	4161
4162	4132	4161
4182	4189	4162
4189	4238	4162
4238	4134	4162
4134	4112	4162
4134	4090	4112
4134	4111	4090
4238	4258	4134
4238	4358	4258
4358	4329	4258
4329	4302	4258
4329	4362	4302
4362	4290	4302
4362	4331	4290
4362	4396	4331
4396	4393	4331
4396	4450	4393
4450	4448	4393
4450	4504	4448
4504	4497	4448
4497	4443	4448
4497	4533	4443
4533	4528	4443
4533	4599	4528
4599	4560	4528
4560	4545	4528
4599	4611	4560
4599	4606	4611
4606	4641	4611
4641	4630	4611
4641	4668	4630
4641	4684	4668
4684	4768	4668
4768	4662	4668
4684	4769	4768
4684	4716	4769
4716	4767	4769
4767	4781	4769
4781	4827	4769
4781	4759	4827
4759	4775	4827
4775	4849	4827
4759	4736	4775
4736	4735	4775
4736	4710	4735
4710	4698	4735
4698	4771	4735
4698	4673	4771
4673	4730	4771
4730	4777	4771
4777	4801	4771
4777	4798	4801
4798	4865	4801
4865	4895	4801
4895	4922	4801
4895	4988	4922
4988	4969	4922
4969	4947	4922
4947	4896	4922
4947	4899	4896
4899	4849	4896
4988	5030	4969
4988	5035	5030
5035	5052	5030
5052	5045	5030
5045	5015	5030
5045	5029	5015
5029	5027	5015
5027	5003	5015
5003	4991	5015
4991	4946	5015
4946	4973	5015
4946	4955	4973
4955	4888	4973
4955	4879	4888
4879	4874	4888
4879	4720	4874
4720	4721	4874
4720	4650	4721
4650	4622	4721
4650	4590	4622
4590	4546	4622
4590	4453	4546
4590	4465	4453
4465	4397	4453
4397	4442	4453
4397	4409	4442
4397	4273	4409
4273	4257	4409
4397	4336	4273
4397	4465	4336
4465	4466	4336
4465	4590	4466
4590	4624	4466
4590	4640	4624
4640	4720	4624
4720	4677	4624
4720	4754	4677
4720	4879	4754
4879	4796	4754
4796	4734	4754
4796	4779	4734
4779	4732	4734
4779	4791	4732
4791	4760	4732
4796	4808	4779
4808	4873	4779
4808	4875	4873
4875	4920	4873
4920	4946	4873
4946	4909	4873
4909	4791	4873
4909	4921	4791
4921	4878	4791
4921	4929	4878
4929	4886	4878
4929	4940	4886
4940	4914	4886
4940	4971	4914
4971	4964	4914
4964	4911	4914
4964	4961	4911
4961	4962	4911
4962	4901	4911
4962	4963	4901
4963	4881	4901
4881	4819	4901
4819	4784	4901
4819	4764	4784
4764	4700	4784
4881	4892	4819
4881	4928	4892
4881	4963	4928
4963	4996	4928
4963	4997	4996
4997	5044	4996
5044	5043	4996
5044	5062	5043
5044	5063	5062
5063	5079	5062
5079	5104	5062
5079	5100	5104
5079	5076	5100
5076	5105	5100
5076	5074	5105
5074	5096	5105
5096	5106	5105
5106	5113	5105
5106	5054	5113
5054	5037	5113
5037	5072	5113
5072	5116	5113
5037	5021	5072
5021	5006	5072
5006	5024	5072
5006	4975	5024
4975	4956	5024
4975	4938	4956
4975	4990	4938
4990	4910	4938
4910	4897	4938
4990	4974	4910
4974	4876	4910
4974	4904	4876
4904	4866	4876
4866	4844	4876
4866	4786	4844
4866	4835	4786
4835	4829	4786
4829	4777	4786
4829	4798	4777
4829	4865	4798
4829	4850	4865
4850	4890	4865
4890	4895	4865
4890	4968	4895
4968	4988	4895
4968	5035	4988
4968	5054	5035
4968	4974	5054
4974	5025	5054
5025	5037	5054
5025	5021	5037
5025	4974	5021
4974	4990	5021
4990	5006	5021
4990	4975	5006
4968	4917	4974
4917	4904	4974
4917	4866	4904
4917	4850	4866
4850	4835	4866
4850	4829	4835
4917	4890	4850
4917	4968	4890
5074	5073	5096
5074	5057	5073
5057	5064	5073
5064	5068	5073
5064	5010	5068
5010	5027	5068
5027	5045	5068
5027	5029	5045
5010	5007	5027
5007	5003	5027
5007	4971	5003
4971	4991	5003
4971	4929	4991
4929	4921	4991
4921	4909	4991
4909	4946	4991
4971	4940	4929
5007	5010	4971
5010	4964	4971
5010	4984	4964
4984	4961	4964
4984	5012	4961
5012	4962	4961
5012	5028	4962
5028	5019	4962
5019	4963	4962
5019	4997	4963
5019	5041	4997
5041	5044	4997
5041	5063	5044
5041	5076	5063
5076	5079	5063
5041	5057	5076
5057	5074	5076
5041	5019	5057
5019	5042	5057
5042	5064	5057
5042	5012	5064
5012	5010	5064
5012	4984	5010
5042	5028	5012
5042	5019	5028
4920	4955	4946
4920	4879	4955
4920	4875	4879
4875	4796	4879
4875	4808	4796
4640	4650	4720
4640	4590	4650
4730	4690	4777
4730	4665	4690
4730	4673	4665
4673	4618	4665
4673	4698	4618
4698	4576	4618
4576	4526	4618
4576	4481	4526
4481	4490	4526
4490	4505	4526
4490	4455	4505
4490	4481	4455
4481	4390	4455
4481	4476	4390
4476	4421	4390
4421	4319	4390
4319	4298	4390
4319	4182	4298
4319	4238	4182
4238	4189	4182
4319	4358	4238
4319	4421	4358
4421	4410	4358
4410	4329	4358
4410	4418	4329
4418	4362	4329
4418	4396	4362
4418	4450	4396
4418	4504	4450
4418	4470	4504
4470	4557	4504
4557	4602	4504
4602	4521	4504
4521	4497	4504
4521	4533	4497
4521	4613	4533
4613	4599	4533
4613	4606	4599
4613	4641	4606
4613	4684	4641
4613	4646	4684
4646	4675	4684
4675	4716	4684
4675	4663	4716
4663	4759	4716
4759	4767	4716
4759	4781	4767
4663	4710	4759
4710	4736	4759
4663	4653	4710
4653	4647	4710
4647	4698	4710
4653	4628	4647
4628	4569	4647
4569	4544	4647
4544	4576	4647
4544	4481	4576
4544	4476	4481
4544	4509	4476
4509	4470	4476
4470	4421	4476
4470	4410	4421
4470	4418	4410
4509	4569	4470
4569	4557	4470
4569	4628	4557
4628	4602	4557
4628	4646	4602
4646	4613	4602
4613	4521	4602
4628	4663	4646
4663	4675	4646
4628	4653	4663
4509	4544	4569
5132	5117	5112
5132	5125	5117
5185	5173	5125
5173	5130	5125
5130	5061	5125
5130	5070	5061
5130	5101	5070
5101	5022	5070
5101	5084	5022
5084	5082	5022
5082	5051	5022
5082	5081	5051
5082	5140	5081
5082	5084	5140
5084	5101	5140
5101	5145	5140
5145	5204	5140
5145	5195	5204
5195	5219	5204
5219	5207	5204
5207	5194	5204
5207	5203	5194
5207	5227	5203
5227	5228	5203
5228	5226	5203
5227	5233	5228
5227	5234	5233
5234	5214	5233
5214	5211	5233
5211	5224	5233
5211	5218	5224
5218	5212	5224
5218	5209	5212
5209	5196	5212
5196	5188	5212
5188	5190	5212
5190	5210	5212
5210	5213	5212
5190	5193	5210
5190	5179	5193
5190	5161	5179
5196	5187	5188
5187	5172	5188
5172	5129	5188
5129	5161	5188
5172	5092	5129
5092	5118	5129
5092	5065	5118
5092	5031	5065
5031	5013	5065
5092	5059	5031
5092	5119	5059
5119	5099	5059
5099	5046	5059
5099	5066	5046
5099	5080	5066
5099	5119	5080
5119	5164	5080
5164	5127	5080
5127	5094	5080
5127	5121	5094
5127	5153	5121
5153	5150	5121
5150	5108	5121
5150	5122	5108
5153	5169	5150
5153	5171	5169
5171	5170	5169
5170	5163	5169
5170	5174	5163
5174	5160	5163
5170	5178	5174
5178	5189	5174
5189	5197	5174
5197	5198	5174
5198	5185	5174
5198	5199	5185
5199	5192	5185
5192	5173	5185
5192	5180	5173
5180	5145	5173
5145	5130	5173
5145	5101	5130
5180	5195	5145
5180	5192	5195
5192	5199	5195
5199	5215	5195
5215	5219	5195
5215	5214	5219
5214	5234	5219
5234	5227	5219
5227	5207	5219
5215	5197	5214
5197	5189	5214
5189	5206	5214
5206	5211	5214
5206	5209	5211
5209	5218	5211
5206	5196	5209
5206	5191	5196
5191	5187	5196
5191	5176	5187
5176	5168	5187
5168	5172	5187
5168	5158	5172
5158	5092	5172
5158	5119	5092
5158	5146	5119
5146	5164	5119
5146	5176	5164
5176	5175	5164
5175	5171	5164
5171	5153	5164
5153	5127	5164
5175	5170	5171
5175	5178	5170
5175	5189	5178
5175	5191	5189
5191	5206	5189
5175	5176	5191
5146	5168	5176
5146	5158	5168
5215	5198	5197
5215	5199	5198
5138	5159	5183
5138	5069	5159
5069	5134	5159
5069	5103	5134
5069	5036	5103
5036	5039	5103
5039	5109	5103
5039	5131	5109
5131	5136	5109
5039	5075	5131
4582	4495	4615
4495	4507	4615
4507	4530	4615
4582	4565	4495
5135	5167	5149
4750	4751	4903
4750	4679	4751
4679	4725	4751
4725	4799	4751
4725	4704	4799
4704	4847	4799
4725	4598	4704
4598	4511	4704
4725	4679	4598
4027	4009	4177
4027	3937	4009
3937	3839	4009
3839	3967	4009
3937	3750	3839
3750	3786	3839
3750	3694	3786
3750	3645	3694
3435	3483	3645
3435	3277	3483
3277	3418	3483
3418	3518	3483
3435	3198	3277
3247	3371	3418
3247	3307	3371
3307	3365	3371
3247	3060	3307
3060	3047	3307
3060	2940	3047
2940	2984	3047
2940	2847	2984
2847	3013	2984
2674	2737	2701
2682	2841	2710
2710	2689	2682
2691	2744	2854
2744	2767	2854
2767	2909	2854
2909	2914	2854
2914	2967	2854
2967	2729	2854
2729	2691	2854
2729	2620	2691
2729	2775	2620
2729	2799	2775
2729	2944	2799
2729	2967	2944
2967	3046	2944
3046	2962	2944
3046	3086	2962
3046	3192	3086
3192	3286	3086
3286	3311	3086
3311	3222	3086
3222	3062	3086
3222	3007	3062
3007	2893	3062
3222	3258	3007
3222	3272	3258
3222	3276	3272
3286	3335	3311
3286	3192	3335
3192	3246	3335
3246	3431	3335
3431	3466	3335
3431	3465	3466
3465	3608	3466
2914	3071	2967
2914	2909	3071
2909	3077	3071
3077	3124	3071
3124	3246	3071
3077	3151	3124
3077	3155	3151
3155	3340	3151
3077	3132	3155
3132	3239	3155
3132	3212	3239
3212	3341	3239
3212	3123	3341
3123	3095	3341
3123	3029	3095
3029	3055	3095
3123	3132	3029
3123	3212	3132
2767	2790	2909
2790	2814	2909
2814	2874	2909
2814	2800	2874
2800	2903	2874
2767	2744	2790
2695	2829	2870
2829	2867	2870
2716	2815	2719
2735	2819	2791
2819	2918	2791
2738	2928	2839
2739	2753	2840
2753	2797	2840
2797	2890	2840
2890	3024	2840
3024	2935	2840
2935	2739	2840
2935	2850	2739
2935	2997	2850
2997	2913	2850
2997	2936	2913
2936	2911	2913
2936	3127	2911
3127	3116	2911
3116	3054	2911
3054	2901	2911
3054	2968	2901
2968	2827	2901
2827	2733	2901
3054	2994	2968
3054	3184	2994
3054	3148	3184
3054	3116	3148
2936	3187	3127
2936	2997	3187
2997	3121	3187
3121	3232	3187
2997	3073	3121
2997	2935	3073
2935	3024	3073
2797	2878	2890
2878	2899	2890
2899	3111	2890
2899	3097	3111
3097	3294	3111
2753	2740	2797
2742	2865	2860
2747	2875	2785
2875	2880	2785
2880	2804	2785
2875	2998	2880
2998	3014	2880
2998	3074	3014
2998	3145	3074
3145	3288	3074
3145	3196	3288
3196	3349	3288
3349	3432	3288
3349	3451	3432
3451	3493	3432
3493	3557	3432
3493	3550	3557
3550	3652	3557
3652	3781	3557
3550	3533	3652
3533	3713	3652
3533	3543	3713
3533	3498	3543
3498	3655	3543
3498	3516	3655
3498	3441	3516
3533	3385	3498
3493	3364	3550
3493	3451	3364
3451	3349	3364
3349	3196	3364
3196	3289	3364
3289	3370	3364
3289	3385	3370
3289	3236	3385
3289	3109	3236
3109	3189	3236
3109	3072	3189
3072	3172	3189
2998	2986	3145
2986	3066	3145
2986	3067	3066
2986	2969	3067
2969	3109	3067
2986	2921	2969
2921	2873	2969
2921	2859	2873
2921	2986	2859
2998	2875	2986
2875	2836	2986
2875	2747	2836
2747	2686	2836
2757	2843	2781
2781	2727	2757
2757	2861	2843
2861	2891	2843
2766	2950	2990
2950	3006	2990
2788	2925	2898
2806	2812	2823
2823	2958	2806
2823	2948	2958
2808	2896	2828
2896	2927	2828
2896	2941	2927
2941	3010	2927
3010	3150	2927
3010	3160	3150
2811	3016	3012
3016	3110	3012
3016	3188	3110
3188	3387	3110
3188	3438	3387
3188	3251	3438
3251	3424	3438
3424	3506	3438
3424	3537	3506
3537	3664	3506
3664	3676	3506
3664	3732	3676
2820	2895	2885
2895	2966	2885
2966	2972	2885
2895	2964	2966
2964	3059	2966
3059	3103	2966
3059	3178	3103
3059	3044	3178
3059	2964	3044
2852	2906	2955
2955	2959	2852
2853	2876	2930
2862	3005	2938
3005	3087	2938
3087	3058	2938
3058	2951	2938
3058	2977	2951
3058	3049	2977
3049	2978	2977
3058	3165	3049
3058	3177	3165
3058	3147	3177
3147	3213	3177
3147	3142	3213
3142	3252	3213
3142	3170	3252
3142	3082	3170
3142	3005	3082
3005	3038	3082
3005	2979	3038
3005	2862	2979
3142	3087	3005
3142	3147	3087
3147	3058	3087
2866	2907	2917
2917	2888	2866
2917	3035	2888
3035	2974	2888
2868	2912	2947
2883	2929	2960
2929	3036	2960
2929	2870	3036
2889	2931	2961
2961	3094	2889
2910	2922	2942
2939	3092	3088
3092	3199	3088
2946	3085	3104
3085	3201	3104
3201	3171	3104
3171	2912	3104
2912	2946	3104
3085	3218	3201
2973	2975	3091
2975	2985	3091
2985	3052	3091
2985	2990	3052
3091	3076	2973
3076	2993	2973
3076	2987	2993
2980	3039	3004
2980	2965	3039
2965	2992	3039
2983	3139	3028
2983	3017	3139
2983	2974	3017
2995	3143	3061
3143	3153	3061
3143	3291	3153
3143	3345	3291
3143	3329	3345
3143	3250	3329
3250	3344	3329
3344	3420	3329
3250	3206	3344
3206	3267	3344
3267	3297	3344
3267	3180	3297
3180	3403	3297
3180	3309	3403
3309	3368	3403
3368	3527	3403
3527	3590	3403
3590	3569	3403
3527	3612	3590
3527	3547	3612
3547	3638	3612
3547	3526	3638
3526	3639	3638
3526	3507	3639
3507	3631	3639
3631	3703	3639
3631	3593	3703
3593	3568	3703
3568	3711	3703
3593	3522	3568
3522	3501	3568
3593	3508	3522
3593	3507	3508
3507	3389	3508
3507	3526	3389
3526	3302	3389
3526	3547	3302
3593	3631	3507
3368	3305	3527
3368	3309	3305
3309	3136	3305
3309	3180	3136
3180	3108	3136
3108	3056	3136
3108	3018	3056
3018	3037	3056
3018	3004	3037
3018	2931	3004
3250	3143	3206
3143	2995	3206
3019	3271	3208
3271	3260	3208
3260	3263	3208
3263	3113	3208
3263	3144	3113
3263	3280	3144
3019	3163	3271
3019	3000	3163
3026	3041	3133
3041	3078	3133
3133	3197	3026
3197	3205	3026
3205	3194	3026
3194	3035	3026
3197	3316	3205
3316	3336	3205
3031	3167	3159
3159	3122	3031
3043	3130	3051
3050	3175	3068
3175	3131	3068
3064	3191	3096
3096	3030	3064
3191	3253	3096
3253	3244	3096
3244	3229	3096
3244	3259	3229
3244	3253	3259
3191	3323	3253
3191	3257	3323
3191	3233	3257
3233	3354	3257
3191	3064	3233
3069	3105	3075
3075	2923	3069
3075	3070	2923
3100	3125	3149
3149	3255	3100
3149	3325	3255
3126	3308	3295
3308	3352	3295
3137	3324	3279
3279	3105	3137
3324	3355	3279
3324	3497	3355
3324	3332	3497
3332	3409	3497
3332	3334	3409
3334	3287	3409
3287	3471	3409
3287	3215	3471
3334	3137	3287
3334	3332	3137
3332	3324	3137
3168	3333	3342
3333	3535	3342
3333	3411	3535
3179	3327	3195
3183	3301	3312
3202	3314	3293
3210	3237	3220
3214	3373	3363
3363	3294	3214
3363	3383	3294
3383	3446	3294
3446	3429	3294
3446	3672	3429
3672	3532	3429
3446	3564	3672
3446	3536	3564
3536	3556	3564
3536	3408	3556
3536	3363	3408
3363	3373	3408
3373	3402	3408
3536	3383	3363
3536	3446	3383
3221	3391	3375
3221	3283	3391
3283	3447	3391
3283	3343	3447
3343	3417	3447
3417	3463	3447
3417	3511	3463
3417	3427	3511
3343	3234	3417
3234	3254	3417
3234	3243	3254
3343	3256	3234
3256	3199	3234
3256	3283	3199
3256	3343	3283
3228	3275	3299
3275	3440	3299
3230	3347	3281
3347	3374	3281
3374	3414	3281
3414	3376	3281
3376	3264	3281
3414	3397	3376
3414	3499	3397
3499	3585	3397
3499	3561	3585
3561	3661	3585
3661	3738	3585
3738	3629	3585
3738	3741	3629
3741	3766	3629
3741	3779	3766
3661	3704	3738
3704	3793	3738
3661	3632	3704
3661	3561	3632
3561	3500	3632
3500	3558	3632
3561	3499	3500
3499	3414	3500
3414	3398	3500
3414	3374	3398
3374	3347	3398
3231	3273	3360
3273	3378	3360
3273	3278	3378
3360	3317	3231
3235	3407	3241
3407	3249	3241
3407	3458	3249
3407	3481	3458
3407	3443	3481
3443	3584	3481
3584	3637	3481
3407	3372	3443
3407	3235	3372
3261	3479	3339
3339	3163	3261
3479	3505	3339
3269	3284	3310
3269	3258	3284
3284	3452	3310
3292	3396	3300
3396	3384	3300
3292	3259	3396
3303	3394	3423
3306	3433	3381
3433	3502	3381
3433	3450	3502
3450	3616	3502
3450	3386	3616
3450	3306	3386
3450	3433	3306
3322	3461	3388
3337	3487	3399
3351	3512	3445
3359	3472	3434
3362	3390	3492
3390	3464	3492
3464	3578	3492
3578	3681	3492
3681	3653	3492
3653	3538	3492
3538	3362	3492
3653	3542	3538
3653	3625	3542
3625	3487	3542
3625	3577	3487
3625	3789	3577
3653	3808	3625
3653	3681	3808
3578	3716	3681
3578	3682	3716
3682	3794	3716
3390	3387	3464
3379	3627	3430
3393	3474	3449
3400	3473	3428
3473	3572	3428
3473	3513	3572
3473	3495	3513
3404	3494	3405
3404	3484	3494
3484	3571	3494
3484	3576	3571
3576	3721	3571
3484	3562	3576
3404	3327	3484
3406	3519	3410
3421	3509	3491
3421	3375	3509
3509	3728	3491
3728	3566	3491
3728	3725	3566
3454	3609	3586
3609	3606	3586
3606	3765	3586
3765	3747	3586
3765	3844	3747
3606	3674	3765
3606	3609	3674
3586	3517	3454
3455	3567	3560
3567	3695	3560
3695	3615	3560
3615	3490	3560
3490	3460	3560
3695	3743	3615
3743	3658	3615
3743	3784	3658
3743	3879	3784
3879	3890	3784
3743	3775	3879
3743	3695	3775
3567	3595	3695
3456	3657	3475
3657	3635	3475
3459	3541	3554
3541	3650	3554
3650	3579	3554
3579	3489	3554
3489	3459	3554
3476	3503	3573
3503	3605	3573
3605	3691	3573
3605	3698	3691
3605	3707	3698
3707	3706	3698
3605	3525	3707
3605	3452	3525
3486	3515	3591
3486	3345	3515
3515	3668	3591
3591	3671	3486
3591	3817	3671
3817	3756	3671
3817	3969	3756
3969	3762	3756
3969	4001	3762
4001	3926	3762
3926	3798	3762
3798	3709	3762
3926	3944	3798
3926	4050	3944
4050	3961	3944
3961	3863	3944
3961	4075	3863
3961	4135	4075
4135	4174	4075
3961	4050	4135
4050	4154	4135
4154	4248	4135
4154	4152	4248
4154	4050	4152
4001	3989	3926
3969	4040	4001
3969	3891	4040
3969	3817	3891
3524	3640	3603
3640	3718	3603
3718	3683	3603
3683	3679	3603
3683	3834	3679
3683	3718	3834
3528	3647	3626
3534	3644	3667
3540	3726	3553
3553	3495	3540
3495	3340	3540
3726	3754	3553
3726	3922	3754
3540	3549	3726
3549	3828	3726
3545	3574	3727
3574	3696	3727
3696	3809	3727
3809	3729	3727
3696	3877	3809
3574	3685	3696
3574	3548	3685
3727	3556	3545
3551	3583	3771
3559	3648	3600
3600	3396	3559
3648	3619	3600
3648	3663	3619
3663	3568	3619
3582	3598	3724
3598	3673	3724
3673	3733	3724
3587	3742	3730
3618	3719	3636
3641	3818	3838
3666	3836	3797
3675	3799	3929
3678	3712	3783
3712	3885	3783
3783	3668	3678
3680	3687	3761
3761	3757	3680
3761	3899	3757
3761	3939	3899
3761	3945	3939
3945	4094	3939
3945	3990	4094
3990	4012	4094
3990	3930	4012
3930	3800	4012
3930	3761	3800
3930	3945	3761
3930	3990	3945
3710	3860	3753
3860	3904	3753
3860	3932	3904
3860	3977	3932
3860	3908	3977
3731	3777	3827
3731	3657	3777
3777	3820	3827
3777	3814	3820
3814	4018	3820
3814	4082	4018
3827	3869	3731
3734	3801	3931
3801	3959	3931
3959	3993	3931
3993	3927	3931
3927	3821	3931
3993	3985	3927
3985	4015	3927
3985	4148	4015
3985	3993	4148
3801	3915	3959
3915	3953	3959
3736	3810	3829
3746	3832	3837
3832	3878	3837
3878	3819	3837
3819	3746	3837
3760	3840	3861
3861	3803	3760
3861	3934	3803
3760	3773	3840
3760	3730	3773
3763	3996	3950
3764	3897	3795
3778	3868	3938
3780	3849	3822
3780	3787	3849
3785	3858	3976
3976	3913	3785
3976	3936	3913
3936	3918	3913
3936	3882	3918
3807	3895	3916
3895	3979	3916
3916	4017	3807
3916	4051	4017
4051	4059	4017
3811	3889	3866
3889	3963	3866
3889	3973	3963
3973	4120	3963
3815	3871	3943
3843	3942	3881
3942	3962	3881
3942	3958	3962
3845	3955	3907
3955	3948	3907
3854	3898	3874
3898	4070	3874
4070	4068	3874
4068	3978	3874
4068	4076	3978
4076	4003	3978
4076	4062	4003
4070	4127	4068
4070	4060	4127
4060	4158	4127
4060	4184	4158
4184	4218	4158
4184	4215	4218
4215	4275	4218
4215	4213	4275
4060	4097	4184
4060	3988	4097
3988	4038	4097
4060	4070	3988
4070	3898	3988
3857	4010	3894
4010	3951	3894
3951	3887	3894
3951	3992	3887
3951	4092	3992
3951	4010	4092
4010	4108	4092
4108	4259	4092
4010	4011	4108
4010	3857	4011
3865	3940	3935
3880	3919	3883
3919	3964	3883
3893	4034	3995
3893	4000	4034
4000	4087	4034
4087	4137	4034
4137	4085	4034
4085	3995	4034
4137	4296	4085
4296	4202	4085
3900	3998	4004
3901	3928	3952
3952	3897	3901
3902	4022	3925
4022	3905	3925
4022	4039	3905
4039	3960	3905
4039	4063	3960
4063	4025	3960
4039	4105	4063
4105	4151	4063
4039	4022	4105
4022	4062	4105
4022	3902	4062
3921	4121	4028
4121	4115	4028
4121	4236	4115
4121	4272	4236
3933	4024	3981
3941	3956	4035
3956	4066	4035
4066	4096	4035
3980	4021	4043
3980	4042	4021
4042	4126	4021
4042	4047	4126
4047	4176	4126
4047	4033	4176
4033	4157	4176
4157	4217	4176
4157	4232	4217
3980	3934	4042
4008	4140	4048
4008	4101	4140
4101	4268	4140
4101	4262	4268
4101	4179	4262
4179	4359	4262
4140	4081	4048
4013	4149	4153
4014	4200	4129
4129	3940	4014
4200	4249	4129
4014	4118	4200
4019	4124	4104
4124	4247	4104
4124	4304	4247
4304	4312	4247
4312	4283	4247
4304	4352	4312
4352	4471	4312
4304	4348	4352
4019	4113	4124
4020	4079	4171
4079	4187	4171
4079	4125	4187
4023	4080	4123
4123	4196	4023
4196	4240	4023
4240	4138	4023
4026	4116	4147
4147	4190	4026
4190	4072	4026
4147	4295	4190
4295	4291	4190
4291	4311	4190
4291	4370	4311
4291	4295	4370
4032	4180	4197
4180	4332	4197
4180	4347	4332
4180	4300	4347
4045	4109	4192
4109	4145	4192
4192	4207	4045
4049	4170	4119
4170	4175	4119
4054	4172	4155
4172	4216	4155
4216	4213	4155
4213	4097	4155
4216	4361	4213
4058	4167	4164
4058	4230	4167
4167	4195	4164
4164	3996	4058
4065	4193	4205
4073	4088	4252
4073	3897	4088
4091	4203	4199
4091	4207	4203
4199	4166	4091
4199	4239	4166
4239	4222	4166
4239	4235	4222
4239	4345	4235
4345	4324	4235
4099	4160	4211
4160	4306	4211
4306	4297	4211
4306	4366	4297
4366	4343	4297
4160	4263	4306
4117	4128	4269
4269	4244	4117
4244	4107	4117
4133	4206	4251
4163	4245	4334
4245	4351	4334
4245	4354	4351
4188	4266	4323
4266	4425	4323
4266	4452	4425
4266	4378	4452
4194	4279	4250
4250	4094	4194
4225	4371	4261
4371	4394	4261
4371	4414	4394
4414	4499	4394
4499	4522	4394
4522	4427	4394
4522	4556	4427
4499	4610	4522
4499	4568	4610
4568	4693	4610
4693	4692	4610
4693	4708	4692
4499	4414	4568
4414	4549	4568
4227	4280	4320
4280	4386	4320
4280	4248	4386
4320	4355	4227
4355	4174	4227
4355	4272	4174
4233	4451	4317
4451	4322	4317
4276	4282	4318
4318	4378	4276
4282	4322	4318
4281	4316	4373
4316	4430	4373
4316	4341	4430
4284	4287	4357
4287	4356	4357
4288	4353	4384
4299	4307	4337
4307	4382	4337
4382	4407	4337
4407	4321	4337
4382	4501	4407
4382	4419	4501
4419	4519	4501
4419	4477	4519
4477	4561	4519
4477	4485	4561
4477	4424	4485
4477	4419	4424
4419	4335	4424
4419	4382	4335
4382	4307	4335
4305	4381	4310
4310	4230	4305
4333	4468	4473
4333	4503	4468
4338	4417	4363
4340	4342	4387
4360	4412	4385
4415	4535	4469
4449	4510	4534
4510	4559	4534
4559	4586	4534
4559	4658	4586
4459	4548	4523
4489	4593	4587
4489	4614	4593
4593	4703	4587
4703	4625	4587
4625	4536	4587
4536	4489	4587
4625	4564	4536
4515	4612	4623
4515	4555	4612
4520	4608	4643
4643	4685	4520
4608	4773	4643
4537	4629	4719
4629	4726	4719
4726	4809	4719
4809	4820	4719
4629	4661	4726
4585	4731	4616
4585	4722	4731
4667	4774	4789
4672	4701	4711
4681	4772	4702
4772	4807	4702
4772	4839	4807
4709	4717	4746
4746	4795	4709
4729	4787	4830
4830	4703	4729
4782	4814	4805
4805	4857	4782
4814	4856	4805
4826	4882	4838
4853	4953	4891
9	17	12
9	28	17
76	97	171
136	99	112
136	135	99
37	67	65
185	305	195
305	302	195
185	206	305
321	380	284
829	843	766
798	791	843
1033	1197	1064
1197	1200	1064
812	820	868
1422	1265	1227
1359	1608	1422
841	924	1034
675	959	836
675	811	959
811	911	959
675	669	811
1285	1394	1097
1394	1052	1097
1052	992	1097
1394	1162	1052
1394	1412	1162
1412	1474	1162
566	742	720
693	744	621
744	653	621
693	797	744
1429	1750	1560
1750	1678	1560
1750	1706	1678
1750	1820	1706
1820	1910	1706
1910	1770	1706
1750	1825	1820
1750	1358	1825
1358	1799	1825
1358	1693	1799
1750	1429	1358
1786	1914	1743
1886	1983	1786
1886	2111	1983
1886	2003	2111
2003	2156	2111
2532	2735	2664
2532	2819	2735
2532	2636	2819
2636	2825	2819
2825	2995	2819
2995	3061	2819
2636	2803	2825
2636	2551	2803
2551	2889	2803
2551	2931	2889
2551	2552	2931
2552	2763	2931
2763	3004	2931
2763	2980	3004
2763	2765	2980
2532	2536	2636
2451	2526	2252
2456	2657	2470
2657	2741	2470
2741	2763	2470
2462	2638	2653
1470	1402	1614
1402	1349	1614
1354	1057	1234
1354	1342	1057
1342	1169	1057
1169	1104	1057
1378	1444	1305
1048	1144	1014
63	40	71
40	28	71
28	49	71
189	258	285
525	564	628
525	543	564
632	748	762
632	605	748
605	599	748
599	678	748
599	598	678
150	183	141
150	210	183
261	297	237
261	325	297
208	251	261
251	314	261
314	324	261
377	330	325
377	398	330
26	22	64
159	224	138
394	427	254
427	256	254
256	234	254
427	322	256
391	540	505
540	611	505
611	689	505
391	415	540
397	358	334
271	162	272
535	567	508
597	649	544
648	905	695
648	660	905
770	974	768
770	1043	974
963	890	997
1177	1068	1319
1068	1293	1319
1068	1216	1293
1177	1103	1068
1160	1130	1051
842	936	922
804	749	821
1164	1457	1312
1457	1424	1312
1424	1454	1312
1164	1490	1457
1083	1107	960
1083	1171	1107
1171	1282	1107
1269	1558	1246
1269	1536	1558
1115	1219	1139
1109	886	1115
1279	1417	1248
1501	1822	1747
1501	1525	1822
1525	1824	1822
1415	1478	1512
1323	1266	1415
1210	971	1241
971	990	1241
1258	1135	1221
1593	1636	1460
1636	1497	1460
1497	1351	1460
1636	1571	1497
1571	1466	1497
1571	1625	1466
1625	1346	1466
1625	1341	1346
1625	1536	1341
1625	1677	1536
1636	1782	1571
1636	1917	1782
1636	1953	1917
1642	1472	1781
1339	1401	1322
2329	2197	2295
2329	2203	2197
2452	2501	2329
2452	2624	2501
1317	1552	1570
1439	1528	1584
1682	1863	1558
1682	1903	1863
1653	1776	1644
2116	2176	2126
1576	1608	1783
1608	1804	1783
1774	1784	1691
1784	1493	1691
1784	1772	1493
1772	1438	1493
1772	1761	1438
1694	1566	1655
1655	1787	1834
1787	2013	1834
1787	1922	2013
1922	2151	2013
1922	2178	2151
1655	1530	1787
1912	2069	1945
2281	2310	2493
2310	2637	2493
1952	1748	1853
2373	2623	2409
2623	2632	2409
2373	2300	2623
2300	2616	2623
2300	2405	2616
2300	2231	2405
1866	1789	2053
2032	1999	1898
2032	2097	1999
2097	2368	1999
2368	2265	1999
2121	2190	1958
2121	2205	2190
2433	2475	2468
2306	2359	2059
2359	2085	2059
2392	2542	2315
2392	2660	2542
2392	2513	2660
2513	2732	2660
2513	2672	2732
2588	2624	2654
2560	2766	2585
2766	2641	2585
3032	2863	3045
2863	2887	3045
2887	3128	3045
2887	3249	3128
2887	2960	3249
2960	3241	3249
2960	3235	3241
2887	2883	2960
2887	2782	2883
2782	2655	2883
2655	2695	2883
2695	2870	2883
2870	2929	2883
3032	2756	2863
2756	2774	2863
2756	2665	2774
3032	2915	2756
2396	2596	2424
2596	2673	2424
2673	2780	2424
2421	2316	2378
2424	2524	2421
2618	2788	2491
2881	2970	2861
2800	2814	2614
2814	2397	2614
2814	2790	2397
2804	3014	2773
3014	2939	2773
3014	3092	2939
2804	2880	3014
2822	2658	2842
2858	2937	2780
3034	2999	2937
2999	2902	2937
3034	3152	2999
3034	3224	3152
3025	2816	2905
3025	3016	2816
3016	2726	2816
3016	2811	2726
3268	3424	3251
3920	3790	4036
3920	3794	3790
5237	5231	5208
5231	5216	5208
5095	5011	4994
5095	5083	5011
4998	4972	5083
4642	4471	4574
4642	4412	4471
4642	4552	4412
4552	4385	4412
4861	4939	4802
4937	4857	4856
4857	4805	4856
4937	4870	4857
4937	4980	4870
4889	4898	4810
4898	4813	4810
4813	4776	4810
4889	5004	4898
5004	4908	4898
5004	4958	4908
5004	5040	4958
5040	4989	4958
5040	5097	4989
4645	4664	4578
4645	4793	4664
4645	4780	4793
4571	4527	4524
4527	4364	4524
4527	4434	4364
4006	3932	3977
4391	4192	4327
4192	4145	4327
4391	4207	4192
4391	4404	4207
4404	4203	4207
4404	4436	4203
4436	4239	4203
4239	4199	4203
4436	4345	4239
4404	4445	4436
4605	4617	4518
3911	4007	4103
3637	3584	3740
3442	3348	3588
3442	3319	3348
3416	3240	3480
3416	3330	3240
3330	3175	3240
3592	3745	3589
4224	4411	4234
4224	4242	4411
4601	4525	4531
4867	4837	4845
5038	5060	4912
5038	5071	5060
4967	4884	4951
5014	4924	4894
5014	5049	4924
5087	5177	5049
5087	5156	5177
4934	5020	4913
4934	5009	5020
4934	4941	5009
5005	5088	4978
5133	5128	5165
4768	4721	4662
4768	4874	4721
4768	4888	4874
4768	4827	4888
4827	4899	4888
4899	4947	4888
4947	4973	4888
4947	5030	4973
4947	4969	5030
4827	4849	4899
4768	4769	4827
4775	4735	4849
4735	4896	4849
4735	4771	4896
4771	4922	4896
4771	4801	4922
4779	4873	4791
4647	4576	4698
4598	4374	4511
3365	3635	3371
3365	3475	3635
3307	3047	3365
2940	2764	2847
3007	2846	2893
2846	2792	2893
3192	2967	3246
2967	3071	3246
3192	3046	2967
3124	3400	3246
3124	3151	3400
3151	3340	3400
3340	3473	3400
3340	3495	3473
3132	2874	3029
2874	2903	3029
3132	2909	2874
3132	3077	2909
2791	2918	2735
3184	3013	2994
3184	3219	3013
3219	3320	3013
2890	3111	3024
3111	3176	3024
3543	3655	3713
3655	3863	3713
3863	3806	3713
3863	3921	3806
3109	2969	3072
2958	2752	2806
2808	2941	2896
3110	3042	3012
3110	3337	3042
3337	3106	3042
3110	3362	3337
3110	3390	3362
2912	3171	2947
2910	2815	2922
2815	2844	2922
3091	3318	3076
3318	3373	3076
3373	3214	3076
3318	3377	3373
3547	3305	3302
3547	3527	3305
3167	3227	3159
3167	3207	3227
3207	3469	3227
3469	3479	3227
3479	3261	3227
3469	3690	3479
3690	3602	3479
3207	3462	3469
3167	3174	3207
3257	3354	3323
3070	2834	2923
2834	2750	2923
3497	3580	3355
3497	3613	3580
3471	3566	3409
3535	3386	3342
3386	3138	3342
3138	3168	3342
3386	3306	3138
3535	3623	3386
3623	3616	3386
3535	3670	3623
3535	3788	3670
3535	3789	3788
3535	3577	3789
3417	3254	3427
3264	3141	3281
3443	3477	3584
3443	3372	3477
3502	3352	3381
3728	3802	3725
3456	3777	3657
3456	3814	3777
3456	3771	3814
3771	3826	3814
3826	4082	3814
3826	3866	4082
3826	3771	3866
3456	3551	3771
3456	3415	3551
3415	3583	3551
4248	4280	4135
3809	4032	3729
4032	3968	3729
3968	3917	3729
3931	3656	3734
3656	3608	3734
3897	4073	3795
3883	3742	3880
4137	4399	4296
4283	4286	4247
4088	4367	4252
4306	4263	4366
4323	3967	4188
4451	4585	4322
4585	4318	4322
4585	4616	4318
4616	4378	4318
4485	4656	4561
4656	4682	4561
4333	4328	4503
