242.763332 180.581908 52.833244 255 0 0
252.497892 168.438472 56.681447 255 0 0
263.399590 157.418557 60.300809 255 0 0
275.468426 147.522163 63.691330 255 0 0
288.704400 138.749291 66.853010 255 0 0
303.107513 131.099939 69.785849 255 0 0
318.677764 124.574108 72.489847 255 0 0
335.415153 119.171799 74.965004 255 0 0
353.319680 114.893010 77.211320 0 255 0
337.966653 118.652655 90.707329 0 255 0
323.931224 123.680658 103.944997 0 255 0
311.213395 129.977019 116.924322 0 255 0
299.813164 137.541740 129.645306 0 255 0
289.730532 146.374819 142.107948 0 255 0
280.965498 156.476257 154.312248 0 255 0
273.518064 167.846053 166.258206 0 255 0
267.388228 180.484208 177.945822 0 255 0
