3.062590993117414655e+02 1.981257012137522793e+02 1.709083875756867315e+02
2.941977625216958359e+02 1.794996141675069339e+02 1.602549135523292989e+02
2.843912739382645896e+02 1.645713999838665700e+02 1.634384567799624506e+02
2.704096107653017498e+02 1.455136190206329445e+02 1.492131607469541450e+02
2.601570771050120356e+02 1.262305109236425267e+02 1.387097924122726909e+02
2.575858506185870169e+02 1.086741945285515385e+02 1.424937625088983850e+02
2.575729294514895287e+02 7.946094606863994159e+01 1.140715441494324978e+02
2.717465430099983337e+02 8.207520113389108474e+01 7.883191952581353235e+01
2.777681478960751065e+02 9.668437394903659765e+01 7.021556592872900637e+01
2.767775052342768731e+02 1.160991016060441154e+02 6.784224895687862045e+01
2.826876033931863503e+02 1.296195534506327363e+02 5.580418041024859122e+01
2.886534546419802609e+02 1.436843631081754893e+02 4.547696093960746566e+01
2.981811921123900220e+02 1.558907608456269713e+02 3.373910651318828968e+01
