27.390032 34.020632 10.000000 255 0 0
27.616324 33.977717 9.187500 255 0 0
27.924746 33.857041 8.375000 255 0 0
28.315297 33.658603 7.562500 255 0 0
28.787978 33.382405 6.750000 255 0 0
29.342789 33.028445 5.937500 255 0 0
29.979730 32.596725 5.125000 255 0 0
30.698800 32.087243 4.312500 255 0 0
31.500000 31.500000 3.500000 0 255 0
31.263718 30.535144 4.312500 0 255 0
31.040367 29.682649 5.125000 0 255 0
30.829947 28.942515 5.937500 0 255 0
30.632458 28.314740 6.750000 0 255 0
30.447900 27.799327 7.562500 0 255 0
30.276273 27.396273 8.375000 0 255 0
30.117577 27.105580 9.187500 0 255 0
29.971813 26.927247 10.000000 0 255 0
