1	2	6
1	24	2
24	7	2
7	17	2
17	3	2
17	6	3
17	91	6
91	9	6
9	1	6
9	19	1
19	4	1
4	12	1
12	24	1
12	31	24
31	58	24
31	48	58
48	80	58
80	75	58
75	30	58
75	86	30
86	59	30
59	25	30
25	22	30
25	23	22
23	11	22
11	13	22
11	15	13
15	18	13
18	14	13
15	10	18
10	16	18
16	34	18
16	27	34
27	29	34
29	85	34
29	106	85
106	135	85
29	133	106
29	107	133
107	176	133
107	121	176
121	113	176
113	143	176
143	290	176
143	154	290
143	134	154
134	104	154
104	141	154
141	256	154
141	221	256
221	280	256
280	296	256
296	330	256
141	122	221
122	118	221
118	204	221
204	216	221
216	271	221
216	232	271
232	345	271
345	362	271
232	318	345
318	401	345
318	356	401
356	404	401
404	431	401
431	497	401
497	529	401
497	517	529
517	586	529
586	545	529
545	500	529
545	608	500
608	540	500
540	506	500
506	434	500
506	374	434
506	457	374
506	486	457
486	488	457
488	330	457
488	451	330
451	302	330
302	290	330
451	331	302
451	436	331
436	365	331
436	408	365
436	466	408
466	453	408
453	347	408
453	485	347
453	519	485
519	581	485
519	587	581
587	701	581
701	648	581
648	629	581
648	688	629
688	741	629
688	743	741
743	933	741
743	868	933
743	854	868
743	736	854
736	845	854
845	873	854
845	932	873
845	896	932
896	944	932
896	993	944
993	1012	944
896	959	993
959	1045	993
1045	1081	993
1081	1110	993
1110	1127	993
1127	1159	993
1159	1157	993
1127	1242	1159
1127	1211	1242
1211	1257	1242
1257	1324	1242
1324	1375	1242
1375	1368	1242
1375	1507	1368
1507	1447	1368
1375	1533	1507
1533	1555	1507
1555	1628	1507
1555	1677	1628
1677	1696	1628
1696	1664	1628
1664	1578	1628
1664	1654	1578
1654	1592	1578
1592	1511	1578
1592	1551	1511
1551	1463	1511
1463	1416	1511
1416	1419	1511
1463	1383	1416
1383	1358	1416
1358	1320	1416
1358	1281	1320
1281	1296	1320
1281	1134	1296
1134	1175	1296
1281	1179	1134
1281	1259	1179
1259	1171	1179
1171	1052	1179
1171	1145	1052
1145	1047	1052
1047	1040	1052
1040	1013	1052
1013	1022	1052
1013	933	1022
933	996	1022
1040	912	1013
912	816	1013
1040	1047	912
1047	1042	912
1047	1088	1042
1088	1039	1042
1039	1005	1042
1039	970	1005
970	943	1005
943	904	1005
943	929	904
943	960	929
960	846	929
846	839	929
846	791	839
791	758	839
791	719	758
719	689	758
689	750	758
750	785	758
750	725	785
725	724	785
724	679	785
679	669	785
669	667	785
667	796	785
669	585	667
669	591	585
669	665	591
669	679	665
724	704	679
724	725	704
725	750	704
750	689	704
689	613	704
689	645	613
645	614	613
614	566	613
566	563	613
563	561	613
563	498	561
498	477	561
498	372	477
372	360	477
372	359	360
359	339	360
372	361	359
372	373	361
372	448	373
448	402	373
402	348	373
402	378	348
378	358	348
358	309	348
358	410	309
410	299	309
299	253	309
253	184	309
253	215	184
215	177	184
177	119	184
119	178	184
178	207	184
178	205	207
178	164	205
164	231	205
178	124	164
178	100	124
100	51	124
100	54	51
54	46	51
46	31	51
46	48	31
46	120	48
120	80	48
120	139	80
139	103	80
103	75	80
103	99	75
99	86	75
99	130	86
130	96	86
96	59	86
96	72	59
72	56	59
56	25	59
56	32	25
32	23	25
32	35	23
35	26	23
26	11	23
26	10	11
10	15	11
26	16	10
26	33	16
33	27	16
33	37	27
37	39	27
39	44	27
44	29	27
44	107	29
44	121	107
44	113	121
44	47	113
47	114	113
114	143	113
114	105	143
105	134	143
105	104	134
105	63	104
63	81	104
81	141	104
81	122	141
81	90	122
90	118	122
90	83	118
83	61	118
61	67	118
67	73	118
73	111	118
111	161	118
161	182	118
182	204	118
182	216	204
182	232	216
182	213	232
213	206	232
206	247	232
247	318	232
247	314	318
314	356	318
314	398	356
398	404	356
398	431	404
398	504	431
504	517	431
517	497	431
398	421	504
421	458	504
458	499	504
458	513	499
458	489	513
489	577	513
577	631	513
577	593	631
593	666	631
666	726	631
666	776	726
776	767	726
767	793	726
793	668	726
793	693	668
693	646	668
646	504	668
693	637	646
637	586	646
586	517	646
637	608	586
608	545	586
637	685	608
685	540	608
685	683	540
683	652	540
652	486	540
486	506	540
652	630	486
652	697	630
652	683	697
683	784	697
683	820	784
820	837	784
820	898	837
898	927	837
927	959	837
959	896	837
896	802	837
802	772	837
802	730	772
730	701	772
730	680	701
680	648	701
680	688	648
680	743	688
680	736	743
680	730	736
730	802	736
802	845	736
802	896	845
927	964	959
964	1034	959
1034	1045	959
1034	1081	1045
1034	1100	1081
1100	1128	1081
1128	1110	1081
1128	1170	1110
1170	1127	1110
1170	1211	1127
1170	1172	1211
1172	1236	1211
1236	1257	1211
1236	1294	1257
1294	1318	1257
1318	1324	1257
1318	1372	1324
1372	1375	1324
1372	1399	1375
1399	1533	1375
1399	1524	1533
1524	1591	1533
1591	1555	1533
1591	1677	1555
1591	1689	1677
1689	1755	1677
1755	1748	1677
1748	1696	1677
1748	1730	1696
1730	1704	1696
1704	1664	1696
1704	1691	1664
1691	1654	1664
1691	1692	1654
1692	1669	1654
1669	1592	1654
1669	1560	1592
1560	1551	1592
1669	1619	1560
1691	1764	1692
1764	1802	1692
1802	1874	1692
1802	1857	1874
1802	1836	1857
1836	1913	1857
1913	2043	1857
1913	2062	2043
2062	2085	2043
2085	2224	2043
2224	2116	2043
2116	2047	2043
2085	2181	2224
2181	2262	2224
2262	2303	2224
2262	2495	2303
2262	2501	2495
2501	2610	2495
2501	2675	2610
2675	2767	2610
2767	2787	2610
2767	2847	2787
2767	2816	2847
2816	2966	2847
2767	2792	2816
2767	2675	2792
2675	2666	2792
2262	2317	2501
2262	2271	2317
2271	2415	2317
2271	2309	2415
2309	2348	2415
2348	2395	2415
2395	2540	2415
2348	2368	2395
2368	2482	2395
2262	2181	2271
2085	2095	2181
2085	2062	2095
1836	1868	1913
1868	1890	1913
1868	1816	1890
1816	1851	1890
1851	1930	1890
1930	1943	1890
1930	1934	1943
1930	1851	1934
1851	1976	1934
1851	1823	1976
1851	1808	1823
1808	1757	1823
1757	1687	1823
1687	1710	1823
1687	1650	1710
1650	1653	1710
1653	1772	1710
1653	1727	1772
1653	1620	1727
1620	1621	1727
1621	1649	1727
1649	1825	1727
1649	1622	1825
1649	1541	1622
1541	1608	1622
1608	1676	1622
1541	1537	1608
1649	1621	1541
1621	1500	1541
1500	1429	1541
1429	1414	1541
1429	1394	1414
1394	1316	1414
1316	1411	1414
1394	1292	1316
1292	1240	1316
1240	1347	1316
1240	1286	1347
1286	1387	1347
1240	1208	1286
1208	1155	1286
1208	1148	1155
1148	1144	1155
1144	1207	1155
1144	1083	1207
1144	1082	1083
1082	1001	1083
1001	1014	1083
1001	916	1014
1001	915	916
915	874	916
915	847	874
847	804	874
804	800	874
800	825	874
825	830	874
825	760	830
760	803	830
760	727	803
760	731	727
731	670	727
731	712	670
760	804	731
804	847	731
847	877	731
847	915	877
915	1011	877
1011	972	877
1011	1032	972
1032	950	972
1011	1069	1032
1069	1108	1032
1108	1087	1032
1108	1158	1087
1158	1094	1087
1158	1167	1094
1167	1184	1094
1184	1114	1094
1114	1057	1094
1114	1010	1057
1010	907	1057
907	866	1057
907	801	866
801	775	866
775	859	866
775	776	859
775	767	776
775	793	767
775	801	793
801	907	793
907	906	793
907	1010	906
1114	1048	1010
1114	1156	1048
1156	1128	1048
1128	1100	1048
1100	1034	1048
1034	964	1048
964	957	1048
964	898	957
898	855	957
898	820	855
820	799	855
799	754	855
799	713	754
713	685	754
685	637	754
637	693	754
713	683	685
713	799	683
799	820	683
964	927	898
1156	1172	1128
1172	1170	1128
1156	1195	1172
1195	1236	1172
1195	1182	1236
1182	1184	1236
1184	1284	1236
1284	1294	1236
1284	1360	1294
1360	1355	1294
1355	1318	1294
1355	1372	1318
1355	1415	1372
1415	1399	1372
1415	1524	1399
1415	1489	1524
1489	1559	1524
1559	1687	1524
1687	1591	1524
1687	1689	1591
1687	1757	1689
1757	1755	1689
1757	1808	1755
1808	1770	1755
1770	1748	1755
1770	1816	1748
1816	1730	1748
1816	1784	1730
1784	1764	1730
1764	1691	1730
1691	1704	1730
1784	1836	1764
1836	1802	1764
1784	1868	1836
1784	1816	1868
1770	1851	1816
1770	1808	1851
1559	1650	1687
1559	1534	1650
1534	1653	1650
1534	1620	1653
1534	1500	1620
1500	1621	1620
1534	1481	1500
1481	1429	1500
1481	1362	1429
1362	1336	1429
1336	1394	1429
1336	1292	1394
1336	1238	1292
1238	1198	1292
1198	1240	1292
1198	1208	1240
1198	1133	1208
1133	1148	1208
1133	1086	1148
1133	1108	1086
1108	1069	1086
1069	1011	1086
1011	1001	1086
1011	915	1001
1133	1216	1108
1216	1228	1108
1228	1158	1108
1228	1188	1158
1188	1167	1158
1188	1184	1167
1188	1284	1184
1188	1228	1284
1228	1362	1284
1362	1360	1284
1362	1386	1360
1386	1427	1360
1427	1391	1360
1391	1355	1360
1391	1415	1355
1391	1427	1415
1427	1458	1415
1458	1489	1415
1458	1499	1489
1499	1534	1489
1534	1559	1489
1499	1481	1534
1499	1386	1481
1386	1362	1481
1499	1427	1386
1499	1458	1427
1228	1238	1362
1238	1336	1362
1228	1216	1238
1216	1198	1238
1216	1133	1198
1182	1114	1184
1182	1156	1114
1182	1195	1156
760	800	804
760	825	800
1082	1148	1001
1082	1144	1148
666	778	776
577	562	593
562	625	593
625	670	593
625	598	670
625	562	598
562	556	598
562	534	556
562	467	534
467	460	534
460	549	534
460	503	549
460	437	503
437	482	503
437	455	482
455	481	482
481	543	482
481	502	543
502	565	543
502	576	565
502	475	576
475	493	576
475	428	493
428	571	493
475	403	428
403	336	428
336	338	428
338	346	428
346	413	428
346	335	413
335	381	413
346	291	335
291	285	335
291	251	285
251	233	285
233	261	285
233	201	261
233	229	201
229	226	201
226	194	201
194	181	201
181	188	201
181	167	188
167	147	188
147	168	188
147	132	168
132	166	168
166	190	168
190	211	168
211	255	168
211	279	255
211	227	279
227	310	279
227	250	310
250	297	310
250	236	297
250	193	236
193	197	236
193	170	197
193	190	170
190	166	170
166	149	170
149	145	170
149	115	145
115	76	145
76	146	145
146	173	145
173	197	145
146	185	173
146	148	185
148	200	185
200	203	185
200	208	203
208	268	203
208	270	268
270	287	268
287	292	268
287	303	292
303	300	292
300	319	292
300	367	319
300	328	367
328	412	367
412	463	367
412	422	463
422	468	463
468	530	463
468	429	530
429	539	530
429	444	539
429	423	444
429	363	423
363	395	423
395	449	423
449	508	423
449	518	508
518	537	508
518	578	537
518	560	578
560	647	578
647	661	578
647	677	661
677	673	661
673	643	661
673	699	643
699	744	643
744	626	643
626	573	643
626	617	573
617	537	573
626	742	617
742	702	617
702	604	617
626	744	742
699	779	744
779	841	744
779	889	841
779	867	889
867	938	889
938	1044	889
867	843	938
699	698	779
699	673	698
673	677	698
677	757	698
757	821	698
757	871	821
757	836	871
836	879	871
879	922	871
922	951	871
922	961	951
961	1051	951
1051	1054	951
1054	1027	951
1051	1077	1054
1077	1214	1054
1214	1219	1054
1051	1070	1077
1051	1062	1070
1051	1073	1062
1051	1060	1073
1060	1119	1073
1060	1063	1119
1063	1090	1119
1090	1205	1119
1205	1244	1119
1244	1247	1119
1247	1248	1119
1247	1353	1248
1353	1274	1248
1274	1268	1248
1274	1290	1268
1290	1302	1268
1290	1378	1302
1378	1402	1302
1402	1241	1302
1378	1456	1402
1274	1353	1290
1247	1317	1353
1317	1374	1353
1374	1495	1353
1374	1442	1495
1374	1352	1442
1352	1425	1442
1425	1531	1442
1531	1589	1442
1425	1426	1531
1426	1546	1531
1426	1428	1546
1426	1349	1428
1349	1371	1428
1371	1393	1428
1371	1382	1393
1371	1338	1382
1338	1381	1382
1371	1333	1338
1333	1190	1338
1190	1173	1338
1173	1275	1338
1275	1308	1338
1275	1209	1308
1275	1164	1209
1164	1121	1209
1121	1072	1209
1121	1137	1072
1137	1029	1072
1029	1031	1072
1031	1019	1072
1031	953	1019
953	940	1019
940	989	1019
940	890	989
890	925	989
890	805	925
805	832	925
832	954	925
832	899	954
832	756	899
756	790	899
756	632	790
632	616	790
632	525	616
525	527	616
527	555	616
525	476	527
476	443	527
443	416	527
443	435	416
435	377	416
377	316	416
316	370	416
316	278	370
278	325	370
325	399	370
325	415	399
415	445	399
325	340	415
340	420	415
420	470	415
420	492	470
492	524	470
524	533	470
524	656	533
524	651	656
651	794	656
651	759	794
759	848	794
759	913	848
651	659	759
524	492	651
420	450	492
450	505	492
450	433	505
450	386	433
386	410	433
410	441	433
410	430	441
410	358	430
358	378	430
378	432	430
432	480	430
480	514	430
480	611	514
611	612	514
611	684	612
684	782	612
684	852	782
611	691	684
611	541	691
541	624	691
541	538	624
538	575	624
575	627	624
627	650	624
650	740	624
650	739	740
739	930	740
739	956	930
956	983	930
983	988	930
988	997	930
988	1131	997
1131	1061	997
1061	878	997
1131	1212	1061
1131	1192	1212
1192	1335	1212
1192	1322	1335
1322	1398	1335
1192	1270	1322
1270	1408	1322
1270	1221	1408
1221	1453	1408
1453	1583	1408
1453	1593	1583
1593	1714	1583
1714	1707	1583
1714	1853	1707
1853	1817	1707
1817	1803	1707
1817	1892	1803
1892	1813	1803
1817	1933	1892
1817	1919	1933
1817	1853	1919
1853	1956	1919
1593	1715	1714
1593	1567	1715
1567	1625	1715
1625	1645	1715
1645	1850	1715
1625	1640	1645
1625	1542	1640
1625	1548	1542
1548	1364	1542
1548	1567	1364
1567	1451	1364
1567	1593	1451
1593	1453	1451
1548	1625	1567
1131	988	1192
988	983	1192
739	781	956
739	640	781
640	797	781
797	880	781
640	639	797
640	614	639
614	645	639
640	739	614
739	650	614
650	627	614
627	575	614
575	552	614
552	566	614
552	563	566
552	498	563
552	501	498
501	448	498
448	372	498
501	478	448
478	432	448
432	402	448
432	378	402
478	480	432
478	541	480
541	611	480
478	510	541
510	538	541
510	501	538
501	575	538
501	552	575
510	478	501
386	299	410
386	289	299
289	253	299
289	215	253
289	265	215
265	150	215
150	177	215
150	119	177
150	98	119
98	100	119
100	178	119
98	65	100
65	54	100
65	46	54
65	120	46
65	98	120
98	150	120
265	238	150
238	219	150
238	260	219
260	220	219
220	139	219
139	120	219
220	180	139
180	103	139
180	183	103
183	99	103
183	165	99
165	130	99
165	131	130
131	96	130
131	128	96
128	72	96
128	127	72
127	84	72
84	71	72
71	60	72
60	56	72
60	41	56
41	32	56
41	35	32
41	60	35
71	84	60
84	92	60
84	127	92
127	137	92
137	93	92
137	101	93
101	68	93
101	97	68
97	70	68
97	78	70
78	69	70
78	89	69
89	74	69
74	57	69
74	76	57
76	66	57
66	64	57
64	49	57
64	40	49
40	43	49
43	69	49
40	42	43
40	53	42
53	37	42
37	33	42
33	36	42
33	26	36
26	35	36
53	39	37
53	63	39
63	47	39
47	44	39
63	105	47
105	114	47
53	81	63
53	83	81
83	90	81
53	45	83
45	61	83
45	64	61
64	67	61
64	73	67
64	95	73
95	111	73
95	117	111
117	155	111
155	153	111
153	161	111
153	172	161
172	213	161
213	182	161
172	206	213
172	155	206
155	194	206
194	209	206
209	247	206
209	248	247
248	314	247
248	311	314
311	398	314
311	343	398
343	421	398
343	350	421
350	424	421
424	458	421
424	489	458
424	454	489
454	577	489
454	467	577
467	562	577
454	380	467
380	437	467
437	460	467
380	376	437
376	397	437
397	455	437
376	326	397
376	307	326
307	267	326
267	277	326
277	336	326
336	403	326
277	338	336
277	346	338
277	291	346
277	263	291
263	251	291
263	267	251
267	229	251
229	233	251
267	243	229
243	240	229
240	226	229
240	228	226
228	194	226
228	239	194
239	248	194
248	209	194
239	311	248
239	305	311
305	321	311
321	343	311
321	350	343
321	384	350
384	424	350
384	454	424
384	380	454
384	376	380
384	307	376
384	317	307
317	288	307
288	267	307
288	243	267
288	305	243
305	240	243
305	239	240
239	228	240
288	317	305
317	315	305
315	321	305
315	317	321
317	384	321
263	277	267
155	158	194
158	181	194
158	144	181
144	167	181
144	147	167
144	126	147
126	132	147
126	102	132
102	123	132
123	166	132
123	149	166
123	129	149
129	115	149
129	123	115
123	102	115
102	82	115
82	76	115
82	66	76
82	64	66
126	117	102
126	125	117
125	158	117
158	155	117
125	136	158
136	144	158
136	126	144
136	125	126
172	153	155
45	40	64
45	53	40
74	79	76
79	146	76
79	112	146
112	148	146
112	156	148
156	208	148
208	200	148
156	202	208
202	224	208
224	270	208
224	257	270
257	304	270
304	287	270
304	303	287
304	363	303
363	328	303
328	300	303
363	429	328
429	412	328
429	422	412
429	468	422
304	344	363
344	395	363
344	349	395
349	393	395
393	449	395
393	469	449
469	518	449
469	560	518
469	521	560
521	547	560
547	633	560
633	647	560
633	672	647
672	732	647
732	677	647
732	757	677
732	836	757
732	729	836
729	835	836
835	879	836
835	869	879
869	922	879
869	928	922
928	961	922
928	973	961
973	1060	961
1060	1051	961
973	1063	1060
973	982	1063
982	1090	1063
982	962	1090
962	1037	1090
962	958	1037
958	935	1037
935	1029	1037
935	969	1029
969	1031	1029
969	967	1031
967	953	1031
967	935	953
935	826	953
826	890	953
890	940	953
826	810	890
810	805	890
810	762	805
762	728	805
728	832	805
728	756	832
728	711	756
711	678	756
678	632	756
678	525	632
728	762	711
762	658	711
762	708	658
708	663	658
663	544	658
544	535	658
544	487	535
487	512	535
512	515	535
512	476	515
476	525	515
512	391	476
391	377	476
377	435	476
435	443	476
391	341	377
341	301	377
301	316	377
301	294	316
294	278	316
294	218	278
218	220	278
220	260	278
260	325	278
260	272	325
272	283	325
283	340	325
283	265	340
265	289	340
289	355	340
355	420	340
355	386	420
386	450	420
355	289	386
283	238	265
283	272	238
272	260	238
218	180	220
218	212	180
212	183	180
212	189	183
189	165	183
189	187	165
187	131	165
187	198	131
198	138	131
138	128	131
138	234	128
234	195	128
195	127	128
195	196	127
196	137	127
196	191	137
191	157	137
157	101	137
157	97	101
157	162	97
162	109	97
109	78	97
109	89	78
109	112	89
112	79	89
79	74	89
109	156	112
109	152	156
152	202	156
152	210	202
210	257	202
257	224	202
210	262	257
262	304	257
262	281	304
281	349	304
349	344	304
281	353	349
353	393	349
353	392	393
392	469	393
392	425	469
425	521	469
425	426	521
426	520	521
520	547	521
520	553	547
553	601	547
601	633	547
601	672	633
601	674	672
674	746	672
746	729	672
729	732	672
746	835	729
746	766	835
766	860	835
860	869	835
860	928	869
860	844	928
844	819	928
819	973	928
819	888	973
888	982	973
888	962	982
844	722	819
844	749	722
749	674	722
674	654	722
654	682	722
654	634	682
634	735	682
634	620	735
620	663	735
663	708	735
708	733	735
733	777	735
777	853	735
777	826	853
777	733	826
733	810	826
733	708	810
708	762	810
620	607	663
607	544	663
607	590	544
590	558	544
558	487	544
558	414	487
414	438	487
438	512	487
438	391	512
438	334	391
334	329	391
329	341	391
329	327	341
327	301	341
327	313	301
313	276	301
276	218	301
218	294	301
276	212	218
276	189	212
276	246	189
246	187	189
246	198	187
246	244	198
244	245	198
244	333	245
244	246	333
246	334	333
334	379	333
379	418	333
418	465	333
465	427	333
465	494	427
494	520	427
520	426	427
494	553	520
494	550	553
494	516	550
516	532	550
516	471	532
471	551	532
551	597	532
551	654	597
654	674	597
551	634	654
551	572	634
572	590	634
590	620	634
590	607	620
572	558	590
572	551	558
551	471	558
471	414	558
471	405	414
405	334	414
334	438	414
405	379	334
405	418	379
405	471	418
471	465	418
471	516	465
516	494	465
246	286	334
286	313	334
313	329	334
313	327	329
286	276	313
286	246	276
749	746	674
749	766	746
749	844	766
844	860	766
425	385	426
385	342	426
385	392	342
392	275	342
275	237	342
237	234	342
237	195	234
237	196	195
237	254	196
254	191	196
254	225	191
225	157	191
225	162	157
225	171	162
171	152	162
152	109	162
171	175	152
175	210	152
175	171	210
171	225	210
225	262	210
225	281	262
225	284	281
284	353	281
284	275	353
275	392	353
284	225	275
225	254	275
254	237	275
385	425	392
967	969	935
1121	1164	1137
1164	1173	1137
1173	1190	1137
1190	1199	1137
1190	1333	1199
1333	1234	1199
1234	1151	1199
1234	1232	1151
1232	1205	1151
1205	1090	1151
1232	1258	1205
1258	1317	1205
1317	1244	1205
1317	1247	1244
1258	1352	1317
1352	1374	1317
1258	1365	1352
1365	1425	1352
1365	1379	1425
1379	1426	1425
1379	1349	1426
1379	1365	1349
1365	1272	1349
1272	1333	1349
1333	1371	1349
1272	1234	1333
1272	1232	1234
1272	1258	1232
1272	1365	1258
1164	1275	1173
193	227	190
227	211	190
193	250	227
475	461	403
475	502	461
502	481	461
481	455	461
689	719	645
791	773	719
773	721	719
773	769	721
769	771	721
771	862	721
862	849	721
771	917	862
773	814	769
773	823	814
823	900	814
773	842	823
773	851	842
851	875	842
875	924	842
875	947	924
947	975	924
947	979	975
979	1056	975
1056	1098	975
1056	1194	1098
1194	1122	1098
1194	1187	1122
1187	1068	1122
1187	1213	1068
1213	1160	1068
1160	1125	1068
1125	1066	1068
1125	1075	1066
1160	1243	1125
1160	1264	1243
1264	1403	1243
1403	1369	1243
1369	1295	1243
1295	1176	1243
1295	1263	1176
1263	1117	1176
1263	1256	1117
1263	1364	1256
1264	1418	1403
1418	1612	1403
1612	1634	1403
1612	1683	1634
1612	1767	1683
1612	1738	1767
1738	1800	1767
1800	2012	1767
2012	1994	1767
1800	2050	2012
1738	1747	1800
1738	1693	1747
1693	1870	1747
1693	1775	1870
1775	1801	1870
1775	1732	1801
1732	1879	1801
1879	1905	1801
1879	1875	1905
1875	1881	1905
1881	1972	1905
1881	1815	1972
1881	1781	1815
1881	1842	1781
1881	1875	1842
1875	1732	1842
1875	1879	1732
1775	1665	1732
1775	1693	1665
1693	1581	1665
1738	1612	1693
1264	1417	1418
1160	1213	1264
979	1046	1056
1046	1104	1056
1046	1099	1104
1099	1191	1104
1099	1218	1191
1218	1309	1191
1309	1260	1191
1309	1297	1260
1309	1346	1297
1309	1342	1346
1342	1434	1346
1434	1523	1346
1434	1549	1523
1549	1655	1523
1434	1509	1549
1434	1439	1509
1439	1465	1509
1465	1551	1509
1465	1463	1551
1465	1439	1463
1439	1383	1463
1439	1342	1383
1342	1325	1383
1325	1358	1383
1325	1281	1358
1325	1259	1281
1325	1253	1259
1253	1171	1259
1253	1145	1171
1439	1434	1342
1309	1218	1342
1046	1039	1099
1039	1088	1099
1046	947	1039
947	937	1039
937	960	1039
960	970	1039
960	943	970
937	846	960
937	851	846
851	773	846
773	791	846
937	875	851
937	947	875
1046	979	947
1047	1145	1088
453	466	519
19	38	4
19	62	38
19	52	62
19	9	52
9	91	52
17	88	91
17	55	88
55	159	88
7	8	17
7	14	8
14	50	8
77	94	116
94	142	116
142	110	116
87	192	151
87	110	192
140	241	160
241	179	160
241	282	179
241	273	282
241	230	273
230	199	273
199	258	273
258	322	273
322	347	273
230	186	199
186	135	199
230	140	186
230	241	140
163	174	242
174	274	242
174	259	274
174	223	259
214	306	368
368	382	214
382	323	214
382	394	323
382	456	394
382	368	456
249	295	264
266	369	354
293	366	332
366	495	332
366	472	495
472	600	495
472	523	600
523	618	600
618	642	600
642	774	600
642	808	774
642	738	808
738	833	808
833	1006	808
833	991	1006
991	1118	1006
833	831	991
831	946	991
831	931	946
831	747	931
831	671	747
671	660	747
660	644	747
644	716	747
831	686	671
831	738	686
831	833	738
642	618	738
523	419	618
472	375	523
472	366	375
447	592	583
583	548	447
592	692	583
462	464	542
464	595	542
595	569	542
595	653	569
522	610	536
610	655	536
610	662	655
662	695	655
695	675	655
695	765	675
765	908	675
765	895	908
765	792	895
792	918	895
765	662	792
765	695	662
610	495	662
610	522	495
567	603	594
570	690	589
584	705	623
623	549	584
584	710	705
710	798	705
635	706	636
649	768	664
676	714	761
714	783	761
714	753	783
707	764	834
707	690	764
764	858	834
858	914	834
858	921	914
921	1096	914
921	978	1096
921	893	978
893	807	978
893	764	807
893	858	764
893	921	858
709	815	827
815	934	827
934	1004	827
934	1140	1004
1140	1168	1004
1168	1091	1004
1091	1058	1004
1168	1271	1091
1168	1357	1271
1357	1421	1271
1421	1401	1271
1421	1575	1401
1575	1569	1401
1569	1457	1401
1569	1455	1457
1455	1280	1457
1569	1648	1455
1648	1565	1455
1648	1700	1565
1700	1614	1565
1614	1476	1565
1700	1639	1614
1569	1726	1648
1569	1694	1726
1694	1866	1726
1694	1717	1866
1717	1839	1866
1839	1978	1866
1978	1939	1866
1694	1660	1717
1660	1575	1717
1660	1569	1575
1660	1694	1569
1421	1464	1575
1421	1357	1464
1357	1443	1464
1443	1529	1464
1443	1461	1529
1461	1395	1529
1395	1563	1529
1395	1517	1563
1517	1661	1563
1661	1679	1563
1661	1796	1679
1661	1799	1796
1395	1328	1517
1328	1469	1517
1469	1494	1517
1328	1299	1469
1328	1129	1299
1328	1140	1129
1140	1008	1129
1140	934	1008
934	881	1008
881	984	1008
984	1085	1008
984	1024	1085
1024	1136	1085
1136	1299	1085
1024	998	1136
1024	883	998
883	787	998
883	723	787
723	692	787
883	881	723
881	813	723
881	934	813
934	815	813
883	984	881
883	1024	984
1328	1168	1140
1328	1395	1168
1395	1357	1168
1395	1461	1357
1461	1443	1357
748	809	838
838	822	748
822	706	748
838	892	822
838	903	892
903	1016	892
903	1018	1016
903	949	1018
949	976	1018
903	901	949
903	809	901
903	838	809
770	902	864
770	827	902
827	939	902
827	1058	939
1058	1059	939
902	987	864
902	1036	987
786	856	865
856	936	865
806	824	885
885	910	806
910	884	806
910	887	884
910	990	887
910	948	990
910	885	948
817	909	942
942	926	817
926	861	817
926	998	861
829	850	985
985	980	829
985	1080	980
1080	1067	980
1067	1021	980
1067	1146	1021
1146	1064	1021
1067	1204	1146
1067	1142	1204
1067	1080	1142
985	1084	1080
1084	1166	1080
1166	1161	1080
1166	1262	1161
1262	1239	1161
1166	1266	1262
891	1050	1030
911	1007	963
920	1074	1017
1074	1093	1017
1093	1015	1017
1093	1149	1015
1149	1162	1015
1149	1315	1162
1315	1323	1162
1149	1273	1315
923	1038	1002
955	1035	1025
955	1076	1035
1076	1141	1035
1141	1097	1035
1097	1025	1035
1097	999	1025
999	955	1025
1076	1111	1141
971	1049	1055
1049	1289	1055
1289	1254	1055
1254	1020	1055
1020	971	1055
1289	1377	1254
1377	1454	1254
1454	1287	1254
1454	1497	1287
1497	1340	1287
1454	1604	1497
1604	1561	1497
1604	1735	1561
1454	1448	1604
1454	1377	1448
1377	1512	1448
1049	1282	1289
1049	1130	1282
995	1231	1147
1041	1193	1226
1041	1197	1193
1197	1279	1193
1197	1225	1279
1197	1223	1225
1043	1095	1174
1095	1203	1174
1203	1291	1174
1291	1277	1174
1291	1345	1277
1291	1496	1345
1291	1413	1496
1413	1516	1496
1516	1532	1496
1516	1587	1532
1516	1519	1587
1519	1754	1587
1519	1539	1754
1519	1413	1539
1413	1475	1539
1413	1314	1475
1314	1441	1475
1314	1231	1441
1231	1390	1441
1390	1468	1441
1390	1392	1468
1392	1492	1468
1392	1521	1492
1521	1602	1492
1521	1543	1602
1543	1682	1602
1543	1790	1682
1790	1795	1682
1795	1820	1682
1795	1954	1820
1954	1941	1820
1954	2035	1941
1954	2114	2035
2114	2068	2035
2068	1995	2035
2068	2129	1995
2068	2139	2129
2139	2235	2129
2139	2273	2235
2273	2226	2235
2273	2431	2226
2273	2484	2431
2484	2534	2431
2484	2614	2534
2614	2720	2534
2614	2813	2720
2813	2852	2720
2852	2629	2720
2813	2925	2852
2925	3006	2852
2925	3028	3006
3028	3208	3006
2614	2783	2813
2614	2569	2783
2273	2342	2484
2273	2139	2342
2139	2114	2342
2114	2341	2342
2114	2153	2341
2114	2004	2153
2004	2124	2153
2124	2154	2153
2114	1954	2004
1954	1795	2004
2139	2068	2114
1521	1283	1543
1283	1269	1543
1269	1452	1543
1452	1572	1543
1283	1118	1269
1521	1392	1283
1392	1261	1283
1392	1390	1261
1390	1222	1261
1390	1231	1222
1413	1291	1314
1291	1203	1314
1519	1516	1413
1095	1147	1203
1078	1177	1139
1079	1112	1306
1106	1249	1246
1249	1319	1246
1249	1370	1319
1370	1376	1319
1370	1480	1376
1370	1424	1480
1424	1538	1480
1126	1217	1200
1135	1138	1150
1150	1209	1135
1138	1250	1150
1152	1183	1229
1169	1285	1186
1178	1422	1278
1181	1312	1311
1181	1220	1312
1201	1265	1245
1245	1288	1201
1245	1265	1288
1265	1410	1288
1265	1380	1410
1267	1356	1354
1267	1219	1356
1354	1217	1267
1300	1303	1433
1303	1430	1433
1303	1329	1430
1301	1449	1343
1449	1462	1343
1449	1487	1462
1449	1431	1487
1449	1301	1431
1301	1373	1431
1330	1337	1407
1407	1440	1330
1337	1435	1407
1435	1570	1407
1341	1367	1510
1344	1445	1361
1397	1483	1525
1405	1641	1642
1641	1690	1642
1432	1479	1505
1479	1580	1505
1479	1508	1580
1436	1550	1501
1460	1502	1466
1502	1647	1466
1647	1716	1466
1647	1778	1716
1778	1773	1716
1773	1690	1716
1647	1741	1778
1647	1673	1741
1673	1705	1741
1460	1422	1502
1422	1478	1502
1470	1486	1594
1486	1657	1594
1657	1672	1594
1672	1731	1594
1672	1728	1731
1672	1657	1728
1657	1708	1728
1473	1547	1535
1547	1656	1535
1477	1600	1506
1477	1501	1600
1484	1493	1638
1484	1398	1493
1398	1579	1493
1579	1595	1493
1595	1638	1493
1595	1737	1638
1737	1827	1638
1827	1629	1638
1629	1484	1638
1629	1512	1484
1512	1437	1484
1595	1722	1737
1595	1579	1722
1490	1536	1631
1490	1495	1536
1495	1589	1536
1589	1626	1536
1589	1611	1626
1611	1774	1626
1611	1776	1774
1776	1807	1774
1807	1794	1774
1807	1900	1794
1631	1556	1490
1631	1651	1556
1651	1663	1556
1663	1666	1556
1666	1526	1556
1526	1456	1556
1498	1557	1527
1557	1590	1527
1518	1552	1564
1552	1606	1564
1606	1668	1564
1606	1718	1668
1718	1769	1668
1769	1676	1668
1552	1597	1606
1518	1411	1552
1411	1387	1552
1545	1667	1603
1554	1610	1630
1610	1864	1630
1562	1678	1675
1562	1680	1678
1568	1623	1577
1577	1546	1568
1623	1635	1577
1623	1674	1635
1674	1712	1635
1623	1601	1674
1601	1725	1674
1601	1588	1725
1623	1568	1601
1571	1729	1632
1574	1613	1624
1596	1749	1761
1761	1680	1596
1749	1791	1761
1791	1953	1761
1791	1783	1953
1791	1749	1783
1596	1646	1749
1618	1740	1703
1740	1812	1703
1812	1855	1703
1812	1981	1855
1812	1917	1981
1917	1992	1981
1917	2024	1992
2024	2194	1992
2194	2147	1992
2194	2325	2147
2024	2065	2194
2065	2128	2194
2065	2069	2128
2065	2011	2069
2011	1935	2069
2065	2024	2011
2024	1917	2011
1637	1699	1709
1709	1752	1637
1752	1538	1637
1709	1895	1752
1895	1833	1752
1833	1789	1752
1833	1988	1789
1988	1768	1789
1988	1829	1768
1829	1763	1768
1763	1662	1768
1763	1780	1662
1763	1829	1780
1833	2041	1988
1833	1895	2041
1709	1907	1895
1907	1967	1895
1907	2018	1967
2018	2152	1967
2152	2157	1967
2152	2175	2157
2175	2257	2157
1907	1920	2018
1920	1929	2018
1929	2031	2018
1929	2042	2031
1929	1987	2042
1929	1899	1987
1920	1843	1929
1843	1831	1929
1843	1670	1831
1843	1699	1670
1709	1699	1907
1681	1724	1885
1885	1819	1681
1885	1911	1819
1911	1847	1819
1847	1799	1819
1911	2030	1847
2030	1986	1847
2030	2101	1986
1911	1984	2030
1984	2142	2030
1984	2027	2142
2027	2210	2142
2027	2258	2210
1984	1937	2027
1984	1885	1937
1984	1911	1885
1711	1805	1756
1805	1793	1756
1793	1782	1756
1793	1863	1782
1863	1889	1782
1863	1878	1889
1863	1805	1878
1805	1983	1878
1863	1793	1805
1711	1794	1805
1713	1811	1744
1811	1871	1744
1871	1809	1744
1871	1848	1809
1848	1787	1809
1733	1742	1856
1734	1849	1898
1849	1922	1898
1922	2007	1898
1922	1993	2007
1993	2067	2007
1993	2073	2067
2073	2187	2067
2073	2198	2187
2073	2196	2198
2196	2312	2198
1745	1804	1876
1804	1908	1876
1750	1814	1841
1814	1840	1841
1840	1966	1841
1751	1759	1854
1751	1731	1759
1731	1854	1759
1758	1844	1786
1765	1945	1896
1945	1944	1896
1944	1880	1896
1944	2048	1880
1944	1945	2048
1945	2019	2048
1945	1904	2019
1777	1832	1798
1818	1867	1961
1867	1893	1961
1826	1968	1877
1968	1975	1877
1968	2136	1975
2136	2057	1975
2136	2275	2057
2275	2121	2057
2275	2304	2121
2304	2125	2121
2304	2307	2125
2275	2441	2304
1835	1909	2008
1909	1946	2008
1946	2053	2008
2053	2049	2008
2049	1835	2008
2053	2141	2049
2141	2220	2049
2141	2171	2220
2171	2306	2220
2306	2268	2220
2268	2300	2220
2300	2098	2220
2300	2119	2098
2119	2026	2098
2119	2013	2026
2013	1918	2026
2119	2133	2013
2133	2183	2013
2268	2422	2300
2422	2511	2300
2511	2345	2300
2345	2329	2300
2345	2418	2329
2418	2227	2329
2227	2183	2329
2511	2500	2345
2511	2688	2500
2268	2306	2422
2171	2402	2306
2402	2546	2306
2402	2458	2546
2141	2053	2171
2053	2075	2171
2075	2245	2171
2053	1946	2075
1946	1955	2075
1860	1921	1901
1921	2028	1901
1886	1910	1897
1886	1997	1910
1897	1825	1886
1887	1947	2066
1947	2020	2066
1947	1914	2020
2066	1998	1887
1888	1912	1977
1912	2001	1977
2001	2076	1977
2076	2070	1977
1894	1938	1931
1938	1999	1931
1938	2006	1999
2006	2111	1999
2111	2051	1999
2006	2189	2111
2189	2299	2111
2299	2296	2111
2189	2236	2299
2006	1964	2189
2006	1938	1964
1915	2014	1991
2014	2104	1991
2014	2080	2104
1915	1889	2014
1916	1932	1973
1925	1990	2025
1928	2009	2058
2009	2077	2058
1950	1951	2100
1952	2082	2115
2082	2158	2115
2082	2191	2158
2191	2232	2158
2191	2151	2232
2151	2283	2232
2151	2377	2283
2377	2424	2283
2377	2432	2424
2377	2459	2432
2191	2044	2151
2044	2120	2151
2120	2102	2151
2120	2044	2102
2191	2082	2044
1962	2099	2192
2099	2211	2192
2211	2288	2192
2192	2097	1962
2192	2287	2097
1970	2005	2165
1974	2173	2071
2173	2149	2071
2149	2084	2071
2084	1956	2071
2149	2174	2084
2149	2331	2174
2331	2234	2174
2331	2409	2234
2331	2468	2409
2468	2589	2409
2589	2517	2409
2517	2311	2409
2517	2390	2311
2390	2259	2311
2259	2244	2311
2259	2228	2244
2228	2081	2244
2081	2164	2244
2228	2078	2081
2078	1982	2081
1982	1892	2081
2078	2074	1982
2078	2166	2074
2166	2077	2074
2078	2228	2166
2228	2313	2166
2228	2259	2313
2259	2390	2313
2517	2536	2390
2517	2544	2536
2544	2728	2536
2728	2678	2536
2678	2516	2536
2678	2602	2516
2602	2467	2516
2467	2407	2516
2407	2400	2516
2467	2355	2407
2467	2459	2355
2467	2545	2459
2467	2648	2545
2467	2602	2648
2602	2681	2648
2602	2678	2681
2678	2798	2681
2798	2863	2681
2678	2728	2798
2728	2776	2798
2776	2933	2798
2933	2955	2798
2776	2790	2933
2790	2880	2933
2728	2710	2776
2728	2544	2710
2544	2589	2710
2544	2517	2589
2468	2561	2589
2468	2515	2561
2515	2575	2561
2468	2331	2515
2149	2316	2331
2000	2054	2110
2110	2094	2000
2110	2170	2094
2110	2261	2170
2002	2106	2195
2106	2221	2195
2221	2416	2195
2416	2204	2195
2204	2160	2195
2160	2002	2195
2204	2178	2160
2204	2209	2178
2204	2255	2209
2255	2284	2209
2255	2451	2284
2451	2450	2284
2451	2556	2450
2451	2498	2556
2498	2639	2556
2498	2584	2639
2584	2716	2639
2716	2781	2639
2781	2779	2639
2716	2805	2781
2716	2765	2805
2765	2844	2805
2844	2919	2805
2844	2984	2919
2844	2971	2984
2971	3062	2984
2971	3024	3062
2844	2765	2971
2498	2464	2584
2498	2399	2464
2399	2449	2464
2399	2416	2449
2399	2204	2416
2399	2255	2204
2399	2451	2255
2399	2498	2451
2221	2314	2416
2221	2292	2314
2292	2389	2314
2292	2336	2389
2336	2469	2389
2469	2481	2389
2292	2293	2336
2292	2150	2293
2150	2184	2293
2292	2106	2150
2106	2033	2150
2292	2221	2106
2010	2059	2143
2016	2029	2145
2029	2156	2145
2040	2064	2061
2063	2172	2140
2063	2101	2172
2101	2289	2172
2289	2338	2172
2338	2140	2172
2289	2384	2338
2384	2411	2338
2411	2462	2338
2411	2486	2462
2411	2434	2486
2289	2385	2384
2289	2290	2385
2289	2101	2290
2140	1978	2063
2072	2109	2091
2109	2090	2091
2109	2100	2090
2109	2225	2100
2225	2214	2100
2109	2161	2225
2161	2310	2225
2161	2282	2310
2109	2072	2161
2079	2088	2182
2088	2131	2182
2131	2216	2182
2216	2263	2182
2263	2215	2182
2215	2079	2182
2215	2136	2079
2131	2096	2216
2096	2201	2216
2131	2088	2096
2086	2105	2126
2105	2163	2126
2126	2190	2086
2190	2050	2086
2050	1870	2086
2087	2197	2168
2197	2250	2168
2197	2269	2250
2092	2123	2217
2127	2179	2146
2179	2267	2146
2179	2167	2267
2179	2148	2167
2134	2176	2264
2264	2340	2134
2264	2369	2340
2369	2362	2340
2362	2364	2340
2364	2315	2340
2364	2413	2315
2413	2433	2315
2433	2258	2315
2433	2487	2258
2369	2543	2362
2369	2475	2543
2475	2587	2543
2475	2621	2587
2138	2233	2276
2138	2066	2233
2233	2286	2276
2286	2367	2276
2367	2443	2276
2144	2374	2388
2144	2214	2374
2144	2130	2214
2374	2529	2388
2529	2493	2388
2374	2510	2529
2510	2593	2529
2510	2560	2593
2560	2583	2593
2583	2644	2593
2188	2219	2297
2219	2249	2297
2200	2241	2242
2241	2463	2242
2463	2380	2242
2463	2572	2380
2572	2566	2380
2572	2612	2566
2612	2568	2566
2612	2721	2568
2721	2684	2568
2684	2555	2568
2555	2330	2568
2555	2333	2330
2555	2479	2333
2479	2265	2333
2555	2689	2479
2555	2684	2689
2684	2845	2689
2845	2768	2689
2684	2721	2845
2721	2840	2845
2721	2837	2840
2837	2907	2840
2907	3081	2840
3081	3061	2840
3081	3234	3061
3234	3199	3061
3199	2995	3061
3234	3216	3199
3216	3221	3199
3234	3498	3216
3234	3469	3498
3469	3473	3498
3473	3532	3498
3532	3611	3498
3611	3639	3498
3611	3722	3639
3722	3751	3639
3532	3525	3611
3525	3521	3611
3521	3496	3611
3521	3432	3496
3432	3310	3496
3310	3495	3496
3310	3315	3495
3315	3494	3495
3494	3642	3495
3494	3529	3642
3529	3562	3642
3562	3733	3642
3733	3761	3642
3733	3805	3761
3805	3907	3761
3805	3917	3907
3805	3733	3917
3733	3942	3917
3942	4002	3917
4002	4139	3917
4002	4154	4139
4154	4168	4139
4154	4234	4168
4234	4228	4168
4234	4320	4228
4234	4380	4320
4234	4154	4380
4154	4208	4380
4154	4043	4208
4043	4268	4208
4268	4457	4208
4268	4372	4457
4372	4517	4457
4517	4557	4457
4517	4661	4557
4661	4616	4557
4517	4687	4661
4517	4645	4687
4645	4767	4687
4645	4748	4767
4517	4563	4645
4517	4456	4563
4456	4420	4563
4456	4379	4420
4456	4372	4379
4456	4517	4372
4043	4112	4268
4043	3942	4112
3942	3986	4112
4043	4002	3942
4043	4154	4002
3733	3772	3942
3733	3724	3772
3733	3562	3724
3562	3510	3724
3315	3257	3494
3315	3139	3257
3139	3135	3257
3139	2908	3135
3521	3525	3432
3525	3532	3432
3469	3234	3473
2837	2866	2907
2837	2612	2866
2612	2846	2866
2846	2908	2866
2612	2631	2846
2612	2572	2631
2572	2463	2631
2463	2489	2631
2489	2527	2631
2527	2762	2631
2527	2550	2762
2550	2742	2762
2742	2803	2762
2742	2750	2803
2750	2864	2803
2864	2960	2803
2864	3099	2960
3099	3153	2960
3153	3157	2960
3157	3129	2960
3157	3257	3129
3099	3130	3153
3130	3304	3153
2750	2759	2864
2759	2797	2864
2797	2841	2864
2750	2577	2759
2750	2742	2577
2742	2550	2577
2550	2533	2577
2533	2462	2577
2550	2360	2533
2550	2527	2360
2527	2489	2360
2489	2420	2360
2420	2241	2360
2420	2463	2241
2420	2489	2463
2837	2721	2612
2222	2392	2252
2252	2196	2222
2252	2260	2196
2252	2392	2260
2231	2419	2301
2419	2394	2301
2394	2295	2301
2394	2410	2295
2237	2256	2381
2381	2376	2237
2381	2404	2376
2404	2346	2376
2243	2251	2272
2279	2406	2334
2406	2465	2334
2406	2480	2465
2480	2611	2465
2611	2653	2465
2480	2485	2611
2480	2406	2485
2406	2397	2485
2406	2335	2397
2406	2279	2335
2280	2446	2305
2280	2322	2446
2318	2396	2393
2396	2470	2393
2470	2531	2393
2531	2490	2393
2531	2541	2490
2470	2558	2531
2558	2636	2531
2558	2663	2636
2663	2707	2636
2663	2752	2707
2752	2896	2707
2896	2786	2707
2786	2597	2707
2597	2541	2707
2786	2719	2597
2786	2819	2719
2819	2915	2719
2915	2882	2719
2882	2808	2719
2915	2916	2882
2786	2954	2819
2786	2896	2954
2896	3056	2954
3056	3143	2954
2752	2892	2896
2892	2959	2896
2323	2522	2351
2522	2580	2351
2522	2585	2580
2326	2557	2429
2557	2579	2429
2579	2535	2429
2579	2606	2535
2606	2573	2535
2573	2581	2535
2579	2708	2606
2579	2687	2708
2579	2557	2687
2327	2444	2438
2339	2347	2401
2401	2474	2339
2401	2502	2474
2502	2582	2474
2502	2497	2582
2497	2640	2582
2502	2452	2497
2452	2354	2497
2452	2428	2354
2428	2347	2354
2428	2401	2347
2428	2502	2401
2428	2452	2502
2349	2440	2363
2352	2442	2383
2442	2456	2383
2442	2623	2456
2623	2664	2456
2442	2622	2623
2622	2635	2623
2356	2405	2562
2405	2512	2562
2405	2373	2512
2357	2505	2551
2505	2660	2551
2660	2627	2551
2627	2520	2551
2660	2784	2627
2784	2755	2627
2505	2542	2660
2365	2492	2417
2492	2494	2417
2371	2571	2483
2378	2518	2565
2518	2596	2565
2596	2704	2565
2596	2717	2704
2518	2567	2596
2391	2476	2524
2476	2595	2524
2476	2473	2595
2408	2437	2537
2414	2526	2650
2414	2441	2526
2426	2507	2471
2439	2570	2523
2570	2599	2523
2570	2683	2599
2683	2637	2599
2570	2638	2683
2638	2735	2683
2735	2822	2683
2570	2519	2638
2519	2591	2638
2570	2439	2519
2448	2530	2457
2466	2576	2548
2548	2419	2466
2419	2386	2466
2478	2618	2598
2618	2620	2598
2478	2624	2618
2496	2574	2499
2509	2677	2685
2677	2774	2685
2513	2616	2601
2513	2493	2616
2493	2668	2616
2668	2764	2616
2668	2810	2764
2810	2825	2764
2825	2828	2764
2668	2740	2810
2740	2834	2810
2740	2807	2834
2601	2539	2513
2601	2559	2539
2559	2547	2539
2514	2554	2656
2564	2617	2630
2617	2702	2630
2617	2695	2702
2695	2746	2702
2746	2772	2702
2746	2835	2772
2835	2843	2772
2835	2975	2843
2975	2872	2843
2975	2983	2872
2983	2883	2872
2983	2965	2883
2746	2884	2835
2746	2695	2884
2615	2641	2713
2641	2770	2713
2770	2871	2713
2632	2690	2674
2690	2714	2674
2690	2857	2714
2857	2791	2714
2857	2902	2791
2902	2885	2791
2885	2749	2791
2885	2748	2749
2885	2956	2748
2956	2747	2748
2747	2697	2748
2747	2666	2697
2956	2927	2747
2956	2985	2927
2985	3108	2927
3108	3087	2927
3108	3299	3087
3299	3089	3087
3108	3344	3299
2985	3023	3108
2985	2956	3023
2956	3121	3023
2956	2934	3121
2934	2942	3121
2942	3021	3121
3021	3059	3121
3059	3164	3121
3164	3260	3121
3164	3292	3260
3164	3123	3292
3164	3059	3123
3059	3031	3123
3059	3021	3031
3021	2935	3031
2935	2913	3031
2934	2885	2942
2885	2902	2942
2934	2956	2885
2645	2778	2672
2647	2732	2709
2709	2640	2647
2709	2729	2640
2654	2838	2676
2654	2818	2838
2818	3011	2838
2818	2811	3011
2811	2839	3011
2818	2723	2811
2661	2833	2869
2833	2877	2869
2877	2895	2869
2667	2874	2763
2667	2787	2874
2787	2900	2874
2900	2936	2874
2671	2691	2673
2679	2793	2795
2680	2731	2912
2731	2739	2912
2739	2823	2912
2823	2990	2912
2990	3084	2912
3084	2968	2912
3084	3136	2968
3084	3273	3136
3084	3105	3273
3084	3019	3105
3019	3060	3105
3060	3132	3105
3060	3046	3132
3060	3019	3046
3019	2823	3046
2823	2828	3046
3019	2990	2823
3019	3084	2990
2696	2777	2737
2737	2660	2696
2777	2977	2737
2777	2963	2977
2963	3034	2977
3034	2950	2977
2963	3093	3034
3093	3114	3034
2777	2948	2963
2948	2976	2963
2948	2951	2976
2948	2812	2951
2812	2804	2951
2804	2943	2951
2804	2848	2943
2948	2777	2812
2777	2724	2812
2698	2897	2700
2703	2817	2814
2705	2887	2736
2711	2741	2905
2741	2939	2905
2939	3027	2905
2734	2801	2761
2801	2799	2761
2801	2946	2799
2946	2867	2799
2801	2947	2946
2743	2865	2829
2865	2886	2829
2865	3040	2886
3040	3088	2886
3088	2938	2886
3088	3178	2938
3178	3008	2938
3008	2897	2938
3178	3186	3008
3186	3150	3008
3150	3053	3008
3186	3277	3150
3088	3187	3178
3088	3096	3187
3096	3226	3187
3088	3040	3096
2766	2941	2940
2941	2979	2940
2941	3128	2979
3128	3159	2979
3128	3296	3159
2771	2918	2802
2802	2688	2771
2789	2826	2875
2826	3007	2875
3007	2944	2875
3007	2988	2944
2988	2913	2944
2789	2620	2826
2794	2901	2831
2832	2953	2856
2953	2986	2856
2953	3043	2986
3043	3144	2986
2842	3020	2978
3020	3183	2978
3020	3141	3183
3020	3073	3141
3073	3268	3141
3020	2961	3073
2961	3005	3073
2850	3029	3015
3015	3030	2850
3030	2868	2850
3030	2879	2868
3029	3104	3015
3029	3163	3104
3029	3177	3163
3177	3262	3163
3262	3270	3163
3262	3327	3270
3262	3375	3327
3262	3177	3375
3177	3161	3375
3177	3074	3161
2858	3041	2987
2987	2918	2858
2987	3124	2918
3124	2964	2918
2987	3148	3124
3148	3350	3124
3350	3226	3124
3350	3362	3226
3350	3518	3362
3518	3591	3362
3591	3460	3362
3591	3564	3460
3564	3485	3460
3485	3395	3460
3395	3187	3460
3518	3663	3591
3350	3427	3518
3350	3398	3427
3350	3148	3398
2987	3041	3148
2859	2917	3025
2861	2910	3003
2893	2911	3035
2911	3044	3035
2903	2957	2906
2957	2932	2906
2909	3063	3067
2914	2989	2945
2920	2928	3016
3016	3181	2920
3181	2998	2920
3181	3133	2998
3181	3209	3133
3209	3266	3133
3266	3250	3133
3250	3058	3133
3266	3314	3250
3181	3394	3209
3394	3358	3209
2928	2981	3016
2923	3115	3002
3115	3079	3002
3079	3077	3002
2924	3000	2982
2937	3047	3051
2952	3055	2973
2952	3083	3055
3083	3223	3055
3083	3203	3223
3083	3036	3203
3036	3026	3203
3083	2952	3036
2973	2871	2952
2967	3152	2974
2967	3149	3152
3149	3197	3152
3197	3258	3152
3197	3245	3258
3245	3334	3258
3334	3374	3258
3374	3251	3258
3251	3215	3258
3251	3180	3215
3251	3201	3180
3201	3068	3180
3334	3447	3374
3334	3437	3447
3334	3245	3437
3197	3149	3245
3149	3174	3245
3149	3071	3174
2999	3065	3162
2999	2973	3065
3009	3013	3196
3009	2981	3013
2981	2784	3013
3009	3196	2981
3013	3252	3196
3252	3206	3196
3206	3225	3196
3206	3252	3225
3012	3032	3112
3112	3066	3012
3112	3094	3066
3094	3127	3066
3094	3302	3127
3014	3212	3075
3212	3254	3075
3022	3064	3045
3064	3131	3045
3131	3136	3045
3131	3219	3136
3064	3175	3131
3045	2901	3022
3050	3140	3107
3107	3052	3050
3050	3106	3140
3106	3142	3140
3142	3309	3140
3142	3416	3309
3142	3301	3416
3301	3537	3416
3301	3353	3537
3353	3410	3537
3353	3392	3410
3142	3185	3301
3142	3134	3185
3134	3092	3185
3142	3120	3134
3142	3106	3120
3057	3146	3232
3146	3316	3232
3316	3300	3232
3300	3271	3232
3300	3387	3271
3300	3380	3387
3380	3515	3387
3380	3567	3515
3567	3709	3515
3709	3555	3515
3709	3713	3555
3709	3818	3713
3818	3749	3713
3818	3952	3749
3818	4028	3952
4028	4131	3952
3380	3450	3567
3450	3439	3567
3450	3316	3439
3450	3380	3316
3380	3300	3316
3085	3125	3155
3125	3312	3155
3312	3160	3155
3125	3332	3312
3332	3472	3312
3332	3526	3472
3332	3283	3526
3332	3287	3283
3287	3195	3283
3287	3122	3195
3287	3125	3122
3287	3332	3125
3095	3207	3100
3095	3233	3207
3233	3291	3207
3291	3281	3207
3291	3371	3281
3291	3467	3371
3467	3435	3371
3435	3274	3371
3467	3520	3435
3520	3550	3435
3100	3007	3095
3007	3037	3095
3098	3278	3222
3278	3379	3222
3101	3255	3280
3255	3364	3280
3255	3341	3364
3341	3430	3364
3341	3411	3430
3411	3572	3430
3572	3603	3430
3411	3588	3572
3588	3679	3572
3588	3699	3679
3699	3747	3679
3747	3742	3679
3747	3910	3742
3588	3549	3699
3109	3165	3198
3165	3335	3198
3165	3418	3335
3418	3479	3335
3418	3606	3479
3418	3438	3606
3438	3630	3606
3438	3488	3630
3438	3423	3488
3423	3507	3488
3423	3466	3507
3423	3370	3466
3423	3438	3370
3116	3210	3204
3210	3297	3204
3297	3347	3204
3347	3194	3204
3210	3365	3297
3126	3236	3184
3236	3282	3184
3145	3170	3158
3145	3343	3170
3166	3168	3246
3246	3190	3166
3246	3275	3190
3246	3272	3275
3272	3311	3275
3167	3339	3200
3169	3298	3340
3172	3188	3243
3192	3381	3249
3213	3238	3307
3238	3372	3307
3372	3433	3307
3307	3248	3213
3307	3256	3248
3256	3236	3248
3218	3224	3237
3235	3285	3388
3235	3239	3285
3285	3359	3388
3359	3413	3388
3413	3477	3388
3359	3319	3413
3319	3426	3413
3319	3378	3426
3242	3404	3290
3290	3219	3242
3404	3355	3290
3261	3318	3325
3265	3406	3400
3267	3323	3352
3286	3414	3333
3414	3506	3333
3506	3383	3333
3303	3354	3405
3354	3436	3405
3354	3360	3436
3354	3268	3360
3268	3356	3360
3405	3357	3303
3357	3183	3303
3357	3328	3183
3328	3240	3183
3405	3640	3357
3320	3373	3409
3346	3481	3489
3489	3365	3346
3361	3408	3454
3454	3578	3361
3454	3545	3578
3545	3600	3578
3600	3684	3578
3545	3408	3600
3408	3502	3600
3408	3381	3502
3381	3464	3502
3545	3454	3408
3385	3530	3551
3530	3601	3551
3390	3511	3449
3511	3565	3449
3511	3662	3565
3511	3577	3662
3577	3601	3662
3577	3748	3601
3511	3530	3577
3390	3375	3511
3393	3412	3444
3444	3594	3393
3594	3538	3393
3594	3644	3538
3594	3732	3644
3594	3649	3732
3649	3777	3732
3594	3444	3649
3419	3516	3462
3434	3519	3514
3519	3539	3514
3539	3647	3514
3647	3547	3514
3539	3597	3647
3597	3687	3647
3687	3696	3647
3687	3800	3696
3800	3790	3696
3687	3693	3800
3539	3519	3597
3442	3582	3445
3443	3652	3558
3652	3646	3558
3646	3624	3558
3646	3652	3624
3452	3556	3570
3570	3527	3452
3570	3664	3527
3453	3566	3610
3566	3613	3610
3566	3683	3613
3566	3580	3683
3580	3698	3683
3580	3585	3698
3585	3627	3698
3585	3536	3627
3585	3580	3536
3456	3616	3546
3465	3592	3543
3592	3563	3543
3592	3712	3563
3471	3653	3522
3653	3612	3522
3522	3352	3471
3522	3425	3352
3476	3605	3620
3605	3725	3620
3725	3627	3620
3605	3763	3725
3763	3753	3725
3753	3839	3725
3605	3755	3763
3755	3933	3763
3605	3633	3755
3633	3740	3755
3486	3492	3657
3492	3623	3657
3509	3535	3602
3540	3659	3635
3540	3608	3659
3608	3756	3659
3756	3834	3659
3834	3808	3659
3608	3554	3756
3554	3695	3756
3695	3803	3756
3695	3774	3803
3774	3825	3803
3774	3726	3825
3726	3811	3825
3774	3641	3726
3641	3559	3726
3641	3553	3559
3641	3554	3553
3641	3695	3554
3641	3774	3695
3548	3643	3590
3643	3719	3590
3557	3690	3579
3561	3636	3632
3636	3833	3632
3833	3650	3632
3636	3875	3833
3571	3593	3681
3681	3628	3571
3681	3754	3628
3754	3707	3628
3707	3691	3628
3691	3599	3628
3599	3587	3628
3707	3779	3691
3779	3771	3691
3779	3855	3771
3707	3754	3779
3575	3701	3614
3584	3676	3673
3676	3784	3673
3589	3609	3654
3596	3668	3750
3607	3752	3702
3752	3727	3702
3752	3817	3727
3817	3850	3727
3850	3883	3727
3850	3946	3883
3850	3923	3946
3923	3990	3946
3923	3940	3990
3940	4007	3990
3923	3817	3940
3923	3850	3817
3618	3637	3669
3619	3783	3661
3622	3645	3703
3645	3736	3703
3736	3745	3703
3736	3807	3745
3736	3837	3807
3837	3848	3807
3837	3962	3848
3962	3886	3848
3837	3961	3962
3837	3892	3961
3892	3915	3961
3892	3832	3915
3892	3876	3832
3876	3846	3832
3876	3892	3846
3892	3837	3846
3837	3736	3846
3645	3656	3736
3629	3764	3795
3629	3744	3764
3744	3847	3764
3744	3813	3847
3813	3880	3847
3634	3820	3746
3634	3662	3820
3662	3840	3820
3840	3841	3820
3662	3877	3840
3655	3758	3670
3666	3856	3819
3856	3900	3819
3900	3899	3819
3899	3663	3819
3899	3857	3663
3856	3909	3900
3909	4086	3900
3856	3888	3909
3671	3716	3715
3716	3769	3715
3716	3829	3769
3675	3798	3797
3798	3967	3797
3967	3988	3797
3675	3640	3798
3678	3770	3686
3682	3824	3830
3688	3799	3780
3799	3849	3780
3799	3901	3849
3901	3958	3849
3958	3957	3849
3958	4026	3957
4026	3984	3957
4026	4115	3984
4115	4033	3984
4033	3987	3984
4033	3965	3987
4033	4060	3965
4060	3971	3965
3971	3921	3965
3971	3941	3921
3941	3862	3921
3862	3853	3921
3862	3784	3853
3862	3794	3784
3862	3872	3794
3862	3941	3872
3941	4003	3872
4003	4018	3872
4018	3870	3872
4003	4167	4018
4167	4156	4018
4156	4101	4018
4101	4051	4018
4101	4105	4051
4105	4031	4051
4105	4049	4031
4049	4006	4031
4006	3855	4031
4006	3977	3855
4006	4048	3977
4048	4050	3977
4048	4105	4050
4048	4049	4105
4048	4006	4049
4101	4190	4105
4190	4248	4105
4190	4233	4248
4233	4281	4248
4281	4302	4248
4302	4319	4248
4319	4230	4248
4319	4347	4230
4347	4254	4230
4254	4211	4230
4211	4108	4230
4108	4077	4230
4254	4219	4211
4254	4325	4219
4325	4345	4219
4345	4334	4219
4334	4273	4219
4273	4135	4219
4273	4130	4135
4130	4023	4135
4130	3999	4023
4130	3994	3999
4273	4305	4130
4305	4195	4130
4305	4290	4195
4290	4197	4195
4197	4066	4195
4290	4289	4197
4289	4221	4197
4289	4352	4221
4352	4299	4221
4352	4389	4299
4389	4378	4299
4378	4298	4299
4378	4384	4298
4384	4286	4298
4384	4336	4286
4384	4427	4336
4384	4429	4427
4429	4570	4427
4570	4544	4427
4570	4621	4544
4621	4698	4544
4698	4537	4544
4537	4403	4544
4537	4531	4403
4537	4684	4531
4684	4536	4531
4536	4474	4531
4684	4643	4536
4684	4678	4643
4678	4663	4643
4663	4559	4643
4663	4636	4559
4636	4560	4559
4636	4586	4560
4586	4577	4560
4586	4673	4577
4673	4671	4577
4673	4804	4671
4804	4783	4671
4783	4723	4671
4723	4672	4671
4723	4710	4672
4710	4637	4672
4637	4562	4672
4637	4496	4562
4637	4487	4496
4487	4422	4496
4487	4382	4422
4723	4796	4710
4723	4783	4796
4783	4864	4796
4783	4804	4864
4804	4830	4864
4830	4888	4864
4888	4933	4864
4933	4906	4864
4933	4974	4906
4974	4932	4906
4974	4986	4932
4986	5042	4932
5042	5033	4932
5033	4971	4932
5033	5041	4971
5033	5074	5041
5074	5031	5041
5074	5090	5031
5090	5026	5031
5026	5009	5031
5026	5022	5009
5022	4961	5009
5022	4951	4961
4951	4924	4961
4951	4999	4924
4999	4991	4924
4991	4871	4924
4991	4983	4871
4983	4883	4871
4883	4829	4871
4983	4984	4883
4984	4981	4883
4981	4923	4883
4981	5023	4923
5023	4954	4923
4954	4934	4923
4934	4904	4923
4904	4812	4923
4812	4768	4923
4812	4782	4768
4782	4554	4768
4554	4686	4768
4554	4528	4686
4528	4585	4686
4812	4814	4782
4812	4904	4814
4904	4818	4814
4904	4885	4818
4885	4835	4818
4835	4811	4818
4811	4701	4818
4811	4719	4701
4719	4696	4701
4696	4551	4701
4551	4534	4701
4551	4482	4534
4482	4511	4534
4482	4371	4511
4371	4399	4511
4399	4501	4511
4399	4499	4501
4499	4554	4501
4696	4618	4551
4618	4509	4551
4696	4719	4618
4811	4809	4719
4811	4858	4809
4858	4886	4809
4886	4899	4809
4899	4875	4809
4899	4881	4875
4881	4825	4875
4881	4854	4825
4854	4762	4825
4762	4709	4825
4762	4611	4709
4611	4631	4709
4762	4740	4611
4740	4605	4611
4762	4766	4740
4762	4854	4766
4881	4910	4854
4910	4930	4854
4910	4955	4930
4955	4988	4930
4988	4964	4930
4964	4926	4930
4964	4912	4926
4964	4989	4912
4989	4976	4912
4989	5036	4976
5036	5015	4976
5036	5030	5015
5030	5025	5015
5025	4945	5015
5025	4948	4945
4948	4862	4945
4862	4828	4945
4828	4877	4945
4828	4841	4877
4841	4874	4877
4828	4808	4841
4808	4749	4841
4749	4741	4841
4749	4690	4741
4749	4751	4690
4751	4697	4690
4697	4614	4690
4614	4609	4690
4614	4590	4609
4614	4576	4590
4576	4409	4590
4576	4416	4409
4416	4327	4409
4327	4293	4409
4416	4483	4327
4483	4304	4327
4483	4375	4304
4483	4455	4375
4483	4500	4455
4500	4552	4455
4552	4520	4455
4552	4630	4520
4630	4600	4520
4600	4522	4520
4600	4555	4522
4555	4445	4522
4445	4463	4522
4445	4386	4463
4445	4481	4386
4481	4449	4386
4449	4387	4386
4481	4510	4449
4445	4555	4481
4600	4584	4555
4600	4679	4584
4679	4665	4584
4665	4694	4584
4665	4775	4694
4775	4801	4694
4801	4786	4694
4786	4688	4694
4786	4781	4688
4781	4754	4688
4754	4682	4688
4754	4727	4682
4727	4721	4682
4721	4640	4682
4721	4669	4640
4669	4558	4640
4721	4744	4669
4744	4711	4669
4711	4575	4669
4711	4742	4575
4742	4615	4575
4615	4532	4575
4615	4514	4532
4615	4561	4514
4561	4530	4514
4561	4627	4530
4711	4798	4742
4798	4810	4742
4798	4896	4810
4896	4869	4810
4896	4940	4869
4940	4909	4869
4909	4843	4869
4843	4758	4869
4843	4730	4758
4843	4846	4730
4846	4847	4730
4847	4822	4730
4822	4703	4730
4703	4627	4730
4703	4604	4627
4703	4681	4604
4681	4602	4604
4602	4543	4604
4543	4485	4604
4681	4629	4602
4681	4689	4629
4689	4634	4629
4689	4714	4634
4714	4674	4634
4714	4747	4674
4747	4699	4674
4699	4623	4674
4699	4667	4623
4667	4580	4623
4580	4489	4623
4489	4458	4623
4458	4490	4623
4458	4435	4490
4435	4385	4490
4458	4489	4435
4489	4390	4435
4390	4335	4435
4335	4265	4435
4390	4315	4335
4667	4608	4580
4608	4596	4580
4596	4556	4580
4596	4624	4556
4624	4582	4556
4582	4523	4556
4523	4461	4556
4461	4405	4556
4461	4342	4405
4342	4317	4405
4342	4310	4317
4310	4269	4317
4310	4263	4269
4310	4350	4263
4350	4294	4263
4294	4270	4263
4270	4223	4263
4223	4138	4263
4223	4143	4138
4223	4180	4143
4223	4224	4180
4224	4178	4180
4224	4266	4178
4266	4313	4178
4313	4220	4178
4220	4117	4178
4220	4093	4117
4093	3996	4117
3996	4040	4117
3996	3966	4040
3966	3930	4040
3996	3901	3966
3996	3958	3901
3996	4093	3958
4093	4026	3958
4093	4140	4026
4140	4115	4026
4140	4170	4115
4140	4237	4170
4237	4279	4170
4279	4256	4170
4279	4307	4256
4307	4238	4256
4307	4267	4238
4307	4358	4267
4307	4333	4358
4333	4402	4358
4402	4467	4358
4467	4479	4358
4479	4442	4358
4479	4516	4442
4516	4497	4442
4497	4459	4442
4459	4377	4442
4377	4296	4442
4377	4312	4296
4312	4300	4296
4300	4193	4296
4193	4218	4296
4218	4267	4296
4193	4167	4218
4193	4156	4167
4193	4291	4156
4291	4212	4156
4212	4155	4156
4155	4101	4156
4155	4190	4101
4155	4212	4190
4212	4233	4190
4212	4291	4233
4291	4281	4233
4291	4360	4281
4360	4351	4281
4351	4302	4281
4351	4319	4302
4351	4407	4319
4407	4347	4319
4407	4412	4347
4412	4343	4347
4343	4254	4347
4343	4325	4254
4343	4359	4325
4359	4345	4325
4359	4363	4345
4363	4406	4345
4406	4334	4345
4406	4408	4334
4408	4305	4334
4305	4273	4334
4408	4338	4305
4338	4290	4305
4338	4398	4290
4398	4289	4290
4398	4352	4289
4398	4434	4352
4434	4389	4352
4434	4440	4389
4440	4378	4389
4440	4503	4378
4503	4384	4378
4503	4429	4384
4503	4570	4429
4503	4574	4570
4574	4646	4570
4646	4621	4570
4646	4655	4621
4655	4698	4621
4655	4717	4698
4717	4757	4698
4757	4722	4698
4722	4684	4698
4684	4537	4698
4722	4713	4684
4713	4678	4684
4713	4663	4678
4713	4677	4663
4677	4636	4663
4677	4683	4636
4683	4639	4636
4639	4586	4636
4639	4673	4586
4639	4683	4673
4683	4784	4673
4784	4804	4673
4784	4827	4804
4827	4830	4804
4827	4963	4830
4963	4888	4830
4963	4933	4888
4963	5006	4933
5006	5004	4933
5004	4974	4933
5004	4986	4974
5004	5024	4986
5024	5042	4986
5024	5056	5042
5056	5077	5042
5077	5033	5042
5077	5074	5033
5077	5101	5074
5101	5090	5074
5101	5146	5090
5146	5084	5090
5084	5026	5090
5084	5057	5026
5057	5022	5026
5057	5075	5022
5075	4999	5022
4999	4951	5022
5075	5027	4999
5027	4991	4999
5027	5061	4991
5061	4983	4991
5061	4984	4983
5061	5062	4984
5062	4981	4984
5062	5063	4981
5063	5023	4981
5063	5052	5023
5052	5046	5023
5046	5002	5023
5002	4954	5023
5002	5000	4954
5000	4902	4954
4902	4934	4954
4902	4885	4934
4885	4904	4934
4902	4851	4885
4851	4835	4885
4851	4811	4835
4851	4858	4811
4851	4886	4858
4851	4902	4886
4902	4947	4886
4947	4958	4886
4958	4899	4886
4958	4967	4899
4967	4943	4899
4943	4881	4899
4943	4910	4881
4943	4955	4910
4943	4967	4955
4967	4998	4955
4998	4988	4955
4998	5016	4988
5016	4964	4988
4998	5008	5016
5008	5070	5016
5070	5060	5016
5070	5116	5060
5116	5108	5060
5108	5050	5060
5116	5142	5108
5142	5110	5108
5142	5114	5110
5114	5094	5110
5094	5050	5110
5094	5036	5050
5036	4989	5050
5094	5030	5036
5094	5083	5030
5083	5025	5030
5083	5032	5025
5032	4948	5025
5083	5068	5032
5068	5039	5032
5068	5105	5039
5105	5018	5039
5018	4965	5039
4965	4922	5039
4922	4948	5039
4922	4921	4948
4921	4862	4948
4921	4922	4862
4922	4823	4862
4823	4819	4862
4819	4828	4862
4819	4808	4828
4819	4751	4808
4751	4749	4808
4819	4755	4751
4755	4697	4751
4755	4704	4697
4704	4619	4697
4619	4614	4697
4619	4594	4614
4594	4576	4614
4594	4680	4576
4680	4500	4576
4500	4483	4576
4483	4416	4576
4680	4670	4500
4670	4552	4500
4670	4630	4552
4670	4788	4630
4788	4706	4630
4706	4600	4630
4706	4734	4600
4734	4679	4600
4734	4769	4679
4769	4665	4679
4769	4775	4665
4769	4842	4775
4842	4801	4775
4842	4855	4801
4855	4786	4801
4855	4781	4786
4855	4776	4781
4776	4754	4781
4776	4727	4754
4842	4903	4855
4903	4901	4855
4903	4975	4901
4975	4957	4901
4957	4908	4901
4957	4917	4908
4917	4800	4908
4917	4798	4800
4798	4744	4800
4744	4721	4800
4798	4711	4744
4917	4896	4798
4917	4925	4896
4925	4940	4896
4925	4990	4940
4990	5012	4940
5012	4950	4940
4950	4909	4940
4950	4936	4909
4936	4895	4909
4895	4846	4909
4846	4843	4909
4895	4847	4846
4895	4856	4847
4856	4822	4847
4856	4806	4822
4806	4714	4822
4714	4689	4822
4689	4681	4822
4681	4703	4822
4806	4747	4714
4806	4799	4747
4799	4816	4747
4816	4699	4747
4816	4780	4699
4780	4667	4699
4780	4791	4667
4791	4708	4667
4708	4668	4667
4668	4635	4667
4635	4608	4667
4635	4596	4608
4635	4668	4596
4668	4624	4596
4668	4708	4624
4708	4720	4624
4708	4760	4720
4760	4765	4720
4765	4738	4720
4765	4778	4738
4778	4771	4738
4771	4764	4738
4764	4700	4738
4764	4774	4700
4764	4790	4774
4790	4876	4774
4876	4802	4774
4802	4756	4774
4756	4692	4774
4756	4676	4692
4676	4638	4692
4638	4653	4692
4653	4660	4692
4660	4700	4692
4660	4654	4700
4654	4633	4700
4654	4622	4633
4622	4607	4633
4622	4566	4607
4566	4512	4607
4512	4569	4607
4512	4505	4569
4505	4582	4569
4582	4624	4569
4505	4523	4582
4505	4480	4523
4480	4461	4523
4480	4404	4461
4404	4342	4461
4404	4350	4342
4350	4310	4342
4404	4431	4350
4431	4348	4350
4348	4294	4350
4348	4270	4294
4348	4266	4270
4266	4224	4270
4224	4223	4270
4348	4313	4266
4348	4419	4313
4419	4418	4313
4418	4301	4313
4301	4278	4313
4278	4220	4313
4278	4237	4220
4237	4140	4220
4140	4093	4220
4278	4301	4237
4301	4279	4237
4301	4326	4279
4326	4333	4279
4333	4307	4279
4326	4402	4333
4326	4301	4402
4301	4418	4402
4418	4507	4402
4507	4467	4402
4507	4502	4467
4502	4479	4467
4502	4529	4479
4529	4516	4479
4529	4564	4516
4564	4533	4516
4533	4497	4516
4533	4493	4497
4493	4459	4497
4493	4377	4459
4493	4397	4377
4397	4362	4377
4362	4291	4377
4291	4300	4377
4300	4312	4377
4291	4193	4300
4362	4360	4291
4362	4397	4360
4397	4351	4360
4397	4407	4351
4397	4493	4407
4493	4515	4407
4515	4412	4407
4493	4533	4515
4533	4588	4515
4588	4567	4515
4588	4592	4567
4592	4546	4567
4546	4498	4567
4546	4506	4498
4506	4408	4498
4408	4406	4498
4506	4540	4408
4506	4546	4540
4546	4620	4540
4620	4591	4540
4591	4547	4540
4547	4526	4540
4526	4464	4540
4526	4440	4464
4440	4434	4464
4434	4398	4464
4398	4408	4464
4398	4338	4408
4526	4547	4440
4547	4503	4440
4547	4574	4503
4547	4625	4574
4625	4648	4574
4648	4646	4574
4648	4736	4646
4736	4715	4646
4715	4655	4646
4715	4717	4655
4715	4773	4717
4773	4757	4717
4773	4863	4757
4863	4803	4757
4803	4772	4757
4772	4722	4757
4772	4713	4722
4772	4824	4713
4824	4860	4713
4860	4777	4713
4777	4677	4713
4777	4683	4677
4777	4784	4683
4777	4827	4784
4777	4831	4827
4831	4946	4827
4831	4860	4946
4860	4914	4946
4914	4960	4946
4960	4980	4946
4960	5003	4980
5003	5019	4980
5019	5037	4980
5019	5054	5037
5054	5066	5037
5066	5007	5037
5007	4977	5037
5007	4963	4977
5007	5006	4963
5007	5047	5006
5047	5045	5006
5045	5040	5006
5040	5013	5006
5013	5004	5006
5013	5035	5004
5035	5024	5004
5035	5056	5024
5035	5093	5056
5093	5077	5056
5093	5097	5077
5097	5128	5077
5128	5155	5077
5155	5101	5077
5155	5152	5101
5152	5146	5101
5152	5173	5146
5173	5174	5146
5174	5084	5146
5174	5127	5084
5127	5057	5084
5127	5100	5057
5100	5075	5057
5100	5137	5075
5137	5061	5075
5061	5027	5075
5137	5120	5061
5120	5062	5061
5120	5063	5062
5120	5096	5063
5096	5082	5063
5082	5052	5063
5082	5046	5052
5082	5096	5046
5096	5043	5046
5043	5002	5046
5043	5000	5002
5043	5014	5000
5014	4947	5000
4947	4902	5000
5014	4995	4947
4995	4992	4947
4992	4958	4947
4992	5008	4958
5008	4967	4958
5008	4998	4967
4992	5070	5008
4992	4995	5070
4995	5014	5070
5014	5095	5070
5095	5106	5070
5106	5122	5070
5122	5116	5070
5122	5142	5116
5122	5151	5142
5151	5178	5142
5178	5135	5142
5135	5114	5142
5135	5113	5114
5113	5094	5114
5113	5083	5094
5113	5135	5083
5178	5169	5135
5169	5144	5135
5144	5068	5135
5144	5105	5068
5144	5154	5105
5154	5086	5105
5086	5018	5105
5086	5034	5018
5034	4965	5018
5086	5076	5034
5076	5044	5034
5044	4935	5034
4935	4927	5034
4927	4900	5034
4927	4859	4900
4859	4839	4900
4839	4911	4900
4911	4965	4900
4911	4922	4965
4911	4820	4922
4820	4823	4922
4820	4755	4823
4755	4819	4823
4820	4728	4755
4728	4704	4755
4728	4680	4704
4680	4619	4704
4680	4594	4619
4728	4716	4680
4716	4670	4680
4716	4735	4670
4735	4788	4670
4735	4839	4788
4839	4813	4788
4813	4805	4788
4805	4706	4788
4805	4734	4706
4805	4842	4734
4842	4769	4734
4805	4878	4842
4878	4903	4842
4878	4918	4903
4918	4970	4903
4970	4969	4903
4969	4975	4903
4969	4987	4975
4987	5010	4975
5010	4957	4975
5010	5020	4957
5020	4996	4957
4996	4917	4957
4996	4994	4917
4994	4925	4917
4994	4990	4925
4994	5051	4990
5051	5012	4990
5051	5053	5012
5053	4993	5012
4993	4950	5012
4993	4968	4950
4968	4936	4950
4968	4895	4936
4968	4915	4895
4915	4897	4895
4897	4856	4895
4897	4865	4856
4865	4806	4856
4865	4866	4806
4866	4799	4806
4866	4849	4799
4849	4816	4799
4849	4815	4816
4815	4780	4816
4815	4791	4780
4815	4817	4791
4817	4760	4791
4760	4708	4791
4817	4765	4760
4817	4873	4765
4873	4879	4765
4879	4778	4765
4879	4868	4778
4868	4790	4778
4790	4771	4778
4790	4764	4771
4868	4876	4790
4868	4889	4876
4889	4890	4876
4890	4867	4876
4867	4802	4876
4867	4848	4802
4848	4795	4802
4795	4756	4802
4795	4746	4756
4795	4763	4746
4763	4691	4746
4691	4702	4746
4691	4695	4702
4695	4664	4702
4695	4649	4664
4649	4620	4664
4620	4632	4664
4632	4676	4664
4632	4587	4676
4587	4638	4676
4587	4564	4638
4564	4595	4638
4595	4647	4638
4647	4653	4638
4647	4660	4653
4647	4622	4660
4622	4654	4660
4647	4610	4622
4610	4578	4622
4578	4566	4622
4578	4542	4566
4542	4484	4566
4484	4512	4566
4484	4432	4512
4432	4431	4512
4431	4505	4512
4431	4469	4505
4469	4480	4505
4469	4404	4480
4469	4431	4404
4432	4348	4431
4432	4419	4348
4432	4484	4419
4484	4508	4419
4508	4418	4419
4508	4524	4418
4524	4507	4418
4524	4553	4507
4553	4502	4507
4553	4539	4502
4539	4529	4502
4539	4564	4529
4539	4595	4564
4539	4610	4595
4610	4647	4595
4539	4578	4610
4539	4553	4578
4553	4524	4578
4524	4542	4578
4524	4508	4542
4508	4484	4542
4587	4533	4564
4587	4588	4533
4587	4632	4588
4632	4592	4588
4632	4620	4592
4620	4546	4592
4649	4591	4620
4649	4626	4591
4626	4547	4591
4626	4625	4547
4626	4662	4625
4662	4652	4625
4652	4648	4625
4652	4736	4648
4652	4705	4736
4705	4763	4736
4763	4785	4736
4785	4779	4736
4779	4773	4736
4773	4715	4736
4779	4826	4773
4826	4863	4773
4826	4891	4863
4891	4916	4863
4916	4892	4863
4892	4853	4863
4853	4803	4863
4853	4824	4803
4824	4772	4803
4853	4914	4824
4914	4860	4824
4853	4937	4914
4937	4960	4914
4937	4916	4960
4916	4956	4960
4956	5003	4960
4956	4966	5003
4966	4959	5003
4959	4979	5003
4979	5001	5003
5001	5021	5003
5021	5038	5003
5038	5019	5003
5021	5048	5038
5048	5079	5038
5079	5054	5038
5079	5085	5054
5085	5073	5054
5073	5066	5054
5073	5098	5066
5098	5047	5066
5047	5007	5066
5098	5045	5047
5098	5040	5045
5098	5093	5040
5093	5035	5040
5035	5013	5040
5098	5132	5093
5132	5128	5093
5128	5097	5093
5132	5139	5128
5139	5168	5128
5168	5155	5128
5168	5183	5155
5183	5173	5155
5173	5152	5155
5183	5188	5173
5188	5196	5173
5196	5174	5173
5196	5194	5174
5194	5138	5174
5138	5127	5174
5138	5100	5127
5138	5164	5100
5164	5137	5100
5164	5171	5137
5171	5120	5137
5171	5166	5120
5166	5143	5120
5143	5121	5120
5121	5096	5120
5121	5133	5096
5133	5131	5096
5131	5043	5096
5131	5091	5043
5091	5014	5043
5091	5089	5014
5089	5095	5014
5089	5106	5095
5089	5091	5106
5091	5131	5106
5131	5122	5106
5131	5151	5122
5131	5161	5151
5161	5192	5151
5192	5178	5151
5192	5191	5178
5191	5182	5178
5182	5169	5178
5182	5179	5169
5179	5159	5169
5159	5144	5169
5159	5154	5144
5159	5179	5154
5179	5189	5154
5189	5136	5154
5136	5086	5154
5136	5076	5086
5136	5071	5076
5071	5044	5076
5071	5058	5044
5058	4987	5044
4987	4970	5044
4970	4944	5044
4944	4935	5044
4944	4928	4935
4928	4907	4935
4907	4805	4935
4805	4837	4935
4837	4927	4935
4837	4859	4927
4837	4839	4859
4837	4813	4839
4837	4805	4813
4907	4878	4805
4907	4918	4878
4907	4944	4918
4944	4970	4918
4907	4928	4944
4987	4969	4970
5058	5010	4987
5058	5055	5010
5055	5029	5010
5029	5020	5010
5029	5049	5020
5049	4996	5020
5049	5072	4996
5072	4994	4996
5072	5051	4994
5072	5078	5051
5078	5099	5051
5099	5092	5051
5092	5053	5051
5092	5059	5053
5059	4993	5053
5059	5005	4993
5005	4973	4993
4973	4968	4993
4973	4915	4968
4973	4985	4915
4985	4929	4915
4929	4919	4915
4919	4897	4915
4919	4866	4897
4866	4865	4897
4919	4929	4866
4985	4938	4929
4985	4997	4938
4997	4982	4938
4982	4931	4938
4982	4942	4931
4942	4939	4931
4939	4873	4931
4873	4861	4931
4873	4817	4861
4817	4857	4861
4817	4815	4857
4815	4849	4857
4849	4866	4857
4939	4913	4873
4913	4879	4873
4913	4882	4879
4882	4868	4879
4882	4905	4868
4905	4889	4868
4905	4949	4889
4949	4920	4889
4920	4890	4889
4920	4893	4890
4893	4850	4890
4850	4848	4890
4848	4867	4890
4850	4795	4848
4850	4763	4795
4850	4785	4763
4850	4826	4785
4826	4779	4785
4850	4893	4826
4893	4891	4826
4893	4898	4891
4898	4956	4891
4956	4916	4891
4898	4966	4956
4898	4952	4966
4952	4959	4966
4952	4953	4959
4953	4979	4959
4953	4949	4979
4949	4972	4979
4972	4978	4979
4978	5001	4979
4978	5011	5001
5011	5017	5001
5017	5021	5001
5017	5048	5021
5017	5011	5048
5011	5064	5048
5064	5065	5048
5065	5079	5048
5065	5107	5079
5107	5119	5079
5119	5115	5079
5115	5085	5079
5115	5073	5085
5115	5117	5073
5117	5098	5073
5117	5141	5098
5141	5150	5098
5150	5139	5098
5139	5132	5098
5150	5158	5139
5158	5168	5139
5158	5170	5168
5158	5150	5170
5150	5141	5170
5141	5156	5170
5156	5175	5170
5175	5181	5170
5175	5160	5181
5160	5172	5181
5172	5187	5181
5187	5186	5181
5186	5185	5181
5186	5188	5185
5188	5183	5185
5183	5168	5185
5187	5198	5186
5187	5190	5198
5190	5184	5198
5184	5208	5198
5184	5180	5208
5180	5204	5208
5204	5211	5208
5211	5214	5208
5214	5213	5208
5214	5212	5213
5212	5206	5213
5212	5202	5206
5202	5199	5206
5199	5163	5206
5163	5201	5206
5163	5165	5201
5165	5166	5201
5166	5193	5201
5193	5197	5201
5193	5164	5197
5164	5194	5197
5194	5203	5197
5203	5207	5197
5203	5205	5207
5205	5188	5207
5205	5196	5188
5205	5203	5196
5203	5194	5196
5164	5138	5194
5193	5171	5164
5193	5166	5171
5165	5143	5166
5165	5163	5143
5163	5121	5143
5163	5133	5121
5163	5167	5133
5167	5161	5133
5161	5131	5133
5167	5192	5161
5167	5199	5192
5199	5202	5192
5202	5191	5192
5202	5209	5191
5209	5195	5191
5195	5182	5191
5195	5179	5182
5195	5189	5179
5195	5210	5189
5210	5200	5189
5200	5136	5189
5200	5180	5136
5180	5177	5136
5177	5162	5136
5162	5125	5136
5125	5111	5136
5111	5071	5136
5111	5058	5071
5111	5088	5058
5088	5055	5058
5088	5102	5055
5102	5049	5055
5049	5029	5055
5102	5072	5049
5102	5104	5072
5104	5087	5072
5087	5078	5072
5087	5099	5078
5087	5130	5099
5130	5145	5099
5145	5103	5099
5103	5092	5099
5103	5059	5092
5103	5109	5059
5109	5081	5059
5081	5067	5059
5067	5028	5059
5028	5005	5059
5028	4997	5005
4997	4985	5005
4985	4973	5005
5028	5011	4997
5011	4982	4997
5011	4978	4982
4978	4939	4982
4939	4942	4982
4978	4962	4939
4962	4913	4939
4962	4905	4913
4905	4882	4913
4962	4949	4905
4962	4972	4949
4962	4978	4972
5067	5069	5028
5069	5064	5028
5069	5080	5064
5080	5107	5064
5107	5065	5064
5080	5123	5107
5123	5129	5107
5129	5119	5107
5129	5156	5119
5156	5115	5119
5156	5117	5115
5156	5141	5117
5129	5157	5156
5157	5175	5156
5157	5153	5175
5153	5148	5175
5148	5160	5175
5148	5149	5160
5149	5145	5160
5145	5172	5160
5145	5140	5172
5145	5130	5140
5130	5112	5140
5112	5118	5140
5112	5102	5118
5102	5088	5118
5088	5162	5118
5162	5176	5118
5162	5177	5176
5177	5180	5176
5180	5184	5176
5088	5125	5162
5088	5111	5125
5112	5104	5102
5112	5130	5104
5130	5087	5104
5149	5124	5145
5124	5103	5145
5124	5109	5103
5124	5126	5109
5126	5081	5109
5126	5123	5081
5123	5080	5081
5080	5067	5081
5080	5069	5067
5126	5134	5123
5134	5129	5123
5134	5153	5129
5153	5157	5129
5134	5147	5153
5147	5148	5153
5147	5126	5148
5126	5124	5148
5124	5149	5148
5147	5134	5126
5200	5204	5180
5200	5210	5204
5210	5211	5204
5210	5214	5211
5210	5209	5214
5209	5212	5214
5209	5202	5212
5210	5195	5209
5167	5163	5199
5190	5172	5184
5190	5187	5172
4953	4920	4949
4953	4952	4920
4952	4898	4920
4898	4893	4920
4937	4892	4916
4937	4853	4892
4705	4691	4763
4705	4662	4691
4662	4649	4691
4649	4695	4691
4662	4626	4649
4705	4652	4662
4716	4728	4735
4831	4777	4860
4363	4412	4406
4363	4359	4412
4359	4343	4412
3941	3971	4003
3706	3708	3717
3717	3838	3706
3717	3708	3838
3714	3787	3937
3718	3786	3730
3723	3936	3776
3776	3653	3723
3653	3685	3723
3739	3793	3806
3806	3757	3739
3806	3890	3757
3890	3843	3757
3890	3947	3843
3890	4079	3947
3806	3861	3890
3861	3938	3890
3938	4066	3890
3739	3582	3793
3582	3700	3793
3741	3785	3828
3785	3788	3828
3788	3887	3828
3887	3939	3828
3788	3859	3887
3788	3844	3859
3759	3866	3902
3866	3974	3902
3902	3811	3759
3760	3826	3796
3826	3869	3796
3869	3829	3796
3869	3930	3829
3869	3914	3930
3869	3826	3914
3826	3928	3914
3928	3954	3914
3954	3976	3914
3954	3973	3976
3954	3928	3973
3928	3934	3973
3934	3980	3973
3980	4062	3973
3980	3956	4062
3956	4065	4062
4065	4134	4062
4134	4138	4062
3980	3934	3956
3934	3883	3956
3765	3895	3867
3895	3916	3867
3895	3960	3916
3767	3778	3879
3791	3948	3851
3948	4000	3851
4000	3905	3851
4000	4014	3905
4000	4084	4014
4084	4137	4014
3948	4010	4000
3812	3993	3889
3993	3968	3889
3993	4054	3968
3822	3931	3989
3827	4047	4016
4047	4088	4016
4047	4192	4088
4192	4227	4088
4047	4104	4192
4104	4215	4192
4047	3916	4104
3835	3932	3898
3932	4044	3898
4044	4012	3898
4012	3896	3898
3932	4056	4044
4056	4145	4044
4056	4089	4145
4089	4206	4145
4206	4241	4145
4206	4314	4241
4314	4330	4241
4330	4292	4241
4314	4452	4330
4452	4466	4330
4206	4276	4314
4276	4423	4314
4276	4246	4423
4276	4201	4246
4276	4206	4201
4206	4129	4201
4206	4089	4129
4089	4009	4129
3864	3992	3985
3985	3875	3864
3868	3951	3906
3951	4090	3906
3951	4216	4090
3951	4072	4216
3951	4059	4072
4059	4217	4072
3868	3751	3951
3884	4013	4008
4008	3931	3884
4013	4100	4008
4013	4075	4100
4013	4085	4075
4085	4311	4075
3893	4041	3975
3975	3933	3893
3975	3920	3933
3927	3959	4071
3935	3955	4126
3943	3978	4073
3978	4111	4073
3963	3981	4032
3981	4099	4032
3981	4098	4099
3981	4113	4098
3970	4146	4034
3970	4064	4146
4064	4095	4146
4095	4202	4146
4095	4162	4202
4095	4070	4162
4070	4164	4162
4070	4110	4164
4070	3995	4110
3995	4021	4110
3998	4022	4123
4022	4114	4123
4114	4163	4123
4163	4258	4123
4163	4125	4258
4163	4114	4125
4114	4025	4125
4114	4022	4025
4019	4141	4057
4027	4181	4046
4181	4132	4046
4132	4042	4046
4132	4150	4042
4132	4274	4150
4274	4323	4150
4323	4275	4150
4275	4242	4150
4275	4293	4242
4275	4323	4293
4323	4364	4293
4323	4274	4364
4274	4391	4364
4391	4436	4364
4391	4462	4436
4391	4373	4462
4391	4285	4373
4285	4396	4373
4285	4181	4396
4181	4370	4396
4181	4188	4370
4188	4341	4370
4188	4250	4341
4181	4027	4188
4285	4132	4181
4285	4274	4132
4285	4391	4274
4053	4166	4165
4053	4034	4166
4053	4029	4034
4029	3974	4034
4029	4053	3974
4166	4257	4165
4257	4204	4165
4257	4259	4204
4257	4414	4259
4257	4316	4414
4257	4166	4316
4058	4069	4133
4069	4151	4133
4058	3988	4069
4058	3960	3988
4067	4187	4210
4187	4251	4210
4082	4092	4261
4087	4205	4196
4205	4235	4196
4205	4222	4235
4091	4198	4199
4091	4121	4198
4121	4158	4198
4158	4225	4198
4121	4171	4158
4097	4160	4191
4160	4149	4191
4149	4331	4191
4191	4176	4097
4176	4102	4097
4176	4284	4102
4284	4209	4102
4209	4148	4102
4209	4322	4148
4176	4191	4284
4106	4136	4177
4106	4086	4136
4109	4172	4147
4116	4207	4252
4207	4332	4252
4122	4175	4152
4122	4239	4175
4122	4182	4239
4182	4232	4239
4232	4318	4239
4182	4128	4232
4175	4272	4152
4124	4189	4153
4189	4265	4153
4173	4249	4243
4249	4430	4243
4243	4250	4173
4174	4253	4303
4174	4214	4253
4253	4309	4303
4303	4262	4174
4303	4368	4262
4368	4288	4262
4368	4443	4288
4303	4475	4368
4203	4328	4321
4328	4424	4321
4424	4401	4321
4424	4470	4401
4424	4425	4470
4424	4328	4425
4203	4231	4328
4240	4395	4245
4245	4217	4240
4247	4357	4381
4357	4410	4381
4410	4454	4381
4454	4513	4381
4264	4369	4392
4280	4471	4287
4365	4476	4448
4411	4447	4549
4447	4593	4549
4426	4617	4488
4441	4465	4491
4441	4430	4465
4491	4477	4441
4453	4572	4657
4453	4395	4572
4395	4521	4572
4521	4724	4572
4724	4641	4572
4641	4657	4572
4641	4829	4657
4641	4724	4829
4657	4473	4453
4494	4589	4538
4495	4642	4545
4495	4612	4642
4495	4518	4612
4495	4471	4518
4504	4527	4519
4504	4583	4527
4571	4598	4601
4597	4745	4712
4712	4589	4597
4644	4759	4650
4707	4753	4752
4753	4838	4752
4838	4874	4752
4838	4976	4874
4838	4852	4976
4838	4793	4852
4793	4832	4852
4832	4912	4852
4832	4834	4912
4832	4770	4834
4770	4732	4834
4732	4739	4834
4732	4718	4739
4832	4793	4770
4838	4737	4793
4838	4753	4737
4753	4707	4737
4733	4794	4821
4794	4887	4821
4887	4844	4821
4887	4884	4844
4794	4840	4887
4870	4872	4894
4872	4880	4894
4880	4941	4894
34	85	18
154	256	290
933	816	741
1507	1628	1447
1628	1511	1447
1511	1419	1447
1419	1412	1447
929	785	904
929	839	785
839	758	785
613	561	704
359	207	339
359	361	207
361	348	207
348	309	207
361	373	348
504	646	517
1560	1619	1551
2395	2697	2540
1541	1414	1537
201	252	261
168	255	188
255	298	188
298	252	188
197	324	236
185	324	173
185	203	324
508	539	423
508	604	539
604	638	539
508	537	604
537	617	604
578	573	537
578	643	573
951	941	871
951	1027	941
1119	1248	1073
1248	1268	1073
1290	1353	1378
1495	1490	1353
1428	1382	1546
1382	1601	1546
1601	1568	1546
1382	1553	1601
1382	1381	1553
1381	1338	1553
1209	1150	1308
1150	1334	1308
1334	1350	1308
1072	1135	1209
1072	1019	1135
1019	989	1135
533	528	470
651	505	659
505	526	659
651	492	505
1212	1130	1061
1542	1369	1640
1369	1634	1640
1369	1403	1634
1542	1295	1369
1542	1263	1295
1542	1364	1263
150	219	120
60	92	35
92	93	35
93	68	35
68	36	35
68	70	36
70	42	36
70	43	42
70	69	43
57	49	69
397	461	455
82	95	64
82	117	95
82	102	117
711	658	678
535	525	658
535	515	525
853	888	735
333	342	245
333	426	342
333	427	426
719	797	645
1800	1747	2050
1747	1870	2050
1842	1522	1781
1522	1523	1781
1523	1655	1781
1522	1346	1523
1522	1513	1346
1513	1400	1346
1400	1297	1346
1400	1260	1297
1513	1581	1400
1513	1665	1581
1513	1732	1665
1513	1522	1732
1522	1842	1732
1612	1418	1693
1418	1417	1693
1191	1194	1104
1099	1088	1218
368	557	456
368	439	557
600	662	495
600	792	662
600	774	792
1118	1261	1006
1118	1283	1261
523	375	419
462	347	464
1004	1058	827
1575	1464	1717
1661	1517	1799
1517	1819	1799
1517	1681	1819
1299	1276	1469
1299	1136	1276
813	815	723
815	568	723
1345	1389	1277
1496	1532	1345
1754	1685	1587
1754	1865	1685
3208	3005	3006
3208	3073	3005
3208	3268	3073
3208	3356	3268
3028	3058	3208
3058	3250	3208
3028	2925	3058
1795	1790	2004
1790	1965	2004
1790	1780	1965
1370	1450	1424
1641	1716	1690
1641	1466	1716
1432	1508	1479
1900	1983	1794
1983	1805	1794
1769	1912	1676
1783	2016	1953
2257	2117	2157
2257	2206	2117
2257	2357	2206
1699	1450	1670
1699	1637	1450
2101	2063	1986
2030	2290	2101
2027	2315	2258
1756	1782	1711
1733	1642	1742
2007	1906	1898
1906	1734	1898
1945	1765	1904
2220	2098	2049
2688	2743	2500
2688	2802	2743
1964	2047	2189
1952	2044	2082
2313	2400	2166
2094	1958	2000
2160	1960	2002
2486	2759	2462
2759	2577	2462
2486	2797	2759
2088	1969	2096
2086	1870	2105
3722	3951	3751
3722	4059	3951
3917	4139	3907
4139	4168	3907
4208	4457	4380
2803	2908	2762
2803	2960	2908
3153	3510	3157
3153	3542	3510
3153	3304	3542
3304	3313	3542
2864	2841	3099
2490	2308	2393
2915	3101	2916
3101	3074	2916
2581	2588	2535
2581	2626	2588
2622	2642	2635
2383	2170	2352
2365	2607	2492
2365	2274	2607
2274	2291	2607
2291	2603	2607
2291	2387	2603
2825	3046	2828
2747	2927	2666
2968	2922	2912
3132	3317	3105
3034	3114	2950
3114	3013	2950
2814	2507	2703
2507	2538	2703
3226	3460	3187
3226	3362	3460
2986	2884	2856
3591	3782	3564
3782	3660	3564
3660	3604	3564
3591	3857	3782
3591	3663	3857
3148	3368	3398
3148	3041	3368
3041	3038	3368
3038	3075	3368
3075	3254	3368
3038	3033	3075
3016	3225	3181
3016	3196	3225
3016	2981	3196
3094	3112	3302
3709	3865	3818
3709	3567	3865
3567	3751	3865
3751	3906	3865
3751	3868	3906
3283	3425	3526
3549	3614	3699
3614	3701	3699
3438	3165	3370
3438	3418	3165
3311	3527	3275
3237	3385	3218
3506	3656	3383
3640	3675	3357
3443	3750	3652
3750	3762	3652
3443	3596	3750
3622	3377	3645
3377	3383	3645
3820	4013	3746
4013	3884	3746
3820	4085	4013
3820	4063	4085
3829	3930	3769
3797	3765	3675
3797	3895	3765
3797	3960	3895
3797	3988	3960
4018	4051	3870
4051	3842	3870
4051	4031	3842
4031	3855	3842
4105	4248	4050
4248	4230	4050
4230	4077	4050
4077	4017	4050
4219	4135	4211
4864	4906	4796
4906	4787	4796
4782	4814	4554
4814	4701	4554
4701	4511	4554
4511	4501	4554
4814	4818	4701
4482	4229	4371
4976	4852	4912
5015	4874	4976
5015	4877	4874
5015	4945	4877
4375	4141	4304
4375	4282	4141
4481	4555	4510
4530	4485	4514
4674	4490	4634
4674	4623	4490
4435	4265	4385
4265	4189	4385
4390	4405	4315
4390	4556	4405
4390	4580	4556
4390	4489	4580
4317	4269	4405
4358	4296	4267
4167	3971	4218
4167	4003	3971
5032	5039	4948
4720	4569	4624
4720	4738	4569
4738	4700	4569
4700	4633	4569
4774	4692	4700
4515	4567	4412
4567	4498	4412
4498	4406	4412
4540	4464	4408
4946	4963	4827
4946	4977	4963
4946	5037	4977
4946	4980	5037
5034	4900	4965
4746	4676	4756
4931	4861	4938
4861	4857	4938
4857	4866	4938
5170	5185	5168
5170	5181	5185
5186	5213	5188
5213	5207	5188
5213	5201	5207
5201	5197	5207
5213	5206	5201
5186	5198	5213
5198	5208	5213
5140	5176	5172
5140	5118	5176
3780	3631	3688
3780	3693	3631
3890	4066	4079
4066	4120	4079
4120	4118	4079
3939	3741	3828
3914	3976	3930
3985	4121	3875
4092	4184	4261
4261	4468	4082
4158	4260	4225
4331	4284	4191
4284	4417	4209
4239	4272	4175
4239	4318	4272
4430	4441	4243
4733	4659	4794
