278.906889 222.509755 43.277119 255 0 0
290.955247 210.883049 46.687729 255 0 0
304.191704 200.599036 50.066928 255 0 0
318.616260 191.657716 53.414717 255 0 0
334.228915 184.059088 56.731094 255 0 0
351.029670 177.803152 60.016062 255 0 0
369.018524 172.889909 63.269618 255 0 0
388.195477 169.319358 66.491764 255 0 0
408.560530 167.091500 69.682500 0 255 0
390.544911 166.891203 83.003581 0 255 0
373.821650 168.151423 96.290495 0 255 0
358.390747 170.872159 109.543241 0 255 0
344.252201 175.053412 122.761821 0 255 0
331.406013 180.695182 135.946234 0 255 0
319.852182 187.797468 149.096480 0 255 0
309.590708 196.360271 162.212559 0 255 0
300.621592 206.383590 175.294472 0 255 0
