28.081713 37.176288 11.250000 255 0 0
28.325681 36.930589 10.281250 255 0 0
28.622024 36.552364 9.312500 255 0 0
28.970745 36.041616 8.343750 255 0 0
29.371843 35.398342 7.375000 255 0 0
29.825317 34.622544 6.406250 255 0 0
30.331168 33.714221 5.437500 255 0 0
30.889395 32.673373 4.468750 255 0 0
31.500000 31.500000 3.500000 0 255 0
30.694918 30.450484 4.468750 0 255 0
29.964430 29.522384 5.437500 0 255 0
29.308535 28.715700 6.406250 0 255 0
28.727234 28.030433 7.375000 0 255 0
28.220527 27.466582 8.343750 0 255 0
27.788413 27.024147 9.312500 0 255 0
27.430894 26.703129 10.281250 0 255 0
27.147968 26.503527 11.250000 0 255 0
