   3.4591791e+02   1.5869403e+02   1.1800000e+02
   3.4008706e+02   1.5795771e+02   1.1000000e+02
   3.2661443e+02   1.4957960e+02   1.0200000e+02
   3.3861443e+02   1.5139055e+02   9.4000000e+01
   3.3787811e+02   1.4810697e+02   8.6000000e+01
   3.4478358e+02   1.4737065e+02   7.8000000e+01
   3.4914179e+02   1.4918159e+02   7.0000000e+01
   3.5095274e+02   1.5099254e+02   6.2000000e+01
   3.5092786e+02   1.5535075e+02   5.4000000e+01
   3.6921144e+02   1.6735075e+02   4.6000000e+01
   3.3946517e+02   2.1082836e+02   4.2000000e+01
   2.9542537e+02   2.3301741e+02   5.0000000e+01
   2.7431095e+02   2.4247015e+02   5.8000000e+01
