   2.8699296e+01   2.7319010e+01   1.1000000e+01
   2.8584869e+01   2.7425492e+01   1.0000000e+01
   2.8356013e+01   2.7957899e+01   9.0000000e+00
   2.8584869e+01   2.8809751e+01   8.0000000e+00
   2.8127157e+01   3.0300492e+01   7.0000000e+00
   2.8127157e+01   3.1897714e+01   6.0000000e+00
   2.9042580e+01   3.4027344e+01   5.0000000e+00
   2.9271436e+01   3.5411603e+01   6.0000000e+00
   2.9157008e+01   3.5518084e+01   7.0000000e+00
   2.9157008e+01   3.5944010e+01   8.0000000e+00
   2.8470441e+01   3.5731047e+01   9.0000000e+00
   2.8584869e+01   3.5731047e+01   1.0000000e+01
   2.8012729e+01   3.5411603e+01   1.1000000e+01
