   3.3946517e+02   1.4459950e+02   1.1800000e+02
   3.4382338e+02   1.4131592e+02   1.1000000e+02
   3.3035075e+02   1.3803234e+02   1.0200000e+02
   3.3411443e+02   1.3542786e+02   9.4000000e+01
   3.5375622e+02   1.3214428e+02   8.6000000e+01
   3.6725622e+02   1.3927612e+02   7.8000000e+01
   3.8089801e+02   1.4018159e+02   7.4000000e+01
   3.7670896e+02   1.4872886e+02   6.8000000e+01
   3.9544527e+02   1.5472886e+02   6.4000000e+01
   3.9635075e+02   1.6072886e+02   5.8000000e+01
   3.8811443e+02   1.8178607e+02   5.4000000e+01
   3.7628358e+02   2.0306965e+02   5.0000000e+01
   3.6040547e+02   2.2667413e+02   4.6000000e+01
