   2.7440590e+01   2.7957899e+01   1.2000000e+01
   2.7211734e+01   2.8383825e+01   1.1000000e+01
   2.6754023e+01   2.9342159e+01   1.0000000e+01
   2.7097306e+01   2.9981047e+01   9.0000000e+00
   2.7211734e+01   3.0726418e+01   8.0000000e+00
   2.7898301e+01   3.1791233e+01   7.0000000e+00
   2.8699296e+01   3.4027344e+01   6.0000000e+00
   2.9271436e+01   3.5944010e+01   7.0000000e+00
   2.8928152e+01   3.6156973e+01   8.0000000e+00
   2.9271436e+01   3.6156973e+01   9.0000000e+00
   2.8813724e+01   3.6156973e+01   1.0000000e+01
   2.8470441e+01   3.6369936e+01   1.1000000e+01
   2.8699296e+01   3.6476418e+01   1.2000000e+01
