   2.7484740e+01   2.7551563e+01   1.5000000e+01
   2.7403743e+01   2.7857445e+01   1.4000000e+01
   2.6998759e+01   2.8392739e+01   1.3000000e+01
   2.6755768e+01   2.8775092e+01   1.2000000e+01
   2.6917762e+01   2.9692739e+01   1.1000000e+01
   2.6998759e+01   2.9922151e+01   1.0000000e+01
   2.6917762e+01   3.1145680e+01   9.0000000e+00
   2.7970721e+01   3.3133915e+01   8.0000000e+00
   2.9347668e+01   3.4739798e+01   9.0000000e+00
   2.8942684e+01   3.4892739e+01   1.0000000e+01
   2.8861687e+01   3.4739798e+01   1.1000000e+01
   2.8861687e+01   3.5122151e+01   1.2000000e+01
   2.9023681e+01   3.5351563e+01   1.3000000e+01
   2.9185675e+01   3.5580974e+01   1.4000000e+01
   2.9023681e+01   3.5886857e+01   1.5000000e+01
