   3.0230348e+02   6.0313433e+01   1.3600000e+02
   3.0156716e+02   4.9388060e+01   1.2600000e+02
   2.9828358e+02   4.3557214e+01   1.1800000e+02
   2.9754726e+02   3.5179104e+01   1.1000000e+02
   2.9935821e+02   3.6990050e+01   1.0200000e+02
   3.0881095e+02   3.3706468e+01   9.4000000e+01
   3.1062189e+02   3.2970149e+01   8.6000000e+01
   3.1243284e+02   3.4781095e+01   7.8000000e+01
   3.2443284e+02   3.6592040e+01   7.0000000e+01
   3.1860199e+02   3.8402985e+01   6.2000000e+01
   3.2296020e+02   4.5308458e+01   5.2000000e+01
   3.2731841e+02   6.2402985e+01   4.4000000e+01
   3.1684577e+02   8.2497512e+01   3.6000000e+01
