   2.8356013e+01   2.8170862e+01   1.1000000e+01
   2.8699296e+01   2.9129196e+01   1.0000000e+01
   2.8699296e+01   2.8809751e+01   9.0000000e+00
   2.8699296e+01   2.9555122e+01   8.0000000e+00
   2.8813724e+01   3.0300492e+01   7.0000000e+00
   2.8470441e+01   3.2856047e+01   6.0000000e+00
   2.8470441e+01   3.4133825e+01   7.0000000e+00
   2.8470441e+01   3.4133825e+01   8.0000000e+00
   2.8813724e+01   3.4559751e+01   9.0000000e+00
   2.8813724e+01   3.5198640e+01   1.0000000e+01
   2.9385864e+01   3.5411603e+01   1.1000000e+01
