1	2	3
3	7	1
7	12	1
12	16	1
16	2	1
12	24	16
24	39	16
24	33	39
33	48	39
48	62	39
33	45	48
45	61	48
45	22	61
45	33	22
33	12	22
12	13	22
13	11	22
11	15	22
11	18	15
12	7	13
33	24	12
3	27	7
27	57	7
3	2	27
2	5	27
5	25	27
5	20	25
20	72	25
72	100	25
72	109	100
109	116	100
109	168	116
72	112	109
72	43	112
43	68	112
68	133	112
68	114	133
114	157	133
157	219	133
157	161	219
161	213	219
161	202	213
202	229	213
161	83	202
83	93	202
93	167	202
93	153	167
153	175	167
153	158	175
153	89	158
89	131	158
131	151	158
151	164	158
164	181	158
164	184	181
164	151	184
151	187	184
187	200	184
200	295	184
187	242	200
187	218	242
218	285	242
285	257	242
285	315	257
285	337	315
337	391	315
337	407	391
407	427	391
337	503	407
337	469	503
469	550	503
469	487	550
487	599	550
599	619	550
599	631	619
631	677	619
631	760	677
760	839	677
760	831	839
831	859	839
760	794	831
794	856	831
794	838	856
838	895	856
895	903	856
903	974	856
903	943	974
943	991	974
991	1026	974
1026	1040	974
1026	1033	1040
1033	1046	1040
1046	1034	1040
1046	1020	1034
1020	967	1034
1020	997	967
997	957	967
957	859	967
957	835	859
957	978	835
978	950	835
950	872	835
872	798	835
872	603	798
603	706	798
603	589	706
589	572	706
603	427	589
603	506	427
506	439	427
506	420	439
420	332	439
420	295	332
603	657	506
657	614	506
603	872	657
950	976	872
976	916	872
916	868	872
916	936	868
936	935	868
935	814	868
935	921	814
921	805	814
921	911	805
911	877	805
877	731	805
877	864	731
864	679	731
679	590	731
590	512	731
590	504	512
504	378	512
504	282	378
590	600	504
600	523	504
600	679	523
600	590	679
864	849	679
849	807	679
849	867	807
867	827	807
827	718	807
827	751	718
751	626	718
751	681	626
751	758	681
758	655	681
758	721	655
721	542	655
721	648	542
648	562	542
648	630	562
630	616	562
616	446	562
648	650	630
650	623	630
650	653	623
653	583	623
583	587	623
587	581	623
581	604	623
581	532	604
532	484	604
484	522	604
522	579	604
522	513	579
513	486	579
513	390	486
390	446	486
390	348	446
513	307	390
513	440	307
484	468	522
468	454	522
454	448	522
448	451	522
451	440	522
448	435	451
448	361	435
361	273	435
361	317	273
317	283	273
283	217	273
283	267	217
267	205	217
205	182	217
205	180	182
180	170	182
170	160	182
170	185	160
185	186	160
186	183	160
183	119	160
183	115	119
115	118	119
115	95	118
95	92	118
115	113	95
113	71	95
71	79	95
113	78	71
78	67	71
67	70	71
70	77	71
67	50	70
78	94	67
94	102	67
102	101	67
101	75	67
101	110	75
110	85	75
85	74	75
74	35	75
74	61	35
74	85	61
110	120	85
110	132	120
110	101	132
101	127	132
127	146	132
146	162	132
127	149	146
127	124	149
124	102	149
124	101	102
124	127	101
78	140	94
78	128	140
128	169	140
169	176	140
169	240	176
240	319	176
240	313	319
313	335	319
335	376	319
376	328	319
328	244	319
376	386	328
386	360	328
360	402	328
376	425	386
425	514	386
425	544	514
544	689	514
689	596	514
689	822	596
689	813	822
544	615	689
544	557	615
557	676	615
557	663	676
663	670	676
663	797	670
663	726	797
726	806	797
806	947	797
726	717	806
717	774	806
774	940	806
774	773	940
773	793	940
793	826	940
826	999	940
826	795	999
774	704	773
774	717	704
717	646	704
646	575	704
646	526	575
526	453	575
453	524	575
524	563	575
524	693	563
453	443	524
453	363	443
363	397	443
453	288	363
288	253	363
253	215	363
253	212	215
212	185	215
185	170	215
170	180	215
180	201	215
180	205	201
205	249	201
205	267	249
267	320	249
320	333	249
333	294	249
333	364	294
333	365	364
333	395	365
333	362	395
362	475	395
475	496	395
475	536	496
536	622	496
622	597	496
622	671	597
671	695	597
695	733	597
695	850	733
850	879	733
850	969	879
969	968	879
968	994	879
850	988	969
695	754	850
754	777	850
777	832	850
777	734	832
734	869	832
869	910	832
910	918	832
910	971	918
910	931	971
931	973	971
973	1145	971
973	1019	1145
1019	1171	1145
1171	1201	1145
1201	1168	1145
1201	1237	1168
1201	1239	1237
1239	1298	1237
1239	1329	1298
1329	1328	1298
1328	1330	1298
1239	1265	1329
1265	1358	1329
1358	1384	1329
1239	1250	1265
1250	1294	1265
1250	1178	1294
1178	1217	1294
1178	1171	1217
1178	1201	1171
1178	1239	1201
1178	1250	1239
931	906	973
931	876	906
876	845	906
876	796	845
876	712	796
876	869	712
869	732	712
732	656	712
656	585	712
585	568	712
656	588	585
588	493	585
588	529	493
529	509	493
509	349	493
349	339	493
349	304	339
304	222	339
222	334	339
304	232	222
232	270	222
270	330	222
304	349	232
509	437	349
437	388	349
437	442	388
442	367	388
367	361	388
361	429	388
429	406	388
406	340	388
406	284	340
406	310	284
310	277	284
277	239	284
277	260	239
260	258	239
258	263	239
258	300	263
300	261	263
258	318	300
318	350	300
350	449	300
350	543	449
543	651	449
543	608	651
543	530	608
530	577	608
543	396	530
543	350	396
350	318	396
318	298	396
298	331	396
331	399	396
331	358	399
358	398	399
398	458	399
398	456	458
398	408	456
408	430	456
430	644	456
430	538	644
538	768	644
538	770	768
538	527	770
527	647	770
647	843	770
647	764	843
764	853	843
853	1070	843
1070	1051	843
1070	1162	1051
853	1018	1070
1018	1124	1070
1018	1002	1124
1018	782	1002
782	743	1002
743	749	1002
749	836	1002
836	1075	1002
836	1007	1075
836	919	1007
836	745	919
745	958	919
745	888	958
888	1004	958
1004	1142	958
1004	1115	1142
1115	1317	1142
1317	1282	1142
1115	1318	1317
1318	1423	1317
1318	1537	1423
1537	1527	1423
1527	1514	1423
1527	1638	1514
1527	1616	1638
1616	1697	1638
1527	1537	1616
1537	1562	1616
1004	1038	1115
1038	1197	1115
1038	1116	1197
1038	995	1116
1038	1004	995
745	702	888
702	719	888
719	785	888
785	810	888
785	842	810
842	834	810
785	899	842
899	959	842
959	830	842
959	865	830
865	882	830
959	951	865
959	956	951
956	981	951
981	938	951
938	930	951
930	912	951
981	1052	938
981	1006	1052
1006	1047	1052
1047	1153	1052
1153	1256	1052
1153	1212	1256
1212	1287	1256
1212	1146	1287
1212	1153	1146
1153	1057	1146
1057	1048	1146
1048	1108	1146
1108	1151	1146
1108	1111	1151
1111	1192	1151
1192	1314	1151
1111	1113	1192
1113	1207	1192
1113	1214	1207
1113	1177	1214
1177	1227	1214
1177	1236	1227
1177	1205	1236
1205	1223	1236
1205	1144	1223
1205	1094	1144
1094	1084	1144
1084	1082	1144
1082	1073	1144
1073	1129	1144
1129	1232	1144
1129	1202	1232
1129	1136	1202
1136	1213	1202
1213	1293	1202
1213	1266	1293
1266	1331	1293
1331	1359	1293
1331	1343	1359
1331	1266	1343
1213	1169	1266
1169	1141	1266
1141	1187	1266
1141	1119	1187
1119	1122	1187
1122	1224	1187
1122	1135	1224
1135	1241	1224
1135	1123	1241
1123	1203	1241
1203	1240	1241
1203	1312	1240
1312	1362	1240
1312	1451	1362
1451	1507	1362
1451	1541	1507
1541	1587	1507
1587	1517	1507
1587	1573	1517
1587	1757	1573
1757	1615	1573
1757	1820	1615
1757	1809	1820
1757	1833	1809
1833	1909	1809
1909	1980	1809
1833	1927	1909
1541	1591	1587
1591	1673	1587
1591	1665	1673
1591	1535	1665
1591	1541	1535
1541	1451	1535
1451	1450	1535
1451	1366	1450
1451	1308	1366
1308	1289	1366
1289	1315	1366
1308	1203	1289
1308	1312	1203
1308	1451	1312
1123	1100	1203
1135	1122	1123
1119	1030	1122
1119	1028	1030
1028	991	1030
1028	1026	991
1028	1024	1026
1024	1033	1026
1024	1061	1033
1061	1067	1033
1067	1046	1033
1067	1043	1046
1043	1045	1046
1045	997	1046
997	1020	1046
1045	978	997
978	957	997
1045	976	978
976	950	978
1045	996	976
996	916	976
996	936	916
996	964	936
964	935	936
964	921	935
964	960	921
960	942	921
942	911	921
942	927	911
927	917	911
917	877	911
917	864	877
917	885	864
885	849	864
885	867	849
885	846	867
846	851	867
851	855	867
855	827	867
855	828	827
828	751	827
828	802	751
802	758	751
802	790	758
790	721	758
790	738	721
738	669	721
669	653	721
653	648	721
653	650	648
669	576	653
576	559	653
559	583	653
559	541	583
541	467	583
467	560	583
560	587	583
560	581	587
560	478	581
478	532	581
478	484	532
478	393	484
478	426	393
426	392	393
392	341	393
341	327	393
327	310	393
327	296	310
296	277	310
296	260	277
296	293	260
293	298	260
298	258	260
298	318	258
293	331	298
293	358	331
293	344	358
344	418	358
418	417	358
417	411	358
411	375	358
375	398	358
375	408	398
375	411	408
411	387	408
387	430	408
387	538	430
387	419	538
419	527	538
419	423	527
419	431	423
431	474	423
474	481	423
481	466	423
466	494	423
466	565	494
565	499	494
499	593	494
593	601	494
601	647	494
601	686	647
686	764	647
686	853	764
686	782	853
782	1018	853
686	696	782
696	743	782
696	749	743
696	618	749
618	593	749
593	598	749
598	634	749
634	836	749
634	745	836
634	683	745
634	632	683
632	727	683
727	786	683
786	674	683
786	719	674
719	745	674
786	785	719
786	829	785
829	899	785
829	844	899
844	959	899
844	878	959
878	956	959
878	904	956
904	979	956
979	981	956
979	1006	981
979	1057	1006
1057	1056	1006
1056	1047	1006
1056	1153	1047
1056	1057	1153
979	1048	1057
979	977	1048
977	992	1048
992	1029	1048
1029	1108	1048
1029	1111	1108
1029	1078	1111
1078	1113	1111
1078	1076	1113
1076	1177	1113
1076	1094	1177
1094	1205	1177
1076	1054	1094
1054	1066	1094
1066	1069	1094
1069	1084	1094
1069	1082	1084
1069	1067	1082
1067	1073	1082
1067	1061	1073
1061	1129	1073
1061	1024	1129
1024	1136	1129
1069	1062	1067
1062	1043	1067
1062	1045	1043
1062	1064	1045
1064	1027	1045
1027	1015	1045
1015	996	1045
1015	964	996
1015	989	964
989	975	964
975	960	964
975	949	960
949	927	960
927	942	960
949	926	927
926	917	927
926	897	917
897	898	917
898	885	917
898	883	885
883	825	885
825	846	885
825	739	846
739	851	846
739	753	851
753	855	851
753	781	855
781	828	855
781	756	828
756	790	828
790	802	828
756	738	790
756	638	738
638	669	738
638	576	669
638	525	576
525	533	576
533	541	576
541	559	576
533	472	541
472	467	541
472	441	467
441	478	467
478	560	467
441	426	478
441	389	426
389	392	426
389	344	392
344	341	392
344	305	341
305	309	341
309	327	341
309	296	327
309	305	296
305	293	296
305	344	293
389	418	344
389	472	418
472	528	418
528	444	418
444	417	418
444	411	417
444	431	411
431	387	411
431	419	387
444	474	431
444	528	474
528	594	474
594	481	474
594	565	481
565	466	481
594	624	565
624	625	565
625	586	565
586	499	565
586	593	499
586	520	593
520	518	593
518	598	593
518	520	598
520	632	598
632	634	598
520	586	632
586	698	632
698	727	632
698	724	727
724	729	727
729	740	727
740	786	727
740	829	786
740	789	829
789	844	829
789	809	844
809	878	844
809	884	878
884	908	878
908	894	878
894	904	878
894	948	904
948	979	904
948	977	979
948	965	977
965	992	977
965	998	992
998	1029	992
998	1017	1029
1017	1078	1029
1017	1054	1078
1054	1076	1078
1017	1066	1054
1017	1064	1066
1064	1062	1066
1062	1069	1066
1017	1037	1064
1037	1010	1064
1010	989	1064
989	1027	1064
989	1015	1027
1010	975	989
1010	965	975
965	945	975
945	949	975
945	926	949
945	937	926
937	897	926
937	908	897
908	884	897
884	898	897
884	883	898
884	809	883
809	825	883
809	789	825
789	739	825
937	933	908
933	948	908
948	894	908
933	965	948
933	937	965
937	945	965
1010	998	965
1010	1008	998
1008	1017	998
1008	1037	1017
1008	1010	1037
729	685	740
729	665	685
665	707	685
707	739	685
707	753	739
707	710	753
710	781	753
710	654	781
654	756	781
654	638	756
654	641	638
641	617	638
641	611	617
611	546	617
611	605	546
605	594	546
594	528	546
528	472	546
472	525	546
472	533	525
605	624	594
605	668	624
668	698	624
698	625	624
698	586	625
668	724	698
668	665	724
665	729	724
668	611	665
611	641	665
641	710	665
710	707	665
641	654	710
668	605	611
389	441	472
618	601	593
618	696	601
696	686	601
1119	1141	1028
1141	1169	1028
1169	1136	1028
1169	1213	1136
429	468	406
429	454	468
429	448	454
429	361	448
367	317	361
367	283	317
367	267	283
367	377	267
377	320	267
377	370	320
370	362	320
362	333	320
370	475	362
370	377	475
377	521	475
521	536	475
521	545	536
545	607	536
607	635	536
635	622	536
635	671	622
635	666	671
666	732	671
732	734	671
734	695	671
734	754	695
734	777	754
732	869	734
666	656	732
666	607	656
607	588	656
607	545	588
545	529	588
545	509	529
545	521	509
521	464	509
464	437	509
464	442	437
464	367	442
464	377	367
464	521	377
666	635	607
876	910	869
876	931	910
212	186	185
212	183	186
212	214	183
214	169	183
169	115	183
169	113	115
169	128	113
128	78	113
214	240	169
214	274	240
274	313	240
274	292	313
292	356	313
356	335	313
356	376	335
356	465	376
465	425	376
465	480	425
480	544	425
480	557	544
480	517	557
517	646	557
646	663	557
646	673	663
673	726	663
673	717	726
673	646	717
517	526	646
480	465	517
292	289	356
289	288	356
289	253	288
289	214	253
214	212	253
289	274	214
289	292	274
526	462	453
903	886	943
886	961	943
886	866	961
866	833	961
833	811	961
811	946	961
946	984	961
946	1005	984
946	934	1005
934	1072	1005
934	987	1072
934	808	987
808	985	987
934	817	808
817	780	808
817	747	780
817	680	747
817	750	680
750	637	680
637	610	680
610	688	680
637	566	610
566	682	610
566	558	682
566	511	558
511	492	558
511	566	492
566	555	492
555	471	492
555	436	471
436	434	471
436	424	434
424	495	434
424	502	495
502	552	495
502	534	552
502	422	534
422	556	534
422	500	556
500	582	556
582	692	556
500	548	582
548	633	582
500	351	548
351	403	548
500	422	351
422	322	351
322	299	351
322	342	299
342	374	299
374	286	299
286	241	299
241	216	299
241	218	216
218	172	216
218	171	172
171	138	172
171	187	138
187	151	138
151	131	138
131	111	138
131	89	111
89	82	111
82	84	111
84	105	111
84	107	105
84	98	107
84	58	98
58	64	98
58	47	64
47	66	64
66	81	64
66	55	81
55	108	81
108	96	81
55	86	108
86	104	108
104	122	108
104	99	122
104	56	99
56	52	99
52	59	99
59	121	99
56	49	52
49	41	52
41	30	52
41	36	30
36	28	30
28	23	30
28	17	23
17	10	23
10	2	23
10	5	2
10	6	5
6	20	5
6	8	20
8	38	20
38	72	20
38	43	72
38	14	43
14	37	43
37	68	43
14	29	37
14	21	29
21	34	29
34	31	29
31	42	29
31	44	42
44	63	42
63	54	42
54	60	42
54	83	60
83	114	60
83	161	114
161	157	114
54	93	83
54	73	93
73	89	93
89	153	93
73	82	89
73	63	82
63	84	82
63	58	84
63	44	58
44	47	58
44	31	47
31	66	47
31	55	66
31	34	55
34	36	55
36	56	55
56	86	55
56	104	86
36	41	56
41	49	56
34	26	36
26	28	36
26	17	28
26	9	17
9	8	17
8	4	17
4	6	17
6	10	17
4	8	6
9	38	8
9	14	38
9	19	14
19	21	14
19	34	21
19	26	34
19	9	26
73	54	63
171	218	187
241	285	218
241	286	285
286	337	285
286	374	337
374	469	337
374	436	469
436	487	469
436	555	487
555	551	487
551	599	487
551	578	599
578	631	599
578	705	631
705	760	631
705	794	760
551	555	578
555	566	578
566	637	578
374	355	436
355	424	436
355	401	424
401	502	424
355	342	401
342	381	401
342	322	381
322	422	381
355	374	342
817	811	750
811	833	750
833	823	750
823	794	750
823	838	794
823	863	838
863	895	838
863	886	895
886	903	895
863	866	886
863	823	866
823	833	866
817	946	811
817	934	946
46	87	53
53	18	46
53	40	18
69	135	91
76	88	137
123	134	195
125	165	141
125	177	165
126	163	129
163	136	129
126	194	163
139	174	179
139	231	174
231	233	174
233	225	174
225	179	174
225	204	179
233	266	225
233	461	266
461	353	266
461	505	353
461	697	505
697	741	505
697	757	741
233	380	461
380	537	461
233	231	380
231	306	380
231	314	306
143	221	262
155	196	189
178	234	209
178	188	234
188	279	234
279	301	234
279	357	301
279	268	357
279	224	268
279	188	224
199	211	303
211	251	303
251	372	303
372	382	303
372	485	382
485	459	382
485	602	459
372	516	485
372	433	516
206	226	228
226	275	228
275	280	228
280	246	228
275	321	280
275	297	321
297	338	321
338	366	321
366	421	321
366	498	421
366	497	498
366	413	497
413	452	497
366	297	413
297	311	413
297	226	311
226	230	311
297	275	226
366	338	297
238	354	323
354	409	323
409	482	323
354	371	409
264	272	410
265	281	383
269	385	432
385	428	432
428	490	432
490	540	432
540	463	432
540	477	463
540	580	477
580	675	477
675	476	477
580	744	675
580	788	744
788	1022	744
1022	990	744
580	761	788
761	1055	788
761	901	1055
580	540	761
540	490	761
287	400	336
287	302	400
379	510	415
404	457	639
412	447	483
412	336	447
416	643	574
643	784	574
784	645	574
645	571	574
571	488	574
571	515	488
515	568	488
645	620	571
416	711	643
416	730	711
416	612	730
612	803	730
438	621	629
621	791	629
621	742	791
621	584	742
621	438	584
491	519	658
501	642	664
501	553	642
553	652	642
664	691	501
664	893	691
893	776	691
893	913	776
913	907	776
907	752	776
913	1091	907
1091	980	907
1091	1079	980
1079	915	980
915	861	980
531	613	640
613	771	640
613	765	771
765	1003	771
539	684	554
684	649	554
649	591	554
649	672	591
649	762	672
762	767	672
762	891	767
891	778	767
891	924	778
762	925	891
925	1089	891
925	1068	1089
762	804	925
804	880	925
762	684	804
762	649	684
547	700	660
700	709	660
660	570	547
567	662	775
662	759	775
569	769	703
769	816	703
816	735	703
735	592	703
592	569	703
735	720	592
735	890	720
735	892	890
892	1080	890
892	1074	1080
1074	1173	1080
1074	1163	1173
892	816	1074
892	735	816
690	871	716
713	848	862
715	725	736
725	874	736
737	792	815
815	909	737
792	905	815
792	682	905
746	875	821
875	1012	821
1012	852	821
1012	1016	852
800	820	970
812	922	1039
824	1035	860
841	1065	1107
847	983	914
983	993	914
993	1163	914
983	1085	993
983	1149	1085
983	871	1149
854	986	929
986	1031	929
858	870	881
873	920	963
920	1090	963
920	1215	1090
1215	1280	1090
1280	1154	1090
1215	1375	1280
1375	1470	1280
1375	1532	1470
1375	1426	1532
1375	1206	1426
1206	1427	1426
1206	1374	1427
1374	1479	1427
1206	1134	1374
1206	1103	1134
1206	1215	1103
1215	920	1103
1206	1375	1215
963	896	873
896	784	873
941	1044	1105
982	1050	1101
1050	1127	1101
1127	1158	1101
1127	1185	1158
1185	1276	1158
1276	1277	1158
1276	1365	1277
1276	1401	1365
1401	1484	1365
1127	1086	1185
1127	1050	1086
1009	1128	1098
1128	1238	1098
1238	1274	1098
1274	1231	1098
1014	1021	1093
1021	1083	1093
1083	1209	1093
1083	1150	1209
1150	1242	1209
1242	1350	1209
1242	1361	1350
1242	1286	1361
1286	1353	1361
1353	1486	1361
1353	1482	1486
1353	1445	1482
1353	1327	1445
1327	1431	1445
1353	1286	1327
1242	1150	1286
1150	1170	1286
1150	1109	1170
1109	1176	1170
1025	1071	1174
1071	1081	1174
1032	1096	1160
1032	988	1096
1041	1167	1279
1041	1039	1167
1167	1258	1279
1258	1435	1279
1049	1193	1121
1193	1243	1121
1243	1172	1121
1243	1371	1172
1371	1267	1172
1049	1107	1193
1107	1218	1193
1218	1413	1193
1058	1120	1179
1088	1230	1186
1088	1228	1230
1228	1360	1230
1099	1125	1220
1125	1278	1220
1125	1154	1278
1117	1234	1248
1234	1283	1248
1248	1003	1117
1248	1229	1003
1248	1284	1229
1133	1152	1184
1152	1155	1184
1184	1182	1133
1182	1147	1133
1139	1140	1191
1140	1189	1191
1189	1291	1191
1191	1246	1139
1156	1195	1299
1299	1275	1156
1275	1035	1156
1275	1053	1035
1299	1430	1275
1299	1449	1430
1161	1307	1166
1307	1305	1166
1305	1190	1166
1305	1379	1190
1305	1468	1379
1468	1439	1379
1161	1406	1307
1164	1273	1196
1180	1244	1320
1244	1342	1320
1342	1414	1320
1320	1300	1180
1300	1255	1180
1300	1418	1255
1200	1222	1383
1383	1356	1200
1383	1497	1356
1383	1595	1497
1383	1502	1595
1502	1601	1595
1502	1652	1601
1204	1269	1281
1204	1210	1269
1210	1398	1269
1398	1444	1269
1398	1428	1444
1428	1533	1444
1210	1229	1398
1225	1310	1409
1310	1443	1409
1443	1490	1409
1490	1491	1409
1490	1624	1491
1443	1461	1490
1443	1394	1461
1443	1399	1394
1399	1352	1394
1352	1330	1394
1352	1309	1330
1352	1310	1309
1352	1399	1310
1399	1443	1310
1235	1260	1355
1355	1288	1235
1355	1422	1288
1264	1385	1400
1385	1487	1400
1487	1463	1400
1487	1630	1463
1630	1621	1463
1630	1721	1621
1721	1576	1621
1576	1442	1621
1576	1405	1442
1576	1432	1405
1432	1304	1405
1270	1292	1425
1297	1333	1340
1302	1436	1395
1436	1480	1395
1480	1512	1395
1480	1548	1512
1548	1564	1512
1564	1619	1512
1564	1669	1619
1564	1548	1669
1548	1480	1669
1302	1349	1436
1303	1347	1408
1316	1332	1396
1332	1389	1396
1332	1393	1389
1319	1348	1572
1319	1278	1348
1348	1550	1572
1348	1470	1550
1572	1473	1319
1473	1388	1319
1473	1500	1388
1325	1465	1437
1326	1466	1448
1466	1460	1448
1460	1546	1448
1546	1377	1448
1377	1354	1448
1354	1326	1448
1377	1174	1354
1546	1386	1377
1546	1492	1386
1492	1447	1386
1492	1420	1447
1492	1578	1420
1492	1683	1578
1683	1767	1578
1767	1810	1578
1810	1727	1578
1727	1690	1578
1690	1518	1578
1727	1791	1690
1791	1667	1690
1791	1679	1667
1727	1832	1791
1832	2005	1791
2005	1919	1791
2005	2114	1919
2005	2097	2114
2097	2203	2114
2097	2236	2203
2236	2297	2203
2097	2079	2236
2097	2005	2079
2005	2043	2079
2005	1832	2043
1832	1922	2043
1832	1810	1922
1810	1862	1922
1862	1934	1922
1810	1767	1862
1832	1727	1810
1466	1592	1460
1466	1575	1592
1466	1494	1575
1335	1452	1458
1336	1382	1344
1382	1410	1344
1410	1363	1344
1410	1424	1363
1424	1341	1363
1410	1483	1424
1337	1481	1509
1339	1390	1402
1351	1440	1370
1440	1495	1370
1440	1516	1495
1440	1539	1516
1440	1469	1539
1357	1368	1397
1368	1453	1397
1404	1421	1498
1404	1350	1421
1433	1543	1501
1543	1662	1501
1438	1577	1600
1577	1718	1600
1459	1522	1598
1472	1605	1477
1472	1588	1605
1472	1360	1588
1474	1540	1611
1540	1678	1611
1540	1650	1678
1476	1526	1637
1489	1505	1644
1496	1614	1503
1614	1648	1503
1648	1620	1503
1648	1631	1620
1614	1815	1648
1815	1857	1648
1503	1340	1496
1503	1314	1340
1503	1441	1314
1504	1569	1664
1510	1558	1677
1558	1632	1677
1558	1627	1632
1627	1739	1632
1739	1792	1632
1792	1826	1632
1627	1637	1739
1513	1557	1596
1596	1554	1513
1596	1607	1554
1515	1584	1544
1523	1717	1583
1583	1414	1523
1717	1656	1583
1523	1722	1717
1722	1903	1717
1525	1698	1688
1698	1891	1688
1891	1913	1688
1891	2103	1913
2103	2105	1913
2105	1872	1913
2103	2226	2105
2226	2125	2105
2103	2247	2226
2247	2303	2226
2247	2381	2303
2381	2502	2303
2381	2558	2502
2558	2646	2502
2646	2486	2502
2558	2687	2646
2687	2710	2646
2247	2283	2381
2283	2335	2381
1698	1884	1891
1531	1590	1729
1542	1551	1609
1551	1675	1609
1609	1557	1542
1547	1574	1608
1574	1713	1608
1713	1653	1608
1653	1522	1608
1713	1742	1653
1713	1776	1742
1776	1878	1742
1574	1640	1713
1549	1714	1593
1714	1668	1593
1668	1658	1593
1668	1735	1658
1735	1737	1658
1735	1777	1737
1777	1800	1737
1777	1864	1800
1864	1831	1800
1668	1751	1735
1668	1714	1751
1552	1649	1702
1649	1734	1702
1553	1687	1635
1687	1709	1635
1709	1710	1635
1687	1756	1709
1687	1769	1756
1556	1585	1571
1585	1636	1571
1560	1645	1612
1612	1465	1560
1465	1464	1560
1645	1707	1612
1707	1725	1612
1725	1570	1612
1707	1837	1725
1707	1787	1837
1787	1935	1837
1935	1996	1837
1787	1845	1935
1707	1754	1787
1707	1645	1754
1561	1582	1689
1586	1764	1657
1764	1782	1657
1782	1728	1657
1728	1634	1657
1728	1695	1634
1728	1807	1695
1764	1892	1782
1764	1912	1892
1912	2123	1892
2123	1969	1892
1912	1943	2123
1943	2164	2123
1943	2070	2164
2070	2214	2164
1943	1876	2070
1943	1764	1876
1943	1912	1764
1586	1656	1764
1606	1699	1731
1699	1856	1731
1856	1911	1731
1856	1869	1911
1869	2024	1911
2024	1991	1911
2024	2128	1991
2128	2161	1991
2024	2157	2128
2024	2060	2157
2060	2109	2157
1856	1826	1869
1856	1677	1826
1856	1699	1677
1731	1768	1606
1626	1642	1696
1642	1660	1696
1660	1786	1696
1786	1708	1696
1633	1671	1674
1671	1760	1674
1760	1700	1674
1760	1806	1700
1806	1689	1700
1760	1907	1806
1671	1736	1760
1736	1959	1760
1959	1999	1760
1959	2021	1999
2021	2061	1999
2061	1907	1999
2061	2082	1907
2021	2137	2061
2021	2197	2137
2021	2146	2197
2146	2209	2197
2021	1959	2146
1959	2139	2146
2139	2168	2146
2139	1993	2168
1993	2135	2168
2135	2215	2168
2215	2291	2168
2135	2121	2215
2121	2118	2215
2121	2015	2118
2015	2027	2118
2027	2076	2118
2076	2163	2118
2076	2058	2163
2058	2039	2163
2039	2049	2163
2049	2108	2163
2108	2290	2163
2108	2245	2290
2108	2047	2245
2039	1977	2049
2039	2012	1977
2039	2058	2012
2058	2027	2012
2027	2009	2012
2009	1817	2012
2009	2015	1817
2015	1827	1817
1827	1770	1817
1770	1749	1817
1749	1750	1817
2015	1993	1827
2015	2135	1993
2015	2121	2135
2009	2027	2015
2058	2076	2027
2139	1939	1993
2139	1959	1939
1959	1736	1939
1736	1825	1939
1639	1741	1813
1643	1740	1763
1643	1716	1740
1716	1793	1740
1646	1732	1753
1646	1624	1732
1624	1724	1732
1724	1765	1732
1765	1775	1732
1775	1753	1732
1775	1804	1753
1804	1748	1753
1804	1774	1748
1804	1789	1774
1804	1824	1789
1824	1955	1789
1775	1925	1804
1724	1838	1765
1724	1686	1838
1651	1861	1659
1861	1802	1659
1802	1676	1659
1802	1840	1676
1840	1652	1676
1802	1888	1840
1802	1971	1888
1971	2124	1888
1971	2117	2124
2117	2207	2124
2207	2212	2124
2212	2206	2124
2212	2318	2206
2212	2322	2318
2322	2498	2318
2322	2347	2498
2347	2467	2498
2467	2569	2498
2569	2671	2498
2322	2207	2347
2207	2181	2347
2207	2117	2181
2322	2212	2207
1971	1961	2117
1971	1871	1961
1871	1861	1961
1861	1906	1961
1871	1802	1861
1871	1971	1802
1661	1680	1719
1719	1796	1661
1796	1851	1661
1680	1681	1719
1681	1720	1719
1684	1852	1853
1703	1759	1842
1759	1899	1842
1759	1890	1899
1711	1874	1730
1712	1715	1822
1712	1636	1715
1726	1818	1836
1738	1843	1854
1843	1860	1854
1860	1887	1854
1887	1738	1854
1887	1780	1738
1860	1870	1887
1860	1843	1870
1744	1880	1794
1794	1630	1744
1746	1812	1761
1746	1729	1812
1729	1897	1812
1897	1936	1812
1897	1983	1936
1812	1848	1761
1762	1795	1901
1762	1662	1795
1795	1948	1901
1948	2051	1901
1948	2092	2051
2092	2198	2051
1772	1790	1900
1900	1954	1772
1778	1855	1931
1855	2033	1931
2033	2050	1931
2050	2073	1931
2073	2031	1931
2073	2199	2031
2033	2107	2050
2033	1883	2107
1883	1960	2107
1883	1863	1960
1883	1828	1863
1828	1805	1863
1828	1664	1805
1883	1855	1828
1883	2033	1855
1783	1798	1821
1803	1898	1865
1865	1926	1803
1865	1940	1926
1865	1898	1940
1829	1914	1885
1829	2045	1914
2045	1957	1914
1957	1885	1914
1834	1858	1889
1858	2018	1889
1858	2032	2018
1858	2059	2032
1834	1786	1858
1786	1844	1858
1844	1846	1858
1841	1882	1886
1849	1928	1963
1867	2013	1953
1867	1942	2013
1867	1822	1942
1879	2122	2056
2122	2200	2056
2200	2090	2056
2122	2192	2200
2192	2269	2200
1881	2007	2095
2007	2133	2095
2007	2112	2133
2112	2251	2133
2251	2305	2133
2251	2393	2305
2393	2380	2305
2112	2250	2251
2007	1986	2112
1895	2016	1988
1941	2038	1989
1944	2048	2101
1944	1874	2048
1874	1951	2048
1874	1932	1951
1932	1954	1951
1954	2044	1951
2048	2115	2101
2048	2195	2115
2195	2190	2115
2101	2068	1944
2101	2204	2068
2204	2081	2068
1947	2026	2096
2096	2067	1947
1950	2064	2046
1958	2001	1975
2001	2022	1975
1964	2029	2131
2029	2052	2131
2131	2130	1964
2131	2229	2130
1974	2057	2074
2057	2119	2074
2057	2182	2119
2182	2191	2119
1976	2178	2063
1978	2089	2075
2003	2036	2017
2036	2086	2017
2086	2150	2017
2150	2141	2017
2141	2016	2017
2141	2077	2016
2150	2177	2141
2177	2227	2141
2227	2188	2141
2227	2208	2188
2177	2288	2227
2006	2110	2019
2023	2138	2155
2034	2042	2088
2088	2047	2034
2042	2156	2088
2040	2106	2140
2106	2186	2140
2054	2094	2093
2055	2080	2113
2083	2152	2193
2083	1955	2152
1955	2151	2152
2151	2193	2152
2151	2173	2193
2173	2216	2193
2216	2261	2193
2261	2194	2193
2194	2083	2193
2194	2038	2083
2038	1955	2083
2038	1916	1955
2216	2266	2261
2216	2159	2266
2216	2173	2159
2084	2162	2154
2085	2149	2298
2091	2264	2249
2264	2391	2249
2391	2265	2249
2391	2437	2265
2391	2457	2437
2457	2661	2437
2457	2660	2661
2660	2868	2661
2391	2264	2457
2100	2253	2165
2116	2274	2273
2134	2205	2222
2160	2337	2230
2167	2263	2189
2263	2321	2189
2263	2323	2321
2170	2234	2220
2179	2232	2286
2232	2340	2286
2340	2344	2286
2344	2271	2286
2271	2246	2286
2246	2179	2286
2340	2464	2344
2180	2311	2296
2311	2527	2296
2527	2361	2296
2311	2565	2527
2311	2448	2565
2184	2270	2300
2185	2260	2243
2185	2258	2260
2185	2110	2258
2110	2279	2258
2196	2387	2240
2225	2345	2233
2241	2276	2320
2276	2368	2320
2368	2402	2320
2402	2429	2320
2429	2388	2320
2429	2508	2388
2508	2314	2388
2402	2475	2429
2475	2567	2429
2475	2575	2567
2575	2626	2567
2626	2698	2567
2698	2508	2567
2698	2721	2508
2575	2475	2626
2475	2612	2626
2612	2720	2626
2720	2802	2626
2720	2832	2802
2832	2924	2802
2832	2968	2924
2832	2786	2968
2786	2791	2968
2791	2840	2968
2840	2885	2968
2840	2815	2885
2815	2943	2885
2943	2982	2885
2832	2720	2786
2242	2315	2441
2242	2155	2315
2155	2362	2315
2256	2285	2327
2257	2295	2294
2262	2503	2374
2281	2304	2333
2282	2334	2438
2334	2479	2438
2479	2600	2438
2282	2198	2334
2287	2293	2431
2293	2417	2431
2417	2550	2431
2550	2613	2431
2550	2637	2613
2637	2846	2613
2637	2908	2846
2908	2926	2846
2908	3090	2926
3090	3125	2926
3125	3035	2926
3090	3147	3125
3147	3185	3125
3185	3299	3125
3147	3090	3185
3090	3206	3185
2637	2752	2908
2637	2550	2752
2550	2555	2752
2555	2775	2752
2775	2890	2752
2775	2975	2890
2975	3045	2890
2975	3160	3045
3160	3229	3045
3229	3206	3045
3229	3431	3206
3229	3423	3431
3229	3418	3423
3418	3476	3423
3418	3435	3476
3435	3471	3476
3471	3571	3476
3471	3383	3571
3383	3484	3571
3484	3572	3571
3572	3749	3571
3471	3435	3383
3435	3418	3383
3418	3160	3383
3160	3194	3383
3194	3180	3383
3180	3352	3383
3194	3126	3180
3194	3087	3126
3194	3160	3087
3160	2975	3087
2775	2797	2975
2550	2417	2555
2431	2370	2287
2299	2330	2399
2330	2433	2399
2330	2425	2433
2425	2451	2433
2425	2411	2451
2306	2384	2342
2342	2285	2306
2342	2352	2285
2342	2430	2352
2342	2481	2430
2342	2384	2481
2384	2515	2481
2515	2540	2481
2515	2634	2540
2634	2596	2540
2307	2404	2316
2307	2478	2404
2478	2652	2404
2307	2376	2478
2317	2435	2420
2435	2460	2420
2325	2395	2440
2440	2362	2325
2326	2357	2338
2357	2376	2338
2341	2491	2524
2343	2470	2548
2343	2297	2470
2470	2614	2548
2614	2594	2548
2470	2621	2614
2621	2768	2614
2768	2784	2614
2784	2837	2614
2784	2922	2837
2768	2883	2784
2768	2679	2883
2679	2668	2883
2668	2765	2883
2668	2582	2765
2582	2643	2765
2643	2766	2765
2643	2645	2766
2645	2715	2766
2715	2803	2766
2715	2707	2803
2707	2741	2803
2741	2901	2803
2741	2717	2901
2717	2705	2901
2705	2851	2901
2851	2947	2901
2851	2962	2947
2717	2695	2705
2695	2568	2705
2568	2545	2705
2545	2638	2705
2545	2482	2638
2482	2465	2638
2465	2511	2638
2482	2416	2465
2568	2474	2545
2568	2695	2474
2717	2741	2695
2741	2707	2695
2707	2504	2695
2707	2536	2504
2707	2645	2536
2707	2715	2645
2582	2526	2643
2668	2533	2582
2668	2441	2533
2668	2621	2441
2621	2470	2441
2668	2679	2621
2679	2768	2621
2346	2510	2509
2510	2630	2509
2630	2729	2509
2729	2484	2509
2729	2571	2484
2571	2408	2484
2408	2390	2484
2571	2546	2408
2571	2617	2546
2617	2615	2546
2617	2815	2615
2571	2718	2617
2571	2729	2718
2630	2777	2729
2630	2728	2777
2630	2692	2728
2692	2760	2728
2692	2699	2760
2699	2730	2760
2730	2776	2760
2730	2756	2776
2756	2789	2776
2789	2956	2776
2789	2876	2956
2789	2756	2876
2699	2485	2730
2699	2510	2485
2699	2692	2510
2692	2630	2510
2348	2463	2350
2463	2454	2350
2348	2446	2463
2351	2360	2383
2383	2298	2351
2383	2358	2298
2359	2493	2372
2493	2492	2372
2492	2407	2372
2373	2483	2396
2483	2415	2396
2378	2392	2579
2579	2459	2378
2459	2419	2378
2579	2556	2459
2579	2662	2556
2662	2505	2556
2379	2506	2531
2506	2663	2531
2386	2523	2450
2401	2610	2499
2405	2445	2455
2455	2480	2405
2445	2653	2455
2406	2647	2625
2412	2449	2490
2449	2584	2490
2584	2694	2490
2436	2520	2513
2443	2487	2473
2487	2535	2473
2487	2547	2535
2547	2578	2535
2547	2589	2578
2589	2604	2578
2547	2574	2589
2574	2591	2589
2591	2734	2589
2591	2737	2734
2737	2748	2734
2737	2821	2748
2547	2487	2574
2473	2370	2443
2461	2488	2593
2466	2516	2518
2516	2572	2518
2572	2631	2518
2516	2521	2572
2521	2587	2572
2521	2627	2587
2521	2597	2627
2597	2655	2627
2597	2566	2655
2566	2611	2655
2611	2790	2655
2790	2872	2655
2566	2570	2611
2494	2629	2563
2496	2514	2588
2517	2665	2658
2665	2823	2658
2665	2702	2823
2702	2928	2823
2928	3072	2823
2928	2997	3072
2928	2929	2997
2928	2702	2929
2702	2716	2929
2716	2769	2929
2769	2783	2929
2783	2854	2929
2716	2690	2769
2716	2689	2690
2716	2702	2689
2537	2605	2713
2605	2736	2713
2549	2624	2559
2559	2345	2549
2624	2602	2559
2549	2672	2624
2672	2732	2624
2732	2778	2624
2732	2860	2778
2672	2810	2732
2573	2738	2697
2573	2673	2738
2577	2794	2585
2581	2684	2773
2684	2835	2773
2684	2811	2835
2598	2704	2680
2599	2619	2667
2667	2757	2599
2639	2649	2781
2639	2491	2649
2656	2676	2747
2747	2670	2656
2747	2805	2670
2747	2898	2805
2659	2856	2857
2677	2746	2708
2708	2691	2677
2691	2647	2677
2647	2652	2677
2652	2758	2677
2758	2746	2677
2758	2782	2746
2782	3000	2746
3000	2825	2746
2825	2711	2746
2711	2708	2746
2711	2691	2708
2825	2793	2711
2793	2625	2711
2825	2907	2793
2907	2893	2793
2907	2951	2893
2951	2944	2893
2944	2925	2893
2944	2986	2925
2944	2951	2986
2951	2973	2986
2951	2907	2973
2907	2999	2973
2907	2825	2999
2825	3000	2999
2758	2749	2782
2749	2814	2782
2749	2742	2814
2742	2817	2814
2742	2818	2817
2742	2829	2818
2758	2652	2749
2652	2751	2749
2678	2712	2785
2681	2799	2733
2799	2743	2733
2799	2927	2743
2799	2886	2927
2886	2961	2927
2961	3027	2927
2961	3040	3027
2961	3172	3040
2681	2629	2799
2683	2842	2861
2683	2671	2842
2671	2806	2842
2806	2899	2842
2899	2861	2842
2899	3058	2861
3058	2917	2861
2917	2877	2861
2877	2683	2861
3058	3136	2917
3136	3096	2917
3058	3073	3136
3058	2899	3073
2685	2845	2822
2686	2841	2755
2755	2579	2686
2841	2980	2755
2841	3012	2980
3012	3032	2980
3032	3080	2980
3032	3201	3080
3032	3109	3201
3109	3207	3201
3207	3353	3201
3032	3012	3109
2686	2855	2841
2703	2852	2873
2852	2913	2873
2913	3002	2873
2703	2808	2852
2709	2754	2864
2709	2600	2754
2719	2750	2745
2719	2727	2750
2727	2839	2750
2839	2745	2750
2839	2820	2745
2820	2830	2745
2839	2909	2820
2839	2844	2909
2844	2939	2909
2844	2972	2939
2972	3041	2939
2972	2978	3041
2972	2844	2978
2844	2850	2978
2850	2892	2978
2839	2727	2844
2722	2875	2900
2875	2953	2900
2953	2940	2900
2940	2722	2900
2723	2800	2770
2800	2870	2770
2800	2834	2870
2759	2771	2792
2771	2884	2792
2762	2833	2812
2812	2855	2762
2833	2963	2812
2963	3013	2812
2767	2902	2911
2772	2936	2859
2795	2881	2819
2798	2827	2932
2827	3054	2932
3054	3028	2932
3054	3127	3028
2804	2918	2853
2809	2880	2905
2880	2957	2905
2957	3055	2905
2957	3102	3055
2957	2979	3102
2979	3051	3102
3051	3148	3102
2816	2891	2955
2826	2950	3021
2836	2869	2867
2869	2992	2867
2869	3015	2992
2869	3018	3015
3018	3104	3015
2838	2874	2895
2895	2984	2838
2895	3060	2984
3060	3099	2984
2895	2874	3060
2874	3005	3060
2838	2781	2874
2849	3048	3042
3048	3275	3042
3275	3039	3042
3275	3061	3039
3275	3286	3061
3286	3068	3061
3068	2956	3061
3286	3256	3068
3256	3250	3068
3275	3297	3286
3297	3448	3286
3297	3442	3448
3297	3332	3442
3332	3354	3442
3354	3460	3442
3354	3357	3460
3357	3561	3460
3354	3326	3357
3326	3303	3357
3303	3392	3357
3303	3293	3392
3293	3455	3392
3303	3179	3293
3303	3063	3179
3303	3097	3063
3097	3049	3063
3097	3023	3049
3023	2954	3049
2954	2940	3049
3023	3036	2954
3036	2849	2954
3036	3048	2849
3036	3095	3048
3095	3275	3048
3095	3135	3275
3135	3354	3275
3354	3332	3275
3332	3297	3275
3135	3326	3354
3135	3303	3326
3135	3097	3303
3135	3023	3097
3135	3095	3023
3095	3036	3023
2863	2987	3014
3014	2945	2863
2945	2865	2863
2887	2952	2998
2998	2884	2887
2894	3020	2912
3020	3065	2912
3020	3210	3065
3210	3226	3065
3226	3121	3065
3226	3187	3121
3187	3069	3121
3187	3225	3069
3210	3249	3226
3249	3245	3226
3249	3446	3245
3249	3338	3446
3338	3415	3446
3338	3385	3415
3338	3294	3385
3294	3325	3385
3325	3359	3385
3338	3268	3294
2894	2923	3020
2896	3007	3082
2896	2837	3007
3007	3199	3082
3082	2969	2896
3082	3118	2969
3118	3034	2969
3118	3169	3034
3118	3152	3169
3118	3167	3152
3118	3082	3167
2930	2983	3019
3019	3111	2930
3019	3093	3111
3093	3196	3111
3196	3178	3111
3093	3285	3196
3019	3080	3093
3019	2983	3080
2934	2971	3071
2971	3131	3071
2938	3030	3189
2938	3002	3030
3030	3233	3189
3233	3211	3189
3211	3008	3189
3233	3289	3211
3289	3272	3211
3272	3258	3211
3272	3443	3258
3443	3405	3258
3405	3192	3258
3192	3166	3258
3192	3074	3166
3405	3345	3192
3345	3336	3192
3233	3278	3289
2948	3043	3022
3022	2970	2948
3043	3088	3022
2949	3050	3113
3050	3077	3113
3077	3237	3113
3237	3287	3113
3287	3242	3113
3242	3037	3113
3037	3001	3113
3242	3219	3037
3242	3375	3219
3375	3358	3219
3358	3236	3219
3358	3239	3236
3358	3351	3239
3351	3261	3239
3358	3530	3351
3358	3412	3530
3412	3464	3530
3412	3375	3464
3375	3242	3464
3242	3421	3464
3421	3502	3464
3421	3562	3502
3562	3568	3502
3421	3433	3562
3433	3638	3562
3433	3493	3638
3493	3665	3638
3433	3349	3493
3433	3287	3349
3287	3237	3349
3433	3421	3287
3421	3242	3287
3412	3358	3375
3050	3070	3077
2967	3011	3062
3062	3103	2967
2994	3157	3122
3157	3232	3122
3157	3296	3232
2994	3144	3157
3003	3119	3145
3119	3246	3145
3246	3314	3145
3119	3247	3246
3247	3291	3246
3291	3330	3246
3009	3075	3016
3046	3193	3059
3046	3216	3193
3056	3138	3186
3138	3158	3186
3138	3134	3158
3057	3224	3107
3066	3214	3105
3076	3129	3085
3129	3170	3085
3129	3220	3170
3220	3234	3170
3220	3309	3234
3309	3319	3234
3319	3127	3234
3319	3329	3127
3319	3451	3329
3451	3371	3329
3371	3395	3329
3371	3513	3395
3513	3555	3395
3513	3616	3555
3616	3732	3555
3732	3610	3555
3616	3708	3732
3708	3778	3732
3616	3675	3708
3371	3451	3513
3319	3343	3451
3319	3309	3343
3220	3300	3309
3220	3129	3300
3129	3257	3300
3257	3373	3300
3373	3381	3300
3373	3487	3381
3487	3564	3381
3373	3411	3487
3411	3489	3487
3411	3517	3489
3411	3321	3517
3321	3314	3517
3321	3128	3314
3411	3257	3321
3411	3373	3257
3085	2968	3076
3079	3281	3222
3281	3350	3222
3084	3110	3305
3305	3228	3084
3305	3333	3228
3333	3317	3228
3317	3271	3228
3317	3363	3271
3363	3341	3271
3341	3342	3271
3341	3546	3342
3546	3501	3342
3501	3322	3342
3501	3387	3322
3387	3267	3322
3501	3556	3387
3556	3512	3387
3501	3546	3556
3546	3717	3556
3546	3684	3717
3546	3624	3684
3624	3776	3684
3624	3731	3776
3731	3854	3776
3854	3821	3776
3854	3914	3821
3914	3862	3821
3546	3614	3624
3614	3554	3624
3614	3363	3554
3363	3333	3554
3333	3396	3554
3333	3305	3396
3363	3317	3333
3614	3546	3363
3546	3341	3363
3086	3137	3108
3094	3188	3146
3115	3202	3190
3202	3251	3190
3251	3352	3190
3251	3434	3352
3117	3248	3139
3248	3311	3139
3120	3230	3269
3269	3264	3120
3269	3432	3264
3269	3414	3432
3124	3282	3171
3282	3255	3171
3255	3151	3171
3282	3368	3255
3282	3400	3368
3132	3212	3280
3143	3252	3254
3161	3284	3295
3284	3335	3295
3284	3520	3335
3161	3163	3284
3182	3265	3240
3183	3276	3356
3195	3407	3376
3198	3253	3243
3205	3213	3315
3315	3270	3205
3270	3172	3205
3238	3262	3340
3262	3273	3340
3273	3304	3340
3340	3361	3238
3361	3347	3238
3277	3324	3454
3454	3398	3277
3292	3379	3430
3292	3136	3379
3430	3514	3292
3514	3403	3292
3514	3538	3403
3514	3541	3538
3514	3430	3541
3298	3475	3439
3475	3506	3439
3506	3388	3439
3388	3298	3439
3301	3320	3328
3301	3270	3320
3307	3409	3391
3310	3380	3394
3380	3427	3394
3313	3472	3450
3318	3523	3402
3318	3404	3523
3404	3447	3523
3334	3569	3524
3344	3473	3540
3360	3477	3483
3477	3431	3483
3431	3483	3508
3364	3470	3465
3470	3592	3465
3592	3526	3465
3367	3537	3533
3367	3428	3537
3428	3627	3537
3627	3622	3537
3627	3658	3622
3658	3699	3622
3369	3485	3482
3482	3516	3369
3485	3586	3482
3369	3413	3485
3413	3467	3485
3370	3420	3425
3372	3500	3492
3500	3511	3492
3500	3529	3511
3377	3481	3399
3481	3449	3399
3481	3619	3449
3481	3698	3619
3698	3773	3619
3773	3694	3619
3694	3669	3619
3694	3867	3669
3867	3747	3669
3747	3569	3669
3481	3654	3698
3654	3722	3698
3654	3655	3722
3655	3713	3722
3713	3763	3722
3713	3745	3763
3745	3866	3763
3745	3807	3866
3713	3655	3745
3654	3481	3655
3481	3429	3655
3390	3519	3422
3397	3532	3509
3532	3574	3509
3532	3697	3574
3410	3445	3527
3527	3605	3410
3605	3495	3410
3527	3677	3605
3424	3452	3560
3452	3551	3560
3426	3498	3466
3438	3642	3550
3642	3626	3550
3626	3434	3550
3440	3462	3456
3456	3353	3440
3461	3668	3595
3668	3674	3595
3674	3672	3595
3672	3525	3595
3668	3774	3674
3486	3553	3522
3486	3518	3553
3518	3591	3553
3518	3547	3591
3547	3588	3591
3547	3601	3588
3547	3560	3601
3560	3666	3601
3488	3643	3534
3488	3603	3643
3603	3729	3643
3490	3548	3503
3490	3425	3548
3507	3558	3557
3515	3607	3531
3531	3462	3515
3607	3705	3531
3607	3690	3705
3690	3817	3705
3690	3676	3817
3676	3827	3817
3676	3686	3827
3686	3728	3827
3728	3890	3827
3890	3912	3827
3676	3662	3686
3676	3530	3662
3676	3690	3530
3690	3607	3530
3515	3351	3607
3528	3636	3559
3535	3578	3581
3581	3467	3535
3539	3545	3681
3681	3598	3539
3598	3414	3539
3414	3362	3539
3598	3549	3414
3598	3579	3549
3598	3772	3579
3681	3701	3598
3701	3811	3598
3701	3744	3811
3744	3883	3811
3883	3972	3811
3744	3799	3883
3701	3681	3744
3552	3589	3641
3641	3551	3552
3570	3597	3653
3570	3523	3597
3580	3625	3679
3679	3702	3580
3679	3719	3702
3719	3818	3702
3818	3761	3702
3818	3851	3761
3587	3718	3765
3718	3724	3765
3718	3657	3724
3657	3800	3724
3590	3798	3766
3599	3695	3628
3695	3721	3628
3721	3659	3628
3721	3783	3659
3721	3726	3783
3721	3695	3726
3606	3618	3645
3606	3516	3618
3606	3505	3516
3505	3419	3516
3609	3714	3716
3613	3640	3706
3706	3615	3613
3706	3738	3615
3738	3735	3615
3706	3750	3738
3617	3670	3785
3785	3792	3617
3792	3791	3617
3791	3740	3617
3791	3780	3740
3780	3803	3740
3621	3688	3779
3688	3858	3779
3688	3696	3858
3630	3650	3647
3646	3660	3704
3660	3886	3704
3886	3915	3704
3886	3995	3915
3995	3961	3915
3961	3872	3915
3961	3975	3872
3975	3865	3872
3975	4010	3865
4010	3990	3865
4010	4196	3990
4010	4250	4196
4250	4211	4196
4010	4221	4250
4221	4313	4250
4221	4239	4313
4239	4422	4313
4239	4321	4422
4321	4442	4422
4239	4281	4321
4281	4406	4321
4281	4322	4406
4281	4097	4322
4281	4148	4097
4148	4164	4097
4148	4281	4164
4281	4239	4164
4239	4221	4164
3660	3692	3886
3704	3656	3646
3651	3737	3777
3661	3673	3758
3661	3653	3673
3673	3802	3758
3671	3748	3710
3748	3825	3710
3748	3844	3825
3748	3771	3844
3771	3841	3844
3771	3781	3841
3781	3819	3841
3819	3951	3841
3819	3928	3951
3771	3691	3781
3691	3703	3781
3709	3895	3920
3920	3774	3709
3920	3892	3774
3920	4055	3892
3920	4031	4055
3715	3794	3874
3794	3907	3874
3874	3829	3715
3874	3933	3829
3933	3801	3829
3874	4080	3933
4080	4014	3933
4080	4201	4014
4201	4158	4014
4158	3988	4014
4158	4053	3988
4158	4194	4053
4194	4163	4053
4194	4347	4163
4347	4231	4163
4231	4167	4163
4167	3987	4163
4167	3998	3987
3998	3905	3987
3998	3885	3905
3998	3939	3885
3939	3835	3885
3998	4182	3939
4182	4118	3939
4182	4273	4118
4273	4255	4118
4255	4107	4118
4255	4165	4107
4165	4102	4107
4102	4015	4107
4102	3925	4015
4165	4227	4102
4227	4087	4102
4227	4307	4087
4307	4301	4087
4301	4039	4087
4039	4027	4087
4039	3966	4027
4039	4072	3966
4072	4105	3966
4105	4104	3966
4104	3903	3966
3903	3804	3966
3903	3725	3804
3903	3880	3725
3880	3806	3725
3903	4093	3880
3903	4104	4093
4104	4152	4093
4105	4338	4104
4105	4301	4338
4105	4072	4301
4072	4039	4301
4273	4344	4255
4344	4413	4255
4344	4428	4413
4344	4415	4428
4344	4260	4415
4260	4222	4415
4222	4231	4415
4231	4380	4415
4380	4437	4415
4231	4347	4380
4222	4167	4231
4222	4180	4167
4180	3998	4167
4180	4182	3998
4180	4260	4182
4260	4273	4182
4260	4344	4273
4180	4222	4260
4194	4158	4347
3723	3796	3752
3796	3832	3752
3832	3760	3752
3796	3876	3832
3796	3809	3876
3809	3893	3876
3893	4050	3876
3893	3891	4050
3891	4069	4050
3893	3809	3891
3809	3739	3891
3739	3882	3891
3809	3723	3739
3809	3796	3723
3727	3864	3734
3864	3808	3734
3736	3823	3857
3823	3952	3857
3952	4013	3857
4013	4018	3857
4018	3875	3857
4018	4038	3875
4038	3877	3875
4018	4013	4038
3823	3968	3952
3823	3894	3968
3894	4066	3968
4066	4134	3968
4066	4282	4134
4066	4205	4282
4205	4272	4282
4272	4401	4282
4401	4468	4282
4401	4419	4468
4419	4493	4468
4493	4546	4468
4546	4432	4468
4546	4490	4432
4546	4513	4490
4546	4709	4513
4709	4682	4513
4682	4555	4513
4709	4736	4682
4736	4749	4682
4736	4829	4749
4829	4741	4749
4493	4540	4546
4493	4601	4540
4601	4654	4540
4601	4739	4654
4601	4692	4739
4601	4670	4692
4670	4642	4692
4642	4715	4692
4715	4806	4692
4493	4419	4601
4401	4272	4419
4272	4286	4419
4272	4177	4286
4177	4270	4286
4177	4055	4270
4272	4213	4177
4213	4205	4177
4213	4272	4205
3741	3863	3814
3863	3969	3814
3863	3977	3969
3977	4044	3969
4044	4138	3969
4138	4110	3969
4110	4023	3969
4110	4111	4023
4111	4020	4023
4111	4082	4020
4082	4006	4020
4006	3909	4020
3909	3837	4020
4082	4033	4006
4033	3924	4006
4082	4067	4033
4082	4215	4067
4215	4137	4067
4137	4144	4067
4137	4190	4144
4190	4224	4144
4137	4245	4190
4245	4364	4190
4245	4331	4364
4245	4215	4331
4215	4252	4331
4245	4137	4215
4044	4096	4138
4044	3977	4096
3977	4128	4096
4128	4187	4096
4187	4262	4096
3977	4085	4128
3977	3938	4085
3938	3960	4085
3960	4028	4085
4028	4040	4085
4040	4229	4085
4028	4008	4040
4008	4090	4040
4008	4009	4090
4008	3948	4009
3948	3913	4009
3913	3970	4009
3970	3936	4009
3936	4146	4009
3936	4012	4146
3936	3965	4012
3936	3705	3965
4008	4028	3948
4028	3960	3948
3960	3897	3948
3938	3863	3960
3863	3741	3960
3938	3977	3863
3743	3793	3916
3751	3812	3847
3812	3848	3847
3812	3813	3848
3753	3782	3908
3782	3959	3908
3959	3984	3908
3984	3994	3908
3994	3941	3908
3941	3816	3908
3816	3753	3908
3941	3830	3816
3941	3934	3830
3934	3846	3830
3941	3994	3934
3994	4042	3934
3994	4074	4042
3994	4120	4074
3994	3984	4120
3984	4045	4120
3984	3959	4045
3757	3784	3805
3767	3962	3853
3962	3950	3853
3950	3842	3853
3950	3929	3842
3770	3926	3954
3926	4084	3954
4084	4021	3954
4021	3956	3954
4021	3943	3956
4084	4142	4021
4084	4157	4142
3843	3945	3957
3843	3869	3945
3945	4075	3957
3849	3997	3901
3997	3955	3901
3850	3878	3963
3878	3955	3963
3955	4052	3963
4052	4062	3963
4062	4041	3963
4041	3937	3963
3937	3850	3963
4041	4037	3937
4037	4007	3937
4007	3918	3937
3918	3777	3937
3918	3834	3777
4007	4057	3918
4007	4117	4057
4041	4068	4037
4041	4062	4068
4062	4151	4068
4151	4200	4068
4200	4191	4068
4191	4176	4068
4191	4235	4176
4235	4181	4176
4181	4117	4176
4191	4200	4235
4200	4228	4235
4200	4151	4228
4151	4132	4228
4132	4198	4228
4198	4325	4228
4151	4062	4132
4062	4052	4132
3852	3971	3899
3852	3976	3971
3976	4048	3971
3855	3873	3879
3873	4029	3879
3860	3896	3949
3949	3921	3860
3921	3767	3860
3889	3983	3953
3953	3910	3889
3910	3729	3889
3729	3788	3889
3788	3943	3889
3910	3888	3729
3900	4060	4017
4060	4081	4017
4081	3996	4017
3996	3803	4017
3803	3900	4017
3996	3979	3803
3996	3991	3979
3996	4081	3991
4081	4154	3991
4154	4034	3991
4034	3919	3991
4034	3967	3919
4034	3946	3967
4034	3973	3946
4034	4147	3973
4154	4161	4034
4161	4166	4034
4154	4179	4161
4081	4131	4154
3904	3981	3986
3904	4030	3981
4030	4076	3981
4076	3986	3981
4076	3997	3986
3927	4086	4114
4086	4119	4114
3931	4022	4024
4024	3976	3931
3958	4155	4095
4155	4230	4095
4230	4106	4095
4230	4124	4106
4155	4278	4230
4278	4354	4230
4278	4360	4354
3980	4051	3999
4051	4088	3999
4051	4123	4088
4123	4209	4088
4209	4133	4088
4209	4240	4133
4240	4251	4133
4209	4315	4240
4209	4204	4315
4204	4300	4315
4300	4395	4315
4300	4378	4395
4378	4426	4395
4426	4433	4395
4426	4512	4433
4512	4543	4433
4300	4242	4378
4242	4366	4378
4366	4452	4378
4366	4451	4452
4451	4588	4452
4451	4564	4588
4564	4612	4588
4612	4706	4588
4706	4639	4588
4706	4746	4639
4242	4289	4366
4242	4135	4289
4135	4168	4289
4168	4256	4289
4168	4207	4256
4242	4136	4135
4204	4173	4300
4204	4123	4173
4123	4136	4173
4204	4209	4123
4051	4032	4123
4051	3980	4032
3982	4073	4094
3989	4115	4026
4026	3914	3989
3989	4099	4115
4099	4143	4115
4143	4275	4115
4275	4145	4115
4275	4258	4145
4143	4320	4275
4143	4319	4320
4319	4385	4320
4319	4376	4385
4376	4388	4385
4388	4479	4385
4479	4487	4385
4487	4474	4385
4487	4517	4474
4517	4526	4474
4526	4441	4474
4441	4390	4474
4441	4342	4390
4441	4317	4342
4526	4533	4441
4526	4542	4533
4542	4609	4533
4609	4554	4533
4609	4615	4554
4615	4558	4554
4615	4576	4558
4576	4552	4558
4552	4457	4558
4457	4431	4558
4457	4396	4431
4396	4384	4431
4396	4359	4384
4359	4268	4384
4268	4259	4384
4259	4304	4384
4304	4317	4384
4259	4226	4304
4226	4237	4304
4226	4150	4237
4150	4193	4237
4193	4258	4237
4150	4101	4193
4101	4070	4193
4070	4047	4193
4070	4025	4047
4150	4113	4101
4150	4192	4113
4192	4127	4113
4127	4112	4113
4127	4232	4112
4232	4141	4112
4127	4192	4232
4192	4268	4232
4268	4274	4232
4268	4359	4274
4359	4372	4274
4359	4410	4372
4410	4375	4372
4410	4499	4375
4499	4455	4375
4499	4566	4455
4566	4528	4455
4528	4456	4455
4566	4616	4528
4616	4663	4528
4616	4646	4663
4646	4731	4663
4731	4797	4663
4797	4760	4663
4760	4720	4663
4760	4779	4720
4779	4728	4720
4728	4652	4720
4728	4722	4652
4728	4775	4722
4775	4743	4722
4743	4687	4722
4728	4779	4775
4779	4819	4775
4819	4871	4775
4819	4880	4871
4880	4912	4871
4912	4922	4871
4922	4944	4871
4944	4935	4871
4935	4902	4871
4935	4949	4902
4949	4913	4902
4913	4802	4902
4913	4791	4802
4913	4804	4791
4804	4737	4791
4804	4821	4737
4804	4913	4821
4913	4926	4821
4926	4933	4821
4933	4857	4821
4933	4947	4857
4933	4982	4947
4982	5033	4947
5033	4952	4947
5033	5065	4952
5065	5059	4952
5059	5035	4952
5035	4943	4952
4943	4925	4952
4943	4862	4925
4943	4833	4862
4833	4784	4862
4784	4857	4862
4833	4738	4784
4833	4717	4738
4717	4628	4738
4628	4669	4738
4669	4712	4738
4669	4623	4712
4669	4605	4623
4669	4628	4605
4628	4561	4605
4628	4717	4561
4717	4560	4561
4943	4856	4833
4943	5003	4856
5003	4919	4856
4919	4742	4856
5003	4966	4919
5003	5096	4966
5096	5019	4966
5003	5036	5096
5036	5074	5096
5074	5104	5096
5104	5124	5096
5124	5141	5096
5141	5126	5096
5141	5137	5126
5137	5115	5126
5115	5052	5126
5052	5019	5126
5052	4987	5019
5052	5056	4987
5056	4971	4987
4971	4917	4987
4917	4931	4987
5056	5046	4971
5046	5023	4971
5023	4941	4971
4941	4846	4971
5023	5008	4941
5008	4904	4941
5008	4918	4904
4918	4869	4904
4918	4930	4869
4930	4809	4869
4930	4774	4809
4774	4725	4809
4725	4727	4809
4727	4750	4809
4727	4574	4750
4727	4567	4574
4567	4506	4574
4506	4492	4574
4506	4338	4492
4567	4545	4506
4774	4696	4725
4930	4836	4774
4918	4963	4930
4918	5008	4963
5008	5030	4963
5030	5009	4963
5030	5043	5009
5043	5017	5009
5017	4995	5009
5017	4986	4995
4986	4980	4995
4980	4852	4995
4852	4836	4995
4852	4745	4836
4852	4695	4745
4852	4840	4695
4986	4946	4980
4946	4903	4980
4946	4898	4903
4898	4814	4903
4898	4796	4814
4796	4716	4814
4716	4681	4814
4681	4674	4814
4674	4664	4814
4664	4658	4814
4658	4651	4814
4651	4697	4814
4651	4656	4697
4658	4604	4651
4658	4626	4604
4658	4664	4626
4674	4608	4664
4674	4681	4608
4681	4716	4608
4716	4610	4608
4610	4577	4608
4716	4765	4610
4716	4786	4765
4786	4798	4765
4786	4876	4798
4876	4899	4798
4876	4921	4899
4921	4981	4899
4981	4911	4899
4911	4847	4899
4911	4897	4847
4911	4937	4897
4937	4870	4897
4937	4890	4870
4937	4896	4890
4937	4998	4896
4998	4976	4896
4976	4948	4896
4948	4848	4896
4976	4973	4948
4973	4969	4948
4973	4988	4969
4988	5026	4969
5026	4967	4969
5026	4979	4967
5026	5039	4979
5026	5064	5039
5064	5078	5039
5064	5087	5078
5087	5091	5078
5091	5107	5078
5107	5090	5078
5090	5062	5078
5090	5083	5062
5083	5067	5062
5083	5114	5067
5114	5053	5067
5114	5044	5053
5044	4964	5053
4964	4951	5053
4964	4939	4951
4939	4861	4951
4939	4920	4861
4939	4977	4920
4939	4964	4977
4964	5047	4977
5047	5010	4977
5010	4960	4977
5010	5004	4960
5004	4974	4960
4974	4893	4960
4893	4850	4960
5004	5040	4974
5040	4983	4974
4983	4953	4974
4953	4945	4974
4983	4993	4953
4993	4924	4953
4993	4938	4924
4938	4916	4924
4938	4877	4916
4877	4866	4916
4877	4813	4866
4877	4892	4813
4892	4787	4813
4787	4732	4813
4732	4721	4813
4732	4690	4721
4690	4630	4721
4630	4647	4721
4630	4640	4647
4640	4559	4647
4640	4600	4559
4640	4630	4600
4630	4562	4600
4630	4690	4562
4690	4662	4562
4662	4644	4562
4644	4535	4562
4535	4507	4562
4507	4446	4562
4507	4394	4446
4507	4421	4394
4421	4371	4394
4421	4382	4371
4507	4535	4421
4662	4686	4644
4686	4622	4644
4686	4665	4622
4665	4541	4622
4665	4635	4541
4635	4575	4541
4665	4700	4635
4665	4710	4700
4710	4764	4700
4764	4811	4700
4811	4747	4700
4747	4707	4700
4707	4666	4700
4707	4611	4666
4611	4590	4666
4611	4553	4590
4553	4509	4590
4553	4440	4509
4440	4430	4509
4430	4575	4509
4440	4383	4430
4383	4363	4430
4553	4460	4440
4460	4412	4440
4460	4473	4412
4473	4409	4412
4409	4362	4412
4473	4475	4409
4475	4434	4409
4434	4429	4409
4434	4459	4429
4434	4475	4459
4475	4539	4459
4475	4500	4539
4475	4473	4500
4473	4553	4500
4553	4631	4500
4553	4611	4631
4611	4707	4631
4473	4460	4553
4747	4758	4707
4747	4780	4758
4780	4777	4758
4777	4704	4758
4704	4698	4758
4698	4679	4758
4698	4606	4679
4698	4704	4606
4704	4701	4606
4701	4625	4606
4701	4621	4625
4621	4603	4625
4621	4481	4603
4621	4484	4481
4484	4466	4481
4621	4572	4484
4572	4485	4484
4485	4453	4484
4485	4529	4453
4529	4486	4453
4486	4330	4453
4330	4333	4453
4333	4346	4453
4333	4323	4346
4323	4265	4346
4323	4294	4265
4294	4233	4265
4233	4202	4265
4323	4333	4294
4333	4330	4294
4330	4303	4294
4330	4486	4303
4486	4463	4303
4486	4519	4463
4519	4557	4463
4557	4444	4463
4557	4494	4444
4494	4443	4444
4443	4423	4444
4443	4340	4423
4443	4408	4340
4408	4325	4340
4408	4388	4325
4408	4479	4388
4408	4480	4479
4480	4494	4479
4494	4510	4479
4510	4487	4479
4510	4532	4487
4532	4517	4487
4532	4617	4517
4617	4542	4517
4542	4526	4517
4617	4655	4542
4617	4596	4655
4596	4680	4655
4680	4733	4655
4680	4735	4733
4735	4767	4733
4767	4757	4733
4757	4703	4733
4757	4789	4703
4789	4754	4703
4754	4705	4703
4705	4615	4703
4615	4636	4703
4615	4609	4636
4705	4576	4615
4705	4643	4576
4643	4527	4576
4527	4552	4576
4527	4498	4552
4498	4457	4552
4498	4410	4457
4410	4396	4457
4410	4359	4396
4498	4527	4410
4527	4499	4410
4527	4566	4499
4527	4619	4566
4619	4614	4566
4614	4602	4566
4602	4634	4566
4634	4616	4566
4634	4646	4616
4634	4699	4646
4699	4731	4646
4699	4752	4731
4752	4799	4731
4799	4835	4731
4835	4826	4731
4826	4797	4731
4826	4880	4797
4880	4819	4797
4819	4779	4797
4779	4760	4797
4826	4910	4880
4910	4942	4880
4942	4912	4880
4942	4922	4912
4942	4944	4922
4942	4955	4944
4955	4978	4944
4978	5001	4944
5001	4992	4944
4992	4935	4944
4992	4999	4935
4999	4949	4935
4999	4950	4949
4950	4913	4949
4950	4926	4913
4950	4972	4926
4972	4933	4926
4972	4982	4933
4972	5032	4982
5032	5033	4982
5032	5054	5033
5054	5065	5033
5054	5086	5065
5086	5059	5065
5086	5082	5059
5082	5035	5059
5082	5031	5035
5031	4943	5035
5031	5003	4943
5031	5036	5003
5031	5082	5036
5082	5074	5036
5082	5104	5074
5054	5101	5086
5101	5105	5086
5101	5109	5105
5109	5132	5105
5109	5121	5132
5121	5127	5132
5121	5106	5127
5121	5111	5106
5111	5081	5106
5081	5066	5106
5066	5080	5106
5080	5100	5106
5100	5133	5106
5133	5134	5106
5133	5142	5134
5142	5127	5134
5142	5144	5127
5142	5139	5144
5142	5135	5139
5135	5131	5139
5131	5138	5139
5138	5140	5139
5140	5143	5139
5140	5125	5143
5140	5118	5125
5118	5103	5125
5103	5112	5125
5112	5122	5125
5112	5093	5122
5093	5070	5122
5070	5046	5122
5070	5023	5046
5070	5008	5023
5112	5102	5093
5102	5071	5093
5102	5084	5071
5102	5092	5084
5092	5043	5084
5043	5030	5084
5092	5068	5043
5068	5049	5043
5049	5020	5043
5020	5017	5043
5020	5012	5017
5012	5006	5017
5006	4986	5017
5006	4984	4986
4984	4946	4986
4984	4921	4946
4921	4889	4946
4889	4898	4946
4889	4796	4898
4889	4781	4796
4781	4716	4796
4781	4786	4716
4781	4889	4786
4889	4876	4786
4889	4921	4876
4984	4981	4921
4984	5013	4981
5013	4994	4981
4994	4937	4981
4937	4911	4981
4994	4998	4937
4994	5037	4998
5037	5050	4998
5050	5045	4998
5045	5027	4998
5027	5007	4998
5007	4976	4998
5007	4988	4976
4988	4973	4976
5007	5025	4988
5025	5026	4988
5025	5064	5026
5025	5087	5064
5025	5045	5087
5045	5089	5087
5089	5108	5087
5108	5097	5087
5097	5091	5087
5097	5107	5091
5097	5116	5107
5116	5123	5107
5123	5110	5107
5110	5090	5107
5110	5114	5090
5114	5083	5090
5110	5131	5114
5131	5128	5114
5128	5120	5114
5128	5129	5120
5129	5100	5120
5100	5058	5120
5100	5080	5058
5080	5029	5058
5029	5055	5058
5055	5047	5058
5055	5010	5047
5055	5029	5010
5029	5004	5010
5029	5066	5004
5066	5040	5004
5066	5073	5040
5073	5034	5040
5034	4983	5040
5034	5002	4983
5002	4993	4983
5002	5011	4993
5011	4991	4993
4991	4938	4993
4991	4877	4938
4991	4985	4877
4985	4909	4877
4909	4892	4877
4909	4787	4892
4909	4923	4787
4923	4795	4787
4795	4662	4787
4662	4732	4787
4662	4690	4732
4795	4730	4662
4730	4686	4662
4730	4710	4686
4710	4665	4686
4730	4764	4710
4730	4812	4764
4812	4834	4764
4834	4837	4764
4837	4811	4764
4837	4864	4811
4864	4868	4811
4868	4747	4811
4868	4825	4747
4825	4780	4747
4825	4830	4780
4830	4777	4780
4830	4874	4777
4874	4832	4777
4832	4816	4777
4816	4794	4777
4794	4726	4777
4726	4704	4777
4726	4701	4704
4726	4683	4701
4683	4621	4701
4683	4572	4621
4683	4684	4572
4684	4660	4572
4660	4607	4572
4607	4551	4572
4551	4529	4572
4529	4485	4572
4551	4486	4529
4551	4519	4486
4551	4607	4519
4607	4613	4519
4613	4557	4519
4613	4594	4557
4594	4494	4557
4594	4596	4494
4596	4510	4494
4596	4532	4510
4596	4617	4532
4594	4680	4596
4594	4660	4680
4660	4684	4680
4684	4735	4680
4684	4785	4735
4785	4767	4735
4785	4789	4767
4789	4757	4767
4785	4827	4789
4827	4828	4789
4828	4803	4789
4803	4754	4789
4803	4783	4754
4783	4753	4754
4753	4705	4754
4753	4713	4705
4713	4643	4705
4713	4708	4643
4708	4619	4643
4619	4527	4643
4708	4614	4619
4708	4756	4614
4756	4724	4614
4724	4634	4614
4634	4602	4614
4724	4699	4634
4724	4752	4699
4724	4756	4752
4756	4818	4752
4818	4792	4752
4792	4799	4752
4792	4818	4799
4818	4865	4799
4865	4873	4799
4873	4835	4799
4873	4826	4835
4873	4910	4826
4873	4929	4910
4929	4955	4910
4955	4942	4910
4929	4958	4955
4958	4961	4955
4961	4989	4955
4989	4978	4955
4989	5001	4978
4989	4997	5001
4997	5014	5001
4997	4996	5014
4996	5018	5014
4996	4990	5018
4990	5005	5018
5005	5048	5018
5048	5063	5018
5048	5057	5063
5057	5061	5063
5061	5072	5063
5072	5095	5063
5072	5109	5095
5109	5098	5095
5098	5094	5095
5094	5075	5095
5094	5077	5075
5077	5038	5075
5038	5024	5075
5038	4999	5024
4999	5015	5024
4999	4992	5015
4992	5001	5015
5038	5032	4999
5032	4972	4999
4972	4950	4999
5038	5054	5032
5038	5077	5054
5077	5101	5054
5077	5094	5101
5094	5098	5101
5098	5109	5101
5072	5111	5109
5111	5121	5109
5072	5076	5111
5076	5081	5111
5076	5073	5081
5073	5066	5081
5076	5028	5073
5028	5034	5073
5028	5011	5034
5011	5002	5034
5028	5022	5011
5022	4991	5011
5022	5000	4991
5000	4985	4991
5000	5005	4985
5005	4990	4985
5000	5022	5005
5022	5048	5005
5022	5028	5048
5028	5057	5048
5028	5076	5057
5076	5061	5057
5076	5072	5061
4996	4968	4990
4968	4957	4990
4968	4956	4957
4956	4932	4957
4932	4923	4957
4923	4909	4957
4932	4886	4923
4886	4795	4923
4886	4858	4795
4858	4812	4795
4812	4730	4795
4858	4834	4812
4858	4886	4834
4886	4883	4834
4883	4864	4834
4864	4837	4834
4883	4908	4864
4908	4907	4864
4907	4868	4864
4907	4875	4868
4875	4830	4868
4830	4825	4868
4875	4874	4830
4875	4905	4874
4905	4885	4874
4885	4867	4874
4867	4832	4874
4867	4831	4832
4831	4816	4832
4831	4793	4816
4793	4794	4816
4793	4726	4794
4793	4711	4726
4711	4683	4726
4711	4684	4683
4711	4785	4684
4711	4793	4785
4793	4831	4785
4831	4827	4785
4831	4867	4827
4867	4844	4827
4844	4828	4827
4844	4803	4828
4844	4801	4803
4801	4783	4803
4801	4817	4783
4817	4763	4783
4763	4753	4783
4763	4713	4753
4763	4708	4713
4763	4756	4708
4763	4817	4756
4817	4818	4756
4817	4845	4818
4845	4849	4818
4849	4865	4818
4849	4872	4865
4872	4894	4865
4894	4929	4865
4929	4873	4865
4894	4914	4929
4914	4958	4929
4914	4954	4958
4954	4961	4958
4954	4936	4961
4936	4962	4961
4962	4970	4961
4970	4997	4961
4997	4989	4961
4970	4996	4997
4970	4965	4996
4965	4968	4996
4965	4956	4968
4965	4962	4956
4962	4934	4956
4934	4932	4956
4934	4886	4932
4934	4908	4886
4908	4883	4886
4934	4936	4908
4936	4907	4908
4934	4962	4936
4965	4970	4962
4894	4895	4914
4895	4882	4914
4882	4900	4914
4900	4901	4914
4901	4905	4914
4901	4885	4905
4901	4888	4885
4888	4867	4885
4888	4863	4867
4863	4844	4867
4863	4817	4844
4817	4801	4844
4863	4845	4817
4863	4882	4845
4882	4872	4845
4872	4849	4845
4882	4895	4872
4895	4894	4872
4863	4888	4882
4888	4900	4882
4888	4901	4900
4875	4907	4905
4594	4613	4660
4613	4607	4660
5029	5080	5066
5129	5133	5100
5129	5142	5133
5129	5128	5142
5128	5135	5142
5128	5131	5135
5110	5123	5131
5123	5119	5131
5119	5138	5131
5119	5118	5138
5118	5140	5138
5119	5113	5118
5113	5103	5118
5113	5099	5103
5099	5088	5103
5088	5092	5103
5092	5112	5103
5092	5102	5112
5088	5068	5092
5088	5079	5068
5079	5069	5068
5069	5051	5068
5051	5049	5068
5051	5041	5049
5041	5020	5049
5041	5021	5020
5021	5012	5020
5021	5006	5012
5021	5016	5006
5016	4984	5006
5016	5013	4984
5016	5037	5013
5037	4994	5013
5016	5051	5037
5051	5060	5037
5060	5050	5037
5060	5045	5050
5060	5089	5045
5060	5085	5089
5085	5099	5089
5099	5113	5089
5113	5108	5089
5113	5117	5108
5117	5116	5108
5116	5097	5108
5117	5123	5116
5117	5119	5123
5117	5113	5119
5085	5088	5099
5085	5079	5088
5085	5069	5079
5085	5060	5069
5060	5051	5069
5016	5021	5051
5021	5041	5051
5025	5027	5045
5025	5007	5027
4480	4443	4494
4480	4408	4443
4964	5044	5047
5052	5115	5056
5124	5130	5141
4192	4259	4268
4192	4226	4259
4192	4150	4226
4319	4235	4376
4319	4126	4235
4319	4143	4126
4143	4099	4126
4002	4058	4077
4077	4075	4002
4019	4046	4169
4089	4153	4199
4153	4298	4199
4298	4314	4199
4314	4287	4199
4287	4247	4199
4109	4178	4253
4109	4152	4178
4122	4225	4125
4125	4029	4122
4122	4312	4225
4312	4357	4225
4122	4283	4312
4122	4206	4283
4206	4280	4283
4206	4189	4280
4189	4285	4280
4174	4261	4269
4261	4297	4269
4261	4243	4297
4243	4303	4297
4243	4223	4303
4223	4130	4303
4184	4214	4257
4186	4343	4367
4367	4298	4186
4343	4462	4367
4343	4497	4462
4203	4293	4212
4293	4249	4212
4249	4146	4212
4217	4277	4288
4277	4368	4288
4277	4404	4368
4277	4332	4404
4277	4267	4332
4219	4291	4324
4219	4147	4291
4147	4310	4291
4310	4355	4291
4355	4324	4291
4147	4309	4310
4236	4327	4248
4327	4252	4248
4241	4279	4263
4263	4229	4241
4263	4264	4229
4296	4391	4369
4329	4476	4387
4339	4467	4345
4356	4399	4483
4399	4586	4483
4586	4547	4483
4586	4677	4547
4677	4693	4547
4677	4744	4693
4744	4790	4693
4744	4810	4790
4744	4759	4810
4759	4807	4810
4807	4906	4810
4759	4719	4807
4759	4744	4719
4744	4677	4719
4677	4586	4719
4399	4525	4586
4483	4339	4356
4361	4379	4416
4379	4386	4416
4416	4420	4361
4370	4407	4477
4374	4470	4398
4470	4389	4398
4470	4427	4389
4470	4524	4427
4524	4503	4427
4397	4436	4471
4436	4632	4471
4632	4656	4471
4436	4581	4632
4581	4661	4632
4581	4650	4661
4650	4695	4661
4402	4450	4472
4472	4445	4402
4472	4530	4445
4530	4488	4445
4488	4469	4445
4418	4501	4438
4418	4489	4501
4489	4548	4501
4548	4685	4501
4448	4449	4536
4536	4511	4448
4454	4582	4502
4582	4633	4502
4582	4653	4633
4582	4671	4653
4582	4675	4671
4675	4755	4671
4675	4772	4755
4772	4808	4755
4808	4823	4755
4772	4788	4808
4788	4881	4808
4788	4879	4881
4788	4843	4879
4454	4504	4582
4464	4583	4584
4583	4624	4584
4624	4702	4584
4583	4516	4624
4584	4544	4464
4544	4518	4464
4520	4641	4638
4638	4522	4520
4638	4563	4522
4638	4648	4563
4648	4637	4563
4637	4523	4563
4579	4691	4688
4691	4769	4688
4769	4782	4688
4782	4667	4688
4691	4824	4769
4591	4676	4678
4591	4659	4676
4729	4776	4766
4729	4848	4776
4776	4851	4766
4748	4768	4762
4839	4940	4841
4839	4859	4940
4859	4979	4940
4839	4842	4859
4842	4851	4859
62	23	39
48	106	62
48	61	106
61	85	106
213	229	219
859	835	839
831	967	859
831	856	967
856	974	967
974	1034	967
974	1040	1034
504	523	282
623	604	630
604	579	630
319	244	176
689	517	813
850	832	988
832	918	988
918	971	988
971	1096	988
971	1168	1096
971	1145	1168
1298	1330	1237
1328	1629	1330
1629	1394	1330
1329	1506	1328
973	1042	1019
585	711	568
493	730	585
388	340	349
340	450	349
530	396	577
396	399	577
1007	1221	1075
1221	1264	1075
1241	1373	1224
1820	1816	1615
1123	991	1100
991	943	1100
943	961	1100
1123	1122	991
1122	1030	991
393	468	484
393	310	468
987	985	1072
808	909	985
582	633	692
59	62	121
62	142	121
142	259	121
59	52	62
52	30	62
705	637	794
637	750	794
705	578	637
177	307	165
307	255	165
125	102	177
102	152	177
126	203	194
126	150	203
452	708	497
788	1055	1022
287	235	302
501	473	553
925	880	1068
690	775	871
737	688	792
1039	1041	812
1031	905	929
1090	900	963
1044	1174	1105
1081	1326	1174
1326	1354	1174
1081	1131	1326
1430	1429	1275
1244	1322	1342
1533	1606	1444
1630	1794	1721
1794	1814	1721
1669	1711	1619
1669	1874	1711
1669	1932	1874
1669	1954	1932
1669	1772	1954
1669	1694	1772
1325	1464	1465
1934	1973	1922
1452	1475	1458
1440	1252	1469
1252	1409	1469
1252	1216	1409
1252	1179	1216
1252	1345	1179
1345	1419	1179
1540	1610	1650
1610	1598	1650
1598	1773	1650
1632	1826	1677
1792	2024	1826
1792	2060	2024
1792	1872	2060
1872	2125	2060
2125	2109	2060
2125	2326	2109
2125	2324	2326
2125	2301	2324
1872	2105	2125
1513	1542	1557
1557	1609	1596
1607	1519	1554
2646	2489	2486
2283	2093	2335
2093	2094	2335
1891	1884	2103
1590	1603	1729
1603	1897	1729
1590	1568	1603
1568	1631	1603
1568	1545	1631
1764	1656	1876
2012	1817	1977
1817	1750	1977
1750	1875	1977
2498	2445	2318
2498	2653	2445
2498	2683	2653
2498	2671	2683
1861	1651	1906
1651	1670	1906
1670	1885	1906
1670	1829	1885
1680	1530	1681
1843	1675	1870
1675	1799	1870
1936	1848	1812
1936	1981	1848
1936	2126	1981
2204	2182	2081
2182	2057	2081
1950	2170	2064
1950	2028	2170
2028	2234	2170
2028	2302	2234
2302	2521	2234
2521	2516	2234
2516	2466	2234
2302	2597	2521
2302	2566	2597
2028	2213	2302
2288	2418	2227
2150	2086	2177
2249	2070	2091
2249	2265	2070
2116	2158	2274
2274	2295	2273
2271	2078	2246
2388	2106	2320
2106	2014	2320
2014	2241	2320
2014	2169	2241
2294	2231	2257
3206	3508	3185
3090	3045	3206
3126	3072	3180
3072	3115	3180
3115	3190	3180
3418	3229	3160
2652	2647	2404
2647	2406	2404
2478	2742	2652
2376	2544	2478
2524	2267	2341
2614	2837	2594
2837	2896	2594
2896	2659	2594
2728	2760	2777
2760	3003	2777
2760	2956	3003
2956	3119	3003
2956	3247	3119
2956	3250	3247
2956	3068	3250
2760	2776	2956
2730	2485	2756
2407	2172	2372
2493	2744	2492
2579	2755	2662
2578	2512	2535
2473	2340	2370
2702	2665	2689
2491	2294	2649
2294	2651	2649
2961	3205	3172
2961	3017	3205
3017	3213	3205
2961	2886	3017
2886	2871	3017
2886	2799	2871
3002	2938	2873
2820	2909	2830
2940	2954	2722
2767	2843	2902
2767	2706	2843
2706	2674	2843
3148	3217	3102
3148	3174	3217
3069	3005	3121
3338	3245	3268
3210	3268	3249
3178	2904	3111
3002	3278	3030
3278	3233	3030
3008	2938	3189
3008	2872	2938
3530	3607	3351
3329	3395	3127
3610	3473	3555
3610	3540	3473
3610	3600	3540
3717	3764	3556
3717	3859	3764
3139	2742	3117
3124	3105	3282
3252	3323	3254
3388	3104	3298
3524	3521	3334
3524	3689	3521
3540	3241	3344
3369	3285	3413
3669	3569	3619
3353	3462	3440
3522	3348	3486
3522	3359	3348
3534	3401	3488
3534	3472	3401
3534	3715	3472
3715	3801	3472
3715	3829	3801
3827	4012	3817
4012	3965	3817
3827	3912	4012
3912	4139	4012
3587	3657	3718
3587	3454	3657
3907	4080	3874
3907	4059	4080
4093	4152	3880
4152	4109	3880
4437	4515	4415
4158	4201	4347
3752	3553	3723
3752	3760	3553
3909	3687	3837
3909	3784	3687
3909	3805	3784
3909	4006	3805
4006	3924	3805
4033	4067	3924
4067	4144	3924
4144	3992	3924
4224	4186	4144
4224	4343	4186
4224	4351	4343
4351	4497	4343
4040	4090	4229
4090	4241	4229
3943	3788	3956
4228	4376	4235
4228	4388	4376
4228	4325	4388
4258	4342	4237
4775	4802	4743
4775	4902	4802
4775	4871	4902
5096	5126	5019
4979	4859	4967
4859	4851	4967
5039	5062	4979
5062	4940	4979
5062	5053	4940
5053	4951	4940
5062	5067	5053
5039	5078	5062
4481	4465	4603
4340	4269	4423
4655	4609	4542
4655	4636	4609
4655	4703	4636
4655	4733	4703
5082	5124	5104
5082	5105	5124
5127	5144	5132
5106	5134	5127
5139	5143	5144
5143	5141	5144
5143	5137	5141
5143	5122	5137
5122	5115	5137
5122	5046	5115
5046	5056	5115
5143	5125	5122
5084	5030	5071
5120	5044	5114
5120	5047	5044
5120	5058	5047
5014	5024	5001
5024	5015	5001
5014	5018	5024
5018	5095	5024
5095	5075	5024
5018	5063	5095
4990	4957	4985
4936	4954	4907
4954	4905	4907
4954	4914	4905
4355	4335	4324
4310	4309	4355
4147	4311	4309
4436	4534	4581
4436	4253	4534
4253	4491	4534
4436	4348	4253
4881	4928	4808
4676	4734	4678
