3.034665375297386731e+02 1.608757989757136215e+02 1.640296618948098342e+02
3.112385949307429769e+02 1.501167205109297242e+02 1.519305929916259572e+02
3.243141364462160254e+02 1.462441972502880390e+02 1.268573934893401542e+02
3.388945886099049858e+02 1.381637855219167363e+02 1.153466766270150856e+02
3.509749894682651075e+02 1.303920661219436283e+02 1.000034874138785597e+02
3.707375740058550946e+02 1.261966300896068560e+02 8.377428106794745588e+01
4.051727348840454397e+02 1.327585051419156343e+02 5.486393585141405538e+01
4.267458286870072470e+02 1.650321931380560727e+02 4.160076062578073675e+01
4.174081680966070280e+02 1.784983643114313168e+02 4.426516445622675633e+01
4.148182169869641029e+02 1.931424139192884581e+02 5.164572564600950955e+01
4.056018805773574059e+02 2.096101474098753101e+02 4.605450374355186227e+01
3.928903522053088864e+02 2.224873770895288203e+02 4.636081977943203469e+01
3.911742175719850820e+02 2.380290605195057765e+02 5.226699641296909249e+01
