27.549894 37.402576 11.500000 255 0 0
27.798211 37.205361 10.500000 255 0 0
28.098879 36.875685 9.500000 255 0 0
28.451899 36.413548 8.500000 255 0 0
28.857271 35.818951 7.500000 255 0 0
29.314994 35.091892 6.500000 255 0 0
29.825068 34.232373 5.500000 255 0 0
30.387494 33.240392 4.500000 255 0 0
31.002272 32.115951 3.500000 0 255 0
30.201577 31.115347 4.500000 0 255 0
29.475440 30.236102 5.500000 0 255 0
28.823861 29.478214 6.500000 0 255 0
28.246839 28.841684 7.500000 0 255 0
27.744375 28.326511 8.500000 0 255 0
27.316469 27.932697 9.500000 0 255 0
26.963121 27.660240 10.500000 0 255 0
26.684331 27.509141 11.500000 0 255 0
