   3.2870896e+02   8.7992537e+01   1.2200000e+02
   3.2587811e+02   8.5286070e+01   1.1200000e+02
   3.1285821e+02   9.0097015e+01   1.0200000e+02
   3.0493284e+02   9.0380597e+01   9.2000000e+01
   3.1993284e+02   8.7549751e+01   8.2000000e+01
   3.2474378e+02   9.7455224e+01   7.2000000e+01
   3.3210199e+02   9.4624378e+01   6.2000000e+01
   3.4583333e+02   1.0962438e+02   5.2000000e+01
   3.4869154e+02   1.1975622e+02   4.2000000e+01
   3.6853234e+02   1.9022388e+02   3.6000000e+01
   3.0547264e+02   1.8829851e+02   4.6000000e+01
