   2.7000641e+01   3.0572193e+01   1.2000000e+01
   2.6876263e+01   3.0572193e+01   1.1000000e+01
   2.7125019e+01   3.0919416e+01   1.0000000e+01
   2.7249398e+01   3.1498119e+01   9.0000000e+00
   2.7622532e+01   3.1845341e+01   8.0000000e+00
   2.8120044e+01   3.3928675e+01   7.0000000e+00
   2.9363825e+01   3.6243490e+01   8.0000000e+00
   2.9736960e+01   3.6474971e+01   9.0000000e+00
   2.9985716e+01   3.7285156e+01   1.0000000e+01
   3.0110094e+01   3.7053675e+01   1.1000000e+01
   3.0234472e+01   3.7285156e+01   1.2000000e+01
