   3.4246517e+02   1.5524129e+02   1.1800000e+02
   3.4427612e+02   1.5450498e+02   1.1000000e+02
   3.4863433e+02   1.4867413e+02   1.0200000e+02
   3.5299254e+02   1.4284328e+02   9.4000000e+01
   3.5735075e+02   1.4974876e+02   8.6000000e+01
   3.4897264e+02   1.4901244e+02   7.8000000e+01
   3.5842537e+02   1.5082338e+02   7.0000000e+01
   3.5678358e+02   1.5682338e+02   6.6000000e+01
   3.5768905e+02   1.5263433e+02   6.2000000e+01
   3.6878358e+02   1.5353980e+02   5.8000000e+01
   3.6714179e+02   1.5699254e+02   5.4000000e+01
   3.6295274e+02   1.5535075e+02   5.0000000e+01
   3.5876368e+02   1.6135075e+02   4.6000000e+01
   3.5307463e+02   1.8240796e+02   4.2000000e+01
   3.5038557e+02   2.0137065e+02   4.0000000e+01
