   2.8493179e+01   2.7331453e+01   1.4000000e+01
   2.8741935e+01   2.7331453e+01   1.3000000e+01
   2.8120044e+01   2.7562934e+01   1.2000000e+01
   2.7373776e+01   2.9299045e+01   1.1000000e+01
   2.7000641e+01   3.0224971e+01   1.0000000e+01
   2.6876263e+01   3.1382378e+01   9.0000000e+00
   2.7622532e+01   3.1845341e+01   8.0000000e+00
   2.8120044e+01   3.4507378e+01   7.0000000e+00
   2.8990691e+01   3.6474971e+01   8.0000000e+00
   2.8741935e+01   3.6243490e+01   9.0000000e+00
   2.8866313e+01   3.6243490e+01   1.0000000e+01
   2.8990691e+01   3.6243490e+01   1.1000000e+01
   2.8617557e+01   3.6474971e+01   1.2000000e+01
   2.8617557e+01   3.6590712e+01   1.3000000e+01
   2.8368801e+01   3.6706453e+01   1.4000000e+01
