   3.3018159e+02   9.9654229e+01   1.4200000e+02
   3.2899254e+02   9.3370647e+01   1.3600000e+02
   3.2780348e+02   9.4728856e+01   1.3000000e+02
   3.1583085e+02   9.1671642e+01   1.2400000e+02
   3.3501990e+02   9.0482587e+01   1.1800000e+02
   3.4147264e+02   9.1840796e+01   1.1200000e+02
   3.3773632e+02   9.3199005e+01   1.0600000e+02
   3.2635821e+02   1.0219900e+02   1.0000000e+02
   3.4045274e+02   9.8462687e+01   9.4000000e+01
   3.3926368e+02   1.0236816e+02   8.8000000e+01
   3.4826368e+02   1.0372637e+02   8.2000000e+01
   3.4198010e+02   1.0508458e+02   7.6000000e+01
   3.4079104e+02   1.1663184e+02   7.0000000e+01
   3.7271642e+02   1.2563184e+02   6.4000000e+01
   3.6598010e+02   1.8257711e+02   5.8000000e+01
