   2.8869869e+01   2.6927083e+01   1.1000000e+01
   2.8869869e+01   2.6927083e+01   1.0000000e+01
   2.7914646e+01   2.7815972e+01   9.0000000e+00
   2.7675840e+01   2.8149306e+01   8.0000000e+00
   2.7317631e+01   2.9482639e+01   7.0000000e+00
   2.7437034e+01   3.0927083e+01   6.0000000e+00
   2.8034049e+01   3.2149306e+01   5.0000000e+00
   2.8989272e+01   3.4371528e+01   4.0000000e+00
   2.9944496e+01   3.5815972e+01   5.0000000e+00
   3.0183302e+01   3.5927083e+01   6.0000000e+00
   2.9705690e+01   3.6371528e+01   7.0000000e+00
   2.9466884e+01   3.6371528e+01   8.0000000e+00
   2.9347481e+01   3.6371528e+01   9.0000000e+00
   2.8750466e+01   3.6371528e+01   1.0000000e+01
   2.9347481e+01   3.6371528e+01   1.1000000e+01
