   2.9078940e+01   2.6670726e+01   1.1000000e+01
   2.8863987e+01   2.7347197e+01   1.0000000e+01
   2.8434081e+01   2.7685432e+01   9.0000000e+00
   2.8147476e+01   2.8497197e+01   8.0000000e+00
   2.8434081e+01   2.9917785e+01   7.0000000e+00
   2.8720685e+01   3.0797197e+01   6.0000000e+00
   2.9437196e+01   3.1608961e+01   5.0000000e+00
   2.9293894e+01   3.2826608e+01   4.0000000e+00
   3.0297009e+01   3.5667785e+01   4.0000000e+00
   2.9723800e+01   3.5397197e+01   5.0000000e+00
   2.9437196e+01   3.5803079e+01   6.0000000e+00
   2.8935638e+01   3.6006020e+01   7.0000000e+00
   2.8863987e+01   3.6479550e+01   8.0000000e+00
   2.9222243e+01   3.6614844e+01   9.0000000e+00
   2.9867102e+01   3.6276608e+01   1.0000000e+01
   2.9580498e+01   3.6208961e+01   1.1000000e+01
