260.842182 226.836249 85.137086 255 0 0
274.774038 218.024145 89.094156 255 0 0
289.907014 210.366744 92.185646 255 0 0
306.241110 203.864046 94.411557 255 0 0
323.776326 198.516052 95.771889 255 0 0
342.512662 194.322761 96.266641 255 0 0
362.450118 191.284174 95.895813 255 0 0
383.588694 189.400290 94.659406 255 0 0
405.928390 188.671110 92.557420 0 255 0
391.773073 192.673601 111.441654 0 255 0
378.908070 197.916543 129.396030 0 255 0
367.333382 204.399937 146.420550 0 255 0
357.049008 212.123782 162.515213 0 255 0
348.054950 221.088079 177.680018 0 255 0
340.351206 231.292827 191.914966 0 255 0
333.937777 242.738026 205.220057 0 255 0
328.814662 255.423676 217.595292 0 255 0
