3.226448013285271941e+02 2.014754033059280118e+02 1.764633989108876904e+02
3.208977106640037960e+02 1.916082090297290677e+02 1.634248364476227948e+02
3.127300635252162806e+02 1.846296232008087941e+02 1.500388817855309469e+02
3.107599367179978458e+02 1.781205250326271425e+02 1.305757192427842881e+02
3.121089771450149897e+02 1.737378601379620022e+02 1.041671042968202130e+02
3.189917117303096461e+02 1.693993862487828892e+02 7.307038558807693107e+01
3.379402090449971752e+02 1.605374430362255680e+02 4.084526785692639805e+01
3.538508310666088050e+02 1.759775563600840371e+02 3.113754530832505907e+01
3.574779063901247014e+02 1.887996601854322876e+02 3.679653128919699157e+01
3.638718287927791266e+02 2.016438595135234380e+02 4.011146538867939171e+01
3.646205510189614074e+02 2.161229089516493787e+02 4.490220684698874720e+01
3.754435271655402744e+02 2.248026383373213548e+02 5.273180958795012430e+01
3.763037554099173008e+02 2.376026466599265916e+02 6.073484745021147546e+01
