27.135521 36.638745 11.250000 255 0 0
27.408275 36.440448 10.218750 255 0 0
27.758973 36.115281 9.187500 255 0 0
28.187616 35.663244 8.156250 255 0 0
28.694204 35.084336 7.125000 255 0 0
29.278736 34.378558 6.093750 255 0 0
29.941213 33.545909 5.062500 255 0 0
30.681634 32.586390 4.031250 255 0 0
31.500000 31.500000 3.000000 0 255 0
30.882716 30.288007 4.031250 0 255 0
30.320163 29.214493 5.062500 0 255 0
29.812338 28.279456 6.093750 0 255 0
29.359244 27.482897 7.125000 0 255 0
28.960878 26.824816 8.156250 0 255 0
28.617243 26.305213 9.187500 0 255 0
28.328337 25.924087 10.218750 0 255 0
28.094161 25.681440 11.250000 0 255 0
