   2.9239447e+01   2.6637008e+01   1.2000000e+01
   2.9239447e+01   2.6405527e+01   1.1000000e+01
   2.9115069e+01   2.6984230e+01   1.0000000e+01
   2.8866313e+01   2.7678675e+01   9.0000000e+00
   2.8866313e+01   2.8488860e+01   8.0000000e+00
   2.8120044e+01   3.1266638e+01   7.0000000e+00
   2.8493179e+01   3.4275897e+01   6.0000000e+00
   2.8244422e+01   3.5201823e+01   7.0000000e+00
   2.8120044e+01   3.5086082e+01   8.0000000e+00
   2.7871288e+01   3.5433304e+01   9.0000000e+00
   2.8120044e+01   3.5433304e+01   1.0000000e+01
   2.7995666e+01   3.6012008e+01   1.1000000e+01
   2.7871288e+01   3.5896267e+01   1.2000000e+01
