   3.9131592e+02   2.2701741e+02   9.8000000e+01
   3.8248507e+02   2.2582836e+02   9.2000000e+01
   3.9912687e+02   2.2718657e+02   8.6000000e+01
   4.0303234e+02   2.2090299e+02   8.0000000e+01
   4.0184328e+02   2.2226119e+02   7.4000000e+01
   4.0574876e+02   2.2361940e+02   6.8000000e+01
   4.1474876e+02   2.3007214e+02   6.2000000e+01
   4.1865423e+02   2.3907214e+02   5.6000000e+01
   4.1237065e+02   2.3278856e+02   5.0000000e+01
   4.1372886e+02   2.3669403e+02   4.4000000e+01
   3.9980348e+02   2.3805224e+02   3.8000000e+01
   3.8842537e+02   2.4959950e+02   3.2000000e+01
   3.7450000e+02   2.8661940e+02   2.6000000e+01
