   2.7746910e+01   2.6637008e+01   1.2000000e+01
   2.7373776e+01   2.7678675e+01   1.1000000e+01
   2.7000641e+01   2.8025897e+01   1.0000000e+01
   2.6876263e+01   2.8257378e+01   9.0000000e+00
   2.6876263e+01   2.8951823e+01   8.0000000e+00
   2.7125019e+01   3.0919416e+01   7.0000000e+00
   2.8617557e+01   3.3002749e+01   6.0000000e+00
   2.8990691e+01   3.4970341e+01   7.0000000e+00
   2.8244422e+01   3.6012008e+01   8.0000000e+00
   2.8120044e+01   3.6590712e+01   9.0000000e+00
   2.7871288e+01   3.6590712e+01   1.0000000e+01
   2.7373776e+01   3.6822193e+01   1.1000000e+01
   2.7000641e+01   3.7053675e+01   1.2000000e+01
