1	5	10
1	40	5
40	48	5
48	10	5
48	58	10
58	23	10
23	13	10
13	8	10
8	1	10
8	7	1
7	2	1
2	3	1
3	17	1
17	40	1
17	41	40
41	126	40
126	48	40
126	128	48
128	86	48
86	58	48
86	123	58
123	19	58
19	23	58
19	29	23
29	13	23
29	30	13
30	8	13
30	11	8
11	7	8
11	9	7
9	2	7
9	4	2
4	6	2
4	24	6
24	25	6
25	21	6
21	22	6
22	15	6
21	91	22
91	122	22
91	130	122
91	177	130
177	184	130
177	228	184
228	271	184
228	343	271
177	100	228
100	226	228
100	210	226
210	285	226
210	270	285
270	346	285
270	375	346
375	444	346
444	511	346
375	395	444
270	279	375
210	203	270
177	91	100
91	51	100
51	24	100
24	32	100
32	64	100
64	124	100
64	84	124
84	134	124
134	203	124
134	204	203
134	175	204
175	242	204
175	199	242
199	221	242
221	255	242
255	312	242
312	264	242
264	266	242
264	263	266
263	279	266
263	320	279
320	425	279
320	396	425
320	345	396
320	275	345
275	318	345
318	460	345
318	408	460
275	265	318
275	264	265
264	282	265
282	315	265
315	260	265
260	284	265
260	274	284
260	319	274
260	294	319
260	273	294
273	340	294
340	306	294
306	337	294
306	362	337
362	485	337
362	421	485
421	431	485
431	495	485
495	591	485
591	616	485
591	668	616
591	583	668
583	839	668
583	635	839
591	495	583
431	450	495
431	410	450
410	487	450
487	497	450
487	534	497
534	635	497
534	615	635
534	628	615
628	669	615
669	701	615
701	806	615
669	710	701
710	707	701
707	753	701
707	710	753
710	814	753
710	825	814
710	827	825
710	850	827
850	890	827
890	998	827
890	914	998
914	997	998
997	1144	998
1144	1151	998
1144	1234	1151
914	971	997
914	890	971
890	951	971
951	1031	971
1031	1049	971
1049	1044	971
1049	1094	1044
1094	1121	1044
1094	1176	1121
1176	1152	1121
1152	1194	1121
1152	1208	1194
1208	1296	1194
1208	1205	1296
1205	1316	1296
1316	1366	1296
1366	1435	1296
1316	1345	1366
1316	1276	1345
1276	1225	1345
1225	1354	1345
1354	1456	1345
1225	1308	1354
1308	1385	1354
1225	1196	1308
1196	1139	1308
1139	1275	1308
1139	1215	1275
1215	1314	1275
1314	1389	1275
1314	1369	1389
1369	1516	1389
1369	1425	1516
1425	1635	1516
1635	1664	1516
1635	1740	1664
1740	1781	1664
1781	1735	1664
1635	1697	1740
1635	1642	1697
1642	1687	1697
1642	1709	1687
1369	1330	1425
1330	1379	1425
1330	1282	1379
1330	1269	1282
1269	1199	1282
1269	1238	1199
1238	1127	1199
1127	1206	1199
1127	1158	1206
1158	1243	1206
1158	1189	1243
1189	1240	1243
1240	1267	1243
1240	1247	1267
1247	1347	1267
1347	1348	1267
1347	1398	1348
1398	1432	1348
1240	1175	1247
1175	1163	1247
1163	1128	1247
1163	1081	1128
1081	1071	1128
1071	1101	1128
1101	1174	1128
1071	1055	1101
1055	1042	1101
1042	1039	1101
1042	994	1039
994	969	1039
969	1011	1039
969	1006	1011
1006	1063	1011
1063	1224	1011
1006	988	1063
988	1029	1063
1029	1107	1063
988	905	1029
905	891	1029
905	773	891
773	777	891
777	844	891
773	696	777
773	784	696
784	782	696
782	741	696
741	656	696
741	693	656
693	655	656
655	547	656
547	570	656
570	638	656
570	587	638
570	524	587
524	579	587
524	474	579
474	515	579
474	522	515
474	409	522
409	434	522
409	348	434
348	376	434
348	309	376
309	292	376
292	370	376
292	379	370
379	477	370
379	394	477
379	296	394
296	298	394
296	248	298
248	202	298
248	182	202
182	159	202
159	163	202
163	164	202
163	96	164
96	117	164
117	151	164
151	170	164
151	141	170
151	95	141
95	81	141
81	112	141
112	149	141
112	121	149
121	213	149
121	108	213
108	148	213
148	193	213
108	52	148
52	45	148
52	33	45
33	37	45
37	42	45
37	34	42
34	53	42
53	78	42
78	87	42
78	99	87
99	125	87
125	178	87
125	249	178
249	246	178
125	188	249
125	194	188
194	206	188
206	240	188
194	237	206
237	327	206
237	301	327
301	359	327
301	336	359
336	367	359
367	371	359
371	413	359
371	448	413
448	514	413
448	572	514
572	595	514
371	367	448
336	354	367
354	430	367
354	438	430
438	481	430
481	554	430
481	561	554
561	598	554
598	577	554
598	677	577
677	685	577
685	671	577
671	612	577
612	585	577
585	562	577
585	592	562
592	594	562
594	639	562
594	632	639
632	675	639
675	793	639
675	736	793
675	619	736
619	729	736
729	903	736
729	877	903
877	1000	903
1000	1023	903
1023	1017	903
877	884	1000
884	901	1000
901	1040	1000
901	1025	1040
901	968	1025
968	1093	1025
968	943	1093
943	965	1093
965	1080	1093
1080	1118	1093
1080	1185	1118
943	906	965
906	846	965
846	911	965
846	835	911
835	888	911
888	936	911
936	979	911
936	1041	979
1041	1072	979
1072	1061	979
1061	1067	979
1072	1091	1061
1091	1124	1061
1091	1125	1124
1125	1179	1124
1179	1229	1124
1229	1257	1124
1229	1270	1257
1270	1356	1257
1270	1396	1356
1270	1320	1396
1270	1229	1320
1179	1177	1229
1179	1125	1177
1125	1219	1177
1125	1217	1219
1217	1284	1219
1217	1375	1284
1375	1353	1284
1353	1323	1284
1375	1414	1353
1414	1416	1353
1416	1378	1353
1416	1438	1378
1438	1488	1378
1375	1402	1414
1402	1436	1414
1436	1472	1414
1472	1502	1414
1472	1524	1502
1524	1547	1502
1524	1585	1547
1585	1575	1547
1575	1562	1547
1575	1619	1562
1619	1602	1562
1619	1815	1602
1815	1645	1602
1645	1488	1602
1815	1789	1645
1789	1745	1645
1745	1676	1645
1676	1632	1645
1676	1593	1632
1676	1663	1593
1663	1613	1593
1613	1580	1593
1580	1517	1593
1580	1541	1517
1580	1613	1541
1613	1640	1541
1640	1574	1541
1574	1453	1541
1640	1757	1574
1640	1727	1757
1727	1848	1757
1848	1842	1757
1727	1758	1848
1727	1650	1758
1650	1663	1758
1650	1613	1663
1650	1640	1613
1650	1727	1640
1676	1716	1663
1676	1745	1716
1745	1801	1716
1745	1789	1801
1815	1864	1789
1815	1935	1864
1815	1809	1935
1809	1939	1935
1619	1646	1815
1619	1622	1646
1622	1652	1646
1622	1575	1652
1575	1585	1652
1585	1672	1652
1585	1668	1672
1668	1725	1672
1725	1742	1672
1725	1799	1742
1725	1717	1799
1717	1831	1799
1831	1879	1799
1831	1982	1879
1831	1984	1982
1984	2067	1982
1831	1921	1984
1725	1668	1717
1622	1619	1575
1436	1437	1472
1437	1463	1472
1463	1525	1472
1525	1612	1472
1525	1638	1612
1638	1655	1612
1638	1656	1655
1656	1798	1655
1638	1538	1656
1638	1503	1538
1503	1501	1538
1501	1455	1538
1455	1559	1538
1638	1525	1503
1525	1463	1503
1463	1394	1503
1463	1420	1394
1463	1437	1420
1437	1402	1420
1402	1375	1420
1437	1436	1402
1125	1214	1217
1125	1133	1214
1133	1169	1214
1169	1233	1214
1169	1154	1233
1169	1046	1154
1046	1120	1154
1120	1129	1154
1046	986	1120
1046	1003	986
1003	945	986
945	944	986
944	912	986
944	915	912
915	834	912
834	847	912
915	778	834
915	757	778
757	692	778
692	618	778
618	684	778
618	584	684
584	680	684
584	761	680
584	708	761
708	787	761
787	818	761
818	817	761
818	1021	817
1021	1008	817
1008	975	817
818	856	1021
818	787	856
708	703	787
708	674	703
708	567	674
708	531	567
531	468	567
531	476	468
476	363	468
363	439	468
363	347	439
347	407	439
407	529	439
407	509	529
347	311	407
311	259	407
259	253	407
259	220	253
220	187	253
187	152	253
152	271	253
187	105	152
105	122	152
187	169	105
169	173	105
173	94	105
173	165	94
165	147	94
147	75	94
75	15	94
75	27	15
27	3	15
27	17	3
27	44	17
44	41	17
44	103	41
103	126	41
44	140	103
44	75	140
75	147	140
147	168	140
168	218	140
218	231	140
218	278	231
278	256	231
256	243	231
256	268	243
268	229	243
268	328	229
328	230	229
230	181	229
181	128	229
128	126	229
181	146	128
146	86	128
146	144	86
144	123	86
144	142	123
142	50	123
142	153	50
153	69	50
69	18	50
18	20	50
20	19	50
20	28	19
28	29	19
28	65	29
65	30	29
65	60	30
60	11	30
60	82	11
82	16	11
16	9	11
16	46	9
46	39	9
39	4	9
39	32	4
32	24	4
39	43	32
43	64	32
43	84	64
43	98	84
98	134	84
98	175	134
98	137	175
137	166	175
166	199	175
166	191	199
191	221	199
191	291	221
291	255	221
291	302	255
302	334	255
334	312	255
334	342	312
342	315	312
315	282	312
282	264	312
342	340	315
340	273	315
273	260	315
342	397	340
397	362	340
362	306	340
397	436	362
436	421	362
436	458	421
458	487	421
487	410	421
410	431	421
458	549	487
549	589	487
589	534	487
589	628	534
549	631	589
631	690	589
631	688	690
688	730	690
730	797	690
688	646	730
688	606	646
606	576	646
576	601	646
576	537	601
537	494	601
494	603	601
603	645	601
645	682	601
645	658	682
658	734	682
734	719	682
734	766	719
766	807	719
766	809	807
809	815	807
815	870	807
870	848	807
848	797	807
848	869	797
848	870	869
870	951	869
951	850	869
951	890	850
870	878	951
878	977	951
977	1031	951
977	1012	1031
1012	1070	1031
1070	1049	1031
1070	1094	1049
1070	1119	1094
1119	1149	1094
1149	1176	1094
1149	1276	1176
1276	1205	1176
1205	1208	1176
1208	1152	1176
1276	1316	1205
1149	1225	1276
1149	1196	1225
1149	1150	1196
1150	1139	1196
1150	1119	1139
1119	1054	1139
1119	1070	1054
1070	984	1054
1070	1012	984
1012	918	984
918	967	984
967	1014	984
967	1028	1014
1028	1035	1014
1035	1111	1014
1035	1083	1111
1083	1136	1111
1136	1143	1111
1143	1134	1111
1143	1189	1134
1189	1158	1134
1158	1127	1134
1143	1136	1189
1136	1103	1189
1103	1175	1189
1175	1240	1189
1103	1135	1175
1135	1163	1175
1135	1081	1163
1135	1089	1081
1089	994	1081
994	1055	1081
1055	1071	1081
994	1042	1055
1089	1022	994
1022	972	994
972	969	994
972	923	969
923	988	969
988	1006	969
923	905	988
923	836	905
836	773	905
836	784	773
836	782	784
836	866	782
866	810	782
810	783	782
783	741	782
783	693	741
783	720	693
720	655	693
720	683	655
683	574	655
574	547	655
574	505	547
505	470	547
470	524	547
524	570	547
470	474	524
470	409	474
470	393	409
393	348	409
393	309	348
393	435	309
435	293	309
293	262	309
262	292	309
262	296	292
296	379	292
262	212	296
212	248	296
212	185	248
185	182	248
185	174	182
174	120	182
120	159	182
120	96	159
96	163	159
120	114	96
114	131	96
131	89	96
89	83	96
83	95	96
95	117	96
95	151	117
83	68	95
68	81	95
68	36	81
36	85	81
85	112	81
85	121	112
85	108	121
85	72	108
72	52	108
72	12	52
12	26	52
26	33	52
26	34	33
34	37	33
26	31	34
31	49	34
49	53	34
49	55	53
55	92	53
92	90	53
90	78	53
90	99	78
90	160	99
160	125	99
160	194	125
160	205	194
205	237	194
205	217	237
217	286	237
286	336	237
336	301	237
286	354	336
286	277	354
277	307	354
307	438	354
307	356	438
356	428	438
428	481	438
428	419	481
419	526	481
526	561	481
526	541	561
541	598	561
541	523	598
523	582	598
582	677	598
582	651	677
651	691	677
691	704	677
704	685	677
704	713	685
713	671	685
713	729	671
729	619	671
619	612	671
619	592	612
592	585	612
619	632	592
632	594	592
619	675	632
713	763	729
763	877	729
763	884	877
763	789	884
789	901	884
789	920	901
920	968	901
920	943	968
920	921	943
921	906	943
921	779	906
779	846	906
779	744	846
744	775	846
775	835	846
775	792	835
792	888	835
792	785	888
785	889	888
889	959	888
959	937	888
937	936	888
937	987	936
987	1041	936
987	1060	1041
1060	1133	1041
1133	1125	1041
1125	1072	1041
1125	1091	1072
1060	1058	1133
1058	1147	1133
1147	1169	1133
1147	1046	1169
1147	1058	1046
1058	1003	1046
1058	958	1003
958	942	1003
942	945	1003
942	915	945
915	944	945
958	889	942
889	788	942
889	785	788
785	755	788
755	721	788
721	757	788
721	692	757
721	559	692
559	618	692
559	496	618
496	476	618
476	584	618
496	480	476
480	363	476
721	551	559
551	513	559
551	405	513
405	459	513
405	314	459
314	316	459
314	219	316
219	311	316
311	347	316
347	363	316
219	220	311
220	259	311
219	169	220
169	187	220
219	196	169
196	173	169
196	214	173
196	219	214
219	314	214
721	604	551
721	687	604
687	599	604
687	573	599
687	602	573
602	482	573
482	449	573
449	416	573
449	406	416
406	333	416
333	338	416
333	250	338
333	247	250
247	168	250
168	147	250
147	165	250
247	218	168
247	278	218
247	373	278
373	358	278
358	256	278
358	351	256
351	268	256
351	325	268
325	328	268
358	387	351
387	418	351
358	403	387
403	489	387
403	482	489
482	503	489
503	552	489
552	523	489
552	582	523
552	651	582
552	653	651
653	691	651
653	718	691
718	704	691
718	780	704
780	713	704
780	763	713
780	789	763
780	779	789
779	920	789
779	921	920
780	718	779
718	747	779
747	745	779
745	744	779
745	667	744
667	672	744
672	775	744
672	716	775
716	759	775
759	792	775
759	785	792
759	716	785
716	686	785
686	687	785
687	755	785
687	721	755
686	602	687
686	672	602
672	596	602
596	482	602
596	503	482
596	565	503
565	552	503
565	653	552
565	596	653
596	662	653
662	747	653
747	718	653
662	745	747
662	667	745
662	629	667
629	672	667
629	596	672
629	662	596
686	716	672
403	449	482
403	373	449
373	406	449
373	333	406
373	247	333
403	358	373
958	959	889
958	1058	959
1058	987	959
987	937	959
1058	1060	987
541	526	523
428	356	419
356	328	419
356	232	328
232	230	328
232	181	230
232	209	181
209	144	181
144	146	181
209	142	144
209	153	142
209	216	153
216	198	153
198	150	153
150	69	153
150	107	69
107	59	69
59	38	69
38	35	69
35	18	69
35	14	18
14	20	18
14	28	20
14	77	28
77	101	28
101	80	28
80	65	28
80	60	65
80	127	60
127	79	60
79	82	60
79	138	82
79	127	138
127	189	138
189	201	138
201	208	138
208	179	138
208	233	179
233	207	179
207	133	179
133	82	179
133	106	82
106	47	82
47	16	82
47	46	16
47	74	46
74	43	46
43	39	46
74	111	43
111	98	43
111	137	98
111	113	137
113	166	137
113	119	166
119	191	166
119	132	191
132	207	191
207	291	191
207	288	291
288	308	291
308	323	291
323	334	291
334	302	291
323	390	334
390	391	334
391	342	334
391	397	342
391	457	397
457	436	397
457	458	436
457	506	458
506	549	458
506	553	549
553	631	549
553	606	631
606	688	631
553	537	606
537	576	606
553	500	537
500	453	537
453	411	537
411	494	537
411	484	494
484	479	494
479	520	494
520	603	494
520	590	603
590	610	603
610	645	603
610	658	645
610	622	658
622	711	658
711	734	658
711	770	734
770	821	734
821	766	734
821	849	766
849	828	766
828	809	766
828	815	809
828	864	815
864	838	815
838	870	815
838	858	870
858	878	870
858	871	878
871	926	878
926	977	878
926	1012	977
926	918	1012
926	893	918
893	954	918
954	967	918
954	1028	967
954	973	1028
973	941	1028
941	949	1028
949	1034	1028
1034	1053	1028
1053	1083	1028
1083	1035	1028
1053	1066	1083
1066	1102	1083
1102	1136	1083
1102	1103	1136
1102	1033	1103
1033	1009	1103
1009	1019	1103
1019	1005	1103
1005	1030	1103
1030	1092	1103
1092	1135	1103
1092	1089	1135
1092	1022	1089
1092	1030	1022
1030	989	1022
989	972	1022
989	956	972
956	892	972
892	873	972
873	923	972
873	836	923
873	866	836
873	892	866
892	810	866
892	830	810
830	783	810
830	720	783
830	842	720
842	794	720
794	727	720
727	683	720
727	588	683
588	574	683
588	490	574
490	505	574
490	435	505
435	470	505
435	393	470
490	383	435
383	293	435
383	313	293
313	254	293
254	262	293
313	290	254
290	269	254
269	156	254
156	162	254
156	118	162
118	120	162
120	174	162
174	185	162
185	212	162
118	114	120
118	143	114
143	131	114
143	145	131
145	89	131
145	93	89
93	71	89
71	83	89
71	68	83
71	36	68
93	63	71
93	76	63
93	136	76
136	116	76
116	88	76
88	61	76
61	54	76
61	70	54
70	49	54
49	31	54
31	12	54
31	26	12
70	56	49
56	55	49
56	92	55
56	67	92
67	107	92
107	104	92
104	90	92
104	160	90
104	167	160
167	195	160
195	217	160
217	205	160
195	238	217
238	277	217
277	286	217
238	307	277
238	239	307
239	232	307
232	356	307
239	209	232
239	216	209
239	238	216
238	211	216
211	198	216
211	150	198
211	167	150
167	104	150
104	107	150
211	195	167
211	238	195
67	59	107
67	57	59
57	66	59
66	38	59
66	62	38
62	35	38
62	77	35
77	14	35
62	135	77
135	102	77
102	101	77
102	155	101
155	190	101
190	110	101
110	80	101
110	127	80
110	189	127
110	190	189
190	245	189
245	241	189
241	201	189
241	251	201
251	208	201
251	233	208
251	322	233
322	272	233
272	207	233
272	288	207
272	332	288
332	308	288
332	341	308
341	323	308
341	390	323
341	411	390
411	453	390
453	457	390
457	391	390
453	500	457
500	506	457
500	553	506
341	398	411
398	484	411
398	454	484
454	479	484
454	388	479
388	364	479
364	491	479
491	520	479
491	498	520
498	548	520
548	590	520
548	557	590
557	622	590
622	610	590
557	593	622
593	627	622
627	711	622
627	644	711
644	738	711
738	770	711
738	715	770
715	826	770
826	821	770
826	867	821
867	863	821
863	849	821
863	828	849
863	864	828
863	940	864
940	871	864
871	838	864
871	858	838
940	893	871
893	926	871
940	954	893
940	948	954
948	973	954
948	927	973
927	908	973
908	941	973
908	867	941
867	860	941
860	868	941
868	883	941
883	904	941
904	930	941
930	949	941
930	978	949
978	1034	949
978	1033	1034
1033	1053	1034
1033	1066	1053
1033	1102	1066
978	1009	1033
978	931	1009
931	1019	1009
931	1005	1019
931	963	1005
963	989	1005
989	1030	1005
963	956	989
963	931	956
931	909	956
909	892	956
909	842	892
842	830	892
909	794	842
909	910	794
910	872	794
872	781	794
781	749	794
749	727	794
781	697	749
781	874	697
874	855	697
855	765	697
765	705	697
765	694	705
765	723	694
723	673	694
723	724	673
724	640	673
640	560	673
640	535	560
535	483	560
483	422	560
483	372	422
483	426	372
426	357	372
357	300	372
300	303	372
300	225	303
225	269	303
225	156	269
225	143	156
143	118	156
225	183	143
183	145	143
183	186	145
186	157	145
157	93	145
157	136	93
157	180	136
180	116	136
180	215	116
215	109	116
109	88	116
109	97	88
97	66	88
66	73	88
73	61	88
73	70	61
73	66	70
66	56	70
66	57	56
57	67	56
97	62	66
97	135	62
97	115	135
115	171	135
171	176	135
176	155	135
155	102	135
176	200	155
200	190	155
200	245	190
176	197	200
197	236	200
236	289	200
289	297	200
289	392	297
392	350	297
350	352	297
352	245	297
352	335	245
335	241	245
335	251	241
335	344	251
344	322	251
344	388	322
388	385	322
385	369	322
369	272	322
369	332	272
369	378	332
378	398	332
398	341	332
378	385	398
385	454	398
385	388	454
378	369	385
344	364	388
344	335	364
335	352	364
352	446	364
446	491	364
446	498	491
446	455	498
455	499	498
499	548	498
499	557	548
499	492	557
492	544	557
544	593	557
544	568	593
568	627	593
568	586	627
586	644	627
586	624	644
624	634	644
634	643	644
643	715	644
715	712	644
712	738	644
712	715	738
643	724	715
724	760	715
760	826	715
760	772	826
772	800	826
800	860	826
860	867	826
800	855	860
855	868	860
855	883	868
855	874	883
874	904	883
874	872	904
872	910	904
910	931	904
931	934	904
934	930	904
934	978	930
934	931	978
910	909	931
874	781	872
800	765	855
800	764	765
764	723	765
764	724	723
764	760	724
764	772	760
764	800	772
643	640	724
643	633	640
633	535	640
633	634	535
634	586	535
586	488	535
488	483	535
488	443	483
443	426	483
443	382	426
382	357	426
382	317	357
317	267	357
267	234	357
234	300	357
234	224	300
224	225	300
224	183	225
224	186	183
224	234	186
234	192	186
192	157	186
192	180	157
192	223	180
223	215	180
223	252	215
252	258	215
258	172	215
172	109	215
172	115	109
115	97	109
172	171	115
172	236	171
236	197	171
197	176	171
172	258	236
258	326	236
326	289	236
326	392	289
326	380	392
380	429	392
429	441	392
441	350	392
441	455	350
455	446	350
446	352	350
441	465	455
465	499	455
465	462	499
462	492	499
462	429	492
429	488	492
488	544	492
488	586	544
586	568	544
429	442	488
442	443	488
442	360	443
360	382	443
360	324	382
324	317	382
324	252	317
252	223	317
223	267	317
223	244	267
244	234	267
244	192	234
244	223	192
324	295	252
295	258	252
295	326	258
295	380	326
295	360	380
360	442	380
442	429	380
295	324	360
462	441	429
462	465	441
634	624	586
633	643	634
908	863	867
908	927	863
927	940	863
927	948	940
290	361	269
290	349	361
349	456	361
349	452	456
349	384	452
384	501	452
384	383	501
383	490	501
490	588	501
384	313	383
384	349	313
349	290	313
132	133	207
132	106	133
132	119	106
119	74	106
74	47	106
119	113	74
113	111	74
72	36	12
72	85	36
1150	1149	1119
44	27	75
1238	1132	1127
1132	1126	1127
1132	1215	1126
1215	1139	1126
1132	1238	1215
1238	1314	1215
1238	1293	1314
1293	1369	1314
1293	1269	1369
1269	1330	1369
1293	1238	1269
669	733	710
275	263	264
275	320	263
51	25	24
51	91	25
91	21	25
283	299	389
299	420	389
420	440	389
299	401	420
339	415	463
365	464	412
374	423	417
423	502	417
502	546	417
546	558	417
546	637	558
637	649	558
649	600	558
649	769	600
649	762	769
762	791	769
791	900	769
546	678	637
546	571	678
571	699	678
699	756	678
546	502	571
377	433	432
433	566	432
433	518	566
386	473	447
473	545	447
473	533	545
533	647	545
647	642	545
647	816	642
816	732	642
647	876	816
647	799	876
647	681	799
681	845	799
845	1086	799
845	939	1086
845	913	939
845	843	913
843	928	913
928	1088	913
928	985	1088
928	751	985
751	714	985
714	983	985
751	478	714
478	676	714
676	752	714
928	843	751
843	771	751
771	578	751
681	578	845
647	581	681
647	533	581
414	527	507
424	427	536
445	539	475
475	343	445
475	504	343
475	608	504
475	539	608
539	652	608
445	555	539
467	660	620
660	717	620
717	728	620
728	659	620
717	953	728
717	932	953
932	1201	953
1201	1050	953
1050	1018	953
1050	1082	1018
1050	1201	1082
1201	1281	1082
1281	1259	1082
1281	1311	1259
1281	1408	1311
1408	1441	1311
1281	1201	1408
932	1165	1201
510	530	519
519	425	510
530	614	519
614	735	519
735	722	519
735	746	722
746	841	722
841	776	722
776	657	722
776	748	657
748	700	657
700	511	657
700	555	511
748	829	700
748	886	829
776	996	748
776	992	996
992	1097	996
776	841	992
735	820	746
735	786	820
735	614	786
530	460	614
460	654	614
460	663	654
517	538	621
538	569	621
521	563	550
525	650	542
650	666	542
532	597	641
597	902	641
902	898	641
902	1013	898
564	670	679
670	832	679
580	725	737
617	802	796
802	854	796
854	880	796
880	955	796
955	924	796
880	952	955
952	990	955
802	961	854
802	824	961
824	853	961
626	630	739
698	819	852
819	1048	852
819	1045	1048
1045	1200	1048
1045	1153	1200
819	907	1045
819	882	907
882	1079	907
706	803	742
731	812	813
731	805	812
813	756	731
813	895	756
740	798	881
774	875	833
833	798	774
875	922	833
811	916	831
811	938	916
857	917	861
861	652	857
861	768	652
885	897	966
885	793	897
793	957	897
885	840	793
919	1108	1062
1108	1223	1062
1223	1245	1062
1223	1305	1245
1305	1266	1245
1305	1372	1266
1372	1460	1266
1305	1362	1372
1305	1301	1362
1301	1376	1362
1305	1223	1301
1223	1108	1301
1108	1073	1301
1108	935	1073
1108	919	935
946	993	1112
993	1109	1112
1112	1069	946
1112	1183	1069
1112	1221	1183
1221	1350	1183
947	1043	1002
1043	1122	1002
947	1001	1043
964	991	1106
991	1204	1106
991	1027	1204
970	1100	1096
1100	1256	1096
1100	1220	1256
1220	1373	1256
1373	1365	1256
1373	1537	1365
1537	1543	1365
1537	1577	1543
1577	1576	1543
1576	1392	1543
1576	1560	1392
1576	1715	1560
1715	1654	1560
1576	1802	1715
1802	1768	1715
1537	1627	1577
1537	1660	1627
1660	1795	1627
1660	1885	1795
1885	1936	1795
1936	1932	1795
1932	1805	1795
1932	1886	1805
1886	1830	1805
1886	1893	1830
1893	1849	1830
1849	1802	1830
1886	2033	1893
2033	2066	1893
2066	1980	1893
2066	2144	1980
2144	2080	1980
2080	1971	1980
1971	1882	1980
2080	2006	1971
2080	2138	2006
2080	2154	2138
2154	2303	2138
2303	2342	2138
2342	2310	2138
2310	2217	2138
2217	2117	2138
2303	2377	2342
2154	2182	2303
2154	2144	2182
2154	2080	2144
2033	2076	2066
2033	2044	2076
2044	2108	2076
2108	2244	2076
2108	2281	2244
2108	2150	2281
2108	1998	2150
1998	2048	2150
2048	2253	2150
2048	2259	2253
2259	2288	2253
2259	2312	2288
2312	2529	2288
2312	2546	2529
2546	2534	2529
2546	2644	2534
2644	2767	2534
2644	2813	2767
2813	2873	2767
2813	2854	2873
2854	2994	2873
2994	3109	2873
3109	3099	2873
2994	3015	3109
3015	3120	3109
3120	3243	3109
3120	3215	3243
3120	3176	3215
3176	3263	3215
3176	3235	3263
3176	3166	3235
3166	3221	3235
3176	2934	3166
3176	2911	2934
2911	2920	2934
2911	2837	2920
2813	2837	2854
2813	2644	2837
2546	2520	2644
2546	2462	2520
2546	2312	2462
2259	2105	2312
2105	2088	2312
2105	2024	2088
2105	2048	2024
2105	2259	2048
2108	1932	1998
1932	1936	1998
1936	1885	1998
2108	2044	1932
2044	1886	1932
2044	2033	1886
1660	1690	1885
1220	1383	1373
995	1161	1047
1016	1192	1131
1192	1251	1131
1051	1117	1084
1064	1110	1114
1110	1167	1114
1087	1186	1210
1186	1337	1210
1337	1317	1210
1317	1157	1210
1317	1231	1157
1231	1171	1157
1231	1227	1171
1227	1193	1171
1227	1261	1193
1261	1232	1193
1232	1107	1193
1232	1246	1107
1232	1294	1246
1232	1273	1294
1232	1261	1273
1227	1400	1261
1400	1445	1261
1095	1130	1162
1099	1104	1170
1099	957	1104
957	1038	1104
1104	1190	1170
1190	1253	1170
1253	1156	1170
1156	1099	1170
1156	1115	1099
1156	1146	1115
1146	1184	1115
1156	1197	1146
1156	1253	1197
1253	1212	1197
1212	1265	1197
1212	1309	1265
1309	1319	1265
1319	1252	1265
1309	1358	1319
1309	1313	1358
1309	1212	1313
1190	1295	1253
1137	1202	1138
1138	876	1137
876	1086	1137
1086	1202	1137
1086	1280	1202
1280	1310	1202
1310	1138	1202
1280	1415	1310
1160	1222	1299
1222	1370	1299
1299	1187	1160
1299	1216	1187
1299	1340	1216
1340	1271	1216
1340	1360	1271
1172	1213	1258
1213	1298	1258
1298	1363	1258
1298	1448	1363
1448	1605	1363
1448	1566	1605
1566	1626	1605
1626	1819	1605
1566	1630	1626
1630	1873	1626
1298	1447	1448
1181	1241	1391
1391	1395	1181
1395	1153	1181
1153	1148	1181
1148	1079	1181
1391	1442	1395
1442	1610	1395
1442	1615	1610
1442	1454	1615
1454	1607	1615
1607	1784	1615
1454	1544	1607
1442	1401	1454
1401	1292	1454
1198	1254	1306
1198	1047	1254
1198	1075	1047
1254	1386	1306
1386	1352	1306
1352	1297	1306
1352	1291	1297
1352	1406	1291
1406	1351	1291
1254	1333	1386
1333	1407	1386
1333	1468	1407
1333	1464	1468
1464	1569	1468
1464	1674	1569
1203	1315	1335
1203	1288	1315
1288	1417	1315
1335	1161	1203
1161	1013	1203
1226	1328	1318
1328	1479	1318
1328	1478	1479
1478	1529	1479
1478	1528	1529
1528	1594	1529
1528	1747	1594
1328	1427	1478
1228	1272	1458
1272	1497	1458
1458	1204	1228
1230	1274	1303
1242	1334	1244
1260	1268	1359
1268	1374	1359
1262	1304	1324
1304	1440	1324
1440	1431	1324
1431	1403	1324
1431	1515	1403
1515	1480	1403
1480	1393	1403
1480	1397	1393
1480	1475	1397
1431	1545	1515
1431	1440	1545
1277	1412	1422
1279	1430	1290
1325	1473	1327
1327	1224	1325
1473	1492	1327
1355	1491	1489
1491	1669	1489
1368	1486	1552
1486	1617	1552
1486	1684	1617
1486	1578	1684
1578	1756	1684
1756	1875	1684
1756	1948	1875
1578	1734	1756
1486	1523	1578
1377	1526	1533
1533	1383	1377
1404	1514	1584
1514	1571	1584
1571	1598	1584
1598	1644	1584
1598	1738	1644
1598	1571	1738
1571	1595	1738
1571	1506	1595
1571	1514	1506
1411	1469	1512
1469	1520	1512
1520	1609	1512
1609	1599	1512
1418	1421	1495
1421	1504	1495
1504	1611	1495
1611	1648	1495
1504	1628	1611
1504	1620	1628
1504	1542	1620
1542	1760	1620
1760	1787	1620
1760	1816	1787
1760	1777	1816
1760	1724	1777
1760	1714	1724
1760	1542	1714
1504	1477	1542
1477	1435	1542
1504	1421	1477
1419	1439	1423
1439	1452	1423
1439	1527	1452
1428	1518	1433
1518	1603	1433
1466	1549	1546
1482	1532	1554
1484	1536	1519
1484	1522	1536
1484	1350	1522
1350	1500	1522
1500	1581	1522
1485	1558	1694
1490	1531	1601
1531	1678	1601
1678	1720	1601
1678	1821	1720
1821	1895	1720
1895	1896	1720
1896	1844	1720
1821	1862	1895
1821	1751	1862
1751	1750	1862
1751	1678	1750
1678	1700	1750
1678	1603	1700
1678	1561	1603
1678	1531	1561
1751	1821	1678
1493	1661	1499
1661	1677	1499
1677	1675	1499
1675	1497	1499
1677	1774	1675
1774	1722	1675
1774	1764	1722
1774	1967	1764
1677	1836	1774
1677	1661	1836
1661	1850	1836
1850	2056	1836
2056	2014	1836
2056	2079	2014
2056	2096	2079
2096	2215	2079
2096	2218	2215
2218	2422	2215
2218	2387	2422
2387	2500	2422
2500	2542	2422
2542	2395	2422
2395	2348	2422
2387	2592	2500
2592	2724	2500
2387	2476	2592
2387	2350	2476
2350	2407	2476
2407	2494	2476
2407	2478	2494
2478	2593	2494
2478	2581	2593
2407	2289	2478
2387	2270	2350
2270	2260	2350
2270	2218	2260
2218	2096	2260
2270	2387	2218
1661	1707	1850
1498	1579	1540
1579	1564	1540
1579	1753	1564
1753	1786	1564
1753	1860	1786
1860	1824	1786
1824	1826	1786
1753	1852	1860
1852	1922	1860
1852	1858	1922
1521	1535	1688
1535	1647	1688
1530	1662	1616
1662	1732	1616
1662	1797	1732
1662	1783	1797
1783	1919	1797
1783	1819	1919
1783	1744	1819
1783	1662	1744
1548	1643	1597
1643	1623	1597
1553	1763	1790
1555	1565	1704
1565	1752	1704
1752	1761	1704
1565	1637	1752
1637	1682	1752
1682	1775	1752
1588	1592	1834
1588	1460	1592
1460	1616	1592
1616	1634	1592
1634	1834	1592
1588	1526	1460
1588	1608	1526
1588	1657	1608
1596	1711	1649
1614	1692	1686
1614	1712	1692
1618	1733	1699
1733	1804	1699
1804	1823	1699
1804	1938	1823
1804	1920	1938
1804	1863	1920
1618	1651	1733
1624	1639	1719
1636	1778	1659
1778	1770	1659
1653	1718	1667
1667	1554	1653
1658	1876	1889
1876	1917	1889
1680	1698	1726
1698	1814	1726
1814	1899	1726
1899	1854	1726
1899	1945	1854
1814	1927	1899
1698	1669	1814
1683	1822	1706
1701	1772	1769
1772	1944	1769
1708	1796	1780
1708	1794	1796
1708	1729	1794
1708	1519	1729
1710	1807	1808
1807	1924	1808
1924	1968	1808
1728	1759	1730
1730	1674	1728
1759	1845	1730
1759	1812	1845
1812	1949	1845
1812	1866	1949
1866	1905	1949
1905	2055	1949
2055	2069	1949
2055	2121	2069
2121	2292	2069
2292	2176	2069
2121	2308	2292
2308	2346	2292
2346	2449	2292
2449	2427	2292
2449	2523	2427
2523	2517	2427
2517	2295	2427
2523	2605	2517
2605	2629	2517
2605	2769	2629
2769	2801	2629
2769	2939	2801
2769	2929	2939
2929	2969	2939
2929	2962	2969
2929	2931	2962
2929	2695	2931
2929	2769	2695
2769	2605	2695
2605	2523	2695
2523	2544	2695
2523	2449	2544
2449	2397	2544
2449	2346	2397
2346	2308	2397
2308	2273	2397
2273	2426	2397
2273	2318	2426
2318	2464	2426
2318	2368	2464
2318	2276	2368
2318	2256	2276
2256	2213	2276
2213	2078	2276
2078	2249	2276
2078	2077	2249
2078	2029	2077
2029	1884	2077
1884	2057	2077
1884	1916	2057
1916	2004	2057
2004	2216	2057
2004	2195	2216
2195	2300	2216
2300	2341	2216
2195	2351	2300
2195	2190	2351
2190	2383	2351
2383	2511	2351
2190	2280	2383
2195	2169	2190
2195	2004	2169
2004	1997	2169
1997	1979	2169
1997	1916	1979
1997	2004	1916
2029	1851	1884
2078	2046	2029
2078	2213	2046
2213	2010	2046
2213	2173	2010
2173	2055	2010
2055	1905	2010
1905	1867	2010
1905	1793	1867
1793	1791	1867
1791	1874	1867
1791	1839	1874
1905	1866	1793
1866	1812	1793
1812	1759	1793
2173	2121	2055
2173	2273	2121
2273	2308	2121
2173	2318	2273
2173	2213	2318
2213	2256	2318
1754	1914	1857
1755	1929	1767
1810	1890	1865
1813	1947	1915
1947	2005	1915
2005	1930	1915
1930	1902	1915
1930	1963	1902
1947	2027	2005
1817	1825	1941
1825	1881	1941
1881	2028	1941
2028	2037	1941
2037	1872	1941
2037	1986	1872
2037	2047	1986
2037	2131	2047
2037	2100	2131
2100	2211	2131
2211	2255	2131
2255	2277	2131
2277	2317	2131
2277	2410	2317
2277	2255	2410
2100	2028	2211
2100	2037	2028
1820	2026	1904
1832	1978	1988
1978	2089	1988
2089	1999	1988
1978	2118	2089
2118	2162	2089
2118	2134	2162
2118	2052	2134
2118	1978	2052
1978	2008	2052
1988	1856	1832
1837	1961	1910
1838	1883	1846
1846	1711	1838
1846	1883	1711
1859	1955	1970
1880	1906	2062
1891	1912	1933
1891	1834	1912
1891	1933	1834
1912	2038	1933
2038	2084	1933
2084	2088	1933
2038	2109	2084
1912	1969	2038
1912	1901	1969
1894	1926	1995
1897	1928	1993
1993	1950	1897
1925	2000	2016
2016	1934	1925
2016	2021	1934
2016	2054	2021
1937	2064	1991
2064	2129	1991
2129	1976	1991
2129	2049	1976
2049	1919	1976
2064	2206	2129
2206	2265	2129
2206	2362	2265
2362	2487	2265
2487	2484	2265
2484	2257	2265
2487	2590	2484
2487	2446	2590
2487	2362	2446
2206	2204	2362
2204	2338	2362
2338	2412	2362
2204	2187	2338
2204	2130	2187
2130	2013	2187
2130	2064	2013
2064	1937	2013
2130	2206	2064
2130	2204	2206
1946	2148	1974
2148	2012	1974
2148	2120	2012
2148	2164	2120
2164	2141	2120
2141	2062	2120
2164	2289	2141
2148	2224	2164
2224	2291	2164
2224	2274	2291
2274	2329	2291
2274	2307	2329
2307	2398	2329
2307	2343	2398
2343	2466	2398
2274	2224	2307
1951	2043	2011
1985	2101	2152
1990	2060	2022
2060	2127	2022
1990	2112	2060
1990	2157	2112
2157	2177	2112
2157	2246	2177
2246	2304	2177
2157	2227	2246
2001	2111	2097
2001	2115	2111
2003	2106	2065
2065	1961	2003
2015	2025	2032
2025	2086	2032
2017	2035	2018
2017	2128	2035
2128	2124	2035
2017	2127	2128
2019	2136	2039
2023	2030	2081
2023	2011	2030
2011	2070	2030
2070	2081	2030
2070	2200	2081
2070	2167	2200
2070	2113	2167
2070	2011	2113
2034	2051	2243
2051	2165	2243
2051	2156	2165
2156	2258	2165
2051	2074	2156
2243	2280	2034
2243	2499	2280
2063	2102	2098
2098	2087	2063
2098	2139	2087
2139	2237	2087
2237	2238	2087
2238	2242	2087
2242	2174	2087
2174	2068	2087
2242	2296	2174
2242	2331	2296
2331	2327	2296
2242	2357	2331
2242	2333	2357
2333	2442	2357
2442	2423	2357
2442	2431	2423
2333	2298	2442
2298	2419	2442
2333	2237	2298
2237	2202	2298
2202	2263	2298
2263	2428	2298
2202	2266	2263
2202	2094	2266
2202	2072	2094
2202	2083	2072
2202	2139	2083
2139	2102	2083
2102	2063	2083
2139	2098	2102
2202	2237	2139
2333	2238	2237
2333	2242	2238
2071	2294	2093
2071	2262	2294
2262	2481	2294
2481	2378	2294
2481	2438	2378
2481	2514	2438
2514	2555	2438
2514	2734	2555
2734	2770	2555
2770	2798	2555
2798	2633	2555
2633	2497	2555
2497	2460	2555
2633	2639	2497
2633	2714	2639
2714	2664	2639
2714	2725	2664
2725	2732	2664
2725	2792	2732
2792	2898	2732
2898	2764	2732
2764	2641	2732
2898	2971	2764
2971	2918	2764
2918	2733	2764
2918	2773	2733
2773	2774	2733
2774	2590	2733
2774	2710	2590
2774	2809	2710
2809	2729	2710
2809	2914	2729
2914	2708	2729
2708	2678	2729
2708	2607	2678
2809	3028	2914
2809	3033	3028
3033	3066	3028
3066	3096	3028
3066	3175	3096
3066	3331	3175
3066	3178	3331
3178	3387	3331
3178	3238	3387
3238	3326	3387
3326	3446	3387
3178	3170	3238
3170	3182	3238
3066	3033	3178
3033	3029	3178
3033	2918	3029
3033	2809	2918
2809	2773	2918
2809	2774	2773
2971	2991	2918
2971	3101	2991
3101	3182	2991
3101	3124	3182
3101	3095	3124
2971	2885	3101
2971	2898	2885
2898	2792	2885
2792	2836	2885
2792	2725	2836
2725	2714	2836
2770	2800	2798
2800	2912	2798
2770	2734	2800
2734	2766	2800
2734	2602	2766
2734	2514	2602
2514	2481	2602
2073	2181	2179
2181	2335	2179
2181	2207	2335
2207	2301	2335
2181	2188	2207
2181	2073	2188
2082	2137	2090
2099	2114	2235
2104	2166	2140
2140	2145	2104
2140	2166	2145
2166	2347	2145
2347	2149	2145
2166	2282	2347
2110	2231	2153
2231	2252	2153
2252	2201	2153
2201	2074	2153
2231	2463	2252
2463	2439	2252
2439	2258	2252
2439	2532	2258
2532	2504	2258
2439	2498	2532
2498	2699	2532
2498	2495	2699
2495	2540	2699
2495	2463	2540
2495	2439	2463
2495	2498	2439
2122	2232	2234
2232	2257	2234
2257	2371	2234
2125	2297	2208
2135	2183	2228
2183	2315	2228
2183	2229	2315
2229	2376	2315
2175	2189	2205
2185	2247	2279
2191	2323	2365
2323	2455	2365
2323	2441	2455
2191	2220	2323
2194	2328	2198
2328	2227	2198
2196	2321	2223
2321	2264	2223
2196	2283	2321
2283	2389	2321
2389	2490	2321
2389	2537	2490
2537	2588	2490
2537	2657	2588
2657	2670	2588
2670	2715	2588
2389	2416	2537
2212	2219	2324
2230	2375	2319
2267	2366	2272
2293	2474	2413
2299	2402	2360
2360	2301	2299
2402	2472	2360
2472	2508	2360
2402	2432	2472
2313	2381	2522
2381	2585	2522
2585	2502	2522
2585	2704	2502
2704	2528	2502
2528	2354	2502
2704	2563	2528
2585	2619	2704
2619	2758	2704
2758	2748	2704
2758	2905	2748
2619	2667	2758
2322	2372	2325
2322	2470	2372
2330	2332	2451
2332	2424	2451
2424	2486	2451
2332	2379	2424
2339	2386	2349
2339	2367	2386
2367	2391	2386
2345	2489	2370
2353	2399	2374
2399	2445	2374
2369	2436	2501
2436	2570	2501
2436	2573	2570
2573	2637	2570
2501	2390	2369
2382	2509	2388
2394	2415	2396
2394	2347	2415
2347	2411	2415
2411	2539	2415
2411	2503	2539
2503	2533	2539
2533	2702	2539
2702	2778	2539
2702	2823	2778
2823	2881	2778
2823	2928	2881
2928	2923	2881
2923	2924	2881
2928	2968	2923
2928	2960	2968
2960	3105	2968
3105	3186	2968
3186	3220	2968
3186	3311	3220
3311	3278	3220
3278	3174	3220
3311	3509	3278
3509	3471	3278
3509	3624	3471
3509	3581	3624
3509	3544	3581
3509	3311	3544
3311	3371	3544
3105	3111	3186
3105	2950	3111
3105	2960	2950
2960	2756	2950
2756	2853	2950
2853	2879	2950
2853	2724	2879
2724	2797	2879
2960	2928	2756
2928	2823	2756
2823	2702	2756
2533	2542	2702
2408	2521	2435
2418	2561	2518
2561	2589	2518
2420	2557	2505
2505	2430	2420
2425	2553	2571
2448	2527	2538
2538	2601	2448
2601	2474	2448
2601	2635	2474
2601	2826	2635
2826	2831	2635
2831	2636	2635
2831	2666	2636
2831	2862	2666
2527	2534	2538
2456	2483	2700
2483	2656	2700
2457	2628	2480
2491	2576	2493
2491	2543	2576
2543	2652	2576
2491	2341	2543
2519	2578	2525
2519	2659	2578
2659	2746	2578
2659	2763	2746
2763	2835	2746
2763	2864	2835
2864	2983	2835
2763	2777	2864
2777	2919	2864
2763	2680	2777
2763	2659	2680
2659	2519	2680
2578	2621	2525
2525	2410	2519
2530	2675	2658
2675	2772	2658
2530	2713	2675
2530	2630	2713
2630	2707	2713
2707	2739	2713
2739	2903	2713
2530	2419	2630
2530	2431	2419
2535	2643	2632
2535	2574	2643
2536	2558	2694
2549	2568	2569
2549	2676	2568
2549	2551	2676
2554	2692	2662
2662	2470	2554
2662	2565	2470
2662	2716	2565
2716	2584	2565
2556	2650	2606
2650	2782	2606
2559	2597	2684
2597	2833	2684
2833	2849	2684
2833	3014	2849
2833	2943	3014
2943	3017	3014
2943	2967	3017
2943	2728	2967
2728	2742	2967
2742	2808	2967
2943	2752	2728
2752	2623	2728
2752	2597	2623
2597	2466	2623
2752	2833	2597
2752	2943	2833
2560	2743	2627
2627	2558	2560
2560	2622	2743
2622	2740	2743
2622	2735	2740
2560	2376	2622
2562	2673	2579
2673	2731	2579
2673	2771	2731
2771	2926	2731
2771	2868	2926
2868	3018	2926
2868	2997	3018
2997	3069	3018
3069	3262	3018
3262	3259	3018
3259	3194	3018
3259	3266	3194
3266	3245	3194
3245	3224	3194
3224	3130	3194
3224	3232	3130
3232	3315	3130
3232	3306	3315
3306	3342	3315
3306	3519	3342
3519	3518	3342
3518	3473	3342
3518	3630	3473
3518	3637	3630
3518	3519	3637
3519	3727	3637
3519	3635	3727
3635	3788	3727
3788	3831	3727
3635	3618	3788
3635	3546	3618
3546	3571	3618
3571	3562	3618
3571	3489	3562
3489	3504	3562
3571	3546	3489
3635	3477	3546
3635	3519	3477
3519	3306	3477
3306	3266	3477
3306	3245	3266
3306	3224	3245
3306	3232	3224
3262	3489	3259
3069	3151	3262
3151	3181	3262
3181	3368	3262
3181	3297	3368
3297	3363	3368
3297	3505	3363
3181	3149	3297
3149	3128	3297
3128	3185	3297
3128	3103	3185
3103	3129	3185
3103	3080	3129
3103	2985	3080
2985	3004	3080
3103	3128	2985
3128	2886	2985
3149	3119	3128
3149	3069	3119
3069	2997	3119
3149	3151	3069
3149	3181	3151
2771	2673	2868
2567	2738	2613
2738	2617	2613
2580	2814	2721
2582	2609	2598
2582	2587	2609
2587	2690	2609
2690	2697	2609
2697	2755	2609
2755	2598	2609
2755	2646	2598
2587	2682	2690
2682	2754	2690
2587	2615	2682
2615	2647	2682
2587	2375	2615
2603	2795	2677
2795	2768	2677
2795	2829	2768
2795	2972	2829
2972	2870	2829
2870	2895	2829
2895	2897	2829
2895	2917	2897
2917	2896	2897
2896	2871	2897
2895	2916	2917
2895	2894	2916
2895	2870	2894
2870	2972	2894
2603	2736	2795
2612	2794	2788
2794	2865	2788
2794	2820	2865
2626	2693	2757
2757	2652	2626
2652	2511	2626
2634	2749	2683
2654	2803	2663
2669	2681	2717
2689	2805	2691
2698	2882	2806
2806	2699	2698
2806	2815	2699
2815	2867	2699
2867	2730	2699
2867	2949	2730
2949	2981	2730
2981	2839	2730
2949	3158	2981
2949	3092	3158
2949	3012	3092
3012	3039	3092
3039	3076	3092
3076	3148	3092
3039	3125	3076
3039	2906	3125
2906	3010	3125
3010	3131	3125
3131	3317	3125
3317	3257	3125
3317	3369	3257
3369	3373	3257
3369	3479	3373
3479	3491	3373
3369	3419	3479
3369	3317	3419
3317	3301	3419
3301	3391	3419
3317	3131	3301
3039	2882	2906
2882	2782	2906
2882	2698	2782
2698	2687	2782
2705	2824	2786
2706	2850	2819
2706	2786	2850
2711	2842	2876
2842	2907	2876
2907	3035	2876
2907	2980	3035
2980	3102	3035
3102	3123	3035
2876	2783	2711
2722	2751	2811
2723	2825	2780
2780	2747	2723
2780	2851	2747
2851	2816	2747
2851	2954	2816
2851	2909	2954
2851	2825	2909
2825	2874	2909
2825	2775	2874
2825	2723	2775
2851	2780	2825
2727	2796	2843
2727	2759	2796
2759	2834	2796
2834	2843	2796
2834	2988	2843
2988	2982	2843
2982	2888	2843
2888	2818	2843
2888	2857	2818
2834	2887	2988
2834	2759	2887
2744	2856	2893
2744	2715	2856
2745	2787	2817
2745	2694	2787
2694	2861	2787
2861	2817	2787
2694	2847	2861
2847	2875	2861
2875	3002	2861
2875	2999	3002
2847	2743	2875
2750	2913	2793
2753	2791	2902
2791	2858	2902
2858	2986	2902
2762	2845	2776
2776	2593	2762
2810	2812	2880
2812	2933	2880
2830	3043	3046
2838	2922	2855
2922	2963	2855
2922	2989	2963
2860	2925	2935
2935	2891	2860
2925	2984	2935
2925	3085	2984
2860	2666	2925
2890	2940	3036
2904	2910	2932
2904	2814	2910
2910	3053	2932
3053	3090	2932
3090	3072	2932
3072	2965	2932
2965	2903	2932
2903	2904	2932
3090	3248	3072
3053	3183	3090
3053	3058	3183
3058	3213	3183
3213	3404	3183
3213	3445	3404
3445	3440	3404
2921	3073	2955
3073	3192	2955
3192	3030	2955
3030	2850	2955
3030	2948	2850
3030	3058	2948
3192	3177	3030
3073	3218	3192
3073	3042	3218
3042	3226	3218
3042	3126	3226
3126	3381	3226
3042	3057	3126
3057	3106	3126
3057	3019	3106
3019	3116	3106
3019	3046	3116
3057	2978	3019
3057	3032	2978
3032	3042	2978
3042	3027	2978
3027	2921	2978
2921	2824	2978
3027	3073	2921
3027	3042	3073
3032	3057	3042
2930	3003	2975
2937	3037	2961
3037	3097	2961
3097	3075	2961
3097	3157	3075
3097	3156	3157
3156	3355	3157
3156	3314	3355
3314	3425	3355
3097	3037	3156
3037	3064	3156
2942	2970	3024
2970	3104	3024
3024	2992	2942
3024	3038	2992
3038	3011	2992
3038	3249	3011
3249	3048	3011
3048	2983	3011
3048	3031	2983
3031	3013	2983
3048	3195	3031
3249	3305	3048
3038	3251	3249
2947	3049	3000
3049	3055	3000
2951	3115	2953
2951	3067	3115
3067	3187	3115
3187	3214	3115
2956	2976	2998
2957	3082	3060
2959	3026	3005
3026	3118	3005
3118	3064	3005
3064	2987	3005
2987	2959	3005
3026	3219	3118
2973	3052	3161
3052	3209	3161
3209	3255	3161
3255	3204	3161
2996	3093	3070
3093	3207	3070
3009	3086	3107
3086	3216	3107
3216	3250	3107
3216	3274	3250
3216	3193	3274
3216	3086	3193
3020	3136	3094
3136	3110	3094
3020	3078	3136
3078	3112	3136
3021	3047	3133
3045	3180	3202
3045	3055	3180
3180	3265	3202
3180	3298	3265
3180	3239	3298
3239	3318	3298
3239	3261	3318
3261	3335	3318
3335	3422	3318
3335	3418	3422
3418	3485	3422
3485	3488	3422
3485	3567	3488
3567	3588	3488
3588	3541	3488
3541	3495	3488
3541	3586	3495
3541	3647	3586
3647	3645	3586
3541	3688	3647
3541	3650	3688
3541	3588	3650
3588	3648	3650
3588	3613	3648
3613	3695	3648
3613	3706	3695
3588	3567	3613
3567	3568	3613
3567	3485	3568
3239	3229	3261
3229	3210	3261
3239	3152	3229
3051	3211	3191
3211	3287	3191
3287	3352	3191
3352	3139	3191
3352	3206	3139
3051	3189	3211
3065	3163	3241
3241	3043	3065
3241	3264	3043
3241	3427	3264
3427	3426	3264
3426	3378	3264
3426	3452	3378
3452	3381	3378
3452	3511	3381
3511	3526	3381
3511	3561	3526
3511	3452	3561
3452	3587	3561
3452	3469	3587
3469	3494	3587
3469	3493	3494
3469	3468	3493
3469	3426	3468
3426	3427	3468
3469	3452	3426
3241	3289	3427
3241	3163	3289
3163	3233	3289
3068	3188	3201
3188	3197	3201
3084	3260	3296
3260	3453	3296
3260	3341	3453
3296	3281	3084
3088	3253	3234
3088	3322	3253
3088	3204	3322
3204	3332	3322
3088	3114	3204
3122	3164	3228
3137	3162	3254
3162	3303	3254
3162	3308	3303
3308	3385	3303
3162	3275	3308
3275	3338	3308
3275	3258	3338
3258	3307	3338
3258	3246	3307
3246	3302	3307
3140	3199	3198
3140	3110	3199
3199	3348	3198
3199	3273	3348
3273	3401	3348
3401	3395	3348
3401	3417	3395
3417	3424	3395
3417	3598	3424
3417	3620	3598
3620	3657	3598
3620	3626	3657
3273	3336	3401
3336	3383	3401
3153	3240	3169
3240	3242	3169
3240	3312	3242
3312	3279	3242
3279	3236	3242
3312	3444	3279
3444	3410	3279
3312	3457	3444
3312	3376	3457
3312	3240	3376
3154	3327	3172
3327	3334	3172
3327	3388	3334
3155	3184	3208
3208	3277	3155
3277	3197	3155
3179	3276	3397
3276	3464	3397
3464	3525	3397
3525	3556	3397
3556	3413	3397
3413	3269	3397
3269	3179	3397
3464	3557	3525
3557	3719	3525
3464	3483	3557
3483	3566	3557
3483	3524	3566
3464	3276	3483
3276	3333	3483
3190	3203	3271
3212	3467	3455
3467	3521	3455
3222	3340	3313
3230	3470	3290
3470	3351	3290
3470	3512	3351
3512	3366	3351
3366	3324	3351
3512	3558	3366
3558	3446	3366
3558	3603	3446
3558	3653	3603
3653	3669	3603
3653	3781	3669
3781	3839	3669
3839	3700	3669
3700	3611	3669
3839	3783	3700
3783	3768	3700
3783	3984	3768
3984	3957	3768
3957	3844	3768
3844	3714	3768
3714	3670	3768
3670	3651	3768
3670	3579	3651
3844	3705	3714
3984	4009	3957
4009	4090	3957
4009	4054	4090
4054	4242	4090
4242	4247	4090
4247	4083	4090
4247	4173	4083
4173	4095	4083
4247	4382	4173
4247	4400	4382
4400	4480	4382
4247	4242	4400
4054	4230	4242
4054	4125	4230
4054	4046	4125
4009	3984	4054
3781	3888	3839
3888	3924	3839
3924	4046	3839
3888	3941	3924
3888	3781	3941
3653	3679	3781
3653	3592	3679
3592	3596	3679
3596	3661	3679
3661	3752	3679
3752	3893	3679
3752	3871	3893
3661	3682	3752
3592	3512	3596
3592	3558	3512
3592	3653	3558
3231	3344	3283
3344	3316	3283
3316	3304	3283
3256	3284	3300
3272	3409	3347
3347	3365	3272
3272	3248	3409
3248	3356	3409
3282	3394	3423
3285	3403	3380
3403	3515	3380
3403	3601	3515
3403	3400	3601
3400	3412	3601
3412	3475	3601
3475	3619	3601
3400	3214	3412
3400	3285	3214
3400	3403	3285
3292	3372	3358
3295	3406	3482
3406	3421	3482
3421	3499	3482
3499	3634	3482
3499	3572	3634
3572	3655	3634
3572	3487	3655
3572	3499	3487
3499	3421	3487
3421	3353	3487
3421	3323	3353
3421	3406	3323
3406	3310	3323
3299	3442	3408
3299	3407	3442
3407	3528	3442
3407	3459	3528
3459	3576	3528
3459	3478	3576
3478	3608	3576
3608	3748	3576
3608	3753	3748
3319	3377	3451
3377	3480	3451
3480	3539	3451
3539	3538	3451
3538	3500	3451
3500	3391	3451
3391	3319	3451
3321	3431	3441
3330	3429	3357
3429	3372	3357
3349	3382	3364
3382	3384	3364
3384	3554	3364
3384	3382	3554
3382	3607	3554
3607	3597	3554
3362	3551	3379
3551	3599	3379
3551	3614	3599
3551	3513	3614
3513	3501	3614
3551	3362	3513
3367	3465	3433
3367	3416	3465
3375	3389	3398
3389	3432	3398
3420	3439	3580
3447	3463	3577
3448	3490	3570
3490	3547	3570
3547	3628	3570
3628	3636	3570
3636	3667	3570
3628	3778	3636
3547	3612	3628
3547	3490	3612
3449	3578	3523
3578	3631	3523
3631	3450	3523
3450	3449	3523
3631	3458	3450
3578	3723	3631
3723	3646	3631
3723	3793	3646
3793	3809	3646
3793	3965	3809
3723	3881	3793
3460	3461	3575
3575	3508	3460
3481	3625	3629
3625	3729	3629
3625	3555	3729
3555	3686	3729
3686	3785	3729
3555	3540	3686
3555	3465	3540
3486	3497	3605
3492	3510	3604
3510	3590	3604
3496	3553	3560
3553	3649	3560
3649	3627	3560
3649	3684	3627
3649	3716	3684
3716	3759	3684
3649	3675	3716
3675	3680	3716
3675	3621	3680
3621	3559	3680
3621	3553	3559
3621	3649	3553
3621	3675	3649
3498	3542	3533
3503	3724	3537
3724	3755	3537
3755	3725	3537
3506	3532	3516
3506	3611	3532
3516	3387	3506
3520	3711	3622
3622	3470	3520
3520	3665	3711
3665	3828	3711
3828	3874	3711
3665	3708	3828
3529	3609	3564
3530	3762	3595
3762	3673	3595
3762	3858	3673
3858	3735	3673
3858	3863	3735
3858	4002	3863
4002	4016	3863
4002	4151	4016
4002	4099	4151
3762	3836	3858
3836	4040	3858
3836	3861	4040
3836	3762	3861
3530	3526	3762
3531	3574	3660
3548	3656	3652
3656	3767	3652
3656	3732	3767
3732	3832	3767
3832	3908	3767
3832	3975	3908
3832	3894	3975
3894	3959	3975
3563	3676	3623
3582	3761	3666
3761	3822	3666
3822	3872	3666
3582	3705	3761
3583	3584	3643
3584	3644	3643
3644	3694	3643
3644	3717	3694
3717	3744	3694
3717	3851	3744
3717	3848	3851
3848	3934	3851
3848	3930	3934
3717	3610	3848
3610	3597	3848
3717	3644	3610
3644	3584	3610
3584	3453	3610
3585	3671	3690
3671	3829	3690
3591	3594	3771
3591	3425	3594
3771	3812	3591
3641	3737	3691
3691	3619	3641
3737	3841	3691
3841	3821	3691
3841	3903	3821
3654	3746	3698
3746	3795	3698
3795	3742	3698
3746	3776	3795
3776	3914	3795
3914	3912	3795
3776	3816	3914
3816	3843	3914
3843	3993	3914
3843	3940	3993
3940	3982	3993
3982	4080	3993
3982	4143	4080
4143	4187	4080
4187	4198	4080
4198	4108	4080
4198	4197	4108
4197	4135	4108
4135	4107	4108
4135	4134	4107
4134	4033	4107
4033	3997	4107
4033	3912	3997
4033	3907	3912
4134	4137	4033
4137	4097	4033
4137	4162	4097
4162	4105	4097
4162	4259	4105
4259	4213	4105
4259	4270	4213
4270	4184	4213
4270	4210	4184
4210	4111	4184
4111	4031	4184
4111	4015	4031
4015	3955	4031
4015	3989	3955
3989	3837	3955
3837	3850	3955
3850	3849	3955
3850	3760	3849
3760	3713	3849
3713	3853	3849
3713	3766	3853
3850	3837	3760
3837	3738	3760
3738	3707	3760
3738	3706	3707
3738	3807	3706
3738	3837	3807
3837	3833	3807
3837	3870	3833
3870	3876	3833
3870	3989	3876
3989	3972	3876
3972	3954	3876
3954	3827	3876
3827	3743	3876
3954	3961	3827
3961	3826	3827
3826	3764	3827
3826	3830	3764
3830	3751	3764
3830	3835	3751
3835	3769	3751
3835	3878	3769
3835	3983	3878
3983	3929	3878
3929	3916	3878
3916	3817	3878
3916	3815	3817
3815	3786	3817
3786	3772	3817
3916	3906	3815
3916	3938	3906
3938	3992	3906
3992	3846	3906
3992	3873	3846
3992	3899	3873
3992	3986	3899
3986	3925	3899
3925	3898	3899
3925	3928	3898
3925	3995	3928
3925	3986	3995
3992	4032	3986
3992	4087	4032
4087	4139	4032
4087	4175	4139
4175	4195	4139
4195	4152	4139
4152	3995	4139
4195	4226	4152
4195	4217	4226
4217	4225	4226
4217	4127	4225
4127	4207	4225
4207	4288	4225
4207	4224	4288
4224	4292	4288
4292	4365	4288
4365	4345	4288
4365	4368	4345
4365	4433	4368
4433	4493	4368
4365	4418	4433
4365	4390	4418
4390	4367	4418
4367	4385	4418
4367	4296	4385
4296	4251	4385
4251	4290	4385
4290	4358	4385
4358	4371	4385
4371	4395	4385
4395	4468	4385
4395	4387	4468
4387	4453	4468
4453	4507	4468
4507	4526	4468
4453	4449	4507
4453	4444	4449
4444	4416	4449
4416	4361	4449
4361	4494	4449
4494	4560	4449
4494	4598	4560
4598	4651	4560
4651	4637	4560
4651	4685	4637
4685	4714	4637
4714	4645	4637
4645	4594	4637
4645	4647	4594
4645	4702	4647
4702	4695	4647
4695	4683	4647
4683	4621	4647
4683	4650	4621
4650	4620	4621
4620	4556	4621
4556	4564	4621
4556	4546	4564
4546	4555	4564
4546	4447	4555
4546	4463	4447
4463	4419	4447
4419	4368	4447
4463	4443	4419
4443	4389	4419
4389	4366	4419
4389	4341	4366
4341	4300	4366
4341	4298	4300
4298	4260	4300
4260	4212	4300
4212	4152	4300
4212	4168	4152
4212	4260	4168
4260	4321	4168
4321	4263	4168
4263	4155	4168
4155	4100	4168
4155	4063	4100
4155	4052	4063
4052	3946	4063
4052	3917	3946
4052	3936	3917
4052	4055	3936
4321	4349	4263
4349	4363	4263
4349	4379	4363
4379	4475	4363
4475	4462	4363
4462	4439	4363
4439	4334	4363
4439	4332	4334
4439	4406	4332
4406	4352	4332
4352	4276	4332
4406	4429	4352
4429	4391	4352
4429	4531	4391
4531	4393	4391
4531	4527	4393
4527	4430	4393
4527	4516	4430
4516	4535	4430
4535	4481	4430
4481	4431	4430
4481	4432	4431
4481	4542	4432
4542	4417	4432
4542	4525	4417
4525	4489	4417
4489	4405	4417
4489	4473	4405
4473	4323	4405
4489	4524	4473
4524	4551	4473
4524	4601	4551
4601	4595	4551
4595	4562	4551
4595	4691	4562
4691	4606	4562
4606	4541	4562
4691	4739	4606
4739	4723	4606
4723	4668	4606
4668	4585	4606
4668	4631	4585
4668	4704	4631
4704	4676	4631
4676	4655	4631
4655	4565	4631
4676	4667	4655
4668	4723	4704
4723	4773	4704
4773	4819	4704
4773	4786	4819
4786	4801	4819
4801	4836	4819
4836	4867	4819
4867	4894	4819
4894	4859	4819
4894	4957	4859
4957	4951	4859
4951	4924	4859
4924	4865	4859
4865	4825	4859
4865	4858	4825
4858	4785	4825
4785	4753	4825
4785	4757	4753
4757	4741	4753
4741	4676	4753
4757	4673	4741
4757	4808	4673
4808	4692	4673
4692	4625	4673
4692	4681	4625
4808	4826	4692
4808	4848	4826
4848	4930	4826
4930	4920	4826
4920	4824	4826
4920	4844	4824
4844	4775	4824
4844	4784	4775
4784	4756	4775
4844	4885	4784
4885	4810	4784
4810	4771	4784
4810	4833	4771
4833	4811	4771
4811	4770	4771
4770	4662	4771
4662	4660	4771
4662	4597	4660
4597	4591	4660
4591	4629	4660
4597	4547	4591
4597	4532	4547
4597	4584	4532
4584	4563	4532
4584	4590	4563
4590	4540	4563
4590	4502	4540
4502	4484	4540
4502	4336	4484
4590	4583	4502
4590	4619	4583
4619	4630	4583
4630	4568	4583
4630	4577	4568
4630	4600	4577
4630	4666	4600
4666	4665	4600
4665	4602	4600
4602	4523	4600
4523	4479	4600
4523	4451	4479
4523	4491	4451
4491	4420	4451
4491	4534	4420
4534	4446	4420
4446	4402	4420
4402	4362	4420
4402	4330	4362
4402	4348	4330
4348	4306	4330
4306	4203	4330
4306	4194	4203
4194	4179	4203
4306	4233	4194
4233	4103	4194
4306	4283	4233
4306	4375	4283
4306	4348	4375
4348	4402	4375
4402	4446	4375
4446	4486	4375
4486	4442	4375
4486	4553	4442
4486	4538	4553
4538	4561	4553
4561	4642	4553
4561	4610	4642
4610	4640	4642
4640	4671	4642
4640	4697	4671
4697	4718	4671
4718	4767	4671
4767	4709	4671
4767	4742	4709
4742	4687	4709
4687	4624	4709
4687	4616	4624
4616	4582	4624
4582	4518	4624
4582	4477	4518
4477	4474	4518
4474	4448	4518
4474	4386	4448
4386	4303	4448
4303	4318	4448
4303	4121	4318
4303	4106	4121
4106	4042	4121
4042	4020	4121
4020	4085	4121
4085	4077	4121
4085	4029	4077
4085	4020	4029
4303	4148	4106
4303	4255	4148
4303	4386	4255
4386	4398	4255
4386	4474	4398
4474	4477	4398
4477	4413	4398
4477	4537	4413
4477	4582	4537
4582	4588	4537
4588	4559	4537
4588	4626	4559
4626	4634	4559
4634	4522	4559
4626	4711	4634
4711	4710	4634
4710	4664	4634
4664	4575	4634
4664	4570	4575
4570	4466	4575
4570	4422	4466
4422	4415	4466
4415	4472	4466
4664	4617	4570
4664	4654	4617
4654	4633	4617
4654	4725	4633
4725	4792	4633
4792	4761	4633
4761	4613	4633
4613	4530	4633
4613	4571	4530
4613	4622	4571
4622	4554	4571
4613	4761	4622
4792	4788	4761
4788	4852	4761
4852	4806	4761
4852	4838	4806
4838	4840	4806
4840	4783	4806
4840	4776	4783
4776	4703	4783
4703	4669	4783
4776	4730	4703
4730	4735	4703
4735	4672	4703
4672	4653	4703
4653	4615	4703
4615	4611	4703
4653	4599	4615
4599	4514	4615
4599	4501	4514
4653	4672	4599
4730	4809	4735
4809	4782	4735
4809	4843	4782
4843	4855	4782
4843	4907	4855
4907	4887	4855
4887	4823	4855
4823	4733	4855
4733	4749	4855
4823	4769	4733
4769	4712	4733
4769	4690	4712
4690	4649	4712
4690	4722	4649
4722	4658	4649
4722	4740	4658
4740	4656	4658
4740	4755	4656
4755	4627	4656
4627	4587	4656
4627	4604	4587
4604	4543	4587
4627	4659	4604
4659	4706	4604
4706	4713	4604
4713	4670	4604
4713	4743	4670
4743	4639	4670
4743	4641	4639
4641	4586	4639
4586	4567	4639
4586	4539	4567
4539	4476	4567
4476	4440	4567
4641	4578	4586
4641	4663	4578
4663	4558	4578
4663	4646	4558
4646	4557	4558
4557	4457	4558
4457	4487	4558
4457	4401	4487
4401	4378	4487
4378	4452	4487
4378	4370	4452
4457	4407	4401
4557	4467	4457
4467	4376	4457
4467	4436	4376
4467	4488	4436
4467	4576	4488
4576	4511	4488
4511	4494	4488
4511	4569	4494
4569	4598	4494
4569	4608	4598
4608	4636	4598
4636	4651	4598
4636	4721	4651
4721	4685	4651
4721	4714	4685
4721	4748	4714
4748	4702	4714
4702	4645	4714
4748	4762	4702
4762	4695	4702
4762	4752	4695
4752	4683	4695
4752	4679	4683
4679	4650	4683
4679	4620	4650
4679	4607	4620
4679	4603	4607
4603	4572	4607
4572	4574	4607
4574	4510	4607
4574	4572	4510
4572	4504	4510
4504	4439	4510
4439	4462	4510
4462	4475	4510
4504	4445	4439
4445	4406	4439
4445	4429	4406
4445	4531	4429
4445	4504	4531
4504	4603	4531
4603	4593	4531
4593	4527	4531
4593	4614	4527
4614	4516	4527
4614	4623	4516
4623	4535	4516
4623	4596	4535
4596	4580	4535
4580	4481	4535
4580	4542	4481
4580	4579	4542
4579	4552	4542
4552	4525	4542
4552	4579	4525
4579	4524	4525
4524	4489	4525
4579	4601	4524
4579	4643	4601
4643	4595	4601
4643	4691	4595
4643	4716	4691
4716	4737	4691
4737	4739	4691
4737	4765	4739
4765	4801	4739
4801	4773	4739
4773	4723	4739
4801	4786	4773
4765	4846	4801
4846	4836	4801
4846	4884	4836
4884	4900	4836
4900	4883	4836
4883	4867	4836
4883	4894	4867
4883	4900	4894
4900	4957	4894
4900	4948	4957
4948	4991	4957
4991	4951	4957
4991	5028	4951
5028	5007	4951
5007	4924	4951
5007	4978	4924
4978	4952	4924
4952	4912	4924
4912	4865	4924
4912	4858	4865
4912	4878	4858
4878	4832	4858
4832	4785	4858
4832	4808	4785
4808	4757	4785
4832	4848	4808
4832	4878	4848
4878	4930	4848
4878	4952	4930
4952	4963	4930
4963	4920	4930
4963	4926	4920
4926	4895	4920
4895	4889	4920
4889	4844	4920
4889	4895	4844
4895	4885	4844
4895	4926	4885
4926	4929	4885
4929	4923	4885
4923	4856	4885
4856	4833	4885
4833	4810	4885
4856	4811	4833
4856	4870	4811
4870	4821	4811
4821	4770	4811
4821	4814	4770
4814	4751	4770
4751	4705	4770
4705	4662	4770
4705	4677	4662
4677	4590	4662
4590	4584	4662
4584	4597	4662
4677	4680	4590
4680	4619	4590
4677	4751	4680
4751	4778	4680
4751	4814	4778
4814	4857	4778
4814	4863	4857
4863	4908	4857
4908	4947	4857
4947	4921	4857
4921	4879	4857
4879	4839	4857
4879	4803	4839
4879	4789	4803
4789	4758	4803
4789	4718	4758
4718	4697	4758
4697	4665	4758
4665	4666	4758
4666	4630	4758
4697	4640	4665
4640	4610	4665
4610	4602	4665
4610	4534	4602
4534	4523	4602
4534	4491	4523
4610	4561	4534
4561	4538	4534
4538	4461	4534
4461	4446	4534
4461	4486	4446
4461	4538	4486
4789	4767	4718
4789	4812	4767
4812	4797	4767
4797	4742	4767
4797	4745	4742
4745	4687	4742
4745	4719	4687
4719	4616	4687
4719	4626	4616
4626	4588	4616
4588	4582	4616
4719	4711	4626
4719	4746	4711
4746	4820	4711
4820	4710	4711
4746	4797	4820
4797	4882	4820
4882	4933	4820
4933	4872	4820
4933	4917	4872
4917	4845	4872
4917	4914	4845
4914	4899	4845
4899	4792	4845
4792	4725	4845
4725	4727	4845
4725	4708	4727
4708	4664	4727
4708	4654	4664
4708	4725	4654
4899	4788	4792
4899	4891	4788
4891	4852	4788
4891	4906	4852
4906	4871	4852
4871	4838	4852
4871	4840	4838
4871	4916	4840
4916	4893	4840
4893	4842	4840
4842	4776	4840
4842	4809	4776
4809	4730	4776
4842	4854	4809
4854	4843	4809
4854	4903	4843
4903	4907	4843
4903	4949	4907
4949	4936	4907
4936	4962	4907
4962	4887	4907
4962	4919	4887
4919	4823	4887
4919	4904	4823
4904	4805	4823
4805	4781	4823
4781	4769	4823
4781	4764	4769
4764	4690	4769
4764	4722	4690
4764	4805	4722
4805	4804	4722
4804	4740	4722
4804	4831	4740
4831	4795	4740
4795	4755	4740
4795	4830	4755
4830	4768	4755
4768	4706	4755
4706	4659	4755
4659	4627	4755
4768	4750	4706
4750	4713	4706
4750	4802	4713
4802	4743	4713
4802	4787	4743
4787	4815	4743
4815	4724	4743
4724	4641	4743
4724	4684	4641
4684	4663	4641
4684	4707	4663
4707	4747	4663
4747	4744	4663
4744	4689	4663
4689	4646	4663
4689	4694	4646
4694	4632	4646
4632	4589	4646
4589	4557	4646
4589	4576	4557
4576	4467	4557
4589	4632	4576
4632	4608	4576
4608	4569	4576
4569	4511	4576
4632	4688	4608
4688	4682	4608
4682	4636	4608
4682	4715	4636
4715	4721	4636
4715	4760	4721
4760	4748	4721
4760	4794	4748
4794	4762	4748
4794	4791	4762
4791	4752	4762
4791	4763	4752
4763	4679	4752
4763	4674	4679
4674	4638	4679
4638	4603	4679
4638	4593	4603
4638	4652	4593
4652	4614	4593
4652	4686	4614
4686	4698	4614
4698	4623	4614
4698	4618	4623
4618	4596	4623
4618	4580	4596
4618	4609	4580
4609	4579	4580
4609	4693	4579
4693	4643	4579
4693	4716	4643
4693	4766	4716
4766	4837	4716
4837	4765	4716
4765	4737	4716
4837	4846	4765
4837	4868	4846
4868	4884	4846
4868	4945	4884
4945	4900	4884
4945	4948	4900
4945	4979	4948
4979	4991	4948
4945	4961	4979
4961	5001	4979
5001	5019	4979
5019	5015	4979
5019	5034	5015
5034	5043	5015
5043	5028	5015
5028	4991	5015
5043	5033	5028
5033	5030	5028
5030	5007	5028
5030	5011	5007
5011	4978	5007
5011	5008	4978
5008	4982	4978
4982	4963	4978
4963	4952	4978
4982	4995	4963
4995	4926	4963
4995	4954	4926
4954	4929	4926
4954	4923	4929
4954	4977	4923
4977	4927	4923
4927	4898	4923
4898	4856	4923
4898	4870	4856
4898	4927	4870
4927	4908	4870
4908	4863	4870
4863	4821	4870
4863	4814	4821
4927	4956	4908
4956	4986	4908
4986	4966	4908
4966	4947	4908
4966	4958	4947
4958	4921	4947
4958	4950	4921
4950	4939	4921
4939	4890	4921
4890	4879	4921
4890	4849	4879
4849	4789	4879
4849	4812	4789
4849	4797	4812
4849	4882	4797
4849	4890	4882
4890	4933	4882
4890	4939	4933
4939	4958	4933
4958	4990	4933
4958	4989	4990
4989	5005	4990
5005	4987	4990
4987	4917	4990
4987	4970	4917
4970	4914	4917
4970	4941	4914
4941	4899	4914
4941	4938	4899
4938	4934	4899
4934	4891	4899
4934	4906	4891
4934	4935	4906
4935	4871	4906
4935	4960	4871
4960	4916	4871
4960	4994	4916
4960	4975	4994
4975	5002	4994
5002	5014	4994
5014	4998	4994
5014	5022	4998
5022	4992	4998
4992	4949	4998
4992	4984	4949
4984	4936	4949
4984	4962	4936
4984	4983	4962
4983	4967	4962
4967	4919	4962
4967	4904	4919
4967	4911	4904
4911	4875	4904
4875	4829	4904
4829	4805	4904
4829	4804	4805
4829	4875	4804
4875	4831	4804
4875	4911	4831
4911	4946	4831
4946	4888	4831
4888	4795	4831
4888	4830	4795
4888	4892	4830
4892	4850	4830
4850	4798	4830
4798	4768	4830
4798	4802	4768
4802	4750	4768
4798	4853	4802
4853	4834	4802
4834	4787	4802
4834	4815	4787
4834	4866	4815
4866	4869	4815
4869	4813	4815
4813	4747	4815
4747	4724	4815
4747	4707	4724
4707	4684	4724
4813	4744	4747
4813	4827	4744
4827	4790	4744
4790	4689	4744
4790	4726	4689
4726	4694	4689
4726	4688	4694
4688	4632	4694
4726	4729	4688
4729	4720	4688
4720	4682	4688
4720	4715	4682
4720	4760	4715
4720	4807	4760
4807	4794	4760
4807	4816	4794
4816	4791	4794
4816	4828	4791
4828	4780	4791
4780	4763	4791
4780	4779	4763
4779	4717	4763
4717	4674	4763
4717	4638	4674
4717	4652	4638
4717	4686	4652
4717	4754	4686
4754	4774	4686
4774	4698	4686
4774	4728	4698
4728	4699	4698
4699	4618	4698
4699	4700	4618
4700	4609	4618
4700	4701	4609
4701	4693	4609
4701	4738	4693
4738	4759	4693
4759	4766	4693
4759	4796	4766
4796	4822	4766
4822	4837	4766
4822	4868	4837
4822	4901	4868
4901	4945	4868
4901	4942	4945
4942	4961	4945
4942	4964	4961
4964	5001	4961
4964	4972	5001
4972	4985	5001
4985	5020	5001
5020	5019	5001
5020	5035	5019
5035	5034	5019
5035	5051	5034
5051	5052	5034
5052	5043	5034
5051	5039	5052
5051	5037	5039
5037	5025	5039
5025	5029	5039
5029	5032	5039
5029	5022	5032
5022	5036	5032
5036	5044	5032
5044	5054	5032
5036	5041	5044
5041	5047	5044
5047	5049	5044
5049	5053	5044
5047	5050	5049
5050	5040	5049
5040	5046	5049
5046	5048	5049
5046	5042	5048
5040	5027	5046
5027	5008	5046
5027	4995	5008
4995	4982	5008
5027	5010	4995
5010	4954	4995
5010	4977	4954
5010	4993	4977
4993	4956	4977
4956	4927	4977
4993	4986	4956
4993	5026	4986
5026	4996	4986
4996	4966	4986
4996	4989	4966
4989	4973	4966
4973	4958	4966
4973	4989	4958
4996	5005	4989
4996	5031	5005
5031	5023	5005
5023	5017	5005
5017	4987	5005
5017	4970	4987
5017	5002	4970
5002	4971	4970
4971	4941	4970
4971	4938	4941
4971	4934	4938
4971	4975	4934
4975	4935	4934
4975	4960	4935
4971	5002	4975
5017	5014	5002
5017	5024	5014
5024	5022	5014
5024	5041	5022
5041	5036	5022
5024	5023	5041
5023	5045	5041
5045	5047	5041
5045	5050	5047
5045	5040	5050
5045	5026	5040
5026	5027	5040
5026	5010	5027
5026	4993	5010
5045	5031	5026
5031	4996	5026
5045	5023	5031
5024	5017	5023
5029	5012	5022
5012	4992	5022
5012	4997	4992
4997	4984	4992
4997	4983	4984
4997	5006	4983
5006	5000	4983
5000	4967	4983
5000	4999	4967
4999	4946	4967
4946	4911	4967
4999	5003	4946
5003	4980	4946
4980	4965	4946
4965	4888	4946
4965	4892	4888
4965	4955	4892
4955	4902	4892
4902	4853	4892
4853	4850	4892
4853	4798	4850
4902	4834	4853
4902	4866	4834
4902	4918	4866
4918	4937	4866
4937	4897	4866
4897	4869	4866
4897	4877	4869
4877	4813	4869
4877	4861	4813
4861	4827	4813
4861	4841	4827
4841	4790	4827
4841	4772	4790
4772	4726	4790
4772	4729	4726
4772	4720	4729
4772	4807	4720
4772	4847	4807
4847	4816	4807
4847	4828	4816
4847	4860	4828
4860	4818	4828
4818	4780	4828
4818	4779	4780
4818	4800	4779
4800	4754	4779
4754	4717	4779
4800	4774	4754
4800	4799	4774
4799	4777	4774
4777	4728	4774
4777	4731	4728
4731	4699	4728
4731	4700	4699
4731	4793	4700
4793	4738	4700
4738	4701	4700
4793	4862	4738
4862	4796	4738
4796	4759	4738
4862	4822	4796
4862	4910	4822
4910	4901	4822
4910	4942	4901
4910	4931	4942
4931	4953	4942
4953	4964	4942
4953	4972	4964
4953	4943	4972
4943	4968	4972
4968	4981	4972
4981	4985	4972
4981	5020	4985
4981	5004	5020
5004	5021	5020
5021	5038	5020
5038	5035	5020
5038	5051	5035
5038	5037	5051
5038	5018	5037
5018	5016	5037
5016	5025	5037
5016	5013	5025
5013	5006	5025
5006	5029	5025
5006	5012	5029
5006	4997	5012
5013	5000	5006
5013	4999	5000
5013	5003	4999
5013	5016	5003
5016	5018	5003
5018	5009	5003
5009	4988	5003
4988	4980	5003
4988	4965	4980
4988	4955	4965
4988	4969	4955
4969	4959	4955
4959	4918	4955
4918	4902	4955
4959	4937	4918
4959	4974	4937
4974	4976	4937
4976	4940	4937
4940	4897	4937
4940	4913	4897
4913	4877	4897
4913	4905	4877
4905	4861	4877
4905	4896	4861
4896	4841	4861
4896	4876	4841
4876	4847	4841
4847	4772	4841
4876	4860	4847
4876	4874	4860
4874	4835	4860
4835	4800	4860
4800	4818	4860
4835	4817	4800
4817	4799	4800
4817	4793	4799
4793	4777	4799
4793	4731	4777
4817	4851	4793
4851	4862	4793
4851	4873	4862
4873	4931	4862
4931	4910	4862
4873	4880	4931
4880	4925	4931
4925	4953	4931
4925	4943	4953
4925	4928	4943
4928	4968	4943
4928	4944	4968
4944	4976	4968
4976	4981	4968
4976	5004	4981
4976	4974	5004
4974	4969	5004
4969	5009	5004
5009	5021	5004
5009	5018	5021
5018	5038	5021
4969	4988	5009
4974	4959	4969
4944	4940	4976
4944	4913	4940
4944	4932	4913
4932	4915	4913
4915	4909	4913
4909	4896	4913
4896	4905	4913
4909	4876	4896
4909	4874	4876
4909	4886	4874
4886	4864	4874
4864	4835	4874
4864	4873	4835
4873	4851	4835
4851	4817	4835
4864	4880	4873
4864	4881	4880
4881	4922	4880
4922	4925	4880
4922	4928	4925
4922	4932	4928
4932	4944	4928
4922	4915	4932
4922	4881	4915
4881	4886	4915
4886	4909	4915
4881	4864	4886
4939	4950	4958
5030	5042	5011
5030	5033	5042
5033	5043	5042
4764	4781	4805
4854	4893	4903
4893	4916	4903
4854	4842	4893
4746	4745	4797
4746	4719	4745
4677	4705	4751
4878	4912	4952
4504	4572	4603
4379	4443	4475
4443	4463	4475
4463	4556	4475
4463	4546	4556
4379	4389	4443
4379	4339	4389
4339	4341	4389
4339	4321	4341
4321	4298	4341
4321	4260	4298
4339	4349	4321
4339	4379	4349
4416	4364	4361
4364	4272	4361
4272	4249	4361
4249	4246	4361
4249	4169	4246
4169	4167	4246
4167	4252	4246
4167	4163	4252
4163	4278	4252
4278	4324	4252
4278	4223	4324
4278	4163	4223
4163	4126	4223
4126	4131	4223
4163	4056	4126
4163	4167	4056
4167	4169	4056
4169	4084	4056
4084	3948	4056
4084	4019	3948
4169	4215	4084
4169	4249	4215
4249	4272	4215
4272	4282	4215
4282	4143	4215
4282	4187	4143
4282	4286	4187
4286	4198	4187
4286	4197	4198
4286	4237	4197
4237	4238	4197
4238	4135	4197
4238	4134	4135
4238	4162	4134
4162	4137	4134
4238	4251	4162
4251	4257	4162
4257	4259	4162
4257	4296	4259
4296	4343	4259
4343	4270	4259
4343	4292	4270
4292	4210	4270
4292	4224	4210
4224	4207	4210
4207	4111	4210
4207	4086	4111
4086	4068	4111
4068	4043	4111
4043	3972	4111
3972	3989	4111
3989	4015	4111
4043	4008	3972
4008	3954	3972
4008	3961	3954
4008	4043	3961
4043	4086	3961
4086	4035	3961
4035	3983	3961
3983	3835	3961
3835	3830	3961
3830	3826	3961
4035	4028	3983
4028	4058	3983
4058	3929	3983
4058	3938	3929
3938	3916	3929
4058	4087	3938
4087	3992	3938
4058	4079	4087
4079	4164	4087
4164	4175	4087
4164	4217	4175
4217	4195	4175
4164	4127	4217
4164	4079	4127
4079	4035	4127
4035	4086	4127
4086	4207	4127
4079	4028	4035
4079	4058	4028
4043	4068	4086
4343	4365	4292
4343	4390	4365
4343	4367	4390
4343	4296	4367
4257	4251	4296
4238	4290	4251
4238	4237	4290
4237	4286	4290
4286	4358	4290
4286	4357	4358
4357	4371	4358
4357	4387	4371
4387	4395	4371
4357	4337	4387
4337	4444	4387
4444	4453	4387
4337	4364	4444
4364	4416	4444
4337	4272	4364
4337	4282	4272
4337	4357	4282
4357	4286	4282
3870	3837	3989
3940	3900	3982
3900	3918	3982
3940	3843	3900
3843	3806	3900
3843	3816	3806
3746	3676	3776
3746	3654	3676
3659	3702	3715
3659	3505	3702
3668	3789	3709
3689	3726	3820
3689	3624	3726
3726	3757	3820
3820	3703	3689
3693	3747	3804
3696	3845	3749
3845	3927	3749
3699	3819	3756
3728	3856	3797
3856	3857	3797
3856	3978	3857
3856	4017	3978
4017	4048	3978
3856	3892	4017
3892	4039	4017
3892	4014	4039
3892	3886	4014
3733	3813	3909
3813	3910	3909
3740	3802	3818
3740	3775	3802
3802	3913	3818
3913	3939	3818
3939	3931	3818
3939	3987	3931
3987	4062	3931
3987	4082	4062
4082	4146	4062
4146	4158	4062
3987	3939	4082
3939	3913	4082
3913	4067	4082
3913	3883	4067
3883	3937	4067
3750	3890	3770
3754	3895	3801
3763	3791	3868
3791	3971	3868
3971	4036	3868
3971	4072	4036
3774	4013	3800
4013	3860	3800
4013	3887	3860
4013	3915	3887
4013	3963	3915
4013	4071	3963
4071	4024	3963
4013	4140	4071
4140	4253	4071
4140	4299	4253
4299	4373	4253
4373	4248	4253
4248	4205	4253
4299	4454	4373
4454	4513	4373
4299	4269	4454
4269	4284	4454
4284	4399	4454
4269	4140	4284
4140	4130	4284
4140	4013	4130
4269	4299	4140
3811	3919	3923
3842	3943	3867
3855	3884	3981
3884	4023	3981
4023	4064	3981
4064	4132	3981
3981	3953	3855
3859	3897	3926
3926	3979	3859
3864	4081	3977
3866	3880	3994
3880	3933	3994
3994	3959	3866
3901	3911	4030
3935	4003	4112
3942	4091	3951
4091	4076	3951
4076	4005	3951
3947	3964	3988
3988	4103	3947
4103	3998	3947
3998	3890	3947
3998	3932	3890
3968	4124	4154
4124	4200	4154
4200	4201	4154
4200	4274	4201
3968	4093	4124
3968	4025	4093
3974	4041	4066
3976	4059	4094
4059	4149	4094
4149	4176	4094
3985	4117	4049
4006	4070	4145
4006	3977	4070
4026	4053	4147
4053	4119	4147
4147	4204	4026
4204	4192	4026
4204	4254	4192
4254	4114	4192
4057	4236	4193
4073	4123	4129
4123	4180	4129
4075	4092	4156
4156	4153	4075
4156	4211	4153
4211	4144	4153
4078	4110	4262
4110	4265	4262
4265	4397	4262
4110	4190	4265
4115	4206	4181
4181	4119	4115
4116	4142	4189
4189	4067	4116
4133	4222	4182
4222	4258	4182
4182	4117	4133
4157	4239	4172
4239	4261	4172
4261	4177	4172
4161	4191	4240
4161	4117	4191
4240	4123	4161
4165	4294	4280
4174	4185	4268
4185	4231	4268
4231	4325	4268
4325	4347	4268
4325	4470	4347
4470	4498	4347
4498	4404	4347
4325	4333	4470
4333	4499	4470
4325	4267	4333
4267	4202	4333
4325	4231	4267
4268	4206	4174
4186	4220	4232
4214	4351	4287
4351	4374	4287
4374	4266	4287
4219	4313	4285
4219	4289	4313
4227	4319	4309
4229	4241	4344
4241	4320	4344
4241	4273	4320
4244	4355	4383
4355	4414	4383
4414	4403	4383
4414	4514	4403
4514	4426	4403
4426	4351	4403
4250	4264	4331
4310	4381	4424
4381	4425	4424
4346	4434	4459
4434	4508	4459
4434	4485	4508
4434	4465	4485
4465	4456	4485
4465	4434	4456
4388	4438	4396
4392	4469	4497
4469	4495	4497
4410	4441	4515
4515	4435	4410
4515	4536	4435
4421	4581	4509
4460	4545	4517
4592	4635	4661
4635	4675	4661
4635	4678	4675
22	94	15
122	105	22
1296	1477	1194
1477	1421	1194
1421	1211	1194
1296	1435	1477
1697	1709	1740
1267	1348	1243
448	577	572
448	430	577
430	514	367
1118	1185	1093
1284	1320	1219
1547	1602	1502
1602	1488	1502
1453	1405	1541
1453	1374	1405
1982	1911	1879
1420	1214	1394
1214	1321	1394
1214	1233	1321
1420	1375	1214
1375	1217	1214
1120	912	1129
912	1100	1129
1120	986	912
730	719	797
719	807	797
730	682	719
730	646	682
646	601	682
1054	1111	1139
1111	1126	1139
1111	1134	1126
1134	1127	1126
1054	1014	1111
1054	984	1014
942	788	915
788	757	915
599	416	604
599	573	416
138	179	82
254	212	262
303	269	372
200	297	245
412	386	365
386	227	365
939	1230	1086
1230	1303	1086
1303	1280	1086
939	1088	1230
939	913	1088
751	578	478
578	464	478
771	845	578
771	843	845
414	528	527
953	1018	728
898	795	641
898	1013	795
679	648	564
852	663	698
1153	1443	1200
1443	1355	1200
1153	1395	1443
833	922	798
1372	1616	1460
1204	1292	1106
1204	1509	1292
1509	1454	1292
1509	1544	1454
1204	1458	1509
1458	1567	1509
1256	1129	1096
1560	1455	1392
1576	1830	1802
2066	2293	2144
2767	2538	2534
2767	2826	2538
2826	2601	2538
2767	2873	2826
2644	2520	2837
2520	2600	2837
2600	2709	2837
1537	1533	1660
1537	1383	1533
1537	1373	1383
1161	1254	1047
1161	1333	1254
1161	1335	1333
1335	1464	1333
1251	1277	1131
1277	1074	1131
1251	1411	1277
1411	1412	1277
1411	1512	1412
1512	1591	1412
1138	1165	876
1138	1248	1165
1213	1239	1298
1148	1153	1079
1615	1876	1610
1876	1658	1610
1658	1621	1610
1621	1573	1610
1621	1669	1573
1621	1658	1669
1615	1784	1876
1784	2104	1876
2104	1917	1876
1417	1625	1315
1417	1590	1625
1669	1698	1489
1698	1507	1489
1816	1946	1787
1816	2040	1946
2040	2148	1946
1816	1962	2040
1816	1957	1962
1862	2135	1895
1862	2183	2135
1862	2086	2183
1774	2014	1967
2014	2210	1967
1774	1836	2014
2500	2724	2542
2724	2702	2542
2724	2756	2702
2724	2853	2756
2593	2776	2494
2407	2260	2289
2260	2141	2289
2260	2062	2141
2260	2096	2062
2096	1880	2062
2096	2056	1880
2056	1850	1880
1850	1707	1880
2407	2350	2260
1919	2049	1797
2049	1969	1797
1969	1901	1797
1649	1415	1596
1415	1446	1596
1899	2071	1945
2071	2093	1945
2093	2107	1945
2107	2101	1945
2101	1985	1945
1899	1927	2071
1927	1994	2071
2176	1924	2069
2969	3142	2939
2969	3237	3142
3237	3434	3142
3434	3164	3142
3164	3122	3142
3434	3228	3164
3434	3288	3228
3434	3349	3288
3434	3607	3349
3607	3382	3349
3434	3658	3607
3434	3630	3658
2969	2962	3237
2962	3130	3237
3130	3315	3237
2962	2931	3130
2300	2543	2341
2300	2351	2543
2351	2652	2543
2351	2511	2652
1759	1728	1793
2131	2317	2047
2317	2353	2047
1838	2074	1883
2074	1996	1883
2074	2051	1996
1993	2094	1950
2484	2371	2257
2484	2506	2371
2446	2641	2590
2060	2160	2127
2160	2299	2127
2299	2128	2127
2160	2402	2299
2304	2271	2177
2246	2482	2304
2246	2227	2482
2227	2328	2482
2065	2059	1961
2065	2191	2059
2025	2275	2086
2275	2376	2086
2376	2229	2086
2275	2320	2376
2320	2359	2376
2275	2025	2320
2331	2431	2327
2331	2357	2431
2266	2419	2263
2063	1940	2083
3170	2991	3182
3101	2885	3095
2885	3061	3095
2885	2836	3061
2376	2560	2315
2560	2558	2315
2264	2250	2223
2923	3174	2924
3174	3193	2924
2923	2968	3174
2968	3220	3174
2950	3074	3111
3074	3200	3111
3074	3206	3200
2950	2879	3074
2396	2364	2394
2862	2925	2666
2862	2956	2925
2700	2467	2456
2628	2634	2480
2576	2673	2493
2673	2562	2493
2676	2569	2568
2808	3081	2967
2808	2822	3081
2622	2376	2735
3489	3368	3504
3489	3262	3368
3266	3489	3477
3266	3259	3489
3129	3080	3185
2997	2886	3119
2682	2647	2754
2612	2820	2794
2820	2995	2865
2757	2886	2652
2783	2645	2711
2811	2940	2722
2811	2927	2940
2927	3009	2940
2818	2727	2843
2861	3002	2817
3002	3083	2817
3083	3062	2817
3062	3059	2817
2817	2667	2745
2793	2749	2750
2810	2618	2812
2814	2802	2910
3440	3507	3404
3440	3445	3507
3126	3378	3381
3126	3106	3378
3106	3264	3378
3106	3116	3264
2961	2790	2937
3052	3190	3209
3190	3271	3209
3613	3707	3706
3561	3840	3526
3840	3762	3526
3840	3861	3762
3468	3800	3493
3800	3887	3493
3887	3915	3493
3800	3860	3887
3468	3774	3800
3468	3694	3774
3694	3744	3774
3744	3851	3774
3851	4013	3774
3851	4165	4013
4165	4130	4013
3851	3934	4165
3468	3427	3694
3289	3643	3427
3289	3583	3643
3289	3233	3583
3233	3252	3583
3252	3549	3583
3252	3281	3549
3252	3084	3281
3252	2916	3084
2916	2972	3084
3252	3163	2916
3252	3233	3163
3065	2896	3163
3417	3401	3620
3212	3175	3467
3781	3679	3941
3679	3893	3941
3230	3520	3470
3230	3313	3520
3442	3528	3408
3433	3438	3367
3793	3881	3965
4213	4031	4105
4213	4184	4031
4152	4168	3995
4226	4300	4152
4226	4366	4300
4226	4345	4366
4368	4419	4345
4433	4468	4493
4468	4526	4493
4526	4594	4493
4594	4555	4493
4594	4647	4555
4647	4564	4555
4526	4637	4594
4526	4507	4637
4507	4560	4637
4433	4418	4468
4418	4385	4468
3936	3889	3917
3936	3950	3889
4430	4277	4393
4277	4291	4393
4277	4211	4291
4430	4274	4277
4631	4565	4585
4704	4859	4676
4859	4825	4676
4825	4753	4676
4704	4819	4859
4121	4077	4318
4670	4639	4604
4607	4475	4620
4475	4556	4620
4680	4778	4619
4857	4803	4778
4803	4758	4778
4758	4630	4778
4857	4839	4803
4979	5015	4991
4990	4917	4933
4994	4903	4916
4994	4949	4903
4994	4998	4949
5039	5054	5052
5039	5032	5054
5046	5008	5042
5008	5011	5042
3900	3789	3918
3747	3875	3804
3927	3942	3749
3909	3681	3733
4071	4253	4024
4253	4205	4024
4205	4118	4024
4118	4038	4024
4399	4566	4454
3935	3923	4003
3923	4001	4003
4001	4069	4003
4189	4227	4067
