3.040830406675512450e+02 1.583903917631533886e+02 1.410814167405029309e+02
3.150209984576214310e+02 1.538463168937537375e+02 1.323584575718562064e+02
3.217990670239708493e+02 1.490405358786089209e+02 1.184340958340329735e+02
3.266195803809848712e+02 1.438334786008960009e+02 1.023219550003602762e+02
3.346209572689804190e+02 1.410515364362545370e+02 8.810793451907250073e+01
3.413985695140992220e+02 1.409738563844802002e+02 6.976483329730967853e+01
3.454832056466899530e+02 1.539377094280408755e+02 3.570962821903935946e+01
3.365007429779318500e+02 1.801595137674836451e+02 2.673603116350852815e+01
3.231154907052089129e+02 1.877480635086236589e+02 2.941020623547416335e+01
3.124215940259157946e+02 1.988434378052298825e+02 3.233086234419397442e+01
3.073558721125626789e+02 2.093194469364706265e+02 4.319844988564568666e+01
2.956836639674684193e+02 2.154860920558852513e+02 4.944395951591030780e+01
2.906177072510146218e+02 2.283261505411195458e+02 5.810216967309330016e+01
