28.051401 34.834883 10.500000 255 0 0
28.310869 34.739465 9.562500 255 0 0
28.648552 34.538597 8.625000 255 0 0
29.064449 34.232278 7.687500 255 0 0
29.558561 33.820509 6.750000 255 0 0
30.130887 33.303290 5.812500 255 0 0
30.781428 32.680620 4.875000 255 0 0
31.510184 31.952500 3.937500 255 0 0
32.317154 31.118930 3.000000 0 255 0
31.843948 30.059630 3.937500 0 255 0
31.408173 29.126172 4.875000 0 255 0
31.009830 28.318556 5.812500 0 255 0
30.648919 27.636782 6.750000 0 255 0
30.325439 27.080849 7.687500 0 255 0
30.039391 26.650759 8.625000 0 255 0
29.790774 26.346510 9.562500 0 255 0
29.579588 26.168103 10.500000 0 255 0
