1	7	6
1	3	7
3	26	7
3	14	26
14	43	26
43	69	26
43	48	69
48	87	69
87	98	69
87	120	98
87	96	120
96	108	120
108	129	120
129	148	120
148	208	120
208	220	120
208	302	220
302	311	220
311	241	220
311	357	241
357	325	241
357	464	325
464	362	325
464	479	362
479	483	362
479	504	483
504	521	483
504	597	521
597	557	521
557	525	521
557	542	525
542	473	525
473	452	525
452	410	525
452	411	410
411	353	410
353	385	410
353	280	385
353	332	280
332	235	280
332	334	235
334	231	235
334	339	231
339	243	231
243	186	231
339	307	243
307	279	243
279	177	243
177	164	243
177	128	164
128	127	164
128	49	127
49	66	127
66	104	127
66	95	104
95	126	104
49	34	66
34	25	66
25	9	66
25	8	9
8	4	9
4	6	9
4	2	6
2	5	6
5	1	6
5	3	1
5	19	3
5	17	19
17	20	19
20	27	19
27	38	19
38	22	19
22	12	19
22	18	12
18	23	12
23	14	12
14	3	12
23	43	14
23	48	43
23	18	48
18	40	48
40	57	48
57	87	48
57	96	87
57	68	96
68	83	96
83	108	96
83	129	108
83	109	129
109	148	129
109	188	148
188	225	148
225	242	148
242	208	148
242	302	208
242	308	302
308	344	302
344	358	302
358	311	302
358	365	311
365	361	311
361	357	311
361	464	357
361	365	464
365	498	464
498	569	464
569	504	464
504	479	464
569	597	504
569	598	597
598	656	597
656	628	597
628	595	597
595	557	597
595	542	557
628	609	595
609	619	595
609	655	619
655	744	619
655	798	744
655	717	798
717	724	798
717	650	724
650	656	724
656	687	724
687	729	724
729	826	724
729	766	826
766	887	826
887	1014	826
766	775	887
775	857	887
857	969	887
857	841	969
841	864	969
864	967	969
967	1164	969
967	1061	1164
967	915	1061
967	908	915
908	861	915
861	892	915
892	898	915
892	968	898
968	990	898
968	978	990
978	1012	990
1012	1003	990
1003	1099	990
1003	1078	1099
1078	1135	1099
1135	1140	1099
1135	1202	1140
1202	1167	1140
1078	1159	1135
1078	1077	1159
1077	1132	1159
1132	1163	1159
1163	1256	1159
1256	1269	1159
1269	1291	1159
1269	1279	1291
1279	1311	1291
1311	1299	1291
1299	1290	1291
1290	1249	1291
1290	1283	1249
1283	1214	1249
1214	1204	1249
1204	1202	1249
1204	1212	1202
1214	1136	1204
1136	1114	1204
1136	1169	1114
1169	1236	1114
1236	1070	1114
1169	1216	1236
1216	1405	1236
1405	1289	1236
1405	1420	1289
1405	1556	1420
1169	1214	1216
1169	1136	1214
1283	1335	1214
1283	1307	1335
1307	1359	1335
1307	1370	1359
1307	1292	1370
1292	1299	1370
1299	1311	1370
1311	1399	1370
1399	1450	1370
1450	1445	1370
1450	1457	1445
1399	1444	1450
1399	1455	1444
1455	1525	1444
1525	1534	1444
1525	1571	1534
1571	1597	1534
1525	1561	1571
1399	1363	1455
1363	1361	1455
1363	1332	1361
1332	1308	1361
1332	1206	1308
1206	1219	1308
1219	1326	1308
1219	1197	1326
1219	1191	1197
1191	1131	1197
1131	1181	1197
1181	1201	1197
1201	1265	1197
1265	1301	1197
1265	1314	1301
1265	1261	1314
1261	1288	1314
1288	1391	1314
1391	1390	1314
1391	1408	1390
1408	1452	1390
1391	1477	1408
1391	1395	1477
1391	1288	1395
1288	1351	1395
1351	1376	1395
1351	1360	1376
1360	1423	1376
1360	1352	1423
1360	1238	1352
1360	1351	1238
1351	1178	1238
1178	1149	1238
1178	1090	1149
1090	1166	1149
1090	989	1166
989	1037	1166
1037	1229	1166
1037	1172	1229
1172	1232	1229
989	911	1037
989	907	911
907	849	911
849	787	911
787	865	911
787	725	865
725	862	865
725	859	862
725	712	859
725	630	712
630	709	712
709	758	712
709	711	758
709	570	711
570	646	711
709	630	570
630	591	570
630	618	591
618	594	591
618	678	594
678	700	594
700	697	594
697	617	594
617	563	594
563	461	594
461	442	594
461	390	442
390	373	442
373	435	442
435	445	442
445	570	442
445	478	570
445	435	478
435	490	478
490	646	478
490	561	646
561	633	646
561	536	633
536	548	633
548	611	633
548	537	611
537	494	611
537	443	494
443	466	494
443	399	466
399	472	466
399	407	472
399	370	407
370	377	407
377	422	407
377	418	422
377	371	418
371	431	418
371	347	431
347	363	431
347	295	363
295	330	363
295	277	330
277	350	330
277	299	350
299	383	350
299	320	383
320	453	383
453	518	383
299	268	320
268	270	320
270	304	320
304	374	320
304	360	374
360	386	374
304	306	360
306	323	360
323	379	360
379	475	360
379	499	475
499	532	475
532	535	475
535	458	475
499	592	532
499	605	592
499	541	605
541	593	605
541	540	593
540	642	593
540	637	642
540	647	637
540	634	647
540	586	634
540	506	586
506	467	586
467	585	586
467	539	585
539	627	585
627	691	585
467	508	539
506	437	467
437	413	467
437	329	413
329	324	413
329	292	324
292	248	324
292	204	248
204	194	248
204	154	194
154	138	194
138	125	194
138	99	125
99	77	125
77	123	125
123	134	125
123	189	134
123	152	189
152	166	189
166	214	189
123	103	152
103	92	152
103	123	92
123	52	92
52	59	92
59	53	92
53	75	92
53	55	75
55	78	75
78	89	75
78	86	89
86	130	89
130	143	89
130	209	143
78	55	86
55	67	86
67	65	86
65	72	86
72	107	86
72	60	107
60	44	107
60	24	44
24	39	44
24	49	39
49	54	39
49	128	54
128	111	54
111	88	54
88	62	54
62	58	54
62	91	58
62	81	91
81	112	91
112	136	91
112	157	136
157	160	136
112	147	157
147	159	157
147	182	159
182	191	159
112	97	147
97	137	147
97	117	137
117	170	137
117	110	170
110	156	170
156	202	170
156	240	202
156	254	240
254	316	240
316	348	240
348	274	240
254	266	316
254	169	266
169	177	266
177	279	266
279	307	266
307	369	266
307	372	369
307	398	372
307	339	398
339	391	398
391	420	398
420	488	398
488	487	398
488	564	487
488	511	564
488	420	511
420	429	511
429	454	511
454	527	511
454	474	527
474	519	527
519	552	527
519	583	552
583	695	552
695	696	552
519	542	583
519	473	542
519	474	473
474	440	473
440	452	473
440	411	452
440	429	411
429	391	411
391	334	411
334	332	411
332	353	411
391	339	334
429	420	391
440	454	429
440	474	454
169	128	177
169	122	128
122	111	128
122	93	111
93	88	111
93	62	88
93	81	62
93	110	81
110	97	81
97	112	81
110	117	97
93	156	110
93	122	156
122	169	156
169	254	156
24	34	49
24	13	34
13	25	34
13	32	25
32	15	25
15	8	25
15	29	8
29	10	8
10	4	8
10	11	4
11	2	4
11	5	2
11	17	5
11	16	17
16	21	17
21	20	17
21	36	20
36	28	20
28	27	20
28	37	27
37	38	27
37	51	38
51	42	38
42	30	38
30	22	38
30	18	22
30	46	18
46	40	18
46	45	40
45	68	40
68	57	40
45	83	68
45	76	83
76	109	83
76	101	109
101	132	109
132	188	109
132	168	188
168	251	188
251	225	188
251	308	225
308	242	225
251	352	308
352	397	308
397	389	308
389	344	308
389	441	344
441	358	344
441	498	358
498	365	358
441	459	498
459	567	498
567	584	498
584	613	498
613	598	498
598	569	498
613	683	598
683	699	598
699	656	598
699	687	656
699	749	687
749	729	687
749	766	729
749	775	766
749	771	775
771	841	775
841	857	775
771	843	841
843	864	841
843	861	864
861	908	864
908	967	864
843	892	861
843	832	892
832	873	892
873	968	892
832	746	873
746	839	873
746	739	839
739	816	839
816	829	839
816	809	829
809	827	829
827	943	829
943	996	829
943	1052	996
1052	1055	996
1055	1021	996
1021	978	996
978	968	996
1021	1012	978
1021	1078	1012
1078	1003	1012
1021	1077	1078
1021	1055	1077
1055	1058	1077
1058	1066	1077
1066	1132	1077
1066	1199	1132
1199	1163	1132
1199	1256	1163
1199	1206	1256
1206	1332	1256
1332	1279	1256
1279	1269	1256
1332	1311	1279
1332	1399	1311
1332	1363	1399
1199	1152	1206
1152	1191	1206
1191	1219	1206
1152	1131	1191
1152	1113	1131
1113	1101	1131
1101	1134	1131
1134	1181	1131
1134	1151	1181
1151	1201	1181
1151	1087	1201
1087	1121	1201
1121	1226	1201
1226	1265	1201
1226	1261	1265
1226	1195	1261
1195	1288	1261
1195	1182	1288
1182	1351	1288
1182	1173	1351
1173	1178	1351
1173	1154	1178
1154	1090	1178
1154	1023	1090
1023	1002	1090
1002	989	1090
1002	985	989
985	907	989
985	955	907
955	891	907
891	849	907
891	801	849
801	790	849
790	787	849
790	725	787
801	678	790
801	793	678
793	700	678
793	781	700
781	697	700
781	715	697
715	680	697
680	617	697
680	625	617
625	554	617
554	560	617
560	563	617
560	522	563
522	461	563
522	460	461
460	390	461
554	462	560
554	485	462
554	482	485
554	572	482
572	502	482
502	450	482
450	427	482
502	484	450
484	405	450
484	469	405
469	402	405
402	342	405
402	331	342
402	290	331
290	252	331
290	211	252
211	192	252
192	201	252
201	263	252
201	267	263
201	219	267
219	257	267
219	236	257
236	255	257
236	282	255
282	322	255
282	327	322
327	417	322
327	381	417
327	343	381
343	390	381
343	373	390
343	396	373
396	435	373
396	470	435
470	490	435
470	536	490
536	561	490
470	537	536
537	548	536
470	443	537
470	396	443
396	388	443
388	399	443
388	317	399
317	341	399
341	370	399
341	335	370
335	286	370
286	377	370
286	300	377
300	371	377
300	347	371
300	284	347
284	295	347
284	272	295
272	277	295
272	262	277
262	261	277
261	299	277
261	237	299
237	253	299
253	268	299
253	223	268
223	259	268
259	270	268
259	234	270
234	265	270
265	304	270
265	306	304
234	233	265
234	207	233
207	221	233
207	165	221
165	203	221
203	245	221
245	340	221
245	329	340
329	404	340
404	379	340
379	323	340
404	499	379
404	446	499
446	541	499
446	492	541
492	540	541
492	506	540
492	437	506
492	446	437
446	404	437
404	329	437
245	292	329
245	204	292
245	179	204
179	162	204
162	154	204
179	151	162
179	195	151
195	165	151
165	150	151
150	115	151
115	94	151
115	114	94
114	80	94
80	61	94
61	73	94
61	42	73
42	51	73
51	77	73
77	106	73
106	121	73
121	154	73
121	138	154
121	106	138
106	99	138
106	77	99
51	70	77
70	52	77
52	123	77
70	51	52
51	37	52
37	35	52
35	59	52
35	53	59
35	50	53
50	55	53
50	67	55
50	36	67
36	33	67
33	65	67
33	29	65
29	32	65
32	72	65
32	60	72
32	13	60
13	24	60
29	15	32
33	16	29
16	10	29
16	11	10
33	21	16
33	36	21
50	35	36
35	28	36
35	37	28
61	30	42
61	46	30
61	74	46
74	64	46
64	56	46
56	45	46
56	76	45
56	82	76
82	101	76
82	132	101
82	113	132
113	168	132
113	140	168
140	212	168
212	273	168
273	251	168
273	352	251
273	278	352
278	368	352
368	397	352
368	471	397
471	423	397
423	389	397
423	449	389
449	441	389
449	459	441
449	481	459
481	549	459
549	567	459
549	584	567
549	573	584
573	675	584
675	613	584
675	683	613
573	653	675
653	660	675
660	762	675
660	746	762
746	832	762
660	653	746
653	629	746
629	659	746
659	710	746
710	720	746
720	739	746
720	786	739
786	816	739
786	809	816
786	806	809
806	842	809
842	872	809
872	827	809
872	943	827
872	893	943
893	956	943
956	1052	943
956	1005	1052
1005	1036	1052
1036	1101	1052
1101	1072	1052
1072	1058	1052
1058	1055	1052
1072	1066	1058
1072	1113	1066
1113	1152	1066
1152	1199	1066
1072	1101	1113
1036	1134	1101
1036	1151	1134
1036	1022	1151
1022	1087	1151
1022	1000	1087
1000	1121	1087
1000	1154	1121
1154	1182	1121
1182	1195	1121
1195	1226	1121
1154	1173	1182
1000	1023	1154
1000	964	1023
964	977	1023
977	1002	1023
977	955	1002
955	985	1002
977	920	955
920	891	955
920	801	891
920	869	801
869	837	801
837	793	801
837	781	793
837	810	781
810	813	781
813	748	781
748	715	781
748	685	715
685	661	715
661	680	715
661	625	680
661	622	625
622	574	625
574	554	625
574	572	554
574	622	572
622	648	572
648	555	572
555	502	572
555	484	502
555	469	484
555	489	469
489	447	469
447	402	469
447	368	402
368	290	402
368	278	290
278	212	290
212	211	290
212	183	211
183	175	211
175	192	211
175	176	192
176	201	192
176	190	201
190	224	201
224	217	201
217	219	201
217	236	219
217	232	236
232	285	236
232	249	285
249	291	285
291	296	285
296	317	285
296	341	317
296	291	341
291	335	341
291	286	335
291	249	286
249	283	286
283	300	286
283	284	300
283	206	284
206	262	284
262	272	284
206	228	262
228	261	262
228	237	261
228	216	237
216	197	237
197	253	237
197	180	253
180	223	253
180	178	223
178	174	223
174	229	223
229	259	223
229	234	259
229	207	234
229	174	207
174	165	207
174	150	165
174	178	150
178	149	150
149	114	150
114	115	150
149	133	114
133	124	114
124	85	114
85	80	114
85	79	80
79	74	80
74	61	80
79	64	74
79	90	64
90	56	64
90	82	56
90	113	82
90	100	113
100	140	113
100	118	140
118	139	140
139	144	140
144	183	140
183	212	140
144	175	183
144	173	175
173	172	175
172	176	175
172	190	176
172	173	190
173	206	190
206	230	190
230	224	190
230	232	224
232	217	224
230	249	232
230	206	249
206	283	249
173	161	206
161	228	206
161	216	228
161	167	216
167	197	216
167	180	197
167	142	180
142	149	180
149	178	180
142	133	149
142	124	133
142	116	124
116	85	124
116	100	85
100	79	85
100	90	79
116	118	100
116	141	118
141	139	118
141	153	139
153	161	139
161	144	139
161	173	144
153	167	161
153	141	167
141	142	167
141	116	142
278	273	212
447	471	368
447	500	471
500	516	471
516	481	471
481	423	471
481	449	423
516	533	481
533	549	481
533	573	549
533	579	573
579	635	573
635	653	573
635	629	653
635	579	629
579	615	629
615	659	629
615	657	659
657	701	659
701	710	659
701	786	710
786	720	710
701	752	786
752	806	786
752	760	806
760	763	806
763	842	806
763	748	842
748	813	842
813	848	842
848	874	842
874	872	842
874	893	872
874	900	893
900	956	893
900	1005	956
900	998	1005
998	1036	1005
998	1022	1036
998	935	1022
935	961	1022
961	1000	1022
961	964	1000
961	922	964
922	920	964
920	977	964
922	869	920
922	914	869
914	836	869
836	810	869
810	837	869
836	813	810
836	848	813
836	874	848
836	914	874
914	900	874
914	935	900
935	998	900
914	925	935
925	961	935
925	922	961
925	914	922
763	685	748
763	760	685
760	752	685
752	690	685
690	648	685
648	622	685
622	661	685
690	664	648
664	596	648
596	555	648
596	551	555
551	489	555
551	500	489
500	447	489
551	547	500
547	516	500
547	533	516
547	575	533
575	579	533
575	615	579
575	596	615
596	649	615
649	657	615
649	664	657
664	690	657
690	701	657
690	752	701
649	596	664
575	551	596
575	547	551
195	203	165
195	245	203
195	179	245
388	343	317
388	396	343
327	282	343
618	725	678
618	630	725
1292	1290	1299
1292	1283	1290
1292	1307	1283
650	628	656
650	638	628
638	609	628
638	655	609
638	717	655
638	650	717
63	102	71
131	199	145
155	185	181
185	205	181
205	280	181
171	213	187
213	275	187
213	303	275
303	313	275
303	415	313
415	401	313
401	382	313
401	456	382
401	428	456
428	589	456
428	512	589
512	621	589
512	568	621
428	426	512
428	401	426
401	415	426
303	298	415
298	433	415
298	294	433
294	384	433
384	510	433
510	513	433
510	607	513
294	351	384
351	403	384
403	515	384
403	529	515
403	496	529
496	520	529
496	424	520
424	565	520
424	387	565
351	305	403
351	281	305
281	193	305
281	209	193
209	107	193
107	135	193
281	256	209
281	276	256
276	298	256
298	303	256
303	213	256
276	294	298
276	281	294
281	351	294
171	143	213
198	244	215
215	137	198
244	301	215
238	321	338
321	507	338
507	503	338
503	337	338
507	566	503
566	530	503
530	491	503
530	577	491
530	588	577
588	616	577
588	689	616
689	750	616
689	870	750
689	702	870
530	566	588
507	703	566
507	600	703
507	509	600
509	495	600
495	603	600
603	672	600
603	632	672
632	713	672
632	654	713
654	670	713
670	745	713
509	359	495
359	354	495
509	507	359
507	321	359
247	258	287
260	364	319
364	366	319
260	288	364
264	406	312
406	434	312
434	367	312
310	392	315
392	393	315
314	355	336
355	354	336
349	378	468
468	419	349
468	531	419
531	425	419
468	559	531
400	534	408
408	301	400
301	380	400
408	309	301
534	501	408
534	565	501
400	562	534
436	497	480
480	448	436
497	580	480
580	590	480
497	644	580
497	641	644
497	553	641
553	624	641
624	686	641
686	731	641
686	765	731
765	776	731
776	764	731
764	743	731
764	844	743
844	828	743
764	784	844
784	863	844
784	882	863
882	1050	863
882	928	1050
928	942	1050
942	1162	1050
1162	1049	1050
928	815	942
815	878	942
815	860	878
860	888	878
860	788	888
860	815	788
815	791	788
791	776	788
791	764	776
791	784	764
791	799	784
799	882	784
799	928	882
799	815	928
799	791	815
686	719	765
719	794	765
794	824	765
719	751	794
751	804	794
804	856	794
804	820	856
820	936	856
936	963	856
963	895	856
963	966	895
966	868	895
868	824	895
868	796	824
796	788	824
868	814	796
814	880	796
880	888	796
814	866	880
866	962	880
814	853	866
853	1009	866
853	886	1009
886	975	1009
853	819	886
819	835	886
835	941	886
835	852	941
852	924	941
852	926	924
852	818	926
818	913	926
913	1032	926
818	876	913
818	817	876
818	879	817
879	767	817
767	761	817
761	931	817
767	855	761
855	811	761
811	759	761
759	736	761
767	879	855
852	835	818
819	850	835
819	966	850
966	953	850
966	1045	953
1045	981	953
1045	1075	981
1045	1112	1075
1112	1115	1075
1112	1110	1115
1110	1102	1115
1102	1137	1115
1137	1148	1115
1148	1067	1115
1148	1089	1067
1148	1145	1089
1148	1177	1145
1177	1190	1145
1190	1192	1145
1190	1220	1192
1220	1237	1192
1237	1242	1192
1237	1164	1242
1164	1185	1242
1237	1215	1164
1215	1142	1164
1215	1081	1142
1081	1014	1142
1081	1013	1014
1081	1153	1013
1153	1086	1013
1086	1017	1013
1086	1102	1017
1086	1137	1102
1086	1177	1137
1177	1148	1137
1086	1153	1177
1153	1215	1177
1215	1220	1177
1220	1190	1177
1215	1237	1220
1153	1081	1215
1110	1084	1102
1110	1065	1084
1065	1019	1084
1065	936	1019
936	910	1019
936	894	910
894	803	910
894	820	803
820	692	803
820	804	692
804	751	692
894	936	820
1065	1045	936
1045	963	936
1045	966	963
1065	1112	1045
1065	1110	1112
819	868	966
819	814	868
819	853	814
719	643	751
643	610	751
686	624	719
497	455	553
497	436	455
439	571	544
571	599	544
571	716	599
439	406	571
517	608	523
608	576	523
608	582	576
608	723	582
723	694	582
723	795	694
723	757	795
757	800	795
800	912	795
800	1060	912
1060	1117	912
757	831	800
757	674	831
674	651	831
651	747	831
747	916	831
916	982	831
982	1034	831
982	1076	1034
1076	1228	1034
1228	1079	1034
1079	1074	1034
1079	1210	1074
1079	1228	1210
1228	1368	1210
1228	1432	1368
1432	1527	1368
1432	1464	1527
1464	1593	1527
1593	1650	1527
1650	1631	1527
1631	1585	1527
1650	1669	1631
1650	1729	1669
1650	1672	1729
1650	1632	1672
1632	1762	1672
1632	1560	1762
1560	1708	1762
1708	1925	1762
1560	1661	1708
1661	1750	1708
1632	1593	1560
1632	1650	1593
1432	1228	1464
1228	1286	1464
1286	1388	1464
1228	1076	1286
1076	1051	1286
1076	982	1051
982	916	1051
916	897	1051
916	747	897
651	545	747
674	608	651
608	517	651
674	723	608
674	757	723
524	578	631
578	626	631
626	658	631
578	556	626
612	677	708
645	779	773
779	972	773
972	825	773
972	1011	825
1011	858	825
1011	1108	858
1108	947	858
1011	1161	1108
1161	1222	1108
1161	1258	1222
779	986	972
779	923	986
923	1073	986
923	934	1073
923	902	934
663	718	730
718	774	730
774	688	730
774	823	688
823	716	688
823	959	716
823	946	959
823	884	946
884	971	946
884	854	971
854	1007	971
884	774	854
774	718	854
884	823	774
663	676	718
666	673	698
673	906	698
906	726	698
906	905	726
681	881	704
881	999	704
999	948	704
948	745	704
999	1068	948
1068	1104	948
1104	1043	948
1104	1186	1043
1104	1260	1186
1104	1194	1260
1104	1068	1194
681	778	881
693	738	846
846	734	693
734	706	693
734	792	706
734	846	792
705	735	885
705	605	735
727	807	797
807	1035	797
807	847	1035
847	1029	1035
807	727	847
740	987	919
741	821	951
753	940	780
940	979	780
979	802	780
979	980	802
979	1054	980
1054	1231	980
1231	1033	980
979	1048	1054
979	940	1048
770	921	973
921	1039	973
921	937	1039
782	867	808
867	899	808
899	901	808
822	871	957
877	890	1053
883	970	917
903	950	1018
950	919	1018
932	945	1008
958	1047	1046
1047	1203	1046
1203	1205	1046
1203	1250	1205
1250	1213	1205
1047	1100	1203
1047	1025	1100
991	1085	1147
1147	1007	991
992	1088	1015
1001	1082	1069
1069	1056	1001
1056	885	1001
1020	1264	1118
1264	1281	1118
1264	1329	1281
1264	1313	1329
1264	1285	1313
1264	1109	1285
1264	1020	1109
1028	1193	1217
1193	1277	1217
1193	1282	1277
1193	1211	1282
1030	1091	1209
1030	1015	1091
1031	1122	1127
1044	1165	1244
1059	1144	1171
1144	1245	1171
1245	1266	1171
1266	1330	1171
1266	1398	1330
1398	1333	1330
1071	1133	1156
1156	1150	1071
1156	1327	1150
1327	1284	1150
1327	1350	1284
1350	1458	1284
1350	1532	1458
1532	1517	1458
1517	1519	1458
1517	1705	1519
1705	1536	1519
1536	1505	1519
1517	1532	1705
1532	1546	1705
1546	1742	1705
1742	1782	1705
1782	1791	1705
1782	1924	1791
1924	1922	1791
1924	2012	1922
1742	1763	1782
1742	1680	1763
1680	1748	1763
1680	1581	1748
1680	1546	1581
1546	1489	1581
1489	1449	1581
1489	1463	1449
1489	1546	1463
1546	1532	1463
1532	1350	1463
1680	1742	1546
1083	1120	1141
1083	1146	1120
1092	1126	1094
1095	1174	1105
1095	1094	1174
1174	1128	1105
1128	1172	1105
1128	1207	1172
1128	1174	1207
1106	1155	1221
1155	1183	1221
1221	1189	1106
1221	1296	1189
1296	1356	1189
1356	1309	1189
1221	1305	1296
1107	1239	1315
1107	970	1239
970	1233	1239
1233	1372	1239
1372	1393	1239
1393	1315	1239
1393	1316	1315
1316	1107	1315
1119	1196	1241
1123	1278	1188
1278	1297	1188
1297	1334	1188
1297	1355	1334
1355	1471	1334
1471	1310	1334
1471	1479	1310
1297	1278	1355
1278	1333	1355
1130	1198	1248
1143	1339	1225
1143	1252	1339
1252	1381	1339
1252	1367	1381
1252	1254	1367
1254	1247	1367
1252	1018	1254
1157	1180	1343
1157	1053	1180
1343	1276	1157
1343	1387	1276
1343	1483	1387
1483	1394	1387
1483	1565	1394
1565	1528	1394
1565	1589	1528
1589	1592	1528
1592	1628	1528
1483	1549	1565
1549	1761	1565
1549	1574	1761
1574	1741	1761
1741	1808	1761
1808	1850	1761
1850	1847	1761
1850	1935	1847
1850	1860	1935
1860	2023	1935
2023	2035	1935
2035	2031	1935
2031	2013	1935
2031	2064	2013
2031	2260	2064
2260	2136	2064
2031	2066	2260
2066	2251	2260
2066	2179	2251
2179	2263	2251
2263	2333	2251
2263	2351	2333
2263	2444	2351
2444	2517	2351
2179	2219	2263
2179	2059	2219
2031	2035	2066
2035	2023	2066
1860	2026	2023
1850	1808	1860
1808	1806	1860
1808	1741	1806
1549	1502	1574
1502	1524	1574
1549	1483	1502
1483	1343	1502
1168	1270	1295
1179	1218	1208
1218	1357	1208
1357	1300	1208
1357	1354	1300
1354	1365	1300
1184	1325	1267
1187	1275	1362
1275	1358	1362
1358	1401	1362
1358	1328	1401
1358	1275	1328
1187	1117	1275
1223	1319	1298
1224	1385	1347
1385	1428	1347
1428	1484	1347
1484	1430	1347
1430	1388	1347
1484	1560	1430
1484	1428	1560
1227	1321	1331
1331	1262	1227
1331	1344	1262
1243	1342	1320
1251	1404	1406
1253	1380	1402
1257	1425	1340
1340	1198	1257
1257	1379	1425
1257	1302	1379
1259	1273	1346
1273	1413	1346
1413	1443	1346
1443	1380	1346
1293	1366	1318
1293	1317	1366
1317	1410	1366
1366	1412	1318
1304	1409	1417
1304	1368	1409
1306	1403	1374
1403	1488	1374
1312	1341	1353
1353	1342	1312
1353	1436	1342
1353	1341	1436
1324	1438	1348
1324	1439	1438
1439	1572	1438
1337	1345	1459
1338	1462	1515
1462	1550	1515
1550	1552	1515
1552	1578	1515
1552	1646	1578
1646	1693	1578
1552	1558	1646
1558	1658	1646
1558	1550	1658
1550	1671	1658
1671	1683	1658
1671	1735	1683
1735	1883	1683
1735	1905	1883
1905	1916	1883
1916	1825	1883
1905	2125	1916
2125	2054	1916
2054	1987	1916
2054	1940	1987
2125	2190	2054
2125	2245	2190
2245	2308	2190
2308	2327	2190
2245	2250	2308
1735	1908	1905
1908	1993	1905
1908	1930	1993
1930	1932	1993
1930	1918	1932
1918	1914	1932
1930	1764	1918
1930	1908	1764
1908	1735	1764
1735	1722	1764
1722	1745	1764
1722	1687	1745
1687	1702	1745
1702	1700	1745
1702	1573	1700
1573	1704	1700
1704	1844	1700
1704	1710	1844
1573	1566	1704
1702	1647	1573
1702	1687	1647
1687	1722	1647
1722	1657	1647
1722	1735	1657
1735	1671	1657
1558	1552	1550
1371	1472	1518
1373	1378	1442
1442	1383	1373
1375	1448	1435
1448	1478	1435
1478	1499	1435
1478	1488	1499
1478	1448	1488
1377	1415	1441
1441	1404	1377
1415	1504	1441
1504	1601	1441
1601	1580	1441
1601	1665	1580
1665	1690	1580
1690	1655	1580
1690	1818	1655
1818	1642	1655
1690	1751	1818
1751	1903	1818
1903	1896	1818
1896	1817	1818
1896	1976	1817
1896	1982	1976
1982	2071	1976
2071	1963	1976
2071	2119	1963
2119	1894	1963
2119	1967	1894
1967	1855	1894
1855	1772	1894
1772	1797	1894
1772	1625	1797
1855	1789	1772
1855	1845	1789
1855	1967	1845
1982	2197	2071
1982	2121	2197
2121	2279	2197
2279	2267	2197
2121	2258	2279
2258	2330	2279
2330	2411	2279
2330	2398	2411
2398	2464	2411
2464	2465	2411
2464	2513	2465
2464	2585	2513
2464	2583	2585
2583	2618	2585
2583	2649	2618
2464	2398	2583
1751	1906	1903
1690	1665	1751
1665	1709	1751
1665	1601	1709
1601	1624	1709
1382	1400	1508
1384	1440	1531
1389	1481	1431
1481	1563	1431
1392	1414	1454
1454	1461	1392
1396	1427	1530
1427	1576	1530
1576	1607	1530
1607	1493	1530
1576	1706	1607
1576	1586	1706
1586	1588	1706
1416	1539	1468
1539	1523	1468
1416	1501	1539
1422	1485	1467
1485	1587	1467
1485	1616	1587
1616	1643	1587
1424	1526	1453
1433	1451	1522
1522	1472	1433
1437	1535	1513
1437	1523	1535
1535	1626	1513
1626	1508	1513
1513	1400	1437
1465	1583	1543
1466	1613	1491
1476	1570	1555
1492	1541	1540
1541	1630	1540
1541	1754	1630
1497	1614	1637
1498	1629	1538
1503	1612	1510
1511	1618	1667
1514	1575	1707
1575	1674	1707
1674	1827	1707
1827	1851	1707
1851	1738	1707
1738	1602	1707
1602	1514	1707
1738	1613	1602
1575	1548	1674
1520	1605	1660
1521	1594	1627
1594	1599	1627
1599	1784	1627
1599	1622	1784
1627	1561	1521
1542	1691	1564
1691	1678	1564
1691	1824	1678
1542	1491	1691
1547	1568	1639
1568	1774	1639
1547	1401	1568
1551	1604	1701
1604	1760	1701
1553	1662	1679
1577	1595	1716
1595	1757	1716
1757	1849	1716
1595	1659	1757
1659	1688	1757
1584	1633	1698
1633	1744	1698
1744	1753	1698
1753	1779	1698
1779	1750	1698
1750	1584	1698
1779	1947	1750
1947	1941	1750
1941	1925	1750
1941	1974	1925
1941	2073	1974
2073	2087	1974
2087	2021	1974
2021	1937	1974
2073	2110	2087
2110	2256	2087
2110	2276	2256
2276	2370	2256
2370	2252	2256
2370	2297	2252
2370	2448	2297
2448	2449	2297
2449	2418	2297
2418	2328	2297
2449	2615	2418
2615	2490	2418
2449	2607	2615
2607	2768	2615
2607	2755	2768
2755	2834	2768
2834	2795	2768
2834	2949	2795
2949	2854	2795
2854	2743	2795
2854	2770	2743
2949	2921	2854
2449	2448	2607
2276	2414	2370
2414	2511	2370
2276	2320	2414
1941	1947	2073
1779	1949	1947
1779	1899	1949
1899	2084	1949
1779	1753	1899
1753	1744	1899
1591	1676	1640
1676	1811	1640
1676	1862	1811
1591	1611	1676
1608	1703	1733
1733	1755	1608
1733	1933	1755
1933	1874	1755
1874	1730	1755
1874	1830	1730
1874	1957	1830
1874	2034	1957
1874	1958	2034
1958	2160	2034
1958	1994	2160
1994	2010	2160
2010	2206	2160
2206	2204	2160
2204	2290	2160
2206	2355	2204
2010	2157	2206
2010	2001	2157
2001	2069	2157
2069	2282	2157
2282	2309	2157
2282	2386	2309
2386	2450	2309
2450	2355	2309
2450	2539	2355
2386	2447	2450
2069	2072	2282
2072	2304	2282
2072	2113	2304
2072	2049	2113
2069	2008	2072
2069	2001	2008
2001	1873	2008
2001	1842	1873
1842	1826	1873
1842	1703	1826
1703	1785	1826
1785	1793	1826
1842	1733	1703
2001	1994	1842
1994	1933	1842
1994	1958	1933
1958	1874	1933
2001	2010	1994
1617	1619	1653
1623	1677	1689
1689	1685	1623
1689	1737	1685
1737	1783	1685
1783	1747	1685
1689	1677	1737
1634	1641	1758
1634	1572	1641
1635	1723	1648
1723	1731	1648
1731	1638	1648
1636	1765	1695
1765	1803	1695
1803	1682	1695
1636	1743	1765
1743	1929	1765
1743	1911	1929
1636	1637	1743
1651	1756	1656
1652	1654	1712
1663	1697	1732
1670	1768	1801
1801	1692	1670
1673	1780	1739
1739	1728	1673
1739	1780	1728
1780	1820	1728
1684	1786	1775
1699	1828	1839
1828	1945	1839
1945	1912	1839
1717	1719	1766
1718	1759	1841
1759	1881	1841
1881	1856	1841
1881	1900	1856
1759	1857	1881
1857	1892	1881
1857	2017	1892
1721	1773	1771
1773	1895	1771
1895	1875	1771
1773	1917	1895
1917	2104	1895
1736	1794	1821
1746	1890	1888
1749	1858	1832
1858	1872	1832
1858	1985	1872
1985	2040	1872
1985	2060	2040
2060	2234	2040
2234	2213	2040
2234	2298	2213
2234	2311	2298
1777	1809	1868
1809	1869	1868
1869	1931	1868
1869	2025	1931
2025	1965	1931
1965	1887	1931
1869	1944	2025
1869	1871	1944
1871	1998	1944
1787	1852	1815
1852	1926	1815
1926	1795	1815
1795	1787	1815
1796	1879	1819
1799	1882	1921
1882	2030	1921
2030	2078	1921
1882	1999	2030
1848	1956	2053
1853	2003	1990
1861	1863	1961
1863	1951	1961
1863	1934	1951
1867	1943	1915
1867	1888	1943
1943	2052	1915
2052	1986	1915
1986	1942	1915
1986	2067	1942
1986	2112	2067
2112	2142	2067
2142	2186	2067
2186	2162	2067
2162	2044	2067
2162	2172	2044
2162	2195	2172
2162	2186	2195
2112	2135	2142
2112	1986	2135
1986	2107	2135
2107	2196	2135
2107	2205	2196
2205	2272	2196
2107	2052	2205
2052	2118	2205
2052	1943	2118
2107	1986	2052
1876	1910	1897
1910	1969	1897
1969	1989	1897
1910	1970	1969
1970	2115	1969
1970	2005	2115
2005	2055	2115
2055	2211	2115
2055	2202	2211
2055	2014	2202
1910	1821	1970
1910	1876	1821
1889	1913	2032
1913	2056	2032
2056	2137	2032
2137	2150	2032
2032	2038	1889
2038	2004	1889
2038	2079	2004
1901	1962	1981
1920	2000	2124
2000	2022	2124
2022	2164	2124
2164	2138	2124
2138	2101	2124
2101	1920	2124
2101	2098	1920
2164	2344	2138
2344	2281	2138
2344	2358	2281
2164	2241	2344
2022	2041	2164
1948	2155	2076
2155	2131	2076
2131	2061	2076
2155	2248	2131
2155	2182	2248
2182	2295	2248
2182	2291	2295
2155	1948	2182
1953	1972	1978
1972	2081	1978
2081	1984	1978
1973	2039	2083
1973	2024	2039
2024	2080	2039
2080	2083	2039
2080	2232	2083
2080	2114	2232
2080	2024	2114
2024	2111	2114
1975	2106	1995
2106	2128	1995
2128	2154	1995
2128	2198	2154
2198	2266	2154
2266	2171	2154
2128	2106	2198
1977	2146	2134
1988	2002	2089
2002	2168	2089
2168	2108	2089
2002	2063	2168
1996	2166	2109
2006	2097	2068
2097	2149	2068
2149	2133	2068
2133	2070	2068
2133	2094	2070
2133	2117	2094
2117	2201	2094
2201	2194	2094
2201	2236	2194
2236	2207	2194
2207	2090	2194
2236	2246	2207
2236	2269	2246
2236	2429	2269
2429	2312	2269
2429	2477	2312
2477	2365	2312
2365	2159	2312
2236	2389	2429
2389	2439	2429
2236	2254	2389
2254	2315	2389
2236	2201	2254
2097	2249	2149
2249	2292	2149
2292	2313	2149
2313	2315	2149
2292	2404	2313
2404	2482	2313
2404	2466	2482
2466	2568	2482
2404	2407	2466
2404	2292	2407
2292	2223	2407
2292	2249	2223
2009	2027	2120
2011	2036	2176
2176	2177	2011
2028	2127	2148
2127	2283	2148
2127	2293	2283
2293	2348	2283
2348	2352	2283
2352	2345	2283
2127	2175	2293
2037	2045	2255
2045	2102	2255
2102	2284	2255
2284	2395	2255
2395	2301	2255
2301	2258	2255
2395	2471	2301
2395	2533	2471
2395	2347	2533
2395	2284	2347
2284	2325	2347
2284	2102	2325
2102	2277	2325
2045	2058	2102
2057	2093	2238
2057	2053	2093
2053	2147	2093
2147	2257	2093
2257	2238	2093
2082	2173	2096
2173	2247	2096
2173	2369	2247
2369	2431	2247
2431	2242	2247
2431	2382	2242
2369	2483	2431
2173	2397	2369
2173	2268	2397
2268	2346	2397
2346	2462	2397
2346	2380	2462
2346	2354	2380
2354	2438	2380
2346	2268	2354
2085	2191	2092
2099	2214	2122
2129	2244	2216
2129	2222	2244
2130	2145	2233
2141	2161	2224
2224	2322	2141
2322	2183	2141
2322	2303	2183
2322	2364	2303
2364	2326	2303
2364	2421	2326
2364	2426	2421
2426	2611	2421
2611	2574	2421
2574	2551	2421
2574	2578	2551
2578	2527	2551
2574	2754	2578
2754	2790	2578
2790	2688	2578
2754	2818	2790
2818	2864	2790
2864	2940	2790
2940	2877	2790
2754	2717	2818
2754	2574	2717
2574	2611	2717
2611	2626	2717
2611	2426	2626
2426	2595	2626
2426	2556	2595
2426	2408	2556
2408	2417	2556
2417	2614	2556
2417	2423	2614
2423	2500	2614
2500	2685	2614
2685	2699	2614
2699	2751	2614
2699	2881	2751
2881	2827	2751
2881	2888	2827
2888	2874	2827
2881	3047	2888
3047	3124	2888
3124	3080	2888
3124	3120	3080
3124	3251	3120
2881	3003	3047
3003	3091	3047
3091	3123	3047
2881	2916	3003
2916	2925	3003
2916	2908	2925
2908	2968	2925
2916	2721	2908
2916	2699	2721
2699	2685	2721
2685	2500	2721
2500	2494	2721
2500	2403	2494
2403	2498	2494
2403	2427	2498
2403	2340	2427
2403	2227	2340
2500	2452	2403
2500	2423	2452
2916	2881	2699
2417	2360	2423
2426	2364	2408
2364	2322	2408
2322	2270	2408
2322	2224	2270
2224	2203	2270
2203	2218	2270
2203	2200	2218
2200	2360	2218
2224	2161	2203
2163	2229	2239
2165	2323	2329
2323	2510	2329
2323	2525	2510
2525	2528	2510
2525	2684	2528
2525	2612	2684
2525	2526	2612
2526	2484	2612
2484	2493	2612
2484	2456	2493
2456	2416	2493
2416	2507	2493
2507	2740	2493
2416	2460	2507
2460	2534	2507
2460	2486	2534
2486	2650	2534
2650	2753	2534
2650	2686	2753
2686	2788	2753
2788	2859	2753
2788	2954	2859
2788	2716	2954
2716	2928	2954
2928	2955	2954
2955	3069	2954
3069	3074	2954
3069	3199	3074
3199	3262	3074
3262	3127	3074
3127	3044	3074
3127	3102	3044
3102	2856	3044
3127	3217	3102
3217	3071	3102
3199	3286	3262
3286	3304	3262
3199	3281	3286
3069	3070	3199
3069	2955	3070
2716	2712	2928
2716	2682	2712
2716	2576	2682
2788	2686	2716
2460	2441	2486
2441	2458	2486
2441	2391	2458
2391	2402	2458
2391	2259	2402
2259	2377	2402
2460	2383	2441
2460	2416	2383
2456	2319	2416
2319	2235	2416
2456	2484	2319
2484	2323	2319
2484	2526	2323
2526	2525	2323
2180	2184	2189
2184	2238	2189
2180	1998	2184
2228	2310	2287
2230	2237	2342
2237	2334	2342
2334	2496	2342
2334	2545	2496
2545	2548	2496
2342	2316	2230
2240	2401	2399
2401	2455	2399
2401	2492	2455
2492	2580	2455
2492	2491	2580
2491	2531	2580
2531	2732	2580
2732	2762	2580
2762	2629	2580
2762	2789	2629
2762	2773	2789
2762	2732	2773
2732	2746	2773
2732	2734	2746
2732	2531	2734
2492	2479	2491
2492	2401	2479
2264	2480	2387
2480	2478	2387
2478	2390	2387
2271	2302	2275
2273	2362	2353
2286	2409	2288
2409	2294	2288
2409	2336	2294
2409	2474	2336
2474	2410	2336
2410	2379	2336
2410	2424	2379
2424	2453	2379
2453	2396	2379
2453	2476	2396
2476	2422	2396
2453	2547	2476
2409	2520	2474
2520	2570	2474
2570	2562	2474
2570	2638	2562
2570	2666	2638
2296	2317	2337
2317	2359	2337
2324	2392	2489
2331	2566	2470
2566	2640	2470
2640	2593	2470
2640	2749	2593
2749	2750	2593
2750	2741	2593
2750	2922	2741
2640	2718	2749
2640	2658	2718
2640	2566	2658
2332	2497	2446
2332	2485	2497
2332	2260	2485
2349	2487	2442
2350	2454	2420
2454	2504	2420
2454	2569	2504
2569	2645	2504
2645	2644	2504
2644	2509	2504
2644	2586	2509
2586	2502	2509
2644	2665	2586
2665	2617	2586
2665	2696	2617
2665	2727	2696
2665	2687	2727
2665	2644	2687
2644	2645	2687
2569	2672	2645
2350	2413	2454
2356	2366	2459
2368	2425	2475
2425	2506	2475
2425	2550	2506
2550	2673	2506
2673	2652	2506
2372	2467	2561
2385	2388	2516
2419	2461	2536
2536	2514	2419
2461	2530	2536
2430	2503	2523
2430	2422	2503
2422	2544	2503
2544	2581	2503
2581	2523	2503
2488	2594	2540
2594	2651	2540
2651	2610	2540
2488	2490	2594
2508	2519	2647
2519	2637	2647
2637	2691	2647
2519	2539	2637
2647	2624	2508
2512	2602	2655
2512	2592	2602
2602	2676	2655
2676	2695	2655
2695	2700	2655
2695	2810	2700
2695	2676	2810
2521	2628	2598
2628	2668	2598
2668	2659	2598
2659	2529	2598
2659	2675	2529
2535	2560	2708
2535	2477	2560
2542	2597	2563
2597	2653	2563
2597	2781	2653
2597	2791	2781
2549	2680	2661
2554	2664	2631
2664	2726	2631
2557	2643	2584
2559	2579	2604
2564	2609	2679
2564	2462	2609
2609	2660	2679
2567	2662	2706
2572	2703	2808
2703	2858	2808
2858	2951	2808
2951	2798	2808
2798	2572	2808
2798	2568	2572
2798	2707	2568
2798	2822	2707
2798	2951	2822
2951	2863	2822
2951	3037	2863
3037	2861	2863
3037	2981	2861
3037	3179	2981
3179	3061	2981
3179	3198	3061
3179	3227	3198
3179	3180	3227
3180	3282	3227
3282	3340	3227
3282	3339	3340
3282	3180	3339
3180	3231	3339
3231	3401	3339
3401	3438	3339
3401	3408	3438
3408	3514	3438
3401	3226	3408
3401	3219	3226
3401	3231	3219
3231	3193	3219
3231	3180	3193
3180	3068	3193
3180	3037	3068
3037	2951	3068
2951	3002	3068
2951	2858	3002
2858	2915	3002
3180	3179	3037
2573	2669	2636
2669	2714	2636
2714	2690	2636
2690	2672	2636
2690	2714	2672
2573	2656	2669
2587	2723	2724
2590	2642	2654
2654	2632	2590
2601	2711	2735
2711	2923	2735
2923	2893	2735
2893	2702	2735
2893	2927	2702
2927	2709	2702
2893	3049	2927
2893	2923	3049
2923	3011	3049
3011	3073	3049
3073	3274	3049
3274	3230	3049
3230	3160	3049
3011	2905	3073
2905	2956	3073
2956	3071	3073
3071	3241	3073
3071	3234	3241
2956	2833	3071
2956	2794	2833
2794	2748	2833
2748	2740	2833
2740	2797	2833
2797	2847	2833
2847	2856	2833
2847	2826	2856
2847	2797	2826
2748	2612	2740
2956	2905	2794
2905	2830	2794
2830	2776	2794
2830	2923	2776
2923	2711	2776
2711	2684	2776
2830	2905	2923
2905	3011	2923
2606	2633	2698
2633	2747	2698
2608	2729	2620
2608	2733	2729
2733	2829	2729
2829	2825	2729
2829	2946	2825
2946	2929	2825
2929	2891	2825
2929	2961	2891
2929	2946	2961
2946	3007	2961
3007	3064	2961
2946	2942	3007
2942	2953	3007
2942	2884	2953
2942	2829	2884
2829	2733	2884
2942	2946	2829
2613	2730	2761
2616	2760	2739
2760	2917	2739
2623	2787	2813
2787	2853	2813
2853	3008	2813
3008	2814	2813
2814	2730	2813
2730	2623	2813
3008	2972	2814
2853	2941	3008
2853	2787	2941
2787	2807	2941
2807	2963	2941
2627	2674	2843
2843	2769	2627
2769	2723	2627
2843	2979	2769
2979	2939	2769
2979	2965	2939
2979	3025	2965
2979	2992	3025
2992	3038	3025
2992	3012	3038
2979	2843	2992
2630	2635	2757
2648	2886	2802
2886	2914	2802
2914	2945	2802
2945	2736	2802
2914	2971	2945
2914	2964	2971
2964	3108	2971
2914	2886	2964
2667	2839	2793
2839	2821	2793
2678	2866	2878
2678	2828	2866
2681	2738	2766
2681	2706	2738
2693	2763	2756
2756	2547	2693
2756	2544	2547
2756	2719	2544
2756	2969	2719
2694	2792	2820
2710	2857	2720
2857	2784	2720
2857	2883	2784
2883	2935	2784
2883	3057	2935
2857	2849	2883
2857	2710	2849
2737	2852	2835
2852	2991	2835
2991	2944	2835
2991	3144	2944
3144	3056	2944
2991	3126	3144
3126	3182	3144
2991	2983	3126
2991	2852	2983
2852	2898	2983
2898	2910	2983
2758	2871	2824
2824	2782	2758
2871	2899	2824
2759	2918	2805
2759	2897	2918
2897	2986	2918
2765	2887	2931
2887	3001	2931
3001	3053	2931
3053	2982	2931
2887	2998	3001
2887	2875	2998
2767	3023	3024
3023	3109	3024
3109	3158	3024
3109	3147	3158
3147	3175	3158
3147	3288	3175
3288	3269	3175
3147	3171	3288
3171	3232	3288
3232	3272	3288
3147	3109	3171
3109	3023	3171
2779	2796	2900
2796	2976	2900
2976	3046	2900
2796	2977	2976
2796	2806	2977
2799	2889	2817
2800	2903	2867
2809	2850	2869
2850	2972	2869
2972	2970	2869
2809	2761	2850
2809	2764	2761
2816	2937	2862
2862	2680	2816
2862	2799	2680
2937	2958	2862
2937	3052	2958
3052	3087	2958
3052	3213	3087
3213	3141	3087
3213	3233	3141
3213	3261	3233
3261	3290	3233
3290	3200	3233
3290	3375	3200
3375	3271	3200
3290	3467	3375
3467	3541	3375
3467	3609	3541
3609	3600	3541
3600	3611	3541
3261	3309	3290
2937	2845	3052
2823	2936	2868
2936	2974	2868
2974	2919	2868
2832	2846	2904
2904	2913	2832
2904	2987	2913
2846	2952	2904
2841	2924	3058
2841	2724	2924
2724	2926	2924
3058	3041	2841
3041	2792	2841
2792	2778	2841
3058	3103	3041
3103	3079	3041
3103	3257	3079
3257	3162	3079
3162	3029	3079
3162	3092	3029
3092	2962	3029
3092	3098	2962
3098	3034	2962
3098	3185	3034
3092	3186	3098
3092	3162	3186
3103	3181	3257
3103	3058	3181
2855	3016	2865
3016	2895	2865
2882	2957	2912
2882	2920	2957
2885	2997	2938
2902	2934	3009
2906	2984	3004
2984	3107	3004
3107	3042	3004
2984	3072	3107
3072	3117	3107
2984	3050	3072
2984	2907	3050
2943	3036	2960
2966	3033	3048
3033	3128	3048
3033	3153	3128
3033	3018	3153
2967	3083	3086
2988	3214	3015
3214	3205	3015
3214	3258	3205
3214	3350	3258
3350	3373	3258
2988	3142	3214
2996	3054	3089
3089	3111	2996
3000	3075	3021
3021	2915	3000
2915	2789	3000
3006	3101	3122
3122	3106	3006
3106	3065	3006
3106	3208	3065
3106	3122	3208
3101	3280	3122
3280	3349	3122
3280	3369	3349
3280	3397	3369
3397	3471	3369
3280	3275	3397
3280	3101	3275
3013	3110	3028
3110	3085	3028
3019	3188	3125
3125	3066	3019
3125	3143	3066
3143	3129	3066
3129	3020	3066
3129	3112	3020
3129	3140	3112
3188	3202	3125
3188	3163	3202
3163	3172	3202
3163	3139	3172
3139	3149	3172
3139	3100	3149
3031	3105	3192
3192	3249	3031
3192	3244	3249
3055	3113	3195
3059	3157	3178
3060	3206	3136
3063	3169	3204
3169	3263	3204
3263	3311	3204
3311	3252	3204
3252	3215	3204
3215	2987	3204
3215	3121	2987
3215	3239	3121
3239	3161	3121
3239	3331	3161
3331	3190	3161
3215	3252	3239
3252	3311	3239
3263	3428	3311
3263	3336	3428
3169	3111	3263
3077	3256	3116
3077	3093	3256
3084	3318	3170
3318	3218	3170
3084	3320	3318
3095	3167	3146
3167	3164	3146
3164	3142	3146
3115	3154	3312
3312	3276	3115
3312	3490	3276
3490	3522	3276
3522	3332	3276
3522	3531	3332
3490	3637	3522
3490	3503	3637
3503	3655	3637
3655	3833	3637
3833	3805	3637
3805	3719	3637
3833	3876	3805
3833	3925	3876
3490	3423	3503
3423	3439	3503
3423	3342	3439
3423	3312	3342
3423	3490	3312
3130	3177	3156
3177	3243	3156
3131	3314	3253
3131	3201	3314
3201	3347	3314
3347	3389	3314
3389	3395	3314
3201	3332	3347
3133	3238	3209
3133	3159	3238
3134	3148	3300
3148	3323	3300
3323	3348	3300
3323	3358	3348
3137	3168	3138
3151	3166	3211
3155	3184	3220
3174	3299	3306
3306	3273	3174
3197	3254	3268
3254	3285	3268
3285	3382	3268
3285	3413	3382
3224	3248	3355
3240	3334	3242
3247	3384	3406
3259	3333	3328
3259	3308	3333
3308	3479	3333
3308	3307	3479
3307	3432	3479
3307	3359	3432
3333	3394	3328
3394	3341	3328
3341	3292	3328
3341	3367	3292
3341	3393	3367
3393	3380	3367
3341	3394	3393
3394	3459	3393
3260	3353	3330
3353	3379	3330
3260	3454	3353
3266	3338	3351
3338	3392	3351
3267	3404	3430
3284	3415	3445
3445	3345	3284
3445	3414	3345
3414	3420	3345
3414	3499	3420
3499	3537	3420
3537	3357	3420
3499	3597	3537
3597	3608	3537
3597	3689	3608
3499	3623	3597
3499	3582	3623
3582	3768	3623
3499	3525	3582
3525	3586	3582
3499	3445	3525
3499	3414	3445
3289	3365	3337
3365	3495	3337
3495	3411	3337
3495	3538	3411
3538	3599	3411
3599	3564	3411
3599	3673	3564
3365	3464	3495
3293	3329	3371
3302	3407	3398
3407	3425	3398
3425	3461	3398
3425	3566	3461
3566	3626	3461
3626	3477	3461
3310	3372	3450
3450	3419	3310
3372	3416	3450
3324	3457	3378
3326	3452	3356
3327	3455	3424
3352	3368	3484
3368	3390	3484
3390	3539	3484
3539	3634	3484
3634	3574	3484
3539	3614	3634
3539	3545	3614
3545	3662	3614
3539	3390	3545
3390	3395	3545
3364	3410	3460
3374	3507	3391
3507	3444	3391
3385	3426	3465
3426	3642	3465
3642	3648	3465
3648	3628	3465
3648	3764	3628
3648	3817	3764
3817	3837	3764
3837	3792	3764
3817	3897	3837
3897	3938	3837
3648	3664	3817
3664	3711	3817
3664	3642	3711
3664	3648	3642
3465	3440	3385
3386	3547	3548
3547	3639	3548
3639	3787	3548
3387	3485	3466
3485	3604	3466
3604	3536	3466
3604	3668	3536
3604	3780	3668
3604	3736	3780
3736	3786	3780
3786	3898	3780
3898	3905	3780
3736	3834	3786
3736	3636	3834
3736	3604	3636
3399	3512	3456
3512	3540	3456
3540	3517	3456
3540	3561	3517
3540	3670	3561
3403	3492	3487
3403	3340	3492
3487	3437	3403
3487	3523	3437
3417	3504	3442
3429	3588	3481
3429	3557	3588
3557	3598	3588
3598	3674	3588
3598	3656	3674
3656	3704	3674
3598	3557	3656
3557	3632	3656
3557	3546	3632
3546	3521	3632
3521	3617	3632
3521	3573	3617
3521	3469	3573
3521	3476	3469
3521	3429	3476
3521	3546	3429
3546	3557	3429
3434	3496	3533
3434	3331	3496
3331	3508	3496
3508	3649	3496
3649	3672	3496
3508	3577	3649
3508	3491	3577
3491	3515	3577
3446	3516	3483
3446	3528	3516
3448	3529	3489
3449	3618	3502
3618	3660	3502
3458	3594	3619
3594	3638	3619
3638	3652	3619
3638	3681	3652
3638	3594	3681
3462	3543	3678
3543	3692	3678
3692	3742	3678
3742	3727	3678
3742	3803	3727
3803	3858	3727
3858	3680	3727
3858	3872	3680
3872	3788	3680
3872	3958	3788
3692	3835	3742
3543	3553	3692
3553	3640	3692
3543	3494	3553
3468	3534	3620
3468	3519	3534
3519	3601	3534
3601	3620	3534
3601	3665	3620
3665	3698	3620
3665	3773	3698
3773	3894	3698
3665	3783	3773
3665	3657	3783
3665	3601	3657
3601	3519	3657
3519	3550	3657
3472	3551	3498
3551	3612	3498
3612	3640	3498
3612	3697	3640
3612	3715	3697
3715	3883	3697
3715	3930	3883
3930	3952	3883
3715	3776	3930
3612	3551	3715
3472	3348	3551
3480	3583	3505
3480	3625	3583
3497	3585	3511
3511	3336	3497
3585	3590	3511
3585	3706	3590
3518	3535	3592
3535	3683	3592
3683	3645	3592
3527	3542	3578
3552	3575	3741
3575	3671	3741
3671	3754	3741
3754	3762	3741
3762	3823	3741
3671	3740	3754
3671	3596	3740
3596	3669	3740
3669	3763	3740
3671	3575	3596
3575	3559	3596
3554	3693	3630
3555	3615	3641
3615	3770	3641
3555	3576	3615
3568	3721	3633
3570	3584	3622
3581	3607	3603
3603	3504	3581
3607	3699	3603
3699	3750	3603
3699	3816	3750
3591	3737	3616
3737	3677	3616
3737	3717	3677
3737	3807	3717
3807	3735	3717
3735	3708	3717
3735	3807	3708
3605	3761	3684
3761	3720	3684
3720	3653	3684
3720	3647	3653
3647	3523	3653
3720	3774	3647
3720	3839	3774
3621	3734	3723
3734	3822	3723
3734	3702	3822
3734	3621	3702
3624	3757	3732
3757	3811	3732
3811	3880	3732
3757	3798	3811
3757	3828	3798
3629	3726	3756
3654	3733	3767
3767	3690	3654
3658	3738	3752
3738	3806	3752
3806	3842	3752
3738	3866	3806
3866	3886	3806
3738	3753	3866
3686	3908	3696
3696	3578	3686
3688	3694	3712
3691	3749	3729
3691	3751	3749
3751	3841	3749
3841	3825	3749
3825	3729	3749
3841	3927	3825
3729	3716	3691
3729	3728	3716
3695	3779	3814
3695	3701	3779
3700	3796	3759
3796	3829	3759
3829	3775	3759
3700	3722	3796
3709	3821	3747
3821	3810	3747
3713	3855	3744
3744	3611	3713
3855	3845	3744
3855	3975	3845
3975	3897	3845
3975	4046	3897
3975	4070	4046
4070	4252	4046
4252	4195	4046
4252	4278	4195
4278	4246	4195
4246	4185	4195
4246	4301	4185
4301	4208	4185
4278	4406	4246
4252	4325	4278
4070	4242	4252
4242	4404	4252
3975	3855	4070
3855	4013	4070
3855	3900	4013
3900	3991	4013
3991	4140	4013
3900	3810	3991
3900	3791	3810
3900	3855	3791
3855	3713	3791
3731	3777	3819
3777	3943	3819
3943	3931	3819
3943	3963	3931
3943	4035	3963
4035	4055	3963
4035	4180	4055
4180	4142	4055
4180	4220	4142
4220	4150	4142
4220	4196	4150
4196	4169	4150
4169	4029	4150
4196	4286	4169
4286	4197	4169
4286	4341	4197
4286	4351	4341
4286	4354	4351
4286	4220	4354
4220	4180	4354
4180	4234	4354
4234	4418	4354
4418	4439	4354
4418	4454	4439
4418	4353	4454
4418	4234	4353
4234	4280	4353
4280	4330	4353
4234	4230	4280
4230	4189	4280
4234	4180	4230
4180	4080	4230
4286	4196	4220
3731	3706	3777
3743	3887	3778
3766	3836	3784
3766	3813	3836
3813	3893	3836
3893	3920	3836
3893	3917	3920
3917	3978	3920
3978	4041	3920
4041	4025	3920
4041	4175	4025
4041	4139	4175
4139	4270	4175
4270	4201	4175
4139	4166	4270
4166	4276	4270
4276	4331	4270
4276	4268	4331
4268	4362	4331
4362	4467	4331
4362	4456	4467
4456	4556	4467
4556	4548	4467
4556	4605	4548
4605	4592	4548
4592	4517	4548
4592	4585	4517
4585	4507	4517
4507	4462	4517
4507	4440	4462
4440	4423	4462
4423	4410	4462
4423	4359	4410
4423	4346	4359
4346	4335	4359
4346	4288	4335
4288	4219	4335
4219	4201	4335
4423	4440	4346
4440	4460	4346
4440	4507	4460
4507	4531	4460
4531	4566	4460
4566	4539	4460
4566	4601	4539
4566	4622	4601
4622	4684	4601
4622	4701	4684
4701	4758	4684
4758	4702	4684
4702	4693	4684
4702	4813	4693
4702	4797	4813
4797	4879	4813
4797	4837	4879
4837	4878	4879
4878	4952	4879
4952	4943	4879
4943	4926	4879
4943	4955	4926
4955	4948	4926
4948	4906	4926
4948	4899	4906
4899	4852	4906
4852	4818	4906
4899	4886	4852
4899	4948	4886
4948	4983	4886
4983	4919	4886
4983	4999	4919
4999	4978	4919
4999	5037	4978
5037	5062	4978
5062	4975	4978
4975	4965	4978
4975	4912	4965
4975	5018	4912
4975	5062	5018
5062	5076	5018
5076	5075	5018
5075	5063	5018
5063	5034	5018
5063	5060	5034
5063	5084	5060
5084	5077	5060
5077	5079	5060
5079	5052	5060
5052	5005	5060
5052	5013	5005
5013	4982	5005
5013	4990	4982
4990	4925	4982
5013	5035	4990
5035	5051	4990
5051	5038	4990
5038	4970	4990
4970	4940	4990
4970	4942	4940
4942	4882	4940
4942	4850	4882
4850	4851	4882
4850	4828	4851
4850	4858	4828
4858	4803	4828
4858	4778	4803
4778	4691	4803
4778	4722	4691
4722	4643	4691
4643	4604	4691
4778	4786	4722
4786	4707	4722
4786	4744	4707
4744	4618	4707
4618	4606	4707
4606	4610	4707
4606	4586	4610
4606	4572	4586
4606	4618	4572
4618	4634	4572
4618	4698	4634
4618	4744	4698
4744	4815	4698
4744	4843	4815
4843	4865	4815
4865	4845	4815
4865	4888	4845
4888	4895	4845
4888	4960	4895
4960	4928	4895
4928	4944	4895
4944	4891	4895
4944	4913	4891
4913	4857	4891
4913	4877	4857
4944	4966	4913
4966	4992	4913
4966	4976	4992
4976	5017	4992
4976	5039	5017
5039	5026	5017
5039	5080	5026
5080	5043	5026
5080	5102	5043
5102	5119	5043
5119	5047	5043
5119	5104	5047
5104	5044	5047
5104	5045	5044
5045	5021	5044
5021	4967	5044
5021	4958	4967
5021	5022	4958
5022	4949	4958
4949	4889	4958
4949	4946	4889
4949	5006	4946
5006	4931	4946
5006	4974	4931
4974	4937	4931
4937	4922	4931
4922	4838	4931
4922	4910	4838
4910	4854	4838
4910	4901	4854
4901	4840	4854
4901	4864	4840
4864	4822	4840
4822	4785	4840
4864	4781	4822
4864	4824	4781
4824	4772	4781
4772	4682	4781
4682	4697	4781
4772	4705	4682
4772	4770	4705
4770	4736	4705
4736	4674	4705
4674	4664	4705
4674	4570	4664
4736	4751	4674
4751	4725	4674
4736	4816	4751
4816	4814	4751
4816	4909	4814
4909	4841	4814
4841	4829	4814
4841	4780	4829
4841	4880	4780
4880	4808	4780
4808	4748	4780
4748	4730	4780
4730	4725	4780
4730	4689	4725
4730	4635	4689
4730	4732	4635
4732	4661	4635
4661	4638	4635
4638	4543	4635
4543	4541	4635
4638	4535	4543
4638	4571	4535
4571	4563	4535
4571	4653	4563
4653	4669	4563
4669	4667	4563
4669	4721	4667
4721	4745	4667
4745	4660	4667
4745	4750	4660
4750	4663	4660
4663	4620	4660
4663	4616	4620
4663	4699	4616
4699	4627	4616
4627	4544	4616
4544	4530	4616
4530	4533	4616
4544	4545	4530
4544	4627	4545
4627	4590	4545
4590	4519	4545
4590	4526	4519
4590	4583	4526
4583	4551	4526
4551	4527	4526
4551	4463	4527
4463	4434	4527
4463	4432	4434
4463	4470	4432
4470	4457	4432
4457	4344	4432
4457	4336	4344
4457	4403	4336
4457	4489	4403
4489	4492	4403
4492	4451	4403
4451	4364	4403
4451	4368	4364
4451	4413	4368
4413	4289	4368
4413	4348	4289
4413	4411	4348
4411	4363	4348
4363	4287	4348
4413	4481	4411
4413	4471	4481
4413	4451	4471
4451	4588	4471
4451	4492	4588
4492	4596	4588
4596	4611	4588
4596	4612	4611
4612	4685	4611
4685	4677	4611
4677	4636	4611
4677	4668	4636
4668	4629	4636
4629	4594	4636
4629	4632	4594
4632	4556	4594
4556	4524	4594
4556	4456	4524
4456	4468	4524
4456	4393	4468
4456	4372	4393
4372	4261	4393
4261	4266	4393
4261	4240	4266
4240	4181	4266
4181	4205	4266
4205	4287	4266
4205	4172	4287
4205	4133	4172
4205	4130	4133
4130	4031	4133
4031	4038	4133
4031	3973	4038
3973	3924	4038
4031	3988	3973
4031	3986	3988
4031	4129	3986
4031	4130	4129
4130	4205	4129
4205	4145	4129
4145	4125	4129
4145	4181	4125
4181	4240	4125
4145	4205	4181
4261	4268	4240
4268	4166	4240
4268	4276	4166
4261	4372	4268
4372	4362	4268
4372	4456	4362
4632	4605	4556
4632	4679	4605
4679	4628	4605
4628	4617	4605
4617	4592	4605
4617	4652	4592
4652	4631	4592
4631	4585	4592
4631	4639	4585
4639	4578	4585
4578	4531	4585
4531	4507	4585
4578	4566	4531
4578	4655	4566
4655	4622	4566
4655	4701	4622
4655	4727	4701
4727	4758	4701
4727	4801	4758
4801	4826	4758
4826	4797	4758
4797	4702	4758
4826	4837	4797
4826	4878	4837
4826	4801	4878
4801	4898	4878
4898	4893	4878
4893	4952	4878
4893	4996	4952
4996	5002	4952
5002	4994	4952
4994	4955	4952
4955	4943	4952
4994	5008	4955
5008	4948	4955
5008	5020	4948
5020	4983	4948
5020	5027	4983
5027	5023	4983
5023	4999	4983
5023	5037	4999
5023	5027	5037
5027	5054	5037
5054	5062	5037
5054	5082	5062
5082	5076	5062
5082	5123	5076
5123	5075	5076
5123	5088	5075
5088	5063	5075
5088	5084	5063
5088	5120	5084
5120	5124	5084
5124	5099	5084
5099	5077	5084
5099	5079	5077
5099	5106	5079
5106	5091	5079
5091	5052	5079
5091	5051	5052
5051	5035	5052
5035	5013	5052
5091	5107	5051
5107	5070	5051
5070	5038	5051
5070	5049	5038
5049	4970	5038
5049	4993	4970
4993	4942	4970
4993	4956	4942
4956	4858	4942
4858	4850	4942
4956	4887	4858
4887	4827	4858
4827	4778	4858
4827	4786	4778
4827	4844	4786
4844	4843	4786
4843	4744	4786
4844	4865	4843
4844	4897	4865
4897	4888	4865
4897	4924	4888
4924	4960	4888
4924	4963	4960
4963	4986	4960
4986	4979	4960
4979	4928	4960
4979	4944	4928
4979	4976	4944
4976	4966	4944
4979	5025	4976
5025	5039	4976
5025	5050	5039
5050	5080	5039
5050	5086	5080
5086	5102	5080
5086	5100	5102
5100	5109	5102
5109	5119	5102
5109	5134	5119
5134	5104	5119
5134	5112	5104
5112	5073	5104
5073	5045	5104
5073	5041	5045
5041	5022	5045
5022	5021	5045
5041	5014	5022
5014	4949	5022
5014	5006	4949
5014	5041	5006
5041	5030	5006
5030	4974	5006
5030	4995	4974
4995	4961	4974
4961	4937	4974
4961	4910	4937
4910	4922	4937
4961	4947	4910
4947	4901	4910
4947	4959	4901
4959	4969	4901
4969	4894	4901
4894	4873	4901
4873	4864	4901
4873	4824	4864
4873	4894	4824
4894	4868	4824
4868	4792	4824
4792	4772	4824
4792	4770	4772
4792	4736	4770
4792	4816	4736
4792	4868	4816
4868	4892	4816
4892	4909	4816
4892	4950	4909
4950	4923	4909
4923	4841	4909
4923	4880	4841
4923	4936	4880
4936	4907	4880
4907	4853	4880
4853	4808	4880
4853	4757	4808
4757	4753	4808
4753	4748	4808
4753	4732	4748
4732	4730	4748
4753	4694	4732
4694	4661	4732
4694	4638	4661
4694	4658	4638
4658	4571	4638
4658	4653	4571
4658	4718	4653
4718	4669	4653
4718	4721	4669
4718	4777	4721
4777	4796	4721
4796	4745	4721
4796	4821	4745
4821	4750	4745
4821	4769	4750
4769	4699	4750
4699	4663	4750
4769	4704	4699
4704	4627	4699
4769	4804	4704
4804	4768	4704
4768	4743	4704
4768	4775	4743
4775	4742	4743
4742	4690	4743
4742	4675	4690
4675	4651	4690
4651	4630	4690
4651	4626	4630
4626	4590	4630
4626	4583	4590
4626	4600	4583
4600	4584	4583
4584	4551	4583
4584	4518	4551
4518	4470	4551
4470	4463	4551
4584	4612	4518
4612	4596	4518
4596	4492	4518
4492	4489	4518
4584	4600	4612
4600	4651	4612
4651	4672	4612
4672	4685	4612
4672	4706	4685
4706	4735	4685
4735	4677	4685
4735	4717	4677
4717	4668	4677
4717	4688	4668
4688	4632	4668
4632	4629	4668
4688	4679	4632
4688	4741	4679
4741	4729	4679
4729	4652	4679
4652	4628	4679
4652	4617	4628
4729	4756	4652
4729	4767	4756
4729	4755	4767
4755	4856	4767
4856	4867	4767
4856	4883	4867
4883	4902	4867
4883	4945	4902
4945	4920	4902
4920	4903	4902
4920	4945	4903
4945	4898	4903
4898	4801	4903
4801	4798	4903
4801	4782	4798
4801	4727	4782
4945	4996	4898
4996	4893	4898
4945	4997	4996
4997	5019	4996
5019	5002	4996
5019	5008	5002
5008	4994	5002
5019	5020	5008
5019	5066	5020
5066	5027	5020
5066	5082	5027
5082	5054	5027
5066	5083	5082
5083	5092	5082
5092	5127	5082
5127	5123	5082
5127	5131	5123
5131	5120	5123
5120	5088	5123
5131	5124	5120
5131	5152	5124
5152	5138	5124
5138	5132	5124
5132	5099	5124
5132	5106	5099
5132	5135	5106
5135	5091	5106
5135	5107	5091
5132	5138	5135
5138	5155	5135
5138	5162	5155
5162	5160	5155
5162	5157	5160
5157	5159	5160
5159	5163	5160
5159	5156	5163
5156	5161	5163
5161	5167	5163
5161	5144	5167
5144	5147	5167
5147	5165	5167
5165	5168	5167
5165	5166	5168
5166	5164	5168
5166	5149	5164
5149	5145	5164
5145	5142	5164
5145	5128	5142
5128	5137	5142
5137	5143	5142
5137	5128	5143
5128	5108	5143
5128	5145	5108
5145	5094	5108
5094	5087	5108
5087	5048	5108
5048	5049	5108
5048	4993	5049
5048	5009	4993
5009	4956	4993
5009	4964	4956
4964	4887	4956
4964	4897	4887
4897	4827	4887
4897	4844	4827
4964	4963	4897
4963	4924	4897
4964	5003	4963
5003	4986	4963
5003	5029	4986
5029	5055	4986
5055	5004	4986
5004	4979	4986
5004	5025	4979
5004	5055	5025
5055	5050	5025
5055	5086	5050
5055	5090	5086
5090	5100	5086
5090	5125	5100
5125	5109	5100
5125	5134	5109
5125	5158	5134
5158	5148	5134
5148	5122	5134
5122	5112	5134
5122	5105	5112
5105	5093	5112
5093	5073	5112
5093	5030	5073
5030	5041	5073
5093	5065	5030
5065	5028	5030
5028	4995	5030
5028	4988	4995
4988	4961	4995
4988	4947	4961
4988	4959	4947
4988	5032	4959
5032	4969	4959
5032	5057	4969
5032	5065	5057
5065	5110	5057
5110	5089	5057
5089	5059	5057
5089	5081	5059
5081	5036	5059
5036	5011	5059
5011	5001	5059
5001	4969	5059
5001	4973	4969
4973	4894	4969
4973	4981	4894
4981	4932	4894
4932	4868	4894
4932	4892	4868
4932	4935	4892
4935	4950	4892
4935	4989	4950
4989	5007	4950
5007	4923	4950
5007	4936	4923
5007	4968	4936
4968	4921	4936
4921	4907	4936
4921	4866	4907
4866	4853	4907
4866	4812	4853
4812	4765	4853
4765	4757	4853
4765	4718	4757
4718	4658	4757
4658	4694	4757
4694	4753	4757
4765	4777	4718
4765	4812	4777
4812	4796	4777
4812	4872	4796
4872	4834	4796
4834	4821	4796
4834	4839	4821
4839	4769	4821
4839	4804	4769
4839	4855	4804
4855	4859	4804
4855	4876	4859
4876	4884	4859
4884	4860	4859
4884	4918	4860
4918	4883	4860
4883	4861	4860
4861	4832	4860
4861	4856	4832
4856	4755	4832
4755	4791	4832
4755	4741	4791
4741	4733	4791
4733	4761	4791
4761	4760	4791
4760	4762	4791
4762	4775	4791
4762	4742	4775
4762	4760	4742
4760	4735	4742
4735	4706	4742
4706	4675	4742
4706	4672	4675
4672	4651	4675
4760	4761	4735
4761	4717	4735
4761	4733	4717
4733	4688	4717
4733	4741	4688
4755	4729	4741
4861	4883	4856
4918	4945	4883
4918	4951	4945
4951	4997	4945
4951	4980	4997
4980	5024	4997
5024	5019	4997
5024	5066	5019
5024	5056	5066
5056	5083	5066
5056	5068	5083
5068	5092	5083
5068	5074	5092
5074	5103	5092
5103	5115	5092
5115	5127	5092
5115	5129	5127
5129	5146	5127
5146	5139	5127
5139	5131	5127
5139	5152	5131
5139	5146	5152
5146	5150	5152
5150	5162	5152
5162	5138	5152
5150	5151	5162
5151	5157	5162
5151	5159	5157
5151	5156	5159
5151	5126	5156
5126	5130	5156
5130	5161	5156
5130	5144	5161
5130	5116	5144
5116	5117	5144
5117	5111	5144
5111	5147	5144
5111	5101	5147
5101	5110	5147
5110	5154	5147
5154	5165	5147
5154	5166	5165
5154	5140	5166
5140	5141	5166
5140	5105	5141
5105	5122	5141
5122	5148	5141
5140	5065	5105
5065	5093	5105
5140	5110	5065
5140	5154	5110
5101	5089	5110
5101	5081	5089
5101	5111	5081
5111	5098	5081
5098	5036	5081
5098	5078	5036
5078	5007	5036
5007	4989	5036
4989	5011	5036
4989	4981	5011
4981	5001	5011
4981	4973	5001
4989	4932	4981
4989	4935	4932
5078	5058	5007
5058	5031	5007
5031	4968	5007
5031	4985	4968
4985	4921	4968
4985	4941	4921
4941	4927	4921
4927	4866	4921
4927	4872	4866
4872	4812	4866
4927	4934	4872
4934	4896	4872
4896	4834	4872
4896	4839	4834
4896	4870	4839
4870	4855	4839
4870	4900	4855
4900	4876	4855
4900	4914	4876
4914	4917	4876
4917	4916	4876
4916	4884	4876
4916	4918	4884
4916	4930	4918
4930	4951	4918
4930	4980	4951
4930	4977	4980
4977	5010	4980
5010	5024	4980
5010	5056	5024
5010	5033	5056
5033	5068	5056
5033	5053	5068
5053	5074	5068
5053	5046	5074
5046	5069	5074
5069	5103	5074
5069	5114	5103
5114	5136	5103
5136	5115	5103
5136	5129	5115
5136	5150	5129
5150	5146	5129
5136	5151	5150
5136	5114	5151
5114	5121	5151
5121	5126	5151
5121	5097	5126
5097	5118	5126
5118	5130	5126
5118	5116	5130
5118	5085	5116
5085	5078	5116
5078	5098	5116
5098	5117	5116
5098	5111	5117
5085	5058	5078
5085	5064	5058
5064	5031	5058
5064	5040	5031
5040	5016	5031
5016	4985	5031
5016	4998	4985
4998	4941	4985
4998	4972	4941
4972	4934	4941
4934	4927	4941
4972	4939	4934
4939	4896	4934
4939	4870	4896
4939	4900	4870
4939	4957	4900
4957	4914	4900
4957	4917	4914
4957	4984	4917
4984	4916	4917
4984	4977	4916
4977	4930	4916
4984	5010	4977
4984	5033	5010
4984	5015	5033
5015	5046	5033
5046	5053	5033
4984	4957	5015
4957	4939	5015
4998	5016	4972
5040	5042	5016
5040	5067	5042
5067	5069	5042
5069	5046	5042
5067	5114	5069
5067	5096	5114
5096	5121	5114
5096	5097	5121
5096	5064	5097
5064	5085	5097
5085	5118	5097
5096	5040	5064
5096	5067	5040
5032	5028	5065
5032	4988	5028
5125	5133	5158
5133	5149	5158
5133	5113	5149
5113	5145	5149
5113	5094	5145
5113	5095	5094
5095	5061	5094
5061	5072	5094
5072	5087	5094
5072	5048	5087
5072	5061	5048
5061	5009	5048
5061	5029	5009
5029	5003	5009
5003	4964	5009
5061	5095	5029
5095	5071	5029
5071	5055	5029
5071	5090	5055
5071	5125	5090
5071	5095	5125
5095	5113	5125
5113	5133	5125
4600	4626	4651
5070	5107	5049
4655	4639	4727
4655	4578	4639
4631	4652	4639
4139	4110	4166
3893	3813	3917
3785	3809	3916
3785	3683	3809
3683	3889	3809
3889	3916	3809
3889	4006	3916
4006	3966	3916
3889	3997	4006
3916	3804	3785
3799	3849	3939
3849	3998	3939
3849	3906	3998
3906	4056	3998
3906	3915	4056
3906	3804	3915
3906	3849	3804
3800	3934	3820
3808	4018	3851
4018	4024	3851
4024	3907	3851
4024	4076	3907
4076	4079	3907
4076	4232	4079
4232	4182	4079
4076	4164	4232
4164	4324	4232
4324	4377	4232
4377	4323	4232
4377	4380	4323
4377	4514	4380
4514	4560	4380
4560	4414	4380
4560	4538	4414
4514	4562	4560
4514	4521	4562
4521	4607	4562
4607	4671	4562
4607	4720	4671
4607	4747	4720
4514	4377	4521
4377	4473	4521
4377	4324	4473
4164	4197	4324
3808	3936	4018
3936	4029	4018
3815	3827	3962
3827	3981	3962
3962	3779	3815
3824	3914	3846
3914	3854	3846
3854	3879	3846
3854	3914	3879
3824	3848	3914
3848	3875	3914
3848	3960	3875
3826	3933	3888
3933	4052	3888
3826	3857	3933
3830	3874	3982
3982	3947	3830
3850	3878	3999
3999	3882	3850
3999	4045	3882
4045	3922	3882
3860	3921	3891
3861	3928	3871
3928	3956	3871
3928	4011	3956
3928	4019	4011
4019	4107	4011
4107	4124	4011
4107	4257	4124
4257	4173	4124
4257	4305	4173
4305	4247	4173
4305	4326	4247
4326	4258	4247
4326	4312	4258
4326	4343	4312
4343	4298	4312
4343	4303	4298
4343	4384	4303
4326	4436	4343
4326	4415	4436
4415	4513	4436
4513	4498	4436
4513	4523	4498
4415	4503	4513
4415	4402	4503
4415	4305	4402
4305	4327	4402
4327	4478	4402
4305	4257	4327
4415	4326	4305
3863	4043	3977
3977	3960	3863
3863	4039	4043
3865	4010	4083
4010	4151	4083
4151	4178	4083
4151	4174	4178
4174	4355	4178
4174	4378	4355
4378	4408	4355
4408	4273	4355
4408	4320	4273
4408	4387	4320
4378	4485	4408
4485	4505	4408
4485	4534	4505
4378	4394	4485
4378	4259	4394
4378	4174	4259
4174	4158	4259
4174	4151	4158
4151	4010	4158
4010	4084	4158
3870	3935	3940
3870	3945	3935
3940	3770	3870
3873	3957	3904
3877	3948	3912
3948	3910	3912
3895	3926	3971
3918	3994	3949
3994	4021	3949
3994	4104	4021
3994	4020	4104
3994	3918	4020
3918	3961	4020
3923	3976	3979
3976	4066	3979
3932	3980	3995
3980	4058	3995
3980	4016	4058
4016	4087	4058
3942	4050	4008
3944	4026	3969
4026	4063	3969
3950	4042	4082
3955	4001	4067
4001	4125	4067
3967	4004	4048
4048	3961	3967
3992	3993	4049
3992	4000	3993
4000	4049	3993
4000	4085	4049
4085	4264	4049
4264	4212	4049
4212	4114	4049
4114	3992	4049
4212	4191	4114
4264	4275	4212
4264	4300	4275
4264	4373	4300
4264	4321	4373
4321	4401	4373
4401	4495	4373
4495	4426	4373
4495	4529	4426
4529	4484	4426
4529	4549	4484
4529	4561	4549
4561	4593	4549
4401	4554	4495
4321	4332	4401
4332	4409	4401
4332	4328	4409
4332	4321	4328
4321	4198	4328
4198	4213	4328
4213	4245	4328
4213	4253	4245
4213	4222	4253
4222	4223	4253
4222	4227	4223
4222	4213	4227
4213	4198	4227
4198	4321	4227
4264	4193	4321
4264	4085	4193
4085	4137	4193
4085	4057	4137
4085	4000	4057
4000	3894	4057
4002	4115	4017
4115	4106	4017
4007	4009	4138
4012	4068	4051
4051	4047	4012
4047	3914	4012
4051	4078	4047
4078	4141	4047
4051	4068	4078
4034	4202	4036
4034	4100	4202
4100	4283	4202
4283	4224	4202
4283	4315	4224
4315	4297	4224
4283	4309	4315
4309	4358	4315
4309	4283	4358
4283	4360	4358
4053	4073	4136
4061	4074	4097
4074	4244	4097
4062	4119	4118
4062	4043	4119
4118	4068	4062
4075	4116	4101
4116	4210	4101
4116	4200	4210
4200	4319	4210
4116	4184	4200
4102	4167	4209
4167	4347	4209
4347	4307	4209
4307	4221	4209
4221	4102	4209
4221	4105	4102
4221	4249	4105
4221	4307	4249
4307	4285	4249
4307	4299	4285
4122	4265	4207
4265	4293	4207
4265	4333	4293
4122	4218	4265
4122	4106	4218
4128	4263	4271
4134	4272	4187
4272	4250	4187
4250	4140	4187
4272	4366	4250
4135	4155	4152
4155	4262	4152
4155	4171	4262
4146	4277	4163
4277	4311	4163
4147	4215	4216
4215	4241	4216
4215	4192	4241
4192	4194	4241
4215	4147	4192
4190	4251	4306
4228	4292	4294
4228	4238	4292
4238	4314	4292
4294	4260	4228
4237	4361	4239
4290	4337	4302
4290	4397	4337
4397	4389	4337
4317	4487	4350
4487	4516	4350
4487	4615	4516
4615	4642	4516
4642	4581	4516
4581	4553	4516
4581	4587	4553
4587	4579	4553
4579	4458	4553
4579	4528	4458
4528	4508	4458
4508	4365	4458
4508	4493	4365
4493	4464	4365
4464	4442	4365
4493	4604	4464
4493	4508	4604
4508	4528	4604
4587	4686	4579
4686	4723	4579
4587	4581	4686
4581	4642	4686
4642	4799	4686
4799	4805	4686
4799	4848	4805
4848	4882	4805
4642	4731	4799
4487	4559	4615
4318	4419	4500
4419	4511	4500
4500	4398	4318
4398	4263	4318
4263	4168	4318
4338	4396	4386
4396	4512	4386
4339	4407	4381
4381	4319	4339
4367	4482	4382
4482	4452	4382
4452	4416	4382
4452	4405	4416
4452	4575	4405
4452	4540	4575
4452	4482	4540
4482	4475	4540
4475	4501	4540
4475	4477	4501
4482	4367	4475
4371	4466	4469
4466	4537	4469
4537	4520	4469
4466	4557	4537
4383	4455	4420
4420	4399	4383
4455	4445	4420
4445	4558	4420
4428	4491	4447
4447	4361	4428
4474	4490	4525
4490	4532	4525
4525	4419	4474
4494	4547	4546
4546	4499	4494
4546	4645	4499
4645	4637	4499
4502	4536	4580
4536	4589	4580
4580	4598	4502
4504	4567	4569
4569	4522	4504
4569	4550	4522
4567	4650	4569
4555	4621	4603
4621	4619	4603
4555	4591	4621
4573	4724	4728
4728	4712	4573
4728	4734	4712
4728	4835	4734
4576	4719	4656
4656	4589	4576
4719	4737	4656
4737	4665	4656
4737	4766	4665
4582	4595	4662
4623	4696	4659
4633	4711	4763
4711	4714	4763
4654	4739	4695
4695	4558	4654
4558	4602	4654
4739	4714	4695
4666	4738	4670
4738	4700	4670
4738	4771	4700
4771	4703	4700
4738	4773	4771
4709	4715	4831
4715	4793	4831
4793	4908	4831
4908	4885	4831
4885	4842	4831
4885	4911	4842
4911	4869	4842
4869	4817	4842
4869	4836	4817
4836	4716	4817
4836	4731	4716
4911	5005	4869
4710	4789	4795
4740	4787	4820
4820	4800	4740
4820	4904	4800
4904	4875	4800
4875	4809	4800
4875	4863	4809
4875	4905	4863
4875	4904	4905
4746	4825	4788
4749	4811	4752
4833	4862	4874
4929	5012	4954
4929	5000	5012
4929	4991	5000
120	155	98
243	164	186
19	12	3
619	744	595
1140	968	1099
1135	1291	1202
1291	1249	1202
1135	1159	1291
1597	1614	1534
1352	1475	1423
1238	1166	1352
1238	1149	1166
92	75	152
130	107	209
130	86	107
348	414	274
414	328	274
839	996	873
839	829	996
162	73	154
162	151	73
151	94	73
317	322	285
63	26	102
102	95	71
256	213	209
600	672	703
632	603	654
468	604	559
828	834	743
953	981	850
751	564	692
564	636	692
636	696	692
1060	1275	1117
1527	1585	1368
1585	1409	1368
1672	1928	1729
1672	1885	1928
1885	1937	1928
1672	1762	1885
1661	1500	1750
1500	1584	1750
1661	1428	1500
1661	1560	1428
1593	1430	1560
1464	1388	1593
1222	1235	1108
923	789	902
789	930	902
946	1179	959
973	927	770
927	682	770
682	606	770
927	673	682
1398	1355	1333
2012	1997	1922
1997	1945	1922
1782	1763	1924
1123	1032	1278
1180	1421	1343
1421	1524	1343
1524	1502	1343
1276	1125	1157
1325	1437	1267
1437	1400	1267
1324	1434	1439
1710	1938	1844
1938	1936	1844
1936	1914	1844
1523	1437	1468
1613	1691	1491
1540	1429	1492
2834	2996	2949
1640	1398	1591
1842	1933	1733
1695	1682	1636
1765	2006	1803
2006	2068	1803
2068	2070	1803
2070	1823	1803
2070	2094	1823
1765	1929	2006
1857	1904	2017
1771	1660	1721
2311	2488	2298
1852	2095	1926
2182	2123	2291
2123	2329	2291
2329	2405	2291
2182	2020	2123
2020	2017	2123
2111	2159	2114
2159	2375	2114
2168	2231	2108
2194	2090	2094
2133	2149	2117
2176	2321	2177
2321	2289	2177
2289	2280	2177
2280	2191	2177
2037	1906	2045
2347	2625	2533
2347	2325	2625
2325	2624	2625
2624	2648	2625
2624	2647	2648
2325	2508	2624
2325	2277	2508
2277	2290	2508
2247	2242	2096
2082	1980	2173
2888	3080	2874
2494	2744	2721
2744	2785	2721
2494	2498	2744
2340	2478	2427
2478	2613	2427
2200	2212	2360
2200	2152	2212
2152	2227	2212
2493	2740	2612
3102	2833	2856
3102	3071	2833
2682	2780	2712
2491	2505	2531
2271	2475	2302
2475	2451	2302
2379	2132	2336
2410	2474	2424
2741	2511	2593
2540	2610	2488
2512	2344	2592
2344	2575	2592
2575	2646	2592
2781	2844	2653
2863	2861	2822
2723	2769	2724
3073	3327	3274
3073	3241	3327
2821	2760	2793
2792	3041	2820
3041	3079	2820
2972	3131	2970
3131	3035	2970
3600	3609	3611
3609	3631	3611
2904	3204	2987
2904	3063	3204
2904	2952	3063
2832	2594	2846
2594	2770	2846
2938	2752	2885
2752	2725	2885
2752	2517	2725
2885	3187	2997
2885	3118	3187
3118	3190	3187
3190	3434	3187
3434	3342	3187
3434	3533	3342
3190	3331	3434
3117	3468	3107
2943	3133	3036
2943	2911	3133
2967	3094	3083
3122	3349	3208
3085	3078	3028
3085	3223	3078
3188	3019	3163
3244	3302	3249
3239	3508	3331
3239	3491	3508
3239	3311	3491
3637	3719	3522
3238	3387	3209
3387	3346	3209
3238	3485	3387
3238	3360	3485
3358	3551	3348
3355	3366	3224
3355	3374	3366
3393	3459	3380
3260	3236	3454
3420	3357	3345
3371	3359	3293
3371	3418	3359
3310	3255	3372
3662	3902	3614
3897	4046	3938
4046	4195	3938
3466	3536	3387
3469	3565	3573
3672	3533	3496
3672	3718	3533
3718	3707	3533
3594	3682	3681
3657	3856	3783
3856	4027	3783
4027	3894	3783
3930	4008	3952
3552	3526	3575
3823	3682	3741
3682	3552	3741
3720	3761	3839
3605	3606	3761
3723	3625	3621
3991	4187	4140
4142	4150	4055
4454	4567	4439
4454	4693	4567
4693	4650	4567
4454	4684	4693
4454	4601	4684
4454	4539	4601
4454	4330	4539
4330	4460	4539
4454	4353	4330
4280	4189	4330
3777	3885	3943
4270	4359	4201
4359	4335	4201
4270	4410	4359
4270	4331	4410
4990	4940	4925
4940	4882	4925
4882	4848	4925
4604	4579	4691
4579	4723	4691
4604	4528	4579
4545	4519	4530
4471	4588	4481
4588	4636	4481
4636	4524	4481
4524	4468	4481
4636	4594	4524
4588	4611	4636
4240	4166	4125
4727	4639	4782
5135	5143	5107
5057	5059	4969
4859	4860	4804
4860	4775	4804
4775	4768	4804
4860	4832	4775
5141	5148	5166
5148	5158	5166
5015	5042	5046
5015	4972	5042
4972	5016	5042
5015	4939	4972
4232	4323	4182
4607	4647	4747
4647	4783	4747
4647	4708	4783
4485	4634	4534
4549	4461	4484
4561	4648	4593
4078	4254	4141
4254	4287	4141
4078	4068	4254
4073	4236	4136
4167	4345	4347
4167	4183	4345
4365	4256	4458
4695	4714	4558
