314.440709 243.939512 37.370875 255 0 0
328.017618 235.092758 45.189884 255 0 0
342.440101 227.919057 53.233958 255 0 0
357.708157 222.418408 61.503099 255 0 0
373.821786 218.590813 69.997307 255 0 0
390.780989 216.436270 78.716581 255 0 0
408.585766 215.954781 87.660921 255 0 0
427.236116 217.146344 96.830327 255 0 0
446.732040 220.010960 106.224800 0 255 0
426.899619 214.665252 115.067360 0 255 0
407.935203 211.036981 124.140956 0 255 0
389.838793 209.126146 133.445590 0 255 0
372.610388 208.932749 142.981261 0 255 0
356.249989 210.456788 152.747969 0 255 0
340.757595 213.698263 162.745714 0 255 0
326.133207 218.657176 172.974496 0 255 0
312.376823 225.333525 183.434315 0 255 0
