25.383641 35.147439 10.500000 255 0 0
25.767760 35.051700 9.500000 255 0 0
26.260572 34.853050 8.500000 255 0 0
26.862077 34.551487 7.500000 255 0 0
27.572275 34.147013 6.500000 255 0 0
28.391167 33.639627 5.500000 255 0 0
29.318751 33.029330 4.500000 255 0 0
30.355029 32.316121 3.500000 255 0 0
31.500000 31.500000 2.500000 0 255 0
31.147494 30.138842 3.500000 0 255 0
30.812101 28.926386 4.500000 0 255 0
30.493821 27.862631 5.500000 0 255 0
30.192655 26.947577 6.500000 0 255 0
29.908603 26.181226 7.500000 0 255 0
29.641664 25.563575 8.500000 0 255 0
29.391838 25.094627 9.500000 0 255 0
29.159126 24.774379 10.500000 0 255 0
