   3.4699254e+02   1.0372886e+02   9.4000000e+01
   3.4325622e+02   9.4898010e+01   8.8000000e+01
   3.4206716e+02   9.6256219e+01   8.2000000e+01
   3.5361443e+02   9.2519900e+01   7.6000000e+01
   3.6006716e+02   9.1330846e+01   7.0000000e+01
   3.5123632e+02   8.5047264e+01   6.4000000e+01
   3.5768905e+02   8.6405473e+01   5.8000000e+01
   3.5140547e+02   8.5216418e+01   5.2000000e+01
   3.5785821e+02   8.4027363e+01   4.6000000e+01
   3.4902736e+02   9.3027363e+01   4.0000000e+01
   3.5038557e+02   1.0457463e+02   3.4000000e+01
   3.3646020e+02   1.2376368e+02   2.8000000e+01
   3.4246020e+02   1.3740547e+02   2.2000000e+01
