   2.7995666e+01   2.7562934e+01   1.1000000e+01
   2.7871288e+01   2.7678675e+01   1.0000000e+01
   2.7746910e+01   2.8141638e+01   9.0000000e+00
   2.7746910e+01   2.9299045e+01   8.0000000e+00
   2.7995666e+01   2.9762008e+01   7.0000000e+00
   2.8120044e+01   3.1382378e+01   6.0000000e+00
   2.8741935e+01   3.4275897e+01   5.0000000e+00
   2.8990691e+01   3.5433304e+01   6.0000000e+00
   2.9115069e+01   3.5780527e+01   7.0000000e+00
   2.8866313e+01   3.5664786e+01   8.0000000e+00
   2.8866313e+01   3.5896267e+01   9.0000000e+00
   2.8866313e+01   3.6012008e+01   1.0000000e+01
   2.8368801e+01   3.6012008e+01   1.1000000e+01
