   2.8583450e+01   2.7349826e+01   1.2000000e+01
   2.8364544e+01   2.7349826e+01   1.1000000e+01
   2.8473997e+01   2.8164641e+01   1.0000000e+01
   2.8036186e+01   2.9896123e+01   9.0000000e+00
   2.7817281e+01   3.1118345e+01   8.0000000e+00
   2.8364544e+01   3.3053530e+01   7.0000000e+00
   2.8145639e+01   3.4886863e+01   8.0000000e+00
   2.7817281e+01   3.4275752e+01   9.0000000e+00
   2.7817281e+01   3.4785012e+01   1.0000000e+01
   2.7707828e+01   3.5701678e+01   1.1000000e+01
   2.8255092e+01   3.5701678e+01   1.2000000e+01
