2	3	6
2	5	3
3	18	6
18	17	6
17	9	6
9	2	6
9	8	2
8	33	2
33	30	2
30	21	2
30	28	21
28	34	21
34	25	21
25	7	21
7	12	21
12	4	21
12	13	4
13	5	4
13	14	5
13	26	14
26	18	14
18	3	14
13	12	26
12	41	26
7	25	12
25	11	12
25	16	11
25	20	16
20	19	16
20	32	19
20	25	32
25	44	32
44	36	32
8	27	33
8	15	27
15	55	27
55	42	27
15	24	55
8	10	15
8	9	10
17	23	9
17	18	23
18	43	23
43	39	23
43	53	39
53	58	39
53	65	58
65	76	58
76	67	58
76	97	67
97	91	67
91	82	67
91	94	82
94	112	82
112	126	82
126	115	82
115	83	82
83	48	82
115	107	83
107	101	83
101	80	83
101	90	80
90	74	80
74	63	80
74	77	63
112	139	126
139	181	126
139	183	181
183	237	181
183	265	237
265	295	237
295	250	237
295	266	250
266	230	250
266	201	230
201	148	230
201	186	148
201	225	186
225	194	186
194	179	186
179	124	186
201	260	225
201	266	260
265	286	295
286	354	295
354	385	295
354	418	385
418	446	385
354	367	418
367	427	418
367	408	427
354	285	367
285	277	367
277	281	367
277	223	281
223	284	281
223	246	284
246	272	284
246	203	272
203	256	272
256	287	272
256	289	287
256	251	289
251	273	289
273	311	289
273	312	311
312	377	311
312	328	377
328	430	377
430	501	377
430	522	501
430	505	522
505	608	522
505	600	608
505	497	600
497	553	600
553	612	600
612	638	600
553	526	612
553	485	526
485	483	526
483	475	526
475	514	526
475	495	514
475	462	495
475	392	462
392	400	462
400	440	462
400	387	440
387	341	440
341	327	440
327	373	440
327	276	373
276	324	373
324	380	373
324	358	380
324	352	358
352	406	358
352	386	406
386	466	406
466	438	406
386	533	466
533	570	466
533	595	570
595	672	570
595	681	672
595	583	681
583	589	681
583	546	589
583	533	546
583	595	533
386	402	533
386	363	402
363	336	402
336	376	402
336	304	376
304	364	376
364	390	376
364	374	390
364	346	374
346	407	374
407	417	374
407	416	417
416	484	417
416	407	484
407	420	484
407	368	420
368	361	420
361	424	420
424	435	420
435	508	420
435	464	508
464	528	508
528	566	508
566	555	508
555	484	508
566	593	555
593	613	555
593	651	613
566	647	593
528	580	566
528	504	580
504	557	580
557	650	580
650	664	580
504	494	557
494	551	557
494	467	551
467	461	551
461	537	551
537	590	551
537	576	590
576	623	590
623	660	590
576	586	623
586	643	623
643	700	623
643	696	700
696	738	700
696	726	738
726	775	738
775	830	738
830	818	738
830	880	818
880	852	818
880	881	852
881	804	852
804	781	852
881	919	804
881	1006	919
881	880	1006
880	959	1006
959	1135	1006
959	1106	1135
880	932	959
880	857	932
857	847	932
847	854	932
847	800	854
800	843	854
843	896	854
843	866	896
866	925	896
925	993	896
993	1034	896
993	1076	1034
1076	1083	1034
1076	1153	1083
1153	1138	1083
1138	1191	1083
1138	1193	1191
1138	1153	1193
1153	1231	1193
1231	1260	1193
1231	1243	1260
1243	1355	1260
1355	1310	1260
1355	1432	1310
1432	1442	1310
1432	1465	1442
1432	1426	1465
1426	1486	1465
1486	1589	1465
1486	1582	1589
1486	1524	1582
1524	1594	1582
1524	1584	1594
1584	1759	1594
1584	1676	1759
1676	1778	1759
1676	1642	1778
1524	1513	1584
1524	1439	1513
1439	1463	1513
1463	1527	1513
1527	1577	1513
1463	1414	1527
1414	1373	1527
1414	1261	1373
1414	1367	1261
1367	1248	1261
1248	1211	1261
1248	1163	1211
1163	1128	1211
1128	1180	1211
1180	1280	1211
1180	1177	1280
1177	1274	1280
1274	1370	1280
1370	1427	1280
1370	1538	1427
1370	1572	1538
1572	1614	1538
1614	1604	1538
1614	1819	1604
1819	1674	1604
1572	1697	1614
1572	1744	1697
1370	1357	1572
1370	1316	1357
1316	1313	1357
1316	1236	1313
1236	1251	1313
1251	1389	1313
1251	1386	1389
1386	1481	1389
1251	1238	1386
1251	1144	1238
1251	1236	1144
1236	1196	1144
1196	1134	1144
1134	1111	1144
1134	1098	1111
1098	1072	1111
1098	1077	1072
1077	1063	1072
1063	970	1072
970	954	1072
970	916	954
916	922	954
916	863	922
916	871	863
871	850	863
871	838	850
838	757	850
838	760	757
760	737	757
737	714	757
714	827	757
714	753	827
714	725	753
725	720	753
720	807	753
720	741	807
741	888	807
720	701	741
720	691	701
691	606	701
691	598	606
598	544	606
598	575	544
575	491	544
491	451	544
451	530	544
451	457	530
451	391	457
391	347	457
347	365	457
365	403	457
403	510	457
403	443	510
443	532	510
532	620	510
532	659	620
659	634	620
634	592	620
634	606	592
443	538	532
538	668	532
538	687	668
687	704	668
403	303	443
303	399	443
399	476	443
303	315	399
315	404	399
303	254	315
303	234	254
234	233	254
233	210	254
303	307	234
403	365	303
365	347	303
391	342	347
391	384	342
384	351	342
351	307	342
384	370	351
370	317	351
370	325	317
325	298	317
325	290	298
290	218	298
218	159	298
218	156	159
156	106	159
218	133	156
218	217	133
217	161	133
161	135	133
161	128	135
161	131	128
131	100	128
131	110	100
110	81	100
81	75	100
75	62	100
62	70	100
75	59	62
59	43	62
59	53	43
59	84	53
84	65	53
84	96	65
96	76	65
96	108	76
108	97	76
108	120	97
120	91	97
120	94	91
120	125	94
125	112	94
125	132	112
132	144	112
144	139	112
144	162	139
162	164	139
164	177	139
177	175	139
175	183	139
175	265	183
175	223	265
223	285	265
285	286	265
285	354	286
223	277	285
175	177	223
177	190	223
190	203	223
203	246	223
190	209	203
209	251	203
251	256	203
209	271	251
271	273	251
271	312	273
271	302	312
302	328	312
302	262	328
262	322	328
322	392	328
392	410	328
410	430	328
410	456	430
456	497	430
497	505	430
456	485	497
485	553	497
456	483	485
456	410	483
410	475	483
410	392	475
322	387	392
387	400	392
322	341	387
322	327	341
322	261	327
261	276	327
322	262	261
262	222	261
222	219	261
219	231	261
219	200	231
222	216	219
222	229	216
229	211	216
211	185	216
211	209	185
209	190	185
190	164	185
164	180	185
180	178	185
180	173	178
180	164	173
164	162	173
162	165	173
162	154	165
154	145	165
154	132	145
132	125	145
125	120	145
120	134	145
134	167	145
167	170	145
167	171	170
171	198	170
198	193	170
198	208	193
198	236	208
236	259	208
236	239	259
239	292	259
292	313	259
313	304	259
313	364	304
313	340	364
340	346	364
313	292	340
239	270	292
270	278	292
278	339	292
278	343	339
343	361	339
361	368	339
343	338	361
338	424	361
338	330	424
330	415	424
415	432	424
432	435	424
432	464	435
432	415	464
415	459	464
459	504	464
504	528	464
459	494	504
459	467	494
459	437	467
437	461	467
437	421	461
421	398	461
398	419	461
419	478	461
478	516	461
516	537	461
516	576	537
516	568	576
568	586	576
568	636	586
636	643	586
636	696	643
636	618	696
618	633	696
633	706	696
706	726	696
706	800	726
800	775	726
800	847	775
847	857	775
857	830	775
857	880	830
706	745	800
745	774	800
774	843	800
774	762	843
762	755	843
755	866	843
755	750	866
750	806	866
806	914	866
914	925	866
914	985	925
985	993	925
985	1061	993
1061	1076	993
1061	1088	1076
1088	1110	1076
1110	1163	1076
1163	1153	1076
1163	1243	1153
1243	1231	1153
1163	1249	1243
1249	1359	1243
1359	1353	1243
1353	1355	1243
1353	1426	1355
1426	1432	1355
1353	1359	1426
1359	1439	1426
1439	1486	1426
1439	1524	1486
1359	1367	1439
1367	1419	1439
1419	1463	1439
1419	1414	1463
1419	1367	1414
1359	1249	1367
1249	1248	1367
1249	1163	1248
1110	1128	1163
1110	1079	1128
1079	1060	1128
1060	1049	1128
1049	1094	1128
1094	1180	1128
1094	1129	1180
1129	1177	1180
1129	1108	1177
1108	1195	1177
1195	1274	1177
1195	1196	1274
1196	1316	1274
1316	1370	1274
1196	1236	1316
1195	1134	1196
1195	1098	1134
1195	1108	1098
1108	1077	1098
1108	1063	1077
1108	1129	1063
1129	1038	1063
1038	970	1063
1038	935	970
935	916	970
935	871	916
935	838	871
935	904	838
904	835	838
835	825	838
825	760	838
825	724	760
724	743	760
743	737	760
743	714	737
743	652	714
652	656	714
656	725	714
656	691	725
691	720	725
656	637	691
637	598	691
637	575	598
637	652	575
652	662	575
662	562	575
562	491	575
562	480	491
480	451	491
480	425	451
425	391	451
425	384	391
425	370	384
425	442	370
442	433	370
433	382	370
382	369	370
369	308	370
308	325	370
308	274	325
274	293	325
293	290	325
293	274	290
274	218	290
274	217	218
274	238	217
238	212	217
212	160	217
160	161	217
160	131	161
160	149	131
149	153	131
153	110	131
153	93	110
93	81	110
93	75	81
93	84	75
84	59	75
153	163	93
163	142	93
163	199	142
199	157	142
157	140	142
157	129	140
157	171	129
171	167	129
167	134	129
134	123	129
123	96	129
123	108	96
123	134	108
134	120	108
157	169	171
169	214	171
214	198	171
214	221	198
221	236	198
221	239	236
221	214	239
214	220	239
220	232	239
232	244	239
244	270	239
244	258	270
258	278	270
258	338	278
338	343	278
258	330	338
258	280	330
280	310	330
280	306	310
306	359	310
306	334	359
334	398	359
398	421	359
421	437	359
437	415	359
437	459	415
334	419	398
334	357	419
357	422	419
422	444	419
444	478	419
444	493	478
493	516	478
493	515	516
515	568	516
515	520	568
520	599	568
599	636	568
599	618	636
599	603	618
603	633	618
603	596	633
596	635	633
635	706	633
635	718	706
718	745	706
718	755	745
755	762	745
762	774	745
718	750	755
718	713	750
713	721	750
721	748	750
748	806	750
748	797	806
797	860	806
860	914	806
860	931	914
931	985	914
931	971	985
971	1049	985
1049	1060	985
1060	1061	985
1060	1079	1061
1079	1088	1061
1079	1110	1088
971	1038	1049
1038	1094	1049
1038	1129	1094
971	935	1038
971	904	935
971	931	904
931	859	904
859	844	904
844	835	904
844	825	835
844	758	825
758	724	825
758	702	724
702	662	724
662	652	724
652	743	724
702	611	662
611	562	662
611	535	562
535	479	562
479	480	562
479	442	480
442	425	480
479	433	442
479	481	433
481	468	433
468	465	433
465	429	433
429	382	433
429	369	382
429	409	369
409	357	369
357	332	369
332	308	369
357	334	332
409	422	357
409	444	422
409	452	444
452	500	444
500	499	444
499	493	444
499	515	493
499	500	515
500	520	515
500	452	520
452	524	520
524	603	520
603	599	520
524	531	603
531	563	603
563	596	603
563	644	596
644	657	596
657	635	596
657	718	635
657	713	718
657	707	713
707	758	713
758	721	713
758	797	721
797	748	721
758	859	797
859	860	797
859	931	860
758	844	859
707	702	758
707	644	702
644	611	702
644	535	611
644	563	535
563	502	535
502	496	535
496	468	535
468	481	535
481	479	535
496	465	468
496	452	465
452	429	465
452	409	429
496	524	452
496	531	524
496	502	531
502	563	531
707	657	644
306	263	334
263	283	334
263	202	283
202	245	283
202	212	245
212	238	245
202	160	212
202	149	160
202	176	149
176	204	149
204	153	149
204	195	153
195	163	153
195	199	163
195	235	199
235	214	199
214	169	199
169	157	199
235	220	214
235	232	220
235	243	232
243	244	232
243	258	244
243	235	258
235	253	258
253	275	258
275	280	258
275	306	280
275	264	306
264	263	306
264	242	263
242	202	263
242	206	202
206	176	202
206	204	176
206	242	204
242	248	204
248	195	204
248	253	195
253	235	195
248	275	253
248	264	275
248	242	264
274	308	238
637	656	652
154	144	132
154	162	144
190	177	164
211	271	209
211	229	271
229	302	271
229	262	302
229	222	262
336	316	304
316	296	304
316	321	296
321	267	296
321	288	267
288	249	267
321	335	288
335	324	288
324	276	288
335	352	324
335	386	352
335	321	386
321	363	386
321	316	363
316	336	363
31	56	52
31	45	56
46	66	88
66	109	88
66	69	109
69	104	109
69	87	104
69	49	87
69	66	49
88	78	46
51	71	92
68	72	85
73	114	116
114	122	116
122	152	116
122	166	152
122	172	166
172	205	166
205	305	166
172	119	205
172	122	119
121	155	127
155	136	127
121	184	155
121	207	184
121	141	207
141	189	207
189	255	207
189	252	255
252	299	255
252	344	299
189	228	252
228	241	252
241	291	252
241	301	291
241	269	301
241	257	269
257	268	269
241	191	257
241	228	191
228	182	191
228	189	182
189	141	182
141	143	182
146	188	168
168	150	146
168	187	150
187	151	150
168	282	187
168	227	282
227	331	282
227	329	331
227	247	329
247	279	329
279	349	329
279	323	349
323	428	349
428	436	349
428	541	436
541	536	436
247	197	279
197	305	279
305	326	279
305	371	326
371	395	326
371	405	395
405	454	395
454	428	395
454	543	428
543	578	428
543	632	578
632	665	578
632	810	665
810	811	665
811	709	665
811	792	709
792	673	709
792	784	673
792	981	784
981	817	784
981	890	817
890	785	817
890	837	785
837	793	785
837	885	793
885	814	793
981	1012	890
1012	1027	890
792	915	981
792	811	915
632	711	810
543	542	632
543	454	542
454	488	542
488	559	542
488	591	559
488	411	591
411	460	591
460	490	591
460	439	490
460	413	439
460	411	413
488	405	411
488	454	405
227	188	247
227	168	188
215	360	314
309	348	319
345	394	355
345	396	394
396	550	394
396	434	550
434	587	550
434	453	587
453	513	587
453	431	513
453	434	431
396	401	434
356	381	388
366	414	471
414	463	471
463	579	471
579	607	471
607	625	471
579	686	607
686	769	607
686	729	769
729	874	769
729	723	874
723	892	874
892	910	874
910	928	874
910	980	928
723	862	892
862	876	892
729	686	723
686	645	723
414	423	463
414	301	423
378	441	455
383	448	458
393	518	503
518	545	503
518	584	545
584	688	545
584	692	688
584	666	692
584	547	666
445	571	507
449	628	470
628	525	470
628	699	525
699	621	525
621	486	525
699	756	621
756	786	621
786	747	621
756	840	786
840	952	786
699	768	756
472	517	521
521	552	472
517	560	521
560	614	521
474	506	556
556	585	474
585	527	474
585	511	527
585	609	511
609	573	511
585	649	609
585	669	649
669	663	649
585	601	669
601	712	669
585	556	601
477	523	558
523	642	558
523	582	642
582	715	642
523	565	582
482	616	519
616	564	519
482	558	616
509	581	597
581	610	597
581	629	610
534	627	639
627	667	639
627	680	667
680	717	667
680	805	717
680	771	805
627	617	680
549	661	641
605	676	654
654	617	605
617	594	605
676	705	654
705	771	654
705	816	771
705	676	816
615	808	670
615	667	808
667	791	808
626	695	767
695	779	767
630	693	631
693	754	631
693	795	754
795	868	754
795	873	868
873	949	868
949	958	868
949	982	958
982	1047	958
1047	1132	958
1132	1130	958
1130	941	958
1132	1270	1130
1047	1198	1132
949	1032	982
949	963	1032
949	873	963
873	902	963
902	979	963
902	851	979
851	869	979
869	926	979
926	1042	979
1042	1068	979
1042	1089	1068
1089	1183	1068
1183	1099	1068
1183	1125	1099
1125	1032	1099
1183	1178	1125
1183	1286	1178
1286	1330	1178
1330	1315	1178
1315	1198	1178
1315	1289	1198
1315	1372	1289
1315	1392	1372
1392	1467	1372
1467	1443	1372
1443	1408	1372
1443	1550	1408
1443	1535	1550
1535	1654	1550
1654	1657	1550
1657	1655	1550
1657	1711	1655
1711	1801	1655
1801	1679	1655
1679	1629	1655
1679	1618	1629
1679	1626	1618
1711	1840	1801
1840	1855	1801
1840	2007	1855
1840	1879	2007
1840	1826	1879
1826	1848	1879
1826	1715	1848
1715	1836	1848
1836	2011	1848
1836	1852	2011
1852	2035	2011
2035	2125	2011
2125	2107	2011
2125	2190	2107
2190	2155	2107
2155	2097	2107
2097	2007	2107
2097	2094	2007
2097	2141	2094
2141	2133	2094
2133	2062	2094
2190	2228	2155
2190	2279	2228
2279	2305	2228
2279	2352	2305
2279	2284	2352
2284	2280	2352
2284	2279	2280
2279	2190	2280
2125	2258	2190
2035	2017	2125
2035	1989	2017
1989	2003	2017
2003	2100	2017
2003	2055	2100
2003	1975	2055
1975	2082	2055
2082	2111	2055
2082	2040	2111
2040	2186	2111
2040	2087	2186
2087	2128	2186
2128	2218	2186
2128	2154	2218
2128	2130	2154
2128	2014	2130
2014	2027	2130
2014	1953	2027
2014	1952	1953
2014	1926	1952
2014	1985	1926
1985	2040	1926
2040	1895	1926
1895	1856	1926
1895	1824	1856
1824	1735	1856
1735	1719	1856
1735	1716	1719
1716	1648	1719
1735	1704	1716
1735	1810	1704
1735	1824	1810
1824	1845	1810
1845	1875	1810
1845	1893	1875
1893	1908	1875
1908	1871	1875
1908	1935	1871
1935	1975	1871
1975	2003	1871
2003	1949	1871
1949	1889	1871
1889	1815	1871
1889	1765	1815
1765	1682	1815
1765	1718	1682
1718	1536	1682
1536	1576	1682
1576	1621	1682
1536	1474	1576
1536	1467	1474
1467	1392	1474
1392	1383	1474
1392	1315	1383
1315	1345	1383
1315	1330	1345
1536	1535	1467
1535	1443	1467
1536	1707	1535
1707	1654	1535
1707	1715	1654
1715	1826	1654
1826	1657	1654
1826	1711	1657
1826	1840	1711
1707	1718	1715
1718	1836	1715
1718	1765	1836
1765	1852	1836
1765	1889	1852
1889	2035	1852
1889	1989	2035
1889	1949	1989
1949	2003	1989
1707	1536	1718
1935	2082	1975
1935	1895	2082
1895	2040	2082
1935	1893	1895
1893	1845	1895
1845	1824	1895
1935	1908	1893
1985	2087	2040
1985	2014	2087
2014	2128	2087
1286	1358	1330
1089	1282	1183
1282	1311	1183
1282	1328	1311
1328	1358	1311
1282	1312	1328
1312	1332	1328
1332	1362	1328
1332	1312	1362
1312	1259	1362
1259	1272	1362
1272	1294	1362
1294	1306	1362
1306	1456	1362
1456	1564	1362
1306	1444	1456
1312	1282	1259
1282	1089	1259
926	1014	1042
926	905	1014
905	973	1014
973	1082	1014
973	994	1082
973	924	994
924	853	994
853	938	994
853	836	938
836	933	938
933	1009	938
933	1026	1009
836	799	933
799	823	933
823	856	933
856	939	933
939	1016	933
856	894	939
894	936	939
894	962	936
894	884	962
884	937	962
937	997	962
937	1000	997
937	964	1000
964	1064	1000
937	927	964
937	846	927
846	845	927
937	884	846
856	809	894
856	826	809
856	823	826
836	815	799
836	853	815
853	821	815
821	789	815
973	905	924
926	820	905
820	819	905
820	733	819
733	789	819
820	728	733
926	869	820
902	841	851
841	802	851
841	801	802
801	675	802
801	795	675
795	693	675
693	630	675
801	812	795
801	841	812
841	902	812
655	778	727
655	677	778
658	740	671
740	764	671
764	685	671
740	772	764
772	887	764
887	803	764
772	921	887
740	670	772
740	658	670
703	749	722
710	751	783
710	766	751
766	777	751
777	783	751
777	903	783
777	923	903
731	796	746
746	664	731
739	929	822
744	961	934
763	882	831
882	891	831
891	829	831
882	945	891
882	930	945
930	1020	945
1020	1030	945
1030	1073	945
1030	1120	1073
1120	1069	1073
1020	1117	1030
1020	986	1117
1020	930	986
930	901	986
833	913	864
870	1081	957
872	944	906
906	711	872
944	917	906
917	897	906
897	810	906
917	946	897
946	956	897
946	968	956
968	1022	956
1022	1055	956
1022	1078	1055
1078	1189	1055
1189	1172	1055
1189	1210	1172
1189	1366	1210
1366	1364	1210
1366	1450	1364
1366	1385	1450
1385	1609	1450
1609	1502	1450
1502	1469	1450
1385	1423	1609
1423	1549	1609
1423	1398	1549
1398	1498	1549
1398	1363	1498
1363	1581	1498
1363	1552	1581
1363	1369	1552
1363	1321	1369
1321	1284	1369
1284	1290	1369
1290	1401	1369
1321	1271	1284
1321	1363	1271
1363	1244	1271
1244	1085	1271
1244	1095	1085
1095	1018	1085
1018	999	1085
999	1058	1085
999	1010	1058
1010	1054	1058
1054	1284	1058
1010	1057	1054
1057	1118	1054
1118	1151	1054
1118	1203	1151
1203	1252	1151
1203	1381	1252
1203	1320	1381
1320	1477	1381
1203	1187	1320
1187	1241	1320
1187	1127	1241
1187	1100	1127
1187	1203	1100
1203	1118	1100
999	989	1010
989	952	1010
999	1018	989
1018	965	989
1018	975	965
975	950	965
975	1008	950
1008	990	950
990	944	950
944	872	950
990	969	944
969	917	944
969	968	917
968	946	917
969	1022	968
969	990	1022
990	1078	1022
990	1066	1078
1066	1230	1078
1230	1189	1078
1230	1366	1189
1230	1385	1366
1230	1423	1385
990	1008	1066
975	1018	1008
1018	1095	1008
1244	1219	1095
1244	1398	1219
1244	1363	1398
875	918	972
972	943	875
918	992	972
899	988	1113
988	1136	1113
988	951	1136
909	1084	1011
909	1023	1084
909	967	1023
967	1065	1023
1065	1145	1023
1065	1214	1145
947	1029	1096
966	1025	1123
1123	1185	966
1123	1360	1185
1360	1337	1185
1337	1237	1185
1237	1212	1185
1237	1241	1212
1237	1337	1241
1337	1420	1241
1337	1435	1420
1435	1470	1420
1435	1424	1470
1435	1360	1424
1360	1279	1424
1279	1446	1424
1279	1431	1446
1431	1471	1446
1471	1529	1446
1471	1566	1529
1279	1335	1431
1360	1123	1279
1435	1337	1360
976	1043	1001
1043	1031	1001
1031	1122	1001
978	1112	996
1112	1081	996
1112	1179	1081
1179	1162	1081
978	1121	1112
987	1097	1017
987	1090	1097
1090	1107	1097
1090	1096	1107
995	1232	1104
1104	929	995
1104	1074	929
1104	1157	1074
1104	1232	1157
1232	1319	1157
1319	1309	1157
998	1019	1137
1137	1087	998
1137	1146	1087
1146	1142	1087
1146	1298	1142
1298	1317	1142
1298	1461	1317
1298	1380	1461
1298	1197	1380
1298	1146	1197
1146	1137	1197
1002	1045	1005
1045	1181	1005
1181	1121	1005
1045	1109	1181
1109	1277	1181
1277	1314	1181
1277	1422	1314
1422	1492	1314
1492	1397	1314
1422	1495	1492
1277	1378	1422
1277	1225	1378
1225	1344	1378
1277	1109	1225
1109	1141	1225
1005	816	1002
1003	1050	1103
1013	1101	1053
1101	1115	1053
1115	1050	1053
1115	1150	1050
1150	1173	1050
1115	1209	1150
1021	1116	1091
1041	1264	1268
1062	1140	1204
1067	1071	1133
1070	1217	1246
1093	1222	1158
1222	1239	1158
1102	1265	1228
1265	1329	1228
1114	1174	1182
1114	1131	1174
1126	1213	1155
1139	1233	1263
1139	1027	1233
1027	1170	1233
1170	1281	1233
1139	1029	1027
1159	1273	1226
1273	1287	1226
1287	1278	1226
1287	1402	1278
1402	1334	1278
1334	1235	1278
1334	1305	1235
1334	1418	1305
1334	1402	1418
1160	1188	1194
1188	1221	1194
1188	1215	1221
1164	1240	1184
1165	1208	1218
1166	1295	1297
1295	1484	1297
1484	1395	1297
1484	1519	1395
1519	1409	1395
1519	1602	1409
1602	1494	1409
1494	1343	1409
1343	1200	1409
1343	1300	1200
1300	1264	1200
1264	1152	1200
1152	1113	1200
1300	1346	1264
1300	1343	1346
1343	1494	1346
1494	1557	1346
1519	1633	1602
1519	1636	1633
1636	1774	1633
1774	1866	1633
1774	1938	1866
1938	2078	1866
2078	2046	1866
2078	2115	2046
2115	2077	2046
2115	2226	2077
2115	2253	2226
2253	2254	2226
2254	2299	2226
2299	2251	2226
2299	2293	2251
2293	2224	2251
2293	2142	2224
2293	2325	2142
2325	2124	2142
2325	2211	2124
2325	2439	2211
2439	2270	2211
2270	2090	2211
2270	2243	2090
2243	2121	2090
2121	1969	2090
2243	2252	2121
2252	2291	2121
2252	2243	2291
2243	2467	2291
2467	2351	2291
2351	2303	2291
2303	2209	2291
2303	2282	2209
2282	2212	2209
2282	2217	2212
2217	2189	2212
2217	2208	2189
2217	2282	2208
2282	2445	2208
2445	2242	2208
2445	2349	2242
2349	2260	2242
2349	2366	2260
2366	2267	2260
2366	2328	2267
2328	2337	2267
2337	2307	2267
2307	2098	2267
2098	2060	2267
2098	2033	2060
2337	2345	2307
2328	2366	2337
2349	2449	2366
2282	2443	2445
2282	2375	2443
2282	2303	2375
2303	2351	2375
2467	2478	2351
2467	2551	2478
2467	2582	2551
2582	2698	2551
2582	2572	2698
2572	2655	2698
2655	2800	2698
2655	2676	2800
2676	2853	2800
2676	2748	2853
2676	2543	2748
2676	2542	2543
2676	2477	2542
2477	2439	2542
2676	2655	2477
2655	2572	2477
2572	2486	2477
2572	2582	2486
2582	2467	2486
2299	2516	2293
2299	2420	2516
2420	2497	2516
2497	2546	2516
2299	2253	2420
2299	2254	2253
1774	1804	1938
1804	1931	1938
1804	1805	1931
1804	1750	1805
1804	1636	1750
1804	1774	1636
1519	1484	1636
1297	1136	1166
1167	1283	1234
1283	1302	1234
1302	1306	1234
1283	1291	1302
1291	1323	1302
1168	1322	1223
1168	1375	1322
1375	1525	1322
1375	1585	1525
1585	1748	1525
1748	1752	1525
1752	1496	1525
1752	1720	1496
1585	1818	1748
1585	1647	1818
1585	1598	1647
1598	1635	1647
1598	1520	1635
1598	1375	1520
1598	1585	1375
1175	1227	1220
1175	1205	1227
1227	1347	1220
1176	1245	1269
1176	1257	1245
1257	1269	1245
1257	1341	1269
1341	1387	1269
1387	1299	1269
1299	1176	1269
1299	1206	1176
1299	1199	1206
1299	1208	1199
1387	1406	1299
1406	1379	1299
1224	1229	1338
1229	1325	1338
1325	1491	1338
1491	1514	1338
1242	1255	1296
1247	1254	1368
1266	1318	1454
1454	1327	1266
1454	1475	1327
1475	1382	1327
1454	1649	1475
1454	1507	1649
1301	1304	1421
1304	1336	1421
1421	1399	1301
1307	1339	1376
1308	1352	1415
1352	1462	1415
1352	1361	1462
1361	1382	1462
1382	1558	1462
1382	1587	1558
1587	1608	1558
1587	1779	1608
1587	1668	1779
1415	1331	1308
1324	1371	1441
1348	1459	1473
1348	1396	1459
1396	1485	1459
1396	1390	1485
1351	1394	1405
1405	1455	1351
1405	1490	1455
1377	1400	1510
1388	1452	1466
1452	1472	1466
1472	1533	1466
1533	1528	1466
1528	1388	1466
1472	1695	1533
1695	1727	1533
1727	1775	1533
1727	1830	1775
1727	1807	1830
1727	1782	1807
1727	1695	1782
1695	1730	1782
1695	1526	1730
1526	1694	1730
1694	1785	1730
1694	1681	1785
1681	1835	1785
1835	1928	1785
1835	2005	1928
2005	2080	1928
2005	2256	2080
2005	2203	2256
2203	2237	2256
2237	2315	2256
2315	2340	2256
2237	2380	2315
2380	2469	2315
2380	2447	2469
2380	2374	2447
2374	2440	2447
2374	2424	2440
2374	2395	2424
2395	2480	2424
2380	2203	2374
2380	2237	2203
1835	1843	2005
1835	1686	1843
1686	1770	1843
1835	1681	1686
1681	1573	1686
1573	1651	1686
1681	1499	1573
1499	1545	1573
1681	1518	1499
1518	1448	1499
1681	1694	1518
1694	1526	1518
1695	1472	1526
1404	1449	1506
1404	1263	1449
1449	1617	1506
1506	1555	1404
1555	1574	1404
1410	1522	1417
1430	1483	1503
1434	1586	1445
1436	1460	1440
1460	1562	1440
1562	1542	1440
1562	1610	1542
1610	1531	1542
1458	1678	1553
1553	1402	1458
1678	1734	1553
1678	1864	1734
1864	1814	1734
1814	1792	1734
1814	1861	1792
1814	1930	1861
1678	1780	1864
1780	1929	1864
1678	1755	1780
1464	1619	1645
1619	1644	1645
1504	1593	1616
1593	1713	1616
1508	1646	1680
1646	1763	1680
1680	1664	1508
1511	1706	1661
1523	1613	1556
1613	1658	1556
1532	1688	1685
1534	1560	1571
1571	1561	1534
1571	1554	1561
1571	1817	1554
1541	1588	1631
1588	1675	1631
1675	1690	1631
1690	1660	1631
1660	1541	1631
1588	1641	1675
1641	1751	1675
1641	1684	1751
1641	1628	1684
1628	1590	1684
1628	1588	1590
1628	1641	1588
1559	1601	1600
1601	1689	1600
1689	1757	1600
1568	1673	1756
1756	1490	1568
1578	1632	1691
1592	1701	1666
1701	1702	1666
1701	1803	1702
1803	1841	1702
1803	1890	1841
1803	1817	1890
1817	1887	1890
1817	1849	1887
1803	1677	1817
1803	1701	1677
1596	1659	1692
1597	1743	1669
1612	1742	1725
1742	1838	1725
1838	1854	1725
1838	1916	1854
1838	1834	1916
1834	1917	1916
1917	2029	1916
2029	2089	1916
2029	2161	2089
1917	2068	2029
1838	1742	1834
1620	1670	1736
1639	1771	1784
1771	1876	1784
1876	1894	1784
1876	1990	1894
1784	1653	1639
1650	1762	1867
1762	1802	1867
1802	1988	1867
1988	1927	1867
1656	1766	1877
1665	1747	1772
1672	1696	1739
1696	1902	1739
1696	1788	1902
1788	1920	1902
1920	1941	1902
1788	1919	1920
1696	1710	1788
1739	1717	1672
1739	1726	1717
1739	1799	1726
1799	1706	1726
1683	1746	1714
1746	1802	1714
1693	1862	1731
1699	1781	1809
1708	1754	1891
1724	1732	1832
1728	1910	1899
1910	2083	1899
2083	2050	1899
2083	2145	2050
2145	2108	2050
2145	2265	2108
2145	2248	2265
2248	2314	2265
2248	2410	2314
2248	2288	2410
2288	2498	2410
1910	1995	2083
1995	2140	2083
1995	2162	2140
2162	2288	2140
1910	1992	1995
1910	1813	1992
1813	1993	1992
1910	1733	1813
1910	1728	1733
1729	1939	1925
1939	1977	1925
1977	1950	1925
1977	2127	1950
1977	2061	2127
1977	1939	2061
1939	2099	2061
2099	2163	2061
2099	2171	2163
2171	2336	2163
2336	2343	2163
2343	2255	2163
2336	2393	2343
2336	2460	2393
1740	1882	1839
1749	1847	1829
1749	1757	1847
1753	1800	1831
1831	1783	1753
1758	1873	1776
1758	1892	1873
1892	1963	1873
1963	1909	1873
1963	2053	1909
1892	1913	1963
1761	1901	1870
1901	1958	1870
1761	1886	1901
1886	1904	1901
1786	1934	1944
1786	1927	1934
1927	2117	1934
2117	1944	1934
1944	1770	1786
1770	1737	1786
1789	1924	1915
1790	1883	1971
1883	1948	1971
1971	1859	1790
1859	1744	1790
1859	1906	1744
1793	1811	1825
1811	1921	1825
1796	1922	1808
1798	1888	1823
1888	1874	1823
1874	1857	1823
1888	2013	1874
2013	1956	1874
2013	2008	1956
2013	2042	2008
2013	2021	2042
2021	2062	2042
2062	2146	2042
2146	2132	2042
2146	2192	2132
2146	2198	2192
2198	2320	2192
2013	1888	2021
1806	1880	1869
1880	1896	1869
1822	1933	1881
1933	1961	1881
1961	1962	1881
1933	2032	1961
1828	1960	1863
1853	1946	1965
1946	2015	1965
2015	2031	1965
2031	2028	1965
2028	1853	1965
1946	1997	2015
1946	1954	1997
1954	2037	1997
1947	1979	2064
1947	1930	1979
1957	2074	2150
1966	2022	2143
2022	2236	2143
2236	2214	2143
2214	2069	2143
2069	2047	2143
2047	1966	2143
2069	1993	2047
1980	2057	2058
1981	2110	2101
1981	2072	2110
2072	2166	2110
2110	2180	2101
2180	2093	2101
2093	1981	2101
2180	2104	2093
2180	2245	2104
2245	2261	2104
2261	2188	2104
1982	1987	2004
2004	2051	1982
2004	2152	2051
2004	1987	2152
1983	2086	2024
2001	2096	2114
2096	2235	2114
2018	2088	2106
2023	2038	2184
2023	1829	2038
2023	1898	1829
2041	2168	2063
2168	2119	2063
2119	2044	2063
2049	2205	2167
2205	2384	2167
2054	2174	2073
2174	2297	2073
2297	2153	2073
2153	2123	2073
2297	2341	2153
2297	2371	2341
2297	2462	2371
2297	2330	2462
2297	2174	2330
2174	2300	2330
2174	2193	2300
2056	2149	2095
2095	2057	2056
2149	2194	2095
2149	2285	2194
2149	2223	2285
2059	2116	2182
2116	2233	2182
2233	2266	2182
2116	2231	2233
2116	2175	2231
2065	2091	2079
2067	2135	2076
2067	2170	2135
2070	2148	2081
2075	2120	2178
2120	2200	2178
2200	2358	2178
2200	2277	2358
2103	2225	2157
2103	2216	2225
2122	2273	2210
2129	2151	2230
2136	2331	2338
2331	2378	2338
2378	2452	2338
2378	2400	2452
2400	2526	2452
2526	2637	2452
2526	2597	2637
2597	2656	2637
2656	2741	2637
2597	2703	2656
2703	2806	2656
2703	2846	2806
2703	2749	2846
2749	2929	2846
2749	2940	2929
2940	2962	2929
2962	3017	2929
3017	3061	2929
3017	3054	3061
3054	3215	3061
3215	3108	3061
3215	3249	3108
3215	3328	3249
3054	3207	3215
3054	3154	3207
3154	3260	3207
3154	3321	3260
3154	3325	3321
3325	3444	3321
3054	3107	3154
3054	2962	3107
2962	2932	3107
2932	2971	3107
2932	2822	2971
2822	2939	2971
2939	3015	2971
2932	2781	2822
2932	2940	2781
2940	2725	2781
2940	2749	2725
2932	2962	2940
3054	3017	2962
2400	2463	2526
2400	2331	2463
2400	2378	2331
2137	2191	2160
2139	2289	2292
2289	2404	2292
2404	2241	2292
2404	2437	2241
2437	2361	2241
2361	2156	2241
2361	2365	2156
2361	2413	2365
2413	2496	2365
2496	2432	2365
2432	2295	2365
2432	2321	2295
2321	2185	2295
2321	2327	2185
2327	2301	2185
2301	2164	2185
2301	2312	2164
2301	2350	2312
2301	2327	2350
2327	2321	2350
2413	2458	2496
2458	2610	2496
2610	2620	2496
2610	2727	2620
2727	2726	2620
2726	2692	2620
2692	2653	2620
2692	2661	2653
2661	2581	2653
2692	2726	2661
2726	2848	2661
2848	2858	2661
2858	2729	2661
2848	3008	2858
2848	3087	3008
3087	3171	3008
2848	2942	3087
2942	3004	3087
3004	3096	3087
3004	2915	3096
3004	2942	2915
2942	2856	2915
2856	2826	2915
2826	2779	2915
2779	2925	2915
2779	2790	2925
2790	2804	2925
2804	2872	2925
2804	2809	2872
2809	2845	2872
2845	2968	2872
2845	3067	2968
3067	3092	2968
2804	2700	2809
2804	2790	2700
2779	2727	2790
2779	2826	2727
2826	2726	2727
2413	2361	2458
2289	2466	2404
2289	2359	2466
2289	2341	2359
2144	2271	2179
2179	1931	2144
2271	2356	2179
2271	2545	2356
2545	2412	2356
2412	2398	2356
2412	2468	2398
2412	2545	2468
2545	2631	2468
2631	2586	2468
2631	2724	2586
2724	2751	2586
2724	2827	2751
2827	2812	2751
2827	2832	2812
2832	2862	2812
2862	2803	2812
2803	2654	2812
2803	2802	2654
2862	3027	2803
2862	3070	3027
3070	3127	3027
3127	3080	3027
3080	3042	3027
3080	3153	3042
3153	3140	3042
3140	3028	3042
3028	2992	3042
3028	3041	2992
3041	2970	2992
3041	2974	2970
2974	2774	2970
2974	2926	2774
2926	2701	2774
2926	2748	2701
3028	3140	3041
3140	3230	3041
3230	3189	3041
3230	3349	3189
3349	3244	3189
3153	3234	3140
3234	3255	3140
3153	3127	3234
3127	3228	3234
3228	3370	3234
3127	3070	3228
3070	3105	3228
3105	3306	3228
3105	3120	3306
3120	3151	3306
3151	3389	3306
3389	3397	3306
3397	3473	3306
3473	3431	3306
3473	3616	3431
3616	3647	3431
3647	3554	3431
3554	3440	3431
3440	3370	3431
3554	3510	3440
3510	3413	3440
3510	3462	3413
3462	3434	3413
3462	3520	3434
3520	3349	3434
3520	3563	3349
3563	3411	3349
3563	3594	3411
3594	3593	3411
3593	3512	3411
3593	3654	3512
3654	3607	3512
3607	3457	3512
3607	3643	3457
3593	3674	3654
3674	3887	3654
3887	3795	3654
3887	3936	3795
3936	3723	3795
3593	3594	3674
3594	3639	3674
3639	3672	3674
3639	3520	3672
3520	3510	3672
3510	3719	3672
3520	3462	3510
3639	3563	3520
3639	3594	3563
3647	3615	3554
3647	3802	3615
3616	3660	3647
3473	3515	3616
3473	3397	3515
3151	3168	3389
3168	3364	3389
3364	3424	3389
3364	3508	3424
3151	3120	3168
3120	3143	3168
3120	2972	3143
3120	3105	2972
3105	3070	2972
3153	3080	3127
2832	2972	2862
2832	2827	2972
2827	2830	2972
2830	2921	2972
2830	2891	2921
2830	2797	2891
2797	2966	2891
2966	3016	2891
2966	2990	3016
2990	3126	3016
3126	3142	3016
3126	3175	3142
3175	3277	3142
3175	3287	3277
3175	3365	3287
3175	3139	3365
3139	3388	3365
3388	3423	3365
3139	3285	3388
3175	3126	3139
2990	3014	3126
2990	2801	3014
2990	2966	2801
2966	2797	2801
2797	2625	2801
2625	2638	2801
2638	2758	2801
2638	2650	2758
2650	2662	2758
2662	2754	2758
2662	2672	2754
2672	2756	2754
2756	2933	2754
2756	2934	2933
2756	2788	2934
2788	2916	2934
2916	3021	2934
2788	2819	2916
2788	2693	2819
2788	2672	2693
2672	2640	2693
2640	2665	2693
2788	2756	2672
2650	2457	2662
2797	2606	2625
2797	2631	2606
2631	2585	2606
2631	2545	2585
2797	2830	2631
2830	2724	2631
2830	2827	2724
2144	2051	2271
2147	2177	2313
2177	2334	2313
2334	2389	2313
2177	2221	2334
2177	2199	2221
2313	2152	2147
2165	2246	2176
2246	2296	2176
2296	2276	2176
2276	2204	2176
2276	2257	2204
2257	2219	2204
2257	2347	2219
2347	2239	2219
2347	2422	2239
2347	2474	2422
2257	2276	2347
2276	2296	2347
2201	2274	2264
2206	2240	2281
2240	2262	2281
2262	2308	2281
2262	2244	2308
2244	2376	2308
2376	2482	2308
2376	2571	2482
2571	2557	2482
2557	2480	2482
2571	2659	2557
2571	2671	2659
2376	2476	2571
2376	2287	2476
2376	2244	2287
2262	2240	2244
2213	2322	2304
2213	2318	2322
2220	2370	2355
2355	2277	2220
2250	2401	2269
2401	2436	2269
2259	2399	2363
2363	2258	2259
2258	2100	2259
2272	2390	2298
2272	2416	2390
2416	2501	2390
2416	2431	2501
2275	2317	2323
2317	2451	2323
2451	2448	2323
2451	2517	2448
2517	2544	2448
2517	2630	2544
2517	2518	2630
2517	2451	2518
2451	2317	2518
2278	2302	2415
2302	2464	2415
2464	2589	2415
2464	2615	2589
2615	2734	2589
2734	2563	2589
2302	2408	2464
2302	2383	2408
2383	2481	2408
2383	2411	2481
2411	2473	2481
2473	2510	2481
2510	2603	2481
2510	2529	2603
2529	2584	2603
2584	2686	2603
2686	2739	2603
2739	2615	2603
2686	2825	2739
2825	2880	2739
2880	2877	2739
2880	3082	2877
2880	3072	3082
2529	2473	2584
2529	2510	2473
2383	2230	2411
2283	2392	2309
2290	2333	2346
2333	2520	2346
2520	2369	2346
2369	2306	2346
2306	2290	2346
2369	2360	2306
2360	2335	2306
2360	2397	2335
2397	2324	2335
2324	2294	2335
2520	2553	2369
2520	2635	2553
2635	2720	2553
2520	2639	2635
2333	2519	2520
2333	2364	2519
2364	2515	2519
2364	2484	2515
2333	2311	2364
2319	2499	2329
2332	2388	2373
2373	2236	2332
2236	2173	2332
2373	2368	2236
2339	2503	2505
2505	2523	2339
2353	2377	2485
2362	2444	2391
2391	2235	2362
2444	2573	2391
2382	2570	2506
2570	2629	2506
2629	2608	2506
2629	2718	2608
2718	2689	2608
2629	2782	2718
2782	2823	2718
2782	2911	2823
2911	3009	2823
3009	3001	2823
3001	2998	2823
3001	3150	2998
3150	3158	2998
3158	2967	2998
3158	2964	2967
2964	2890	2967
2964	2955	2890
2955	2978	2890
2955	2996	2978
2996	3076	2978
3076	2959	2978
2959	2780	2978
2780	2759	2978
2780	2634	2759
2780	2813	2634
2780	2878	2813
2878	2900	2813
2878	2909	2900
2909	2988	2900
2988	2845	2900
2845	2839	2900
2845	2717	2839
2717	2613	2839
2717	2593	2613
2717	2700	2593
2717	2715	2700
2909	3048	2988
2909	2959	3048
2959	3095	3048
2959	3117	3095
2959	3076	3117
3076	3167	3117
3076	3172	3167
3172	3290	3167
3290	3338	3167
3338	3280	3167
3338	3443	3280
3443	3418	3280
3418	3319	3280
3418	3450	3319
3290	3343	3338
3343	3416	3338
3172	3299	3290
3299	3305	3290
3299	3374	3305
3374	3416	3305
3299	3172	3374
3172	3200	3374
3172	2996	3200
2996	3158	3200
3158	3262	3200
3158	3150	3262
2996	2964	3158
2996	2955	2964
3172	3076	2996
2909	2878	2959
2878	2780	2959
2782	2886	2911
2886	2930	2911
2930	3129	2911
2930	3134	3129
3134	3264	3129
3264	3396	3129
3396	3147	3129
3396	3380	3147
3396	3528	3380
3264	3451	3396
3134	3132	3264
3132	3162	3264
3132	3030	3162
3132	2930	3030
3132	3134	2930
2886	2888	2930
2886	2735	2888
2886	2667	2735
2667	2677	2735
2667	2554	2677
2667	2507	2554
2507	2396	2554
2667	2570	2507
2667	2782	2570
2667	2886	2782
2403	2446	2425
2425	2406	2403
2425	2495	2406
2425	2446	2495
2446	2513	2495
2513	2575	2495
2513	2537	2575
2537	2682	2575
2513	2403	2537
2513	2446	2403
2409	2441	2530
2441	2611	2530
2611	2664	2530
2418	2555	2525
2419	2430	2475
2419	2352	2430
2426	2541	2561
2428	2550	2577
2550	2712	2577
2550	2710	2712
2577	2460	2428
2433	2645	2521
2645	2564	2521
2645	2598	2564
2598	2555	2564
2433	2595	2645
2595	2646	2645
2646	2740	2645
2740	2763	2645
2763	2792	2645
2792	2744	2645
2763	2838	2792
2763	2740	2838
2740	2776	2838
2776	2863	2838
2776	2837	2863
2837	2867	2863
2867	2951	2863
2867	2901	2951
2901	2952	2951
2901	2907	2952
2740	2646	2776
2646	2643	2776
2433	2483	2595
2434	2511	2479
2511	2617	2479
2456	2533	2472
2456	2562	2533
2562	2558	2533
2558	2472	2533
2562	2678	2558
2562	2574	2678
2574	2614	2678
2614	2696	2678
2614	2651	2696
2562	2456	2574
2465	2559	2548
2471	2565	2567
2471	2452	2565
2565	2690	2567
2565	2741	2690
2741	2799	2690
2502	2531	2596
2531	2600	2596
2600	2730	2596
2730	2618	2596
2618	2549	2596
2549	2502	2596
2534	2648	2728
2728	2657	2534
2728	2783	2657
2783	2746	2657
2728	2791	2783
2791	2871	2783
2791	2852	2871
2536	2591	2673
2536	2561	2591
2536	2399	2561
2591	2709	2673
2709	2795	2673
2538	2663	2607
2663	2786	2607
2786	2818	2607
2818	2755	2607
2786	2923	2818
2923	2949	2818
2923	3102	2949
3102	3156	2949
3156	2944	2949
2923	3137	3102
2923	3138	3137
3138	3267	3137
3267	3335	3137
3267	3310	3335
3310	3477	3335
3310	3344	3477
2539	2592	2568
2579	2624	2647
2579	2530	2624
2647	2599	2579
2594	2674	2679
2674	2849	2679
2674	2669	2849
2669	2691	2849
2601	2644	2627
2644	2652	2627
2627	2498	2601
2609	2723	2622
2612	2772	2770
2772	2784	2770
2628	2753	2658
2753	2757	2658
2628	2817	2753
2817	2887	2753
2887	2945	2753
2887	3006	2945
2817	2844	2887
2817	2855	2844
2855	3002	2844
2855	3037	3002
2855	2917	3037
2917	3058	3037
3058	3112	3037
3058	3205	3112
3058	3183	3205
3183	3248	3205
3248	3316	3205
3248	3236	3316
3236	3238	3316
3236	3183	3238
3183	3209	3238
3209	3251	3238
3251	3442	3238
3251	3376	3442
3251	3229	3376
3251	3118	3229
3209	3160	3251
3209	3183	3160
3183	3082	3160
3236	3248	3183
2855	2883	2917
2855	2734	2883
2734	2877	2883
2633	2702	2706
2641	2668	2768
2641	2573	2668
2649	2688	2761
2688	2811	2761
2811	2910	2761
2666	2684	2747
2747	2584	2666
2708	2716	2814
2713	2794	2773
2721	2893	2771
2893	2950	2771
2950	2828	2771
2950	2914	2828
2914	2894	2828
2914	3019	2894
2914	3044	3019
2914	3050	3044
2914	3060	3050
2914	2950	3060
2733	2752	2874
2752	2847	2874
2847	2902	2874
2752	2798	2847
2745	2905	2865
2760	2816	2868
2816	2899	2868
2899	2943	2868
2943	2919	2868
2943	3030	2919
2899	3033	2943
2816	2824	2899
2824	2889	2899
2824	2652	2889
2652	2869	2889
2869	2924	2889
2869	2944	2924
2824	2816	2652
2789	2831	2835
2820	2931	2953
2829	2850	3035
2833	2954	2908
2954	2984	2908
2984	2876	2908
2876	2720	2908
2954	3073	2984
2840	2896	2885
2861	2882	2881
2861	2849	2882
2849	2961	2882
2961	2881	2882
2849	2994	2961
2994	3057	2961
3057	3176	2961
3176	3148	2961
3176	3283	3148
3283	3311	3148
3311	3227	3148
3311	3307	3227
3307	3326	3227
3326	3220	3227
3326	3174	3220
3174	3056	3220
3174	3081	3056
3081	3011	3056
3011	2881	3056
3081	3032	3011
3174	3186	3081
3186	3208	3081
3186	3297	3208
3186	3326	3297
3186	3174	3326
3307	3490	3326
3490	3430	3326
3490	3572	3430
3307	3428	3490
3307	3311	3428
3311	3283	3428
3176	3198	3283
3198	3247	3283
3176	3057	3198
2881	2814	2861
2866	2960	2987
2960	3034	2987
2870	3010	3065
2884	3007	3000
2884	3020	3007
3020	3052	3007
3052	3000	3007
2892	2991	3039
2991	3144	3039
2991	3109	3144
3109	3195	3144
2991	3062	3109
2903	2976	2928
2976	3088	2928
3088	2982	2928
3088	3051	2982
3051	2960	2982
3051	3152	2960
3051	3088	3152
2906	2979	2912
2912	2730	2906
2730	2777	2906
2941	3099	2958
2947	3110	2981
2981	2852	2947
2852	2722	2947
3110	3124	2981
3110	3276	3124
3110	3241	3276
3110	3029	3241
3110	2989	3029
3110	2947	2989
2975	3133	2993
2985	3145	2995
3145	3063	2995
2985	3059	3145
2997	3221	3064
3005	3177	3101
3022	3246	3097
3022	3199	3246
3199	3263	3246
3023	3089	3104
3104	3100	3023
3023	3063	3089
3053	3083	3121
3083	3181	3121
3181	3185	3121
3079	3223	3155
3084	3282	3252
3085	3225	3141
3225	3202	3141
3202	3052	3141
3202	3265	3052
3265	3273	3052
3085	3188	3225
3188	3272	3225
3272	3427	3225
3086	3211	3128
3091	3179	3197
3179	3226	3197
3226	3300	3197
3300	3240	3197
3300	3357	3240
3357	3354	3240
3226	3340	3300
3226	3179	3340
3094	3258	3274
3258	3360	3274
3360	3285	3274
3098	3232	3216
3232	3293	3216
3111	3113	3204
3113	3278	3204
3114	3243	3256
3243	3313	3256
3243	3318	3313
3135	3182	3291
3182	3320	3291
3320	3334	3291
3320	3406	3334
3135	3034	3182
3135	3078	3034
3157	3377	3322
3377	3536	3322
3536	3537	3322
3536	3589	3537
3377	3482	3536
3377	3375	3482
3375	3591	3482
3591	3655	3482
3655	3653	3482
3653	3650	3482
3653	3847	3650
3847	3865	3650
3847	3999	3865
3653	3655	3847
3655	3832	3847
3655	3617	3832
3655	3591	3617
3591	3468	3617
3468	3511	3617
3511	3614	3617
3511	3567	3614
3591	3379	3468
3379	3246	3468
3379	3351	3246
3379	3375	3351
3375	3245	3351
3245	3219	3351
3375	3377	3245
3377	3157	3245
3166	3224	3279
3178	3298	3239
3298	3332	3239
3332	3270	3239
3298	3453	3332
3298	3373	3453
3373	3509	3453
3509	3613	3453
3509	3709	3613
3709	3711	3613
3711	3627	3613
3627	3602	3613
3627	3649	3602
3649	3619	3602
3619	3421	3602
3649	3665	3619
3649	3808	3665
3808	3856	3665
3649	3711	3808
3711	3807	3808
3649	3627	3711
3509	3631	3709
3509	3636	3631
3636	3782	3631
3509	3450	3636
3450	3610	3636
3509	3373	3450
3298	3235	3373
3298	3178	3235
3178	3092	3235
3092	3214	3235
3180	3201	3206
3180	3156	3201
3206	3033	3180
3191	3292	3266
3191	3171	3292
3193	3294	3268
3231	3295	3242
3295	3254	3242
3250	3257	3355
3257	3399	3355
3399	3410	3355
3410	3412	3355
3399	3504	3410
3399	3445	3504
3445	3505	3504
3505	3680	3504
3680	3670	3504
3445	3454	3505
3454	3624	3505
3454	3566	3624
3454	3427	3566
3257	3273	3399
3253	3296	3324
3259	3366	3347
3347	3177	3259
3366	3415	3347
3415	3476	3347
3476	3481	3347
3476	3592	3481
3476	3415	3592
3281	3359	3301
3301	3181	3281
3281	3436	3359
3436	3491	3359
3303	3391	3394
3391	3464	3394
3464	3544	3394
3308	3361	3353
3323	3425	3346
3323	3409	3425
3409	3564	3425
3564	3489	3425
3327	3381	3333
3327	3392	3381
3392	3518	3381
3327	3371	3392
3371	3441	3392
3330	3507	3486
3507	3571	3486
3571	3611	3486
3611	3484	3486
3611	3559	3484
3559	3402	3484
3559	3585	3402
3507	3590	3571
3330	3362	3507
3345	3560	3350
3560	3503	3350
3560	3555	3503
3555	3623	3503
3623	3527	3503
3527	3374	3503
3555	3728	3623
3728	3790	3623
3790	3634	3623
3790	3794	3634
3794	3731	3634
3790	3831	3794
3790	3909	3831
3909	4059	3831
4059	3992	3831
4059	4140	3992
4059	4091	4140
4091	4304	4140
4304	4323	4140
4323	4342	4140
4091	4209	4304
4091	4062	4209
4062	4057	4209
4062	4027	4057
4062	4059	4027
4059	3909	4027
4062	4091	4059
3790	3728	3909
3728	3826	3909
3728	3762	3826
3762	3896	3826
3762	3817	3896
3728	3695	3762
3728	3555	3695
3555	3587	3695
3555	3560	3587
3352	3549	3438
3367	3369	3403
3403	3382	3367
3369	3461	3403
3383	3400	3422
3385	3492	3499
3385	3292	3492
3292	3517	3492
3517	3499	3492
3517	3558	3499
3390	3429	3432
3432	3483	3390
3483	3318	3390
3432	3552	3483
3432	3459	3552
3432	3429	3459
3393	3420	3414
3393	3382	3420
3395	3506	3471
3506	3525	3471
3506	3659	3525
3405	3474	3437
3435	3542	3580
3542	3606	3580
3606	3667	3580
3667	3603	3580
3667	3648	3603
3667	3699	3648
3667	3718	3699
3718	3772	3699
3446	3531	3513
3531	3570	3513
3570	3693	3513
3693	3575	3513
3693	3621	3575
3621	3583	3575
3583	3524	3575
3583	3662	3524
3531	3595	3570
3531	3561	3595
3561	3625	3595
3625	3671	3595
3625	3663	3671
3625	3561	3663
3458	3599	3540
3463	3541	3553
3541	3656	3553
3541	3500	3656
3500	3725	3656
3541	3406	3500
3467	3604	3612
3604	3702	3612
3702	3682	3612
3682	3638	3612
3682	3664	3638
3682	3722	3664
3722	3659	3664
3604	3628	3702
3628	3716	3702
3716	3830	3702
3830	3883	3702
3628	3658	3716
3658	3798	3716
3658	3746	3798
3658	3704	3746
3475	3514	3550
3550	3436	3475
3478	3532	3551
3485	3519	3637
3519	3622	3637
3496	3545	3717
3545	3705	3717
3545	3572	3705
3717	3721	3496
3717	3858	3721
3858	3871	3721
3871	3749	3721
3502	3547	3568
3539	3565	3767
3565	3756	3767
3756	3846	3767
3846	3759	3767
3759	3539	3767
3846	3848	3759
3848	3785	3759
3848	3955	3785
3848	4034	3955
4034	3974	3955
4034	4159	3974
4159	4079	3974
4079	3944	3974
4079	4092	3944
4079	4151	4092
4079	4159	4151
4159	4206	4151
3756	3787	3846
3787	3851	3846
3787	3675	3851
3675	3898	3851
3675	3679	3898
3679	3842	3898
3842	3931	3898
3546	3796	3642
3557	3577	3600
3573	3596	3755
3578	3753	3597
3753	3668	3597
3668	3630	3597
3630	3582	3597
3630	3668	3582
3668	3758	3582
3668	3788	3758
3668	3803	3788
3668	3753	3803
3753	3838	3803
3584	3813	3588
3588	3428	3584
3588	3618	3428
3588	3823	3618
3823	3646	3618
3588	3813	3823
3813	3946	3823
3946	3980	3823
3598	3697	3669
3609	3687	3677
3687	3791	3677
3791	3783	3677
3783	3761	3677
3761	3694	3677
3761	3729	3694
3761	3773	3729
3773	3708	3729
3773	3809	3708
3809	3763	3708
3763	3652	3708
3809	3839	3763
3839	3901	3763
3901	3806	3763
3901	3928	3806
3901	4010	3928
4010	4037	3928
4010	4087	4037
3809	3943	3839
3809	3761	3943
3761	3783	3943
3783	3874	3943
3783	3791	3874
3791	3855	3874
3855	3916	3874
3916	4000	3874
3791	3816	3855
3791	3692	3816
3791	3687	3692
3809	3773	3761
3629	3689	3750
3689	3741	3750
3741	3867	3750
3867	3821	3750
3741	3876	3867
3876	4043	3867
4043	3958	3867
4043	4161	3958
4043	4171	4161
3633	3735	3661
3735	3742	3661
3645	3738	3676
3666	3688	3734
3688	3757	3734
3757	3789	3734
3757	3892	3789
3673	3743	3684
3685	3720	3784
3685	3700	3720
3700	3828	3720
3828	3833	3720
3833	3784	3720
3833	3915	3784
3700	3818	3828
3700	3799	3818
3686	3770	3771
3770	3825	3771
3825	3877	3771
3877	3902	3771
3902	3857	3771
3902	3921	3857
3921	3960	3857
3902	4100	3921
3902	3922	4100
3922	4070	4100
3902	3877	3922
3877	3825	3922
3696	3732	3748
3732	3812	3748
3706	3854	3897
3715	3744	3780
3744	3752	3780
3752	3962	3780
3739	3778	3862
3778	3860	3862
3778	3805	3860
3805	3849	3860
3849	3919	3860
3919	3942	3860
3919	4035	3942
4035	4048	3942
4035	4073	4048
3849	3835	3919
3751	3893	3824
3893	3967	3824
3967	3843	3824
3843	3680	3824
3843	3869	3680
3843	3967	3869
3893	4054	3967
4054	4031	3967
4054	4097	4031
3776	3800	3845
3800	3811	3845
3800	3786	3811
3786	3857	3811
3776	3755	3800
3777	3975	3904
3797	3829	3815
3801	3940	3864
3940	4024	3864
4024	3976	3864
3976	3973	3864
3804	3891	3935
3935	3870	3804
3870	3837	3804
3935	4021	3870
3935	4004	4021
4004	4058	4021
3810	3814	3827
3814	3888	3827
3888	3961	3827
3888	3914	3961
3914	4033	3961
4033	3979	3961
3914	3912	4033
3912	3905	4033
3912	3814	3905
3912	3888	3814
3912	3914	3888
3836	3950	3875
3875	3738	3836
3738	3713	3836
3950	4045	3875
3950	3964	4045
3964	4110	4045
3964	4075	4110
3844	3951	3941
3844	3878	3951
3878	4023	3951
4023	4089	3951
4023	4084	4089
4023	4047	4084
4047	4019	4084
3850	3886	3978
3978	3879	3850
3873	3983	3924
3983	4006	3924
4006	3959	3924
3983	4112	4006
3924	3725	3873
3725	3760	3873
3884	3930	3885
3890	3949	3911
3949	4122	3911
4122	3966	3911
4122	4078	3966
4122	4146	4078
4122	4168	4146
3908	3991	3956
3991	4032	3956
3917	3990	3952
3990	3994	3952
3990	4120	3994
3990	4068	4120
4068	4166	4120
3918	3939	4049
3926	3945	4076
3929	3968	4013
3968	4066	4013
3968	4142	4066
3968	4131	4142
4131	4221	4142
4221	4214	4142
4221	4313	4214
4313	4355	4214
4131	4145	4221
4145	4202	4221
3948	3970	4017
3970	4093	4017
4093	4115	4017
3970	4124	4093
3970	4022	4124
4022	4085	4124
4022	4009	4085
4009	3969	4085
3954	3996	4016
3996	4096	4016
4096	4116	4016
4116	4111	4016
4116	4125	4111
4116	4154	4125
4116	4096	4154
4096	4175	4154
4175	4248	4154
4175	4195	4248
4195	4237	4248
4237	4359	4248
4359	4325	4248
4359	4369	4325
4369	4379	4325
4379	4344	4325
4344	4229	4325
4379	4461	4344
4461	4434	4344
4434	4298	4344
4298	4235	4344
4434	4387	4298
4434	4515	4387
4515	4412	4387
4515	4490	4412
4490	4489	4412
4489	4397	4412
4397	4335	4412
4397	4399	4335
4399	4322	4335
4322	4262	4335
4322	4220	4262
4322	4247	4220
4247	4138	4220
4399	4396	4322
4399	4440	4396
4440	4442	4396
4440	4487	4442
4487	4516	4442
4516	4422	4442
4516	4452	4422
4452	4439	4422
4516	4518	4452
4516	4613	4518
4613	4646	4518
4646	4517	4518
4646	4584	4517
4584	4491	4517
4491	4433	4517
4584	4595	4491
4595	4567	4491
4567	4477	4491
4567	4566	4477
4566	4416	4477
4566	4549	4416
4549	4417	4416
4417	4384	4416
4384	4324	4416
4417	4334	4384
4417	4300	4334
4300	4206	4334
4549	4485	4417
4549	4599	4485
4599	4524	4485
4524	4465	4485
4465	4362	4485
4524	4534	4465
4524	4564	4534
4564	4639	4534
4639	4572	4534
4639	4682	4572
4682	4602	4572
4682	4739	4602
4739	4715	4602
4715	4669	4602
4669	4546	4602
4669	4637	4546
4637	4499	4546
4669	4700	4637
4700	4738	4637
4738	4581	4637
4700	4752	4738
4752	4778	4738
4778	4858	4738
4858	4753	4738
4753	4600	4738
4753	4663	4600
4663	4588	4600
4588	4402	4600
4402	4513	4600
4513	4581	4600
4402	4331	4513
4331	4421	4513
4588	4449	4402
4663	4652	4588
4652	4725	4588
4652	4812	4725
4812	4787	4725
4787	4757	4725
4757	4592	4725
4592	4552	4725
4757	4661	4592
4661	4576	4592
4661	4562	4576
4661	4573	4562
4573	4427	4562
4427	4405	4562
4427	4360	4405
4360	4233	4405
4233	4227	4405
4360	4265	4233
4360	4292	4265
4292	4238	4265
4292	4189	4238
4292	4226	4189
4292	4224	4226
4292	4270	4224
4270	4147	4224
4147	4106	4224
4147	4099	4106
4270	4371	4147
4270	4413	4371
4413	4500	4371
4500	4425	4371
4425	4365	4371
4500	4501	4425
4501	4488	4425
4488	4466	4425
4466	4364	4425
4466	4420	4364
4420	4282	4364
4420	4299	4282
4299	4179	4282
4179	4169	4282
4466	4497	4420
4497	4458	4420
4497	4494	4458
4494	4496	4458
4496	4410	4458
4496	4448	4410
4448	4366	4410
4448	4340	4366
4340	4246	4366
4340	4330	4246
4340	4348	4330
4348	4320	4330
4340	4448	4348
4448	4474	4348
4448	4496	4474
4496	4493	4474
4496	4550	4493
4496	4494	4550
4494	4521	4550
4521	4578	4550
4521	4560	4578
4560	4640	4578
4640	4666	4578
4666	4677	4578
4666	4772	4677
4772	4696	4677
4772	4684	4696
4666	4741	4772
4741	4773	4772
4773	4810	4772
4773	4741	4810
4741	4841	4810
4841	4833	4810
4833	4860	4810
4833	4896	4860
4896	4882	4860
4882	4733	4860
4733	4784	4860
4733	4734	4784
4734	4707	4784
4707	4685	4784
4707	4609	4685
4707	4610	4609
4707	4734	4610
4734	4601	4610
4882	4746	4733
4882	4868	4746
4868	4706	4746
4706	4701	4746
4701	4570	4746
4701	4535	4570
4535	4453	4570
4453	4579	4570
4579	4587	4570
4579	4607	4587
4579	4563	4607
4563	4601	4607
4563	4555	4601
4563	4444	4555
4444	4437	4555
4444	4398	4437
4398	4385	4437
4444	4390	4398
4390	4269	4398
4269	4261	4398
4269	4218	4261
4269	4194	4218
4194	4089	4218
4269	4172	4194
4269	4290	4172
4290	4212	4172
4212	4082	4172
4290	4263	4212
4290	4390	4263
4290	4269	4390
4444	4453	4390
4453	4530	4390
4453	4535	4530
4535	4618	4530
4618	4598	4530
4618	4605	4598
4618	4665	4605
4618	4697	4665
4697	4824	4665
4824	4791	4665
4791	4686	4665
4791	4799	4686
4799	4736	4686
4799	4806	4736
4799	4847	4806
4847	4911	4806
4911	4899	4806
4899	4834	4806
4899	4908	4834
4908	4817	4834
4817	4743	4834
4817	4776	4743
4776	4705	4743
4705	4711	4743
4705	4616	4711
4817	4815	4776
4817	4894	4815
4894	4823	4815
4823	4798	4815
4823	4894	4798
4894	4866	4798
4866	4720	4798
4720	4676	4798
4720	4691	4676
4691	4621	4676
4621	4615	4676
4621	4582	4615
4582	4467	4615
4467	4537	4615
4582	4484	4467
4582	4621	4484
4621	4561	4484
4621	4597	4561
4621	4704	4597
4704	4635	4597
4704	4796	4635
4796	4759	4635
4759	4713	4635
4713	4645	4635
4713	4673	4645
4713	4829	4673
4829	4777	4673
4829	4830	4777
4830	4849	4777
4849	4795	4777
4795	4758	4777
4795	4742	4758
4742	4662	4758
4795	4831	4742
4795	4875	4831
4875	4840	4831
4840	4790	4831
4790	4698	4831
4840	4809	4790
4840	4873	4809
4873	4781	4809
4873	4803	4781
4803	4762	4781
4762	4750	4781
4762	4803	4750
4803	4695	4750
4695	4626	4750
4695	4617	4626
4617	4569	4626
4617	4508	4569
4617	4519	4508
4519	4456	4508
4695	4658	4617
4658	4633	4617
4658	4703	4633
4703	4625	4633
4625	4481	4633
4625	4451	4481
4451	4368	4481
4368	4456	4481
4368	4377	4456
4451	4336	4368
4451	4383	4336
4383	4285	4336
4285	4275	4336
4275	4204	4336
4275	4190	4204
4275	4285	4190
4383	4388	4285
4383	4438	4388
4438	4435	4388
4435	4408	4388
4408	4381	4388
4408	4333	4381
4383	4451	4438
4703	4767	4625
4767	4692	4625
4692	4620	4625
4620	4559	4625
4620	4596	4559
4596	4520	4559
4596	4624	4520
4624	4551	4520
4624	4674	4551
4624	4671	4674
4671	4774	4674
4774	4843	4674
4843	4764	4674
4843	4800	4764
4800	4755	4764
4800	4797	4755
4797	4729	4755
4797	4735	4729
4735	4670	4729
4735	4732	4670
4735	4862	4732
4862	4835	4732
4835	4771	4732
4771	4690	4732
4690	4629	4732
4690	4622	4629
4690	4631	4622
4631	4536	4622
4690	4660	4631
4690	4693	4660
4693	4619	4660
4693	4681	4619
4681	4641	4619
4641	4612	4619
4612	4522	4619
4522	4503	4619
4522	4532	4503
4532	4461	4503
4461	4379	4503
4532	4434	4461
4532	4515	4434
4532	4545	4515
4545	4571	4515
4571	4527	4515
4527	4490	4515
4527	4489	4490
4527	4604	4489
4604	4533	4489
4533	4440	4489
4440	4399	4489
4399	4397	4489
4533	4487	4440
4533	4543	4487
4543	4516	4487
4543	4613	4516
4543	4611	4613
4611	4689	4613
4689	4675	4613
4675	4646	4613
4675	4721	4646
4721	4683	4646
4683	4667	4646
4667	4584	4646
4667	4595	4584
4667	4648	4595
4648	4567	4595
4648	4566	4567
4648	4680	4566
4680	4654	4566
4654	4653	4566
4653	4549	4566
4653	4599	4549
4653	4668	4599
4668	4649	4599
4649	4564	4599
4564	4524	4599
4649	4639	4564
4649	4726	4639
4726	4763	4639
4763	4761	4639
4761	4682	4639
4761	4780	4682
4780	4739	4682
4780	4765	4739
4765	4749	4739
4749	4715	4739
4749	4752	4715
4752	4700	4715
4700	4669	4715
4749	4827	4752
4827	4813	4752
4813	4778	4752
4813	4832	4778
4832	4887	4778
4887	4869	4778
4869	4858	4778
4869	4969	4858
4969	4917	4858
4917	4871	4858
4871	4838	4858
4838	4753	4858
4838	4663	4753
4838	4652	4663
4871	4859	4838
4871	4888	4859
4888	4820	4859
4820	4812	4859
4820	4787	4812
4820	4861	4787
4820	4889	4861
4820	4888	4889
4888	4931	4889
4931	4957	4889
4957	4950	4889
4957	4977	4950
4977	4986	4950
4986	4891	4950
4891	4822	4950
4891	4844	4822
4844	4724	4822
4844	4766	4724
4766	4719	4724
4719	4606	4724
4719	4644	4606
4644	4544	4606
4544	4529	4606
4529	4479	4606
4479	4450	4606
4450	4457	4606
4450	4292	4457
4292	4427	4457
4427	4573	4457
4292	4360	4427
4450	4270	4292
4450	4413	4270
4450	4479	4413
4479	4500	4413
4479	4512	4500
4512	4544	4500
4544	4514	4500
4514	4526	4500
4526	4501	4500
4526	4521	4501
4521	4497	4501
4497	4488	4501
4497	4466	4488
4521	4494	4497
4526	4560	4521
4526	4558	4560
4558	4590	4560
4590	4640	4560
4590	4651	4640
4651	4708	4640
4708	4666	4640
4708	4741	4666
4708	4760	4741
4760	4841	4741
4760	4857	4841
4857	4901	4841
4901	4920	4841
4920	4896	4841
4896	4833	4841
4920	4942	4896
4942	4936	4896
4936	4882	4896
4936	4962	4882
4962	4945	4882
4945	4868	4882
4945	4848	4868
4848	4706	4868
4848	4824	4706
4824	4697	4706
4697	4618	4706
4618	4701	4706
4618	4535	4701
4848	4842	4824
4842	4791	4824
4842	4851	4791
4851	4837	4791
4837	4799	4791
4837	4847	4799
4837	4949	4847
4949	4924	4847
4924	4911	4847
4924	4975	4911
4975	4968	4911
4968	4916	4911
4916	4899	4911
4916	4908	4899
4916	4968	4908
4968	4980	4908
4980	4952	4908
4952	4894	4908
4894	4817	4908
4952	4956	4894
4956	4866	4894
4956	4971	4866
4971	4852	4866
4852	4786	4866
4786	4720	4866
4786	4704	4720
4704	4691	4720
4704	4621	4691
4786	4796	4704
4786	4852	4796
4852	4904	4796
4904	4897	4796
4897	4854	4796
4854	4759	4796
4854	4829	4759
4829	4713	4759
4854	4870	4829
4870	4830	4829
4870	4906	4830
4906	4849	4830
4906	4923	4849
4923	4875	4849
4875	4795	4849
4923	4915	4875
4915	4927	4875
4927	4840	4875
4927	4873	4840
4927	4922	4873
4922	4803	4873
4922	4856	4803
4856	4814	4803
4814	4695	4803
4814	4740	4695
4740	4658	4695
4740	4703	4658
4740	4767	4703
4740	4816	4767
4816	4774	4767
4774	4692	4767
4774	4671	4692
4671	4620	4692
4671	4596	4620
4671	4624	4596
4740	4814	4816
4814	4874	4816
4874	4902	4816
4902	4912	4816
4912	4929	4816
4912	4984	4929
4984	4966	4929
4966	4951	4929
4966	4939	4951
4939	4907	4951
4907	4930	4951
4907	4886	4930
4886	4867	4930
4867	4885	4930
4885	4905	4930
4905	4843	4930
4905	4890	4843
4890	4800	4843
4890	4846	4800
4846	4797	4800
4846	4735	4797
4846	4862	4735
4846	4890	4862
4890	4885	4862
4885	4835	4862
4885	4808	4835
4808	4771	4835
4808	4744	4771
4744	4693	4771
4693	4690	4771
4744	4681	4693
4744	4788	4681
4788	4710	4681
4710	4641	4681
4710	4638	4641
4638	4593	4641
4593	4612	4641
4593	4522	4612
4593	4532	4522
4593	4586	4532
4586	4545	4532
4586	4608	4545
4608	4571	4545
4608	4614	4571
4614	4527	4571
4614	4604	4527
4614	4688	4604
4688	4603	4604
4603	4533	4604
4603	4611	4533
4611	4543	4533
4603	4679	4611
4679	4689	4611
4679	4748	4689
4748	4675	4689
4748	4721	4675
4748	4818	4721
4818	4794	4721
4794	4717	4721
4717	4683	4721
4717	4667	4683
4717	4712	4667
4712	4648	4667
4712	4680	4648
4712	4714	4680
4714	4727	4680
4727	4654	4680
4727	4699	4654
4699	4653	4654
4699	4668	4653
4699	4731	4668
4731	4726	4668
4726	4649	4668
4731	4768	4726
4768	4763	4726
4768	4802	4763
4802	4792	4763
4792	4761	4763
4792	4780	4761
4792	4826	4780
4826	4865	4780
4865	4765	4780
4865	4827	4765
4827	4749	4765
4865	4948	4827
4948	4813	4827
4948	4893	4813
4893	4832	4813
4893	4887	4832
4893	4981	4887
4981	4969	4887
4969	4869	4887
4981	5009	4969
5009	5010	4969
5010	4995	4969
4995	4917	4969
4995	4957	4917
4957	4931	4917
4931	4888	4917
4888	4871	4917
4995	5049	4957
5049	5016	4957
5016	4977	4957
5016	5003	4977
5003	4986	4977
5003	5019	4986
5019	4953	4986
4953	4913	4986
4913	4925	4986
4925	4891	4986
4925	4909	4891
4909	4766	4891
4766	4844	4891
4909	4850	4766
4850	4801	4766
4801	4769	4766
4769	4737	4766
4737	4719	4766
4737	4644	4719
4737	4632	4644
4632	4554	4644
4554	4544	4644
4554	4514	4544
4554	4553	4514
4553	4526	4514
4553	4558	4526
4553	4623	4558
4623	4590	4558
4623	4651	4590
4623	4643	4651
4643	4664	4651
4664	4716	4651
4716	4708	4651
4716	4760	4708
4716	4718	4760
4718	4730	4760
4730	4864	4760
4864	4857	4760
4864	4878	4857
4878	4892	4857
4892	4901	4857
4892	4935	4901
4935	4920	4901
4935	4942	4920
4935	4960	4942
4960	4936	4942
4960	4962	4936
4960	4982	4962
4982	4945	4962
4982	4967	4945
4967	4848	4945
4967	4842	4848
4967	4851	4842
4967	4949	4851
4949	4837	4851
4967	5048	4949
5048	5027	4949
5027	4999	4949
4999	4924	4949
4999	4975	4924
4999	5006	4975
5006	5073	4975
5073	5018	4975
5018	4968	4975
5018	5000	4968
5000	4980	4968
5000	5007	4980
5007	4952	4980
5007	4956	4952
5007	4988	4956
4988	4971	4956
4988	5013	4971
5013	5001	4971
5001	4932	4971
4932	4904	4971
4904	4852	4971
4932	4897	4904
4932	4965	4897
4965	4947	4897
4947	4854	4897
4947	4870	4854
4947	4906	4870
4947	4964	4906
4964	4923	4906
4964	4973	4923
4973	4955	4923
4955	4915	4923
4955	4961	4915
4961	4946	4915
4946	4927	4915
4946	4978	4927
4978	5011	4927
5011	4922	4927
5011	5034	4922
5034	5004	4922
5004	4903	4922
4903	4856	4922
4903	4883	4856
4883	4814	4856
4883	4874	4814
4883	4928	4874
4928	4902	4874
4928	4912	4902
4928	4984	4912
4928	4976	4984
4976	5008	4984
5008	4997	4984
4997	4958	4984
4958	4966	4984
4958	4954	4966
4954	4939	4966
4954	4926	4939
4926	4876	4939
4876	4907	4939
4876	4839	4907
4839	4886	4907
4839	4845	4886
4845	4867	4886
4845	4783	4867
4783	4770	4867
4770	4825	4867
4825	4885	4867
4825	4808	4885
4825	4788	4808
4788	4744	4808
4825	4770	4788
4770	4710	4788
4770	4756	4710
4756	4687	4710
4687	4657	4710
4657	4638	4710
4657	4628	4638
4628	4593	4638
4628	4586	4593
4628	4608	4586
4628	4657	4608
4657	4614	4608
4657	4688	4614
4657	4687	4688
4687	4756	4688
4756	4747	4688
4747	4722	4688
4722	4679	4688
4679	4603	4688
4722	4748	4679
4722	4747	4748
4747	4805	4748
4805	4818	4748
4805	4836	4818
4836	4914	4818
4836	4884	4914
4884	4900	4914
4900	4938	4914
4938	4937	4914
4937	4898	4914
4937	4943	4898
4943	4879	4898
4879	4881	4898
4879	4804	4881
4804	4785	4881
4785	4794	4881
4785	4717	4794
4785	4712	4717
4785	4775	4712
4775	4745	4712
4745	4714	4712
4745	4727	4714
4745	4751	4727
4751	4699	4727
4751	4731	4699
4751	4768	4731
4751	4793	4768
4793	4802	4768
4793	4819	4802
4819	4855	4802
4855	4880	4802
4880	4792	4802
4880	4877	4792
4877	4826	4792
4877	4865	4826
4877	4910	4865
4910	4991	4865
4991	4948	4865
4991	4993	4948
4993	4990	4948
4990	4974	4948
4974	4893	4948
4974	4981	4893
4974	4998	4981
4998	5009	4981
4998	5022	5009
5022	5037	5009
5037	5010	5009
5037	5039	5010
5039	4995	5010
5039	5049	4995
5039	5061	5049
5061	5059	5049
5059	5036	5049
5036	5016	5049
5036	5003	5016
5036	5019	5003
5036	5017	5019
5017	4953	5019
5017	5030	4953
5030	4934	4953
4934	4940	4953
4940	4913	4953
4940	4934	4913
4934	4850	4913
4850	4909	4913
4909	4925	4913
4934	4821	4850
4821	4801	4850
4821	4730	4801
4730	4769	4801
4730	4754	4769
4754	4737	4769
4754	4730	4737
4730	4630	4737
4630	4632	4737
4630	4554	4632
4630	4553	4554
4630	4623	4553
4630	4643	4623
4630	4730	4643
4730	4664	4643
4730	4718	4664
4718	4716	4664
4821	4853	4730
4853	4864	4730
4853	4941	4864
4941	4878	4864
4941	4892	4878
4941	4935	4892
4941	4972	4935
4972	4960	4935
4972	4994	4960
4994	4982	4960
4972	4970	4994
4970	5030	4994
5030	5076	4994
5030	5085	5076
5085	5092	5076
5085	5093	5092
5093	5090	5092
5090	5048	5092
5090	5027	5048
5090	5026	5027
5026	4999	5027
5026	5006	4999
5026	5073	5006
5026	5090	5073
5090	5093	5073
5093	5091	5073
5085	5083	5093
5085	5047	5083
5047	5061	5083
5047	5059	5061
5047	5036	5059
5047	5017	5036
5047	5030	5017
5047	5085	5030
4970	4934	5030
4970	4941	4934
4941	4853	4934
4853	4821	4934
4970	4972	4941
5039	5046	5061
5039	5037	5046
5037	5050	5046
5037	5022	5050
5022	5043	5050
5043	5053	5050
5053	5058	5050
5058	5072	5050
5058	5062	5072
5062	5063	5072
5063	5057	5072
5057	5091	5072
5063	5065	5057
5065	5056	5057
5056	5044	5057
5044	5000	5057
5000	5018	5057
5044	5007	5000
5044	5013	5007
5013	4988	5007
5044	5045	5013
5045	5001	5013
5045	5040	5001
5040	5038	5001
5038	5012	5001
5012	4965	5001
4965	4932	5001
5012	4947	4965
5012	4964	4947
5012	5002	4964
5002	5032	4964
5032	4973	4964
5032	5033	4973
5033	4961	4973
4961	4955	4973
5033	5028	4961
5028	4978	4961
4978	4946	4961
5028	5011	4978
5028	5089	5011
5028	5075	5089
5075	5088	5089
5088	5080	5089
5080	5079	5089
5080	5055	5079
5055	5021	5079
5021	5060	5079
5060	5071	5079
5071	5052	5079
5071	5042	5052
5042	5034	5052
5034	5011	5052
5042	5004	5034
5042	5014	5004
5014	4976	5004
4976	4903	5004
4976	4918	4903
4918	4883	4903
4918	4928	4883
4918	4976	4928
5014	5008	4976
5014	4992	5008
4992	4997	5008
4992	4958	4997
4992	4987	4958
4987	4938	4958
4938	4954	4958
4938	4921	4954
4921	4926	4954
4921	4876	4926
4921	4900	4876
4900	4884	4876
4884	4839	4876
4884	4811	4839
4811	4789	4839
4789	4845	4839
4789	4783	4845
4789	4756	4783
4756	4770	4783
4789	4811	4756
4811	4747	4756
4811	4805	4747
4811	4836	4805
4811	4884	4836
4921	4938	4900
4987	4985	4938
4985	4979	4938
4979	4937	4938
4979	4943	4937
4979	4944	4943
4944	4879	4943
4944	4895	4879
4895	4863	4879
4863	4804	4879
4863	4828	4804
4828	4745	4804
4745	4775	4804
4775	4785	4804
4828	4782	4745
4782	4751	4745
4782	4793	4751
4782	4819	4793
4782	4828	4819
4828	4963	4819
4963	4933	4819
4933	4855	4819
4933	4880	4855
4933	4959	4880
4933	4963	4959
4963	5005	4959
5005	4996	4959
5005	5020	4996
5005	5021	5020
5021	5055	5020
5055	5080	5020
5080	5031	5020
5031	5035	5020
5031	5041	5035
5041	5051	5035
5051	5015	5035
5015	4991	5035
5015	4993	4991
5015	5024	4993
5024	4990	4993
5024	5023	4990
5023	4998	4990
4998	4974	4990
5023	5022	4998
5023	5043	5022
5023	5066	5043
5066	5058	5043
5058	5053	5043
5066	5068	5058
5068	5062	5058
5068	5067	5062
5067	5064	5062
5064	5070	5062
5070	5063	5062
5070	5065	5063
5070	5056	5065
5070	5045	5056
5045	5044	5056
5070	5064	5045
5064	5040	5045
5064	5067	5040
5067	5077	5040
5077	5038	5040
5077	5012	5038
5077	5002	5012
5077	5082	5002
5082	5054	5002
5054	5032	5002
5054	5084	5032
5084	5033	5032
5084	5075	5033
5075	5028	5033
5084	5088	5075
5084	5087	5088
5087	5078	5088
5078	5080	5088
5078	5041	5080
5041	5031	5080
5078	5074	5041
5074	5051	5041
5074	5081	5051
5074	5087	5081
5087	5084	5081
5084	5082	5081
5082	5077	5081
5084	5054	5082
5074	5078	5087
5068	5069	5067
5068	5066	5069
5066	5024	5069
5024	5025	5069
5024	5015	5025
5015	5051	5025
5066	5023	5024
5005	4983	5021
4983	4944	5021
4944	4979	5021
4979	4985	5021
4983	4963	4944
4963	4895	4944
4963	4872	4895
4872	4863	4895
4872	4828	4863
4872	4963	4828
4983	5005	4963
4987	5029	4985
4987	4992	5029
4992	5014	5029
5014	5042	5029
5042	5060	5029
5042	5071	5060
4910	4919	4991
4910	4877	4919
4877	4880	4919
4967	4982	5048
4890	4905	4885
4512	4529	4544
4512	4479	4529
4444	4563	4453
4563	4579	4453
4757	4723	4661
4369	4359	4379
4175	4096	4195
4096	4187	4195
3957	4015	4007
3965	4040	4039
3972	4044	4081
3977	4005	4083
4083	4182	3977
4083	4188	4182
4188	4274	4182
4274	4243	4182
4243	4130	4182
4243	4199	4130
4199	4112	4130
4274	4314	4243
3981	4185	4143
3988	4086	3993
4028	4069	4095
4069	4210	4095
4069	4162	4210
4162	4288	4210
4095	3896	4028
4038	4056	4156
4061	4180	4119
4180	4201	4119
4180	4256	4201
4180	4228	4256
4180	4137	4228
4067	4176	4136
4176	4260	4136
4260	4310	4136
4080	4121	4165
4121	4128	4165
4128	4192	4165
4192	4191	4165
4128	4190	4192
4128	4071	4190
4071	4042	4190
4090	4223	4098
4117	4273	4164
4273	4306	4164
4306	4135	4164
4306	4268	4135
4306	4321	4268
4306	4424	4321
4306	4374	4424
4306	4273	4374
4273	4297	4374
4123	4303	4163
4127	4232	4144
4148	4213	4174
4157	4278	4258
4157	4225	4278
4278	4363	4258
4363	4312	4258
4312	4222	4258
4178	4216	4272
4216	4341	4272
4341	4311	4272
4311	4277	4272
4277	4181	4272
4181	4178	4272
4311	4415	4277
4415	4358	4277
4358	4294	4277
4358	4346	4294
4346	4286	4294
4203	4295	4253
4203	4156	4295
4156	4245	4295
4245	4395	4295
4245	4242	4395
4205	4254	4215
4254	4234	4215
4266	4267	4354
4354	4389	4266
4389	4372	4266
4372	4276	4266
4372	4302	4276
4302	4305	4276
4302	4391	4305
4391	4404	4305
4404	4403	4305
4403	4297	4305
4302	4372	4391
4372	4471	4391
4372	4389	4471
4389	4354	4471
4271	4318	4476
4279	4353	4280
4279	4433	4353
4353	4324	4280
4287	4343	4375
4343	4431	4375
4343	4455	4431
4455	4483	4431
4455	4470	4483
4470	4548	4483
4343	4409	4455
4343	4327	4409
4343	4287	4327
4315	4357	4317
4357	4377	4317
4315	4429	4357
4338	4411	4460
4367	4400	4428
4367	4386	4400
4373	4382	4468
4382	4464	4468
4464	4591	4468
4394	4443	4511
4443	4594	4511
4511	4429	4394
4511	4569	4429
4418	4509	4525
4509	4577	4525
4525	4528	4418
4528	4506	4418
4419	4557	4505
4557	4580	4505
4580	4436	4505
4580	4589	4436
4430	4498	4480
4498	4556	4480
4432	4475	4495
4510	4539	4585
4539	4673	4585
533	402	546
420	508	484
919	967	804
1083	1106	1034
1083	1191	1106
1261	1211	1373
1211	1280	1373
133	188	156
261	288	276
200	249	231
249	288	231
200	178	249
178	174	249
174	267	249
174	304	267
304	296	267
174	193	304
193	208	304
208	259	304
174	170	193
174	145	170
174	165	145
174	173	165
174	178	173
200	219	178
219	185	178
219	216	185
340	368	346
368	407	346
340	292	368
310	415	330
334	283	332
245	238	283
166	197	152
166	305	197
205	371	305
116	70	73
116	102	70
257	260	268
257	191	260
182	143	191
885	947	814
947	1090	814
1090	987	814
987	886	814
947	1096	1090
915	1028	981
247	188	197
314	294	215
607	744	625
744	690	625
607	769	744
769	908	744
952	872	786
952	965	872
965	950	872
952	989	965
840	1004	952
1004	1057	952
1057	1010	952
840	879	1004
879	934	1004
840	768	879
840	756	768
477	355	523
549	577	661
958	941	868
1372	1270	1289
1848	2011	1879
2141	2320	2133
2017	2100	2125
2218	2342	2186
1871	1704	1875
1871	1621	1704
1621	1615	1704
1871	1815	1621
1815	1682	1621
1328	1564	1358
938	1009	994
936	962	939
815	789	799
821	819	789
870	996	1081
1549	1728	1609
1728	1899	1609
1552	1733	1581
1284	1054	1290
1085	1058	1271
1320	1470	1477
1470	1696	1477
1696	1672	1477
1470	1643	1696
1643	1710	1696
1470	1605	1643
1320	1420	1470
1320	1241	1420
1136	1297	1113
1297	1200	1113
1297	1409	1200
1297	1395	1409
1145	1207	1023
1087	1142	998
1002	1109	1045
1181	1448	1121
1314	1397	1181
1264	1346	1268
1346	1512	1268
1346	1557	1512
1557	1537	1512
1537	1635	1512
1537	1656	1635
1656	1878	1635
1878	1885	1635
1885	1911	1635
1911	1647	1635
1911	1818	1647
1911	1936	1818
1936	1968	1818
1656	1877	1878
1877	2142	1878
1877	2224	2142
1877	2077	2224
2077	2226	2224
2226	2251	2224
1877	1766	2077
1537	1557	1656
1159	1223	1273
1208	1299	1218
2291	2209	2121
2209	1929	2121
2208	1930	2189
2208	1979	1930
2449	2621	2366
2621	2669	2366
2621	2691	2669
2621	2738	2691
2738	2849	2691
2738	2994	2849
2738	2870	2994
2870	3069	2994
2870	3065	3069
2449	2532	2621
2532	2552	2621
2443	2552	2445
2516	2509	2293
2516	2604	2509
2516	2719	2604
2516	2546	2719
2546	2654	2719
2654	2802	2719
2802	2807	2719
2807	2992	2719
2992	2970	2719
2970	2774	2719
2807	3042	2992
2807	2802	3042
2802	3027	3042
2802	2803	3027
1931	2179	1938
1525	1496	1322
1720	1678	1496
1720	1755	1678
1752	1969	1720
1224	1097	1229
1371	1620	1441
1485	1624	1459
1490	1741	1455
1490	1756	1741
1756	1797	1741
1533	1775	1528
2447	2665	2469
2665	2640	2469
2447	2681	2665
2681	2793	2665
2793	2808	2665
2203	2117	2374
2203	1944	2117
2203	1843	1944
1843	1770	1944
2203	2005	1843
1452	1179	1472
1556	1347	1523
1639	1594	1771
1927	1786	1867
1786	1565	1867
1565	1650	1867
1786	1737	1565
1988	2206	1927
2206	2117	1927
1746	1844	1802
1754	1959	1891
1959	2073	1891
2073	2123	1891
1959	2054	2073
2265	2353	2108
2265	2377	2353
1892	1857	1913
1857	1874	1913
1892	1823	1857
2320	2230	2192
2320	2473	2230
2473	2411	2230
2320	2438	2473
2438	2584	2473
2438	2666	2584
2438	2535	2666
1961	2372	1962
1961	2367	2372
2367	2450	2372
2450	2501	2372
2450	2568	2501
2214	2162	2069
2093	1900	1981
2152	2271	2051
2152	2313	2271
2235	2310	2114
2310	2287	2114
2235	2391	2310
2149	2056	2223
2231	2348	2233
2178	1976	2075
2230	2383	2129
3215	3207	3328
2350	2581	2312
2581	2423	2312
2350	2653	2581
2350	2432	2653
2432	2496	2653
2496	2620	2653
2350	2321	2432
2915	2925	3096
3092	3178	2968
2845	2988	3067
2727	2610	2790
3140	3255	3230
3674	4003	3887
3674	3672	4003
3672	3987	4003
3987	4123	4003
4123	4163	4003
3672	3719	3987
3388	3466	3423
2801	2758	3014
2754	2933	2758
2650	2638	2457
2615	2877	2734
2615	2739	2877
2686	2747	2825
2747	2879	2825
2686	2584	2747
2484	2708	2515
2484	2716	2708
2484	2594	2716
2484	2442	2594
2329	2238	2319
2499	2461	2329
2373	2663	2368
2573	2641	2391
2608	2429	2506
2429	2357	2506
2608	2590	2429
2608	2689	2590
2689	2605	2590
2718	2890	2689
2890	2759	2689
2890	2978	2759
2718	2967	2890
2718	2823	2967
2823	2998	2967
2813	2583	2634
2583	2528	2634
2528	2462	2634
2462	2580	2634
2583	2466	2528
2813	2839	2583
2839	2613	2583
2813	2900	2839
3200	3262	3374
3262	3503	3374
3001	3009	3150
3264	3472	3451
2782	2629	2570
2426	2623	2541
2564	2555	2521
2645	2744	2598
2744	2737	2598
2951	3074	2863
2952	2999	2951
2696	2821	2678
2852	2981	2871
3156	3180	2944
3137	3335	3102
2644	2787	2652
2721	2699	2893
2984	2906	2876
3073	3164	2984
3073	3208	3164
3283	3247	3428
3247	3537	3428
3537	3584	3428
3247	3322	3537
2960	3182	3034
2960	3152	3182
2884	2842	3020
2991	2871	3062
3088	3309	3152
2976	3108	3088
2722	2805	2947
3063	3023	2995
3221	3199	3064
3263	3511	3246
3104	3330	3100
3330	3133	3100
3104	3362	3330
3225	3454	3202
3225	3427	3454
3291	3334	3135
3320	3495	3406
3495	3500	3406
3650	3589	3482
3453	3613	3332
3631	3850	3709
3631	3782	3850
3782	3886	3850
3156	3446	3201
3201	3513	3206
3513	3575	3206
3575	3524	3206
3524	3441	3206
3441	3371	3206
3371	3327	3206
3327	3033	3206
3505	3824	3680
3505	3624	3824
3296	3419	3324
3347	3282	3177
3347	3426	3282
3426	3387	3282
3425	3489	3346
3409	3556	3564
3556	3696	3564
3556	3626	3696
3623	3634	3527
3345	3380	3560
3292	3421	3517
3292	3270	3421
3318	3194	3390
3420	3480	3414
3722	3781	3659
3722	3793	3781
3755	3776	3573
3946	4099	3980
4099	4132	3980
4132	4065	3980
3821	3543	3750
3543	3629	3750
3821	3657	3543
3821	3872	3657
3633	3749	3735
3800	3600	3786
3800	3755	3600
3797	3723	3829
3797	3643	3723
3961	3979	3827
3725	3495	3760
4013	4066	3929
4017	3913	3948
4248	4325	4154
4412	4335	4387
4384	4280	4324
4738	4600	4581
4725	4552	4588
4147	4371	4099
4371	4365	4099
4458	4410	4420
4772	4784	4684
4784	4685	4684
4772	4810	4784
4218	4089	4261
4390	4356	4263
4790	4594	4698
4594	4656	4698
4790	4809	4594
4809	4781	4594
4781	4750	4594
4750	4626	4594
4519	4481	4456
4285	4388	4190
4619	4540	4660
4619	4503	4540
4503	4478	4540
4478	4424	4540
4503	4359	4478
4503	4379	4359
4838	4859	4652
4859	4812	4652
4816	4929	4774
4929	4843	4774
4951	4930	4929
4914	4794	4818
4914	4881	4794
4914	4898	4881
5072	5091	5050
5089	5052	5011
5089	5079	5052
5081	5069	5051
5069	5025	5051
5081	5077	5069
4985	5029	5021
5029	5060	5021
4274	4436	4314
4165	4063	4080
4117	4052	4273
4123	4208	4303
4208	4296	4303
4144	4040	4127
4476	4301	4271
