311.819932 101.382930 38.031830 255 0 0
320.311296 89.798009 41.511616 255 0 0
329.973167 79.191249 45.395581 255 0 0
340.805545 69.562648 49.683723 255 0 0
352.808430 60.912206 54.376043 255 0 0
365.981822 53.239925 59.472541 255 0 0
380.325721 46.545803 64.973216 255 0 0
395.840127 40.829841 70.878069 255 0 0
412.525040 36.092039 77.187100 0 255 0
393.048585 36.750929 85.385028 0 255 0
374.929841 38.544420 94.051775 0 255 0
358.168808 41.472510 103.187342 0 255 0
342.765484 45.535201 112.791728 0 255 0
328.719871 50.732493 122.864933 0 255 0
316.031968 57.064384 133.406957 0 255 0
304.701776 64.530876 144.417801 0 255 0
294.729294 73.131969 155.897464 0 255 0
