3.007026529842985383e+02 5.639982721584723890e+01 1.655860716262280334e+02
3.048566328402248473e+02 4.287098325400832266e+01 1.573737879488676867e+02
3.041019451235857787e+02 2.766572927544743266e+01 1.355169556946364366e+02
3.131124942433334581e+02 1.414139418733938669e+01 1.046804483458891468e+02
3.235292875631948846e+02 1.175529412906307414e+01 8.543811172657692055e+01
3.707691072669438199e+02 3.306293875515393665e-01 5.108603413018323636e+01
3.833107181618464665e+02 2.005201427132567460e+01 3.552463427619471759e+01
3.878293532973762012e+02 4.271952663929556593e+01 3.662884238409264981e+01
3.903801421740113256e+02 5.612689619065568536e+01 4.191252556313122568e+01
3.929309310506465636e+02 6.953426574201583321e+01 4.719620874216980155e+01
3.722873052945387826e+02 8.358045770744999459e+01 6.205637956203059957e+01
