30.013072 36.415673 11.748850 255 0 0
30.225969 36.187579 10.842219 255 0 0
30.453666 35.830271 9.935738 255 0 0
30.696161 35.343749 9.029407 255 0 0
30.953456 34.728014 8.123226 255 0 0
31.225549 33.983065 7.217194 255 0 0
31.512442 33.108903 6.311313 255 0 0
31.814133 32.105527 5.405582 255 0 0
32.130624 30.972937 4.500000 0 255 0
31.160560 30.311926 5.406918 0 255 0
30.285040 29.740331 6.313687 0 255 0
29.504063 29.258153 7.220305 0 255 0
28.817629 28.865391 8.126774 0 255 0
28.225739 28.562045 9.033092 0 255 0
27.728392 28.348115 9.939261 0 255 0
27.325588 28.223602 10.845280 0 255 0
27.017328 28.188504 11.751149 0 255 0
