1 2 4
9 10 12
10 11 12
25 26 27
33 34 35
35 36 41
55 56 57
58 59 61
3 19 70
72 73 74
73 74 75
3 70 71
21 87 88
21 88 89
90 94 95
26 27 101
94 112 113
114 115 116
91 92 93
125 126 128
126 127 128
126 127 129
29 133 134
114 115 156
125 129 160
127 129 160
127 161 163
127 160 161
125 161 163
125 160 161
125 163 170
67 125 170
167 169 170
167 169 171
55 57 176
45 46 48
54 189 190
12 13 196
11 12 196
176 177 201
177 201 202
1 2 203
212 213 214
217 218 220
82 219 224
1 203 230
206 230 231
70 206 231
70 71 232
70 231 232
242 245 246
245 246 247
172 173 174
22 267 268
255 267 268
22 255 267
87 267 269
267 268 269
39 267 268
90 92 94
117 276 277
279 281 282
102 104 285
24 102 104
30 108 109
123 304 305
123 305 306
91 93 309
241 310 314
322 323 324
120 157 278
161 167 331
161 163 167
161 162 331
161 162 163
30 110 333
29 110 333
30 108 110
32 35 336
34 35 336
330 341 342
359 361 362
360 361 362
363 365 367
363 365 366
114 156 158
33 386 387
11 196 388
10 11 388
10 388 389
390 391 392
32 35 394
35 36 394
169 399 402
65 68 402
127 128 168
125 403 404
125 128 404
67 125 403
127 163 168
163 167 168
167 168 170
67 403 404
163 167 170
195 402 406
66 68 406
68 402 406
165 170 407
169 170 407
165 169 407
65 169 407
65 67 407
65 67 68
168 169 407
168 169 402
67 170 407
168 170 407
67 404 408
67 405 408
189 190 409
1 4 412
1 77 412
218 220 413
20 268 414
255 268 414
20 255 268
19 415 416
19 204 416
2 208 415
332 418 420
181 422 424
325 327 409
434 435 436
52 434 435
422 425 450
181 422 450
49 181 450
49 180 181
56 420 453
343 344 454
193 344 454
192 193 344
146 155 456
55 143 456
146 153 456
367 368 466
59 61 466
363 379 467
379 381 467
363 368 467
363 367 368
192 463 468
192 344 463
194 470 471
153 199 200
153 176 199
176 201 475
55 176 475
55 201 475
55 144 201
55 143 144
143 145 476
144 145 476
143 144 145
205 206 477
70 205 206
203 230 477
206 230 477
19 70 478
19 204 478
70 204 478
70 204 205
74 207 479
72 74 479
212 213 481
47 212 481
213 216 481
76 216 481
3 19 489
18 19 489
71 489 490
3 71 489
489 490 492
219 224 496
210 497 498
73 210 498
230 232 500
75 230 500
74 75 231
438 503 504
79 81 248
509 510 511
509 512 513
514 515 516
515 516 517
512 513 518
217 227 522
217 220 522
172 173 222
173 174 534
252 533 534
524 536 537
79 508 538
229 526 527
261 262 556
257 261 262
264 557 558
414 565 566
255 414 565
39 267 569
37 39 569
37 38 39
38 87 269
38 87 300
22 267 570
21 22 267
21 87 267
89 569 570
267 569 570
103 288 576
572 573 577
573 575 577
140 580 581
140 266 581
273 584 585
242 244 245
117 277 600
117 119 600
117 118 119
606 607 608
25 27 612
25 604 612
23 287 614
604 612 613
275 608 615
29 135 333
28 292 619
335 618 622
333 335 618
620 621 623
294 629 630
294 624 629
295 296 630
518 520 635
512 538 636
512 635 636
512 518 635
89 569 637
37 569 637
112 113 639
38 39 259
38 269 640
304 308 641
304 305 308
93 308 309
639 646 647
8 182 650
8 182 183
182 184 650
182 184 448
237 239 654
237 239 653
239 654 655
123 304 657
241 314 658
97 241 658
97 314 658
656 657 659
322 324 660
327 662 663
325 327 663
233 235 352
14 15 17
14 119 666
119 600 666
119 120 121
120 121 278
118 119 120
632 633 671
631 632 633
30 333 677
335 621 622
135 333 677
135 136 677
333 618 678
135 336 680
32 135 336
32 135 136
28 619 683
619 621 683
42 43 684
43 44 684
42 337 684
123 338 685
123 124 685
97 124 685
305 306 686
306 307 686
305 308 686
306 312 687
306 307 687
669 690 691
669 670 691
330 341 693
131 669 695
328 669 695
328 669 670
328 329 670
341 693 695
360 362 701
347 704 706
345 347 704
168 399 707
168 399 402
709 710 711
427 428 720
323 720 721
278 358 722
157 278 358
187 340 723
143 456 724
143 145 724
143 145 456
131 725 726
156 158 729
117 157 276
117 120 157
157 276 730
157 378 730
157 159 378
276 378 730
160 383 735
129 383 735
129 160 735
130 733 735
130 735 736
383 735 736
383 736 737
160 383 738
129 160 738
165 170 747
162 165 747
163 167 747
162 163 747
367 466 749
195 400 750
195 402 750
470 471 753
400 750 756
69 750 756
69 751 756
66 384 385
66 195 385
66 195 406
66 67 405
66 67 68
325 409 765
422 425 766
422 426 766
220 522 769
249 522 769
226 249 769
225 226 249
39 259 772
255 268 772
39 255 772
39 255 268
777 778 780
204 416 779
540 784 785
2 415 786
794 797 799
98 774 800
176 417 803
169 171 805
169 399 805
171 805 806
465 749 809
419 807 810
421 811 812
171 418 808
419 810 812
419 811 812
332 418 808
430 766 813
411 766 813
327 430 813
327 409 813
438 504 814
409 411 815
409 411 813
435 436 817
53 717 764
340 823 824
340 723 823
175 182 183
175 182 448
184 448 826
184 651 826
446 828 829
6 7 830
6 7 823
711 738 831
452 719 836
188 354 451
51 53 54
51 354 451
51 52 54
52 54 185
181 424 838
191 839 841
152 455 842
58 454 843
58 60 454
191 454 843
191 454 839
55 56 453
61 368 466
61 368 467
61 381 467
62 546 846
62 546 547
13 196 547
62 196 547
203 477 850
203 208 850
205 477 480
203 208 851
2 203 851
2 208 851
19 415 857
493 787 857
19 493 857
219 492 859
217 219 492
219 496 859
490 492 860
492 859 860
18 19 493
2 787 861
2 786 787
219 523 862
217 219 862
494 859 863
491 494 864
217 227 865
209 210 479
209 210 497
212 497 498
211 501 867
211 867 868
1 230 869
1 77 869
230 232 869
231 232 501
75 230 231
233 352 872
488 503 873
352 488 503
433 814 875
432 433 814
424 838 875
424 452 875
504 814 875
452 504 875
174 234 534
534 880 882
880 881 882
533 534 880
533 880 881
243 505 883
626 627 884
28 107 293
28 107 505
106 507 887
514 520 635
514 515 635
78 535 891
78 520 891
78 520 892
78 79 892
79 248 892
520 891 892
519 520 892
82 771 894
219 522 894
82 219 894
83 228 229
228 229 525
83 225 249
624 625 896
252 533 897
533 881 897
225 226 898
225 524 898
524 536 898
250 525 899
250 536 899
525 771 899
525 771 894
250 536 900
250 537 900
523 540 901
525 894 901
219 522 901
219 523 901
527 539 902
229 527 902
228 525 902
525 540 902
525 540 901
86 560 904
544 545 915
64 919 920
929 931 932
928 929 931
942 944 945
257 261 946
528 531 948
558 559 950
138 140 957
138 140 142
138 274 957
140 142 266
561 582 958
959 960 961
959 961 962
572 577 578
572 573 968
571 573 968
256 567 970
567 568 973
564 568 973
567 969 973
102 287 973
272 573 575
605 977 978
605 606 977
103 576 981
100 103 981
24 100 103
100 977 981
101 284 981
26 101 981
270 982 983
283 284 986
284 981 986
139 959 993
137 138 994
138 274 994
346 603 995
704 705 706
99 603 996
99 346 603
40 281 996
279 281 705
443 603 996
457 593 595
596 598 997
596 597 598
458 459 999
458 459 1000
277 600 1001
89 111 637
591 1005 1006
111 570 1006
89 111 570
25 275 604
25 26 275
26 275 615
100 104 977
24 100 104
104 606 977
104 606 607
104 607 1011
980 1013 1014
609 1015 1016
1015 1016 1017
27 101 1018
612 613 1018
286 613 1018
256 970 1018
256 286 1018
104 614 1019
104 285 1019
287 614 1019
102 287 1019
102 285 1019
27 612 1018
64 919 1020
64 616 1020
618 678 1022
618 681 1022
29 135 1023
135 680 1023
336 680 1023
292 294 619
28 294 1024
28 292 294
623 628 1025
621 623 1025
618 681 1025
618 622 1025
136 677 1025
621 677 1025
621 622 1025
387 1026 1028
681 1022 1026
33 387 1026
624 625 1029
294 630 1029
294 1024 1029
624 1024 1029
294 624 1024
295 630 1029
625 626 1029
885 1024 1029
626 1024 1029
296 630 634
538 636 1034
111 637 1038
112 300 301
37 301 1040
301 646 1040
301 638 646
94 95 112
117 118 120
90 91 92
92 648 1045
92 93 648
92 94 1045
98 648 1045
98 240 648
240 648 649
647 801 1046
647 774 801
122 304 641
122 304 657
122 656 657
312 689 1051
312 313 1051
1052 1053 1054
317 1052 1054
312 687 1052
312 313 1052
687 1050 1052
310 314 1057
314 1055 1057
314 318 1055
801 1046 1061
324 660 665
660 1062 1063
662 663 1065
663 754 1065
235 352 1066
235 351 1066
349 351 1066
349 351 667
16 320 1068
15 16 320
319 320 1069
320 1068 1069
14 666 1070
14 17 1070
17 303 1070
17 302 303
14 15 16
14 16 179
16 178 179
373 375 1073
333 334 335
29 133 1076
29 110 1076
107 293 1079
28 293 1079
28 683 1079
241 310 644
360 361 1082
462 590 1083
329 670 1084
670 691 1084
380 1085 1086
1088 1089 1090
386 1028 1091
386 387 1028
594 1092 1093
328 695 1095
625 626 1099
884 992 1099
626 884 1099
360 701 702
360 702 1082
151 152 1101
152 455 1101
348 718 1102
348 716 718
348 708 1102
348 708 713
710 1103 1104
709 710 1104
761 764 1103
708 712 713
355 714 1109
351 355 1109
351 355 667
348 717 1110
348 716 1110
410 716 1110
452 719 1112
424 452 1112
411 431 815
433 875 1112
433 816 1112
188 816 1112
188 719 1113
410 719 1113
717 765 1113
354 717 1113
188 354 1113
190 409 1113
409 765 1113
54 190 1113
53 717 1113
53 54 1113
14 179 197
371 381 1117
371 379 381
373 728 1118
725 726 727
1117 1118 1119
1118 1119 1120
131 727 1087
276 277 1001
158 601 729
115 156 1125
156 157 1125
156 157 159
364 365 1127
130 733 1127
130 364 1127
367 731 732
365 366 1128
365 367 731
365 1127 1128
331 731 732
331 732 748
162 732 1128
162 1127 1128
130 1074 1129
130 736 1074
126 129 738
383 735 1130
384 470 1131
384 739 1131
62 196 1132
196 388 1132
62 846 1132
846 847 1132
390 392 1133
142 266 583
396 1134 1136
919 1020 1138
367 749 1142
366 749 1142
366 1128 1142
732 1128 1142
367 732 1142
732 748 1142
162 732 1142
162 165 1142
165 809 1142
749 808 1142
749 809 1142
399 805 1144
166 399 1144
166 399 401
166 755 1144
402 750 1145
65 402 1145
69 419 1145
65 807 1145
419 807 1145
384 385 1146
166 707 1146
166 401 1146
194 752 1146
194 470 1146
384 470 1146
399 707 1146
399 401 1146
195 752 1146
195 400 752
195 385 1146
166 707 1148
472 707 1148
176 758 1149
176 199 758
751 756 1149
57 176 177
176 803 1149
404 762 1150
128 404 1104
404 760 1104
404 759 1150
404 759 760
49 425 450
49 425 766
327 430 766
411 426 766
188 719 1112
321 662 766
327 662 766
412 767 1152
412 869 1152
77 412 869
412 491 1153
412 767 1153
491 495 1153
491 495 864
495 767 1153
490 860 1154
220 769 1156
220 413 1156
769 770 1156
664 1157 1158
352 488 872
639 647 1159
113 773 1159
639 773 1159
113 639 773
94 113 1159
647 774 1159
94 98 1159
94 98 1045
98 774 1159
316 649 1160
205 779 1163
205 480 1163
789 792 1165
790 791 1165
432 781 782
207 209 1167
207 209 479
209 783 1167
207 850 1167
794 796 1171
794 795 796
792 793 1171
792 794 1171
253 565 1173
793 796 1171
417 1176 1177
841 1176 1177
464 804 1178
464 465 809
464 809 812
464 804 812
165 809 812
165 810 812
165 807 810
167 170 747
171 748 1142
171 808 1142
65 165 169
65 165 807
167 171 331
171 331 748
51 451 1179
51 52 1179
185 434 1180
52 185 434
52 817 1179
51 52 1184
52 437 817
348 353 1186
353 354 1186
51 353 354
348 354 1186
348 354 717
590 822 1083
235 445 1189
235 351 1189
351 714 1189
351 714 1109
175 183 221
183 221 311
8 311 1195
8 183 311
5 7 186
7 8 1196
5 7 8
8 184 1196
7 186 823
534 832 833
234 534 833
234 828 833
828 1199 1200
828 833 1200
534 882 1199
828 882 1199
719 836 1203
719 1151 1203
660 1062 1205
55 456 1206
55 453 1206
453 844 1206
155 456 724
191 841 1176
145 724 1207
145 844 1207
145 456 844
456 844 1206
58 840 843
58 844 1207
58 840 844
457 595 1210
326 757 1220
473 848 1223
121 722 1223
121 278 722
758 849 1224
199 758 1224
199 200 1224
201 202 1222
208 415 1227
204 208 1227
783 1170 1227
785 1230 1232
785 858 1233
785 1232 1233
788 1232 1233
262 541 1237
264 558 950
567 971 1238
256 567 1238
256 562 1238
564 568 1238
563 564 1238
786 787 788
852 853 1241
852 853 1228
172 223 1245
172 222 223
18 489 493
2 4 1246
2 861 1246
494 864 1247
863 1247 1248
494 863 1247
223 1154 1245
85 227 1251
227 865 1251
84 85 1251
84 865 1251
480 866 1252
480 1163 1252
1163 1164 1252
497 499 1252
209 497 499
212 497 1252
75 500 1253
437 819 1256
437 440 1256
437 440 819
232 501 1260
46 876 1264
46 48 1264
874 1262 1264
45 48 1264
423 875 1265
424 875 1265
424 875 1112
422 424 1265
838 875 1266
877 878 1266
504 838 1267
838 877 1267
838 877 1266
874 877 1267
874 1262 1267
879 1262 1267
505 883 1268
883 885 1268
28 505 1268
28 1024 1268
885 1024 1268
106 289 1269
289 1079 1269
106 1271 1272
106 887 1271
80 263 1273
80 263 945
509 511 1274
79 81 1277
79 888 1277
79 508 888
413 768 1278
218 413 1278
519 520 1281
514 520 1281
521 1032 1281
519 521 1281
514 890 1281
514 516 890
535 891 1282
535 1282 1283
513 518 1284
520 892 1284
518 520 1284
519 892 1285
519 893 1285
528 529 1286
528 530 1286
248 530 1286
248 530 892
893 1284 1285
513 893 1284
892 1284 1285
522 894 901
227 249 522
85 227 249
83 86 1287
83 86 229
525 895 1289
250 525 895
225 524 1289
625 896 1290
295 296 1290
528 530 1291
528 531 1291
891 892 1291
530 892 1291
252 897 1292
172 174 442
174 234 442
172 442 1245
82 771 1293
771 899 1293
80 82 1293
80 900 1293
226 769 770
536 899 1293
536 900 1293
527 539 1294
951 1287 1294
86 1287 1294
86 951 1294
86 904 951
83 249 1296
83 85 1296
83 85 228
85 249 1296
84 85 228
84 228 229
228 229 902
84 86 229
482 1231 1299
253 903 1299
908 1175 1300
112 639 1300
775 1175 1300
773 775 1300
639 773 1300
98 800 1301
98 240 1301
240 797 1301
541 1237 1302
542 1237 1302
262 541 1302
262 895 1302
257 262 895
290 291 1303
544 545 1310
546 547 918
260 546 1312
546 918 1312
553 921 1319
548 553 921
932 933 1320
931 932 1320
933 1320 1321
922 1325 1326
922 1324 1325
1322 1323 1324
575 577 1327
928 930 1328
928 929 930
911 913 935
250 251 895
524 895 1334
258 895 1334
251 258 895
258 946 1334
251 258 946
524 1334 1335
946 1334 1335
511 943 1338
554 937 940
554 555 940
556 930 1341
1328 1329 1341
930 1328 1341
942 1342 1344
554 1342 1344
554 555 1342
251 939 1345
945 1336 1345
944 945 1345
939 1342 1345
939 1342 1343
942 1342 1345
942 944 1345
251 261 1346
251 261 946
251 939 1346
1305 1347 1348
555 940 1350
263 942 1352
263 942 945
937 942 1352
554 937 942
527 542 1359
527 1295 1359
542 1237 1359
563 1238 1360
563 963 964
572 578 1365
572 968 1365
568 1238 1365
83 1287 1369
83 1288 1369
559 1287 1369
559 951 1287
264 543 1369
264 541 1369
543 950 1369
541 1302 1369
484 1330 1371
484 934 1330
484 1371 1373
484 1372 1373
575 965 1374
288 974 1374
288 575 1374
272 571 573
272 974 1374
283 288 1374
283 284 1374
103 288 1374
255 565 1375
565 967 1375
966 1368 1375
20 966 1375
20 255 1375
256 286 1376
256 963 1376
22 23 1376
21 22 23
22 570 1376
286 570 1376
567 970 1377
969 970 1377
567 969 1377
571 968 1377
965 1374 1377
965 971 1377
567 971 1377
567 1365 1377
567 568 1365
102 973 1378
969 973 1378
965 972 1380
254 965 1380
254 575 965
272 575 1381
575 1381 1382
575 1327 1382
272 1381 1382
272 1382 1385
272 974 1385
977 978 1383
982 984 1387
574 982 1387
254 574 1387
561 958 1390
274 957 1391
1319 1393 1394
1319 1326 1393
922 1326 1393
1393 1394 1395
579 926 927
745 913 1397
911 913 1397
887 1272 1399
887 1271 1272
246 506 1355
299 1401 1402
398 1403 1404
274 1014 1405
980 1014 1405
588 994 1408
609 1016 1413
1415 1416 1417
1415 1417 1418
609 1413 1415
590 1419 1420
589 1419 1420
603 995 1421
1416 1418 1422
1417 1418 1422
995 1416 1422
347 995 1422
40 99 591
40 99 996
1424 1425 1426
391 1424 1425
998 1425 1426
1002 1003 1039
111 591 592
111 591 1006
111 592 1038
275 1005 1429
275 1006 1429
275 604 1006
1005 1006 1429
604 613 1006
104 1011 1429
286 613 1006
605 1007 1431
605 608 1431
605 606 608
605 1007 1432
609 1015 1432
1015 1017 1432
1009 1415 1432
1009 1017 1432
705 706 1433
1004 1010 1433
706 1010 1433
1004 1005 1433
1011 1429 1433
1005 1011 1433
1002 1429 1433
980 1405 1406
1016 1434 1435
1405 1406 1437
979 1013 1014
962 1012 1438
605 1013 1439
605 1013 1432
979 1013 1439
1013 1438 1440
962 1438 1440
1015 1432 1440
1013 1015 1432
962 1434 1440
290 617 1441
884 992 1021
336 1023 1443
620 621 1444
294 1024 1444
109 294 619
294 629 1444
109 629 1444
109 294 629
30 109 619
30 619 677
619 621 677
621 1025 1445
621 683 1445
394 1026 1446
681 1026 1446
1026 1028 1447
330 693 694
330 694 1077
329 1030 1077
328 329 1030
634 890 1032
890 1032 1281
638 639 646
646 1040 1452
359 361 1461
359 1458 1461
647 1046 1061
91 308 1464
91 308 309
280 281 1465
280 688 1465
280 282 688
652 1194 1466
233 488 1466
233 488 872
1056 1471 1472
97 314 1474
315 689 1475
315 689 1051
315 1082 1475
702 1082 1475
97 241 1475
310 1055 1057
310 1049 1056
310 1055 1056
316 656 659
122 316 656
1054 1476 1477
1058 1059 1478
1059 1060 1478
1470 1471 1478
1052 1058 1479
313 1052 1058
313 1051 1058
50 319 1480
50 319 320
319 1480 1481
324 1069 1481
319 1069 1481
180 1204 1482
1062 1204 1482
322 323 721
356 1064 1483
350 1111 1486
719 1151 1486
410 719 1486
716 1111 1486
410 716 1486
754 1065 1487
470 753 1487
326 753 1487
356 1483 1487
600 1001 1070
15 17 1488
15 320 1488
429 1041 1071
600 666 1070
303 1001 1070
679 694 1490
672 1073 1491
672 674 1491
131 674 1491
131 674 725
373 375 728
373 1073 1492
676 1073 1492
672 676 1073
1496 1497 1499
1496 1497 1501
634 1033 1502
630 634 1502
629 630 1502
624 629 1503
109 629 1502
108 109 1502
516 634 890
516 634 1033
133 134 1504
133 1076 1504
297 1076 1504
297 298 1076
620 627 1505
620 623 627
623 627 886
289 1079 1506
683 1079 1506
306 312 1508
312 1507 1508
312 689 1507
339 444 1509
443 1081 1509
443 444 1509
1080 1507 1508
306 1080 1508
338 685 1510
123 338 1510
123 306 1510
280 443 1081
280 282 1081
330 342 1515
727 1085 1516
727 1087 1516
33 34 1517
386 1027 1518
386 1027 1091
328 633 1095
328 633 1030
693 1489 1523
631 633 1030
693 695 1524
693 1523 1524
675 695 1094
675 695 1095
695 1524 1525
1073 1493 1525
675 1073 1493
58 60 1526
58 61 1526
61 1098 1526
61 1098 1527
341 342 1530
244 245 883
243 245 883
1522 1532 1533
678 1022 1534
132 333 1534
333 678 1534
598 997 1537
455 1215 1544
455 1101 1544
455 1215 1547
707 718 1548
718 1102 1548
708 711 1102
760 761 1103
760 1103 1104
348 353 713
435 820 1549
435 1184 1549
764 1103 1550
53 764 1550
52 53 1550
51 52 53
711 712 1551
708 711 712
710 711 1551
710 1105 1551
711 831 1551
709 711 1551
668 707 1552
472 707 1552
322 721 1555
322 1486 1555
350 1486 1555
1157 1158 1558
1106 1107 1191
447 714 1189
445 447 1189
717 764 1563
717 765 1563
410 1110 1113
717 1110 1113
1041 1072 1564
725 727 1567
725 1121 1567
727 1085 1567
1117 1118 1567
1085 1086 1567
371 1118 1567
380 1086 1567
371 1117 1567
379 1121 1567
379 380 1567
363 379 1568
363 365 1568
363 365 379
364 365 1568
364 365 382
365 379 382
379 382 734
130 1129 1568
130 364 1568
669 1087 1569
131 669 1087
669 690 1569
644 703 1570
241 644 1570
241 1475 1570
96 1475 1570
339 702 1187
1122 1570 1571
96 1122 1570
822 1083 1122
276 303 1001
377 1557 1573
50 320 1574
1115 1575 1576
1114 1115 1576
382 673 1578
129 383 1579
383 1130 1580
383 737 1580
470 1131 1581
739 1131 1581
739 763 1581
350 707 718
350 668 707
763 1563 1582
765 1563 1582
325 663 1582
325 765 1582
663 754 1582
596 597 1583
740 1132 1584
388 740 1132
742 1134 1446
1134 1136 1446
623 1136 1446
266 581 1588
266 583 1588
9 10 1589
12 13 1590
459 684 999
337 684 999
920 1400 1592
920 1592 1593
1518 1519 1597
1027 1596 1598
623 886 1601
886 1137 1601
289 1506 1601
105 682 1602
289 1601 1602
289 682 1602
683 1586 1602
1506 1601 1602
683 1506 1602
743 1137 1139
743 1137 1601
105 1140 1606
105 289 1606
105 289 682
395 1141 1607
63 1141 1607
63 397 1141
466 749 1609
366 749 1609
363 366 1609
379 380 1143
363 1143 1609
363 379 1143
463 1143 1610
380 1143 1610
380 1085 1610
69 751 1611
69 750 1145
1147 1148 1612
472 1148 1612
756 758 1218
756 758 1149
755 1144 1613
805 1144 1613
805 806 1613
171 806 1613
171 418 1613
418 420 1613
56 420 1613
56 57 1613
57 177 1613
756 1148 1614
400 756 1614
400 752 1614
194 752 1614
69 1611 1615
803 1149 1615
1149 1611 1615
751 1149 1611
421 811 1615
69 811 1615
69 419 811
860 1154 1616
223 1154 1616
233 235 825
906 1166 1617
906 1166 1618
211 480 1619
207 850 1619
477 850 1619
477 480 1619
231 477 1619
74 477 1619
74 231 477
74 207 1619
211 501 1619
231 501 1619
209 499 783
211 480 1620
211 868 1620
480 866 1620
72 210 479
72 73 210
778 1165 1242
790 1165 1621
790 1228 1621
1169 1228 1621
791 1165 1622
792 1165 1166
791 798 1622
423 875 1625
781 782 1625
875 1266 1625
850 1167 1626
208 850 1626
783 1167 1626
204 208 1626
204 205 779
204 1227 1626
783 1227 1626
780 1168 1627
783 1170 1628
777 779 1163
499 783 1628
1168 1170 1628
780 1168 1628
777 1163 1164
801 1172 1629
774 775 1629
774 775 800
774 801 1629
565 566 1173
176 417 1631
417 1176 1631
153 176 1631
146 153 1631
146 155 1631
155 1176 1631
417 1177 1632
417 1615 1632
417 803 1615
464 465 1633
192 465 1633
192 193 1633
841 1177 1634
1177 1632 1634
804 1178 1634
804 812 1634
421 812 1634
421 1615 1634
1615 1632 1634
465 749 1635
466 749 1635
332 466 1635
332 466 749
59 466 1635
59 332 1635
332 749 808
192 465 1635
188 1179 1636
188 451 1179
433 816 1636
432 433 781
431 1181 1637
423 431 1181
439 1183 1638
439 1183 1185
435 817 1638
437 817 1638
435 1184 1638
52 437 1639
52 1184 1639
437 1183 1639
437 1183 1638
1184 1185 1639
1183 1185 1639
234 828 1640
828 829 1640
234 441 1640
234 441 442
51 1184 1641
51 353 1641
353 713 1641
445 447 826
1190 1642 1643
1107 1192 1644
1107 1191 1644
175 221 1194
1190 1559 1649
1190 1642 1649
826 1107 1650
184 1196 1650
184 651 1650
735 1130 1197
161 735 1197
162 733 1127
160 161 733
160 161 735
160 733 735
161 331 733
161 331 1197
162 331 733
6 1198 1653
187 602 723
6 1198 1654
6 602 1654
532 1292 1655
252 1292 1655
1656 1657 1658
827 828 1660
828 1202 1660
446 1202 1660
446 828 1202
1202 1660 1661
1202 1661 1662
832 1656 1657
49 766 835
321 766 835
452 836 1664
836 1204 1664
180 181 838
180 838 1204
452 504 837
452 1664 1666
452 837 1666
504 838 1204
1204 1664 1666
1062 1665 1666
1062 1063 1666
1062 1205 1666
1062 1204 1666
836 1205 1666
836 1204 1666
321 835 1667
49 835 1667
321 324 1667
504 1267 1668
879 1267 1668
504 837 1668
1204 1666 1668
504 1204 1668
1665 1666 1668
837 1665 1666
503 504 1669
504 1668 1669
352 837 1669
352 837 1665
837 1668 1669
352 503 1669
155 191 1670
155 191 1176
58 191 1670
58 191 843
58 1207 1670
369 372 374
595 1673 1676
461 1681 1683
461 845 1681
1679 1680 1684
1217 1585 1689
1217 1689 1690
1311 1689 1690
43 1132 1692
43 1132 1584
847 1132 1692
428 720 1694
473 1225 1696
473 1226 1696
143 476 1696
848 1219 1697
1219 1224 1697
1218 1219 1224
852 1168 1169
852 1169 1228
1168 1169 1627
1165 1169 1627
1165 1169 1621
778 1242 1298
778 853 1298
483 1235 1699
556 1234 1699
556 1235 1699
557 856 1701
557 856 949
264 543 950
786 853 1241
786 788 853
853 857 1702
778 853 857
415 786 1241
857 858 1702
787 857 858
415 778 857
788 853 1233
853 858 1702
853 858 1233
415 852 1227
415 852 1241
415 416 1703
415 778 1703
488 873 1704
488 1244 1704
1244 1646 1704
1243 1244 1704
4 494 1705
4 491 494
4 412 491
864 1247 1706
495 1155 1706
495 864 1706
1248 1250 1706
1247 1248 1706
532 1250 1706
501 867 1707
500 1253 1257
1253 1256 1707
1253 1256 1257
441 442 1708
439 441 1708
216 1182 1709
216 1182 1710
500 1257 1711
873 1261 1712
664 873 1712
411 422 426
422 423 1265
411 422 423
411 423 431
782 814 1625
432 782 814
878 1266 1625
1079 1269 1713
107 1079 1713
106 616 1603
627 884 1714
627 1270 1714
884 1021 1714
106 1272 1603
80 537 900
511 1274 1715
82 224 1716
80 82 1716
80 1715 1716
80 1273 1715
768 1279 1717
413 768 1717
413 1156 1717
1275 1277 1718
1275 1276 1277
263 1274 1718
81 263 1718
81 263 1340
509 512 1719
509 1276 1719
509 1275 1276
509 1274 1275
1274 1275 1718
223 889 1720
223 1616 1720
860 1616 1720
859 860 1720
1276 1717 1721
512 1719 1721
1276 1719 1721
218 863 1723
218 1278 1723
768 1278 1723
863 1249 1280
863 1280 1723
889 1720 1722
218 859 863
531 1291 1724
83 1288 1725
229 526 1725
225 1289 1725
83 225 1725
229 1289 1725
229 525 1289
625 1290 1726
244 295 1726
244 1402 1726
863 1249 1727
1248 1250 1727
532 1250 1727
882 897 1728
881 882 897
1036 1280 1729
1249 1280 1729
538 1450 1730
1249 1450 1730
508 888 1730
253 903 1294
1229 1297 1731
853 905 1298
853 905 1233
796 1297 1733
1299 1698 1734
1230 1698 1734
785 1230 1734
784 785 1734
540 784 1734
540 902 1734
539 902 1734
539 903 1734
539 903 1294
903 1299 1734
1363 1364 1735
560 904 1735
904 1363 1735
112 1300 1736
112 301 1736
259 640 1736
38 259 1736
300 301 1736
300 640 1736
38 300 640
37 301 1736
37 38 1736
796 1297 1737
259 802 1737
802 1731 1737
1297 1731 1737
791 794 1738
797 1301 1738
794 797 1738
790 791 1738
800 1301 1738
790 1175 1738
800 1175 1738
775 800 1175
556 947 1337
946 947 1337
257 946 947
895 1289 1739
524 1289 1739
524 895 1739
895 1302 1739
541 1302 1739
1289 1725 1739
1302 1369 1739
1369 1725 1739
1288 1369 1725
541 947 1739
257 947 1739
258 895 1739
257 258 1739
257 258 895
526 527 1289
527 1289 1739
527 1302 1740
527 1302 1739
526 1289 1725
542 1302 1740
916 1333 1741
544 916 1742
911 914 1305
745 1398 1743
1745 1746 1748
1745 1747 1748
247 586 1749
544 917 1310
1332 1333 1751
887 1399 1751
507 887 1751
545 1308 1752
1306 1308 1752
917 1310 1752
1599 1754 1755
260 1313 1756
1320 1323 1324
1320 1323 1379
1324 1325 1762
922 1324 1762
922 923 1762
577 1327 1763
484 934 1765
1327 1763 1766
1763 1764 1766
485 925 1766
579 1327 1766
579 925 1766
934 1330 1767
483 934 1767
989 991 1768
1768 1769 1770
548 921 1771
911 914 935
524 537 1772
524 1335 1772
251 537 1772
250 251 537
936 1335 1772
936 1335 1336
80 945 1772
80 537 1772
537 936 1772
1336 1345 1772
251 1345 1772
945 1336 1772
939 1343 1346
946 1335 1773
946 1337 1773
265 1337 1773
261 938 1346
1335 1336 1773
938 1343 1346
943 1336 1774
943 1338 1774
936 1336 1774
528 529 1349
529 1286 1776
893 1775 1776
529 1339 1776
510 1775 1776
510 1339 1775
1339 1340 1776
513 893 1776
510 513 1776
509 510 513
81 1340 1776
248 1286 1776
81 248 1776
943 1351 1777
1329 1341 1779
1336 1773 1780
940 1349 1783
937 940 1783
937 1349 1783
529 937 1349
511 943 1786
943 1351 1786
263 1339 1340
263 1339 1787
263 1352 1787
937 1352 1787
1351 1783 1787
511 1351 1787
511 1351 1786
937 1339 1787
529 937 1339
1339 1775 1787
510 1339 1787
510 511 1787
519 521 1788
893 1775 1788
519 893 1788
555 1342 1790
555 1789 1790
246 247 1355
854 855 856
972 1358 1791
1356 1358 1791
1236 1701 1792
557 1236 1701
264 557 1236
1237 1359 1792
1356 1358 1793
1240 1360 1794
1238 1240 1794
1238 1240 1360
563 964 1795
562 563 1795
1238 1794 1795
562 1238 1795
558 559 1796
558 1361 1796
1363 1364 1798
971 1238 1240
1238 1240 1365
1240 1365 1366
971 1240 1358
1240 1358 1794
565 964 967
1368 1375 1799
1367 1368 1799
565 1797 1800
1359 1797 1800
527 1295 1800
1295 1359 1800
968 1365 1377
969 1377 1801
969 1374 1377
571 1377 1801
272 1374 1801
272 571 1801
969 1374 1802
969 1378 1801
931 1320 1803
1322 1379 1804
1322 1323 1379
921 1318 1319
485 1766 1805
972 1357 1805
485 854 1805
929 1357 1806
929 932 1806
1357 1805 1806
932 1380 1806
972 1805 1806
972 1380 1806
982 983 1807
982 985 1807
576 1383 1807
288 974 1385
283 575 1808
283 288 575
254 574 1808
254 575 1808
26 981 1809
576 977 981
981 986 1809
576 977 1383
26 615 1809
958 1012 1810
958 1012 1390
958 985 1810
985 1807 1810
983 1384 1807
983 1384 1391
978 1383 1811
1383 1384 1811
1383 1384 1807
988 1387 1812
982 984 1812
982 985 1812
984 1387 1812
273 1382 1814
271 273 1382
579 585 1814
273 585 1814
579 1327 1814
1327 1382 1814
271 1389 1815
270 271 1815
140 580 1816
1389 1392 1816
960 961 1390
553 1396 1819
552 553 1819
992 1442 1820
992 1021 1442
744 1397 1820
744 745 1397
911 1397 1821
1400 1605 1822
244 1402 1825
296 1290 1826
139 959 1827
959 960 1827
561 960 1827
1532 1830 1832
1830 1831 1832
1532 1537 1830
997 1537 1830
959 962 1833
959 993 1833
274 994 1405
962 1434 1833
993 1434 1833
588 994 1405
1834 1836 1837
1410 1412 1838
741 1410 1838
141 741 1410
137 141 1410
1682 1839 1840
1415 1416 1841
1416 1418 1841
590 1419 1842
339 444 1842
339 1188 1842
339 1187 1188
590 822 1842
821 822 1842
589 1419 1843
1419 1842 1843
347 995 1843
345 347 1844
347 1843 1844
1511 1512 1844
345 1511 1844
1002 1039 1433
597 599 1845
594 1093 1846
42 337 1847
391 1424 1847
390 391 1847
998 1427 1848
998 1425 1848
458 998 1849
458 998 999
42 1584 1847
104 1429 1850
104 614 1850
286 570 1006
1002 1429 1850
21 23 1850
23 614 1850
21 89 1850
89 1002 1850
1005 1010 1851
1004 1005 1010
591 1005 1851
99 591 1851
99 1430 1851
995 1422 1430
346 1430 1853
346 995 1430
99 1430 1853
99 346 1853
347 706 1010
610 615 1854
608 615 1854
1430 1841 1854
610 1008 1854
980 1013 1855
1013 1015 1855
1015 1016 1855
1015 1016 1440
1016 1434 1440
980 1406 1855
37 637 1040
611 1016 1413
611 1016 1435
1009 1017 1856
1406 1407 1856
1406 1407 1437
1017 1855 1856
1016 1017 1855
1406 1855 1856
1432 1440 1857
1013 1440 1857
605 978 1439
610 615 1857
615 1809 1857
290 291 617
505 617 1858
243 505 1858
247 586 1858
245 247 1858
617 1441 1858
336 1443 1859
1089 1443 1859
1088 1089 1859
620 1444 1860
1024 1444 1860
620 626 1860
620 626 1505
626 1024 1860
626 627 1505
1586 1602 1861
105 1602 1861
105 395 1861
394 1026 1862
386 1026 1862
33 386 1026
386 742 1862
34 336 1863
336 1859 1863
538 1449 1450
1201 1656 1865
90 95 1867
1003 1039 1867
1039 1433 1867
1047 1464 1867
340 1453 1871
1042 1462 1876
1042 1043 1876
703 1042 1043
644 703 1043
1043 1462 1876
1043 1460 1462
1468 1877 1878
1468 1469 1879
1468 1469 1877
647 1061 1880
642 643 1880
688 1044 1880
642 688 1880
308 686 1464
686 687 1881
307 686 687
686 688 1881
282 686 688
642 643 688
687 688 1881
643 687 688
1433 1867 1882
281 1433 1882
281 705 1433
40 281 1465
40 1047 1465
1047 1867 1882
688 1047 1465
1464 1882 1883
1047 1464 1882
281 1882 1883
281 282 1883
282 1464 1883
282 686 1464
652 1048 1466
233 1194 1466
1471 1478 1884
1056 1471 1884
1454 1869 1886
1461 1869 1886
1458 1461 1869
654 1467 1888
1470 1478 1891
1049 1056 1893
1060 1891 1892
1056 1472 1893
1060 1478 1891
115 116 1897
116 1126 1897
115 1897 1899
1897 1898 1899
97 1474 1903
97 124 1903
123 124 1903
123 657 1903
657 659 1903
1474 1903 1904
659 1903 1904
314 318 1904
318 659 1904
314 1474 1904
315 361 1051
315 361 1082
361 1058 1905
361 1051 1058
1058 1059 1905
361 1059 1905
310 644 1043
310 645 1043
310 645 1049
1050 1052 1906
311 652 1907
221 311 652
221 652 1194
317 1052 1908
1052 1161 1906
1054 1476 1908
317 1054 1908
316 317 1908
316 1160 1908
317 1885 1908
316 318 659
1052 1053 1479
316 317 318
801 1061 1909
649 1160 1909
240 649 1909
240 799 1909
240 797 799
50 1124 1574
50 1481 1910
50 1480 1481
50 180 1910
50 180 1482
49 180 1910
49 1481 1910
49 1481 1667
324 1481 1667
1064 1483 1911
661 1485 1911
1064 1485 1911
321 661 1911
321 324 661
1065 1487 1911
1483 1487 1911
662 1065 1911
321 662 1911
323 720 1553
427 720 1553
16 1069 1912
16 1068 1069
324 1069 1912
323 665 1553
178 324 1912
178 324 661
323 324 665
1283 1497 1499
631 1030 1914
375 728 1915
695 1525 1915
341 695 1915
131 695 1094
675 1073 1916
675 1094 1916
1073 1491 1916
375 1073 1525
131 1094 1916
131 1491 1916
375 1525 1915
676 1492 1918
672 676 1494
632 671 1919
1496 1501 1923
671 1919 1921
1919 1920 1921
1496 1498 1499
624 1503 1930
531 1724 1931
531 1448 1931
624 896 1931
624 1930 1931
516 1033 1929
132 333 1933
333 334 1933
1022 1534 1934
1022 1090 1934
1031 1090 1934
1031 1089 1090
1031 1934 1937
282 1511 1940
280 443 1941
279 282 1941
282 1511 1941
443 996 1941
345 1511 1941
280 996 1941
280 281 996
279 705 1941
345 705 1941
345 704 705
1031 1514 1942
1031 1078 1514
692 1520 1943
691 1520 1943
342 692 1515
691 1084 1943
692 1520 1938
329 1084 1513
329 1077 1513
1084 1513 1943
330 1077 1945
330 1515 1945
692 1944 1945
1077 1513 1514
34 1863 1946
1863 1864 1946
35 41 1947
33 35 1947
33 1517 1947
1087 1516 1948
1087 1529 1948
1119 1529 1948
1119 1120 1529
1489 1523 1950
1523 1949 1950
1923 1924 1950
1501 1949 1950
1501 1923 1950
1100 1542 1543
463 469 1954
344 463 1954
1097 1955 1957
1097 1955 1958
1096 1097 1959
1527 1955 1960
1955 1957 1960
1527 1955 1957
1545 1961 1962
1545 1961 1963
1956 1958 1964
1097 1956 1958
1097 1959 1964
1545 1959 1964
1545 1959 1962
1955 1958 1965
1532 1538 1832
1934 1935 1968
1534 1934 1968
1078 1534 1968
132 1078 1534
1078 1514 1968
1031 1089 1443
1023 1031 1443
29 1023 1031
29 134 1031
1536 1972 1973
1027 1536 1973
1027 1091 1973
597 598 599
1537 1538 1969
1532 1538 1974
1532 1537 1538
1092 1093 1974
1093 1522 1974
1522 1532 1974
147 150 154
147 148 150
147 148 149
148 150 1101
148 149 1101
149 151 1101
149 151 1978
699 1539 1979
699 1975 1979
1975 1976 1979
1100 1115 1116
1100 1115 1542
1975 1976 1980
1101 1544 1981
455 1547 1982
460 845 1983
460 461 845
1673 1680 1983
595 1673 1983
126 128 1984
126 128 1104
711 738 1984
126 738 1984
711 1102 1984
707 1548 1985
128 168 1985
168 707 1985
763 764 1563
759 763 1150
759 761 763
761 763 764
820 1103 1986
820 1549 1986
710 1103 1986
1184 1185 1641
820 1550 1987
820 1103 1550
435 820 1987
435 1550 1987
52 435 1550
827 1660 1988
446 1660 1661
349 667 1989
667 1554 1989
665 1553 1990
350 1555 1991
350 1552 1991
350 668 1552
1157 1558 1993
1067 1157 1993
1067 1989 1993
1561 1872 1996
1561 1870 1872
1872 1879 1996
1561 1996 1997
1996 1997 1998
1561 1997 1999
1672 1996 1998
1562 1672 1996
1672 1997 1998
1577 1998 2000
2001 2002 2003
1875 2001 2002
1117 1119 2004
1119 1948 2004
1085 1516 1948
1097 1956 2005
1096 1097 2005
701 702 1541
114 116 2008
116 1126 2008
1488 1574 2009
320 1488 1574
302 1557 2009
302 1557 1573
1124 1557 1574
377 1124 1557
1557 1574 2009
1115 1542 1543
1115 1543 1575
1543 1576 2010
1543 1575 1576
1114 1576 2011
1041 1071 2013
429 1071 2013
376 429 2013
1041 1564 2013
672 673 2014
672 673 674
373 673 1578
373 1492 1578
382 1578 2015
673 1129 1568
673 1129 2014
382 734 2016
382 673 2016
673 674 2016
373 673 2016
673 1568 2016
674 725 2016
371 734 2016
371 379 734
371 373 2016
371 373 1118
725 1121 2016
1121 1568 2016
379 1121 1568
129 1579 2017
125 126 2017
125 129 2017
709 1579 2017
126 1104 2017
709 1104 2017
470 754 1487
470 754 1581
754 1581 1582
350 716 1111
763 1581 1582
350 716 718
1093 1522 2018
458 1522 2018
458 1000 1522
1000 1522 1533
1675 1835 2020
1675 1835 2021
1834 1835 2021
611 1409 1435
595 1214 2022
595 1214 1676
1214 1677 2022
741 1133 1838
392 1133 1838
136 1025 1445
628 1025 1446
1304 1587 2023
909 1304 1587
12 1316 1590
13 1590 2024
13 547 2024
547 918 2024
459 684 2027
998 1424 1426
260 1313 2030
1828 2031 2032
1755 1828 2031
1518 1597 1600
742 1134 2035
396 1134 2035
386 742 2035
1599 1754 2035
683 1586 2039
683 1445 2039
623 1136 1601
1586 1861 2039
31 1861 2039
136 1445 2039
31 136 2039
1272 1603 2040
1272 1398 2040
1519 1600 2041
1518 1519 1600
164 1519 2041
164 1947 2041
41 1947 2041
463 1143 2042
463 468 2042
1143 1609 2042
466 1635 2042
192 1635 2042
192 468 2042
466 1609 2042
758 849 1218
1875 2002 2043
1874 1875 2043
756 757 2044
1148 1614 2044
194 1614 2044
194 471 2044
326 471 2044
326 471 753
326 757 2044
445 825 2045
235 445 825
445 448 2045
448 825 2045
238 1908 2046
778 1165 2048
778 780 2048
777 780 2048
906 1162 1618
1166 1617 2055
792 1166 2055
792 1617 2055
792 794 1617
791 794 798
1164 1252 2057
212 1252 2057
212 499 2057
212 499 1252
47 212 2057
47 2051 2057
1255 1258 2058
215 1258 2058
215 1623 2058
423 1625 2059
423 1181 2059
1624 1709 2059
1625 2059 2060
1178 1633 2061
464 1178 1633
1178 1634 2061
841 1634 2061
188 816 1636
54 189 2062
54 185 2062
185 1180 2062
409 815 2062
189 409 2062
431 815 2062
431 1637 2062
434 1180 2063
439 441 1640
355 714 2067
447 1560 2067
447 714 2067
447 826 2068
447 1106 2068
5 651 2071
311 1195 2071
8 184 650
5 8 2071
8 1195 2071
651 1649 2071
1107 1192 2072
1107 1650 2072
1457 1645 2072
5 186 2072
5 651 2072
651 1645 2072
651 826 1650
7 830 1196
186 823 824
738 831 1652
1130 1197 2076
382 2015 2076
364 382 2076
365 731 2076
364 365 2076
731 1197 2076
331 731 1197
369 374 2080
6 602 823
602 723 823
1198 1653 2080
1198 1654 1951
1198 1951 2080
173 222 2081
636 1035 2083
833 834 1202
832 833 834
833 1663 2085
828 1202 2085
828 833 2085
828 833 1202
833 1200 1663
1199 1663 2086
1199 1200 1663
252 1199 2086
252 534 1199
173 534 832
1062 1665 2087
1062 1063 2087
1558 1993 2087
836 1205 2088
836 1203 2088
660 1205 2088
322 660 2088
322 1486 2088
1151 1203 2088
1151 1486 2088
724 1207 1670
155 724 1670
374 1951 2080
457 1210 2090
457 2090 2091
1675 2090 2091
151 152 2092
1684 1685 1687
1680 1684 1685
845 2090 2094
845 1210 2094
845 1210 2090
589 1840 2096
589 1420 2096
177 1613 2101
166 1613 2101
166 755 1613
757 1221 1693
757 1220 1221
197 1221 2102
197 198 2102
14 197 198
1221 1693 2102
14 119 198
326 1220 2103
326 1064 2103
326 356 1064
1225 1696 2104
153 1225 2104
153 200 1225
143 1696 2104
153 456 2104
143 456 2104
722 1223 2105
473 1223 2105
473 1226 2105
848 1697 2106
473 848 2106
473 1225 2106
200 1225 2106
200 1697 2106
200 1224 1697
1230 1232 1698
1231 1299 2107
1230 1231 2107
907 1731 2107
907 1698 1731
264 947 2108
264 541 947
264 2108 2109
264 1236 2109
930 1236 2110
556 930 2110
556 1235 1700
1236 1700 2109
556 947 1700
947 1700 2109
262 556 2110
1237 1792 2110
1236 1792 2110
262 1237 2110
947 2108 2109
929 930 2111
929 1357 2111
852 1168 1170
852 1170 1227
416 778 1703
416 777 778
416 777 779
84 482 2112
482 1231 2112
1230 1231 2112
1230 1232 2112
4 1246 1705
501 1254 1707
232 1260 1708
501 1254 1708
501 1260 1708
75 1253 2114
73 75 2114
73 498 2114
216 1710 2115
214 216 2115
1710 2064 2115
76 216 1709
76 1624 1709
1182 1710 2064
232 1708 2116
1257 1259 1711
442 1708 2116
627 886 1270
886 1139 1270
886 1137 1139
107 1713 2117
107 617 2117
107 505 617
106 1269 2117
289 1140 1606
289 616 2118
289 616 1140
106 616 2118
106 289 2118
743 744 2119
743 1139 2119
1139 1270 2119
511 1715 2120
1338 1774 2120
511 1338 2120
936 1774 2120
537 936 2120
536 537 2120
226 898 2120
536 898 2120
263 1274 1715
263 1273 1715
1276 1717 2121
1156 1717 2121
1275 1715 1716
1275 2120 2121
1275 1715 2120
226 2120 2121
81 1277 1718
496 859 2122
224 496 2122
1249 1722 2122
1249 1730 2122
1279 1717 2123
1717 1721 2123
512 1721 2123
512 538 2123
538 1034 2123
1279 2123 2124
1279 1723 2124
1280 1723 2124
1036 1280 2124
1034 1036 2124
1034 2123 2124
1724 1931 2125
1283 1499 2125
295 1726 2126
295 1290 2126
863 1248 1727
889 1249 1722
1249 1727 1729
532 1655 1727
889 1249 1450
222 889 2127
222 223 889
222 2081 2127
897 1292 2128
495 870 2128
495 1155 2128
1155 1706 2128
532 1292 2128
532 1706 2128
439 1638 2129
439 1185 1640
1655 1727 2130
1451 2081 2127
253 1299 2131
1299 2107 2131
1299 1698 2131
1731 2107 2131
1698 1731 2131
1299 1735 2131
792 796 2132
792 793 796
789 792 2132
796 1733 2132
1165 1242 2132
789 1165 2132
790 1228 2132
790 1175 2132
1228 2132 2133
1298 2132 2133
1242 1298 2132
905 1298 2133
907 1733 2133
907 1297 1733
482 560 1299
86 482 560
84 86 482
301 1736 2134
908 1300 2134
259 1736 2134
259 1732 1736
259 1737 2134
1309 1741 2135
916 1741 2135
916 1742 2135
911 1305 1348
1307 1749 2142
917 1307 1752
915 954 2143
954 956 2144
954 955 956
956 1318 2145
544 1759 1760
914 1305 2149
1332 1744 1751
545 1310 1752
260 1756 2153
1320 1321 1324
484 1765 2158
925 1761 2158
485 925 2158
485 1765 2158
987 991 2159
577 578 1764
577 1763 1764
578 855 2160
578 1764 2160
854 1805 2160
854 855 2160
1766 1805 2160
1764 1766 2160
485 934 2161
485 934 1765
1319 1394 1395
553 1319 1395
548 552 2164
548 552 553
265 1781 2165
1351 1777 2166
554 942 1344
1778 1781 2167
1777 1778 2167
943 1777 2167
1329 1779 2168
556 1341 2169
483 1699 2169
483 1779 2169
1341 1779 2169
1773 1780 2170
265 1773 2170
1336 1780 2170
896 1826 2171
896 1290 2171
1290 1401 1826
587 1726 2172
244 295 2172
625 1726 2172
587 912 2172
295 1029 2172
625 1099 2172
912 1531 2172
883 885 2172
885 1029 2172
244 883 2172
1099 1531 2172
992 1099 1531
587 912 2173
912 1348 2173
1351 2166 2174
1351 1783 2174
1783 1787 2174
1775 1787 2174
1782 1784 2177
940 1782 2177
940 1349 2177
1353 1775 2174
528 1349 1785
1349 1784 1785
1349 1784 2177
1784 1785 2176
1784 2174 2178
1353 2174 2178
940 1350 1782
2179 2180 2181
247 1749 2181
247 1355 2181
528 948 1785
1353 1775 1788
941 1789 2183
941 1350 1789
954 2143 2144
1342 1343 2185
1342 1790 2185
1790 2184 2185
1343 2184 2185
855 856 949
972 1356 1357
972 1356 1791
1356 1701 2111
1356 1357 2111
1356 1793 2186
1356 1792 2186
1356 1701 1792
1359 1792 2186
557 558 949
971 972 1358
965 971 972
855 949 2187
1239 1366 2187
1239 1240 1366
1361 1796 2188
559 950 1369
559 1362 1796
559 951 1362
527 542 1740
1360 1367 1799
1239 1363 1367
565 964 2189
1359 1797 2189
904 951 1363
951 1362 1363
1239 1362 1363
1239 1362 1796
1365 1366 2190
578 1365 2190
1366 2187 2190
578 855 2190
855 2187 2190
256 562 963
562 563 963
963 964 967
967 1376 2191
963 967 1376
1375 1799 2191
255 1375 2191
255 967 2191
255 967 1375
22 268 2191
255 268 2191
22 255 2191
1330 1371 2192
928 1328 2193
928 931 2193
931 1803 2193
1328 1331 2193
976 1331 2193
952 1330 1370
101 1018 2194
101 284 2194
970 1018 2194
969 970 2194
969 1802 2194
24 103 2194
24 102 2194
102 1378 2194
284 1374 2194
103 1374 2194
1374 1802 2194
1374 1801 2194
1378 1801 2194
1319 1325 1326
1318 1319 1325
1318 1325 1762
254 975 2195
254 975 1380
254 1387 2195
987 1387 2195
975 987 2195
975 987 2159
288 1385 2196
982 1385 2196
283 574 1808
271 1382 2197
270 271 2197
270 1382 2197
270 1382 1385
270 982 1385
986 1809 2198
283 986 2198
1384 1391 2199
274 1391 2199
979 1384 2199
979 1014 2199
961 962 1012
274 1014 2199
958 1812 2200
958 1813 2200
988 1812 2200
987 988 2200
987 991 2200
989 991 2200
987 988 1387
1389 1816 2202
273 1389 2202
271 273 1389
561 960 1390
957 1391 2203
140 957 2203
140 1392 2203
140 1392 1816
584 990 2204
585 990 2204
584 585 990
579 585 2204
579 927 2204
584 1388 2204
584 1388 1817
583 1588 2205
583 1589 2205
552 1819 2207
290 586 1303
290 586 1441
916 1332 1333
1587 2208 2209
919 920 1138
920 1138 1400
1592 1593 2034
1593 1753 2034
1138 1400 2210
1135 1824 2210
1348 1397 1821
911 1348 1821
912 1348 1397
912 1397 1820
521 1788 2211
1353 1788 2211
1403 1404 2212
582 1404 2212
561 582 2212
958 1827 2212
561 958 2212
561 958 1827
1754 2152 2213
1754 2035 2213
1138 2210 2213
743 2210 2213
1599 1755 1828
1596 1599 2214
1599 1828 2214
596 1830 2215
596 997 1830
1830 2028 2215
1407 1856 2216
1009 1856 2216
1834 2021 2216
1436 1834 2216
994 1408 1411
137 994 1410
994 1410 1411
1410 1411 1412
611 2020 2218
611 1409 2218
1835 2020 2218
1834 1835 2219
1834 1837 2219
457 1211 2219
457 2091 2219
1675 2091 2219
1675 1835 2219
1414 1840 2220
1009 1414 2220
1009 1414 2216
995 1843 2221
589 1843 2221
995 1422 2221
589 2221 2222
2220 2221 2222
589 1840 2222
1840 2220 2222
1418 1841 2223
1415 1418 2223
443 444 2224
443 1421 2224
443 603 1421
702 1187 2225
702 1541 2225
40 591 592
393 1848 2227
393 1837 2227
457 1211 2228
457 593 2228
998 1427 1849
608 1430 2230
608 1430 1854
608 1431 2230
1430 1851 2230
607 1011 2230
607 608 2230
1005 1011 2230
1005 1851 2230
275 1005 1851
608 1851 2230
275 608 1851
1010 1851 2230
347 1010 2230
1852 2230 2231
1431 2230 2231
1002 1003 2232
95 1867 2232
1003 1867 2232
88 1002 2232
88 89 1002
95 112 2232
87 300 2232
87 88 2232
112 300 2232
588 1405 1407
1405 1407 1437
1434 1435 2233
993 1435 2233
993 1409 1435
993 1434 2233
1008 1432 2234
1432 1857 2234
610 1008 2234
610 1857 2234
978 979 1439
978 979 1811
1021 1442 1714
291 617 2117
106 507 2117
291 507 2117
1270 1714 2119
1269 1713 2117
243 245 1858
912 992 1531
586 1441 1858
912 992 1820
742 1446 1862
395 1141 2235
31 395 2235
31 395 1861
31 2235 2236
397 1141 2236
1141 2235 2236
1532 1967 2238
1532 1538 2238
694 1077 1514
1030 1077 1514
693 694 1489
694 1078 1490
1078 1514 2239
694 1078 1514
1030 1514 2239
1031 1078 2239
134 1031 2239
679 1078 2239
679 1078 1490
132 1078 2239
132 1933 2239
1659 1866 2240
1449 1450 2240
1451 1866 2240
1450 1451 2240
1036 1729 2241
1035 1036 2241
1034 1035 1036
636 1034 1035
1035 1865 2241
90 91 1867
646 1452 2242
646 1044 2242
1040 1452 2242
637 1040 2242
637 1038 2242
40 1038 2242
40 592 1038
40 1047 2242
91 1464 1867
688 1044 1047
1044 1047 2242
1457 1868 1871
1456 2000 2244
1540 1561 2245
1540 1561 1999
186 824 2246
1457 2072 2246
1457 1871 2246
186 2072 2246
1192 1650 2072
1653 2080 2247
1672 2080 2247
1459 1460 2249
1873 1894 2249
1043 1460 2249
645 1887 2249
645 1043 2249
361 1461 2253
361 1059 2253
1877 1891 2254
1877 1878 1891
1473 1873 1894
1872 1879 2255
647 1044 1880
646 647 1044
122 648 649
122 316 649
308 641 2256
93 308 2256
122 641 2256
687 1050 1906
687 1880 2256
643 687 1880
687 1161 2256
687 1161 1906
486 1466 2257
486 1048 1466
488 1466 2257
486 488 2257
486 488 1244
1471 1884 2258
653 1884 2258
653 1890 2258
1472 1896 2258
1890 1896 2258
654 655 1467
1467 1470 1471
1471 1472 2258
1467 1470 1888
318 1056 2259
318 1055 1056
1056 1884 2259
1471 1884 2260
1467 1471 2260
655 1467 2260
239 655 2260
1054 1058 2260
1053 1054 1058
1058 1478 2260
239 653 1885
239 2260 2261
653 1885 2262
318 2259 2262
653 1884 2262
317 318 2262
1894 1895 2265
1472 1893 2265
1893 2265 2266
1895 2265 2266
645 1049 2266
645 1895 2266
645 1887 1895
1049 1893 2266
1900 1901 1902
1477 1901 1902
238 776 2267
238 776 2046
654 1888 2268
237 654 2268
237 653 1889
1900 1902 2269
1457 1645 2270
1457 1559 2270
1559 1649 2270
651 1649 2270
651 1645 2270
826 1107 2068
1106 1107 2068
1900 2071 2271
311 2071 2271
311 1907 2271
175 448 825
175 233 1194
175 233 825
1052 1908 2273
1052 1161 2273
1160 1908 2273
776 1908 2273
776 1908 2046
1476 1908 2273
1053 1058 1479
661 1485 2274
178 179 2274
1064 1485 2274
1064 2103 2274
197 1484 2274
179 197 2274
376 429 2275
1556 1990 2275
376 1556 2275
429 1553 2275
1553 1990 2275
17 302 1488
1283 1497 2084
1497 1926 2084
1282 1283 2125
694 1489 2276
679 694 2276
1489 1950 2276
1924 1950 2276
297 298 1927
1496 1924 2276
1496 1923 1924
728 1915 2277
341 1915 2277
131 726 727
1120 1530 2277
341 1530 2277
1118 1120 2277
728 1118 2277
1114 1951 2278
374 1951 2278
370 374 2278
370 372 374
1114 1116 2278
675 1095 2279
671 1921 2279
633 671 2279
676 1493 1918
675 1917 2280
1525 1918 2281
1493 1525 1918
675 1917 2279
675 1493 2280
1075 2279 2281
1075 1917 2279
1524 1525 2281
1524 2279 2281
1500 1922 2282
1500 1922 1927
1922 1928 2283
1922 1927 2283
108 1502 2283
1033 1502 2283
1033 1929 2283
531 948 2284
948 1785 2284
1785 2171 2284
1826 2171 2284
1401 1826 2284
521 1032 2284
521 2211 2284
299 2211 2284
299 1401 2284
1498 1499 1931
1928 1929 2283
108 110 298
110 298 1076
1022 1090 2285
1537 1969 2287
598 1535 2287
598 1537 2287
1934 1937 2288
1934 1935 2288
702 1475 2290
339 702 2290
1475 1939 2290
689 1475 1939
1080 1939 2291
1080 1081 2291
306 1080 1081
339 1081 2291
339 1081 1509
339 1939 2291
306 1510 1940
306 686 1081
306 686 1940
282 686 1081
282 686 1940
685 1510 2292
97 1475 2292
97 685 2292
96 1475 2292
1935 1968 2293
1031 1937 2293
1031 1942 2293
1935 2289 2294
1935 2288 2289
1935 1944 2294
1513 1943 2295
692 1515 1945
1938 1943 2295
692 1938 1943
1935 1944 1945
1937 1938 2295
1937 2293 2295
1513 1514 2296
1513 1942 2296
1513 1942 2293
1077 1945 2296
1077 1514 2296
1513 2293 2295
1514 1942 2296
1514 1968 2296
1968 2293 2296
1935 1945 2296
1935 2293 2296
34 1517 2297
34 1946 2297
1517 2297 2298
1517 1947 2298
1519 1947 2298
164 1519 1947
1955 1957 2299
60 1526 2301
343 454 2301
60 454 2301
343 344 2301
344 1954 2301
1114 1115 1116
699 700 2300
1543 2010 2303
1213 1214 2304
1213 1214 1673
1098 1527 1960
1954 1960 2306
1957 1960 2306
1527 1957 2306
1097 1545 2308
1097 1545 1964
1097 1957 2308
1545 1957 2308
1545 1957 1958
1958 1964 2309
1528 1958 2309
1956 1964 2309
1956 2005 2309
154 1540 2313
1539 1540 2313
699 1539 2313
698 699 2313
150 154 2313
150 698 2313
1539 1565 1979
1981 2305 2314
1544 1981 2305
1101 1981 2315
150 1101 2315
150 1981 2315
150 698 1981
698 1981 2316
698 699 2316
699 1975 1980
842 1982 2317
455 842 1982
152 842 2317
152 1212 2317
1102 1984 2318
759 760 761
1102 1548 2318
1548 1984 2318
126 1985 2319
126 128 2319
126 128 1985
1548 1984 2319
128 1984 2319
1548 1985 2319
762 1150 2319
763 1150 2319
404 762 2319
1549 1986 2320
1454 1456 2323
1454 1456 2000
1456 1562 2323
1454 1869 2000
1869 1998 2000
1576 1577 2012
359 1869 2325
359 1458 1869
1869 1998 2325
1562 1672 2248
1455 1456 1562
1456 1868 2326
1455 1456 1868
1453 1868 2326
1453 1868 1871
1453 1456 2326
1453 1456 2244
1562 2243 2248
1455 1457 2327
1455 1457 1995
1457 1868 2327
720 1694 2330
357 1694 2330
720 721 2330
357 1695 2330
1552 1612 2330
472 1552 1612
715 1108 2001
1108 1875 2001
1072 2003 2332
358 1874 2332
2001 2003 2332
1874 2331 2332
1566 2005 2335
1096 1952 2335
1096 1952 1959
1096 2005 2335
703 1570 2336
703 1042 2336
276 378 729
276 601 729
156 378 729
276 303 601
302 601 2337
302 303 601
302 1573 2337
601 1573 2337
114 236 2338
114 236 2008
1263 1572 2339
1209 2324 2340
376 2013 2341
376 1554 2341
376 1554 1556
667 1554 2341
355 667 2341
355 2329 2341
115 1125 2342
115 1899 2342
458 2343 2344
458 2018 2344
458 1849 2343
1849 2229 2343
1427 1849 2343
1188 2225 2345
595 845 1983
595 845 2094
595 1210 2094
388 740 2346
141 388 2346
141 388 389
141 740 2346
141 740 741
740 741 1133
390 740 1584
390 740 1133
390 1584 1847
1311 1688 1690
918 2024 2347
1688 1690 2099
1216 1690 2099
1831 2348 2349
1831 2028 2348
1689 2100 2348
337 1428 2348
337 1591 2348
1591 2028 2348
1585 1689 2348
1428 1585 2348
1591 2029 2350
1849 2229 2350
1426 2229 2350
1428 2029 2350
998 1424 1847
337 998 1847
337 998 999
337 1428 1591
1428 1591 2029
260 546 2351
260 2030 2351
2100 2348 2352
2348 2349 2352
2032 2349 2352
2031 2032 2352
1311 1689 2352
1689 2100 2352
546 2038 2353
1315 1753 2354
910 1587 2354
1753 2208 2354
1753 2034 2208
1587 2208 2354
386 1518 2355
1027 1596 2355
1027 1518 2355
1596 1599 2355
546 846 2357
546 2353 2357
846 1692 2357
846 847 1692
1600 2036 2358
2036 2037 2358
63 1600 2358
63 2356 2358
63 1608 2356
1597 2036 2359
1597 1600 2036
1597 1829 2359
2030 2036 2038
2036 2353 2359
2036 2038 2353
623 628 1446
31 136 2360
31 394 2360
31 394 2236
136 394 2360
32 136 394
394 1446 1862
681 1025 1446
1603 2040 2361
743 744 2362
743 2361 2362
745 1398 2362
744 745 2362
746 1823 2362
746 1398 2362
746 1398 1823
1398 1823 2040
1823 2361 2362
1823 2040 2361
63 1600 2041
63 1607 1608
397 2041 2363
63 397 2041
41 397 2363
36 41 397
41 2041 2363
476 2043 2364
144 2043 2364
144 476 2043
2002 2043 2364
1874 2043 2364
358 1874 2364
776 799 1909
776 1160 1909
776 1160 2273
652 1048 2365
652 1648 2365
794 799 2366
2047 2367 2368
906 2047 2367
906 1617 2367
777 2048 2369
1165 1166 2049
1165 2048 2049
1165 1622 2370
2048 2049 2369
1165 1627 2370
499 1627 2370
499 780 1627
499 780 1628
499 2369 2370
487 906 1162
45 2051 2372
45 1264 2372
1162 2053 2373
1162 1618 2053
487 1162 2373
45 47 2375
45 46 47
46 47 76
47 76 481
2053 2054 2376
2054 2057 2376
212 2057 2376
2052 2053 2376
502 2052 2376
47 2051 2376
45 2051 2376
1624 2059 2377
76 1624 2377
46 76 2377
1181 2059 2378
781 1255 2058
1181 1709 2378
1709 2059 2378
781 1625 2379
781 2058 2379
438 1625 2379
438 814 1625
1623 2058 2379
438 502 2379
874 876 877
874 876 1264
193 2061 2380
193 1633 2061
193 454 2380
840 843 2380
58 843 2380
58 59 2380
454 839 2380
59 332 2380
840 844 2380
453 844 2380
839 841 2380
841 2061 2380
332 453 2380
332 420 453
1181 1182 1709
1181 2062 2381
1181 1637 2062
1180 2063 2381
1180 2062 2381
433 1179 2381
433 1179 1636
2065 2066 2382
2065 2129 2382
439 1259 2382
439 2129 2382
882 2066 2382
882 1728 2382
870 2128 2382
897 2128 2382
897 1728 2382
355 2067 2384
355 2329 2384
447 1560 2385
447 1106 2385
1560 2067 2385
1646 2386 2387
1646 2069 2386
1642 1649 2071
445 448 826
1642 1900 2071
830 1196 2388
1196 1650 2388
1192 1650 2388
383 738 1652
383 2073 2389
383 1579 2073
383 1580 2389
383 1580 1652
831 1652 2390
1651 1652 2390
831 1651 2390
831 1551 1651
1579 2073 2390
709 1551 2390
709 1579 2390
736 1074 2391
1130 1580 2077
736 737 2391
737 1580 2391
2073 2390 2392
1651 2390 2392
1074 2391 2392
1074 2075 2392
832 834 2394
1663 2085 2394
1578 2077 2078
2078 2079 2395
1495 2074 2075
1580 2077 2395
449 1661 2395
1492 1918 2397
1492 1578 2397
2079 2396 2397
2078 2079 2397
2076 2077 2398
1130 2076 2077
1578 2077 2398
2015 2076 2398
1074 1129 2014
1578 2015 2398
1653 2247 2399
173 832 2081
1201 1655 2400
1201 2086 2400
252 1655 2400
252 2086 2400
1657 1658 2081
1201 1655 2130
832 1657 2081
1451 1658 1866
1451 1658 2081
1201 1865 2130
1075 1925 2401
1925 2082 2401
1925 1926 2082
1926 1932 2403
1926 2082 2403
1919 1920 2403
1201 2086 2404
1663 2086 2404
1201 1663 2404
50 1124 2405
50 1062 2405
50 1062 1482
377 1124 2405
377 1554 2405
1665 1666 2406
1063 1666 2406
1989 2087 2405
1063 2087 2405
438 1994 2407
438 502 2407
502 2374 2407
187 1114 2011
1114 1951 2408
1654 1951 2408
1977 2314 2410
1686 1687 2410
1685 1687 2410
152 1212 2411
461 1212 2412
461 1212 1683
1212 2093 2412
461 2317 2412
461 1982 2317
2093 2317 2412
460 1983 2412
460 1982 2412
460 461 1982
1547 1982 2412
1213 1983 2412
1213 1680 1983
1215 1547 2412
1213 1215 2412
845 2094 2413
845 1681 2413
462 2096 2414
462 1212 2096
462 590 2414
590 2096 2414
590 1420 2096
1684 1686 1687
1212 1683 2096
1684 1686 2345
1686 2225 2345
1681 1683 2096
1681 1682 1839
1944 2294 2420
2289 2294 2420
692 1521 2420
692 1944 2420
2025 2026 2421
2025 2026 2347
684 2027 2422
44 684 2422
849 1218 1224
474 1222 2423
756 1148 2044
756 757 1693
429 1072 2424
429 1041 1072
428 429 2424
357 1694 2425
428 1694 2425
1220 2103 2426
197 1484 2426
2103 2274 2426
1484 2274 2426
357 1695 2425
197 1220 2426
197 1220 1221
358 722 2105
474 2003 2427
474 1222 2427
905 1232 1233
905 1232 1698
905 907 1698
907 2107 2428
1230 1233 2428
1230 1232 1233
1230 2107 2428
1229 1731 2429
259 1732 2429
854 856 1701
854 1236 2430
854 1236 1701
1236 1701 2111
1236 1700 2430
1235 1700 2430
483 1235 2430
930 1236 2111
485 2161 2430
485 854 2430
217 865 2431
217 492 2431
217 218 2431
84 2112 2432
84 865 2432
861 1246 2432
1246 2113 2432
440 1256 1257
1254 1256 1707
440 1257 1259
440 1254 1256
440 1183 1259
440 1254 1708
439 1183 1259
439 1183 1708
440 1183 1708
1256 1258 1707
867 1258 1707
867 868 1258
1253 2114 2433
1253 1707 2433
498 2115 2433
498 2114 2433
2064 2115 2433
215 1258 2434
868 1258 2434
868 1620 2434
212 498 2115
212 1620 2434
212 1252 1620
212 215 2434
212 214 2115
866 1252 1620
213 214 216
869 871 1152
71 490 2435
490 1154 2435
495 871 1152
495 767 1152
1154 1245 2435
442 1245 2435
442 2116 2435
495 870 871
744 1714 2119
744 1714 1820
1442 1714 1820
1156 2121 2436
1275 1276 1716
1275 1276 2121
226 1156 2436
226 770 1156
226 2121 2436
1722 2122 2437
1720 1722 2437
859 1720 2437
859 2122 2437
1276 1277 2438
224 1716 2438
1276 1716 2438
888 1277 2438
224 2122 2438
888 1730 2438
1730 2122 2438
768 1279 1723
508 538 1730
1499 1931 2125
516 517 1922
516 1922 1929
1282 2125 2439
1291 2125 2439
1291 1724 2125
891 1282 2439
891 1291 2439
1865 2130 2440
1729 2241 2440
1865 2241 2440
889 1450 1451
889 1451 2127
1727 1729 2440
1727 2130 2440
253 2131 2441
908 2132 2442
908 1175 2132
2132 2133 2442
1733 2132 2133
907 2133 2442
907 1297 2442
908 1229 2442
1229 1297 2442
1228 2133 2443
853 1228 2443
853 1233 2443
1233 2428 2443
907 2133 2443
905 907 2133
907 2428 2443
560 1299 1735
301 639 2444
301 638 639
301 2134 2444
1300 1736 2134
773 775 2444
639 773 2444
908 2134 2445
908 1229 2445
1736 2134 2445
1732 1736 2445
1732 2429 2445
1229 2429 2445
1307 1749 2446
1309 1741 2446
917 1309 2446
917 1307 2446
544 1742 2135
1398 1743 2136
746 1398 1604
746 1398 2136
746 1604 1605
1399 1744 1751
1272 1399 2450
1399 2449 2450
2449 2450 2451
1272 2450 2451
1272 1398 2451
1398 1604 2451
1743 2136 2453
745 2136 2453
745 913 2136
745 1743 2453
914 935 2454
935 2138 2454
2162 2455 2456
2162 2163 2456
909 1587 2209
1747 2033 2209
549 1758 1771
549 1304 2141
1749 1750 2142
2139 2140 2454
991 2159 2459
1322 2159 2459
1322 1804 2459
2461 2462 2463
921 2150 2151
921 1771 2150
64 616 2464
64 2152 2464
105 616 2464
105 616 1140
64 1756 2465
64 2152 2465
1313 2152 2465
1313 2152 2356
1754 2152 2465
2152 2213 2465
920 1756 2153
1593 1753 2466
1593 2153 2466
920 1593 2153
546 2038 2351
1758 1771 2468
1314 1758 2141
1314 1758 2469
1314 2469 2470
544 1314 2470
1759 1760 2471
1321 1322 1324
1321 1322 2159
1373 2157 2472
923 1373 1762
1371 1373 2156
1761 2158 2473
484 1372 2473
484 2158 2473
924 1372 2473
924 927 2473
927 1761 2473
926 927 1761
1321 2159 2474
975 2159 2474
933 1321 2474
932 933 2474
975 1380 2474
934 2161 2475
2161 2430 2475
934 2430 2475
483 934 2430
2461 2462 2476
991 1768 2477
2162 2478 2479
1317 1595 2026
1315 1595 2026
1594 2033 2480
2033 2209 2480
1818 2481 2482
581 1588 2481
581 1818 2481
1781 2165 2483
1777 1778 2484
2174 2175 2484
2166 2174 2484
1777 2166 2484
2175 2179 2484
1328 1329 2168
976 1328 2168
1330 1767 2485
483 1779 2485
483 1767 2485
976 1328 1331
556 2169 2488
556 1234 2488
1699 2169 2488
1234 1699 2488
556 1337 2488
556 938 2488
261 556 938
943 1336 2489
943 2167 2489
1336 2170 2489
265 1781 2489
265 2170 2489
1781 2167 2489
299 1402 1825
299 506 1825
246 506 1825
1782 2176 2491
1782 1784 2176
1784 2174 2492
2174 2175 2492
506 1355 2181
1353 2178 2493
299 2211 2493
1353 2211 2493
506 2492 2493
1784 2492 2493
1784 2178 2493
2179 2484 2494
1778 2484 2494
1789 1790 2182
941 1347 1350
941 1347 2457
2454 2496 2497
953 1306 2500
1306 1308 2500
1354 2182 2501
1320 1379 2503
1320 1803 2503
953 1370 2504
565 1800 2505
253 565 2505
527 1800 2505
527 1294 2505
253 1294 2505
1239 1240 1794
1239 1361 2187
1239 1361 2188
1239 1360 1794
1367 1368 2506
1363 1367 2506
1363 1798 2506
1174 1798 2506
565 1797 2189
566 1630 2506
1174 1630 2506
20 1368 2506
20 966 1368
20 566 2506
1799 2191 2507
23 1376 2507
1376 2191 2507
1360 1799 2507
563 1360 2507
563 564 2507
287 973 2507
23 287 2507
564 973 2507
1371 2192 2508
1371 2156 2508
932 1380 2474
925 926 1761
579 925 926
288 576 2196
283 2198 2509
576 1807 2196
283 574 2509
1386 1807 2509
1386 2198 2509
574 982 2509
982 1807 2509
982 1807 2196
1395 1396 1819
1818 2201 2482
1388 1818 2201
581 1388 1818
580 581 1388
1317 2510 2511
1317 1595 2510
550 1595 2510
584 1817 2512
1388 1817 2512
580 1388 2512
273 584 2512
580 2202 2512
580 1816 2202
273 2202 2512
958 985 1812
1392 1815 2513
1389 1392 1815
270 1815 2513
270 983 2513
961 1012 1390
1391 1392 2203
1391 1392 2513
983 1391 2513
924 927 1393
922 924 1393
1395 1819 2514
1819 2206 2514
1819 2206 2515
2481 2482 2516
2481 2511 2516
291 1303 2517
586 1303 2517
291 1751 2517
1741 2446 2517
1749 2446 2517
586 1749 2517
1333 1751 2517
1333 1741 2517
1135 2480 2518
1592 1822 2208
1592 2034 2208
2209 2480 2518
1822 2208 2209
2209 2448 2518
2447 2448 2519
1400 1823 2210
1400 1605 1823
1400 1592 1822
141 389 2520
141 142 2520
137 141 142
582 958 2521
958 1813 2521
582 1404 2521
1813 2200 2521
989 2200 2521
989 1768 2521
1768 1769 2521
137 138 142
743 1136 2523
743 1136 1601
743 2213 2523
396 1136 2523
396 2213 2523
1414 2216 2524
1414 1840 2524
1839 1840 2524
1834 1836 2527
1835 1836 2218
1407 2216 2528
1436 2216 2528
1408 2527 2528
1834 2527 2528
1436 1834 2528
588 1407 2528
588 1408 2528
1417 1422 2220
1422 2220 2221
1009 1415 2529
1009 2220 2529
1417 2220 2529
1415 1417 2529
1841 1854 2530
1007 1841 2530
1841 2223 2530
1415 2223 2530
1415 1841 2530
1007 1432 2530
1432 1854 2530
1008 1432 1854
1415 1432 2530
609 1432 2530
609 1415 2530
1421 1842 2224
1842 1843 2531
1843 1844 2531
1512 1844 2531
444 1842 2224
821 1842 1940
1511 1512 2531
1511 1842 2531
1511 1842 1940
1187 1188 2225
1427 2532 2533
1427 2344 2532
2228 2532 2533
2019 2228 2532
1211 2227 2534
1211 2227 2228
2227 2228 2533
1211 2219 2534
1837 2219 2534
1837 2227 2534
1836 2217 2535
347 2230 2536
1852 2230 2536
1852 2231 2536
347 1422 2536
1418 1422 2536
1418 1422 1430
1431 2231 2536
1007 1431 2536
1007 1841 2536
1418 1841 2536
1418 1430 1841
1386 2198 2537
1809 2198 2537
1809 1857 2537
1386 1807 2537
1807 1810 2537
979 1384 1811
1012 1810 2537
1013 1438 2537
1013 1857 2537
1012 1438 2537
36 2236 2538
36 394 2236
36 397 2538
397 2236 2538
1027 1536 1598
1536 1538 1969
1536 1598 1832
1536 1538 1832
1538 2237 2238
134 1504 2539
134 2239 2539
297 1914 2539
297 1504 2539
1659 2240 2540
1035 2083 2540
2240 2402 2540
1449 2240 2541
78 79 2541
79 1449 2541
79 538 1449
359 1565 2325
1561 1870 2245
1460 1462 2542
1459 1460 2542
1459 2249 2542
340 824 1871
824 1871 2246
1192 2399 2543
1192 1644 2543
1191 1644 2543
1191 2243 2543
2247 2399 2543
2243 2248 2543
1672 2247 2543
1672 2248 2543
1870 2245 2544
2245 2249 2544
2245 2249 2542
1463 2249 2544
1463 1873 2249
1463 1872 2545
1872 2255 2545
2250 2251 2545
2251 2255 2545
1463 2250 2545
1461 1886 2253
1059 1886 2253
1880 2256 2546
1061 1880 2546
93 122 648
93 122 2256
1161 2256 2546
1061 1161 2546
1478 1884 2547
1478 2260 2547
1884 2260 2547
1884 2259 2262
317 1885 2262
1885 2263 2548
238 1908 2548
1885 1908 2548
239 1901 2261
237 239 1901
237 239 1885
1477 1901 2261
237 1885 2263
1054 1477 2260
1477 2260 2261
236 2264 2549
236 2008 2549
1126 2008 2549
1642 1643 2550
1642 1900 2550
1643 2328 2550
653 1890 2551
653 1889 2551
236 1890 2551
236 1890 2264
2269 2271 2552
1900 2269 2271
1907 2271 2552
1902 2269 2552
652 1907 2552
652 2272 2552
652 1648 2272
178 661 2274
16 178 1912
428 429 1553
427 428 1553
1913 1922 2553
632 1922 2553
632 1922 2282
632 1500 2282
517 1913 2554
517 1913 1922
515 517 2554
515 1913 2554
515 1037 1913
631 1914 2555
631 632 2555
1500 1927 2555
632 1500 2555
297 1914 2556
1914 2555 2556
297 1927 2556
1927 2555 2556
370 2278 2557
1209 1671 2557
369 1671 2557
369 372 2557
370 372 2557
633 1095 2279
1523 1524 2559
1075 1921 2279
1925 2279 2560
1075 1925 2279
1501 1925 2560
1524 2559 2560
1524 2279 2560
1501 1949 2560
1523 1949 2560
1523 2559 2560
1913 1919 2553
1922 1928 1929
298 1927 2283
109 629 2561
629 1503 2561
108 298 2283
1026 1447 2562
1022 1026 2562
1091 1973 2562
1028 1447 2562
1028 1091 2562
1971 2312 2563
2288 2289 2564
1937 2288 2564
2285 2288 2564
1090 2285 2288
96 821 822
96 822 1122
96 821 2292
339 1939 2290
2297 2298 2566
1970 2297 2566
1970 1973 2297
463 1610 2567
1085 2299 2568
1085 1948 2299
1948 2004 2568
1085 1610 2568
1610 2567 2568
1117 2004 2568
1948 2310 2568
1948 2299 2310
381 1117 2568
1527 1955 2568
1527 1955 2299
1955 1965 2568
1965 2310 2568
2415 2417 2569
1521 2098 2420
2097 2098 2420
2415 2569 2570
2415 2420 2570
1098 1526 2574
1954 2301 2574
1526 2301 2574
1954 1960 2574
1098 1960 2574
696 2226 2575
696 1845 2226
599 696 1845
598 599 696
2007 2309 2576
1566 2309 2576
1566 2005 2309
1214 1673 1676
1423 1678 2579
1213 1215 2305
1213 2304 2305
594 1092 2307
594 1846 2307
1961 2578 2580
1961 1963 2580
2571 2580 2581
2571 2573 2581
2007 2309 2582
2007 2578 2582
1520 2570 2584
2570 2581 2584
1521 2581 2584
2311 2572 2584
2573 2581 2584
2573 2581 2585
2572 2573 2584
2572 2573 2585
342 692 2586
2581 2584 2586
2581 2585 2586
692 1521 2586
1521 2584 2586
1087 1529 2311
1120 1529 2587
1120 1530 2587
342 2586 2587
342 1530 2587
1528 2585 2587
1528 1529 2587
1087 2311 2588
1966 2311 2588
690 1087 2588
690 1087 1569
691 1966 2588
690 691 2588
1977 1980 2314
1981 2314 2589
1981 2316 2589
1953 2316 2589
1953 2314 2589
1977 2092 2410
1212 2093 2317
66 408 2590
66 405 408
404 2319 2590
404 408 2590
66 384 2590
384 739 2590
739 763 2590
763 2319 2590
710 2320 2591
710 1986 2320
1549 2383 2591
1549 2320 2591
2066 2129 2592
2065 2066 2129
827 2383 2592
882 2066 2592
827 882 2592
827 828 882
1638 2129 2593
1638 2383 2593
1549 1638 2383
2129 2383 2593
2129 2383 2592
1184 1549 1638
1455 1468 1995
1468 1879 1995
1562 1879 2594
1562 1879 1996
1455 1562 2323
2250 2251 2595
1209 2324 2596
1209 1671 2596
1672 2080 2596
369 2080 2596
369 1671 2596
1672 2324 2596
1539 1540 1999
1539 1565 2325
1540 2245 2542
154 1540 2542
1455 1868 2327
1564 2013 2341
721 1555 2330
1552 1555 1991
1552 1555 2330
326 356 1487
2001 2332 2597
1643 2328 2334
1570 1571 2598
1123 1570 2598
1123 1570 2336
1122 1123 2598
1122 1571 2598
152 2411 2599
152 2092 2599
462 1123 2599
1212 2411 2599
462 1212 2599
156 159 378
236 1572 2600
236 1572 2338
1263 1572 2600
601 1572 2339
1572 2338 2601
114 2338 2601
114 158 2601
158 601 2601
601 1572 2601
302 1488 2009
699 2340 2602
699 2300 2340
2324 2340 2603
1208 2340 2603
1208 1997 2603
1208 1997 1999
1208 1539 1999
1539 2325 2603
1539 1577 2603
1539 1577 2012
1577 1998 2603
1998 2325 2603
377 1554 2604
1554 1989 2604
1067 1989 2604
1125 2333 2342
2252 2333 2342
1899 2342 2605
1849 2343 2606
697 2343 2606
1849 2350 2606
1591 2350 2606
2028 2215 2606
1591 2028 2606
596 697 2607
697 2215 2606
596 697 2215
2019 2228 2608
593 2019 2228
1674 1675 2608
1675 1835 2608
1835 2228 2608
1423 2226 2609
1423 1678 2609
1845 2226 2609
2018 2019 2344
611 1413 2610
1413 1415 2610
1415 1417 2610
1316 1590 2611
1590 2024 2611
1316 2025 2611
2025 2347 2611
2024 2347 2611
1311 2031 2352
42 43 1584
43 1691 2612
43 1691 1692
1311 2031 2467
2031 2038 2467
386 2035 2355
1599 2035 2355
1608 2152 2356
1608 2152 2464
1313 2030 2613
2353 2357 2614
1691 2353 2614
1692 2357 2614
1691 1692 2614
616 1020 1603
2105 2364 2615
358 2105 2364
2003 2427 2615
2002 2364 2615
2002 2003 2615
201 2364 2615
144 201 2364
476 2364 2615
476 1696 2615
1696 2105 2615
1226 1696 2105
201 1222 2615
1222 2427 2615
664 1157 1193
2365 2368 2616
2047 2365 2368
1648 2365 2616
486 1243 1244
795 1617 2367
794 795 1617
794 798 2366
777 2369 2617
798 1622 2618
2373 2619 2620
2050 2373 2620
487 1243 1704
1646 1704 2619
487 1704 2621
438 2407 2621
438 2374 2621
438 2374 2407
2373 2619 2621
215 1623 2622
1623 2379 2622
2376 2379 2622
502 2376 2379
212 215 2622
212 2376 2622
45 2375 2376
47 2375 2376
2059 2060 2623
2059 2377 2623
876 2060 2623
46 876 2377
876 2377 2623
876 1625 2060
876 878 1625
876 877 878
434 436 2063
433 781 2624
433 2381 2624
1181 2381 2624
781 1255 2624
1181 1182 2624
2063 2381 2624
1182 2063 2624
1182 2063 2064
1902 2272 2552
1992 2070 2321
1193 1992 2070
1193 2069 2070
1646 1647 2387
2272 2368 2616
830 2388 2626
6 830 2626
1192 2388 2626
1653 2399 2626
6 1653 2626
1192 2399 2626
712 1551 1651
446 712 1651
1551 2390 2627
2390 2393 2627
1651 2390 2393
1105 1551 2627
1105 1988 2627
446 449 1651
449 1651 2393
446 449 1661
1660 1988 2627
1074 2075 2628
2077 2078 2395
2074 2075 2628
449 2395 2629
449 1651 2629
449 1651 2392
1651 1652 2629
2073 2389 2392
1580 2395 2629
1580 1652 2629
1580 2389 2392
1580 2391 2392
834 2394 2630
1202 2085 2630
834 1202 2630
2085 2630 2631
2085 2394 2631
1656 2394 2631
832 1656 2394
1663 2394 2631
2079 2396 2632
1074 2014 2633
672 2014 2633
1578 2078 2397
1074 2628 2633
2074 2628 2633
1075 1921 2635
1920 1921 2635
1919 2403 2637
1926 1932 2084
1558 2087 2638
1665 2087 2638
1665 1668 2638
1262 2089 2638
879 1262 2638
879 1668 2638
1062 1063 2405
660 1063 2639
349 1063 2639
349 1063 2406
349 1989 2639
1554 1989 2639
1554 1989 2405
660 665 2639
1554 1556 2639
665 1556 2639
665 1556 1990
1665 2406 2640
352 1665 2640
1989 1993 2087
349 2406 2640
349 352 2640
349 352 1066
1654 2408 2641
1114 2408 2641
187 1114 2641
602 1654 2641
187 602 2641
1839 2409 2524
1839 2409 2413
1685 2314 2410
1215 1544 2305
2092 2410 2643
1686 2410 2643
1976 1980 2643
1977 1980 2643
1977 2092 2643
151 2599 2643
151 2092 2599
1679 1684 2644
1684 2345 2644
2020 2345 2644
2020 2345 2610
1681 1839 2413
2020 2095 2644
1674 1679 2645
1679 2095 2645
1679 2095 2644
1674 1675 2645
2090 2094 2413
2090 2409 2413
1675 2090 2409
1675 2095 2645
1682 1840 2096
1681 1682 2096
2415 2420 2646
598 696 2418
2415 2417 2647
1536 1972 2648
2285 2565 2648
1937 1938 2649
1938 2570 2649
1520 1938 2570
2420 2570 2649
1315 1753 2650
2026 2347 2650
918 2347 2650
1315 2026 2650
1594 2162 2480
2238 2422 2651
1967 2238 2651
2027 2422 2651
1533 1967 2651
1532 1533 1967
1830 1831 2028
459 2027 2651
459 1533 2651
459 1000 1533
756 1218 1693
489 862 2431
489 493 862
489 492 2431
1246 1705 2113
1232 2112 2653
788 1232 2653
787 788 2653
440 1256 2654
440 819 2654
1256 1258 2654
1255 1258 2654
1255 2624 2654
817 819 2654
2381 2624 2654
817 1179 2654
1179 2381 2654
1707 2433 2655
1256 1707 2655
818 819 2656
2063 2064 2656
2064 2433 2656
817 819 2656
436 817 2656
436 2063 2656
71 232 2116
71 2116 2435
232 869 2657
869 871 2657
870 871 2657
870 2382 2657
232 500 2657
500 1711 2657
2131 2441 2658
253 1173 2441
566 2441 2658
566 1173 2441
1735 2131 2658
566 1630 2658
1364 1735 2658
1174 1630 2658
1364 1798 2658
1174 1798 2658
772 802 2659
259 772 802
796 1737 2661
2134 2444 2661
1737 2134 2661
775 2444 2661
795 796 2661
795 1629 2661
775 1629 2661
544 917 2135
917 1309 2135
913 935 2447
2447 2448 2662
1135 1824 2662
1135 2518 2662
746 1823 2662
746 1605 1823
1823 2210 2662
1824 2210 2662
1399 1744 2663
2452 2471 2664
914 2454 2665
914 2149 2665
2454 2497 2665
2138 2140 2454
1769 1770 2522
549 1758 2141
2456 2522 2667
1769 2456 2522
550 551 552
551 552 2164
2162 2455 2668
551 910 2023
550 551 910
1747 2033 2669
1304 2141 2670
909 1757 2670
909 1304 2670
956 2144 2671
544 2146 2671
544 2146 2147
544 2144 2671
976 2499 2672
976 2499 2502
2148 2454 2496
2139 2148 2454
956 2145 2671
2145 2146 2671
1804 2459 2673
2139 2140 2674
2138 2140 2674
2459 2673 2675
2459 2462 2675
2459 2462 2476
507 1751 2676
291 507 2676
291 1751 2676
395 1607 2677
105 395 2677
1607 2464 2677
1607 1608 2464
1135 2154 2678
1138 2213 2678
1138 2210 2678
1135 2210 2678
2030 2038 2351
2038 2467 2679
2031 2038 2679
2154 2467 2679
1755 2031 2679
2154 2678 2679
2030 2036 2037
2030 2037 2613
1754 1755 2679
2037 2356 2613
1313 2356 2613
2037 2356 2358
1311 2467 2680
1311 1688 2680
2154 2467 2680
1135 2154 2680
1771 2150 2468
1318 2151 2681
1318 2146 2681
1318 2145 2146
2150 2151 2682
1747 1748 2519
909 2209 2683
1747 2209 2448
1747 2448 2519
1822 2137 2683
1822 2209 2683
923 924 1373
924 1372 1373
922 923 924
1379 1804 2673
991 2459 2476
991 2477 2685
1770 2477 2685
1770 2461 2685
991 2461 2685
991 2461 2476
553 1395 1396
1768 1770 2477
2026 2421 2686
2025 2026 2686
1317 2025 2026
1216 2099 2479
2025 2421 2686
1216 1403 2687
398 1403 2687
1216 2479 2687
398 1404 2687
1317 2481 2688
1317 2481 2511
1588 2205 2481
1781 2483 2689
2165 2483 2689
976 1354 2690
976 2168 2690
2485 2486 2504
2487 2504 2690
2485 2487 2504
2168 2487 2690
1785 2171 2691
587 1726 2691
1402 1726 2126
1290 1726 2691
1401 1402 2126
1290 1401 2126
1290 2171 2691
1785 2176 2692
299 506 2493
2176 2491 2692
531 2284 2693
531 1448 2693
1032 2284 2693
2284 2490 2693
1826 2284 2693
1826 2284 2490
1448 1931 2693
1931 2490 2693
896 1931 2490
634 1032 2693
296 1826 2693
896 1826 2490
296 634 2693
2175 2179 2694
1348 2173 2695
1347 1348 2695
1306 2495 2698
2180 2181 2698
2181 2698 2699
1306 1750 2699
544 915 2144
915 2143 2144
953 1308 2500
953 1306 2700
1306 2698 2700
2182 2183 2701
941 2182 2183
941 2182 2501
1789 2182 2701
953 1370 2702
953 1308 2702
976 1803 2703
976 1803 2193
976 2502 2703
1803 2503 2703
1373 2472 2704
1373 1762 2704
2157 2472 2704
2139 2148 2705
938 1343 2184
265 2165 2706
1779 2488 2706
938 1779 2488
265 1337 2706
1337 2488 2706
938 2487 2707
938 1779 2487
1779 2706 2707
1779 2168 2487
2165 2706 2707
2689 2690 2707
1779 2485 2707
2485 2487 2707
2165 2689 2707
2486 2504 2708
2485 2486 2708
1330 2485 2708
1370 2504 2708
1330 1370 2708
949 1361 2187
558 949 1361
1359 2186 2709
1358 1794 2710
1358 1793 2710
1794 1795 2710
1793 2186 2710
2186 2709 2710
964 2189 2710
964 1795 2710
1359 2189 2710
1239 1796 2188
1239 1360 1367
1393 1395 2711
1395 2514 2711
2206 2515 2711
2206 2514 2711
1819 2515 2712
990 1819 2712
990 1388 1819
990 1388 2204
927 990 2713
927 990 2204
990 2515 2713
990 2515 2712
2515 2711 2713
1393 2711 2713
927 1393 2713
2201 2482 2714
2482 2516 2714
2207 2516 2714
1388 2201 2714
1388 1819 2714
1819 2207 2714
2207 2516 2715
2510 2516 2715
2510 2511 2516
552 2207 2715
142 2520 2716
10 1589 2716
10 2520 2716
10 389 2520
142 1589 2716
142 583 1589
550 2510 2715
550 552 2715
139 993 2717
139 1827 2717
1827 2212 2717
1403 2212 2717
1836 2218 2718
1836 2217 2718
1409 2218 2718
1409 2717 2718
993 1409 2717
1403 2525 2719
1403 2525 2717
1217 1585 2719
1217 1690 2719
1403 1690 2719
1216 1403 1690
1408 1836 2720
1408 1836 2527
1836 1837 2720
393 1837 2720
393 1425 1848
393 1411 2720
1408 1411 2720
462 1122 1123
462 1083 1122
679 1933 2239
2239 2539 2721
1914 2539 2721
1030 2239 2721
1030 1914 2721
1887 2249 2722
1870 1872 2544
1454 1455 2323
1463 1872 2544
1878 1892 2723
1878 1891 2723
1891 1892 2723
1472 2265 2723
1472 2723 2724
1472 1896 2724
1473 1894 2724
2265 2723 2724
1894 2265 2724
1126 1897 2724
1473 1897 2724
1473 1897 1898
1470 1888 2725
1877 2254 2725
1469 1877 2725
1470 1891 2725
1891 2254 2725
2070 2322 2727
238 2263 2727
238 2263 2548
2263 2322 2727
1889 2551 2728
1900 2550 2728
237 2268 2728
237 1889 2728
237 1900 2728
237 1900 1901
2070 2321 2729
2070 2322 2729
1100 1116 2278
1100 2006 2576
1566 2006 2576
1952 2340 2730
1952 2300 2340
632 1919 2553
1497 1501 1925
1497 1925 1926
679 1933 2731
1933 2561 2731
679 2276 2731
1496 1498 2731
1496 2276 2731
1503 2561 2731
109 2561 2732
334 1933 2732
1933 2561 2732
109 1444 2732
334 335 2732
621 1444 2732
335 621 2732
1974 2237 2733
1538 1974 2237
1971 2237 2733
1971 2563 2733
1092 2647 2734
1936 2565 2735
1970 2286 2735
1936 2286 2735
821 1940 2292
1510 1940 2292
1080 1507 1939
689 1507 1939
1527 2306 2736
1954 2306 2736
469 1954 2736
463 469 2736
463 2567 2736
381 2568 2737
61 1527 2737
1527 2568 2737
1527 2299 2736
2299 2567 2568
2299 2567 2736
61 381 2737
1971 2312 2738
1972 2312 2738
1970 2286 2738
1972 2286 2738
2298 2566 2738
1970 2566 2738
1971 2237 2738
1519 2298 2738
1519 1597 2738
1529 2311 2739
2311 2572 2739
2571 2572 2739
1528 2571 2572
1528 2572 2585
696 2418 2741
2416 2418 2741
1100 2576 2742
1952 2300 2742
1952 1959 2742
1959 2740 2742
1961 1962 2583
1213 1673 1680
1680 1685 2744
1679 1680 2744
1953 2304 2305
1546 1953 2304
1423 2579 2745
1423 2575 2745
1423 2226 2575
1214 1677 2307
1521 2098 2746
1528 2309 2747
1528 2582 2747
1528 1963 2582
2309 2582 2747
1528 1963 2571
1545 1963 2580
1966 2311 2748
2585 2586 2587
691 1966 2748
2311 2584 2748
2573 2581 2749
2571 2573 2749
1963 2571 2749
2581 2746 2749
2098 2746 2749
1963 2582 2749
2578 2582 2749
2416 2578 2749
2098 2416 2749
1185 1641 2750
1185 1640 2750
712 1641 2750
712 713 1641
827 2383 2591
710 1105 2591
829 1640 2750
827 1105 2591
446 829 2750
446 712 2750
827 1105 1988
1158 1558 2751
1558 2638 2751
2089 2638 2751
1576 1577 2752
187 1576 2752
187 1576 2011
1453 1577 2752
1453 1577 2000
187 1453 2752
187 340 1453
1453 2000 2244
1997 2324 2603
1672 1997 2324
154 2542 2753
1462 2542 2753
147 154 2753
2332 2333 2754
2331 2332 2333
358 2332 2754
157 358 2754
157 1125 2754
1072 2332 2597
1125 2333 2754
1072 1564 2597
236 2728 2755
236 2551 2728
601 2339 2756
601 1573 2756
377 1573 2756
2340 2602 2757
1208 2340 2757
1539 2303 2757
699 1539 2757
699 1539 2303
699 2602 2757
1539 2012 2757
1208 1539 2757
1576 2010 2303
2012 2303 2757
1576 2012 2303
1463 2250 2605
1463 1473 1873
1463 1473 2605
1677 2022 2758
1846 2307 2758
1677 2307 2758
1678 2579 2759
1679 2608 2759
1674 1679 2608
1679 2744 2759
2579 2744 2759
597 1845 2760
597 1583 2760
697 2607 2760
697 2526 2760
1845 2609 2760
596 1583 2760
2020 2610 2761
611 2610 2761
611 2020 2761
995 1421 2761
2345 2610 2761
1188 2345 2761
1421 1842 2761
1188 1842 2761
995 1416 2761
1416 1417 2761
1417 2610 2761
918 1312 2762
1688 2466 2762
1312 2153 2762
260 1312 2153
2153 2466 2762
918 1753 2762
918 1753 2650
1688 1753 2762
1020 1603 2763
1603 2361 2763
1020 2210 2763
1020 1138 2210
2210 2361 2763
743 2210 2361
873 1244 2764
1048 2365 2765
486 487 1048
486 487 1243
906 1048 2765
487 906 1048
2369 2617 2766
2369 2370 2767
1622 2370 2767
1622 2618 2767
2056 2618 2767
2051 2372 2767
2371 2372 2767
2056 2618 2768
2056 2371 2768
2050 2371 2768
2050 2620 2768
2619 2620 2769
1646 2619 2769
438 1994 2770
438 503 2770
503 873 2770
873 2621 2770
873 1704 2621
664 1158 2770
664 873 2770
1158 2751 2770
873 1244 2770
487 2374 2771
487 2374 2621
487 2373 2771
2052 2373 2771
2052 2053 2373
2407 2621 2770
2001 2597 2773
715 2001 2773
715 2625 2773
1874 2333 2774
1874 2331 2333
1106 2385 2625
1106 1191 2625
1191 2243 2625
1457 1995 2775
1457 1559 2775
1190 1559 2775
1190 1643 2775
1643 2334 2775
2069 2070 2776
2069 2386 2776
2070 2267 2776
2070 2267 2727
1660 2627 2778
2393 2627 2778
449 2393 2778
1661 1662 2395
2075 2392 2778
449 2392 2778
1495 2075 2778
1202 1660 2778
1662 2079 2395
2074 2633 2780
672 1494 2780
672 2633 2780
1917 2280 2781
1493 2280 2781
676 1493 2781
676 1494 2781
1494 2634 2782
1494 2634 2781
1918 2634 2782
1920 2635 2783
635 636 2784
515 1037 2784
515 635 2784
636 2636 2784
636 2083 2636
1037 2636 2784
78 535 2402
2240 2402 2541
78 2402 2541
1932 2402 2785
1932 2084 2785
535 2402 2785
1283 2084 2785
1037 1913 2636
535 1283 2785
1913 2636 2786
2636 2637 2786
1913 1919 2786
1919 2637 2786
2403 2636 2637
1932 2082 2403
1675 2020 2095
2021 2642 2787
1675 2642 2787
1675 2021 2642
1675 2409 2787
2216 2409 2787
2216 2409 2524
2021 2216 2787
1686 2225 2788
1686 2643 2788
1541 2225 2788
701 1541 2788
1979 2643 2789
1976 1979 2643
149 1978 2789
2643 2788 2789
2336 2643 2789
151 2643 2789
151 1978 2789
1979 2789 2790
701 2788 2790
2788 2789 2790
359 1565 2790
359 362 2790
2097 2416 2418
2415 2646 2647
2097 2098 2416
2419 2734 2791
1535 2419 2791
2285 2648 2792
2285 2562 2792
1022 2285 2562
1972 2648 2792
1972 2562 2792
1972 1973 2562
1936 2286 2793
1936 2565 2793
1972 2286 2793
1972 2312 2793
2289 2648 2791
2289 2564 2565
2289 2565 2648
2565 2793 2794
2162 2479 2480
2099 2480 2795
2099 2479 2480
1688 2099 2795
1688 1753 2466
1688 2480 2795
1135 1688 2480
1135 1688 2680
1691 2612 2796
1691 2353 2796
43 2612 2796
43 44 2796
44 2422 2796
1147 1148 2797
1147 1612 2797
1695 2330 2797
1612 2330 2797
166 2101 2797
166 1148 2797
1695 2425 2797
2423 2797 2798
2425 2797 2798
865 2113 2432
785 862 2799
785 862 2652
540 785 2799
523 540 2799
523 862 2799
217 862 2431
493 785 858
2112 2432 2653
787 2432 2653
493 787 858
787 861 2432
493 862 2652
493 785 2652
494 1705 2800
1705 2113 2800
494 859 2800
218 2431 2800
218 859 2800
2433 2655 2801
2433 2656 2801
818 2656 2801
818 819 2801
819 1256 2801
1256 2655 2801
1259 2657 2802
1259 1711 2657
1259 2382 2802
2382 2657 2802
414 566 2803
268 269 414
414 2659 2803
268 414 2659
268 772 2659
802 2441 2659
2441 2660 2804
1731 2441 2660
2441 2803 2804
2441 2659 2803
1731 2429 2804
802 1731 2441
2131 2660 2804
1731 2131 2804
1731 2131 2660
269 640 2804
640 2429 2804
259 640 2429
20 414 2804
269 414 2804
566 2803 2804
20 566 2804
1745 1746 2138
913 2136 2805
913 2447 2805
2447 2662 2805
746 2662 2805
746 2136 2805
1748 2447 2519
1605 1822 2137
1604 2451 2471
2449 2451 2471
2449 2471 2664
1759 2471 2806
1604 2471 2806
2448 2518 2662
1399 2449 2663
2449 2663 2664
2452 2663 2664
2497 2665 2807
2497 2807 2808
2458 2665 2807
1757 2666 2670
1314 2666 2670
2456 2667 2809
1745 2522 2809
2522 2667 2809
1594 2033 2455
1594 2455 2668
910 1587 2023
910 1315 2354
550 910 1315
550 1315 1595
1594 2162 2668
1745 2461 2463
1745 1770 2461
1745 1770 2522
2141 2670 2810
1314 2141 2810
1314 2670 2810
1306 1307 1752
1306 1307 1750
1307 1750 2142
396 2035 2213
105 2464 2677
1313 1756 2465
2678 2679 2811
2213 2465 2811
1754 2679 2811
1754 2465 2811
2213 2678 2811
64 920 1756
2151 2681 2812
2151 2682 2812
2150 2468 2813
1758 2468 2813
1758 2469 2813
2155 2684 2814
1757 2684 2815
1757 2666 2815
1314 2666 2815
544 1314 2815
909 1757 2816
1757 2684 2816
909 2683 2816
2155 2684 2816
2137 2155 2816
2137 2683 2816
2478 2479 2817
2478 2688 2817
1404 2687 2817
2479 2687 2817
1778 2689 2818
1778 1781 2689
2689 2697 2818
953 2504 2819
1354 2690 2820
2504 2689 2690
2504 2689 2819
1790 2182 2820
2689 2697 2819
1790 2184 2820
2179 2181 2694
2175 2181 2821
2175 2181 2694
2175 2492 2821
506 2492 2821
506 2181 2821
2491 2695 2822
1782 2491 2822
2491 2695 2823
2173 2695 2823
244 246 1825
2491 2692 2823
587 2173 2823
242 244 246
587 2691 2823
1785 2692 2823
1785 2691 2823
1750 2181 2699
1749 1750 2181
1347 1350 1782
2495 2698 2699
1306 2495 2699
953 2700 2824
2698 2700 2824
2180 2698 2824
2496 2497 2498
2148 2499 2705
2139 2460 2825
2139 2705 2825
2463 2675 2826
2462 2463 2675
2460 2463 2826
938 2184 2827
938 2707 2827
2184 2820 2827
2690 2820 2827
2690 2707 2827
1359 2709 2710
916 1332 2828
1332 2663 2828
1332 1744 2663
1836 2535 2829
2229 2535 2829
1835 1836 2829
1427 2343 2344
2229 2343 2829
2019 2228 2829
697 2343 2829
2019 2526 2829
2019 2344 2532
1427 1848 2227
1427 2227 2533
1835 2228 2829
697 2526 2829
2229 2718 2830
2229 2535 2718
1428 2350 2830
1426 2350 2830
1428 1585 2830
1585 2719 2830
2525 2718 2830
2525 2717 2718
2525 2719 2830
392 1412 1838
393 1411 2831
391 393 1425
1411 1412 2831
392 393 2831
391 392 393
1454 1886 2832
1454 1455 2832
1894 1895 2249
1895 2249 2722
2322 2729 2833
1992 2729 2833
1992 2726 2833
1263 2600 2833
1992 2726 2834
1992 2321 2729
1067 1157 2834
1157 1992 2834
1157 1193 1992
2268 2550 2728
1888 2328 2550
1888 2268 2550
1888 2328 2334
1126 1896 2549
1896 2264 2549
1890 1896 2264
1477 1902 2835
1476 1477 2835
2272 2777 2835
1902 2272 2835
237 2263 2836
237 2728 2836
2263 2322 2836
1952 2335 2730
2006 2278 2837
2006 2278 2557
1100 2006 2837
1100 2278 2837
2558 2730 2837
2335 2730 2837
1566 2557 2837
1566 2006 2557
1566 2335 2837
1209 2340 2730
1209 2558 2730
1209 2557 2558
2557 2558 2837
1498 1503 2731
1498 1503 1931
1503 1930 1931
2563 2733 2734
1092 1974 2733
1092 2733 2734
2419 2646 2734
1535 2097 2838
1535 2097 2419
2097 2418 2838
2646 2647 2734
598 2418 2838
598 1535 2838
1088 1859 2839
1088 2735 2839
1859 1863 2839
1863 1864 2839
1946 2297 2839
1864 1946 2839
1970 1973 2839
1970 2735 2839
1973 2297 2839
2419 2646 2840
2097 2419 2840
2791 2793 2840
2289 2791 2840
2097 2289 2840
2097 2289 2420
1957 1958 2841
1545 1958 2841
1528 1958 1965
1957 2299 2841
1528 1965 2310
2299 2310 2841
1545 2580 2841
1529 2310 2841
1528 1529 2310
1529 2739 2841
2571 2739 2841
2571 2580 2841
1546 2740 2842
1962 2583 2842
1959 1962 2842
1959 2740 2842
2007 2302 2576
2302 2576 2742
1100 2577 2843
1100 2302 2577
1100 2302 2742
2577 2740 2843
2417 2647 2844
1092 2647 2844
1546 1953 2845
1546 2740 2845
700 1953 2845
700 2300 2845
1100 2740 2845
1100 2740 2843
2300 2742 2845
2740 2742 2845
2579 2744 2846
1685 2744 2846
1685 2314 2846
1953 2314 2846
1953 2305 2314
2579 2846 2847
2740 2845 2847
1100 2846 2847
1100 2845 2847
1961 2583 2848
2575 2577 2745
2007 2302 2743
1546 2842 2849
2583 2848 2849
2583 2842 2849
2578 2580 2850
2417 2569 2850
2569 2580 2850
2569 2570 2580
1521 2581 2746
2570 2580 2581
691 2748 2851
691 1520 2851
1520 2584 2851
2584 2748 2851
2250 2252 2595
2250 2252 2605
236 2755 2852
236 2833 2852
236 2600 2833
1067 2604 2853
1067 2834 2853
2726 2834 2853
1263 2833 2853
2726 2833 2853
1898 1899 2605
2252 2342 2605
1678 2609 2854
1678 2759 2854
1846 2758 2855
1093 1846 2855
2526 2609 2760
2018 2019 2855
1093 2018 2855
596 2607 2760
1261 1712 2856
1712 2069 2856
664 1712 2069
664 1193 2069
873 2764 2856
873 1261 2856
1646 2069 2856
1646 2764 2856
1648 2272 2616
1244 1646 2764
906 2047 2765
777 2617 2857
2617 2766 2857
777 2057 2857
777 1164 2057
2369 2767 2857
499 2057 2857
499 2369 2857
2051 2057 2857
2051 2767 2857
2620 2769 2858
2620 2768 2858
1646 2769 2858
1646 1647 2858
2618 2768 2858
798 2618 2858
1647 2387 2858
2366 2387 2858
798 2366 2858
2373 2621 2859
2050 2373 2859
2621 2772 2859
2050 2371 2859
2052 2374 2771
1262 2772 2859
2371 2372 2859
502 2052 2374
1262 1264 2859
1264 2372 2859
1994 2407 2770
1262 2772 2860
1262 2089 2860
2089 2751 2860
2751 2770 2860
2621 2772 2860
1704 2619 2860
2619 2621 2860
1244 2770 2860
1244 1704 2860
2329 2384 2861
1564 2597 2861
1564 2341 2861
2329 2341 2861
2384 2861 2862
2067 2384 2862
2067 2385 2862
2385 2625 2773
2252 2333 2774
2243 2625 2863
1879 2594 2863
1879 2595 2863
1562 2243 2863
1562 2594 2863
715 2625 2863
715 1108 2863
1874 2774 2863
2252 2774 2863
2252 2595 2863
1108 1875 2863
1874 1875 2863
2334 2775 2864
1995 2775 2864
1888 2334 2864
1888 2725 2864
1469 2725 2864
1469 1995 2864
1469 1879 1995
1879 2255 2595
2251 2255 2595
2386 2387 2865
776 2267 2865
2366 2387 2865
2272 2777 2866
2272 2368 2866
1495 2778 2868
1494 2780 2869
1494 2782 2869
1495 2074 2869
2074 2780 2869
2632 2868 2869
1495 2868 2869
1918 2782 2870
1918 2397 2870
2396 2397 2870
2396 2632 2870
2782 2869 2870
2632 2779 2869
1123 2336 2599
2336 2599 2643
1565 1979 2790
147 1462 2871
147 1462 2753
2563 2734 2791
1536 2648 2872
1535 2791 2872
1536 2287 2872
1536 1969 2287
1535 2287 2872
2285 2564 2565
2564 2794 2873
2735 2794 2873
2565 2735 2794
1088 2735 2873
1088 1090 2873
2288 2564 2873
1090 2288 2873
1829 2359 2874
2353 2359 2874
2422 2796 2874
2353 2796 2874
2422 2874 2875
1829 2874 2875
1597 2738 2875
2237 2738 2875
1828 2032 2214
1597 1829 2875
2101 2797 2876
177 2101 2876
2423 2797 2876
177 1222 2876
177 202 1222
1222 2423 2876
1218 1693 2102
1218 1219 2102
474 2003 2878
1072 2003 2878
1072 2424 2878
428 2425 2878
428 2424 2878
2425 2798 2878
2113 2800 2879
865 2431 2879
865 2113 2879
2431 2800 2879
1604 1605 2880
1605 2137 2880
2137 2155 2880
1759 2806 2881
1759 2155 2881
1759 2155 2814
1771 2164 2882
548 1771 2164
2164 2882 2883
551 2164 2883
1771 2882 2883
549 1771 2883
549 551 2883
549 551 1304
551 1304 2023
2033 2456 2884
2033 2455 2456
2456 2809 2884
1745 2809 2884
2033 2669 2884
1747 2669 2884
1745 1747 2884
1745 2138 2463
2138 2463 2674
2139 2460 2463
2139 2463 2674
1347 2457 2885
941 2807 2885
941 2457 2885
976 2672 2886
976 2498 2886
2499 2672 2886
2496 2498 2886
2496 2499 2886
2148 2496 2499
921 1318 2151
2146 2147 2681
2147 2681 2812
2150 2682 2887
2150 2813 2887
2147 2682 2812
2469 2813 2888
2469 2470 2888
544 2470 2888
544 2682 2888
544 2147 2682
2682 2887 2888
2684 2814 2815
2688 2817 2889
1404 2817 2889
2478 2688 2889
2162 2478 2889
2162 2163 2889
2163 2456 2889
9 12 2890
9 1589 2890
1589 2205 2890
12 1316 2890
1316 1317 2890
1316 1317 2025
2481 2688 2890
2205 2481 2890
1317 2688 2890
1354 2182 2820
1347 1782 2891
1782 2695 2891
1782 2695 2822
545 954 1308
545 915 954
953 2696 2892
2696 2697 2892
1778 2697 2892
1778 2697 2818
1778 2494 2892
2179 2180 2824
2179 2494 2824
555 1350 1789
1308 2702 2893
952 1370 2893
1370 2702 2893
952 955 2894
955 2157 2894
1373 2156 2894
1373 2157 2894
2156 2508 2894
2499 2705 2895
2499 2502 2895
2502 2703 2895
2705 2825 2896
1379 2503 2896
2503 2705 2896
2503 2705 2895
2503 2703 2895
956 2157 2704
955 956 2157
956 1318 2704
1318 1762 2704
544 1760 2897
544 916 2897
916 2828 2897
1426 2229 2830
392 1412 2831
2217 2535 2718
1059 1886 2898
1886 2832 2898
1059 1060 2898
1455 2832 2898
1455 1468 2898
1060 1892 2898
1878 1892 2898
1887 1895 2722
1468 1878 2898
2728 2755 2852
1126 1896 2724
2007 2578 2741
2416 2578 2741
1961 2578 2899
1961 2417 2899
1961 2417 2844
1961 2844 2848
2578 2850 2899
2417 2850 2899
1953 2314 2900
1980 2314 2900
699 1980 2900
1100 2846 2901
1100 1543 2901
2846 2900 2901
1953 2846 2900
2307 2848 2902
1092 2307 2902
1092 2844 2902
2844 2848 2902
2302 2743 2902
2007 2741 2902
2007 2743 2902
696 2575 2902
696 2741 2902
2302 2577 2902
2575 2577 2902
1546 2848 2903
1546 2848 2849
2307 2848 2903
2577 2740 2745
1214 2307 2903
2579 2745 2847
2740 2745 2847
1214 1546 2903
1214 1546 2304
377 2339 2904
377 2339 2756
1263 2339 2904
1263 2853 2904
377 2604 2904
2604 2853 2904
1473 1898 2605
595 2022 2758
2608 2759 2854
593 2758 2905
593 595 2758
2526 2608 2854
2019 2526 2608
593 2855 2905
593 2019 2855
2526 2609 2854
2758 2855 2905
2047 2365 2765
2056 2371 2767
2766 2857 2906
1618 2049 2369
1618 2766 2906
1618 2369 2766
1166 1618 2049
2057 2857 2906
1618 2057 2906
1618 2053 2057
2053 2054 2057
2367 2368 2907
795 1629 2907
795 2367 2907
1172 1629 2907
801 1172 2907
801 1909 2907
1476 2273 2777
1476 2777 2835
2267 2386 2865
2368 2866 2907
799 2366 2865
776 799 2865
1201 1663 2908
1201 1656 2908
1663 2631 2908
1656 2631 2908
1659 2540 2909
2540 2636 2867
2082 2540 2909
2082 2402 2540
2083 2540 2636
1932 2082 2402
2869 2870 2910
2779 2869 2910
1662 2079 2911
2079 2632 2911
2630 2631 2912
2394 2630 2912
2631 2779 2912
2394 2631 2779
2630 2868 2912
1202 2630 2868
2394 2632 2912
2394 2632 2779
2779 2868 2912
2632 2779 2868
2632 2911 2912
1202 1662 2630
2630 2911 2912
1662 2630 2911
1202 2778 2868
2082 2401 2913
1918 2634 2913
1918 2281 2913
2281 2401 2913
1075 2281 2401
147 2871 2914
147 149 2914
149 2789 2914
1042 2789 2914
1042 2336 2789
1042 1462 2914
362 701 2790
1462 2871 2914
2648 2791 2872
2312 2793 2915
2791 2793 2915
2312 2563 2915
2563 2791 2915
2564 2794 2916
1937 2649 2916
2646 2840 2916
2793 2794 2916
2793 2840 2916
1937 2564 2916
2420 2646 2916
2420 2649 2916
1598 1832 2214
1832 2032 2214
1596 1598 2214
1831 1832 2032
1831 2032 2349
119 121 198
121 198 848
121 848 1223
2423 2798 2918
474 2423 2918
2798 2878 2918
1746 2138 2919
935 2138 2919
2155 2881 2919
935 2447 2919
2155 2880 2919
1746 2447 2919
1746 1748 2447
1604 2880 2919
1604 2806 2919
2806 2881 2919
2458 2807 2885
1305 1347 2149
1347 2149 2920
2458 2885 2920
2458 2665 2920
2149 2665 2920
1347 2885 2920
1404 2889 2921
1404 2521 2921
1769 2521 2921
2456 2889 2921
1769 2456 2921
953 2696 2819
2696 2697 2819
1347 2695 2891
941 1354 2922
941 1354 2501
976 1354 2922
976 2498 2922
953 2824 2892
1789 2183 2701
952 2893 2923
952 955 2923
954 955 2923
954 2893 2923
954 1308 2893
952 2894 2924
952 1330 2924
2508 2894 2924
1330 2508 2924
1330 2192 2508
2825 2896 2925
1379 2896 2925
1379 2673 2925
2673 2675 2925
2675 2826 2925
2460 2825 2925
2460 2826 2925
1760 2471 2897
2452 2471 2897
2452 2663 2897
2663 2828 2897
2728 2852 2926
2728 2836 2926
2833 2852 2926
2322 2833 2926
2322 2836 2926
238 2267 2727
2267 2386 2776
1543 2303 2927
1543 2900 2927
1543 2900 2901
699 700 1953
2597 2773 2861
2773 2861 2862
2385 2773 2862
2777 2866 2928
1161 2777 2928
1161 2273 2777
1061 1909 2928
1061 1161 2928
1909 2907 2928
2866 2907 2928
1656 2908 2929
1656 1659 2908
1656 1658 1659
1656 1865 2929
1658 1659 1866
2540 2867 2929
1035 1865 2929
1035 2540 2929
2082 2909 2930
2082 2913 2930
2635 2783 2931
2634 2910 2931
2634 2870 2910
2634 2870 2913
1075 1917 2931
1075 2635 2931
2634 2781 2931
1917 2781 2931
2238 2422 2932
2422 2875 2932
2237 2238 2932
2237 2875 2932
198 848 1219
198 1219 2102
2877 2917 2933
2813 2887 2888
544 1759 2815
1759 2814 2815
941 2808 2922
941 2807 2808
2497 2498 2922
2497 2808 2922
2494 2824 2892
699 1953 2316
699 2303 2900
2303 2900 2927
2909 2930 2934
2908 2909 2934
1659 2908 2909
2867 2910 2929
2908 2910 2929
2870 2913 2930
2910 2931 2935
2783 2931 2935
2870 2930 2934
2867 2910 2935
1920 2783 2935
1920 2403 2935
2636 2867 2935
2403 2636 2935
2877 2917 2936
2917 2933 2936
2877 2933 2936
474 2878 2918
2779 2908 2934
2631 2779 2908
2631 2779 2910
2631 2908 2910
2632 2779 2934
2632 2870 2934
