270.025251 165.903950 46.453313 255 0 0
278.160507 152.039756 50.174425 255 0 0
287.803399 139.082055 53.968544 255 0 0
298.953927 127.030846 57.835668 255 0 0
311.612090 115.886130 61.775798 255 0 0
325.777889 105.647906 65.788935 255 0 0
341.451324 96.316174 69.875077 255 0 0
358.632394 87.890935 74.034226 255 0 0
377.321100 80.372189 78.266380 0 255 0
359.231809 84.740750 89.912803 0 255 0
342.760299 90.082031 101.637566 0 255 0
327.906570 96.396031 113.440669 0 255 0
314.670622 103.682750 125.322111 0 255 0
303.052454 111.942188 137.281893 0 255 0
293.052068 121.174345 149.320014 0 255 0
284.669463 131.379222 161.436475 0 255 0
277.904638 142.556818 173.631276 0 255 0
