3.150334865214563251e+02 9.997536262178994093e+01 1.483080065868940096e+02
3.143822270439846420e+02 8.590825736810583635e+01 1.409059547740450853e+02
2.951295078607348046e+02 8.782894677952589291e+01 1.247833804324332050e+02
2.841081148578352327e+02 8.580404193538768709e+01 1.065342084636311029e+02
2.854799856483530220e+02 7.379777292875360217e+01 9.281248392183562146e+01
2.805048052819039981e+02 7.998689770067997529e+01 5.174560394266671892e+01
2.892485355436548389e+02 1.022973852718048136e+02 3.386895253588488686e+01
2.960501397851571710e+02 1.154367938799714182e+02 3.581737480427796072e+01
3.070136816397267125e+02 1.225404325812002924e+02 4.441984212686804767e+01
3.076418007033059325e+02 1.386390273886067064e+02 4.796321965827900158e+01
3.144549751138882812e+02 1.507626945441738258e+02 5.184097275318521270e+01
