27.326118 35.888546 15.771637 255 0 0
27.606643 35.731264 14.747758 255 0 0
27.955560 35.440133 13.721001 255 0 0
28.372869 35.015152 12.691364 255 0 0
28.858569 34.456322 11.658849 255 0 0
29.412662 33.763642 10.623455 255 0 0
30.035146 32.937112 9.585182 255 0 0
30.726021 31.976732 8.544030 255 0 0
31.485289 30.882503 7.500000 0 255 0
30.738899 29.730389 8.518420 0 255 0
30.058006 28.712125 9.539719 0 255 0
29.442609 27.827711 10.563896 0 255 0
28.892709 27.077146 11.590952 0 255 0
28.408306 26.460431 12.620887 0 255 0
27.989400 25.977566 13.653701 0 255 0
27.635990 25.628550 14.689394 0 255 0
27.348077 25.413384 15.727965 0 255 0
