   3.0034161e+02   1.2543478e+02   1.1500000e+02
   3.0016149e+02   1.2525466e+02   1.1100000e+02
   2.9680124e+02   1.1871429e+02   1.0700000e+02
   2.9962112e+02   1.1517391e+02   9.9000000e+01
   3.0898137e+02   1.1181366e+02   9.5000000e+01
   3.1675155e+02   1.1481366e+02   9.1000000e+01
   3.1816149e+02   1.2258385e+02   8.7000000e+01
   3.1798137e+02   1.2240373e+02   8.3000000e+01
   3.2098137e+02   1.1904348e+02   7.9000000e+01
   3.2557143e+02   1.2204348e+02   7.5000000e+01
   3.2521118e+02   1.2168323e+02   6.9000000e+01
   3.2803106e+02   1.2768323e+02   6.5000000e+01
   3.2749068e+02   1.3032298e+02   5.9000000e+01
   3.2872050e+02   1.2360248e+02   5.5000000e+01
   3.3013043e+02   1.2978261e+02   5.3000000e+01
   3.3295031e+02   1.2942236e+02   4.9000000e+01
   3.3577019e+02   1.3224224e+02   4.5000000e+01
   3.3859006e+02   1.3983230e+02   4.1000000e+01
   3.3363975e+02   1.4283230e+02   3.9000000e+01
   3.3168944e+02   1.5996273e+02   3.5000000e+01
   3.1224845e+02   1.6914286e+02   3.1000000e+01
   3.1206832e+02   1.8168323e+02   2.9000000e+01
   3.1329814e+02   1.9881366e+02   2.5000000e+01
