   3.0523657e+01   2.6764338e+01   1.5000000e+01
   3.0747956e+01   2.6976103e+01   1.4000000e+01
   3.0598423e+01   2.7046691e+01   1.3000000e+01
   3.0149825e+01   2.7187868e+01   1.2000000e+01
   3.0224591e+01   2.7399632e+01   1.1000000e+01
   3.0299357e+01   2.8176103e+01   1.0000000e+01
   3.0075058e+01   2.8811397e+01   9.0000000e+00
   3.0299357e+01   2.9376103e+01   8.0000000e+00
   3.0299357e+01   2.9587868e+01   7.0000000e+00
   3.0897488e+01   3.0223162e+01   6.0000000e+00
   3.1645152e+01   3.0787868e+01   5.0000000e+00
   3.2018984e+01   3.1705515e+01   4.0000000e+00
   3.1570386e+01   3.2058456e+01   5.0000000e+00
   3.1121787e+01   3.2693750e+01   6.0000000e+00
   3.0448890e+01   3.3187868e+01   7.0000000e+00
   3.0448890e+01   3.3470221e+01   8.0000000e+00
   2.9850759e+01   3.3893750e+01   9.0000000e+00
   2.9775993e+01   3.4176103e+01   1.0000000e+01
   2.9626460e+01   3.4105515e+01   1.1000000e+01
   2.9551694e+01   3.4670221e+01   1.2000000e+01
   2.9028329e+01   3.5164338e+01   1.3000000e+01
   2.8878797e+01   3.4670221e+01   1.4000000e+01
   2.8729264e+01   3.4952574e+01   1.5000000e+01
