1	6	10
1	14	6
1	2	14
2	7	14
7	19	14
19	74	14
19	41	74
41	151	74
151	113	74
151	178	113
178	131	113
178	251	131
251	146	131
146	51	131
146	163	51
163	169	51
169	68	51
68	59	51
59	13	51
13	30	51
13	10	30
10	6	30
13	8	10
8	18	10
18	21	10
21	16	10
16	1	10
21	25	16
25	31	16
31	17	16
17	12	16
17	11	12
17	28	11
28	9	11
9	4	11
9	3	4
3	15	4
3	5	15
5	23	15
23	34	15
34	20	15
20	2	15
20	7	2
20	26	7
26	19	7
26	41	19
26	20	41
20	34	41
34	151	41
34	60	151
60	155	151
60	111	155
60	70	111
70	73	111
73	192	111
73	65	192
65	90	192
90	154	192
154	202	192
202	312	192
202	299	312
299	320	312
320	342	312
320	385	342
385	421	342
421	352	342
320	375	385
375	479	385
375	482	479
482	551	479
482	631	551
631	661	551
661	611	551
611	544	551
611	608	544
661	729	611
729	744	611
729	741	744
741	887	744
887	782	744
887	818	782
887	956	818
887	1055	956
887	902	1055
902	960	1055
902	896	960
896	926	960
896	851	926
851	892	926
892	1086	926
896	728	851
896	902	728
902	741	728
741	729	728
729	661	728
902	887	741
482	464	631
464	490	631
464	422	490
422	437	490
437	492	490
492	570	490
492	540	570
540	624	570
624	628	570
540	586	624
540	541	586
541	560	586
422	323	437
323	363	437
323	285	363
285	350	363
422	301	323
422	375	301
375	299	301
375	320	299
422	464	375
464	482	375
154	123	202
123	174	202
123	108	174
108	137	174
137	182	174
137	196	182
196	222	182
196	266	222
266	285	222
196	194	266
194	201	266
194	189	201
189	205	201
205	249	201
205	193	249
193	255	249
255	267	249
267	341	249
341	344	249
344	318	249
344	337	318
344	386	337
386	398	337
386	426	398
426	488	398
488	473	398
473	415	398
473	446	415
446	379	415
473	543	446
488	510	473
488	513	510
513	559	510
488	476	513
488	426	476
426	434	476
434	505	476
505	571	476
434	417	505
417	431	505
417	429	431
429	453	431
429	449	453
429	367	449
367	382	449
367	327	382
327	330	382
327	256	330
256	316	330
256	244	316
256	232	244
232	219	244
219	221	244
219	165	221
165	135	221
135	167	221
135	153	167
153	172	167
172	235	167
153	142	172
142	162	172
142	129	162
129	161	162
161	175	162
175	183	162
183	234	162
183	227	234
183	175	227
175	220	227
220	307	227
220	296	307
220	245	296
245	283	296
283	319	296
283	269	319
269	264	319
264	331	319
264	288	331
288	332	331
332	362	331
362	402	331
402	432	331
402	514	432
514	497	432
362	381	402
362	332	381
332	329	381
329	354	381
329	349	354
349	388	354
349	399	388
399	428	388
428	438	388
438	450	388
438	495	450
495	503	450
495	593	503
438	466	495
466	499	495
466	428	499
428	498	499
498	529	499
498	500	529
500	538	529
538	566	529
566	600	529
538	583	566
583	619	566
583	649	619
583	632	649
632	665	649
665	688	649
665	717	688
665	736	717
736	757	717
757	824	717
736	745	757
745	786	757
786	798	757
786	885	798
736	683	745
683	735	745
735	783	745
735	774	783
774	841	783
774	823	841
823	912	841
912	976	841
912	1050	976
1050	1069	976
1069	1085	976
1085	1073	976
1085	1114	1073
1114	1149	1073
1114	1196	1149
1114	1189	1196
1189	1310	1196
1189	1303	1310
1303	1434	1310
1434	1424	1310
1434	1548	1424
1434	1607	1548
1607	1633	1548
1633	1582	1548
1633	1693	1582
1633	1658	1693
1633	1675	1658
1675	1790	1658
1675	1718	1790
1675	1629	1718
1629	1684	1718
1633	1607	1675
1303	1443	1434
1443	1460	1434
1443	1347	1460
1347	1452	1460
1452	1474	1460
1474	1535	1460
1474	1452	1535
1452	1489	1535
1452	1347	1489
1443	1303	1347
1303	1255	1347
1255	1194	1347
1194	1264	1347
1194	1209	1264
1209	1339	1264
1339	1326	1264
1339	1355	1326
1355	1427	1326
1427	1468	1326
1468	1489	1326
1468	1509	1489
1468	1536	1509
1468	1427	1536
1427	1439	1536
1439	1532	1536
1532	1643	1536
1643	1673	1536
1673	1664	1536
1673	1677	1664
1673	1774	1677
1774	1886	1677
1774	1898	1886
1898	1992	1886
1992	1959	1886
1992	2016	1959
1439	1496	1532
1496	1499	1532
1496	1370	1499
1370	1449	1499
1370	1337	1449
1370	1339	1337
1339	1207	1337
1207	1251	1337
1251	1294	1337
1251	1244	1294
1244	1308	1294
1244	1186	1308
1244	1176	1186
1176	1109	1186
1244	1191	1176
1191	1151	1176
1191	1251	1151
1251	1157	1151
1157	1119	1151
1157	1094	1119
1094	1025	1119
1094	1034	1025
1034	973	1025
973	941	1025
941	951	1025
951	959	1025
951	940	959
951	874	940
874	857	940
874	803	857
803	802	857
802	853	857
853	890	857
803	746	802
746	742	802
746	698	742
746	773	698
773	711	698
711	662	698
662	648	698
662	598	648
598	572	648
572	576	648
576	681	648
576	578	681
578	684	681
684	726	681
684	800	726
800	844	726
844	721	726
800	830	844
576	545	578
576	501	545
501	535	545
501	485	535
485	520	535
520	634	535
520	582	634
520	496	582
520	485	496
485	390	496
390	393	496
393	480	496
393	445	480
393	339	445
339	364	445
364	435	445
364	346	435
346	355	435
355	424	435
424	486	435
424	451	486
424	401	451
424	355	401
355	373	401
355	338	373
355	317	338
317	305	338
317	247	305
247	209	305
209	211	305
211	335	305
211	258	335
211	180	258
180	248	258
180	166	248
166	187	248
166	149	187
149	168	187
149	104	168
104	109	168
109	127	168
127	226	168
226	236	168
109	84	127
84	76	127
84	50	76
50	32	76
32	64	76
64	82	76
82	190	76
64	59	82
59	68	82
68	169	82
64	32	59
32	13	59
32	8	13
32	18	8
32	27	18
27	22	18
22	39	18
39	21	18
39	61	21
61	58	21
58	36	21
36	25	21
36	31	25
36	40	31
40	71	31
40	62	71
62	78	71
78	118	71
118	102	71
102	48	71
102	85	48
85	28	48
28	17	48
102	100	85
100	106	85
106	69	85
106	94	69
94	80	69
80	52	69
52	38	69
38	28	69
38	9	28
38	24	9
24	3	9
24	5	3
24	35	5
35	37	5
35	49	37
49	63	37
63	65	37
63	90	65
63	123	90
123	154	90
63	108	123
63	91	108
91	137	108
91	136	137
136	196	137
136	157	196
157	194	196
157	189	194
157	119	189
119	139	189
139	205	189
139	193	205
139	156	193
156	232	193
232	255	193
232	256	255
256	267	255
256	327	267
327	341	267
327	367	341
367	377	341
377	392	341
392	344	341
392	434	344
434	386	344
434	426	386
392	417	434
392	377	417
377	367	417
367	429	417
156	170	232
170	219	232
170	165	219
170	148	165
148	126	165
126	135	165
126	101	135
101	134	135
134	153	135
134	142	153
134	129	142
134	106	129
106	116	129
116	161	129
116	133	161
133	152	161
152	191	161
191	197	161
197	175	161
197	220	175
197	225	220
225	245	220
225	223	245
223	229	245
229	269	245
269	283	245
229	264	269
229	242	264
242	288	264
242	237	288
237	277	288
277	329	288
329	332	288
277	290	329
290	349	329
290	289	349
289	333	349
333	399	349
333	328	399
328	413	399
413	460	399
460	428	399
460	498	428
460	500	498
460	547	500
547	548	500
548	538	500
548	583	538
548	547	583
547	597	583
597	632	583
597	588	632
588	683	632
683	665	632
683	736	665
588	645	683
645	735	683
645	690	735
690	774	735
690	765	774
765	823	774
765	734	823
734	750	823
750	845	823
845	861	823
861	912	823
861	854	912
854	983	912
983	1050	912
983	1003	1050
1003	1089	1050
1089	1080	1050
1080	1069	1050
1080	1126	1069
1126	1085	1069
1126	1114	1085
1126	1189	1114
1126	1205	1189
1205	1303	1189
1205	1187	1303
1187	1255	1303
1187	1159	1255
1159	1138	1255
1138	1194	1255
1138	1098	1194
1098	1209	1194
1098	1097	1209
1097	1178	1209
1178	1207	1209
1207	1339	1209
1178	1157	1207
1157	1251	1207
1178	1094	1157
1178	1097	1094
1097	1034	1094
1097	1047	1034
1047	973	1034
1047	952	973
952	941	973
952	905	941
905	894	941
894	951	941
894	874	951
894	855	874
855	803	874
855	773	803
773	746	803
855	771	773
771	711	773
771	750	711
750	734	711
734	669	711
669	662	711
669	622	662
622	585	662
585	598	662
585	572	598
585	530	572
530	533	572
533	501	572
501	576	572
533	444	501
444	412	501
412	485	501
412	390	485
412	409	390
409	383	390
383	295	390
295	393	390
383	304	295
304	265	295
265	253	295
265	259	253
259	208	253
208	185	253
185	188	253
185	181	188
181	184	188
184	217	188
217	292	188
217	247	292
247	322	292
322	346	292
346	364	292
364	339	292
322	355	346
322	317	355
322	247	317
217	207	247
207	210	247
210	209	247
210	207	209
207	143	209
143	166	209
166	180	209
180	211	209
143	149	166
143	104	149
143	117	104
117	75	104
75	81	104
81	109	104
81	84	109
81	50	84
81	75	50
75	43	50
43	32	50
43	29	32
29	27	32
29	33	27
33	39	27
39	22	27
33	46	39
46	55	39
55	61	39
55	147	61
147	99	61
99	58	61
99	67	58
67	36	58
67	62	36
62	40	36
67	77	62
77	89	62
89	78	62
89	122	78
122	118	78
122	160	118
160	152	118
152	133	118
133	102	118
133	100	102
133	116	100
116	106	100
160	191	152
160	206	191
206	204	191
204	197	191
204	223	197
223	225	197
204	229	223
204	242	229
204	206	242
206	237	242
206	200	237
200	216	237
216	240	237
240	277	237
240	290	277
240	289	290
240	254	289
254	286	289
286	333	289
286	284	333
284	328	333
284	324	328
324	387	328
387	413	328
387	416	413
416	460	413
416	519	460
519	547	460
519	532	547
532	597	547
532	588	597
532	534	588
534	565	588
565	645	588
565	564	645
564	589	645
589	660	645
660	690	645
660	655	690
655	734	690
734	765	690
655	669	734
655	613	669
613	622	669
613	585	622
613	526	585
526	530	585
526	474	530
474	461	530
461	425	530
425	444	530
444	533	530
425	407	444
407	409	444
409	412	444
407	383	409
407	365	383
365	304	383
365	314	304
314	306	304
306	265	304
306	259	265
306	276	259
276	208	259
276	231	208
231	212	208
212	173	208
173	185	208
173	141	185
141	130	185
130	181	185
130	184	181
130	105	184
105	138	184
138	217	184
138	207	217
138	117	207
117	143	207
138	124	117
124	92	117
92	75	117
92	88	75
88	56	75
56	43	75
56	33	43
33	29	43
56	45	33
45	46	33
45	72	46
72	55	46
72	107	55
107	147	55
107	140	147
140	203	147
203	199	147
199	150	147
150	99	147
150	97	99
97	67	99
97	77	67
97	89	77
97	110	89
110	128	89
128	122	89
128	160	122
128	110	160
110	114	160
114	158	160
158	179	160
179	206	160
179	200	206
179	171	200
171	216	200
171	177	216
177	218	216
218	240	216
218	254	240
218	250	254
250	279	254
279	284	254
284	286	254
279	308	284
308	324	284
308	340	324
340	387	324
340	345	387
345	403	387
403	411	387
411	416	387
411	491	416
491	502	416
502	519	416
502	532	519
502	534	532
502	512	534
512	565	534
512	524	565
524	564	565
524	521	564
521	526	564
526	589	564
526	613	589
613	655	589
655	660	589
521	474	526
521	524	474
524	512	474
512	461	474
512	433	461
433	410	461
410	425	461
410	365	425
365	407	425
410	358	365
410	366	358
366	347	358
347	313	358
313	298	358
313	241	298
241	228	298
228	276	298
228	213	276
213	231	276
213	212	231
213	173	212
213	164	173
164	141	173
213	214	164
214	195	164
195	144	164
195	145	144
145	125	144
125	112	144
125	107	112
107	103	112
107	72	103
125	140	107
125	145	140
145	203	140
145	195	203
195	241	203
241	268	203
268	250	203
250	199	203
250	218	199
218	177	199
177	150	199
177	121	150
121	97	150
121	114	97
114	110	97
121	158	114
121	171	158
171	179	158
121	177	171
268	279	250
268	308	279
268	313	308
313	345	308
345	340	308
313	347	345
347	369	345
369	403	345
369	433	403
433	411	403
433	491	411
433	512	491
512	502	491
369	366	433
366	410	433
369	347	366
268	241	313
195	214	241
214	228	241
214	213	228
56	57	45
57	66	45
57	79	66
79	93	66
79	92	93
92	105	93
105	130	93
92	124	105
124	138	105
79	88	92
79	56	88
79	57	56
306	314	276
771	855	750
855	845	750
855	894	845
894	905	845
905	901	845
901	854	845
854	861	845
901	983	854
901	952	983
952	1003	983
952	1016	1003
1016	1089	1003
1016	1138	1089
1138	1159	1089
1159	1127	1089
1127	1080	1089
1127	1187	1080
1187	1126	1080
1187	1205	1126
1127	1159	1187
1016	1047	1138
1047	1098	1138
1047	1097	1098
1016	952	1047
901	905	952
134	101	106
101	98	106
98	94	106
98	80	94
98	126	80
126	83	80
83	52	80
83	44	52
44	38	52
44	24	38
44	35	24
44	54	35
54	49	35
54	53	49
53	63	49
53	91	63
53	95	91
95	136	91
95	119	136
119	157	136
95	86	119
86	120	119
120	139	119
120	132	139
132	156	139
132	148	156
148	170	156
132	83	148
83	126	148
132	120	83
120	87	83
87	54	83
54	44	83
87	86	54
86	53	54
86	95	53
87	120	86
98	101	126
1191	1244	1251
1370	1371	1339
1371	1355	1339
1371	1439	1355
1439	1427	1355
1371	1496	1439
1371	1370	1496
466	438	428
73	70	65
60	23	70
60	34	23
146	251	163
178	257	251
257	309	251
309	280	251
280	274	251
280	309	274
309	302	274
309	389	302
389	408	302
408	348	302
348	281	302
281	262	302
262	278	302
262	169	278
262	190	169
262	252	190
252	226	190
408	441	348
441	458	348
441	454	458
454	556	458
556	592	458
556	606	592
606	607	592
607	475	592
607	550	475
607	656	550
607	606	656
454	462	556
462	465	556
465	591	556
591	697	556
465	580	591
580	616	591
580	567	616
567	701	616
567	653	701
653	710	701
710	740	701
740	733	701
740	819	733
740	761	819
761	859	819
859	925	819
925	911	819
925	1028	911
859	944	925
859	950	944
859	898	950
898	1042	950
1042	1074	950
1074	1070	950
1074	1125	1070
1125	1140	1070
1042	1051	1074
1051	1198	1074
1051	1220	1198
1220	1306	1198
1220	1301	1306
1301	1387	1306
1387	1366	1306
1301	1386	1387
1386	1465	1387
1465	1527	1387
1465	1540	1527
1540	1654	1527
1654	1617	1527
1617	1562	1527
1617	1544	1562
1544	1511	1562
1511	1431	1562
1511	1426	1431
1426	1357	1431
1426	1378	1357
1378	1300	1357
1300	1204	1357
1204	1241	1357
1204	1140	1241
1300	1257	1204
1300	1309	1257
1309	1200	1257
1200	1156	1257
1200	1141	1156
1200	1139	1141
1139	1046	1141
1046	1014	1141
1046	1013	1014
1046	1022	1013
1022	934	1013
1022	876	934
1022	1007	876
1007	923	876
923	858	876
923	879	858
879	884	858
884	835	858
835	770	858
770	784	858
770	723	784
770	641	723
835	763	770
835	826	763
835	866	826
835	891	866
891	966	866
966	931	866
966	970	931
970	969	931
969	990	931
970	1128	969
970	1023	1128
970	966	1023
966	1005	1023
1005	1061	1023
1061	1093	1023
1061	1134	1093
1134	1111	1093
1134	1239	1111
1239	1245	1111
1245	1188	1111
1239	1282	1245
1282	1411	1245
1282	1513	1411
1282	1402	1513
1282	1316	1402
1316	1407	1402
1134	1180	1239
1134	1136	1180
1136	1222	1180
1136	1137	1222
1137	1212	1222
1212	1231	1222
1212	1260	1231
1260	1329	1231
1329	1302	1231
1260	1320	1329
1320	1457	1329
1260	1263	1320
1263	1345	1320
1263	1323	1345
1323	1354	1345
1354	1399	1345
1354	1420	1399
1420	1467	1399
1467	1512	1399
1512	1381	1399
1512	1432	1381
1432	1429	1381
1432	1444	1429
1444	1505	1429
1444	1502	1505
1444	1432	1502
1432	1555	1502
1432	1512	1555
1512	1645	1555
1645	1706	1555
1706	1716	1555
1706	1742	1716
1742	1867	1716
1742	1776	1867
1776	1907	1867
1907	1937	1867
1907	1875	1937
1875	1863	1937
1863	1949	1937
1949	1993	1937
1993	2028	1937
1993	1946	2028
1946	2063	2028
2063	2169	2028
2169	2181	2028
2169	2237	2181
2169	2165	2237
2165	2220	2237
2169	2063	2165
2063	2050	2165
2050	2136	2165
2050	2067	2136
2067	2091	2136
2091	2116	2136
2091	2056	2116
2056	2164	2116
2164	2231	2116
2164	2173	2231
2173	2208	2231
2173	2162	2208
2162	2199	2208
2199	2319	2208
2319	2341	2208
2319	2376	2341
2319	2350	2376
2350	2418	2376
2350	2378	2418
2378	2394	2418
2394	2406	2418
2406	2500	2418
2394	2378	2406
2378	2322	2406
2378	2301	2322
2301	2252	2322
2252	2295	2322
2252	2217	2295
2252	2209	2217
2209	2102	2217
2102	2123	2217
2102	2061	2123
2061	2100	2123
2061	2071	2100
2071	2088	2100
2209	2087	2102
2209	2118	2087
2118	2076	2087
2118	2031	2076
2118	2096	2031
2096	2082	2031
2082	2012	2031
2082	1995	2012
1995	1955	2012
1955	1905	2012
1955	1845	1905
1845	1808	1905
1808	1826	1905
1808	1719	1826
1719	1765	1826
1765	1785	1826
1765	1733	1785
1765	1719	1733
1719	1610	1733
1610	1561	1733
1845	1819	1808
1845	1833	1819
1833	1767	1819
1833	1857	1767
1857	1780	1767
1780	1745	1767
1745	1637	1767
1745	1615	1637
1615	1498	1637
1498	1601	1637
1601	1719	1637
1498	1365	1601
1498	1390	1365
1390	1332	1365
1332	1291	1365
1332	1295	1291
1295	1150	1291
1295	1142	1150
1142	1055	1150
1295	1210	1142
1295	1315	1210
1315	1253	1210
1253	1238	1210
1253	1301	1238
1301	1220	1238
1253	1315	1301
1315	1386	1301
1315	1437	1386
1437	1465	1386
1437	1484	1465
1484	1523	1465
1523	1540	1465
1484	1614	1523
1614	1647	1523
1614	1609	1647
1609	1615	1647
1609	1605	1615
1605	1486	1615
1486	1498	1615
1486	1414	1498
1414	1390	1498
1414	1295	1390
1295	1332	1390
1414	1315	1295
1414	1430	1315
1430	1437	1315
1430	1484	1437
1430	1472	1484
1472	1605	1484
1605	1609	1484
1609	1614	1484
1472	1486	1605
1472	1414	1486
1472	1430	1414
1857	1814	1780
1814	1793	1780
1814	1865	1793
1865	1885	1793
1885	1848	1793
1848	1758	1793
1848	1863	1758
1863	1747	1758
1747	1728	1758
1747	1766	1728
1766	1654	1728
1654	1540	1728
1766	1645	1654
1645	1617	1654
1645	1544	1617
1645	1512	1544
1512	1467	1544
1467	1511	1544
1467	1455	1511
1455	1426	1511
1455	1403	1426
1403	1378	1426
1403	1300	1378
1403	1309	1300
1403	1296	1309
1296	1228	1309
1228	1225	1309
1225	1240	1309
1240	1200	1309
1240	1139	1200
1240	1225	1139
1225	1161	1139
1161	1116	1139
1116	1022	1139
1022	1046	1139
1116	1007	1022
1116	1062	1007
1062	1001	1007
1001	923	1007
1001	953	923
953	884	923
884	879	923
953	891	884
891	835	884
953	939	891
939	966	891
939	953	966
953	1005	966
953	1027	1005
1027	1061	1005
1027	1062	1061
1062	1136	1061
1136	1134	1061
1062	1130	1136
1130	1137	1136
1130	1062	1137
1062	1116	1137
1116	1161	1137
1161	1184	1137
1184	1212	1137
1184	1228	1212
1228	1260	1212
1228	1263	1260
1228	1296	1263
1296	1323	1263
1296	1423	1323
1423	1420	1323
1420	1354	1323
1423	1467	1420
1423	1455	1467
1423	1403	1455
1423	1296	1403
1184	1225	1228
1184	1161	1225
1027	1001	1062
1027	953	1001
1766	1706	1645
1766	1776	1706
1776	1742	1706
1766	1875	1776
1875	1907	1776
1766	1863	1875
1766	1747	1863
1848	1864	1863
1864	1949	1863
1864	1946	1949
1946	1993	1949
1864	1885	1946
1885	1953	1946
1953	2063	1946
1953	2050	2063
1953	2045	2050
2045	2067	2050
2045	2091	2067
2045	2056	2091
2045	1944	2056
1944	1927	2056
1927	2017	2056
2017	2062	2056
2062	2164	2056
2062	2162	2164
2162	2173	2164
2062	2146	2162
2146	2199	2162
2146	2279	2199
2279	2319	2199
2279	2350	2319
2279	2280	2350
2280	2378	2350
2280	2301	2378
2280	2207	2301
2207	2252	2301
2207	2209	2252
2207	2118	2209
2207	2155	2118
2155	2096	2118
2155	2128	2096
2128	2082	2096
2128	2062	2082
2062	1995	2082
2062	2017	1995
2017	1955	1995
2017	1899	1955
1899	1833	1955
1833	1845	1955
1899	1857	1833
1899	1900	1857
1900	1870	1857
1870	1814	1857
1870	1865	1814
1870	1885	1865
1870	1953	1885
1870	1944	1953
1944	2045	1953
1870	1900	1944
1900	1927	1944
1900	1899	1927
1899	2017	1927
2128	2146	2062
2128	2207	2146
2207	2279	2146
2207	2280	2279
2128	2155	2207
1864	1848	1885
1051	1038	1220
1042	914	1051
1042	898	914
898	873	914
873	820	914
820	838	914
838	933	914
838	840	933
838	737	840
737	818	840
838	820	737
873	761	820
761	710	820
761	740	710
873	859	761
873	898	859
567	549	653
549	599	653
549	472	599
472	457	599
457	601	599
457	531	601
457	394	531
394	352	531
457	321	394
457	368	321
368	311	321
311	270	321
311	155	270
368	257	311
368	374	257
374	309	257
374	389	309
374	436	389
436	489	389
489	465	389
465	408	389
465	462	408
462	454	408
454	441	408
489	580	465
489	567	580
489	549	567
178	198	257
178	151	198
176	186	215
215	230	176
215	303	230
224	272	246
272	300	246
300	282	246
282	243	246
282	275	243
275	238	243
300	356	282
300	405	356
405	471	356
471	423	356
423	361	356
423	469	361
423	487	469
423	471	487
471	554	487
471	508	554
471	405	508
405	452	508
405	334	452
334	376	452
334	271	376
334	272	271
334	300	272
334	405	300
239	260	370
273	287	351
287	361	351
351	360	273
360	359	273
343	357	419
357	420	419
420	507	419
507	343	419
420	522	507
522	647	507
647	685	507
685	553	507
553	536	507
553	602	536
602	515	536
515	440	536
440	395	536
440	370	395
440	400	370
440	518	400
440	515	518
515	650	518
650	651	518
651	658	518
658	625	518
658	640	625
640	620	625
620	555	625
640	791	620
791	693	620
693	562	620
791	811	693
791	832	811
832	856	811
856	829	811
856	1031	829
1031	837	829
856	1065	1031
1065	1214	1031
1214	1068	1031
1068	993	1031
856	893	1065
893	978	1065
978	1201	1065
978	979	1201
979	1044	1201
1044	1233	1201
1233	1289	1201
1289	1349	1201
1349	1285	1201
1289	1360	1349
1360	1462	1349
1289	1417	1360
979	1009	1044
1009	1030	1044
1030	1171	1044
1030	1088	1171
979	805	1009
805	789	1009
979	815	805
815	797	805
815	791	797
815	893	791
893	832	791
893	856	832
815	979	893
979	978	893
650	777	651
777	789	651
650	677	777
650	602	677
602	685	677
602	553	685
650	515	602
522	557	647
557	692	647
522	463	557
463	442	557
442	516	557
442	506	516
506	618	516
506	584	618
442	427	506
522	420	463
380	455	459
396	470	468
406	447	430
447	493	430
414	509	443
448	477	467
494	596	511
494	575	596
494	459	575
504	525	546
525	609	546
609	623	546
609	687	623
687	781	623
687	738	781
525	563	609
563	587	609
587	694	609
546	447	504
528	627	605
605	584	528
627	764	605
627	753	764
552	674	621
674	724	621
674	814	724
814	804	724
558	657	581
579	595	612
603	635	714
603	581	635
635	755	714
755	748	714
635	732	755
732	821	755
821	917	755
821	947	917
821	958	947
958	995	947
995	1095	947
995	1224	1095
1224	1247	1095
1247	1166	1095
1166	1146	1095
1247	1277	1166
1247	1224	1277
1224	1270	1277
1270	1397	1277
1270	1266	1397
1266	1348	1397
1348	1477	1397
1477	1529	1397
1529	1590	1397
1590	1522	1397
1590	1619	1522
1619	1624	1522
1529	1595	1590
1595	1760	1590
1595	1691	1760
1595	1651	1691
1595	1485	1651
1485	1602	1651
1602	1831	1651
1602	1579	1831
1579	1592	1831
1592	1804	1831
1804	1935	1831
1935	1977	1831
1592	1612	1804
1612	1791	1804
1791	1889	1804
1791	1794	1889
1791	1612	1794
1592	1545	1612
1592	1568	1545
1592	1579	1568
1579	1485	1568
1579	1602	1485
1595	1477	1485
1477	1343	1485
1343	1375	1485
1343	1182	1375
1343	1252	1182
1252	1179	1182
1343	1348	1252
1343	1477	1348
1595	1529	1477
995	1081	1224
629	686	768
637	639	695
643	659	731
644	725	682
725	754	682
754	666	682
652	707	654
707	663	654
652	719	707
719	769	707
719	749	769
664	743	751
664	699	743
699	700	743
700	817	743
699	679	700
670	702	739
702	792	739
675	780	747
689	715	708
715	812	708
703	766	808
766	827	808
766	788	827
808	787	703
787	718	703
718	612	703
704	799	730
705	752	760
706	712	759
722	877	864
756	977	936
762	849	895
796	868	922
868	955	922
955	1041	922
796	731	868
813	942	852
816	882	924
882	1018	924
1018	1056	924
839	919	1077
860	878	889
860	864	878
878	1036	889
863	971	982
865	867	903
903	929	865
903	1024	929
1024	994	929
994	987	929
987	961	929
903	1012	1024
869	989	963
872	935	998
935	957	998
998	1021	872
1021	977	872
977	758	872
758	764	872
1021	1108	977
1021	1202	1108
1021	998	1202
998	1236	1202
1236	1256	1202
1236	1249	1256
1249	1395	1256
1249	1273	1395
1273	1418	1395
1418	1458	1395
1458	1576	1395
1576	1466	1395
1576	1538	1466
1538	1541	1466
1541	1440	1466
1541	1483	1440
1541	1606	1483
1541	1583	1606
1583	1778	1606
1541	1538	1583
1538	1576	1583
1576	1608	1583
1576	1695	1608
1576	1458	1695
1458	1667	1695
1667	1876	1695
1876	1906	1695
1876	1979	1906
1979	2009	1906
2009	1965	1906
1965	1975	1906
1975	1778	1906
1975	1891	1778
1975	2144	1891
1975	2092	2144
2092	2271	2144
2271	2273	2144
2273	2127	2144
2273	2185	2127
2185	2030	2127
2030	1954	2127
2030	1967	1954
1967	1744	1954
2271	2419	2273
1975	1965	2092
1965	2009	2092
1979	2015	2009
2015	2236	2009
2236	2241	2009
2015	2228	2236
1979	1876	2015
1876	1838	2015
1838	2074	2015
1838	1987	2074
1987	2124	2074
1987	2110	2124
2110	2178	2124
1987	1893	2110
1987	1797	1893
1797	1671	1893
1671	1862	1893
1671	1640	1862
1640	1739	1862
1739	1894	1862
1640	1710	1739
1710	1678	1739
1710	1549	1678
1549	1587	1678
1549	1374	1587
1374	1547	1587
1710	1584	1549
1710	1640	1584
1671	1634	1640
1671	1641	1634
1671	1797	1641
1987	1861	1797
1987	1838	1861
1838	1773	1861
1838	1667	1773
1667	1688	1773
1688	1581	1773
1581	1585	1773
1581	1533	1585
1581	1559	1533
1559	1667	1533
1667	1458	1533
1458	1328	1533
1458	1418	1328
1418	1273	1328
1273	1234	1328
1234	1269	1328
1559	1688	1667
1559	1581	1688
1838	1876	1667
1249	1236	1273
883	1048	1054
1048	1102	1054
1048	1145	1102
904	962	968
962	997	968
962	1000	997
1000	1057	997
1057	1167	997
1167	1107	997
1167	1229	1107
1229	1287	1107
1287	1086	1107
1229	1330	1287
1229	1396	1330
1396	1491	1330
1396	1487	1491
1487	1516	1491
1516	1611	1491
1611	1575	1491
1575	1561	1491
1516	1623	1611
1516	1620	1623
1620	1729	1623
1516	1487	1620
1487	1550	1620
1487	1442	1550
1442	1493	1550
1493	1490	1550
1490	1482	1550
1482	1528	1550
1482	1514	1528
1514	1508	1528
1514	1382	1508
1382	1341	1508
1382	1321	1341
1321	1248	1341
1248	1336	1341
1248	1304	1336
1321	1226	1248
1321	1284	1226
1321	1382	1284
1382	1283	1284
1382	1464	1283
1464	1384	1283
1384	1192	1283
1192	1172	1283
1172	1113	1283
1172	1153	1113
1172	1192	1153
1192	1148	1153
1148	1121	1153
1148	1049	1121
1049	1026	1121
1049	967	1026
1049	1000	967
1000	962	967
1049	1057	1000
1192	1197	1148
1192	1384	1197
1384	1340	1197
1340	1195	1197
1340	1229	1195
1229	1167	1195
1340	1396	1229
1340	1367	1396
1367	1487	1396
1367	1442	1487
1367	1384	1442
1384	1493	1442
1384	1464	1493
1464	1490	1493
1464	1453	1490
1453	1482	1490
1453	1514	1482
1453	1382	1514
1453	1464	1382
1367	1340	1384
906	921	1091
921	1019	1091
907	928	1020
1020	957	907
908	974	992
974	1133	992
1133	1117	992
913	916	991
916	1075	991
1075	1120	991
1075	1203	1120
920	1032	943
932	988	1045
949	999	975
999	1109	975
999	1079	1109
1079	1275	1109
1079	1147	1275
972	1002	1037
1002	1052	1037
1052	1090	1037
1052	1144	1090
1144	1213	1090
1144	1313	1213
1144	1218	1313
1218	1333	1313
1333	1413	1313
1413	1473	1313
1333	1475	1413
1475	1526	1413
1475	1622	1526
1622	1636	1526
1333	1438	1475
1333	1358	1438
1333	1254	1358
1254	1281	1358
1281	1314	1358
1254	1162	1281
986	1104	1058
1011	1155	1110
1033	1067	1232
1040	1071	1103
1043	1100	1060
1043	1160	1100
1063	1193	1163
1072	1084	1082
1106	1169	1242
1106	990	1169
1106	930	990
930	880	990
1242	1217	1106
1242	1237	1217
1237	1362	1217
1362	1193	1217
1362	1344	1193
1362	1393	1344
1393	1163	1344
1393	1351	1163
1362	1566	1393
1362	1492	1566
1118	1173	1219
1173	1322	1219
1173	1364	1322
1219	1147	1118
1132	1199	1243
1199	1272	1243
1135	1175	1258
1258	1077	1135
1143	1262	1305
1262	1369	1305
1369	1406	1305
1369	1495	1406
1495	1525	1406
1525	1520	1406
1525	1597	1520
1525	1598	1597
1598	1686	1597
1686	1723	1597
1686	1763	1723
1686	1705	1763
1686	1598	1705
1598	1631	1705
1598	1495	1631
1495	1552	1631
1552	1594	1631
1594	1707	1631
1594	1730	1707
1730	1775	1707
1775	1732	1707
1594	1596	1730
1596	1731	1730
1594	1471	1596
1594	1481	1471
1481	1412	1471
1481	1391	1412
1481	1447	1391
1447	1335	1391
1335	1298	1391
1335	1262	1298
1335	1369	1262
1335	1495	1369
1335	1447	1495
1447	1552	1495
1447	1481	1552
1481	1594	1552
1598	1525	1495
1152	1230	1267
1230	1416	1267
1230	1359	1416
1230	1307	1359
1235	1415	1312
1279	1288	1356
1286	1297	1476
1286	1128	1297
1476	1409	1286
1409	1169	1286
1476	1470	1409
1476	1644	1470
1290	1342	1346
1290	1404	1342
1404	1625	1342
1625	1401	1342
1401	1346	1342
1401	1363	1346
1363	1352	1346
1363	1451	1352
1625	1591	1401
1625	1660	1591
1660	1650	1591
1660	1853	1650
1853	1855	1650
1853	2060	1855
1853	1942	2060
1942	2125	2060
2125	2134	2060
2134	2032	2060
2134	2158	2032
2158	2120	2032
2120	1932	2032
2120	1947	1932
1947	1762	1932
1762	1846	1932
1762	1655	1846
2120	2142	1947
2142	2085	1947
2085	2041	1947
2041	1936	1947
2041	1988	1936
1988	1860	1936
1988	1835	1860
1988	2003	1835
1988	2041	2003
2085	2145	2041
2145	2190	2041
2145	2284	2190
2145	2348	2284
2348	2471	2284
2471	2462	2284
2471	2534	2462
2471	2493	2534
2493	2509	2534
2493	2348	2509
2348	2484	2509
2484	2646	2509
2484	2640	2646
2493	2471	2348
2145	2172	2348
2145	2142	2172
2142	2120	2172
2120	2193	2172
2193	2302	2172
2193	2294	2302
2193	2158	2294
2158	2134	2294
2134	2330	2294
2330	2377	2294
2330	2395	2377
2395	2434	2377
2193	2120	2158
2145	2085	2142
1660	1727	1853
1660	1625	1727
1625	1649	1727
1625	1577	1649
1625	1404	1577
1404	1441	1577
1441	1557	1577
1557	1751	1577
1557	1752	1751
1557	1712	1752
1712	1768	1752
1712	1755	1768
1755	1910	1768
1755	1873	1910
1441	1448	1557
1311	1324	1338
1311	1287	1324
1318	1368	1461
1331	1334	1479
1350	1543	1392
1543	1518	1392
1518	1388	1392
1543	1639	1518
1543	1570	1639
1570	1681	1639
1681	1744	1639
1681	1679	1744
1681	1570	1679
1570	1564	1679
1570	1350	1564
1570	1543	1350
1361	1372	1410
1376	1377	1503
1385	1463	1494
1463	1519	1494
1463	1563	1519
1463	1433	1563
1428	1510	1459
1428	1560	1510
1560	1642	1510
1642	1674	1510
1674	1616	1510
1616	1506	1510
1506	1459	1510
1616	1565	1506
1565	1449	1506
1616	1735	1565
1735	1613	1565
1735	1750	1613
1735	1878	1750
1735	1872	1878
1616	1674	1735
1560	1665	1642
1665	1685	1642
1450	1501	1572
1469	1604	1517
1604	1683	1517
1683	1646	1517
1646	1554	1517
1683	1813	1646
1813	1772	1646
1683	1847	1813
1847	1896	1813
1847	2004	1896
1847	1913	2004
1913	2138	2004
2138	2111	2004
2138	2277	2111
2277	2366	2111
2277	2388	2366
2388	2401	2366
2401	2403	2366
2401	2561	2403
2401	2450	2561
2401	2388	2450
1847	1721	1913
1721	1741	1913
1480	1488	1670
1670	1569	1480
1670	1648	1569
1500	1656	1672
1504	1618	1578
1618	1777	1578
1618	1702	1777
1537	1743	1748
1743	1771	1748
1743	1877	1771
1551	1661	1653
1661	1805	1653
1661	1701	1805
1701	1823	1805
1567	1599	1682
1599	1603	1682
1573	1717	1711
1589	1784	1662
1628	1715	1724
1715	1764	1724
1764	1850	1724
1652	1657	1798
1657	1788	1798
1668	1796	1708
1796	1931	1708
1676	1769	1810
1689	1856	1841
1690	1828	1837
1828	1866	1837
1703	1807	1799
1807	1816	1799
1807	1928	1816
1714	1920	1939
1939	1874	1714
1939	1982	1874
1939	2013	1982
2013	2119	1982
2013	2176	2119
2176	2234	2119
2234	2196	2119
2196	2211	2119
2211	2077	2119
2196	2234	2211
2234	2324	2211
2234	2246	2324
2246	2259	2324
2259	2452	2324
2452	2466	2324
2452	2630	2466
2630	2662	2466
2662	2594	2466
2662	2698	2594
2698	2609	2594
2609	2552	2594
2609	2617	2552
2617	2513	2552
2513	2439	2552
2617	2559	2513
2617	2606	2559
2617	2714	2606
2617	2757	2714
2757	2924	2714
2924	2871	2714
2757	2863	2924
2863	3048	2924
3048	3067	2924
2757	2762	2863
2762	2786	2863
2786	2889	2863
2762	2662	2786
2662	2722	2786
2722	2829	2786
2722	2755	2829
2755	2911	2829
2911	3021	2829
2722	2696	2755
2722	2630	2696
2630	2507	2696
2507	2496	2696
2507	2372	2496
2507	2495	2372
2495	2452	2372
2452	2259	2372
2495	2630	2452
2495	2507	2630
2722	2662	2630
2762	2698	2662
2762	2757	2698
2757	2609	2698
2757	2617	2609
2246	2176	2259
2246	2234	2176
1722	1779	1737
1725	1836	1753
1753	1644	1725
1644	1746	1725
1836	1923	1753
1836	2052	1923
1836	2047	2052
2047	2161	2052
1836	1978	2047
1783	1934	1821
1934	1986	1821
1986	1930	1821
1930	1903	1821
1903	1824	1821
1986	2080	1930
1934	2077	1986
1787	1901	1801
1787	1890	1901
1890	1948	1901
1948	1972	1901
1948	1960	1972
1948	1890	1960
1890	1921	1960
1921	2061	1960
1890	1879	1921
1890	1787	1879
1787	1729	1879
1803	1811	1883
1883	1964	1803
1964	1892	1803
1883	1980	1964
1883	1956	1980
1956	2099	1980
1956	2006	2099
1956	1887	2006
1956	1811	1887
1956	1883	1811
1809	1989	1958
1815	2042	2029
2042	2043	2029
2043	2006	2029
2043	2064	2006
2043	2170	2064
2170	2245	2064
2170	2257	2245
2170	2043	2257
2043	2042	2257
1815	1837	2042
1818	1820	1943
1820	2034	1943
2034	2014	1943
2014	2023	1943
2014	2187	2023
2014	2034	2187
2034	2159	2187
2159	2363	2187
2363	2306	2187
1820	1851	2034
1943	1779	1818
1822	1827	1957
1822	1702	1827
1702	1624	1827
1829	1912	2024
1832	1991	1843
1991	2058	1843
1839	1915	1849
1849	1784	1839
1852	1882	1922
1882	1918	1922
1918	1968	1922
1918	2000	1968
2000	2129	1968
2000	1931	2129
2000	1918	1931
1922	1902	1852
1902	1877	1852
1858	2001	2051
1859	1963	1908
1963	1990	1908
1859	2027	1963
1869	1881	2035
2035	2098	1869
2035	2270	2098
2270	2318	2098
2270	2314	2318
2314	2459	2318
2459	2337	2318
2459	2398	2337
2398	2359	2337
2398	2469	2359
2469	2364	2359
2364	2197	2359
2197	2103	2359
2459	2602	2398
2459	2641	2602
2459	2448	2641
2448	2706	2641
2706	2702	2641
2702	2734	2641
2702	2768	2734
2768	2963	2734
2963	2804	2734
2963	2906	2804
2906	2744	2804
2963	2958	2906
2958	3018	2906
2958	3133	3018
2958	2963	3133
2963	3028	3133
2963	2768	3028
2702	2706	2768
2706	2866	2768
2459	2314	2448
2270	2239	2314
1884	2141	2025
1924	1996	1998
1926	2048	1973
1973	1920	1926
1926	2044	2048
2044	2121	2048
2121	2176	2048
1962	2021	2008
1966	2007	2115
2007	2104	2115
2104	2283	2115
1974	2175	2188
2175	2352	2188
2352	2304	2188
2352	2386	2304
2175	2195	2352
1994	2166	2046
2002	2184	2132
2132	2036	2002
2132	2131	2036
2132	2250	2131
2250	2251	2131
2250	2391	2251
2250	2417	2391
2417	2541	2391
2417	2530	2541
2530	2703	2541
2703	2739	2541
2417	2453	2530
2453	2482	2530
2453	2387	2482
2417	2328	2453
2417	2250	2328
2250	2229	2328
2229	2247	2328
2229	2184	2247
2229	2132	2184
2229	2250	2132
2002	2094	2184
2018	2168	2054
2168	2179	2054
2018	2033	2168
2020	2022	2106
2022	2049	2106
2049	2226	2106
2049	2093	2226
2093	2149	2226
2026	2147	2057
2039	2156	2256
2039	2051	2156
2156	2262	2256
2262	2435	2256
2040	2112	2097
2053	2078	2150
2078	2163	2150
2150	2174	2053
2174	2027	2053
2174	2113	2027
2059	2192	2073
2192	2205	2073
2069	2213	2086
2083	2153	2201
2083	2109	2153
2109	2355	2153
2355	2201	2153
2355	2374	2201
2374	2389	2201
2389	2191	2201
2191	2083	2201
2374	2583	2389
2109	2198	2355
2090	2299	2218
2299	2416	2218
2299	2311	2416
2108	2286	2275
2286	2363	2275
2286	2457	2363
2286	2316	2457
2316	2460	2457
2460	2544	2457
2544	2679	2457
2679	2634	2457
2679	2750	2634
2750	2650	2634
2750	2680	2650
2750	2864	2680
2864	2872	2680
2750	2919	2864
2919	3017	2864
2750	2738	2919
2750	2679	2738
2679	2751	2738
2679	2544	2751
2544	2742	2751
2544	2584	2742
2584	2693	2742
2693	2869	2742
2693	2883	2869
2883	2934	2869
2883	3035	2934
3035	3120	2934
3120	2930	2934
3035	3041	3120
3035	2883	3041
2883	2838	3041
2883	2818	2838
2818	2775	2838
2775	2785	2838
2785	2961	2838
2785	2899	2961
2899	2947	2961
2899	2905	2947
2905	2917	2947
2899	2677	2905
2785	2774	2899
2785	2775	2774
2775	2563	2774
2775	2693	2563
2693	2502	2563
2502	2486	2563
2502	2433	2486
2433	2334	2486
2693	2584	2502
2775	2818	2693
2818	2883	2693
2460	2456	2544
2456	2371	2544
2456	2316	2371
2316	2288	2371
2456	2460	2316
2114	2249	2285
2249	2344	2285
2344	2517	2285
2285	2261	2114
2285	2369	2261
2139	2264	2171
2264	2293	2171
2264	2368	2293
2368	2387	2293
2368	2438	2387
2368	2487	2438
2487	2546	2438
2487	2631	2546
2631	2787	2546
2487	2593	2631
2593	2655	2631
2655	2849	2631
2655	2779	2849
2779	2975	2849
2975	2979	2849
2979	2943	2849
2979	3134	2943
3134	3069	2943
2779	2839	2975
2839	2993	2975
2779	2692	2839
2692	2652	2839
2692	2591	2652
2692	2620	2591
2620	2499	2591
2620	2588	2499
2620	2655	2588
2655	2593	2588
2593	2487	2588
2620	2692	2655
2692	2779	2655
2368	2264	2487
2139	2160	2264
2139	2030	2160
2143	2222	2225
2222	2268	2225
2222	2315	2268
2315	2339	2268
2315	2345	2339
2315	2272	2345
2272	2357	2345
2357	2463	2345
2357	2488	2463
2488	2540	2463
2540	2687	2463
2540	2797	2687
2797	2753	2687
2753	2756	2687
2756	2730	2687
2756	2795	2730
2795	2837	2730
2795	2962	2837
2962	2880	2837
2880	2685	2837
2685	2658	2837
2685	2694	2658
2694	2545	2658
2685	2745	2694
2745	2720	2694
2685	2880	2745
2880	2922	2745
2962	3051	2880
2756	2753	2795
2753	2797	2795
2540	2801	2797
2801	3020	2797
2540	2766	2801
2540	2505	2766
2505	2669	2766
2669	2781	2766
2669	2764	2781
2764	2859	2781
2540	2488	2505
2488	2400	2505
2488	2357	2400
2357	2253	2400
2253	2282	2400
2282	2426	2400
2253	2161	2282
2161	2130	2282
2253	2272	2161
2253	2357	2272
2222	2194	2315
2222	2052	2194
2152	2325	2254
2157	2212	2263
2182	2276	2274
2200	2278	2255
2278	2331	2255
2331	2340	2255
2340	2249	2255
2278	2390	2331
2210	2415	2216
2210	2232	2415
2221	2297	2303
2303	2258	2221
2227	2242	2305
2305	2347	2227
2238	2289	2329
2243	2410	2385
2410	2437	2385
2260	2327	2291
2327	2312	2291
2260	2313	2327
2313	2335	2327
2335	2494	2327
2313	2304	2335
2265	2320	2296
2296	2213	2265
2213	2320	2265
2320	2524	2296
2320	2516	2524
2516	2557	2524
2557	2681	2524
2557	2574	2681
2574	2705	2681
2705	2778	2681
2705	2916	2778
2705	2907	2916
2907	2923	2916
2907	2816	2923
2816	2817	2923
2816	2791	2817
2791	2689	2817
2791	2674	2689
2674	2596	2689
2674	2574	2596
2574	2516	2596
2516	2402	2596
2402	2506	2596
2506	2565	2596
2506	2515	2565
2506	2461	2515
2461	2545	2515
2506	2449	2461
2506	2402	2449
2516	2320	2402
2320	2356	2402
2574	2557	2516
2674	2705	2574
2674	2816	2705
2816	2907	2705
2674	2791	2816
2281	2343	2298
2343	2382	2298
2382	2428	2298
2290	2333	2361
2309	2431	2422
2431	2528	2422
2431	2468	2528
2468	2533	2528
2533	2562	2528
2562	2735	2528
2735	2585	2528
2585	2390	2528
2585	2529	2390
2585	2632	2529
2632	2666	2529
2632	2773	2666
2773	2807	2666
2773	2834	2807
2773	2735	2834
2323	2425	2444
2425	2445	2444
2445	2542	2444
2542	2514	2444
2542	2684	2514
2542	2728	2684
2728	2746	2684
2746	2727	2684
2445	2446	2542
2446	2649	2542
2446	2628	2649
2446	2443	2628
2443	2489	2628
2445	2425	2446
2323	2299	2425
2346	2353	2358
2358	2467	2346
2354	2367	2383
2354	2163	2367
2163	2383	2367
2163	2323	2383
2360	2447	2560
2365	2519	2556
2519	2597	2556
2373	2432	2384
2432	2476	2384
2476	2486	2384
2379	2479	2498
2479	2601	2498
2601	2643	2498
2601	2701	2643
2601	2603	2701
2601	2479	2603
2479	2501	2603
2479	2415	2501
2380	2508	2521
2521	2510	2380
2510	2325	2380
2521	2653	2510
2653	2717	2510
2717	2664	2510
2717	2721	2664
2721	2782	2664
2782	2696	2664
2717	2972	2721
2392	2491	2440
2491	2568	2440
2568	2451	2440
2568	2512	2451
2491	2582	2568
2393	2458	2464
2399	2474	2477
2477	2407	2399
2477	2573	2407
2477	2621	2573
2477	2604	2621
2477	2474	2604
2411	2424	2436
2412	2569	2413
2569	2504	2413
2569	2538	2504
2421	2570	2518
2570	2656	2518
2570	2611	2656
2611	2671	2656
2611	2554	2671
2430	2595	2567
2595	2729	2567
2595	2719	2729
2719	2790	2729
2790	2852	2729
2790	2792	2852
2790	2719	2792
2719	2760	2792
2454	2600	2610
2600	2733	2610
2600	2648	2733
2478	2526	2654
2526	2642	2654
2642	2626	2654
2642	2526	2626
2526	2572	2626
2572	2548	2626
2572	2526	2548
2526	2428	2548
2480	2704	2531
2480	2657	2704
2481	2624	2503
2624	2539	2503
2520	2553	2537
2520	2660	2553
2525	2661	2576
2550	2578	2571
2578	2668	2571
2668	2644	2571
2558	2566	2598
2558	2467	2566
2467	2598	2566
2467	2613	2598
2613	2710	2598
2710	2784	2598
2784	2558	2598
2710	2805	2784
2805	2844	2784
2844	2903	2784
2564	2659	2639
2639	2500	2564
2639	2699	2500
2575	2635	2708
2708	2706	2575
2575	2561	2635
2575	2441	2561
2575	2448	2441
2577	2695	2633
2695	2622	2633
2695	2814	2622
2814	2777	2622
2814	2928	2777
2928	2856	2777
2856	2776	2777
2928	2957	2856
2957	2936	2856
2957	3009	2936
3009	2917	2936
2957	2968	3009
2957	2928	2968
2928	2984	2968
2928	2988	2984
2928	2969	2988
2969	3040	2988
2969	2960	3040
2960	3065	3040
2960	3000	3065
3000	3032	3065
2928	2814	2969
2814	2854	2969
2814	2695	2854
2695	2699	2854
2699	2812	2854
2580	2605	2678
2580	2434	2605
2434	2586	2605
2586	2678	2605
2586	2590	2678
2590	2822	2678
2590	2663	2822
2663	2858	2822
2586	2464	2590
2678	2645	2580
2614	2670	2637
2670	2726	2637
2726	2676	2637
2726	2759	2676
2759	2667	2676
2759	2760	2667
2625	2715	2827
2715	2941	2827
2941	2836	2827
2665	2902	2885
2665	2873	2902
2665	2828	2873
2697	2712	2825
2700	2718	2811
2718	2841	2811
2718	2836	2841
2732	2831	2876
2831	2933	2876
2743	2747	2914
2743	2568	2747
2743	2741	2568
2754	2769	2789
2754	2661	2769
2789	2938	2754
2789	2862	2938
2789	2846	2862
2763	2865	2772
2865	2888	2772
2802	2850	2951
2815	2931	2956
2820	3023	2824
3023	2941	2824
2821	2842	2840
2842	2846	2840
2846	2821	2840
2842	3022	2846
2830	2983	2986
2983	3061	2986
2983	3069	3061
2845	2896	2918
2847	3036	3094
3036	3213	3094
3213	3209	3094
3209	3088	3094
3213	3275	3209
2848	2875	2966
2851	2985	3011
2985	3103	3011
2855	2891	2937
2891	3004	2937
3004	3092	2937
3092	3071	2937
3092	3093	3071
3093	3091	3071
3091	2978	3071
3091	3074	2978
2855	2733	2891
2860	2996	2942
2996	3085	2942
3085	2950	2942
2950	2929	2942
3085	3104	2950
2868	2884	3039
2868	2885	2884
2885	3100	2884
3100	3078	2884
3078	3039	2884
3078	3199	3039
3199	3005	3039
3199	3123	3005
3199	3192	3123
3078	3240	3199
3078	3100	3240
3100	3339	3240
3100	3297	3339
2878	3027	3016
2895	2897	2927
2897	3019	2927
2900	2932	3026
2932	3060	3026
2932	3068	3060
3068	3160	3060
2912	2987	3072
2912	2852	2987
2987	3119	3072
2987	3169	3119
2939	3013	2999
2939	2949	3013
2949	3083	3013
3083	3127	3013
3127	3099	3013
3099	2999	3013
3099	3080	2999
3099	3189	3080
3189	3077	3080
3099	3232	3189
3099	3127	3232
3127	3371	3232
3083	3255	3127
3083	3106	3255
3106	3318	3255
3106	3182	3318
3182	3332	3318
3106	3067	3182
2939	2871	2949
2939	2748	2871
2940	2998	2970
2948	2973	3012
3012	3063	2948
3012	3153	3063
3153	3239	3063
3239	3258	3063
3258	3076	3063
3076	3037	3063
3258	3231	3076
3258	3250	3231
3258	3396	3250
3239	3300	3258
3300	3352	3258
3300	3350	3352
3350	3519	3352
3350	3535	3519
3350	3508	3535
3350	3344	3508
3350	3293	3344
3350	3235	3293
3350	3300	3235
3300	3239	3235
3239	3153	3235
3012	2973	3153
2959	3089	2992
2965	3097	3112
3097	3156	3112
3112	3019	2965
2980	3008	3202
3008	3021	3202
3021	3217	3202
3217	3276	3202
3276	3257	3202
3257	3193	3202
3193	2980	3202
3193	3073	2980
3257	3392	3193
3276	3311	3257
2981	3146	3025
3146	3082	3025
3082	3024	3025
3082	2997	3024
3146	3148	3082
3146	3288	3148
3146	3271	3288
3271	3353	3288
3271	3249	3353
3249	3256	3353
3256	3260	3353
3256	3168	3260
3168	3114	3260
3114	3171	3260
3168	2981	3114
3168	3146	2981
3168	3249	3146
3249	3271	3146
3168	3256	3249
2990	3132	3157
3157	3130	2990
3157	3330	3130
3330	3329	3130
3329	3165	3130
3165	2991	3130
3165	3101	2991
3329	3272	3165
3329	3403	3272
3403	3376	3272
3376	3287	3272
3376	3529	3287
3529	3467	3287
3467	3328	3287
3328	3133	3287
3329	3382	3403
3329	3330	3382
3330	3384	3382
3384	3429	3382
3384	3481	3429
3481	3537	3429
3537	3560	3429
3384	3261	3481
3384	3330	3261
3330	3218	3261
3218	3132	3261
3132	3194	3261
3132	3087	3194
3132	2933	3087
3218	3157	3132
3218	3330	3157
2995	3152	3079
3152	3176	3079
3176	3096	3079
3176	3170	3096
3002	3075	3047
3002	3015	3075
3002	2966	3015
3003	3137	3138
3006	3173	3195
3030	3158	3053
3034	3095	3066
3095	3139	3066
3045	3307	3225
3225	3020	3045
3307	3378	3225
3378	3291	3225
3291	3244	3225
3291	3450	3244
3450	3219	3244
3219	3081	3244
3219	3221	3081
3221	3188	3081
3221	3303	3188
3303	3215	3188
3219	3450	3221
3450	3487	3221
3291	3549	3450
3291	3558	3549
3558	3658	3549
3558	3699	3658
3699	3696	3658
3699	3874	3696
3699	3800	3874
3800	3952	3874
3952	3974	3874
3952	3998	3974
3998	4061	3974
4061	4177	3974
4177	3993	3974
4177	4069	3993
4069	4007	3993
4007	3857	3993
4177	4143	4069
4143	4105	4069
4143	4169	4105
4169	4269	4105
3998	4085	4061
3998	4089	4085
3998	3913	4089
3998	3952	3913
3952	3800	3913
3291	3378	3558
3378	3563	3558
3378	3348	3563
3348	3457	3563
3457	3591	3563
3457	3521	3591
3521	3578	3591
3578	3752	3591
3578	3608	3752
3608	3809	3752
3608	3724	3809
3578	3521	3608
3378	3307	3348
3057	3098	3208
3208	3278	3057
3070	3210	3151
3210	3269	3151
3210	3345	3269
3210	3302	3345
3302	3412	3345
3302	3243	3412
3102	3161	3167
3161	3421	3167
3421	3204	3167
3204	3162	3167
3204	3267	3162
3267	3174	3162
3267	3299	3174
3299	3237	3174
3237	3147	3174
3237	3254	3147
3254	3134	3147
3254	3346	3134
3267	3419	3299
3419	3441	3299
3441	3452	3299
3441	3620	3452
3620	3621	3452
3620	3701	3621
3701	3750	3621
3620	3661	3701
3661	3854	3701
3661	3648	3854
3648	3907	3854
3267	3437	3419
3267	3421	3437
3267	3204	3421
3108	3306	3315
3111	3116	3159
3159	3233	3111
3233	3115	3111
3233	3180	3115
3117	3141	3118
3117	3201	3141
3117	3150	3201
3142	3262	3286
3262	3359	3286
3359	3471	3286
3471	3434	3286
3434	3410	3286
3359	3470	3471
3470	3624	3471
3359	3370	3470
3145	3241	3282
3241	3362	3282
3362	3343	3282
3343	3247	3282
3241	3253	3362
3253	3259	3362
3164	3360	3290
3360	3368	3290
3368	3379	3290
3379	3259	3290
3368	3447	3379
3368	3360	3447
3175	3265	3364
3265	3388	3364
3177	3227	3178
3179	3347	3322
3347	3398	3322
3398	3490	3322
3490	3333	3322
3490	3390	3333
3490	3438	3390
3490	3557	3438
3490	3671	3557
3671	3713	3557
3713	3703	3557
3703	3565	3557
3703	3734	3565
3713	3778	3703
3490	3603	3671
3490	3505	3603
3505	3516	3603
3516	3660	3603
3516	3543	3660
3516	3448	3543
3448	3589	3543
3448	3533	3589
3516	3398	3448
3398	3347	3448
3516	3505	3398
3505	3490	3398
3181	3295	3242
3295	3338	3242
3295	3423	3338
3295	3477	3423
3295	3453	3477
3295	3248	3453
3248	3417	3453
3417	3547	3453
3248	3224	3417
3248	3203	3224
3203	3120	3224
3203	3181	3120
3203	3295	3181
3203	3248	3295
3191	3312	3304
3304	3327	3191
3304	3440	3327
3440	3479	3327
3440	3495	3479
3495	3633	3479
3633	3655	3479
3633	3758	3655
3758	3746	3655
3633	3815	3758
3633	3657	3815
3657	3803	3815
3657	3727	3803
3727	3798	3803
3727	3711	3798
3711	3843	3798
3843	3909	3798
3843	3888	3909
3843	3782	3888
3843	3711	3782
3711	3676	3782
3711	3569	3676
3569	3517	3676
3569	3497	3517
3497	3435	3517
3497	3355	3435
3355	3315	3435
3569	3596	3497
3569	3711	3596
3711	3657	3596
3657	3539	3596
3539	3355	3596
3539	3312	3355
3539	3495	3312
3495	3440	3312
3440	3304	3312
3539	3633	3495
3539	3657	3633
3711	3727	3657
3197	3281	3252
3198	3369	3263
3263	3098	3198
3200	3395	3245
3395	3414	3245
3414	3401	3245
3414	3425	3401
3425	3643	3401
3425	3593	3643
3593	3687	3643
3687	3732	3643
3687	3868	3732
3868	3881	3732
3881	3897	3732
3687	3632	3868
3687	3593	3632
3593	3585	3632
3585	3635	3632
3593	3395	3585
3593	3414	3395
3593	3425	3414
3205	3264	3246
3223	3324	3289
3289	3194	3223
3229	3268	3283
3283	3158	3229
3283	3190	3158
3266	3274	3309
3309	3285	3266
3309	3310	3285
3309	3424	3310
3424	3464	3310
3424	3493	3464
3273	3385	3386
3385	3510	3386
3510	3555	3386
3292	3377	3402
3402	3264	3292
3377	3498	3402
3498	3582	3402
3582	3446	3402
3305	3335	3326
3335	3568	3326
3568	3559	3326
3559	3484	3326
3568	3820	3559
3820	3799	3559
3820	3889	3799
3889	3954	3799
3954	3849	3799
3954	3937	3849
3937	3766	3849
3937	3886	3766
3886	3726	3766
3726	3692	3766
3937	4046	3886
3889	3978	3954
3978	4096	3954
3978	4159	4096
3889	3820	3978
3820	3956	3978
3820	3816	3956
3816	3885	3956
3816	3796	3885
3796	3957	3885
3796	3848	3957
3848	3880	3957
3820	3568	3816
3335	3534	3568
3335	3527	3534
3335	3494	3527
3494	3619	3527
3335	3394	3494
3394	3427	3494
3308	3323	3356
3314	3439	3432
3317	3431	3341
3317	3492	3431
3492	3502	3431
3492	3520	3502
3520	3653	3502
3520	3597	3653
3597	3678	3653
3678	3827	3653
3597	3577	3678
3577	3554	3678
3554	3567	3678
3554	3512	3567
3554	3303	3512
3303	3487	3512
3597	3520	3577
3319	3381	3357
3381	3449	3357
3319	3337	3381
3320	3393	3373
3393	3564	3373
3331	3489	3444
3331	3426	3489
3351	3465	3523
3465	3614	3523
3465	3622	3614
3465	3550	3622
3358	3380	3387
3374	3483	3572
3375	3443	3528
3383	3468	3405
3400	3514	3459
3514	3574	3459
3514	3612	3574
3514	3656	3612
3514	3587	3656
3587	3745	3656
3514	3513	3587
3514	3415	3513
3514	3400	3415
3404	3486	3524
3486	3541	3524
3418	3422	3488
3488	3666	3418
3666	3506	3418
3488	3631	3666
3420	3430	3472
3472	3508	3420
3433	3460	3551
3460	3500	3551
3500	3545	3551
3545	3685	3551
3685	3709	3551
3709	3677	3551
3709	3777	3677
3545	3602	3685
3445	3546	3530
3546	3654	3530
3454	3526	3518
3454	3565	3526
3458	3499	3586
3458	3346	3499
3461	3469	3659
3469	3594	3659
3659	3694	3461
3694	3571	3461
3694	3787	3571
3787	3729	3571
3729	3507	3571
3694	3875	3787
3875	3859	3787
3875	4010	3859
4010	3925	3859
4010	4071	3925
4071	4035	3925
4010	4117	4071
4010	3875	4117
3694	3788	3875
3694	3659	3788
3659	3847	3788
3659	3719	3847
3719	3748	3847
3482	3556	3640
3556	3700	3640
3700	3714	3640
3556	3691	3700
3556	3680	3691
3680	3776	3691
3680	3764	3776
3764	3829	3776
3829	3864	3776
3864	3813	3776
3680	3669	3764
3680	3509	3669
3509	3605	3669
3680	3556	3509
3496	3575	3730
3504	3627	3731
3522	3561	3770
3561	3721	3770
3721	3774	3770
3721	3763	3774
3721	3693	3763
3770	3609	3522
3770	3804	3609
3804	3686	3609
3686	3606	3609
3686	3588	3606
3588	3362	3606
3770	3823	3804
3823	3918	3804
3542	3707	3592
3542	3599	3707
3599	3749	3707
3749	3866	3707
3866	3739	3707
3749	3904	3866
3599	3715	3749
3576	3759	3581
3579	3806	3634
3806	3761	3634
3806	3958	3761
3806	3895	3958
3895	4031	3958
3895	3921	4031
3895	3779	3921
3779	3846	3921
3846	3941	3921
3941	4042	3921
3779	3760	3846
3779	3684	3760
3895	3806	3779
3584	3720	3623
3720	3738	3623
3738	3646	3623
3720	3867	3738
3598	3736	3706
3706	3637	3598
3637	3467	3598
3601	3672	3647
3611	3663	3674
3663	3802	3674
3663	3771	3802
3771	3813	3802
3615	3722	3625
3628	3808	3811
3628	3785	3808
3641	3772	3710
3772	3805	3710
3772	3872	3805
3872	3966	3805
3872	3977	3966
3977	4083	3966
3977	4097	4083
4097	4180	4083
4180	4167	4083
4167	4119	4083
4167	4174	4119
4174	4194	4119
4194	4204	4119
4204	4102	4119
4102	4015	4119
4102	4054	4015
4054	3992	4015
3992	3916	4015
3916	3948	4015
3948	3962	4015
3992	3905	3916
4102	4142	4054
4142	4048	4054
4142	4161	4048
4161	4106	4048
4106	4049	4048
4049	3976	4048
4049	4002	3976
4002	3892	3976
4049	4030	4002
4049	4062	4030
4049	4110	4062
4110	4153	4062
4153	4136	4062
4153	4200	4136
4153	4271	4200
4271	4308	4200
4308	4341	4200
4341	4203	4200
4203	4108	4200
4203	4171	4108
4171	3989	4108
4171	4134	3989
4134	4064	3989
4064	3988	3989
4134	4067	4064
4171	4272	4134
4171	4203	4272
4203	4341	4272
4341	4383	4272
4341	4385	4383
4385	4480	4383
4480	4482	4383
4480	4590	4482
4590	4508	4482
4508	4493	4482
4508	4590	4493
4590	4593	4493
4593	4502	4493
4502	4355	4493
4355	4309	4493
4355	4250	4309
4250	4134	4309
4355	4211	4250
4593	4542	4502
4542	4457	4502
4542	4555	4457
4590	4674	4593
4674	4708	4593
4674	4715	4708
4715	4780	4708
4780	4762	4708
4780	4848	4762
4848	4814	4762
4814	4776	4762
4776	4748	4762
4776	4729	4748
4729	4666	4748
4729	4684	4666
4729	4668	4684
4729	4696	4668
4696	4717	4668
4696	4862	4717
4696	4729	4862
4729	4776	4862
4776	4814	4862
4814	4891	4862
4891	4899	4862
4899	4943	4862
4943	4921	4862
4921	4907	4862
4921	5016	4907
5016	4917	4907
4917	4908	4907
4908	4883	4907
4908	4917	4883
4917	4957	4883
4957	4933	4883
4933	4775	4883
4775	4777	4883
4777	4717	4883
4777	4711	4717
4711	4667	4717
4711	4730	4667
4730	4654	4667
4654	4551	4667
4551	4583	4667
4583	4497	4667
4583	4454	4497
4730	4755	4654
4730	4798	4755
4798	4813	4755
4813	4783	4755
4813	4895	4783
4895	4905	4783
4905	4845	4783
4845	4786	4783
4786	4745	4783
4745	4665	4783
4745	4683	4665
4683	4641	4665
4641	4626	4665
4683	4642	4641
4683	4767	4642
4767	4746	4642
4767	4806	4746
4806	4839	4746
4839	4840	4746
4839	4949	4840
4949	4963	4840
4963	4902	4840
4902	4820	4840
4902	4850	4820
4850	4768	4820
4850	4841	4768
4841	4759	4768
4759	4660	4768
4660	4638	4768
4841	4765	4759
4765	4639	4759
4841	4831	4765
4831	4772	4765
4831	4829	4772
4829	4752	4772
4752	4633	4772
4752	4720	4633
4720	4619	4633
4619	4580	4633
4580	4483	4633
4580	4390	4483
4390	4429	4483
4429	4353	4483
4353	4492	4483
4353	4431	4492
4431	4468	4492
4468	4639	4492
4431	4336	4468
4336	4395	4468
4395	4440	4468
4395	4416	4440
4416	4414	4440
4416	4329	4414
4329	4254	4414
4329	4199	4254
4199	4042	4254
4042	4095	4254
4095	4231	4254
4329	4147	4199
4329	4336	4147
4329	4395	4336
4329	4416	4395
4353	4215	4431
4353	4236	4215
4236	4012	4215
4353	4429	4236
4429	4390	4236
4580	4384	4390
4580	4441	4384
4580	4556	4441
4556	4499	4441
4499	4415	4441
4499	4432	4415
4499	4603	4432
4603	4560	4432
4560	4401	4432
4401	4323	4432
4560	4550	4401
4560	4592	4550
4592	4610	4550
4592	4661	4610
4661	4680	4610
4680	4655	4610
4655	4559	4610
4655	4606	4559
4606	4504	4559
4504	4374	4559
4504	4333	4374
4504	4347	4333
4504	4561	4347
4561	4370	4347
4370	4349	4347
4370	4325	4349
4325	4233	4349
4325	4157	4233
4157	4088	4233
4157	4001	4088
4157	4094	4001
4094	4066	4001
4066	3997	4001
3997	3917	4001
3917	3897	4001
4066	4084	3997
4084	4082	3997
4082	4063	3997
4082	4112	4063
4112	4155	4063
4155	4141	4063
4141	4099	4063
4082	4111	4112
4082	4084	4111
4084	4094	4111
4084	4066	4094
4325	4343	4157
4325	4361	4343
4361	4314	4343
4361	4433	4314
4433	4346	4314
4361	4460	4433
4460	4574	4433
4574	4575	4433
4574	4643	4575
4643	4687	4575
4687	4558	4575
4643	4706	4687
4706	4742	4687
4742	4751	4687
4742	4847	4751
4847	4846	4751
4846	4818	4751
4818	4734	4751
4734	4657	4751
4734	4682	4657
4682	4649	4657
4649	4609	4657
4609	4548	4657
4609	4529	4548
4529	4449	4548
4449	4476	4548
4476	4481	4548
4481	4558	4548
4481	4420	4558
4481	4426	4420
4481	4466	4426
4466	4447	4426
4466	4476	4447
4476	4449	4447
4466	4481	4476
4529	4525	4449
4682	4675	4649
4675	4621	4649
4675	4750	4621
4750	4716	4621
4716	4597	4621
4597	4496	4621
4597	4528	4496
4528	4488	4496
4488	4389	4496
4389	4451	4496
4389	4312	4451
4389	4258	4312
4389	4294	4258
4294	4193	4258
4193	4014	4258
4294	4251	4193
4251	4151	4193
4151	4122	4193
4251	4260	4151
4260	4159	4151
4251	4296	4260
4296	4367	4260
4296	4294	4367
4294	4389	4367
4389	4478	4367
4389	4488	4478
4488	4528	4478
4296	4251	4294
4750	4758	4716
4758	4803	4716
4803	4718	4716
4758	4835	4803
4835	4876	4803
4876	4884	4803
4876	4932	4884
4876	4888	4932
4888	4953	4932
4953	4984	4932
4984	4999	4932
4984	5065	4999
5065	5019	4999
5019	4989	4999
4989	4884	4999
4989	4871	4884
4871	4808	4884
4871	4809	4808
4809	4795	4808
4809	4781	4795
4781	4764	4795
4764	4669	4795
4669	4693	4795
4669	4623	4693
4623	4624	4693
4624	4718	4693
4764	4705	4669
4705	4617	4669
4705	4662	4617
4662	4672	4617
4672	4563	4617
4563	4566	4617
4563	4410	4566
4563	4564	4410
4564	4527	4410
4563	4672	4564
4662	4764	4672
4662	4705	4764
4809	4869	4781
5019	5002	4989
5002	4959	4989
5002	5034	4959
5034	5018	4959
5018	4983	4959
4983	4940	4959
4940	4869	4959
4940	4873	4869
4873	4728	4869
4873	4771	4728
4873	4866	4771
4866	4811	4771
4866	4897	4811
4897	4892	4811
4892	4812	4811
4812	4722	4811
4892	4827	4812
4892	4912	4827
4912	4919	4827
4912	4970	4919
4970	4935	4919
4935	4916	4919
4916	4832	4919
4916	4887	4832
4887	4863	4832
4887	4910	4863
4910	4864	4863
4910	4901	4864
4901	4824	4864
4901	4804	4824
4804	4790	4824
4804	4757	4790
4804	4822	4757
4822	4792	4757
4792	4769	4757
4769	4710	4757
4769	4690	4710
4690	4600	4710
4600	4534	4710
4534	4652	4710
4534	4571	4652
4571	4644	4652
4571	4517	4644
4517	4582	4644
4582	4658	4644
4582	4585	4658
4582	4473	4585
4473	4485	4585
4473	4422	4485
4422	4335	4485
4422	4318	4335
4318	4259	4335
4259	4285	4335
4285	4303	4335
4303	4340	4335
4303	4295	4340
4303	4182	4295
4303	4285	4182
4285	4222	4182
4222	4114	4182
4222	4078	4114
4222	4230	4078
4230	4070	4078
4070	3931	4078
4230	4162	4070
4222	4259	4230
4259	4246	4230
4259	4318	4246
4318	4356	4246
4318	4417	4356
4318	4422	4417
4422	4473	4417
4473	4517	4417
4473	4582	4517
4222	4285	4259
4534	4456	4571
4690	4681	4600
4681	4587	4600
4587	4538	4600
4587	4491	4538
4491	4425	4538
4425	4443	4538
4425	4286	4443
4286	4274	4443
4491	4453	4425
4491	4464	4453
4491	4545	4464
4491	4587	4545
4587	4651	4545
4651	4579	4545
4651	4664	4579
4664	4599	4579
4599	4521	4579
4599	4567	4521
4599	4611	4567
4599	4732	4611
4732	4678	4611
4678	4581	4611
4678	4616	4581
4616	4530	4581
4530	4523	4581
4678	4631	4616
4678	4692	4631
4692	4703	4631
4703	4691	4631
4703	4761	4691
4761	4756	4691
4756	4697	4691
4697	4634	4691
4756	4725	4697
4756	4747	4725
4747	4724	4725
4747	4782	4724
4782	4789	4724
4789	4702	4724
4789	4738	4702
4738	4700	4702
4700	4659	4702
4659	4635	4702
4635	4554	4702
4635	4553	4554
4553	4540	4554
4540	4532	4554
4540	4382	4532
4382	4394	4532
4394	4513	4532
4513	4576	4532
4513	4411	4576
4411	4500	4576
4500	4634	4576
4513	4394	4411
4394	4287	4411
4287	4369	4411
4287	4241	4369
4241	4276	4369
4540	4553	4382
4553	4396	4382
4396	4363	4382
4396	4391	4363
4391	4311	4363
4311	4226	4363
4311	4225	4226
4225	4125	4226
4311	4302	4225
4302	4292	4225
4302	4400	4292
4400	4434	4292
4434	4386	4292
4386	4268	4292
4386	4304	4268
4304	4173	4268
4304	4277	4173
4277	4235	4173
4277	4327	4235
4277	4408	4327
4408	4371	4327
4371	4365	4327
4365	4298	4327
4298	4175	4327
4298	4234	4175
4298	4273	4234
4273	4180	4234
4298	4337	4273
4298	4397	4337
4397	4406	4337
4397	4452	4406
4452	4427	4406
4427	4445	4406
4445	4313	4406
4445	4419	4313
4419	4372	4313
4372	4310	4313
4310	4291	4313
4291	4174	4313
4174	4167	4313
4167	4180	4313
4291	4194	4174
4291	4224	4194
4224	4204	4194
4224	4232	4204
4232	4202	4204
4202	4102	4204
4202	4142	4102
4202	4232	4142
4232	4306	4142
4306	4216	4142
4216	4161	4142
4216	4110	4161
4110	4106	4161
4110	4049	4106
4216	4153	4110
4216	4271	4153
4216	4306	4271
4306	4351	4271
4351	4308	4271
4351	4342	4308
4342	4341	4308
4342	4385	4341
4342	4351	4385
4351	4442	4385
4442	4484	4385
4484	4480	4385
4484	4595	4480
4595	4590	4480
4595	4674	4590
4595	4679	4674
4679	4715	4674
4679	4733	4715
4679	4648	4733
4648	4671	4733
4671	4707	4733
4707	4741	4733
4741	4784	4733
4741	4774	4784
4774	4815	4784
4815	4830	4784
4830	4859	4784
4859	4848	4784
4859	4891	4848
4891	4814	4848
4859	4899	4891
4859	4872	4899
4872	4923	4899
4923	4943	4899
4923	4927	4943
4927	4990	4943
4990	4921	4943
4990	5016	4921
4990	5013	5016
5013	5079	5016
5079	5014	5016
5014	4917	5016
5014	4962	4917
4962	4957	4917
4962	5038	4957
5038	4950	4957
4950	4933	4957
4950	4882	4933
4882	4775	4933
4882	4798	4775
4798	4730	4775
4730	4711	4775
4711	4777	4775
4882	4813	4798
4882	4895	4813
4882	4920	4895
4920	4905	4895
4920	5003	4905
5003	4955	4905
4955	4845	4905
4955	4911	4845
4911	4896	4845
4896	4855	4845
4855	4786	4845
4855	4767	4786
4767	4745	4786
4767	4683	4745
4855	4806	4767
4855	4886	4806
4886	4839	4806
4886	4944	4839
4944	4949	4839
4944	5021	4949
5021	4963	4949
5021	5012	4963
5012	4992	4963
4992	4902	4963
4992	4918	4902
4918	4850	4902
4918	4929	4850
4929	4841	4850
4929	4914	4841
4914	4831	4841
4914	4829	4831
4914	4915	4829
4915	4906	4829
4906	4802	4829
4802	4752	4829
4802	4720	4752
4802	4821	4720
4802	4879	4821
4879	4909	4821
4909	4865	4821
4865	4778	4821
4865	4799	4778
4799	4709	4778
4709	4647	4778
4647	4627	4778
4647	4603	4627
4603	4499	4627
4499	4556	4627
4556	4619	4627
4556	4580	4619
4647	4661	4603
4661	4592	4603
4592	4560	4603
4647	4709	4661
4709	4719	4661
4719	4680	4661
4719	4743	4680
4743	4713	4680
4713	4655	4680
4713	4606	4655
4713	4605	4606
4605	4561	4606
4561	4504	4606
4605	4518	4561
4518	4370	4561
4518	4421	4370
4421	4325	4370
4421	4361	4325
4421	4460	4361
4421	4518	4460
4518	4604	4460
4604	4574	4460
4604	4643	4574
4604	4676	4643
4676	4723	4643
4723	4706	4643
4723	4742	4706
4723	4785	4742
4785	4847	4742
4785	4842	4847
4842	4868	4847
4868	4846	4847
4868	4888	4846
4888	4852	4846
4852	4818	4846
4852	4801	4818
4801	4794	4818
4794	4734	4818
4794	4750	4734
4750	4675	4734
4675	4682	4734
4794	4801	4750
4801	4758	4750
4801	4835	4758
4801	4852	4835
4852	4888	4835
4888	4876	4835
4868	4937	4888
4937	4953	4888
4937	4984	4953
4937	4952	4984
4952	5006	4984
5006	5064	4984
5064	5065	4984
5064	5101	5065
5101	5077	5065
5077	5019	5065
5077	5041	5019
5041	5002	5019
5041	5034	5002
5041	5081	5034
5041	5077	5081
5077	5101	5081
5101	5129	5081
5101	5140	5129
5140	5124	5129
5124	5088	5129
5124	5056	5088
5056	5034	5088
5056	5018	5034
5056	4983	5018
5056	4978	4983
4978	4930	4983
4930	4940	4983
4930	4873	4940
4930	4866	4873
4930	4897	4866
4930	4975	4897
4975	4987	4897
4975	4988	4987
4988	5044	4987
5044	5007	4987
5007	4970	4987
5007	5040	4970
5040	5026	4970
5026	5008	4970
5008	4935	4970
5008	4958	4935
4958	4916	4935
4958	4887	4916
4958	4910	4887
4958	4996	4910
4996	4966	4910
4966	4901	4910
4966	4997	4901
4997	5004	4901
5004	4982	4901
4982	4880	4901
4880	4822	4901
4822	4804	4901
4880	4792	4822
4880	4833	4792
4833	4736	4792
4736	4769	4792
4736	4690	4769
4736	4681	4690
4736	4749	4681
4749	4698	4681
4698	4587	4681
4698	4651	4587
4698	4694	4651
4694	4744	4651
4744	4753	4651
4753	4664	4651
4753	4731	4664
4731	4650	4664
4650	4599	4664
4650	4732	4599
4650	4731	4732
4731	4834	4732
4834	4853	4732
4853	4791	4732
4791	4773	4732
4773	4678	4732
4773	4692	4678
4773	4754	4692
4754	4703	4692
4754	4797	4703
4797	4761	4703
4797	4756	4761
4797	4860	4756
4860	4837	4756
4837	4793	4756
4793	4747	4756
4793	4782	4747
4793	4877	4782
4877	4789	4782
4877	4826	4789
4826	4738	4789
4826	4807	4738
4807	4700	4738
4807	4714	4700
4714	4686	4700
4686	4659	4700
4686	4632	4659
4632	4622	4659
4622	4635	4659
4622	4589	4635
4589	4553	4635
4589	4524	4553
4524	4396	4553
4524	4391	4396
4524	4400	4391
4400	4311	4391
4400	4302	4311
4524	4533	4400
4533	4434	4400
4533	4455	4434
4455	4386	4434
4455	4277	4386
4277	4304	4386
4533	4536	4455
4536	4498	4455
4498	4408	4455
4498	4501	4408
4501	4452	4408
4452	4397	4408
4397	4365	4408
4365	4371	4408
4397	4298	4365
4501	4458	4452
4458	4427	4452
4458	4514	4427
4514	4507	4427
4507	4445	4427
4507	4494	4445
4494	4419	4445
4494	4568	4419
4568	4535	4419
4535	4428	4419
4428	4372	4419
4428	4399	4372
4399	4224	4372
4224	4310	4372
4224	4291	4310
4399	4232	4224
4399	4409	4232
4409	4306	4232
4409	4438	4306
4438	4351	4306
4438	4442	4351
4438	4526	4442
4526	4573	4442
4573	4484	4442
4573	4595	4484
4573	4648	4595
4648	4679	4595
4573	4628	4648
4628	4671	4648
4628	4577	4671
4577	4645	4671
4645	4707	4671
4645	4685	4707
4685	4741	4707
4685	4766	4741
4766	4774	4741
4766	4819	4774
4819	4815	4774
4819	4844	4815
4844	4870	4815
4870	4856	4815
4856	4830	4815
4856	4843	4830
4843	4859	4830
4843	4872	4859
4843	4856	4872
4856	4874	4872
4874	4894	4872
4894	4927	4872
4927	4923	4872
4894	4934	4927
4894	4922	4934
4922	4951	4934
4951	5032	4934
4951	5023	5032
5023	5051	5032
5051	5079	5032
5079	5013	5032
5013	4990	5032
5051	5067	5079
5067	5102	5079
5067	5053	5102
5053	5050	5102
5050	5049	5102
5049	5072	5102
5072	5099	5102
5099	5107	5102
5107	5123	5102
5123	5135	5102
5123	5141	5135
5141	5158	5135
5141	5156	5158
5156	5157	5158
5157	5131	5158
5157	5144	5131
5144	5127	5131
5127	5095	5131
5095	5003	5131
5095	5037	5003
5037	4955	5003
5037	4986	4955
4986	4911	4955
4986	4896	4911
4986	4886	4896
4886	4855	4896
4986	4944	4886
4986	5020	4944
5020	5021	4944
5020	5059	5021
5059	5039	5021
5039	5012	5021
5039	5047	5012
5047	4992	5012
5047	5046	4992
5046	5027	4992
5027	4971	4992
4971	4918	4992
4971	4929	4918
4971	4995	4929
4995	4946	4929
4946	4914	4929
4946	4915	4914
4946	5000	4915
5000	4981	4915
4981	4906	4915
4981	4967	4906
4967	4909	4906
4909	4879	4906
4879	4802	4906
4967	4931	4909
4931	4865	4909
4931	4939	4865
4939	4875	4865
4875	4799	4865
4875	4861	4799
4861	4817	4799
4817	4787	4799
4787	4735	4799
4735	4709	4799
4735	4719	4709
4735	4743	4719
4735	4787	4743
4787	4760	4743
4760	4713	4743
4760	4763	4713
4763	4676	4713
4676	4605	4713
4676	4604	4605
4604	4518	4605
4763	4740	4676
4740	4723	4676
4740	4785	4723
4740	4788	4785
4788	4800	4785
4800	4842	4785
4800	4849	4842
4849	4868	4842
4849	4952	4868
4952	4937	4868
4849	4928	4952
4928	4998	4952
4998	5006	4952
4998	5024	5006
5024	5064	5006
5024	5074	5064
5074	5101	5064
5074	5061	5101
5061	5128	5101
5128	5140	5101
5128	5133	5140
5128	5060	5133
5060	5132	5133
5060	5096	5132
5096	5100	5132
5096	5084	5100
5084	5028	5100
5028	5000	5100
5000	5025	5100
5025	5075	5100
5075	5142	5100
5075	5073	5142
5073	5121	5142
5121	5169	5142
5169	5173	5142
5169	5174	5173
5174	5170	5173
5174	5168	5170
5168	5160	5170
5160	5167	5170
5167	5140	5170
5167	5124	5140
5167	5145	5124
5145	5134	5124
5134	5087	5124
5087	5056	5124
5087	5042	5056
5042	4978	5056
5042	4975	4978
4975	4930	4978
5042	4988	4975
5042	5044	4988
5042	5087	5044
5087	5106	5044
5106	5052	5044
5052	5040	5044
5040	5007	5044
5052	5035	5040
5035	5026	5040
5035	5031	5026
5031	5008	5026
5031	5010	5008
5010	4958	5008
5010	4996	4958
5010	5048	4996
5048	5054	4996
5054	4966	4996
5054	5022	4966
5022	4997	4966
5022	5004	4997
5022	5092	5004
5092	5015	5004
5015	4982	5004
5015	4972	4982
4972	4880	4982
4972	4890	4880
4890	4854	4880
4854	4833	4880
4854	4744	4833
4744	4749	4833
4749	4736	4833
4744	4694	4749
4694	4698	4749
4854	4890	4744
4972	5011	4890
5011	4956	4890
5011	4973	4956
4973	4828	4956
5011	5045	4973
5045	5029	4973
5029	4976	4973
5029	5066	4976
5066	5033	4976
5033	4977	4976
4977	4853	4976
4853	4834	4976
4834	4828	4976
4834	4731	4828
4731	4753	4828
4977	4903	4853
4903	4791	4853
4903	4773	4791
4903	4885	4773
4885	4754	4773
4885	4825	4754
4825	4797	4754
4825	4860	4797
4825	4881	4860
4881	4837	4860
4881	4926	4837
4926	4900	4837
4900	4877	4837
4877	4793	4837
4900	4893	4877
4893	4826	4877
4893	4904	4826
4904	4838	4826
4838	4807	4826
4838	4810	4807
4810	4726	4807
4726	4714	4807
4726	4701	4714
4701	4686	4714
4701	4612	4686
4612	4632	4686
4612	4536	4632
4536	4533	4632
4533	4622	4632
4533	4524	4622
4524	4589	4622
4612	4562	4536
4562	4498	4536
4562	4501	4498
4562	4537	4501
4537	4514	4501
4514	4458	4501
4537	4507	4514
4537	4572	4507
4572	4494	4507
4572	4568	4494
4572	4625	4568
4625	4645	4568
4645	4577	4568
4577	4535	4568
4577	4526	4535
4526	4409	4535
4409	4399	4535
4399	4428	4535
4526	4438	4409
4577	4573	4526
4577	4628	4573
4625	4646	4645
4646	4685	4645
4646	4699	4685
4699	4766	4685
4699	4805	4766
4805	4819	4766
4805	4836	4819
4836	4844	4819
4836	4857	4844
4857	4870	4844
4857	4938	4870
4938	4948	4870
4948	4922	4870
4922	4874	4870
4874	4856	4870
4922	4894	4874
4948	4960	4922
4960	4951	4922
4960	5023	4951
4948	4954	4960
4948	4945	4954
4945	4961	4954
4961	5005	4954
4961	4969	5005
4969	5009	5005
5009	5068	5005
5068	5049	5005
5068	5072	5049
5068	5105	5072
5068	5062	5105
5062	5082	5105
5082	5098	5105
5098	5117	5105
5117	5094	5105
5117	5115	5094
5115	5097	5094
5097	5076	5094
5097	5110	5076
5110	5091	5076
5091	5089	5076
5091	5072	5089
5091	5099	5072
5091	5107	5099
5091	5126	5107
5126	5141	5107
5141	5123	5107
5126	5156	5141
5126	5137	5156
5137	5154	5156
5154	5149	5156
5149	5155	5156
5155	5157	5156
5155	5144	5157
5155	5138	5144
5138	5127	5144
5138	5063	5127
5063	5036	5127
5036	5037	5127
5037	5095	5127
5036	4986	5037
5036	5020	4986
5036	5063	5020
5063	5059	5020
5063	5139	5059
5139	5161	5059
5161	5039	5059
5161	5103	5039
5103	5047	5039
5103	5046	5047
5103	5120	5046
5120	5069	5046
5069	5027	5046
5069	5073	5027
5073	4995	5027
4995	4971	5027
5073	5025	4995
5025	4946	4995
5025	5000	4946
5073	5075	5025
5069	5121	5073
5069	5120	5121
5120	5169	5121
5120	5172	5169
5120	5161	5172
5161	5171	5172
5171	5165	5172
5171	5166	5165
5166	5164	5165
5164	5151	5165
5151	5163	5165
5151	5143	5163
5143	5148	5163
5148	5159	5163
5159	5168	5163
5168	5174	5163
5159	5162	5168
5162	5160	5168
5162	5125	5160
5125	5134	5160
5134	5145	5160
5145	5167	5160
5125	5087	5134
5125	5106	5087
5125	5162	5106
5162	5159	5106
5159	5136	5106
5159	5143	5136
5143	5130	5136
5130	5052	5136
5130	5071	5052
5071	5058	5052
5058	5031	5052
5031	5035	5052
5058	5043	5031
5043	5010	5031
5043	5048	5010
5043	5058	5048
5058	5057	5048
5057	5054	5048
5057	5090	5054
5090	5108	5054
5108	5092	5054
5092	5022	5054
5090	5112	5108
5112	5111	5108
5111	5109	5108
5111	5116	5109
5116	5119	5109
5119	5122	5109
5122	5114	5109
5122	5097	5114
5122	5118	5097
5118	5110	5097
5118	5137	5110
5137	5126	5110
5126	5091	5110
5118	5122	5137
5122	5154	5137
5116	5112	5119
5116	5111	5112
5090	5113	5112
5090	5071	5113
5071	5130	5113
5130	5151	5113
5130	5143	5151
5090	5058	5071
5090	5057	5058
5159	5148	5143
5164	5150	5151
5150	5119	5151
5150	5146	5119
5150	5164	5146
5164	5166	5146
5166	5152	5146
5152	5147	5146
5152	5149	5147
5149	5154	5147
5152	5153	5149
5153	5155	5149
5153	5138	5155
5153	5139	5138
5139	5063	5138
5153	5161	5139
5153	5152	5161
5152	5171	5161
5152	5166	5171
5120	5103	5161
5115	5104	5097
5115	5086	5104
5115	5093	5086
5093	5045	5086
5093	5029	5045
5093	5066	5029
5093	5085	5066
5085	5078	5066
5078	5033	5066
5078	5055	5033
5055	5001	5033
5001	4968	5033
4968	4977	5033
4968	4903	4977
4968	4885	4903
4968	4881	4885
4881	4825	4885
4968	4994	4881
4994	4993	4881
4993	4926	4881
4993	4964	4926
4964	4942	4926
4942	4900	4926
4942	4947	4900
4947	4893	4900
4947	4904	4893
4947	4941	4904
4941	4936	4904
4936	4889	4904
4889	4838	4904
4889	4878	4838
4878	4823	4838
4823	4810	4838
4823	4816	4810
4816	4712	4810
4712	4726	4810
4712	4670	4726
4670	4629	4726
4629	4701	4726
4629	4612	4701
4629	4614	4612
4614	4562	4612
4614	4608	4562
4608	4537	4562
4614	4620	4608
4620	4670	4608
4670	4673	4608
4673	4656	4608
4673	4712	4656
4712	4699	4656
4699	4625	4656
4699	4646	4625
4712	4805	4699
4712	4816	4805
4816	4851	4805
4851	4857	4805
4857	4836	4805
4851	4858	4857
4858	4913	4857
4913	4938	4857
4913	4925	4938
4925	4945	4938
4945	4948	4938
4925	4936	4945
4936	4941	4945
4941	4961	4945
4941	4947	4961
4947	4969	4961
4947	4964	4969
4964	4979	4969
4979	5009	4969
4979	5062	5009
5062	5068	5009
4979	4993	5062
4993	4994	5062
4994	5001	5062
5001	5055	5062
5055	5082	5062
5055	5078	5082
5078	5098	5082
5078	5085	5098
5085	5117	5098
5085	5093	5117
5093	5115	5117
4994	4968	5001
4979	4964	4993
4947	4942	4964
4925	4889	4936
4925	4913	4889
4913	4858	4889
4858	4878	4889
4858	4823	4878
4858	4816	4823
4858	4851	4816
4673	4670	4712
4620	4629	4670
4620	4614	4629
4972	5015	5011
5028	4981	5000
5028	4967	4981
5028	5030	4967
5030	5017	4967
5017	4985	4967
4985	4931	4967
4985	4939	4931
4985	4980	4939
4980	4924	4939
4924	4898	4939
4898	4875	4939
4898	4861	4875
4898	4924	4861
4924	4867	4861
4867	4817	4861
4867	4796	4817
4796	4787	4817
4796	4760	4787
4796	4779	4760
4779	4763	4760
4779	4788	4763
4788	4740	4763
4779	4849	4788
4849	4800	4788
4779	4796	4849
4796	4867	4849
4867	4928	4849
4867	4924	4928
4924	4965	4928
4965	4974	4928
4974	4998	4928
4974	5024	4998
4974	4980	5024
4980	5061	5024
5061	5074	5024
4980	4985	5061
4985	5017	5061
5017	5060	5061
5060	5128	5061
5017	5030	5060
5030	5084	5060
5084	5096	5060
5030	5028	5084
4974	4965	4980
4965	4924	4980
5050	5023	5049
5050	5053	5023
5053	5051	5023
5053	5067	5051
4920	4991	5003
4920	4882	4991
4882	4950	4991
4950	5038	4991
5038	5070	4991
5070	5080	4991
5070	5083	5080
5083	5135	5080
5070	5038	5083
5038	5014	5083
5014	5079	5083
5038	4962	5014
3645	3670	3818
3650	3733	3769
3769	3704	3650
3769	3840	3704
3665	3896	3837
3896	3908	3837
3908	3877	3837
3896	3987	3908
3896	4005	3987
3896	4020	4005
4020	4077	4005
4077	4228	4005
4077	4168	4228
4077	4208	4168
3667	3728	3826
3728	3856	3826
3728	3795	3856
3728	3705	3795
3705	3783	3795
3705	3564	3783
3564	3791	3783
3673	3845	3716
3673	3858	3845
3858	3901	3845
3901	3932	3845
3901	4008	3932
4008	4120	3932
3682	3712	3702
3702	3747	3682
3702	3850	3747
3850	3833	3747
3850	3890	3833
3890	3900	3833
3890	3959	3900
3702	3784	3850
3702	3712	3784
3689	3723	3819
3723	3807	3819
3697	3794	3757
3718	3903	3801
3741	3768	3950
3768	3968	3950
3756	3844	3860
3790	3949	3893
3793	3938	3936
3938	3984	3936
3938	4041	3984
4041	4080	3984
3797	3955	3810
3797	3930	3955
3797	3876	3930
3812	3814	3851
3831	3940	3971
3940	3994	3971
3831	3852	3940
3835	3923	3939
3923	3969	3939
3838	3919	3915
3919	4053	3915
3919	4012	4053
3839	3970	3964
3865	3902	4051
3871	3942	3963
3873	3879	4044
3879	3933	4044
3883	3894	4056
4056	4109	3883
4109	3970	3883
4056	4079	4109
3884	3960	4026
3899	4027	3928
3899	4107	4027
4107	4118	4027
4107	4210	4118
4210	4166	4118
4166	4103	4118
3899	3999	4107
3906	4059	4057
3910	3926	4092
3926	4103	4092
4092	3951	3910
3951	3924	3910
3924	3730	3910
3951	3943	3924
3911	4036	3953
3953	3867	3911
3912	3935	4016
3935	3946	4016
3922	4038	3967
3929	4017	3991
4017	4060	3991
3929	4055	4017
3947	4028	4129
4028	4105	4129
4105	4265	4129
4129	4115	3947
4115	3888	3947
3961	3972	4050
3972	3950	4050
3975	3986	4086
3981	4011	4033
4011	4052	4033
4052	4176	4033
4052	4181	4176
3985	4087	4158
3985	4026	4087
4000	4003	4022
4022	4123	4000
4123	4045	4000
4013	4140	4093
4093	3847	4013
4018	4242	4131
4043	4128	4058
4128	4130	4058
4130	4113	4058
4047	4178	4144
4178	4338	4144
4338	4326	4144
4068	4219	4156
4090	4187	4148
4090	4057	4187
4057	4205	4187
4090	4034	4057
4139	4256	4261
4154	4297	4184
4297	4201	4184
4163	4357	4243
4170	4248	4238
4248	4270	4238
4186	4350	4223
4350	4262	4223
4262	4206	4223
4262	4305	4206
4305	4283	4206
4305	4392	4283
4262	4398	4305
4262	4350	4398
4350	4388	4398
4192	4334	4290
4334	4288	4290
4209	4267	4377
4267	4362	4377
4362	4439	4377
4218	4278	4301
4227	4328	4378
4378	4276	4227
4239	4450	4437
4239	4299	4450
4240	4257	4375
4252	4316	4381
4255	4345	4275
4255	4284	4345
4284	4322	4345
4322	4465	4345
4345	4439	4275
4345	4486	4439
4263	4300	4373
4300	4436	4373
4436	4469	4373
4469	4470	4373
4436	4474	4469
4266	4315	4280
4266	4243	4315
4279	4379	4359
4281	4339	4368
4307	4516	4472
4319	4520	4512
4520	4578	4512
4520	4688	4578
4688	4739	4578
4739	4586	4578
4320	4387	4324
4387	4479	4324
4344	4471	4393
4471	4418	4393
4348	4403	4467
4403	4570	4467
4570	4588	4467
4570	4618	4588
4446	4543	4477
4543	4602	4477
4543	4601	4602
4543	4505	4601
4509	4594	4596
4591	4607	4653
4607	4704	4653
4704	4695	4653
4630	4637	4737
4637	4689	4737
16	2	1
16	12	2
12	11	2
11	15	2
11	4	15
490	570	631
586	560	624
398	415	337
473	569	543
569	560	543
235	326	167
331	432	319
600	644	529
783	885	745
841	948	783
1149	1314	1073
1629	1535	1684
1264	1326	1347
1886	1856	1677
1856	1689	1677
1119	1186	1151
1025	1109	1119
1025	959	1109
940	949	959
698	721	742
71	48	31
48	17	31
85	69	28
37	70	5
188	292	253
292	339	253
358	298	365
298	276	365
112	103	144
302	278	274
819	911	733
1013	934	1014
876	793	934
858	784	876
826	785	763
866	880	826
866	931	880
931	990	880
1239	1180	1282
1320	1558	1457
1558	1722	1457
1722	1737	1457
1558	1779	1722
1558	1818	1779
1523	1647	1540
1647	1758	1540
1758	1728	1540
1038	1210	1220
370	310	239
507	395	343
507	536	395
1065	1285	1214
1285	1276	1214
1285	1539	1276
1065	1201	1285
1289	1299	1417
1299	1456	1417
1289	1171	1299
1289	1233	1171
1233	1044	1171
789	777	1009
557	776	692
776	806	692
557	618	776
618	756	776
493	470	430
447	546	493
546	623	493
781	772	623
781	822	772
781	869	822
781	833	869
755	917	748
947	1095	917
1619	1827	1624
1619	1962	1827
1962	2008	1827
2008	1957	1827
1619	1825	1962
1619	1760	1825
1760	1831	1825
1831	1977	1825
1760	1691	1831
1691	1651	1831
1619	1590	1760
821	732	958
707	769	663
769	722	663
749	871	769
766	730	788
756	758	977
882	1060	1018
878	937	1036
937	1017	1036
957	1273	998
1273	1236	998
957	1164	1273
1164	1234	1273
957	1020	1164
1583	1695	1778
1695	1906	1778
1583	1608	1695
2144	2127	1891
2127	1954	1891
2030	2139	1967
2185	2160	2030
2009	2241	2092
2228	2467	2236
2110	1893	2178
1533	1269	1585
1269	1586	1585
1533	1328	1269
906	814	921
921	846	1019
1272	1271	1243
1272	1327	1271
1644	1492	1470
2509	2686	2534
2302	2484	2172
2302	2434	2484
2302	2294	2434
1557	1448	1712
1448	1435	1712
1639	1759	1518
1759	1666	1518
1350	1398	1564
1398	1580	1564
1350	1190	1398
1813	1912	1772
1799	1816	1703
2324	2439	2211
2324	2552	2439
2324	2466	2552
2466	2594	2552
2496	2664	2696
1824	1685	1821
2006	2064	2099
1803	1635	1811
1968	1902	1922
1968	2238	1902
1968	2129	2238
2129	2289	2238
1877	1513	1852
2318	2337	2098
2398	2602	2469
2602	2589	2469
3133	3054	3018
3133	3328	3054
2768	2866	3028
2866	2991	3028
2991	3101	3028
2448	2575	2706
2391	2412	2251
2391	2541	2412
2541	2569	2412
2541	2739	2569
2530	2830	2703
2530	2482	2830
2482	2787	2830
2002	1759	2094
2078	1999	2163
2457	2634	2363
2677	2627	2905
3069	2983	2943
2591	2712	2652
2712	2697	2652
2499	2419	2591
2499	2588	2419
2268	2461	2225
2268	2545	2461
2268	2339	2545
2745	2817	2720
2745	3084	2817
3084	3131	2817
3131	2923	2817
3131	3108	2923
3108	2916	2923
3108	3140	2916
3140	3126	2916
3108	3315	3140
2745	2922	3084
2795	3081	2962
3020	3081	2797
3020	3244	3081
3020	3225	3244
2130	2095	2282
2130	1904	2095
2130	1978	1904
2325	2510	2254
2289	2576	2329
2385	2141	2243
2335	2455	2494
2402	2356	2449
2728	2908	2746
2721	3007	2782
2721	2972	3007
2717	2653	2972
2653	2920	2972
2653	2778	2920
2464	2434	2393
2434	2330	2393
2729	2470	2567
2624	2799	2539
2799	2737	2539
2799	2878	2737
2659	2749	2639
3000	2970	3032
2715	2683	2941
2683	2820	2941
2683	2643	2820
2683	2560	2643
2560	2435	2643
2683	2715	2560
2933	2990	2876
2990	2732	2876
2933	3132	2990
2850	3080	2951
3080	3077	2951
3077	2995	2951
2995	2802	2951
2850	2999	3080
2896	2823	2918
2823	3064	2918
2823	3096	3064
3036	3062	3213
3036	3001	3062
2900	2703	2932
2852	2921	2987
3353	3515	3288
3515	3573	3288
3353	3456	3515
3130	2991	2990
3194	3289	3261
3158	3190	3053
3221	3487	3303
3521	3451	3608
3521	3369	3451
3521	3457	3369
3648	3675	3907
3098	2938	3198
3268	3377	3283
3268	3623	3377
3623	3646	3377
3646	3498	3377
3646	3626	3498
3646	3644	3626
3268	3313	3623
3313	3584	3623
3439	3493	3432
3443	3586	3528
3586	3610	3528
3586	3681	3610
3586	3744	3681
3499	3740	3586
3740	3754	3586
3875	4093	4117
3875	3788	4093
3788	3847	4093
3921	4147	4031
3921	4199	4147
3921	4042	4199
3779	3806	3684
3806	3560	3684
3806	3579	3560
3579	3501	3560
3805	3821	3710
4862	4883	4717
4862	4907	4883
4765	4772	4639
4772	4492	4639
4772	4633	4492
4633	4483	4492
4236	4053	4012
4236	4138	4053
4138	4039	4053
4236	4384	4138
4094	4157	4111
4433	4575	4346
4575	4558	4346
4558	4420	4346
4687	4657	4558
4657	4548	4558
4687	4751	4657
4528	4597	4478
4597	4718	4478
4718	4624	4478
4597	4716	4718
4803	4884	4718
4884	4795	4718
4795	4693	4718
4884	4808	4795
4932	4999	4884
4764	4728	4672
4764	4781	4728
4781	4869	4728
4809	4871	4869
4871	4959	4869
4871	4989	4959
4581	4523	4611
4337	4313	4273
4337	4406	4313
4733	4780	4715
4733	4784	4780
4784	4848	4780
4821	4778	4720
4778	4627	4720
4627	4619	4720
5081	5088	5034
5081	5129	5088
4987	4970	4897
4970	4912	4897
4912	4892	4897
4455	4408	4277
4934	5032	4927
5032	4990	4927
5102	5135	5079
5003	5080	5131
5080	5135	5131
5003	4991	5080
5133	5170	5140
5133	5132	5170
5132	5173	5170
5132	5142	5173
5132	5100	5142
4890	4828	4744
4828	4753	4744
4960	5005	5023
5005	5049	5023
5172	5174	5169
5172	5165	5174
5165	5163	5174
5108	5114	5092
5114	5015	5092
5114	5104	5015
5104	5086	5015
5086	5045	5015
5045	5011	5015
5114	5097	5104
5108	5109	5114
5122	5119	5154
5119	5146	5154
5146	5147	5154
5112	5151	5119
5112	5113	5151
4608	4656	4537
4656	4572	4537
4656	4625	4572
4005	4126	3987
4005	4228	4126
4228	4339	4126
4339	4281	4126
3819	3675	3689
3757	3654	3697
3654	3616	3697
3718	3759	3903
3838	3736	3919
4357	4315	4243
4280	4217	4266
