235.776199 135.938528 48.006010 255 0 0
244.789755 125.230669 52.262624 255 0 0
254.863691 115.514271 56.163698 255 0 0
265.998007 106.789335 59.709232 255 0 0
278.192703 99.055861 62.899226 255 0 0
291.447780 92.313849 65.733680 255 0 0
305.763236 86.563298 68.212593 255 0 0
321.139073 81.804210 70.335967 255 0 0
337.575290 78.036583 72.103800 0 255 0
324.724521 82.362055 85.638509 0 255 0
313.081376 87.816662 98.768307 0 255 0
302.645855 94.400405 111.493195 0 255 0
293.417957 102.113283 123.813173 0 255 0
285.397682 110.955296 135.728241 0 255 0
278.585032 120.926445 147.238399 0 255 0
272.980004 132.026728 158.343647 0 255 0
268.582601 144.256147 169.043985 0 255 0
