2.854793653055048139e+02 1.154764836692334740e+02 1.565557121843498578e+02
2.821541334955384173e+02 1.049554305461678894e+02 1.468738804954609805e+02
2.735764839469019876e+02 9.563946121686092283e+01 1.399316815980904494e+02
2.733134065548975400e+02 8.313978944203999788e+01 1.339689313342348669e+02
2.669301984146381983e+02 7.765895244695302324e+01 1.078066652099633131e+02
2.666685093149193335e+02 6.617980863754033294e+01 9.759015597439784528e+01
2.664110097751793091e+02 5.776225744188636924e+01 7.461229703653475553e+01
2.832262599533975163e+02 4.721413251699204494e+01 3.528650590573954560e+01
2.913700435818585106e+02 5.943698292821236606e+01 3.075912110349383966e+01
2.973263675326560360e+02 7.292734614024575990e+01 2.418292705928877240e+01
2.975908414446535062e+02 8.644754878631957240e+01 2.589189408904508127e+01
2.952298198988504510e+02 1.010805507447412452e+02 2.684379692518592719e+01
3.055596666849818348e+02 1.110153574838956558e+02 2.861900459899885618e+01
3.053846968245394464e+02 1.233603206327158688e+02 3.587349660314652056e+01
3.043364172714817641e+02 1.374369253661958794e+02 3.720392988206924656e+01
