252.165762 154.257878 55.228904 255 0 0
260.131260 136.924019 57.926016 255 0 0
270.049993 120.320129 60.376589 255 0 0
281.921961 104.446207 62.580622 255 0 0
295.747164 89.302254 64.538117 255 0 0
311.525601 74.888270 66.249071 255 0 0
329.257273 61.204255 67.713487 255 0 0
348.942179 48.250209 68.931363 255 0 0
370.580320 36.026131 69.902700 0 255 0
351.063068 45.573305 88.811899 0 255 0
333.842440 55.978781 107.431216 0 255 0
318.918436 67.242558 125.760650 0 255 0
306.291056 79.364637 143.800202 0 255 0
295.960300 92.345016 161.549872 0 255 0
287.926168 106.183697 179.009659 0 255 0
282.188660 120.880679 196.179565 0 255 0
278.747775 136.435962 213.059588 0 255 0
