258.120160 160.019292 51.972276 255 0 0
264.762382 142.062268 55.266469 255 0 0
273.413470 124.734888 58.470932 255 0 0
284.073424 108.037151 61.585664 255 0 0
296.742245 91.969058 64.610664 255 0 0
311.419932 76.530609 67.545935 255 0 0
328.106485 61.721803 70.391474 255 0 0
346.801904 47.542641 73.147282 255 0 0
367.506190 33.993122 75.813360 0 255 0
347.336953 44.588507 93.115508 0 255 0
329.509706 55.917947 110.313045 0 255 0
314.024449 67.981443 127.405972 0 255 0
300.881183 80.778994 144.394288 0 255 0
290.079906 94.310601 161.277994 0 255 0
281.620620 108.576263 178.057088 0 255 0
275.503324 123.575980 194.731573 0 255 0
271.728019 139.309753 211.301446 0 255 0
