3.194908159671405770e+02 1.116315954998817404e+02 2.010492511889478351e+02
3.081738365088603473e+02 9.892304975090533503e+01 1.924066821761123833e+02
2.958698453909278783e+02 8.583528724255276643e+01 1.860994224022025492e+02
2.898399740284767745e+02 7.377588640316415081e+01 1.701219470577910897e+02
2.829991746702968385e+02 6.071378051665814723e+01 1.586506169169321083e+02
2.729519040120201225e+02 5.125760420336391121e+01 1.366541314077656466e+02
2.719264273727325190e+02 3.697419900628284495e+01 1.243603592848211292e+02
2.691216414876694216e+02 2.511723826653135916e+01 1.046331964331097879e+02
2.658072889228228064e+02 1.893907999340376591e+01 6.411873781024701202e+01
2.598916719667516873e+02 4.230477952930473862e+01 4.884970961931423972e+01
2.646890791160961385e+02 5.872854686968318561e+01 4.963141341320465472e+01
2.753898271185028079e+02 7.361927356498628683e+01 5.067610467339045499e+01
2.747240587404090775e+02 9.001738087449237469e+01 5.662187653859268721e+01
2.781823382019164796e+02 1.073088885872270168e+02 5.539724284568569601e+01
2.839667407785988757e+02 1.241118760960073644e+02 5.384363969628850555e+01
2.869662232035171314e+02 1.391537228292029056e+02 6.146677959179760364e+01
2.876395825132604500e+02 1.546840897663527414e+02 6.941888894379735575e+01
