28.498038 36.088287 10.986624 255 0 0
28.818902 35.892156 9.982195 255 0 0
29.192390 35.560507 8.979509 255 0 0
29.618502 35.093340 7.978567 255 0 0
30.097239 34.490655 6.979367 255 0 0
30.628599 33.752453 5.981911 255 0 0
31.212584 32.878732 4.986197 255 0 0
31.849192 31.869493 3.992227 255 0 0
32.538425 30.724736 3.000000 0 255 0
31.655363 29.754228 4.007755 0 255 0
30.849611 28.907869 5.013766 0 255 0
30.121170 28.185661 6.018035 0 255 0
29.470040 27.587603 7.020560 0 255 0
28.896221 27.113695 8.021342 0 255 0
28.399712 26.763938 9.020382 0 255 0
27.980513 26.538330 10.017678 0 255 0
27.638626 26.436873 11.013230 0 255 0
