30.007093 35.897454 10.985440 255 0 0
30.148965 35.698458 9.980605 255 0 0
30.340707 35.371578 8.977671 255 0 0
30.582318 34.916814 7.976638 255 0 0
30.873800 34.334166 6.977507 255 0 0
31.215151 33.623634 5.980278 255 0 0
31.606373 32.785219 4.984951 255 0 0
32.047464 31.818919 3.991524 255 0 0
32.538425 30.724736 3.000000 0 255 0
31.861835 29.769477 4.008453 0 255 0
31.257975 28.931375 5.015005 0 255 0
30.726844 28.210431 6.019655 0 255 0
30.268442 27.606645 7.022403 0 255 0
29.882770 27.120017 8.023250 0 255 0
29.569827 26.750546 9.022195 0 255 0
29.329613 26.498234 10.019239 0 255 0
29.162129 26.363079 11.014381 0 255 0
