1	2	6
6	14	1
14	3	1
14	9	3
9	5	3
5	4	3
5	12	4
9	13	5
13	8	5
13	17	8
17	21	8
21	22	8
22	44	8
22	38	44
38	99	44
99	104	44
104	122	44
38	90	99
90	112	99
112	152	99
112	156	152
112	81	156
81	84	156
81	74	84
74	77	84
77	118	84
118	126	84
126	133	84
126	171	133
126	147	171
147	172	171
172	222	171
222	237	171
237	234	171
234	224	171
224	202	171
234	259	224
234	289	259
289	303	259
289	348	303
348	440	303
440	335	303
440	461	335
461	465	335
465	456	335
456	372	335
372	346	335
372	302	346
302	250	346
456	411	372
440	488	461
440	455	488
440	348	455
289	283	348
283	333	348
283	274	333
274	344	333
344	418	333
418	381	333
344	415	418
415	444	418
444	454	418
444	483	454
483	470	454
415	452	444
415	399	452
399	479	452
399	453	479
453	480	479
480	535	479
480	555	535
555	561	535
555	574	561
574	577	561
577	613	561
577	621	613
621	669	613
669	690	613
690	660	613
690	773	660
773	739	660
773	853	739
853	785	739
690	738	773
738	946	773
946	974	773
946	1001	974
1001	1098	974
1098	1083	974
1083	1015	974
1083	1068	1015
1098	1177	1083
1177	1168	1083
1098	1174	1177
946	1035	1001
946	948	1035
948	1032	1035
1032	1076	1035
948	1042	1032
946	832	948
832	767	948
767	871	948
832	756	767
756	753	767
756	682	753
682	704	753
704	716	753
716	870	753
704	694	716
704	682	694
682	652	694
652	636	694
636	620	694
636	619	620
619	574	620
574	555	620
555	578	620
578	721	620
555	480	578
480	566	578
619	628	574
628	621	574
621	577	574
628	652	621
652	672	621
672	669	621
672	762	669
762	738	669
738	690	669
762	832	738
832	946	738
762	756	832
762	672	756
672	682	756
672	652	682
628	636	652
628	619	636
399	423	453
399	389	423
389	413	423
413	474	423
413	442	474
442	495	474
413	358	442
358	425	442
358	349	425
358	272	349
272	279	349
279	294	349
294	357	349
279	261	294
279	221	261
221	195	261
195	276	261
195	218	276
218	291	276
291	311	276
291	330	311
330	382	311
291	253	330
291	227	253
227	242	253
227	212	242
212	201	242
212	169	201
169	135	201
169	124	135
124	95	135
95	150	135
95	93	150
93	115	150
115	130	150
130	143	150
130	115	143
115	97	143
97	125	143
125	163	143
163	179	143
179	209	143
179	189	209
189	251	209
251	269	209
189	243	251
243	331	251
243	288	331
288	324	331
324	350	331
350	405	331
243	229	288
229	252	288
229	187	252
187	161	252
161	203	252
161	170	203
170	154	203
154	207	203
154	164	207
164	208	207
208	246	207
208	219	246
219	347	246
219	225	347
219	155	225
155	199	225
199	245	225
199	228	245
199	216	228
199	182	216
182	204	216
182	142	204
142	210	204
210	233	204
233	235	204
233	254	235
254	280	235
254	306	280
306	286	280
306	362	286
362	341	286
341	323	286
341	367	323
362	391	341
362	432	391
432	426	391
426	437	391
426	446	437
446	544	437
446	539	544
446	511	539
511	558	539
558	580	539
558	626	580
626	599	580
626	670	599
558	604	626
604	724	626
604	717	724
717	750	724
750	781	724
750	816	781
750	802	816
802	842	816
802	758	842
758	760	842
758	675	760
675	706	760
706	796	760
796	836	760
836	847	760
706	723	796
706	679	723
679	663	723
663	649	723
663	542	649
542	592	649
542	530	592
542	482	530
482	525	530
482	468	525
468	493	525
468	373	493
468	364	373
364	310	373
310	278	373
310	293	278
293	255	278
255	166	278
166	263	278
166	236	263
236	287	263
287	319	263
236	275	287
236	180	275
236	166	180
166	175	180
166	114	175
114	176	175
176	213	175
176	215	213
215	328	213
215	326	328
326	419	328
419	447	328
114	123	176
123	145	176
123	89	145
123	98	89
98	58	89
58	49	89
49	65	89
49	71	65
71	47	65
71	48	47
49	58	71
58	87	71
87	117	71
117	139	71
139	85	71
85	57	71
85	100	57
100	59	57
59	20	57
20	18	57
18	30	57
30	48	57
18	33	30
33	55	30
33	62	55
62	113	55
62	72	113
72	177	113
177	198	113
177	168	198
177	63	168
63	46	168
63	23	46
63	15	23
15	2	23
15	7	2
7	6	2
7	19	6
19	16	6
16	14	6
16	28	14
28	27	14
27	31	14
31	24	14
24	9	14
24	13	9
24	25	13
25	17	13
25	39	17
39	21	17
39	41	21
41	22	21
41	37	22
37	35	22
35	38	22
35	40	38
40	42	38
42	90	38
42	74	90
74	112	90
74	81	112
40	51	42
40	35	51
35	37	51
37	54	51
54	56	51
56	76	51
56	70	76
56	54	70
54	61	70
61	79	70
79	78	70
78	91	70
78	93	91
93	95	91
95	124	91
124	119	91
124	131	119
131	146	119
146	138	119
146	158	138
158	172	138
172	134	138
134	76	138
134	77	76
134	132	77
132	118	77
132	137	118
137	147	118
147	126	118
137	132	147
132	134	147
134	172	147
158	190	172
190	206	172
206	217	172
217	222	172
217	262	222
262	274	222
274	237	222
274	283	237
283	234	237
283	289	234
262	317	274
317	344	274
317	351	344
351	415	344
351	399	415
351	375	399
375	389	399
375	360	389
360	358	389
358	413	389
360	351	358
351	272	358
360	375	351
317	262	351
217	230	262
230	272	262
230	221	272
221	279	272
230	190	221
190	195	221
190	165	195
165	162	195
162	218	195
162	169	218
169	212	218
212	227	218
227	291	218
162	131	169
131	124	169
162	146	131
162	165	146
165	158	146
165	190	158
230	206	190
230	217	206
78	115	93
78	97	115
78	79	97
79	92	97
92	125	97
92	83	125
83	127	125
127	163	125
127	189	163
189	179	163
127	187	189
187	229	189
229	243	189
127	161	187
127	96	161
96	105	161
105	144	161
144	170	161
144	154	170
144	101	154
101	140	154
140	164	154
140	208	164
140	155	208
155	219	208
140	120	155
120	149	155
149	199	155
149	182	199
149	142	182
149	120	142
120	109	142
109	102	142
102	128	142
128	167	142
167	210	142
167	214	210
214	231	210
231	233	210
231	254	233
231	260	254
260	306	254
260	312	306
312	362	306
312	343	362
343	370	362
370	432	362
370	369	432
369	460	432
460	487	432
487	508	432
508	511	432
511	426	432
511	446	426
508	532	511
532	552	511
552	558	511
552	604	558
552	553	604
553	603	604
603	633	604
633	717	604
633	737	717
737	802	717
802	750	717
737	758	802
737	675	758
737	633	675
633	585	675
585	662	675
662	706	675
662	679	706
662	663	679
662	585	663
585	542	663
585	543	542
543	521	542
521	482	542
521	484	482
484	460	482
460	401	482
401	377	482
377	468	482
377	364	468
377	316	364
316	310	364
316	271	310
271	293	310
271	211	293
211	247	293
247	255	293
247	160	255
160	166	255
160	117	166
117	114	166
117	87	114
87	98	114
98	123	114
87	58	98
160	139	117
160	211	139
211	151	139
151	85	139
151	129	85
129	100	85
129	103	100
103	59	100
103	64	59
64	26	59
26	20	59
26	10	20
10	18	20
10	11	18
11	36	18
36	72	18
72	62	18
62	33	18
36	63	72
63	177	72
36	15	63
36	11	15
11	10	15
10	7	15
10	26	7
26	19	7
26	64	19
64	43	19
43	28	19
28	16	19
43	27	28
43	31	27
43	52	31
52	32	31
32	24	31
32	45	24
45	25	24
45	68	25
68	66	25
66	73	25
73	67	25
67	53	25
53	50	25
50	39	25
50	83	39
83	60	39
60	41	39
60	54	41
54	37	41
60	61	54
60	79	61
60	92	79
60	83	92
50	53	83
53	67	83
67	127	83
67	96	127
67	73	96
73	88	96
88	105	96
88	101	105
101	144	105
88	66	101
66	68	101
68	86	101
86	140	101
86	109	140
109	120	140
86	94	109
94	102	109
94	75	102
75	82	102
82	128	102
82	107	128
107	136	128
136	167	128
136	191	167
191	214	167
191	226	214
226	238	214
238	231	214
238	260	231
238	258	260
258	312	260
258	343	312
258	301	343
301	369	343
369	370	343
301	304	369
304	316	369
316	386	369
386	401	369
401	460	369
386	377	401
386	316	377
304	305	316
305	271	316
305	304	271
304	301	271
301	265	271
265	226	271
226	211	271
226	197	211
197	151	211
197	181	151
181	129	151
181	185	129
185	136	129
136	103	129
136	110	103
110	64	103
110	106	64
106	107	64
107	82	64
82	43	64
82	52	43
82	69	52
69	75	52
75	45	52
45	32	52
75	68	45
75	94	68
94	86	68
69	82	75
106	136	107
106	110	136
185	191	136
185	186	191
186	226	191
186	197	226
186	181	197
186	185	181
265	258	226
258	238	226
265	301	258
88	73	66
160	247	211
484	487	460
484	553	487
553	532	487
532	508	487
553	552	532
484	523	553
523	585	553
585	603	553
585	633	603
523	543	585
523	521	543
523	484	521
141	178	192
141	153	178
153	122	178
122	223	178
223	297	178
153	141	122
141	80	122
183	300	264
264	168	183
300	345	264
300	307	345
194	257	239
200	284	282
284	318	282
318	205	282
205	200	282
266	290	292
292	329	266
292	322	329
322	352	329
352	359	329
352	393	359
352	428	393
292	290	322
290	299	322
299	380	322
380	445	322
299	371	380
285	374	339
374	417	339
417	439	339
439	353	339
417	422	439
422	509	439
417	374	422
339	275	285
295	363	309
313	338	383
338	404	383
338	407	404
407	420	404
407	515	420
515	490	420
515	588	490
588	565	490
565	519	490
407	507	515
507	623	515
507	610	623
507	567	610
567	671	610
567	540	671
540	689	671
689	744	671
689	728	744
728	935	744
728	928	935
728	719	928
728	689	719
567	512	540
567	507	512
507	434	512
507	407	434
383	376	313
336	430	457
355	414	431
355	347	414
347	408	414
431	361	355
431	387	361
356	385	400
385	398	400
398	496	400
496	471	400
471	396	400
471	451	396
471	528	451
528	388	451
496	537	471
496	583	537
496	587	583
587	641	583
641	784	583
641	810	784
641	648	810
648	790	810
648	692	790
648	587	692
587	622	692
622	666	692
666	799	692
666	735	799
666	589	735
666	622	589
622	571	589
622	587	571
587	462	571
587	496	462
496	421	462
496	398	421
648	641	587
366	436	406
366	448	436
366	429	448
436	449	406
379	410	433
410	459	433
459	546	433
546	491	433
384	478	424
478	472	424
472	477	424
472	563	477
472	594	563
594	653	563
653	605	563
594	752	653
594	609	752
609	775	752
609	655	775
655	681	775
655	640	681
640	774	681
594	478	609
594	472	478
402	494	520
402	469	494
469	498	494
498	557	494
557	520	494
557	630	520
498	584	557
412	506	485
416	501	504
501	651	504
441	466	526
441	363	466
467	500	550
467	447	500
500	538	550
486	533	600
533	676	600
676	698	600
698	699	600
699	632	600
699	645	632
699	674	645
674	581	645
674	625	581
625	550	581
674	707	625
707	727	625
727	747	625
747	650	625
650	643	625
650	629	643
727	754	747
754	818	747
754	824	818
824	902	818
902	881	818
902	910	881
902	1071	910
1071	1012	910
902	1109	1071
1109	1182	1071
824	908	902
908	1069	902
908	1030	1069
1030	1073	1069
1030	1049	1073
1049	1223	1073
1049	1101	1223
1101	1159	1223
1159	1272	1223
1272	1311	1223
1311	1276	1223
1311	1401	1276
1401	1253	1276
1401	1406	1253
1406	1365	1253
1406	1437	1365
1437	1452	1365
1452	1182	1365
1452	1403	1182
1311	1423	1401
1311	1272	1423
1272	1535	1423
1535	1568	1423
1272	1405	1535
1272	1159	1405
1159	1193	1405
1193	1359	1405
1359	1465	1405
1359	1498	1465
1498	1683	1465
1193	1112	1359
1112	1116	1359
1116	1257	1359
1116	1150	1257
1150	1298	1257
1116	1017	1150
1116	1112	1017
1112	983	1017
983	936	1017
936	952	1017
936	945	952
936	938	945
938	991	945
991	1003	945
1003	1024	945
991	1026	1003
1026	1103	1003
1103	1074	1003
1074	1009	1003
1074	1033	1009
1074	1125	1033
1125	1120	1033
1120	1019	1033
1019	1024	1033
1120	1038	1019
1038	1064	1019
1120	1052	1038
1052	1070	1038
1052	1171	1070
1052	1097	1171
1097	1217	1171
1217	1295	1171
1295	1382	1171
1382	1297	1171
1382	1380	1297
1380	1324	1297
1324	1219	1297
1217	1417	1295
1097	1137	1217
1137	1147	1217
1147	1134	1217
1147	1195	1134
1195	1179	1134
1179	1270	1134
1179	1261	1270
1179	1271	1261
1179	1289	1271
1289	1326	1271
1289	1313	1326
1313	1449	1326
1313	1495	1449
1313	1482	1495
1482	1569	1495
1482	1485	1569
1485	1616	1569
1485	1607	1616
1607	1624	1616
1607	1612	1624
1612	1653	1624
1653	1786	1624
1653	1819	1786
1819	1977	1786
1819	1978	1977
1819	1953	1978
1953	2113	1978
1953	2121	2113
2121	2250	2113
2250	2273	2113
2273	2116	2113
2121	2143	2250
2143	2323	2250
2323	2383	2250
2383	2398	2250
2383	2515	2398
2515	2516	2398
2516	2428	2398
2428	2319	2398
2515	2609	2516
2515	2568	2609
2568	2661	2609
2568	2566	2661
2515	2383	2568
2121	2101	2143
2101	1925	2143
2101	1948	1925
1948	1865	1925
1865	1788	1925
1788	1902	1925
1788	1731	1902
1731	1839	1902
1839	1838	1902
1838	1994	1902
1994	2091	1902
1839	1807	1838
1807	1790	1838
1807	1781	1790
1781	1717	1790
1717	1705	1790
1705	1810	1790
1705	1782	1810
1782	1854	1810
1782	1755	1854
1755	1900	1854
1900	1890	1854
1900	1987	1890
1987	1967	1890
1987	2012	1967
2012	1994	1967
1782	1705	1755
1705	1746	1755
1746	1879	1755
1879	1923	1755
1879	1927	1923
1927	1985	1923
1985	1944	1923
1879	1905	1927
1905	2014	1927
1905	2039	2014
2039	2034	2014
2039	2102	2034
2102	2134	2034
2134	2067	2034
2134	2126	2067
2102	2226	2134
2102	2114	2226
2114	2192	2226
2192	2350	2226
2350	2330	2226
2330	2338	2226
2114	2083	2192
2114	2069	2083
2069	2016	2083
2016	2011	2083
2011	2080	2083
2011	2042	2080
2016	1894	2011
2016	1860	1894
1860	1791	1894
1791	1751	1894
1791	1710	1751
1791	1809	1710
1809	1730	1710
1730	1695	1710
1695	1633	1710
1695	1620	1633
1620	1575	1633
1620	1584	1575
1584	1453	1575
1584	1489	1453
1489	1429	1453
1429	1434	1453
1429	1294	1434
1294	1374	1434
1374	1414	1434
1429	1356	1294
1356	1250	1294
1356	1321	1250
1321	1225	1250
1225	1126	1250
1126	1180	1250
1126	1068	1180
1068	1162	1180
1126	1002	1068
1002	909	1068
1002	848	909
1126	1084	1002
1084	1036	1002
1084	1006	1036
1084	1091	1006
1084	1140	1091
1140	1133	1091
1133	1060	1091
1133	1218	1060
1218	1121	1060
1121	1005	1060
1121	1139	1005
1139	1067	1005
1067	1058	1005
1067	1221	1058
1221	1231	1058
1231	1059	1058
1231	1228	1059
1228	1106	1059
1106	1082	1059
1082	996	1059
996	966	1059
996	893	966
1106	1146	1082
1106	1209	1146
1209	1237	1146
1237	1229	1146
1229	1135	1146
1229	1288	1135
1229	1246	1288
1246	1364	1288
1246	1325	1364
1325	1363	1364
1363	1407	1364
1407	1450	1364
1407	1476	1450
1476	1448	1450
1476	1524	1448
1524	1432	1448
1524	1454	1432
1454	1313	1432
1313	1289	1432
1524	1534	1454
1534	1516	1454
1534	1571	1516
1571	1612	1516
1612	1607	1516
1607	1485	1516
1571	1653	1612
1571	1637	1653
1637	1688	1653
1688	1819	1653
1534	1590	1571
1534	1567	1590
1534	1524	1567
1476	1491	1524
1491	1479	1524
1491	1407	1479
1407	1363	1479
1363	1421	1479
1363	1320	1421
1320	1308	1421
1308	1329	1421
1329	1399	1421
1329	1338	1399
1338	1404	1399
1338	1388	1404
1338	1285	1388
1338	1221	1285
1221	1139	1285
1139	1245	1285
1245	1332	1285
1245	1218	1332
1245	1121	1218
1245	1139	1121
1221	1067	1139
1338	1231	1221
1338	1329	1231
1329	1228	1231
1329	1308	1228
1308	1209	1228
1209	1106	1228
1308	1320	1209
1320	1237	1209
1320	1325	1237
1325	1246	1237
1246	1229	1237
1320	1363	1325
1491	1476	1407
1133	1204	1218
1204	1207	1218
1204	1133	1207
1133	1140	1207
1140	1227	1207
1227	1337	1207
1337	1353	1207
1337	1402	1353
1402	1428	1353
1428	1398	1353
1428	1471	1398
1471	1488	1398
1488	1357	1398
1471	1564	1488
1564	1566	1488
1564	1648	1566
1648	1704	1566
1648	1707	1704
1707	1781	1704
1781	1839	1704
1839	1731	1704
1731	1722	1704
1781	1807	1839
1707	1717	1781
1707	1648	1717
1648	1666	1717
1666	1705	1717
1666	1658	1705
1658	1738	1705
1738	1746	1705
1738	1747	1746
1747	1879	1746
1747	1905	1879
1747	1836	1905
1836	1891	1905
1891	1919	1905
1919	2016	1905
2016	2039	1905
2016	2069	2039
2069	2102	2039
2069	2114	2102
1919	1882	2016
1882	1860	2016
1882	1809	1860
1809	1791	1860
1882	1823	1809
1823	1730	1809
1823	1836	1730
1836	1712	1730
1712	1703	1730
1703	1695	1730
1703	1620	1695
1703	1660	1620
1660	1489	1620
1489	1584	1620
1660	1593	1489
1593	1514	1489
1514	1356	1489
1356	1429	1489
1514	1350	1356
1350	1321	1356
1350	1323	1321
1323	1225	1321
1323	1273	1225
1273	1227	1225
1227	1140	1225
1140	1084	1225
1084	1126	1225
1273	1337	1227
1273	1301	1337
1301	1402	1337
1301	1425	1402
1425	1443	1402
1443	1428	1402
1443	1537	1428
1537	1526	1428
1526	1471	1428
1526	1581	1471
1581	1564	1471
1581	1648	1564
1581	1666	1648
1581	1658	1666
1581	1611	1658
1611	1646	1658
1646	1709	1658
1709	1738	1658
1709	1747	1738
1709	1660	1747
1660	1712	1747
1712	1836	1747
1660	1703	1712
1709	1646	1660
1646	1593	1660
1646	1540	1593
1540	1514	1593
1540	1375	1514
1375	1350	1514
1375	1323	1350
1375	1425	1323
1425	1301	1323
1301	1273	1323
1375	1540	1425
1540	1443	1425
1540	1530	1443
1530	1537	1443
1530	1611	1537
1611	1581	1537
1581	1526	1537
1530	1540	1611
1540	1646	1611
1823	1882	1836
1882	1891	1836
1882	1919	1891
1865	1688	1788
1948	1953	1865
1953	1819	1865
1948	2101	1953
2101	2121	1953
1147	1239	1195
1239	1274	1195
1274	1349	1195
1274	1309	1349
1309	1400	1349
1309	1348	1400
1348	1392	1400
1348	1302	1392
1302	1314	1392
1314	1296	1392
1314	1236	1296
1236	1200	1296
1200	1206	1296
1206	1254	1296
1206	1199	1254
1206	1094	1199
1094	1062	1199
1094	1040	1062
1040	971	1062
1040	955	971
1040	973	955
973	924	955
973	989	924
989	879	924
989	1016	879
1016	960	879
960	868	879
868	840	879
840	804	879
840	787	804
787	780	804
787	701	780
787	708	701
708	651	701
651	630	701
708	684	651
684	676	651
684	771	676
771	698	676
684	708	771
708	798	771
798	849	771
798	820	849
820	868	849
868	960	849
960	941	849
941	916	849
916	884	849
916	918	884
918	904	884
904	827	884
904	809	827
809	749	827
809	731	749
731	699	749
699	698	749
731	674	699
731	693	674
693	707	674
693	731	707
731	736	707
736	764	707
764	727	707
764	754	727
764	824	754
764	819	824
819	860	824
860	908	824
860	890	908
890	1030	908
890	922	1030
922	1049	1030
922	930	1049
922	927	930
922	897	927
897	905	927
905	906	927
906	925	927
906	919	925
919	970	925
906	965	919
965	938	919
938	942	919
938	936	942
936	983	942
983	1112	942
965	1026	938
1026	991	938
965	943	1026
943	1029	1026
1029	1110	1026
1110	1103	1026
1110	1114	1103
1114	1074	1103
1114	1125	1074
1114	1198	1125
1198	1161	1125
1161	1120	1125
1161	1210	1120
1210	1187	1120
1187	1052	1120
1187	1097	1052
1187	1137	1097
1187	1239	1137
1239	1147	1137
1187	1309	1239
1309	1274	1239
1187	1210	1309
1210	1348	1309
1210	1302	1348
1210	1161	1302
1161	1314	1302
1161	1198	1314
1198	1236	1314
1198	1119	1236
1119	1200	1236
1119	1092	1200
1092	1169	1200
1169	1206	1200
1169	1094	1206
1169	1072	1094
1072	1040	1094
1072	973	1040
1072	1027	973
1027	989	973
1027	1092	989
1092	1016	989
1092	1119	1016
1119	1110	1016
1110	1000	1016
1000	980	1016
980	960	1016
980	941	960
980	1000	941
1000	916	941
1000	979	916
979	918	916
979	943	918
943	904	918
943	921	904
921	850	904
850	809	904
850	837	809
837	795	809
795	731	809
795	736	731
795	794	736
794	764	736
794	819	764
794	846	819
846	860	819
846	890	860
846	854	890
854	897	890
897	922	890
854	905	897
854	850	905
850	921	905
921	965	905
965	906	905
921	943	965
854	837	850
854	846	837
846	794	837
794	795	837
979	1029	943
979	1000	1029
1000	1110	1029
1119	1114	1110
1119	1198	1114
1027	1169	1092
1027	1072	1169
820	840	868
820	708	840
708	787	840
820	798	708
533	534	676
499	597	516
505	586	545
529	556	593
536	624	627
536	629	624
629	769	624
549	611	612
549	572	611
572	639	611
639	665	611
665	612	611
549	495	572
568	755	656
590	659	683
659	763	683
598	607	637
607	642	637
642	703	637
703	734	637
703	835	734
602	695	678
606	696	617
696	741	617
696	823	741
696	734	823
634	667	658
667	748	658
748	777	658
777	722	658
777	770	722
748	844	777
748	811	844
811	899	844
899	1006	844
667	661	748
635	726	700
664	725	715
664	627	725
627	729	725
729	825	725
729	740	825
740	867	825
867	1050	825
1050	896	825
1050	1039	896
867	1061	1050
1061	1085	1050
1061	1022	1085
1061	867	1022
867	1012	1022
740	769	867
769	782	867
685	788	688
710	822	821
711	864	839
720	829	830
829	944	830
732	733	957
733	768	957
768	843	957
843	968	957
968	1153	957
1153	1123	957
1123	988	957
988	956	957
956	732	957
956	813	732
968	1078	1153
968	1013	1078
1013	1095	1078
1013	1011	1095
1011	1155	1095
1155	1283	1095
1155	1336	1283
1336	1351	1283
1351	1360	1283
1351	1418	1360
1418	1520	1360
1418	1587	1520
1587	1596	1520
1587	1659	1596
1659	1803	1596
1803	1757	1596
1803	1913	1757
1913	1785	1757
1803	1956	1913
1956	2106	1913
2106	2057	1913
2057	2058	1913
1803	1847	1956
1847	1912	1956
1847	1858	1912
1847	1659	1858
1847	1803	1659
1351	1336	1418
1336	1379	1418
1379	1628	1418
1379	1532	1628
1532	1626	1628
1532	1617	1626
1532	1513	1617
1379	1260	1532
1379	1234	1260
1379	1336	1234
1336	1155	1234
1155	1086	1234
1013	810	1011
1013	929	810
1013	968	929
968	843	929
768	784	843
759	923	862
766	791	808
766	715	791
793	865	851
793	878	865
800	838	947
806	874	986
874	949	986
807	812	917
826	914	863
857	877	894
877	992	894
877	913	992
913	994	992
994	1132	992
994	1190	1132
994	998	1190
998	1044	1190
1044	1181	1190
1044	1156	1181
1156	1265	1181
1044	1031	1156
1044	998	1031
994	967	998
861	1007	889
1007	995	889
995	950	889
1007	1056	995
1056	1115	995
1007	1108	1056
1007	958	1108
1007	861	958
875	963	926
963	997	926
895	969	1037
900	1166	1041
1166	1129	1041
1129	1065	1041
932	984	1023
984	1066	1023
1066	1124	1023
1066	1188	1124
1188	1282	1124
1188	1205	1282
1205	1457	1282
1457	1480	1282
1480	1464	1282
1480	1529	1464
1480	1527	1529
1480	1457	1527
1457	1478	1527
1457	1461	1478
1461	1366	1478
1366	1474	1478
1366	1435	1474
1435	1433	1474
1433	1545	1474
1545	1608	1474
1461	1457	1366
1457	1205	1366
1188	1131	1205
1188	1066	1131
934	1004	961
934	1051	1004
1051	1141	1004
939	1057	1043
1043	962	939
962	842	939
1043	1025	962
1043	1154	1025
1154	1142	1025
1142	1122	1025
1043	1104	1154
1043	1158	1104
1158	1226	1104
1158	1212	1226
1212	1279	1226
1212	1303	1279
1212	1233	1303
1233	1391	1303
1233	1427	1391
1212	1167	1233
1167	1213	1233
1167	1145	1213
1145	1183	1213
1145	1163	1183
1145	1063	1163
1145	1057	1063
1057	1021	1063
1057	939	1021
1145	1158	1057
1158	1043	1057
1145	1167	1158
1167	1212	1158
951	1080	1138
1080	1173	1138
1173	1176	1138
1176	1381	1138
1381	1215	1138
1176	1395	1381
1395	1508	1381
1508	1539	1381
1508	1667	1539
1667	1655	1539
1655	1561	1539
1561	1462	1539
1561	1586	1462
1586	1477	1462
1586	1486	1477
1561	1690	1586
1690	1702	1586
1690	1863	1702
1690	1766	1863
1766	1853	1863
1690	1655	1766
1690	1561	1655
1508	1636	1667
1636	1719	1667
1636	1726	1719
1726	1754	1719
1754	1896	1719
1754	1957	1896
1957	1998	1896
1998	1883	1896
1998	1853	1883
1998	2036	1853
1726	1753	1754
1508	1493	1636
1508	1395	1493
1395	1328	1493
1328	1430	1493
1395	1173	1328
1173	1080	1328
1395	1176	1173
976	1055	990
976	923	1055
982	1165	1081
982	1113	1165
1008	1034	1053
1020	1100	1088
1020	1077	1100
1077	1238	1100
1045	1186	1201
1201	1089	1045
1201	1242	1089
1242	1275	1089
1242	1354	1275
1354	1416	1275
1354	1619	1416
1619	1542	1416
1354	1424	1619
1424	1682	1619
1424	1697	1682
1354	1242	1424
1047	1128	1149
1075	1111	1090
1111	1220	1090
1096	1178	1136
1107	1185	1192
1192	1055	1107
1144	1277	1377
1191	1415	1362
1362	1085	1191
1415	1393	1362
1415	1670	1393
1670	1671	1393
1670	1706	1671
1706	1692	1671
1706	1831	1692
1831	1684	1692
1831	1734	1684
1831	1906	1734
1831	2037	1906
1831	2049	2037
2049	2093	2037
1670	1817	1706
1817	1873	1706
1817	1901	1873
1901	2070	1873
2070	2040	1873
1901	2060	2070
2060	2128	2070
2128	2176	2070
2128	2179	2176
2128	2060	2179
2060	2181	2179
2181	2308	2179
2181	2277	2308
2277	2449	2308
2449	2433	2308
2433	2380	2308
2433	2481	2380
2481	2384	2380
2481	2586	2384
2586	2523	2384
2523	2353	2384
2353	2359	2384
2523	2499	2353
2481	2603	2586
2603	2628	2586
2603	2767	2628
2767	2872	2628
2767	2994	2872
2767	2776	2994
2776	2996	2994
2996	3087	2994
3087	3166	2994
3087	3292	3166
3087	3150	3292
3150	3231	3292
3231	3354	3292
3354	3387	3292
3354	3411	3387
3411	3555	3387
3555	3496	3387
3496	3294	3387
3496	3406	3294
3406	3323	3294
3323	3207	3294
3323	3373	3207
3373	3358	3207
3373	3414	3358
3414	3421	3358
3421	3407	3358
3373	3406	3414
3406	3579	3414
3406	3496	3579
3496	3645	3579
3496	3577	3645
3496	3555	3577
3555	3646	3577
3373	3323	3406
3411	3542	3555
3411	3427	3542
3411	3354	3427
3354	3231	3427
3231	3351	3427
3351	3569	3427
3569	3615	3427
3087	2996	3150
2996	3072	3150
3072	3088	3150
3072	3001	3088
3001	2938	3088
3001	2996	2938
2996	2779	2938
2779	2740	2938
2740	2773	2938
2773	2815	2938
2773	2725	2815
2773	2740	2725
2779	2776	2740
2776	2767	2740
2767	2603	2740
2603	2534	2740
2603	2481	2534
2481	2433	2534
2433	2449	2534
2449	2513	2534
2449	2458	2513
2458	2498	2513
2449	2277	2458
2277	2235	2458
2779	2996	2776
3001	3072	2996
2060	2031	2181
1670	1784	1817
1214	1249	1334
1224	1278	1267
1278	1378	1267
1378	1335	1267
1378	1385	1335
1378	1502	1385
1244	1389	1307
1389	1484	1307
1484	1447	1307
1484	1497	1447
1484	1676	1497
1484	1663	1676
1663	1760	1676
1760	1799	1676
1760	1779	1799
1779	1921	1799
1921	1960	1799
1921	2071	1960
1779	1761	1921
1761	1933	1921
1779	1677	1761
1677	1618	1761
1677	1546	1618
1546	1459	1618
1459	1649	1618
1649	1763	1618
1546	1342	1459
1546	1389	1342
1389	1304	1342
1389	1244	1304
1244	1108	1304
1108	1157	1304
1546	1484	1389
1546	1663	1484
1546	1677	1663
1677	1760	1663
1677	1779	1760
1248	1446	1317
1248	1466	1446
1466	1456	1446
1259	1473	1436
1473	1693	1436
1693	1664	1436
1473	1627	1693
1473	1585	1627
1266	1322	1287
1266	1333	1322
1333	1352	1322
1266	1174	1333
1174	1240	1333
1174	1076	1240
1284	1444	1292
1292	1122	1284
1122	1258	1284
1292	1143	1122
1444	1473	1292
1291	1397	1300
1397	1330	1300
1306	1384	1507
1306	1129	1384
1384	1506	1507
1384	1521	1506
1521	1610	1506
1521	1714	1610
1714	1878	1610
1878	1741	1610
1878	1908	1741
1878	2077	1908
1878	2138	2077
1714	1764	1878
1764	1970	1878
1764	1917	1970
1917	1993	1970
1917	1887	1993
1887	2051	1993
1887	1972	2051
1972	2079	2051
1972	1843	2079
1972	1793	1843
1972	1887	1793
1714	1631	1764
1714	1521	1631
1521	1487	1631
1521	1384	1487
1315	1442	1419
1442	1458	1419
1339	1370	1372
1370	1505	1372
1340	1394	1517
1345	1361	1411
1346	1408	1426
1408	1463	1426
1463	1525	1426
1525	1541	1426
1463	1501	1525
1501	1642	1525
1463	1408	1501
1408	1470	1501
1470	1615	1501
1355	1499	1597
1499	1668	1597
1668	1614	1597
1614	1355	1597
1614	1475	1355
1499	1651	1668
1651	1783	1668
1422	1533	1494
1533	1645	1494
1422	1352	1533
1440	1481	1560
1451	1643	1548
1643	1732	1548
1451	1536	1643
1536	1639	1643
1639	1771	1643
1536	1601	1639
1601	1638	1639
1451	1417	1536
1460	1591	1528
1467	1552	1622
1552	1604	1622
1604	1721	1622
1721	1812	1622
1721	1867	1812
1721	1962	1867
1962	1976	1867
1962	2004	1976
2004	2084	1976
2004	2154	2084
2004	1962	2154
1962	2174	2154
1604	1644	1721
1644	1713	1721
1644	1656	1713
1604	1552	1644
1468	1523	1515
1468	1497	1523
1496	1549	1580
1504	1538	1570
1512	1635	1621
1635	1657	1621
1522	1599	1572
1543	1669	1758
1669	1775	1758
1669	1794	1775
1794	1935	1775
1935	1938	1775
1669	1551	1794
1669	1562	1551
1553	1813	1802
1555	1661	1603
1603	1577	1555
1603	1700	1577
1700	1665	1577
1700	1725	1665
1603	1661	1700
1582	1728	1672
1582	1600	1728
1592	1832	1595
1592	1804	1832
1804	1869	1832
1869	1920	1832
1869	2031	1920
1869	1930	2031
1804	1816	1869
1804	1759	1816
1759	1773	1816
1773	1930	1816
1773	1949	1930
1773	1737	1949
1737	2003	1949
1737	1749	2003
1749	1795	2003
1759	1733	1773
1759	1592	1733
1759	1804	1592
1606	1678	1711
1613	1723	1739
1613	1647	1723
1634	1708	1652
1674	1806	1787
1787	1801	1674
1787	1824	1801
1824	1966	1801
1966	1822	1801
1966	1992	1822
1966	2027	1992
1824	1946	1966
1946	2017	1966
1824	1806	1946
1806	1851	1946
1851	1848	1946
1851	1698	1848
1851	1806	1698
1806	1674	1698
1824	1787	1806
1681	1884	1914
1884	1980	1914
1884	1852	1980
1914	1826	1681
1686	1825	1857
1825	1939	1857
1720	1777	1814
1777	1868	1814
1868	1942	1814
1868	1964	1942
1868	1958	1964
1720	1741	1777
1729	1835	1830
1830	1818	1729
1830	1916	1818
1729	1767	1835
1745	1800	1875
1750	1904	1886
1772	1934	1841
1934	1888	1841
1888	1834	1841
1834	1772	1841
1888	1813	1834
1888	2006	1813
1888	1934	2006
1934	2053	2006
2053	2129	2006
2129	2185	2006
2185	2041	2006
2041	1881	2006
2041	1911	1881
2041	1983	1911
1776	1833	1876
1833	1903	1876
1903	2047	1876
1903	1918	2047
1918	1928	2047
1780	1870	1828
1870	1922	1828
1797	1820	1988
1820	1955	1988
1955	2018	1988
1955	1991	2018
1991	2032	2018
1991	2013	2032
2013	2086	2032
2086	2149	2032
2086	2194	2149
2194	2318	2149
1991	1955	2013
1988	1872	1797
1988	1979	1872
1837	1941	1893
1893	1864	1837
1893	1941	1864
1840	2022	1943
1943	1783	1840
1943	1965	1783
1943	1995	1965
1943	2022	1995
2022	2168	1995
2022	2033	2168
2033	2056	2168
2056	2142	2168
2022	1951	2033
1845	2001	1975
1845	1877	2001
1846	1849	1910
1874	1996	1897
1996	1990	1897
1990	1912	1897
1990	2133	1912
1990	2097	2133
1990	2050	2097
2050	2061	2097
2061	2158	2097
2158	2221	2097
2050	1996	2061
1996	2010	2061
2050	1990	1996
1889	1969	1997
1898	1981	1931
1981	2088	1931
1981	2109	2088
1981	2145	2109
2145	2204	2109
2145	2233	2204
2145	2125	2233
2125	2141	2233
2141	2300	2233
2300	2431	2233
2141	2146	2300
2146	2169	2300
2125	1904	2141
2145	1981	2125
1907	1915	1945
1915	2030	1945
1915	1926	2030
1929	2076	2103
1936	2019	1982
1982	1928	1936
1937	1989	2000
1963	2005	2020
2005	2131	2020
2131	2115	2020
2115	2087	2020
2087	2008	2020
2005	2119	2131
2119	2224	2131
2119	2107	2224
2107	2139	2224
2139	2298	2224
2107	2073	2139
2073	2105	2139
2107	2119	2073
2119	2005	2073
1963	1968	2005
1971	2045	2015
1973	2112	2025
2112	2100	2025
2100	2167	2025
2100	2193	2167
2193	2309	2167
2309	2142	2167
2309	2317	2142
2309	2456	2317
2456	2492	2317
2456	2564	2492
2456	2645	2564
2645	2730	2564
2730	2711	2564
2730	2802	2711
2802	2665	2711
2730	2925	2802
2925	2839	2802
2925	2933	2839
2933	2848	2839
2730	2831	2925
2831	3041	2925
3041	3113	2925
3041	3251	3113
3251	3246	3113
3246	3047	3113
3041	3247	3251
3041	3042	3247
3042	3200	3247
3200	3350	3247
3041	2831	3042
2730	2702	2831
2730	2645	2702
2645	2723	2702
2309	2382	2456
2100	2112	2193
2112	2283	2193
2283	2395	2193
1973	2099	2112
1973	1857	2099
1974	2048	2159
2159	2003	1974
1984	2209	2054
2026	2095	2038
2095	2157	2038
2028	2171	2098
2059	2140	2104
2104	1980	2059
2140	2175	2104
2175	2255	2104
2140	2214	2175
2065	2164	2212
2066	2072	2163
2072	2225	2163
2072	2191	2225
2072	2122	2191
2081	2288	2272
2288	2459	2272
2085	2237	2173
2089	2178	2152
2178	2189	2152
2189	2251	2152
2189	2178	2251
2094	2150	2216
2096	2247	2162
2096	2156	2247
2108	2271	2200
2271	2274	2200
2274	2253	2200
2274	2339	2253
2274	2399	2339
2399	2408	2339
2408	2413	2339
2408	2593	2413
2593	2555	2413
2408	2399	2593
2399	2559	2593
2559	2705	2593
2399	2370	2559
2399	2274	2370
2274	2271	2370
2271	2311	2370
2117	2199	2276
2117	2098	2199
2127	2285	2161
2285	2315	2161
2127	2198	2285
2198	2326	2285
2326	2372	2285
2326	2442	2372
2442	2507	2372
2442	2530	2507
2130	2183	2190
2135	2215	2196
2215	2242	2196
2215	2286	2242
2215	2218	2286
2218	2307	2286
2218	2234	2307
2234	2376	2307
2376	2393	2307
2376	2476	2393
2376	2444	2476
2444	2525	2476
2376	2341	2444
2341	2427	2444
2376	2234	2341
2151	2217	2236
2217	2327	2236
2155	2335	2206
2335	2369	2206
2369	2295	2206
2295	2172	2206
2369	2391	2295
2166	2261	2238
2238	2194	2166
2166	2257	2261
2257	2342	2261
2257	2488	2342
2488	2434	2342
2488	2491	2434
2491	2539	2434
2491	2665	2539
2491	2488	2665
2184	2329	2390
2186	2256	2195
2186	2302	2256
2197	2228	2362
2228	2301	2362
2301	2512	2362
2512	2483	2362
2483	2397	2362
2397	2197	2362
2512	2554	2483
2301	2337	2512
2337	2410	2512
2410	2460	2512
2460	2616	2512
2460	2623	2616
2301	2228	2337
2208	2347	2321
2347	2345	2321
2210	2220	2265
2220	2407	2265
2407	2388	2265
2222	2249	2371
2222	2133	2249
2222	2170	2133
2249	2361	2371
2361	2438	2371
2438	2511	2371
2511	2386	2371
2386	2316	2371
2316	2222	2371
2386	2401	2316
2438	2565	2511
2565	2683	2511
2683	2585	2511
2683	2638	2585
2638	2644	2585
2644	2618	2585
2644	2660	2618
2660	2800	2618
2660	2826	2800
2826	2909	2800
2361	2405	2438
2230	2324	2343
2324	2351	2343
2324	2333	2351
2232	2245	2332
2239	2248	2299
2243	2282	2297
2282	2402	2297
2282	2225	2402
2246	2389	2254
2246	2334	2389
2260	2420	2396
2420	2496	2396
2420	2473	2496
2473	2581	2496
2473	2651	2581
2651	2641	2581
2641	2625	2581
2641	2746	2625
2746	2812	2625
2812	2778	2625
2746	2842	2812
2842	2995	2812
2995	2934	2812
2842	3023	2995
3023	3174	2995
2746	2869	2842
2473	2464	2651
2473	2414	2464
2414	2367	2464
2367	2357	2464
2357	2519	2464
2357	2412	2519
2473	2420	2414
2266	2425	2440
2425	2485	2440
2485	2528	2440
2485	2615	2528
2615	2658	2528
2615	2752	2658
2615	2527	2752
2485	2425	2615
2425	2461	2615
2425	2387	2461
2440	2306	2266
2268	2322	2411
2269	2310	2284
2284	2159	2269
2281	2385	2392
2291	2365	2356
2346	2501	2443
2501	2533	2443
2533	2418	2443
2363	2455	2522
2455	2540	2522
2540	2547	2522
2547	2474	2522
2474	2363	2522
2540	2750	2547
2750	2706	2547
2750	2777	2706
2777	2721	2706
2721	2686	2706
2721	2731	2686
2721	2777	2731
2540	2774	2750
2774	2797	2750
2797	3014	2750
2797	2964	3014
2540	2544	2774
2544	2572	2774
2572	2632	2774
2632	2824	2774
2632	2807	2824
2807	2926	2824
2926	2935	2824
2926	3111	2935
3111	3130	2935
3111	3319	3130
3319	3141	3130
3319	3216	3141
3319	3363	3216
3363	3378	3216
3363	3478	3378
3363	3526	3478
3319	3326	3363
3326	3412	3363
3319	3308	3326
3319	3111	3308
3111	3182	3308
3111	3009	3182
3111	2926	3009
2926	2846	3009
2572	2465	2632
2540	2455	2544
2364	2472	2436
2472	2509	2436
2509	2532	2436
2509	2635	2532
2635	2698	2532
2635	2700	2698
2700	2793	2698
2793	2736	2698
2736	2745	2698
2745	2602	2698
2745	2717	2602
2717	2583	2602
2736	2793	2745
2700	2837	2793
2837	2940	2793
2837	2942	2940
2942	3032	2940
3032	3083	2940
2942	3039	3032
2509	2607	2635
2509	2472	2607
2366	2543	2394
2543	2584	2394
2543	2673	2584
2379	2454	2429
2400	2504	2450
2504	2562	2450
2504	2684	2562
2400	2415	2504
2415	2452	2504
2415	2356	2452
2416	2518	2439
2518	2510	2439
2416	2531	2518
2416	2469	2531
2419	2502	2470
2419	2474	2502
2470	2347	2419
2430	2550	2432
2432	2255	2430
2445	2463	2503
2453	2576	2466
2466	2333	2453
2333	2375	2453
2467	2662	2546
2546	2431	2467
2546	2365	2431
2662	2681	2546
2681	2709	2546
2709	2703	2546
2681	2743	2709
2743	2859	2709
2743	2811	2859
2811	2961	2859
2961	2976	2859
2976	2928	2859
2961	3106	2976
2811	2887	2961
2471	2642	2482
2471	2634	2642
2471	2505	2634
2505	2552	2634
2478	2590	2608
2493	2627	2599
2627	2657	2599
2493	2636	2627
2493	2506	2636
2520	2646	2655
2655	2629	2520
2646	2741	2655
2537	2561	2689
2689	2679	2537
2679	2601	2537
2541	2577	2557
2577	2792	2557
2545	2587	2560
2587	2737	2560
2587	2822	2737
2822	2847	2737
2822	2834	2847
2822	2828	2834
2828	2834	2675
2675	2758	2828
2587	2675	2822
2587	2570	2675
2587	2545	2570
2553	2664	2606
2664	2613	2606
2563	2648	2598
2563	2597	2648
2597	2653	2648
2571	2605	2624
2605	2697	2624
2697	2809	2624
2809	2851	2624
2851	2799	2624
2799	2650	2624
2650	2640	2624
2650	2799	2640
2594	2631	2680
2595	2614	2671
2595	2550	2614
2671	2771	2595
2671	2830	2771
2671	2866	2830
2866	2983	2830
2983	2950	2830
2866	2880	2983
2866	2821	2880
2821	2917	2880
2821	2829	2917
2821	2719	2829
2821	2671	2719
2821	2866	2671
2596	2619	2611
2596	2608	2619
2600	2694	2647
2610	2727	2704
2704	2766	2610
2766	2565	2610
2610	2584	2727
2584	2818	2727
2818	2877	2727
2818	3056	2877
2818	3029	3056
2612	2760	2715
2617	2649	2678
2678	2498	2617
2498	2417	2617
2498	2263	2417
2678	2666	2498
2678	2787	2666
2633	2726	2637
2652	2786	2749
2786	2784	2749
2786	3003	2784
3003	2827	2784
3003	2986	2827
2986	2897	2827
2897	2742	2827
2897	2887	2742
2897	2986	2887
3003	3048	2986
3048	3168	2986
3168	3245	2986
3245	3232	2986
3245	3372	3232
3245	3379	3372
3003	3104	3048
2786	2861	3003
2659	2713	2729
2729	2705	2659
2729	2878	2705
2878	2855	2705
2878	2958	2855
2958	2876	2855
2876	2875	2855
2878	3049	2958
2713	2832	2729
2713	2849	2832
2713	2699	2849
2699	2848	2849
2663	2692	2874
2874	2817	2663
2874	2888	2817
2667	2769	2716
2668	2693	2687
2693	2798	2687
2693	2889	2798
2889	2990	2798
2990	2908	2798
2889	2923	2990
2923	2962	2990
2962	2997	2990
2997	3080	2990
3080	3099	2990
3099	3114	2990
3114	3191	2990
2997	3024	3080
2997	2962	3024
2962	2955	3024
2962	2923	2955
2889	2693	2923
2693	2886	2923
2669	2691	2747
2710	2788	2794
2788	2864	2794
2864	2780	2794
2864	2863	2780
2864	2967	2863
2864	2960	2967
2720	2724	2841
2728	2920	2907
2920	3096	2907
2732	2870	2860
2735	2757	2879
2757	2894	2879
2739	2748	2911
2759	2763	2770
2762	2825	2823
2823	2814	2762
2814	2764	2762
2814	2760	2764
2823	2883	2814
2823	2825	2883
2825	2906	2883
2768	2843	2803
2843	2854	2803
2854	2796	2803
2854	2892	2796
2892	2924	2796
2892	2922	2924
2922	3132	2924
3132	2953	2924
2953	2916	2924
3132	3138	2953
3138	3095	2953
3138	3156	3095
3156	3129	3095
3138	3178	3156
3138	3132	3178
3132	3265	3178
2892	2854	2922
2785	2973	2795
2973	2801	2795
2785	2946	2973
2946	2998	2973
2998	3162	2973
2785	2857	2946
2857	3026	2946
2789	2805	2813
2805	2893	2813
2805	2896	2893
2810	2929	2945
2810	2799	2929
2929	3153	2945
2816	2969	2919
2969	2906	2919
2816	3052	2969
2838	2921	2904
2850	3100	2852
2858	2918	3000
2858	2716	2918
2716	2927	2918
2927	3154	2918
3154	3000	2918
2898	3076	2991
2902	3021	2939
2910	2987	3045
2987	3077	3045
3077	3068	3045
3077	3261	3068
2987	3000	3077
2914	3110	3070
2930	2975	3019
2930	2963	2975
2975	3208	3019
2975	3204	3208
3204	3376	3208
2947	3051	2966
3051	3117	2966
3051	3128	3117
3128	3237	3117
3237	3286	3117
3286	3185	3117
3185	3120	3117
3185	3157	3120
3157	3088	3120
3157	3171	3088
3157	3185	3171
3286	3324	3185
3324	3351	3185
3286	3334	3324
3286	3298	3334
3298	3343	3334
3343	3471	3334
3298	3237	3343
3237	3211	3343
3237	3128	3211
3128	3201	3211
3298	3286	3237
3051	3053	3128
3051	2947	3053
2947	3002	3053
2948	3061	3044
3061	3212	3044
2951	3037	3075
2957	2984	3015
2984	3112	3015
2965	3060	3036
3060	3203	3036
3203	3183	3036
3203	3238	3183
2980	3059	3057
2981	3050	3143
3010	3161	3165
3010	3081	3161
3011	3067	3064
3022	3073	3085
3073	3092	3085
3025	3086	3119
3119	3142	3025
3025	3057	3086
3040	3062	3206
3043	3228	3101
3055	3098	3173
3055	2904	3098
3055	2869	2904
3098	3293	3173
3098	3285	3293
3173	3209	3055
3063	3149	3189
3066	3097	3144
3097	3142	3144
3071	3218	3158
3218	3299	3158
3299	3159	3158
3299	3184	3159
3218	3416	3299
3416	3401	3299
3401	3365	3299
3401	3474	3365
3416	3511	3401
3416	3539	3511
3416	3626	3539
3626	3650	3539
3650	3717	3539
3416	3571	3626
3571	3750	3626
3750	3873	3626
3416	3515	3571
3515	3503	3571
3515	3377	3503
3515	3416	3377
3416	3218	3377
3074	3221	3078
3078	2911	3074
2911	2989	3074
3084	3347	3360
3347	3410	3360
3360	3330	3084
3109	3260	3175
3115	3226	3241
3226	3277	3241
3118	3194	3215
3215	3242	3118
3242	3100	3118
3124	3220	3145
3220	3197	3145
3125	3193	3222
3193	3311	3222
3311	3364	3222
3139	3282	3290
3282	3338	3290
3338	3457	3290
3457	3257	3290
3257	3167	3290
3167	3139	3290
3257	3283	3167
3257	3341	3283
3341	3287	3283
3287	3260	3283
3257	3457	3341
3338	3466	3457
3338	3282	3466
3147	3301	3187
3147	3276	3301
3276	3355	3301
3276	3289	3355
3276	3199	3289
3276	3147	3199
3147	3070	3199
3151	3295	3186
3163	3249	3239
3249	3381	3239
3176	3342	3397
3179	3307	3192
3179	3352	3307
3196	3313	3248
3198	3314	3217
3314	3243	3217
3205	3349	3279
3205	3206	3349
3206	3254	3349
3254	3337	3349
3337	3493	3349
3493	3560	3349
3560	3485	3349
3560	3590	3485
3590	3516	3485
3590	3607	3516
3590	3748	3607
3748	3696	3607
3696	3663	3607
3663	3600	3607
3600	3462	3607
3600	3448	3462
3600	3445	3448
3445	3424	3448
3424	3350	3448
3350	3261	3448
3424	3437	3350
3424	3461	3437
3461	3438	3437
3424	3445	3461
3445	3641	3461
3445	3600	3641
3600	3816	3641
3600	3663	3816
3663	3696	3816
3696	3795	3816
3696	3748	3795
3337	3510	3493
3337	3454	3510
3454	3465	3510
3465	3513	3510
3513	3598	3510
3598	3715	3510
3465	3455	3513
3465	3329	3455
3465	3454	3329
3454	3337	3329
3337	3254	3329
3279	3154	3205
3213	3227	3233
3214	3309	3271
3309	3312	3271
3309	3472	3312
3309	3469	3472
3469	3527	3472
3469	3732	3527
3732	3633	3527
3633	3545	3527
3633	3559	3545
3559	3444	3545
3559	3441	3444
3309	3367	3469
3367	3422	3469
3422	3565	3469
3422	3505	3565
3422	3394	3505
3422	3367	3394
3309	3272	3367
3309	3214	3272
3224	3403	3348
3403	3439	3348
3244	3278	3393
3278	3399	3393
3399	3477	3393
3258	3259	3374
3258	3162	3259
3264	3395	3346
3395	3435	3346
3395	3501	3435
3395	3420	3501
3266	3361	3317
3361	3402	3317
3402	3431	3317
3431	3371	3317
3402	3483	3431
3483	3564	3431
3483	3584	3564
3483	3549	3584
3483	3434	3549
3483	3402	3434
3402	3361	3434
3274	3460	3418
3418	3221	3274
3288	3429	3392
3300	3417	3318
3304	3384	3316
3304	3383	3384
3383	3408	3384
3408	3507	3384
3408	3563	3507
3563	3699	3507
3699	3497	3507
3699	3583	3497
3583	3410	3497
3408	3446	3563
3446	3597	3563
3408	3383	3446
3321	3442	3423
3442	3558	3423
3558	3521	3423
3521	3425	3423
3521	3522	3425
3442	3575	3558
3575	3589	3558
3575	3674	3589
3442	3556	3575
3325	3459	3339
3328	3495	3520
3520	3391	3328
3520	3506	3391
3520	3718	3506
3718	3536	3506
3340	3603	3596
3603	3621	3596
3621	3690	3596
3690	3653	3596
3690	3687	3653
3621	3603	3690
3603	3738	3690
3353	3398	3375
3353	3514	3398
3514	3375	3398
3514	3426	3375
3514	3573	3426
3573	3557	3426
3557	3504	3426
3573	3758	3557
3758	3700	3557
3514	3606	3573
3353	3552	3514
3369	3385	3494
3369	3242	3385
3385	3458	3494
3458	3581	3494
3458	3499	3581
3499	3547	3581
3547	3594	3581
3547	3733	3594
3733	3741	3594
3741	3756	3594
3756	3625	3594
3756	3664	3625
3664	3592	3625
3664	3636	3592
3636	3546	3592
3636	3658	3546
3636	3664	3658
3664	3791	3658
3664	3756	3791
3499	3525	3547
3525	3551	3547
3525	3482	3551
3482	3566	3551
3482	3430	3566
3525	3499	3482
3386	3396	3492
3396	3538	3492
3396	3415	3538
3389	3530	3467
3530	3623	3467
3623	3436	3467
3433	3531	3523
3433	3372	3531
3447	3562	3544
3562	3638	3544
3451	3568	3476
3476	3364	3451
3452	3456	3595
3456	3473	3595
3473	3591	3595
3591	3659	3595
3659	3692	3595
3659	3745	3692
3745	3860	3692
3745	3854	3860
3854	3914	3860
3854	3976	3914
3976	4003	3914
4003	3955	3914
4003	4028	3955
4028	4019	3955
4019	3941	3955
4019	3960	3941
3960	3872	3941
3960	3966	3872
3966	3924	3872
3924	3774	3872
3924	3887	3774
3887	3818	3774
3887	3936	3818
3936	3769	3818
3936	3956	3769
3956	3882	3769
3882	3716	3769
3956	4008	3882
4008	3990	3882
3990	3847	3882
3990	4021	3847
4021	3870	3847
3870	3766	3847
3870	3846	3766
3846	3805	3766
3805	3792	3766
3792	3710	3766
3710	3635	3766
3792	3782	3710
3792	3880	3782
3880	3835	3782
3880	3871	3835
3871	3781	3835
3871	3845	3781
3871	3928	3845
3871	3959	3928
3959	3987	3928
3987	3942	3928
3987	3929	3942
3987	4041	3929
3987	4106	4041
4106	4088	4041
4088	4075	4041
4088	4151	4075
4151	4084	4075
4151	4203	4084
4151	4204	4203
4204	4308	4203
4308	4256	4203
4308	4372	4256
4372	4272	4256
4372	4377	4272
4377	4287	4272
4287	4210	4272
4287	4321	4210
4321	4242	4210
4242	4113	4210
4113	4102	4210
4242	4134	4113
4242	4268	4134
4242	4305	4268
4242	4336	4305
4336	4437	4305
4437	4391	4305
4437	4497	4391
4497	4535	4391
4535	4421	4391
4421	4382	4391
4535	4433	4421
4535	4563	4433
4563	4450	4433
4563	4559	4450
4559	4533	4450
4533	4506	4450
4506	4441	4450
4441	4325	4450
4325	4329	4450
4441	4273	4325
4506	4423	4441
4506	4599	4423
4506	4533	4599
4533	4559	4599
4559	4716	4599
4716	4745	4599
4716	4830	4745
4830	4854	4745
4854	4794	4745
4854	4852	4794
4852	4886	4794
4886	4827	4794
4886	4855	4827
4855	4748	4827
4855	4869	4748
4869	4864	4748
4864	4749	4748
4864	4828	4749
4864	4877	4828
4877	4900	4828
4877	4964	4900
4964	5033	4900
5033	4954	4900
4954	4870	4900
4954	4882	4870
4882	4751	4870
4751	4803	4870
4751	4675	4803
4751	4642	4675
4954	4960	4882
4960	4795	4882
4960	4998	4795
4998	4874	4795
4998	4995	4874
4998	5051	4995
5051	5099	4995
5099	5104	4995
5099	5147	5104
5147	5161	5104
5161	5142	5104
5142	5136	5104
5136	5113	5104
5136	5158	5113
5136	5142	5158
5142	5201	5158
5201	5195	5158
5195	5167	5158
5167	5138	5158
5167	5133	5138
5133	5118	5138
5118	5031	5138
5118	5021	5031
5021	5018	5031
5021	4935	5018
4935	4961	5018
4961	4962	5018
4961	4927	4962
4961	4872	4927
4872	4790	4927
4790	4822	4927
4872	4782	4790
4961	4913	4872
4961	4935	4913
5021	4983	4935
5021	4979	4983
5167	5169	5133
5169	5134	5133
5134	5125	5133
5134	5106	5125
5106	5083	5125
5083	4979	5125
5083	5035	4979
5035	4996	4979
4996	4923	4979
4996	4836	4923
4836	4843	4923
4836	4717	4843
5035	5010	4996
5010	4893	4996
5010	4920	4893
4920	4890	4893
4890	4793	4893
4793	4845	4893
4845	4836	4893
4890	4842	4793
4842	4742	4793
4742	4663	4793
4663	4567	4793
4742	4658	4663
4742	4743	4658
4743	4697	4658
4697	4524	4658
4697	4669	4524
4669	4579	4524
4579	4380	4524
4380	4292	4524
4292	4264	4524
4264	4339	4524
4264	4228	4339
4264	4292	4228
4292	4095	4228
4292	4279	4095
4279	4166	4095
4166	4132	4095
4279	4318	4166
4292	4380	4279
4579	4438	4380
4579	4494	4438
4494	4318	4438
4579	4589	4494
4743	4731	4697
4743	4842	4731
4842	4829	4731
4842	4879	4829
4879	4878	4829
4878	4802	4829
4878	4838	4802
4838	4806	4802
4878	4919	4838
4919	4925	4838
4925	4866	4838
4925	4926	4866
4926	4889	4866
4889	4853	4866
4853	4777	4866
4777	4770	4866
4777	4730	4770
4777	4759	4730
4759	4650	4730
4650	4662	4730
4650	4495	4662
4650	4594	4495
4650	4690	4594
4690	4517	4594
4690	4702	4517
4702	4624	4517
4702	4692	4624
4692	4618	4624
4692	4652	4618
4692	4671	4652
4671	4632	4652
4671	4701	4632
4701	4617	4632
4617	4561	4632
4617	4545	4561
4617	4580	4545
4617	4586	4580
4617	4696	4586
4696	4638	4586
4638	4611	4586
4611	4576	4586
4611	4638	4576
4638	4575	4576
4575	4544	4576
4575	4521	4544
4521	4447	4544
4521	4412	4447
4521	4454	4412
4454	4291	4412
4291	4227	4412
4291	4145	4227
4145	4201	4227
4201	4218	4227
4218	4252	4227
4218	4235	4252
4218	4190	4235
4190	4195	4235
4190	4137	4195
4137	4133	4195
4218	4201	4190
4201	4068	4190
4201	4145	4068
4145	4022	4068
4145	4111	4022
4145	4131	4111
4454	4307	4291
4307	4243	4291
4454	4466	4307
4466	4432	4307
4466	4457	4432
4466	4577	4457
4466	4478	4577
4478	4540	4577
4478	4454	4540
4454	4521	4540
4521	4575	4540
4478	4466	4454
4638	4714	4575
4638	4711	4714
4638	4696	4711
4696	4734	4711
4734	4850	4711
4734	4867	4850
4867	4930	4850
4930	4969	4850
4969	4865	4850
4969	4974	4865
4974	4976	4865
4976	4848	4865
4848	4700	4865
4700	4714	4865
4848	4754	4700
4754	4577	4700
4754	4699	4577
4699	4581	4577
4699	4648	4581
4648	4619	4581
4619	4547	4581
4547	4425	4581
4547	4481	4425
4481	4392	4425
4392	4357	4425
4357	4413	4425
4392	4341	4357
4392	4323	4341
4323	4281	4341
4392	4408	4323
4392	4481	4408
4481	4552	4408
4552	4383	4408
4552	4443	4383
4552	4539	4443
4552	4686	4539
4686	4584	4539
4686	4721	4584
4686	4764	4721
4764	4732	4721
4764	4799	4732
4799	4774	4732
4774	4722	4732
4722	4616	4732
4722	4633	4616
4633	4590	4616
4633	4542	4590
4633	4597	4542
4597	4555	4542
4597	4605	4555
4597	4649	4605
4649	4657	4605
4657	4672	4605
4672	4557	4605
4672	4598	4557
4598	4549	4557
4598	4500	4549
4500	4445	4549
4500	4461	4445
4500	4522	4461
4522	4487	4461
4522	4538	4487
4538	4502	4487
4538	4516	4502
4538	4621	4516
4621	4606	4516
4606	4519	4516
4519	4444	4516
4519	4477	4444
4477	4422	4444
4477	4455	4422
4455	4366	4422
4366	4299	4422
4366	4236	4299
4366	4309	4236
4309	4217	4236
4217	4193	4236
4193	4120	4236
4120	4127	4236
4120	4037	4127
4037	4105	4127
4037	4012	4105
4012	3932	4105
3932	4056	4105
4037	4030	4012
4037	4120	4030
4120	4169	4030
4169	4020	4030
4169	4119	4020
4169	4202	4119
4202	4223	4119
4223	4170	4119
4170	4115	4119
4223	4289	4170
4289	4222	4170
4289	4322	4222
4322	4241	4222
4322	4332	4241
4332	4267	4241
4332	4330	4267
4330	4327	4267
4327	4257	4267
4257	4149	4267
4257	4160	4149
4160	4130	4149
4160	4165	4130
4165	4081	4130
4165	4031	4081
4165	4155	4031
4155	4101	4031
4101	4038	4031
4038	3976	4031
3976	3988	4031
3976	3897	3988
3897	3947	3988
3976	3853	3897
3853	3881	3897
3976	3854	3853
3854	3745	3853
4038	4057	3976
4057	4003	3976
4057	4073	4003
4073	4051	4003
4051	4028	4003
4051	4079	4028
4079	4019	4028
4079	4092	4019
4092	3960	4019
4092	3966	3960
4092	4109	3966
4109	4116	3966
4116	3972	3966
3972	3924	3966
3972	3887	3924
3972	3936	3887
3972	4050	3936
4050	3956	3936
4050	4091	3956
4091	4008	3956
4091	4174	4008
4174	4093	4008
4093	3990	4008
4093	4021	3990
4093	4061	4021
4061	4009	4021
4009	3870	4021
4009	3846	3870
4009	3869	3846
3869	3805	3846
3869	3834	3805
3834	3792	3805
3834	3880	3792
3834	3904	3880
3904	3952	3880
3952	3961	3880
3961	3871	3880
3961	3959	3871
3961	3993	3959
3993	3987	3959
3993	4106	3987
3993	4032	4106
4032	4058	4106
4058	4140	4106
4140	4173	4106
4173	4151	4106
4151	4088	4106
4173	4247	4151
4247	4204	4151
4247	4308	4204
4247	4290	4308
4290	4395	4308
4395	4372	4308
4395	4439	4372
4439	4377	4372
4439	4440	4377
4440	4287	4377
4440	4321	4287
4440	4375	4321
4375	4336	4321
4336	4242	4321
4375	4471	4336
4471	4437	4336
4471	4497	4437
4471	4551	4497
4551	4622	4497
4622	4535	4497
4622	4563	4535
4551	4634	4622
4634	4643	4622
4634	4723	4643
4634	4744	4723
4744	4784	4723
4784	4810	4723
4784	4857	4810
4857	4858	4810
4858	4817	4810
4858	4943	4817
4943	4903	4817
4903	4830	4817
4830	4716	4817
4903	4854	4830
4903	4852	4854
4903	4886	4852
4903	4966	4886
4966	4924	4886
4924	4855	4886
4924	4869	4855
4924	4921	4869
4921	4864	4869
4921	4877	4864
4921	4990	4877
4990	4964	4877
4990	5022	4964
5022	5033	4964
5022	5046	5033
5046	5089	5033
5089	5061	5033
5061	4954	5033
5061	5020	4954
5020	4960	4954
5020	5051	4960
5051	4998	4960
5020	5066	5051
5066	5099	5051
5066	5076	5099
5076	5091	5099
5091	5155	5099
5155	5147	5099
5155	5159	5147
5159	5173	5147
5173	5161	5147
5173	5187	5161
5187	5201	5161
5201	5142	5161
5187	5213	5201
5213	5211	5201
5211	5207	5201
5207	5195	5201
5207	5202	5195
5202	5167	5195
5202	5186	5167
5186	5169	5167
5186	5160	5169
5160	5134	5169
5160	5106	5134
5160	5058	5106
5058	5083	5106
5058	5035	5083
5058	5010	5035
5058	5050	5010
5050	4920	5010
5050	4970	4920
4970	4922	4920
4922	4890	4920
4922	4842	4890
4922	4987	4842
4987	4956	4842
4956	4879	4842
4956	4884	4879
4884	4878	4879
4884	4919	4878
4884	4980	4919
4980	4925	4919
4980	4957	4925
4957	4926	4925
4957	4889	4926
4957	4972	4889
4972	4851	4889
4851	4808	4889
4808	4853	4889
4808	4777	4853
4808	4759	4777
4808	4690	4759
4690	4650	4759
4808	4702	4690
4808	4778	4702
4778	4692	4702
4778	4851	4692
4851	4766	4692
4766	4671	4692
4766	4701	4671
4766	4720	4701
4720	4617	4701
4720	4696	4617
4720	4791	4696
4791	4734	4696
4791	4867	4734
4778	4808	4851
4972	4938	4851
4972	5056	4938
5056	4942	4938
4942	4766	4938
4942	4946	4766
4946	4912	4766
4946	4971	4912
4971	4896	4912
4971	4975	4896
4975	4930	4896
4930	4867	4896
4975	4969	4930
4975	5079	4969
5079	5000	4969
5000	4974	4969
5000	4976	4974
5000	5059	4976
5059	5026	4976
5026	4997	4976
4997	4936	4976
4936	4848	4976
4936	4818	4848
4818	4754	4848
4818	4699	4754
4818	4839	4699
4839	4813	4699
4813	4772	4699
4772	4648	4699
4772	4619	4648
4772	4747	4619
4747	4646	4619
4646	4552	4619
4552	4481	4619
4481	4547	4619
4646	4686	4552
4646	4698	4686
4698	4750	4686
4750	4786	4686
4786	4764	4686
4786	4837	4764
4837	4799	4764
4837	4862	4799
4862	4812	4799
4812	4779	4799
4779	4774	4799
4779	4722	4774
4779	4753	4722
4753	4667	4722
4667	4633	4722
4667	4640	4633
4640	4597	4633
4640	4649	4597
4640	4674	4649
4674	4657	4649
4674	4695	4657
4695	4672	4657
4695	4736	4672
4736	4773	4672
4773	4729	4672
4729	4728	4672
4728	4665	4672
4665	4609	4672
4609	4598	4672
4609	4500	4598
4609	4522	4500
4609	4583	4522
4583	4553	4522
4553	4538	4522
4553	4631	4538
4631	4660	4538
4660	4621	4538
4660	4724	4621
4724	4681	4621
4681	4606	4621
4681	4725	4606
4725	4645	4606
4645	4626	4606
4626	4591	4606
4591	4504	4606
4504	4519	4606
4504	4477	4519
4504	4455	4477
4504	4490	4455
4490	4366	4455
4504	4591	4490
4591	4554	4490
4554	4486	4490
4554	4601	4486
4601	4532	4486
4532	4475	4486
4532	4493	4475
4493	4403	4475
4493	4430	4403
4430	4381	4403
4381	4337	4403
4337	4285	4403
4337	4223	4285
4223	4202	4285
4202	4266	4285
4202	4169	4266
4169	4217	4266
4217	4309	4266
4169	4120	4217
4120	4193	4217
4337	4371	4223
4371	4289	4223
4371	4322	4289
4371	4418	4322
4418	4332	4322
4418	4330	4332
4418	4327	4330
4337	4381	4371
4381	4430	4371
4430	4476	4371
4430	4493	4476
4493	4532	4476
4532	4558	4476
4558	4518	4476
4558	4587	4518
4587	4541	4518
4541	4508	4518
4508	4418	4518
4541	4503	4508
4541	4523	4503
4523	4482	4503
4482	4429	4503
4429	4393	4503
4429	4394	4393
4394	4312	4393
4312	4317	4393
4312	4258	4317
4258	4255	4317
4255	4257	4317
4257	4327	4317
4255	4160	4257
4255	4165	4160
4255	4220	4165
4220	4155	4165
4220	4156	4155
4156	4101	4155
4156	4135	4101
4135	4073	4101
4073	4057	4101
4057	4038	4101
4135	4129	4073
4129	4079	4073
4079	4051	4073
4129	4112	4079
4112	4092	4079
4112	4109	4092
4112	4183	4109
4183	4116	4109
4112	4230	4183
4112	4211	4230
4211	4249	4230
4211	4221	4249
4221	4248	4249
4248	4324	4249
4248	4312	4324
4312	4394	4324
4394	4411	4324
4394	4488	4411
4488	4459	4411
4459	4400	4411
4459	4426	4400
4426	4415	4400
4415	4368	4400
4368	4302	4400
4368	4232	4302
4232	4181	4302
4232	4174	4181
4174	4091	4181
4091	4116	4181
4091	4050	4116
4050	3972	4116
4232	4167	4174
4167	4093	4174
4167	4163	4093
4163	4061	4093
4163	4171	4061
4171	4140	4061
4140	4009	4061
4140	4058	4009
4058	3952	4009
3952	3904	4009
3904	3869	4009
3904	3834	3869
4058	4032	3952
4032	3992	3952
3992	3961	3952
3992	3993	3961
3992	4032	3993
4171	4182	4140
4182	4244	4140
4244	4173	4140
4244	4290	4173
4290	4247	4173
4244	4277	4290
4277	4310	4290
4310	4414	4290
4414	4395	4290
4310	4376	4414
4376	4409	4414
4409	4428	4414
4409	4465	4428
4409	4388	4465
4388	4406	4465
4406	4442	4465
4442	4509	4465
4509	4546	4465
4509	4607	4546
4607	4614	4546
4614	4635	4546
4635	4615	4546
4635	4655	4615
4655	4627	4615
4655	4707	4627
4707	4644	4627
4644	4604	4627
4604	4572	4627
4604	4596	4572
4596	4527	4572
4527	4439	4572
4527	4440	4439
4527	4491	4440
4491	4375	4440
4491	4499	4375
4499	4471	4375
4499	4551	4471
4499	4566	4551
4566	4634	4551
4566	4595	4634
4595	4625	4634
4625	4676	4634
4676	4744	4634
4676	4760	4744
4760	4784	4744
4760	4814	4784
4760	4787	4814
4787	4816	4814
4816	4875	4814
4816	4821	4875
4821	4861	4875
4861	4940	4875
4940	4958	4875
4958	4932	4875
4958	4952	4932
4952	4949	4932
4949	4898	4932
4949	4967	4898
4967	4905	4898
4905	4857	4898
4857	4784	4898
4905	4906	4857
4906	4858	4857
4906	4943	4858
4906	4994	4943
4994	5003	4943
4994	5001	5003
5001	5039	5003
5039	5044	5003
5039	5078	5044
5078	5064	5044
5064	5002	5044
5064	5069	5002
5069	5025	5002
5025	5009	5002
5009	4966	5002
4966	4903	5002
4903	4943	5002
5009	4924	4966
5009	4955	4924
4955	4921	4924
4955	4990	4921
4955	5009	4990
5009	5022	4990
5009	5025	5022
5025	5067	5022
5067	5093	5022
5093	5046	5022
5093	5098	5046
5098	5089	5046
5098	5139	5089
5139	5131	5089
5131	5105	5089
5105	5061	5089
5105	5068	5061
5068	5020	5061
5068	5076	5020
5076	5066	5020
5068	5091	5076
5068	5105	5091
5105	5155	5091
5105	5131	5155
5131	5172	5155
5172	5159	5155
5172	5203	5159
5203	5187	5159
5187	5173	5159
5203	5213	5187
5203	5214	5213
5214	5225	5213
5225	5228	5213
5228	5211	5213
5228	5229	5211
5229	5207	5211
5229	5234	5207
5234	5202	5207
5234	5216	5202
5216	5186	5202
5216	5212	5186
5212	5160	5186
5212	5192	5160
5192	5164	5160
5164	5058	5160
5164	5088	5058
5088	5050	5058
5088	5032	5050
5032	4970	5050
5032	4987	4970
4987	4922	4970
5032	5047	4987
5047	5011	4987
5011	4956	4987
5011	4980	4956
4980	4884	4956
5011	5027	4980
5027	5030	4980
5030	4972	4980
4972	4957	4980
5030	5056	4972
5030	5077	5056
5077	5086	5056
5086	5117	5056
5117	5094	5056
5094	4971	5056
4971	4946	5056
4946	4942	5056
5094	5080	4971
5080	4975	4971
5080	5079	4975
5080	5090	5079
5090	5127	5079
5127	5107	5079
5107	5059	5079
5059	5000	5079
5107	5123	5059
5107	5127	5123
5127	5153	5123
5153	5157	5123
5153	5174	5157
5174	5175	5157
5175	5206	5157
5206	5205	5157
5205	5185	5157
5206	5217	5205
5206	5210	5217
5210	5219	5217
5219	5231	5217
5231	5233	5217
5231	5234	5233
5234	5232	5233
5232	5221	5233
5232	5226	5221
5226	5222	5221
5222	5209	5221
5209	5199	5221
5209	5198	5199
5198	5163	5199
5163	5149	5199
5149	5185	5199
5149	5137	5185
5149	5121	5137
5121	5101	5137
5121	5042	5101
5042	5060	5101
5060	5043	5101
5060	5019	5043
5019	4997	5043
4997	5026	5043
5019	4977	4997
4977	4936	4997
5019	4989	4977
4989	4910	4977
4989	4928	4910
4928	4863	4910
4863	4813	4910
4813	4891	4910
4813	4839	4891
4863	4772	4813
4863	4747	4772
4863	4805	4747
4805	4750	4747
4750	4727	4747
4727	4646	4747
4727	4698	4646
4727	4750	4698
4805	4786	4750
4805	4871	4786
4871	4880	4786
4880	4837	4786
4880	4939	4837
4939	4862	4837
4939	4959	4862
4959	4929	4862
4929	4909	4862
4909	4812	4862
4909	4856	4812
4856	4841	4812
4841	4781	4812
4781	4753	4812
4753	4779	4812
4781	4708	4753
4708	4667	4753
4708	4674	4667
4674	4640	4667
4708	4781	4674
4781	4695	4674
4781	4736	4695
4781	4800	4736
4800	4773	4736
4800	4899	4773
4899	4729	4773
4899	4728	4729
4899	4832	4728
4832	4801	4728
4801	4746	4728
4746	4665	4728
4746	4637	4665
4637	4609	4665
4637	4583	4609
4637	4631	4583
4631	4553	4583
4637	4689	4631
4689	4660	4631
4689	4776	4660
4776	4788	4660
4788	4738	4660
4738	4724	4660
4738	4763	4724
4763	4681	4724
4763	4725	4681
4763	4767	4725
4767	4769	4725
4769	4704	4725
4704	4645	4725
4704	4656	4645
4656	4626	4645
4656	4554	4626
4554	4591	4626
4656	4601	4554
4656	4641	4601
4641	4532	4601
4641	4573	4532
4573	4558	4532
4573	4587	4558
4573	4647	4587
4647	4541	4587
4647	4688	4541
4688	4677	4541
4677	4628	4541
4628	4523	4541
4628	4562	4523
4562	4488	4523
4488	4482	4523
4488	4429	4482
4488	4394	4429
4562	4529	4488
4529	4459	4488
4529	4520	4459
4520	4446	4459
4446	4426	4459
4446	4415	4426
4446	4458	4415
4458	4431	4415
4431	4338	4415
4338	4368	4415
4338	4232	4368
4338	4192	4232
4192	4167	4232
4192	4163	4167
4192	4171	4163
4192	4182	4171
4192	4338	4182
4338	4244	4182
4338	4277	4244
4338	4374	4277
4374	4350	4277
4350	4310	4277
4350	4376	4310
4350	4388	4376
4388	4409	4376
4350	4406	4388
4350	4374	4406
4374	4442	4406
4374	4338	4442
4338	4431	4442
4431	4467	4442
4467	4509	4442
4467	4458	4509
4458	4520	4509
4520	4578	4509
4578	4607	4509
4578	4636	4607
4636	4683	4607
4683	4630	4607
4630	4614	4607
4630	4639	4614
4639	4635	4614
4639	4655	4635
4639	4706	4655
4706	4707	4655
4639	4683	4706
4683	4735	4706
4683	4710	4735
4710	4739	4735
4739	4780	4735
4780	4804	4735
4780	4831	4804
4831	4846	4804
4831	4892	4846
4892	4844	4846
4892	4934	4844
4934	4933	4844
4933	4861	4844
4861	4819	4844
4819	4758	4844
4819	4787	4758
4787	4709	4758
4709	4707	4758
4709	4644	4707
4709	4653	4644
4653	4596	4644
4596	4604	4644
4653	4593	4596
4593	4527	4596
4593	4491	4527
4593	4595	4491
4595	4566	4491
4566	4499	4491
4593	4625	4595
4593	4661	4625
4661	4676	4625
4661	4666	4676
4666	4709	4676
4709	4760	4676
4709	4787	4760
4666	4653	4709
4666	4593	4653
4666	4661	4593
4819	4821	4787
4821	4816	4787
4819	4861	4821
4933	4940	4861
4933	4968	4940
4968	5006	4940
5006	4958	4940
5006	5013	4958
5013	4952	4958
5013	4949	4952
5013	4967	4949
5013	5037	4967
5037	5023	4967
5023	5001	4967
5001	4906	4967
4906	4905	4967
5001	4994	4906
5023	5039	5001
5023	5062	5039
5062	5078	5039
5062	5115	5078
5115	5103	5078
5103	5096	5078
5096	5064	5078
5096	5074	5064
5074	5069	5064
5074	5067	5069
5067	5025	5069
5074	5135	5067
5135	5129	5067
5129	5093	5067
5129	5098	5093
5129	5139	5098
5129	5154	5139
5154	5178	5139
5178	5172	5139
5172	5131	5139
5178	5196	5172
5178	5183	5196
5183	5204	5196
5183	5182	5204
5182	5200	5204
5182	5180	5200
5180	5191	5200
5191	5193	5200
5193	5197	5200
5193	5170	5197
5170	5194	5197
5170	5119	5194
5170	5140	5119
5140	5102	5119
5102	5097	5119
5097	5108	5119
5108	5151	5119
5151	5188	5119
5151	5162	5188
5162	5208	5188
5151	5110	5162
5110	5095	5162
5095	5112	5162
5112	5189	5162
5112	5141	5189
5141	5190	5189
5190	5198	5189
5198	5208	5189
5198	5209	5208
5209	5222	5208
5190	5163	5198
5190	5141	5163
5141	5114	5163
5114	5149	5163
5114	5121	5149
5114	5042	5121
5114	5053	5042
5053	5008	5042
5008	4993	5042
4993	5016	5042
5016	5060	5042
5016	5024	5060
5024	5019	5060
5024	4963	5019
4963	4989	5019
4963	4928	4989
4963	4908	4928
4908	4863	4928
4908	4871	4863
4908	4917	4871
4917	4907	4871
4907	4880	4871
4907	4953	4880
4953	4939	4880
4953	4993	4939
4993	4959	4939
4993	5008	4959
5008	4984	4959
4984	4929	4959
4984	4981	4929
4981	4944	4929
4944	4909	4929
4944	4916	4909
4916	4856	4909
4916	4931	4856
4931	4800	4856
4800	4841	4856
4800	4781	4841
4931	4899	4800
4931	4951	4899
4951	4832	4899
4931	4991	4951
4931	4985	4991
4985	5014	4991
5014	5036	4991
5014	5041	5036
5041	5097	5036
5097	5055	5036
5055	5052	5036
5052	5029	5036
5052	5073	5029
5073	5045	5029
5045	4982	5029
4982	4951	5029
5073	5071	5045
5071	5084	5045
5071	5120	5084
5120	5092	5084
5092	5038	5084
5092	5040	5038
5040	5005	5038
5005	4999	5038
4999	4986	5038
4986	4978	5038
4986	4918	4978
4918	4965	4978
4918	4950	4965
4950	4982	4965
4950	4937	4982
4937	4915	4982
4937	4885	4915
4885	4847	4915
4847	4776	4915
4776	4832	4915
4776	4801	4832
4776	4746	4801
4776	4689	4746
4689	4637	4746
4847	4788	4776
4847	4823	4788
4823	4763	4788
4763	4738	4788
4823	4796	4763
4796	4767	4763
4796	4807	4767
4807	4769	4767
4807	4835	4769
4835	4873	4769
4873	4840	4769
4840	4820	4769
4820	4783	4769
4783	4704	4769
4783	4656	4704
4783	4762	4656
4762	4641	4656
4762	4712	4641
4712	4668	4641
4668	4573	4641
4668	4647	4573
4668	4687	4647
4687	4688	4647
4687	4719	4688
4719	4752	4688
4752	4740	4688
4740	4677	4688
4740	4691	4677
4691	4628	4677
4691	4682	4628
4682	4636	4628
4636	4562	4628
4636	4568	4562
4568	4529	4562
4568	4578	4529
4578	4520	4529
4568	4636	4578
4682	4685	4636
4685	4683	4636
4685	4710	4683
4685	4739	4710
4685	4682	4739
4682	4691	4739
4691	4740	4739
4740	4765	4739
4765	4780	4739
4765	4831	4780
4765	4740	4831
4740	4825	4831
4825	4895	4831
4895	4892	4831
4895	4948	4892
4948	4934	4892
4948	4968	4934
4968	4933	4934
4948	5007	4968
5007	5012	4968
5012	5006	4968
5012	5028	5006
5028	5054	5006
5054	5013	5006
5054	5048	5013
5048	5037	5013
5048	5063	5037
5063	5062	5037
5062	5023	5037
5048	5072	5063
5048	5054	5072
5054	5070	5072
5070	5082	5072
5070	5057	5082
5057	5049	5082
5049	5040	5082
5049	5017	5040
5017	5005	5040
5017	5004	5005
5004	4999	5005
5004	4945	4999
4945	4986	4999
4945	4901	4986
4901	4918	4986
4901	4835	4918
4835	4887	4918
4887	4885	4918
4885	4950	4918
4885	4937	4950
4887	4847	4885
4887	4796	4847
4796	4823	4847
4887	4835	4796
4835	4807	4796
4901	4873	4835
4901	4883	4873
4883	4840	4873
4883	4894	4840
4894	4868	4840
4868	4820	4840
4868	4834	4820
4834	4783	4820
4834	4815	4783
4815	4762	4783
4815	4792	4762
4792	4712	4762
4792	4719	4712
4719	4668	4712
4719	4687	4668
4792	4752	4719
4792	4809	4752
4809	4825	4752
4825	4740	4752
4809	4826	4825
4826	4897	4825
4897	4895	4825
4897	4948	4895
4897	4904	4948
4904	4947	4948
4947	4988	4948
4988	5007	4948
4988	4992	5007
4992	5017	5007
5017	5028	5007
5028	5012	5007
5017	5049	5028
5049	5057	5028
5057	5054	5028
5057	5070	5054
4992	5004	5017
4992	4945	5004
4992	4914	4945
4914	4901	4945
4914	4883	4901
4914	4894	4883
4914	4947	4894
4947	4904	4894
4904	4868	4894
4904	4897	4868
4897	4826	4868
4826	4815	4868
4815	4834	4868
4826	4792	4815
4826	4809	4792
4914	4992	4947
4992	4988	4947
5120	5146	5092
5120	5145	5146
5145	5170	5146
5170	5193	5146
5193	5166	5146
5193	5191	5166
5191	5156	5166
5191	5180	5156
5180	5148	5156
5148	5124	5156
5124	5103	5156
5124	5096	5103
5124	5074	5096
5124	5135	5074
5124	5144	5135
5144	5129	5135
5144	5154	5129
5144	5183	5154
5183	5178	5154
5144	5182	5183
5144	5148	5182
5148	5180	5182
5144	5124	5148
5145	5140	5170
5145	5120	5140
5120	5102	5140
5120	5073	5102
5073	5052	5102
5052	5055	5102
5055	5097	5102
5120	5071	5073
5041	5111	5097
5111	5108	5097
5111	5151	5108
5111	5110	5151
5111	5085	5110
5085	5075	5110
5075	5095	5110
5075	5065	5095
5065	5100	5095
5100	5112	5095
5100	5141	5112
5100	5114	5141
5100	5053	5114
5100	5065	5053
5065	5008	5053
5065	4984	5008
5065	5034	4984
5034	5015	4984
5015	4981	4984
5015	5014	4981
5014	4973	4981
4973	4944	4981
4973	4916	4944
4973	4985	4916
4985	4931	4916
4973	5014	4985
5015	5041	5014
5015	5085	5041
5085	5111	5041
5015	5034	5085
5034	5075	5085
5034	5065	5075
4953	5016	4993
4953	4917	5016
4917	4941	5016
4941	5024	5016
4941	4963	5024
4941	4908	4963
4941	4917	4908
4953	4907	4917
4639	4630	4683
4458	4446	4520
4467	4431	4458
5226	5227	5222
5226	5223	5227
5223	5220	5227
5223	5218	5220
5218	5215	5220
5218	5204	5215
5223	5214	5218
5214	5203	5218
5223	5225	5214
5223	5230	5225
5230	5232	5225
5232	5228	5225
5232	5229	5228
5232	5234	5229
5230	5226	5232
5230	5223	5226
5231	5216	5234
5231	5224	5216
5224	5212	5216
5224	5219	5212
5219	5192	5212
5219	5210	5192
5210	5181	5192
5181	5171	5192
5171	5164	5192
5171	5152	5164
5152	5088	5164
5152	5109	5088
5109	5032	5088
5109	5047	5032
5109	5081	5047
5081	5011	5047
5081	5027	5011
5081	5077	5027
5077	5030	5027
5081	5086	5077
5081	5126	5086
5126	5122	5086
5122	5117	5086
5122	5130	5117
5130	5094	5117
5130	5090	5094
5090	5080	5094
5130	5127	5090
5130	5143	5127
5143	5150	5127
5150	5153	5127
5150	5168	5153
5168	5174	5153
5168	5179	5174
5179	5210	5174
5210	5206	5174
5206	5175	5174
5179	5184	5210
5184	5181	5210
5184	5177	5181
5177	5165	5181
5165	5171	5181
5165	5152	5171
5165	5132	5152
5132	5109	5152
5132	5081	5109
5132	5126	5081
5132	5176	5126
5176	5143	5126
5143	5122	5126
5143	5130	5122
5176	5179	5143
5179	5150	5143
5179	5168	5150
5176	5184	5179
5176	5177	5184
5176	5132	5177
5132	5165	5177
5224	5231	5219
4248	4258	4312
4248	4220	4258
4220	4255	4258
4248	4156	4220
4248	4172	4156
4172	4135	4156
4172	4129	4135
4172	4221	4129
4221	4211	4129
4211	4112	4129
4172	4248	4221
4818	4936	4839
4743	4742	4842
3659	3591	3745
3463	3498	3604
3498	3619	3604
3619	3706	3604
3706	3618	3604
3618	3464	3604
3464	3463	3604
3706	3822	3618
3619	3649	3706
3649	3799	3706
3619	3608	3649
3608	3728	3649
3470	3611	3681
3611	3780	3681
3780	3817	3681
3817	3752	3681
3752	3661	3681
3780	3889	3817
3611	3614	3780
3475	3488	3537
3488	3709	3537
3486	3639	3602
3639	3656	3602
3656	3667	3602
3602	3587	3486
3532	3572	3660
3572	3693	3660
3540	3593	3627
3593	3686	3627
3686	3622	3627
3593	3698	3686
3543	3695	3601
3695	3694	3601
3695	3778	3694
3695	3813	3778
3695	3712	3813
3712	3788	3813
3712	3721	3788
3576	3683	3616
3576	3700	3683
3700	3861	3683
3861	3930	3683
3861	4055	3930
3683	3620	3616
3683	3670	3620
3683	3844	3670
3582	3684	3776
3684	3767	3776
3767	3806	3776
3585	3727	3742
3612	3689	3736
3689	3714	3736
3714	3828	3736
3828	3859	3736
3828	3922	3859
3624	3677	3654
3624	3720	3677
3720	3770	3677
3770	3773	3677
3773	3707	3677
3707	3654	3677
3770	3903	3773
3628	3630	3796
3631	3676	3851
3851	3857	3631
3857	3831	3631
3851	3901	3857
3637	3764	3703
3643	3665	3777
3643	3457	3665
3665	3749	3777
3749	3746	3777
3749	3665	3746
3777	3896	3643
3896	3680	3643
3896	3874	3680
3874	3750	3680
3655	3723	3725
3723	3786	3725
3786	3895	3725
3895	3867	3725
3895	3985	3867
3985	3964	3867
3964	3849	3867
3849	3787	3867
3964	3970	3849
3964	3991	3970
3991	4007	3970
3723	3784	3786
3784	3929	3786
3669	3814	3734
3814	3888	3734
3669	3688	3814
3671	3705	3909
3678	3691	3713
3708	3950	3858
3950	3918	3858
3918	3794	3858
3918	3884	3794
3918	4042	3884
4042	3907	3884
3907	3735	3884
4042	4002	3907
3722	3927	3726
3726	3709	3722
3726	3927	3709
3927	3841	3709
3927	3962	3841
3962	4060	3841
3927	3954	3962
3927	3722	3954
3722	3802	3954
3802	4004	3954
3802	3931	4004
3931	3996	4004
3802	3808	3931
3802	3717	3808
3802	3722	3717
3739	3763	3886
3743	3772	3747
3743	3842	3772
3751	3865	3885
3753	3863	3821
3755	3975	3862
3755	3908	3975
3908	3979	3975
3908	3915	3979
3908	3803	3915
3908	3755	3803
3760	3898	3852
3760	3890	3898
3771	3923	3933
3923	4117	3933
4117	4175	3933
4175	4082	3933
4082	3978	3933
4175	4198	4082
4175	4319	4198
4175	4387	4319
3923	4121	4117
3779	3984	3913
3984	4046	3913
3785	3839	3798
3839	3935	3798
3809	3815	3969
3809	3718	3815
3815	3977	3969
3969	3999	3809
3819	3838	3905
3905	3890	3819
3838	3940	3905
3838	3900	3940
3820	3875	3823
3820	3911	3875
3875	3892	3823
3825	3982	4010
3829	3864	3891
3864	3971	3891
3971	3994	3891
3971	4036	3994
4036	4098	3994
4098	4150	3994
4150	3901	3994
4098	4251	4150
4251	4293	4150
4293	4233	4150
4233	4126	4150
4233	4215	4126
3971	4018	4036
3971	3864	4018
3833	3946	3944
3946	4016	3944
3944	3764	3833
3836	3850	3925
3837	3893	3998
3843	3957	3919
3919	3799	3843
3957	4076	3919
3957	4059	4076
3957	4033	4059
3957	3894	4033
3894	4035	4033
4035	4100	4033
4035	4052	4100
4052	4111	4100
3877	3963	3937
3902	4011	4001
3902	3935	4011
3906	3983	4015
3983	4138	4015
4138	4049	4015
4049	4043	4015
4049	4148	4043
4148	4108	4043
4148	4184	4108
4049	4138	4148
3983	4062	4138
4062	4186	4138
4062	4139	4186
4139	4219	4186
4219	4262	4186
4262	4288	4186
4262	4360	4288
3983	4006	4062
3910	4013	3949
4013	4044	3949
4044	4034	3949
4034	3920	3949
4034	4014	3920
3939	4147	3997
4147	4199	3997
4147	4315	4199
3953	3986	4065
3967	4123	3968
4123	4025	3968
3967	4001	4123
4001	4153	4123
3974	4097	4077
4077	3977	3974
4023	4027	4188
4188	4096	4023
4029	4128	4152
4128	4238	4152
4238	4185	4152
4048	4099	4063
4099	4141	4063
4141	4269	4063
4269	4103	4063
4141	4245	4269
4245	4384	4269
4384	4356	4269
4384	4507	4356
4054	4194	4240
4194	4369	4240
4369	4348	4240
4054	4046	4194
4066	4107	4070
4107	4124	4070
4124	4027	4070
4107	4187	4124
4107	4191	4187
4191	4208	4187
4191	4209	4208
4209	4282	4208
4282	4311	4208
4282	4364	4311
4364	4397	4311
4397	4295	4311
4282	4358	4364
4069	4080	4083
4086	4090	4125
4086	3873	4090
4090	4103	4125
4110	4196	4207
4196	4284	4207
4284	4331	4207
4331	4303	4207
4331	4398	4303
4331	4349	4398
4349	4452	4398
4331	4284	4349
4142	4180	4213
4180	4367	4213
4367	4419	4213
4419	4300	4213
4419	4456	4300
4456	4385	4300
4385	4353	4300
4353	4340	4300
4353	4385	4340
4456	4474	4385
4367	4399	4419
4367	4470	4399
4367	4390	4470
4390	4417	4470
4390	4370	4417
4390	4283	4370
4390	4259	4283
4390	4301	4259
4390	4367	4301
4367	4180	4301
4144	4214	4254
4214	4316	4254
4316	4261	4254
4261	4144	4254
4214	4304	4316
4304	4354	4316
4354	4483	4316
4354	4405	4483
4354	4363	4405
4363	4378	4405
4363	4189	4378
4363	4304	4189
4363	4354	4304
4178	4344	4179
4197	4239	4260
4239	4346	4260
4206	4424	4278
4424	4496	4278
4496	4294	4278
4294	4250	4278
4206	4386	4424
4386	4484	4424
4386	4501	4484
4271	4334	4297
4298	4463	4343
4328	4473	4396
4328	4505	4473
4333	4525	4362
4342	4434	4352
4342	4453	4434
4355	4404	4464
4404	4534	4464
4534	4489	4464
4404	4423	4534
4410	4451	4498
4451	4511	4498
4451	4570	4511
4435	4613	4479
4448	4610	4472
4492	4550	4569
4492	4513	4550
4513	4603	4550
4526	4670	4556
4556	4463	4526
4670	4536	4556
4608	4679	4659
4659	4613	4608
4613	4528	4608
4659	4715	4613
4659	4713	4715
4713	4811	4715
4659	4679	4713
4629	4664	4757
4664	4768	4757
4664	4782	4768
4664	4600	4782
4673	4694	4705
4798	4849	4881
4860	4888	4902
335	346	303
444	452	483
479	535	452
613	660	561
773	974	853
974	1015	853
948	871	1042
453	564	480
286	323	280
599	670	580
46	183	168
42	51	74
51	76	74
76	77	74
70	91	76
91	119	76
119	138	76
300	183	307
565	568	519
568	559	519
565	755	568
565	807	755
565	588	807
588	812	807
692	887	790
459	615	546
615	657	546
630	501	520
630	651	501
402	345	469
550	536	467
550	629	536
645	581	632
1109	1365	1182
1009	1150	1003
2516	2667	2428
2667	2535	2428
2535	2494	2428
2661	2868	2609
2868	2891	2609
2868	2905	2891
2661	2765	2868
1925	2153	2143
1925	1902	2153
1902	2091	2153
2091	2268	2153
1060	844	1091
1135	1054	1146
1288	1199	1135
1199	1062	1135
1288	1254	1199
1571	1590	1637
1421	1399	1479
879	804	924
771	827	698
827	749	698
771	884	827
771	849	884
678	661	602
661	488	602
678	730	661
730	789	661
1085	1362	1050
1532	1260	1513
1260	1208	1513
851	686	793
986	812	806
986	1045	812
1045	917	812
986	1247	1045
1247	1268	1045
1268	1186	1045
1247	1486	1268
1486	1455	1268
1247	1251	1486
1251	1477	1486
1247	986	1251
875	1144	963
1166	1384	1129
1166	1293	1384
1293	1487	1384
900	1160	1166
900	944	1160
932	953	984
932	852	953
1527	1748	1529
1435	1299	1433
842	847	939
962	915	842
1142	1258	1122
1381	1539	1215
1539	1243	1215
1539	1462	1243
1863	1768	1702
1957	2260	1998
2260	2229	1998
1080	1079	1328
1096	1093	1178
1831	1873	2049
1873	2040	2049
1831	1706	1873
3351	3324	3569
3324	3582	3569
3324	3334	3582
3334	3471	3582
3471	3684	3582
3471	3536	3684
2458	2235	2498
2235	2263	2498
1415	1563	1670
1497	1468	1447
1878	1970	2138
1970	2208	2138
1887	1632	1793
1632	1542	1793
1632	1412	1542
1412	1343	1542
1887	1917	1632
1355	1324	1499
1668	1820	1614
1668	1955	1820
1668	1965	1955
1965	2013	1955
1668	1783	1965
1499	1380	1651
1639	1638	1771
1638	1686	1771
1686	1973	1771
1973	2025	1771
2025	1827	1771
2025	2056	1827
2025	2142	2056
2025	2167	2142
1686	1857	1973
1497	1772	1523
1772	1834	1523
1834	1553	1523
1553	1515	1523
1553	1469	1515
1795	1974	2003
1674	1642	1698
1939	2099	1857
2194	2238	2318
2238	2447	2318
2238	2261	2447
2261	2434	2447
2434	2539	2447
2261	2342	2434
1995	2166	1965
1995	2257	2166
1929	2120	2076
2564	2711	2492
2711	2488	2492
2711	2665	2488
2925	3047	2933
2925	3113	3047
3246	3240	3047
3240	3177	3047
3246	3390	3240
3246	3449	3390
2645	2395	2723
2645	2456	2395
2081	2036	2288
2178	2328	2251
2183	2366	2190
2208	2419	2347
2386	2435	2401
2386	2585	2435
2585	2618	2435
2618	2529	2435
2386	2511	2585
2660	2644	2826
2464	2519	2651
2519	2647	2651
2357	2074	2412
2357	2062	2074
2547	2502	2474
2731	2470	2686
2731	2748	2470
2750	3014	2777
2465	2524	2632
2673	2818	2584
2673	2751	2818
2673	2781	2751
2961	2887	3106
2887	3232	3106
3232	3356	3106
3232	3433	3356
3232	3372	3433
2887	2986	3232
2849	3004	2832
2769	2927	2716
2769	2985	2927
2907	2643	2728
2907	2630	2643
2630	2554	2643
2907	2816	2630
2911	2781	2739
2911	3078	2781
3078	3110	2781
3110	2914	2781
3129	3135	3095
3129	3156	3135
3154	3279	3000
3203	3060	3238
3165	2888	3010
3194	3430	3215
3457	3643	3341
3381	3268	3239
3381	3328	3268
3381	3495	3328
3381	3470	3495
3470	3661	3495
3470	3681	3661
3493	3798	3560
3798	3744	3560
3715	3785	3510
3785	3798	3510
3477	3405	3393
3405	3404	3393
3404	3368	3393
3501	3553	3435
3553	3509	3435
3325	3517	3459
3517	3502	3459
3502	3570	3459
3690	3973	3687
3690	3738	3973
3596	3357	3340
3357	3099	3340
3531	3702	3523
3702	3672	3523
3769	3610	3818
3766	3635	3847
3710	3479	3635
3479	3439	3635
3439	3588	3635
3439	3541	3588
3710	3477	3479
5104	4962	4995
4962	4927	4995
5104	5113	4962
5158	5138	5113
4782	4600	4790
4600	4613	4790
4613	4715	4790
4600	4479	4613
5021	5118	4979
5118	5133	4979
5133	5125	4979
4095	4060	4228
4829	4802	4731
4137	3925	4133
4408	4383	4323
4371	4476	4418
4476	4518	4418
4183	4302	4116
4302	4181	4116
4183	4230	4302
4814	4898	4784
4814	4932	4898
4814	4875	4932
5003	5044	4943
5044	5002	4943
5123	5157	5059
5157	5043	5059
5043	5026	5059
5157	5137	5043
5137	5101	5043
5157	5185	5137
5217	5199	5205
5217	5221	5199
5217	5233	5221
4839	4936	4891
4706	4844	4707
4844	4758	4707
4706	4846	4844
4706	4735	4846
5196	5218	5172
5218	5203	5172
5196	5204	5218
5200	5220	5204
5220	5215	5204
5200	5194	5220
5194	5208	5220
5208	5222	5220
5222	5227	5220
5194	5188	5208
5194	5119	5188
5200	5197	5194
5162	5189	5208
4951	4915	4832
4951	4982	4915
4991	5029	4951
4991	5036	5029
5045	4965	4982
5045	5084	4965
5084	5038	4965
5038	4978	4965
5063	5115	5062
5063	5072	5115
5072	5116	5115
5116	5128	5115
5072	5082	5116
5082	5092	5116
5092	5146	5116
5146	5166	5116
5082	5040	5092
3930	3844	3683
3585	3534	3727
3831	3789	3631
3789	3554	3631
3789	3500	3554
3789	3675	3500
3725	3787	3655
3787	3640	3655
3725	3867	3787
3705	3832	3909
4198	4263	4082
4150	4126	3901
3877	3811	3963
