290.374827 105.229919 56.827806 255 0 0
301.602483 96.287012 60.841676 255 0 0
313.735831 88.585046 64.665049 255 0 0
326.774871 82.124020 68.297926 255 0 0
340.719603 76.903935 71.740306 255 0 0
355.570026 72.924790 74.992189 255 0 0
371.326142 70.186585 78.053576 255 0 0
387.987950 68.689321 80.924466 255 0 0
405.555450 68.432997 83.604860 0 255 0
390.470065 68.357331 97.010311 0 255 0
376.422995 69.704321 110.197370 0 255 0
363.414241 72.473966 123.166037 0 255 0
351.443802 76.666267 135.916312 0 255 0
340.511679 82.281224 148.448196 0 255 0
330.617872 89.318836 160.761688 0 255 0
321.762380 97.779103 172.856789 0 255 0
313.945204 107.662027 184.733498 0 255 0
