25.750300 35.555830 11.750000 255 0 0
26.060385 35.430924 10.718750 255 0 0
26.478487 35.203746 9.687500 255 0 0
27.004607 34.874297 8.656250 255 0 0
27.638743 34.442577 7.625000 255 0 0
28.380896 33.908585 6.593750 255 0 0
29.231066 33.272321 5.562500 255 0 0
30.189254 32.533786 4.531250 255 0 0
31.255458 31.692980 3.500000 0 255 0
30.979158 30.363542 4.531250 0 255 0
30.719865 29.181881 5.562500 0 255 0
30.477579 28.147996 6.593750 0 255 0
30.252300 27.261887 7.625000 0 255 0
30.044028 26.523555 8.656250 0 255 0
29.852763 25.933000 9.687500 0 255 0
29.678505 25.490221 10.718750 0 255 0
29.521254 25.195218 11.750000 0 255 0
