1	4	6
6	7	1
6	10	7
10	68	7
68	14	7
14	8	7
8	9	7
8	13	9
13	33	9
33	17	9
17	5	9
5	2	9
2	3	9
3	1	9
3	4	1
3	2	4
2	23	4
23	24	4
23	27	24
27	36	24
27	67	36
67	83	36
83	97	36
97	10	36
10	4	36
10	6	4
97	68	10
67	137	83
67	87	137
87	103	137
103	148	137
103	87	148
87	75	148
75	143	148
143	186	148
186	233	148
186	234	233
186	196	234
196	218	234
196	119	218
119	165	218
165	199	218
165	118	199
118	191	199
191	285	199
191	242	285
242	262	285
242	227	262
227	275	262
191	178	242
191	118	178
118	112	178
118	53	112
53	89	112
89	113	112
89	77	113
77	134	113
134	158	113
134	140	158
140	176	158
176	193	158
193	204	158
204	212	158
212	227	158
204	217	212
217	267	212
217	265	267
265	282	267
282	311	267
311	330	267
282	363	311
363	386	311
363	390	386
390	436	386
436	444	386
436	558	444
436	515	558
515	576	558
576	557	558
363	364	390
364	383	390
364	342	383
342	400	383
400	449	383
342	403	400
403	506	400
403	419	506
403	346	419
346	349	419
349	354	419
354	441	419
354	435	441
349	340	354
349	346	340
346	261	340
346	299	261
299	284	261
284	265	261
265	217	261
217	232	261
217	205	232
205	213	232
213	288	232
213	279	288
213	194	279
194	249	279
249	338	279
249	256	338
249	221	256
221	281	256
221	230	281
230	306	281
230	314	306
314	358	306
230	294	314
294	333	314
230	224	294
224	250	294
224	151	250
151	184	250
151	115	184
115	146	184
146	152	184
152	200	184
152	209	200
152	167	209
167	201	209
201	226	209
201	207	226
201	177	207
177	220	207
220	228	207
220	210	228
210	248	228
210	273	248
273	289	248
273	347	289
210	202	273
202	203	273
202	144	203
144	130	203
130	197	203
197	236	203
197	222	236
222	301	236
222	307	301
222	271	307
271	302	307
271	286	302
271	239	286
239	229	286
229	291	286
291	312	286
291	305	312
305	377	312
291	247	305
247	254	305
254	258	305
258	339	305
258	277	339
277	276	339
276	366	339
366	375	339
375	381	339
366	379	375
366	317	379
317	369	379
369	420	379
369	426	420
426	471	420
426	518	471
518	534	471
534	480	471
534	565	480
534	588	565
588	675	565
534	626	588
534	536	626
536	606	626
606	705	626
705	660	626
705	764	660
705	719	764
719	759	764
759	859	764
859	826	764
759	795	859
759	717	795
759	711	717
711	606	717
606	692	717
606	601	692
601	644	692
644	742	692
644	656	742
656	756	742
756	767	742
767	773	742
767	869	773
767	786	869
786	817	869
786	756	817
756	714	817
756	656	714
656	652	714
652	649	714
652	604	649
604	618	649
652	656	604
656	640	604
640	601	604
640	644	601
640	656	644
786	767	756
711	705	606
711	719	705
711	759	719
536	551	606
536	496	551
536	489	496
489	472	496
472	503	496
472	456	503
472	426	456
426	409	456
426	369	409
369	341	409
341	315	409
315	337	409
315	295	337
295	343	337
343	353	337
343	421	353
421	447	353
421	467	447
467	542	447
542	494	447
494	478	447
467	543	542
467	468	543
468	583	543
468	464	583
464	495	583
495	556	583
464	466	495
468	452	464
468	467	452
467	421	452
421	343	452
295	260	343
260	328	343
260	264	328
264	319	328
264	251	319
251	263	319
263	321	319
321	350	319
350	392	319
321	332	350
321	320	332
320	391	332
321	246	320
246	255	320
246	245	255
245	270	255
245	215	270
215	231	270
231	304	270
231	290	304
231	268	290
268	335	290
215	156	231
156	180	231
156	139	180
139	149	180
139	172	149
139	104	172
104	96	172
96	166	172
166	183	172
183	208	172
183	280	208
280	303	208
280	327	303
327	351	303
280	283	327
283	296	327
296	423	327
296	395	423
395	417	423
417	424	423
417	389	424
389	394	424
394	429	424
394	367	429
367	345	429
345	415	429
415	445	429
345	318	415
318	362	415
345	308	318
345	367	308
367	252	308
367	389	252
389	296	252
296	283	252
283	216	252
283	280	216
280	183	216
183	174	216
174	164	216
174	74	164
74	136	164
74	41	136
41	84	136
41	39	84
39	31	84
31	14	84
14	68	84
31	16	14
16	8	14
39	41	31
174	96	74
96	73	74
96	101	73
101	102	73
102	65	73
102	106	65
106	57	65
106	78	57
78	72	57
72	66	57
66	58	57
58	35	57
66	98	58
98	92	58
92	86	58
86	49	58
49	26	58
26	20	58
26	19	20
19	8	20
8	35	20
19	13	8
19	26	13
26	38	13
38	33	13
38	44	33
44	59	33
59	55	33
55	37	33
37	17	33
37	29	17
29	11	17
11	5	17
11	15	5
11	21	15
21	22	15
22	45	15
45	18	15
18	12	15
45	42	18
42	34	18
34	40	18
34	46	40
46	56	40
56	50	40
50	43	40
56	60	50
60	70	50
70	89	50
89	53	50
70	77	89
70	91	77
91	116	77
116	134	77
116	140	134
116	138	140
138	142	140
142	176	140
142	163	176
163	194	176
194	213	176
213	205	176
205	193	176
205	217	193
217	204	193
163	185	194
185	249	194
185	198	249
198	221	249
198	159	221
159	175	221
175	230	221
175	188	230
188	224	230
188	151	224
188	145	151
145	115	151
145	114	115
114	64	115
64	69	115
69	107	115
107	146	115
107	110	146
110	152	146
110	167	152
110	153	167
153	177	167
177	201	167
110	135	153
110	81	135
110	95	81
95	51	81
51	30	81
30	63	81
63	79	81
63	62	79
62	80	79
62	54	80
54	71	80
71	90	80
90	124	80
124	130	80
124	197	130
124	122	197
122	162	197
162	222	197
162	239	222
239	271	222
162	229	239
162	157	229
157	179	229
179	247	229
247	291	229
179	244	247
244	254	247
244	258	254
244	214	258
214	238	258
238	277	258
238	276	277
238	293	276
293	317	276
317	366	276
293	341	317
341	369	317
293	292	341
292	315	341
292	243	315
243	295	315
243	260	295
243	192	260
192	211	260
211	225	260
225	264	260
225	251	264
225	187	251
187	263	251
187	253	263
253	246	263
246	321	263
253	223	246
223	240	246
240	245	246
240	223	245
223	215	245
223	156	215
223	170	156
170	139	156
170	141	139
141	104	139
141	102	104
102	101	104
101	96	104
141	150	102
150	106	102
150	129	106
129	109	106
109	78	106
109	128	78
128	93	78
93	72	78
93	66	72
93	98	66
93	128	98
128	108	98
108	92	98
108	105	92
105	86	92
105	100	86
100	49	86
100	59	49
59	44	49
44	38	49
38	26	49
100	90	59
90	71	59
71	55	59
71	54	55
54	37	55
54	29	37
54	28	29
28	21	29
21	11	29
28	22	21
28	30	22
30	32	22
32	45	22
32	51	45
51	64	45
64	52	45
52	47	45
47	42	45
47	48	42
48	46	42
46	34	42
48	76	46
76	56	46
76	88	56
88	60	56
88	70	60
88	91	70
88	94	91
94	111	91
111	121	91
121	116	91
121	138	116
121	142	138
121	163	142
121	120	163
120	159	163
159	198	163
198	185	163
120	125	159
125	133	159
133	168	159
168	175	159
168	188	175
168	145	188
168	133	145
133	114	145
133	82	114
82	64	114
82	52	64
82	61	52
61	47	52
61	48	47
61	76	48
61	82	76
82	133	76
133	125	76
125	94	76
94	88	76
125	111	94
125	120	111
120	121	111
51	69	64
51	95	69
95	107	69
95	110	107
32	30	51
28	63	30
28	62	63
28	54	62
100	122	90
122	124	90
100	127	122
127	162	122
127	157	162
127	132	157
132	123	157
123	179	157
123	169	179
169	181	179
181	214	179
214	244	179
181	189	214
189	238	214
189	237	238
237	293	238
237	292	293
237	241	292
241	243	292
241	190	243
190	192	243
190	182	192
182	211	192
190	173	182
173	128	182
173	171	128
171	169	128
169	108	128
169	123	108
123	105	108
123	132	105
132	127	105
127	100	105
171	189	169
189	181	169
171	173	189
173	190	189
190	241	189
241	237	189
150	160	129
150	155	160
155	187	160
187	225	160
225	211	160
155	170	187
170	223	187
223	253	187
155	141	170
155	150	141
174	166	96
174	183	166
389	395	296
389	417	395
367	394	389
472	489	426
489	518	426
489	520	518
520	534	518
520	536	534
520	489	536
284	282	265
284	299	282
299	342	282
342	363	282
342	364	363
299	403	342
299	346	403
118	85	53
118	131	85
131	119	85
119	99	85
99	75	85
99	143	75
99	119	143
119	196	143
196	186	143
131	165	119
131	118	165
67	27	87
2	12	23
12	25	23
219	287	274
257	334	297
300	380	324
300	422	380
300	357	422
300	285	357
285	368	357
368	443	357
368	418	443
418	512	443
418	505	512
505	545	512
505	633	545
505	490	633
490	535	633
505	427	490
505	418	427
368	344	418
368	285	344
313	322	365
365	393	313
316	399	397
399	530	397
399	458	530
458	544	530
544	638	530
638	569	530
638	703	569
638	670	703
670	749	703
670	801	749
638	544	670
544	634	670
323	384	387
387	414	323
387	477	414
477	430	414
430	396	414
477	475	430
323	329	384
355	514	402
514	517	402
517	532	402
532	388	402
388	372	402
532	411	388
532	519	411
517	622	532
517	676	622
676	761	622
676	710	761
355	498	514
361	410	433
433	470	361
470	446	361
371	438	440
438	491	440
438	526	491
438	481	526
481	484	526
484	554	526
484	500	554
500	553	554
500	539	553
500	485	539
485	437	539
485	483	437
483	481	437
483	484	481
483	500	484
483	485	500
440	373	371
373	347	371
347	301	371
378	469	473
469	573	473
573	501	473
382	434	451
434	479	451
479	509	451
479	547	509
547	567	509
547	635	567
635	645	567
635	668	645
668	688	645
547	541	635
541	641	635
547	508	541
547	479	508
479	434	508
434	448	508
413	499	524
499	577	524
453	589	474
589	550	474
589	643	550
643	595	550
589	694	643
589	639	694
589	540	639
540	525	639
525	684	639
525	561	684
561	698	684
540	487	525
540	589	487
589	453	487
463	574	476
492	564	549
492	585	564
585	612	564
612	667	564
667	549	564
585	647	612
493	510	531
521	572	570
533	586	607
538	591	596
596	510	538
591	725	596
548	575	552
575	539	552
539	450	552
575	630	539
555	666	624
624	608	555
624	621	608
584	726	609
584	674	726
584	506	674
587	657	603
593	613	614
593	594	613
593	574	594
574	598	594
605	615	687
687	699	605
617	727	716
617	614	727
620	690	629
690	775	629
690	747	775
747	846	775
846	891	775
747	876	846
747	740	876
740	866	876
740	750	866
750	816	866
816	883	866
816	899	883
899	1055	883
747	690	740
637	655	706
655	718	706
718	771	706
771	738	706
738	741	706
738	752	741
752	751	741
738	771	752
771	862	752
651	654	708
651	583	654
659	678	793
678	781	793
678	700	781
700	803	781
662	739	765
739	800	765
800	832	765
832	799	765
799	681	765
681	662	765
681	633	662
799	796	681
796	704	681
799	807	796
799	841	807
799	832	841
832	851	841
851	897	841
897	995	841
897	998	995
998	1140	995
1140	1010	995
998	1152	1140
1152	1238	1140
1238	1307	1140
1238	1429	1307
1238	1416	1429
897	944	998
944	1005	998
944	940	1005
940	1025	1005
1025	1132	1005
1025	1083	1132
1083	1126	1132
1126	1284	1132
1126	1168	1284
1168	1330	1284
1330	1404	1284
1404	1461	1284
1461	1366	1284
1461	1531	1366
1531	1551	1366
1551	1417	1366
1551	1560	1417
1560	1554	1417
1554	1416	1417
1560	1594	1554
1594	1644	1554
1560	1551	1594
1404	1439	1461
1439	1610	1461
1439	1592	1610
1592	1712	1610
1592	1565	1712
1565	1591	1712
1591	1762	1712
1762	1867	1712
1762	1861	1867
1861	1948	1867
1948	1987	1867
1987	1915	1867
1987	2007	1915
2007	1967	1915
2007	2058	1967
1861	2044	1948
2044	2073	1948
1861	1874	2044
1861	1836	1874
1861	1762	1836
1762	1737	1836
1762	1711	1737
1762	1591	1711
1591	1544	1711
1591	1498	1544
1168	1160	1330
1160	1274	1330
1160	1149	1274
1149	1172	1274
1172	1345	1274
1160	1125	1149
1125	1036	1149
1160	1161	1125
1161	1021	1125
1161	1126	1021
1126	1083	1021
1083	1025	1021
1025	940	1021
940	889	1021
889	922	1021
889	848	922
848	920	922
920	1036	922
920	954	1036
954	1003	1036
954	886	1003
886	902	1003
886	874	902
874	870	902
870	881	902
870	862	881
862	933	881
886	848	874
886	920	848
886	954	920
1161	1168	1126
1161	1160	1168
851	834	897
851	800	834
800	797	834
800	754	797
754	713	797
754	701	713
754	739	701
754	800	739
851	832	800
669	682	743
673	818	784
818	855	784
855	847	784
689	827	828
827	863	828
863	878	828
828	737	689
691	822	697
822	732	697
822	823	732
823	745	732
745	731	732
822	884	823
884	971	823
971	857	823
884	1048	971
1048	1043	971
1043	979	971
1043	1041	979
1048	1086	1043
1086	1115	1043
1115	1128	1043
1115	1175	1128
1175	1205	1128
1205	1112	1128
1112	1122	1128
1112	1077	1122
1077	1026	1122
1077	1040	1026
1040	1020	1026
1020	1031	1026
1031	1041	1026
1031	1054	1041
1054	1039	1041
1039	1001	1041
1001	959	1041
1001	1052	959
1052	961	959
961	885	959
885	894	959
885	850	894
961	901	885
961	1072	901
1072	1066	901
1072	1114	1066
1114	1277	1066
1072	1052	1114
1052	1118	1114
1052	1075	1118
1052	1001	1075
1001	1039	1075
1039	1058	1075
1039	1054	1058
1054	1031	1058
1072	961	1052
1112	1103	1077
1205	1204	1112
1204	1124	1112
1204	1212	1124
1212	1196	1124
1204	1290	1212
1290	1291	1212
1291	1306	1212
1291	1352	1306
1352	1437	1306
1437	1412	1306
1412	1410	1306
1410	1196	1306
1410	1428	1196
1410	1479	1428
1410	1412	1479
1412	1437	1479
1437	1604	1479
1291	1267	1352
1291	1342	1267
1342	1266	1267
1291	1391	1342
1391	1347	1342
1347	1365	1342
1365	1358	1342
1365	1502	1358
1365	1415	1502
1415	1508	1502
1508	1749	1502
1415	1455	1508
1455	1522	1508
1455	1458	1522
1458	1466	1522
1466	1649	1522
1458	1528	1466
1528	1556	1466
1528	1484	1556
1484	1474	1556
1474	1599	1556
1474	1555	1599
1555	1624	1599
1624	1671	1599
1671	1649	1599
1671	1760	1649
1760	1773	1649
1760	1816	1773
1760	1821	1816
1760	1793	1821
1793	1777	1821
1777	1817	1821
1777	1803	1817
1803	1931	1817
1803	1815	1931
1815	1929	1931
1815	1879	1929
1815	1778	1879
1778	1779	1879
1779	1909	1879
1909	1964	1879
1909	1952	1964
1952	2020	1964
2020	2000	1964
1952	2055	2020
2055	2096	2020
2055	2113	2096
2055	2054	2113
2055	1906	2054
2055	1952	1906
1952	1909	1906
1909	1834	1906
1834	1747	1906
1834	1743	1747
1743	1576	1747
1743	1647	1576
1647	1558	1576
1647	1550	1558
1647	1692	1550
1692	1664	1550
1664	1540	1550
1540	1382	1550
1664	1629	1540
1629	1572	1540
1572	1524	1540
1572	1595	1524
1595	1532	1524
1532	1503	1524
1503	1452	1524
1503	1336	1452
1336	1315	1452
1315	1344	1452
1344	1382	1452
1344	1264	1382
1264	1259	1382
1264	1220	1259
1220	1117	1259
1264	1315	1220
1315	1213	1220
1315	1309	1213
1315	1336	1309
1336	1337	1309
1336	1485	1337
1485	1474	1337
1474	1453	1337
1474	1484	1453
1484	1446	1453
1446	1374	1453
1374	1316	1453
1374	1304	1316
1374	1339	1304
1339	1302	1304
1302	1254	1304
1302	1191	1254
1191	1108	1254
1108	1095	1254
1095	1088	1254
1088	1130	1254
1088	1035	1130
1088	1095	1035
1095	941	1035
941	903	1035
1095	1108	941
1108	1087	941
1087	875	941
1087	884	875
884	822	875
822	772	875
822	691	772
691	728	772
1087	1048	884
1087	1086	1048
1087	1144	1086
1144	1115	1086
1144	1175	1115
1144	1191	1175
1191	1225	1175
1225	1205	1175
1225	1204	1205
1225	1290	1204
1225	1302	1290
1302	1334	1290
1334	1291	1290
1334	1406	1291
1406	1391	1291
1406	1446	1391
1446	1470	1391
1470	1347	1391
1470	1411	1347
1411	1415	1347
1415	1365	1347
1411	1455	1415
1411	1458	1455
1411	1470	1458
1470	1528	1458
1470	1446	1528
1446	1484	1528
1406	1414	1446
1414	1374	1446
1414	1393	1374
1393	1339	1374
1393	1334	1339
1334	1302	1339
1393	1414	1334
1414	1406	1334
1225	1191	1302
1144	1154	1191
1154	1108	1191
1154	1087	1108
1154	1144	1087
1485	1555	1474
1485	1530	1555
1530	1567	1555
1567	1624	1555
1567	1683	1624
1683	1671	1624
1683	1706	1671
1706	1760	1671
1706	1777	1760
1777	1793	1760
1706	1803	1777
1706	1815	1803
1706	1778	1815
1706	1676	1778
1676	1669	1778
1669	1664	1778
1664	1779	1778
1664	1772	1779
1772	1794	1779
1794	1909	1779
1794	1834	1909
1794	1726	1834
1726	1743	1834
1726	1647	1743
1726	1692	1647
1726	1772	1692
1772	1664	1692
1726	1794	1772
1669	1629	1664
1669	1595	1629
1595	1572	1629
1669	1676	1595
1676	1683	1595
1683	1567	1595
1567	1532	1595
1567	1530	1532
1530	1503	1532
1530	1485	1503
1485	1336	1503
1676	1706	1683
1264	1344	1315
730	825	748
825	882	748
882	867	748
882	928	867
825	907	882
825	898	907
898	1016	907
1016	1091	907
1016	1034	1091
1034	1200	1091
1034	1074	1200
1074	1181	1200
1181	1297	1200
1181	1277	1297
1277	1329	1297
1329	1541	1297
1329	1539	1541
1539	1650	1541
1650	1625	1541
1650	1814	1625
1650	1829	1814
1650	1886	1829
1886	1943	1829
1886	2029	1943
2029	2127	1943
2029	2220	2127
2220	2179	2127
2179	2163	2127
2029	2228	2220
2029	2201	2228
2201	2254	2228
2254	2331	2228
2254	2265	2331
2265	2458	2331
2458	2549	2331
2458	2619	2549
2619	2699	2549
2699	2723	2549
2723	2624	2549
2723	2731	2624
2731	2712	2624
2731	2761	2712
2761	2739	2712
2761	2881	2739
2881	2714	2739
2761	2955	2881
2761	3013	2955
3013	3102	2955
2761	2795	3013
2795	2909	3013
2761	2731	2795
2731	2723	2795
2458	2412	2619
2412	2569	2619
2412	2477	2569
2477	2571	2569
2412	2390	2477
2390	2377	2477
2390	2350	2377
2390	2412	2350
2254	2201	2265
2029	2046	2201
2046	2132	2201
2046	2005	2132
2005	2028	2132
2005	1885	2028
1885	1840	2028
1840	1982	2028
1885	1798	1840
1798	1752	1840
1752	1755	1840
1752	1729	1755
1752	1634	1729
1752	1798	1634
1885	1886	1798
1885	1977	1886
1977	2029	1886
1977	2046	2029
1977	2005	2046
1977	1885	2005
1539	1578	1650
1578	1588	1650
1578	1539	1588
1539	1421	1588
1421	1553	1588
1553	1634	1588
1421	1325	1553
1325	1369	1553
1421	1340	1325
1421	1539	1340
1539	1329	1340
1034	1006	1074
1006	1059	1074
1034	938	1006
825	815	898
744	856	821
821	789	744
821	837	789
837	880	789
755	776	812
812	814	755
766	888	865
766	845	888
845	1000	888
865	838	766
838	725	766
838	792	725
769	785	849
785	861	849
861	892	849
785	833	861
769	666	785
780	829	824
780	847	829
847	923	829
923	824	829
923	924	824
924	904	824
904	860	824
904	951	860
923	994	924
923	970	994
970	1084	994
1084	1098	994
780	760	847
783	836	877
877	919	783
877	986	919
986	1069	919
1069	978	919
986	1110	1069
1110	1256	1069
1256	1230	1069
986	1153	1110
986	985	1153
985	1099	1153
985	925	1099
985	836	925
836	914	925
985	877	836
985	986	877
808	916	908
916	1019	908
853	973	946
973	962	946
854	890	858
858	817	854
895	977	988
895	859	977
896	963	1022
963	1028	1022
1028	1116	1022
1028	1129	1116
1129	1219	1116
1219	1285	1116
963	939	1028
1022	1044	896
906	1027	1038
909	1037	996
909	989	1037
910	958	1065
911	956	992
912	976	945
976	1018	945
921	975	932
926	974	993
929	947	990
947	1079	990
1079	1093	990
929	818	947
818	864	947
931	1071	934
1071	952	934
931	953	1071
943	1050	965
950	1085	981
1085	1164	981
1085	1190	1164
1190	1313	1164
1313	1165	1164
957	1109	1015
1015	966	957
1015	1047	966
1015	1142	1047
1142	1183	1047
1183	1123	1047
1123	964	1047
1015	1206	1142
1015	1109	1206
1109	1239	1206
969	1064	1049
969	1101	1064
1101	1150	1064
1150	1235	1064
1235	1127	1064
1235	1250	1127
1250	1244	1127
1244	1178	1127
1178	1096	1127
1178	1145	1096
1244	1279	1178
1279	1247	1178
1279	1375	1247
1244	1261	1279
1261	1363	1279
1261	1341	1363
1341	1501	1363
1501	1495	1363
1501	1545	1495
1501	1523	1545
1523	1609	1545
1609	1630	1545
1523	1561	1609
1561	1611	1609
1611	1677	1609
1677	1735	1609
1735	1732	1609
1735	1774	1732
1774	1828	1732
1735	1748	1774
1735	1677	1748
1677	1754	1748
1677	1710	1754
1710	1796	1754
1710	1727	1796
1710	1677	1727
1677	1637	1727
1677	1611	1637
1611	1517	1637
1517	1618	1637
1517	1506	1618
1517	1489	1506
1489	1448	1506
1448	1451	1506
1448	1378	1451
1378	1441	1451
1441	1459	1451
1441	1434	1459
1434	1526	1459
1434	1483	1526
1483	1573	1526
1483	1557	1573
1557	1590	1573
1590	1719	1573
1590	1716	1719
1716	1787	1719
1716	1804	1787
1557	1490	1590
1557	1483	1490
1483	1324	1490
1483	1434	1324
1378	1293	1441
1378	1338	1293
1338	1232	1293
1232	1234	1293
1232	1131	1234
1232	1150	1131
1150	1101	1131
1232	1249	1150
1249	1235	1150
1249	1298	1235
1298	1250	1235
1298	1341	1250
1341	1261	1250
1261	1244	1250
1298	1338	1341
1338	1496	1341
1496	1501	1341
1496	1523	1501
1496	1561	1523
1496	1517	1561
1517	1611	1561
1496	1489	1517
1496	1378	1489
1378	1448	1489
1496	1338	1378
1298	1232	1338
1298	1249	1232
987	1159	1033
1159	1169	1033
1159	1177	1169
1177	1210	1169
1210	1214	1169
1214	1060	1169
1214	1094	1060
1214	1236	1094
1236	1246	1094
1177	1187	1210
1187	1296	1210
1177	1159	1187
1159	1186	1187
1159	1013	1186
1008	1193	1063
1193	1104	1063
1104	1113	1063
1104	1226	1113
1008	1167	1193
1167	1240	1193
1240	1303	1193
1240	1346	1303
1009	1076	1029
1009	1070	1076
1070	1100	1076
1070	1053	1100
1053	1121	1100
1121	1148	1100
1148	1197	1100
1148	1241	1197
1241	1324	1197
1148	1216	1241
1148	1189	1216
1148	1121	1189
1070	1030	1053
1051	1068	1283
1068	1176	1283
1176	1402	1283
1056	1134	1231
1073	1198	1137
1198	1248	1137
1248	1322	1137
1322	1242	1137
1242	1184	1137
1242	1207	1184
1242	1333	1207
1242	1418	1333
1418	1431	1333
1242	1322	1418
1322	1481	1418
1078	1218	1147
1090	1269	1139
1107	1157	1228
1157	1311	1228
1111	1251	1120
1120	1058	1111
1111	1170	1251
1170	1222	1251
1222	1268	1251
1222	1203	1268
1203	1353	1268
1353	1392	1268
1353	1422	1392
1135	1182	1155
1182	1195	1155
1195	1166	1155
1195	1270	1166
1270	1138	1166
1138	1050	1166
1195	1278	1270
1195	1182	1278
1162	1171	1255
1163	1174	1318
1318	1099	1163
1318	1299	1099
1318	1343	1299
1318	1359	1343
1359	1436	1343
1359	1318	1436
1179	1208	1276
1276	1389	1179
1208	1355	1276
1208	1289	1355
1289	1471	1355
1471	1564	1355
1208	1283	1289
1180	1224	1253
1192	1223	1229
1223	1237	1229
1237	1245	1229
1194	1243	1221
1194	1349	1243
1199	1292	1387
1387	1323	1199
1323	1201	1199
1201	1055	1199
1201	1012	1055
1323	1361	1201
1323	1381	1361
1323	1387	1381
1227	1257	1252
1227	1246	1257
1233	1390	1354
1258	1275	1335
1275	1230	1335
1335	1379	1258
1263	1377	1376
1263	1407	1377
1407	1376	1377
1263	1427	1407
1271	1424	1373
1282	1465	1420
1420	1239	1282
1287	1321	1331
1321	1370	1331
1370	1433	1331
1370	1603	1433
1603	1586	1433
1603	1613	1586
1613	1645	1586
1295	1400	1356
1356	1269	1295
1295	1307	1400
1326	1327	1408
1408	1457	1326
1408	1460	1457
1460	1497	1457
1497	1581	1457
1497	1627	1581
1348	1362	1409
1409	1364	1348
1364	1278	1348
1367	1480	1491
1367	1385	1480
1380	1405	1486
1405	1536	1486
1395	1585	1511
1585	1646	1511
1646	1563	1511
1646	1665	1563
1646	1678	1665
1646	1585	1678
1585	1693	1678
1585	1635	1693
1635	1734	1693
1635	1598	1734
1598	1653	1734
1598	1436	1653
1436	1642	1653
1585	1583	1635
1399	1440	1462
1399	1413	1440
1440	1596	1462
1596	1475	1462
1475	1399	1462
1475	1390	1399
1442	1579	1655
1579	1663	1655
1444	1492	1575
1450	1507	1482
1507	1666	1482
1454	1580	1617
1469	1476	1636
1476	1670	1636
1670	1704	1636
1704	1782	1636
1704	1790	1782
1790	1898	1782
1704	1759	1790
1704	1668	1759
1668	1651	1759
1704	1670	1668
1670	1494	1668
1670	1476	1494
1473	1478	1574
1487	1608	1566
1493	1658	1559
1505	1548	1601
1548	1616	1601
1616	1621	1601
1518	1722	1659
1722	1795	1659
1722	1730	1795
1722	1518	1730
1519	1535	1632
1535	1674	1632
1632	1547	1519
1632	1703	1547
1525	1698	1721
1698	1872	1721
1872	1850	1721
1872	2014	1850
2014	1962	1850
1962	1870	1850
1962	2012	1870
1962	2056	2012
2056	2140	2012
2140	2143	2012
2143	2041	2012
2143	2103	2041
2103	1982	2041
1982	1852	2041
1982	1755	1852
1755	1801	1852
1801	1877	1852
1801	1870	1877
2140	2188	2143
2188	2377	2143
2188	2299	2377
2188	2140	2299
2140	2277	2299
2277	2301	2299
2301	2455	2299
2277	2286	2301
2286	2436	2301
2286	2257	2436
2257	2497	2436
2497	2563	2436
2497	2534	2563
2534	2671	2563
2671	2646	2563
2534	2666	2671
2666	2750	2671
2286	2093	2257
2093	2156	2257
2093	1959	2156
1959	1978	2156
1959	1831	1978
1831	1769	1978
1831	1604	1769
1604	1640	1769
1640	1768	1769
1959	1872	1831
1872	1698	1831
1959	2014	1872
1959	2093	2014
2093	2056	2014
2056	1962	2014
2093	2286	2056
2286	2277	2056
2277	2140	2056
1721	1661	1525
1527	1593	1552
1593	1543	1552
1593	1667	1543
1667	1689	1543
1667	1781	1689
1593	1705	1667
1593	1527	1705
1529	1584	1537
1529	1587	1584
1533	1718	1582
1533	1682	1718
1533	1633	1682
1538	1589	1562
1562	1400	1538
1549	1619	1707
1568	1654	1628
1568	1631	1654
1569	1639	1622
1622	1427	1569
1639	1746	1622
1639	1750	1746
1750	1854	1746
1854	1919	1746
1854	2034	1919
2034	2013	1919
2013	1871	1919
2013	2008	1871
2008	1933	1871
1750	1858	1854
1750	1802	1858
1802	1878	1858
1878	2061	1858
1802	1775	1878
1775	1866	1878
1639	1602	1750
1639	1569	1602
1571	1684	1731
1684	1824	1731
1824	1880	1731
1612	1688	1800
1688	1757	1800
1757	1839	1800
1839	1842	1800
1842	1807	1800
1839	1951	1842
1839	2064	1951
2064	2025	1951
2025	2036	1951
2025	2178	2036
2178	2237	2036
2237	2223	2036
2223	2199	2036
2199	2118	2036
2223	2411	2199
2411	2229	2199
2411	2403	2229
2403	2290	2229
2403	2443	2290
2443	2396	2290
2443	2520	2396
2178	2315	2237
2178	2181	2315
2181	2372	2315
2372	2407	2315
2372	2424	2407
2424	2560	2407
2424	2656	2560
2372	2395	2424
2181	2222	2372
2222	2248	2372
2222	2192	2248
2222	2147	2192
2222	2181	2147
2181	2178	2147
2178	2064	2147
2178	2025	2064
1688	1739	1757
1739	1846	1757
1662	1742	1699
1699	1596	1662
1672	1696	1673
1672	1733	1696
1679	1786	1784
1786	1888	1784
1888	1823	1784
1888	1921	1823
1921	1875	1823
1875	1835	1823
1690	1744	1695
1694	1825	1724
1724	1480	1694
1709	1819	1728
1713	1738	1827
1738	1841	1827
1738	1837	1841
1837	1980	1841
1837	1998	1980
1837	1994	1998
1994	2010	1998
2010	2119	1998
2010	2125	2119
2010	2053	2125
2053	2154	2125
2154	2221	2125
2154	2244	2221
2154	2224	2244
2224	2356	2244
2010	1941	2053
1941	2032	2053
1827	1845	1713
1845	1857	1713
1857	1717	1713
1715	1765	1856
1715	1703	1765
1765	1905	1856
1765	1788	1905
1720	1833	1792
1833	1791	1792
1833	1882	1791
1882	1785	1791
1736	1844	1869
1869	1804	1736
1844	1881	1869
1881	1910	1869
1881	2001	1910
1881	2037	2001
1881	1946	2037
1946	1990	2037
1881	1844	1946
1740	1860	1884
1884	1753	1740
1751	1783	1797
1797	1763	1751
1763	1628	1751
1763	1725	1628
1783	1859	1797
1764	1770	1851
1770	1799	1851
1799	1826	1851
1799	1789	1826
1799	1770	1789
1805	1954	1813
1954	1968	1813
1968	1922	1813
1808	1916	1862
1811	1830	1897
1812	1911	1936
1820	1891	1865
1820	2003	1891
2003	2009	1891
1832	1985	1992
1985	2065	1992
2065	2115	1992
2115	2089	1992
2089	1957	1992
2089	2011	1957
2115	2112	2089
2115	2202	2112
2115	2153	2202
2115	2065	2153
2065	2090	2153
2090	2130	2153
2090	2072	2130
2090	2030	2072
2090	1993	2030
1993	1937	2030
2090	2065	1993
2065	1985	1993
1849	1918	1907
1853	1899	1883
1853	1892	1899
1883	1859	1853
1883	1895	1859
1873	2026	1947
2026	1973	1947
1973	1894	1947
1876	1960	1896
1960	2019	1896
2019	1887	1896
1960	2088	2019
2088	2167	2019
2167	2176	2019
2167	2336	2176
2336	2344	2176
2336	2400	2344
2400	2511	2344
2511	2452	2344
1889	1995	1938
1995	2022	1938
2022	1969	1938
2022	2137	1969
2022	2164	2137
2022	2177	2164
2022	2200	2177
2022	2063	2200
2022	1995	2063
1890	2060	1981
2060	2204	1981
2204	2017	1981
2017	1920	1981
2017	1949	1920
2204	2196	2017
2204	2241	2196
2241	2216	2196
2216	2198	2196
2216	2165	2198
2216	2230	2165
2216	2423	2230
2423	2439	2230
2439	2374	2230
2423	2474	2439
2423	2420	2474
2420	2481	2474
2423	2216	2420
2216	2241	2420
2204	2243	2241
2204	2060	2243
1901	1955	1939
1955	2077	1939
1902	2071	1944
1904	1940	1997
1997	1935	1904
1997	2018	1935
1908	1927	2024
1927	1958	2024
1958	2105	2024
1958	2027	2105
2027	2128	2105
2027	2123	2128
2123	2247	2128
2123	2135	2247
2135	2148	2247
2148	2322	2247
2322	2327	2247
1958	1913	2027
2024	2047	1908
2024	2183	2047
2183	2197	2047
2197	2191	2047
2197	2312	2191
2197	2324	2312
2197	2318	2324
2197	2183	2318
1930	1991	1965
1930	1894	1991
1894	2051	1991
2051	1965	1991
2051	2136	1965
2136	2069	1965
2069	1866	1965
2136	2231	2069
2231	2076	2069
2051	2168	2136
1930	1795	1894
1945	1972	1976
1972	2080	1976
1963	2016	1996
2016	2185	1996
2185	2111	1996
2185	2187	2111
2187	2174	2111
1963	2006	2016
2006	2162	2016
2162	2232	2016
2162	2225	2232
2162	2262	2225
1966	2050	2048
1970	1986	2107
1989	2038	2078
2038	2214	2078
2214	2235	2078
2235	2213	2078
2235	2314	2213
2235	2363	2314
2235	2239	2363
2235	2214	2239
2038	2059	2214
2002	2033	2031
2023	2049	2081
2081	2108	2023
2081	2133	2108
2042	2045	2120
2052	2114	2145
2114	2189	2145
2070	2195	2109
2109	1978	2070
2070	2018	2195
2074	2098	2122
2098	2242	2122
2242	2283	2122
2242	2306	2283
2306	2353	2283
2242	2280	2306
2280	2325	2306
2242	2282	2280
2122	2099	2074
2099	2045	2074
2083	2173	2172
2085	2240	2209
2086	2151	2158
2151	2307	2158
2091	2100	2124
2092	2171	2101
2092	2120	2171
2095	2182	2138
2097	2212	2180
2212	2311	2180
2212	2409	2311
2110	2186	2210
2110	2117	2186
2186	2252	2210
2252	2357	2210
2129	2203	2152
2203	2274	2152
2274	2294	2152
2203	2273	2274
2203	2215	2273
2131	2264	2159
2149	2259	2261
2161	2184	2194
2194	2113	2161
2166	2170	2208
2169	2227	2281
2175	2205	2321
2190	2342	2193
2342	2215	2193
2206	2276	2304
2304	2279	2206
2304	2417	2279
2417	2378	2279
2378	2332	2279
2378	2561	2332
2561	2351	2332
2207	2298	2255
2298	2387	2255
2387	2393	2255
2387	2483	2393
2387	2431	2483
2431	2522	2483
2431	2530	2522
2431	2467	2530
2467	2504	2530
2431	2355	2467
2355	2433	2467
2355	2326	2433
2431	2387	2355
2387	2298	2355
2249	2297	2251
2297	2275	2251
2297	2346	2275
2346	2335	2275
2297	2448	2346
2448	2526	2346
2297	2490	2448
2297	2539	2490
2297	2514	2539
2263	2295	2317
2270	2408	2397
2270	2231	2408
2408	2570	2397
2278	2313	2359
2313	2380	2359
2313	2415	2380
2313	2347	2415
2347	2364	2415
2347	2353	2364
2284	2515	2305
2515	2471	2305
2515	2672	2471
2672	2611	2471
2611	2480	2471
2480	2418	2471
2611	2524	2480
2524	2363	2480
2524	2551	2363
2524	2588	2551
2588	2599	2551
2599	2532	2551
2599	2738	2532
2738	2661	2532
2661	2484	2532
2738	2780	2661
2780	2830	2661
2830	2653	2661
2830	2801	2653
2780	2929	2830
2599	2819	2738
2599	2808	2819
2808	2997	2819
2808	2823	2997
2823	2918	2997
2918	3157	2997
3157	3186	2997
3186	3226	2997
3226	3223	2997
3157	3236	3186
3157	3251	3236
3251	3400	3236
3251	3369	3400
3157	3091	3251
3091	3115	3251
3091	3087	3115
3087	3211	3115
3091	2940	3087
2823	2781	2918
2823	2720	2781
2720	2672	2781
2672	2640	2781
2640	2730	2781
2720	2611	2672
2720	2823	2611
2823	2808	2611
2808	2588	2611
2588	2524	2611
2808	2599	2588
2287	2398	2291
2398	2413	2291
2293	2339	2334
2293	2428	2339
2428	2422	2339
2422	2334	2339
2422	2454	2334
2422	2491	2454
2491	2567	2454
2567	2472	2454
2491	2688	2567
2491	2601	2688
2601	2748	2688
2748	2783	2688
2601	2811	2748
2601	2796	2811
2796	2942	2811
2942	3024	2811
3024	2958	2811
2942	3096	3024
2601	2603	2796
2601	2495	2603
2495	2428	2603
2428	2585	2603
2585	2600	2603
2585	2602	2600
2585	2517	2602
2585	2428	2517
2428	2328	2517
2428	2293	2328
2495	2422	2428
2495	2491	2422
2495	2601	2491
2334	2174	2293
2334	2240	2174
2303	2345	2388
2345	2503	2388
2345	2478	2503
2478	2548	2503
2548	2637	2503
2478	2523	2548
2388	2316	2303
2338	2501	2450
2340	2466	2572
2466	2582	2572
2466	2465	2582
2465	2374	2582
2465	2341	2374
2465	2466	2341
2348	2558	2485
2352	2371	2366
2366	2208	2352
2362	2456	2528
2456	2544	2528
2544	2633	2528
2633	2659	2528
2633	2759	2659
2633	2706	2759
2706	2763	2759
2763	2839	2759
2763	3018	2839
2706	2663	2763
2706	2633	2663
2633	2544	2663
2544	2610	2663
2544	2456	2610
2456	2464	2610
2464	2606	2610
2464	2473	2606
2464	2401	2473
2401	2405	2473
2528	2410	2362
2365	2385	2463
2463	2519	2365
2367	2449	2429
2449	2453	2429
2449	2566	2453
2449	2580	2566
2580	2586	2566
2586	2641	2566
2641	2648	2566
2641	2760	2648
2641	2586	2760
2586	2580	2760
2580	2757	2760
2449	2510	2580
2449	2373	2510
2373	2494	2510
2494	2628	2510
2494	2590	2628
2590	2625	2628
2625	2786	2628
2786	2792	2628
2786	2862	2792
2786	3006	2862
3006	3037	2862
3037	3050	2862
2786	2910	3006
2625	2708	2786
2625	2572	2708
2590	2494	2625
2449	2367	2373
2368	2427	2438
2368	2389	2427
2438	2404	2368
2438	2496	2404
2496	2414	2404
2438	2623	2496
2623	2575	2496
2623	2741	2575
2438	2613	2623
2370	2468	2509
2468	2538	2509
2538	2616	2509
2538	2576	2616
2538	2550	2576
2550	2678	2576
2538	2506	2550
2538	2468	2506
2375	2512	2583
2379	2447	2470
2447	2555	2470
2555	2702	2470
2555	2735	2702
2735	2736	2702
2735	2965	2736
2965	2927	2736
2927	2805	2736
2965	3035	2927
3035	3029	2927
3035	3083	3029
3083	3060	3029
3083	3152	3060
3083	3233	3152
3083	3035	3233
2447	2475	2555
2392	2445	2457
2445	2507	2457
2406	2434	2426
2434	2565	2426
2430	2521	2505
2430	2579	2521
2579	2673	2521
2673	2644	2521
2644	2505	2521
2673	2745	2644
2745	2768	2644
2768	2596	2644
2768	2798	2596
2798	2773	2596
2798	2836	2773
2579	2614	2673
2614	2704	2673
2704	2810	2673
2430	2452	2579
2430	2343	2452
2435	2553	2451
2441	2545	2577
2545	2630	2577
2461	2552	2525
2552	2718	2525
2718	2529	2525
2552	2744	2718
2744	2870	2718
2476	2556	2608
2556	2695	2608
2695	2752	2608
2695	2732	2752
2695	2556	2732
2556	2716	2732
2498	2499	2516
2516	2690	2498
2690	2733	2498
2690	2879	2733
2516	2499	2690
2499	2639	2690
2639	2679	2690
2639	2651	2679
2651	2816	2679
2651	2682	2816
2682	2877	2816
2877	2904	2816
2877	2934	2904
2877	2789	2934
2877	2682	2789
2651	2642	2682
2651	2570	2642
2651	2540	2570
2651	2639	2540
2498	2307	2499
2307	2469	2499
2307	2419	2469
2500	2513	2622
2531	2587	2615
2541	2687	2691
2541	2677	2687
2677	2693	2687
2693	2889	2687
2693	2842	2889
2693	2685	2842
2685	2809	2842
2809	2871	2842
2809	2806	2871
2693	2677	2685
2546	2591	2692
2591	2664	2692
2692	2697	2546
2574	2609	2681
2574	2565	2609
2565	2813	2609
2813	2681	2609
2813	2820	2681
2820	2789	2681
2813	2920	2820
2565	2684	2813
2684	2703	2813
2703	2788	2813
2593	2662	2740
2605	2636	2607
2612	2698	2667
2621	2705	2658
2621	2765	2705
2621	2817	2765
2817	2876	2765
2621	2832	2817
2631	2674	2743
2674	2762	2743
2674	2733	2762
2632	2717	2657
2717	2742	2657
2742	2675	2657
2717	2847	2742
2634	2650	2670
2652	2787	2749
2787	2852	2749
2654	2771	2668
2668	2561	2654
2561	2747	2654
2747	2771	2654
2747	2841	2771
2660	2799	2775
2799	2928	2775
2669	2802	2793
2669	2646	2802
2683	2696	2828
2686	2755	2774
2689	2818	2710
2700	2734	2779
2734	2756	2779
2711	2833	2807
2833	2815	2807
2833	2864	2815
2864	2791	2815
2864	2840	2791
2864	2869	2840
2864	2954	2869
2864	2833	2954
2713	2754	2893
2754	2804	2893
2804	2961	2893
2961	2973	2893
2973	2982	2893
2973	3043	2982
3043	3074	2982
3043	3139	3074
3139	3192	3074
3139	3261	3192
3043	3079	3139
3079	3267	3139
3079	3219	3267
3219	3317	3267
3219	3358	3317
3079	3011	3219
3079	2973	3011
2973	2961	3011
2961	2935	3011
2961	2804	2935
2804	2801	2935
3079	3043	2973
2725	2737	2728
2725	2867	2737
2725	2760	2867
2727	2782	2843
2782	2980	2843
2782	2856	2980
2856	2957	2980
2957	2989	2980
2989	3032	2980
2989	3033	3032
2957	2856	2989
2856	2916	2989
2856	2825	2916
2825	2838	2916
2843	2829	2727
2843	3007	2829
2758	2772	2945
2766	2778	2892
2892	2784	2766
2892	3003	2784
2770	2821	2848
2821	2885	2848
2885	2911	2848
2885	2913	2911
2913	2969	2911
2969	3045	2911
2969	3046	3045
3046	3086	3045
3046	3063	3086
3063	3128	3086
3063	3129	3128
3063	3203	3129
2969	2944	3046
2969	2913	2944
2797	2896	2952
2896	2931	2952
2896	2882	2931
2882	3012	2931
2882	2938	3012
2938	3080	3012
2938	2914	3080
2914	2984	3080
2984	3120	3080
3120	3198	3080
3120	3103	3198
3103	3245	3198
3245	3256	3198
2938	2882	2914
2800	2880	2943
2880	2962	2943
2962	3111	2943
2962	3101	3111
3101	3308	3111
3308	3203	3111
3308	3425	3203
3308	3342	3425
3342	3555	3425
3555	3592	3425
3342	3442	3555
3342	3208	3442
3208	3249	3442
3249	3388	3442
3388	3528	3442
3528	3559	3442
3528	3552	3559
3552	3615	3559
3615	3678	3559
3615	3693	3678
3693	3772	3678
3772	3705	3678
3615	3782	3693
3552	3508	3615
3508	3664	3615
3552	3528	3508
3528	3388	3508
3388	3384	3508
3384	3535	3508
3384	3349	3535
3349	3371	3535
3371	3569	3535
3569	3664	3535
3569	3658	3664
3371	3381	3569
3384	3197	3349
3197	3132	3349
3197	3071	3132
3197	3194	3071
3194	3156	3071
3194	3249	3156
3249	3208	3156
3194	3197	3249
3197	3388	3249
3197	3384	3388
3342	3308	3208
3308	3101	3208
2814	2994	2956
2826	2977	2919
2977	3023	2919
3023	2891	2919
2834	3073	2964
3073	3022	2964
3022	2974	2964
2974	2907	2964
2845	3015	2930
2851	2858	2906
2853	2863	3041
2865	3027	2951
3027	3058	2951
3058	2953	2951
3058	3008	2953
3008	2887	2953
3027	3077	3058
3077	3213	3058
3077	3193	3213
3193	3288	3213
3288	3340	3213
3193	3273	3288
3027	2993	3077
3027	2865	2993
2866	2966	2936
2866	3034	2966
2966	3061	2936
2872	2898	3078
2873	2976	2991
2873	3010	2976
2976	3125	2991
3125	2901	2991
2901	2873	2991
2897	3026	3099
3026	3124	3099
3026	3007	3124
2902	3039	3098
2903	3040	2999
2926	2979	3082
2926	2810	2979
2979	3138	3082
2932	2992	2933
2950	3075	3095
3075	3222	3095
3075	3178	3222
2960	3113	3062
2963	3140	3017
3140	3130	3017
2995	3020	3002
2996	3116	3081
2998	3106	3180
3106	3343	3180
3343	3410	3180
3410	3177	3180
3410	3338	3177
3410	3591	3338
3410	3590	3591
3590	3820	3591
3410	3558	3590
3558	3790	3590
3558	3783	3790
3783	3938	3790
3938	3929	3790
3938	4009	3929
3783	3829	3938
3783	3633	3829
3410	3515	3558
3515	3633	3558
3515	3476	3633
3476	3456	3633
3476	3343	3456
3476	3515	3343
3515	3410	3343
3009	3168	3149
3021	3196	3064
3030	3148	3105
3030	3110	3148
3030	2994	3110
3030	2981	2994
3044	3136	3174
3174	3106	3044
3136	3259	3174
3136	3264	3259
3264	3457	3259
3136	3107	3264
3107	3050	3264
3136	3041	3107
3136	3044	3041
3049	3131	3052
3131	3230	3052
3230	3227	3052
3227	3179	3052
3179	3166	3052
3227	3385	3179
3385	3301	3179
3385	3443	3301
3227	3452	3385
3227	3230	3452
3053	3090	3155
3065	3151	3237
3065	3105	3151
3151	3185	3237
3185	3332	3237
3067	3147	3143
3147	3284	3143
3104	3258	3229
3108	3154	3142
3154	3175	3142
3175	3238	3142
3238	3191	3142
3114	3235	3243
3235	3330	3243
3330	3335	3243
3335	3291	3243
3291	3250	3243
3250	3158	3243
3250	3176	3158
3250	3291	3176
3291	3381	3176
3118	3182	3195
3119	3200	3189
3200	3346	3189
3346	3285	3189
3346	3345	3285
3346	3494	3345
3494	3382	3345
3382	3228	3345
3382	3248	3228
3382	3455	3248
3455	3448	3248
3455	3533	3448
3455	3466	3533
3466	3565	3533
3565	3581	3533
3565	3672	3581
3672	3578	3581
3565	3724	3672
3724	3791	3672
3724	3835	3791
3724	3850	3835
3850	3892	3835
3892	3880	3835
3880	3834	3835
3880	3912	3834
3880	3892	3912
3892	4061	3912
4061	3977	3912
3977	3923	3912
3977	3922	3923
3922	3759	3923
3977	3932	3922
3565	3718	3724
3565	3466	3718
3466	3494	3718
3494	3673	3718
3494	3614	3673
3614	3670	3673
3614	3624	3670
3624	3623	3670
3624	3537	3623
3624	3402	3537
3402	3387	3537
3402	3346	3387
3346	3200	3387
3402	3494	3346
3402	3614	3494
3402	3624	3614
3466	3382	3494
3466	3455	3382
3121	3206	3201
3206	3326	3201
3123	3146	3163
3167	3379	3363
3363	3211	3167
3363	3369	3211
3170	3276	3181
3171	3311	3347
3171	3215	3311
3215	3266	3311
3266	3459	3311
3459	3491	3311
3491	3347	3311
3491	3377	3347
3491	3510	3377
3215	3152	3266
3173	3329	3310
3329	3398	3310
3329	3470	3398
3183	3297	3263
3297	3422	3263
3297	3434	3422
3297	3306	3434
3187	3328	3188
3328	3262	3188
3187	3426	3328
3426	3383	3328
3426	3449	3383
3426	3564	3449
3564	3639	3449
3205	3290	3220
3207	3359	3274
3207	3355	3359
3218	3224	3294
3218	3138	3224
3138	3199	3224
3138	2999	3199
3294	3351	3218
3351	3316	3218
3316	3116	3218
3316	3302	3116
3351	3453	3316
3294	3439	3351
3231	3370	3252
3370	3390	3252
3390	3404	3252
3390	3563	3404
3234	3417	3298
3417	3441	3298
3441	3352	3298
3352	3299	3298
3352	3289	3299
3289	3102	3299
3352	3397	3289
3352	3406	3397
3352	3441	3406
3441	3472	3406
3472	3599	3406
3472	3616	3599
3616	3642	3599
3616	3819	3642
3616	3727	3819
3616	3526	3727
3526	3553	3727
3553	3700	3727
3526	3417	3553
3417	3413	3553
3413	3594	3553
3526	3441	3417
3526	3472	3441
3526	3616	3472
3240	3287	3271
3287	3300	3271
3287	3461	3300
3461	3315	3300
3461	3562	3315
3562	3357	3315
3562	3407	3357
3287	3386	3461
3265	3282	3374
3265	3195	3282
3195	3296	3282
3296	3356	3282
3296	3339	3356
3296	3337	3339
3275	3295	3362
3295	3344	3362
3278	3366	3360
3278	3430	3366
3430	3360	3366
3278	3403	3430
3403	3659	3430
3403	3525	3659
3279	3353	3293
3353	3450	3293
3450	3334	3293
3450	3372	3334
3450	3458	3372
3458	3437	3372
3437	3379	3372
3437	3451	3379
3437	3458	3451
3280	3314	3409
3314	3341	3409
3341	3490	3409
3490	3573	3409
3281	3380	3348
3281	3475	3380
3475	3548	3380
3548	3589	3380
3589	3348	3380
3548	3604	3589
3604	3789	3589
3789	3847	3589
3847	3818	3589
3818	3611	3589
3611	3439	3589
3611	3570	3439
3847	3887	3818
3887	3855	3818
3887	4056	3855
4056	3885	3855
4056	4101	3885
4101	3945	3885
3945	3872	3885
3945	4007	3872
4007	4043	3872
3945	4101	4007
4056	4167	4101
4056	4198	4167
4056	4059	4198
4059	4230	4198
4059	4107	4230
4107	4246	4230
4246	4405	4230
4246	4383	4405
4383	4462	4405
4462	4508	4405
4059	4039	4107
4059	3868	4039
3868	3946	4039
3946	4062	4039
4062	4220	4039
3946	3896	4062
3896	3987	4062
3987	4050	4062
3987	3951	4050
3987	3896	3951
3946	3863	3896
3863	3749	3896
3863	3676	3749
3676	3725	3749
3725	3813	3749
3813	3951	3749
3725	3800	3813
3725	3637	3800
3637	3677	3800
3677	3861	3800
3861	3959	3800
3863	3811	3676
3863	3946	3811
3946	3868	3811
4059	3838	3868
4059	3847	3838
3847	3789	3838
4059	3887	3847
4059	4056	3887
3604	3704	3789
3604	3548	3704
3548	3475	3704
3475	3489	3704
3489	3549	3704
3281	3238	3475
3283	3373	3502
3292	3401	3423
3309	3323	3325
3323	3514	3325
3514	3567	3325
3567	3467	3325
3567	3610	3467
3567	3609	3610
3609	3785	3610
3609	3625	3785
3609	3514	3625
3609	3567	3514
3313	3405	3438
3318	3493	3392
3350	3454	3463
3463	3332	3350
3463	3525	3332
3454	3479	3463
3454	3503	3479
3454	3542	3503
3375	3418	3488
3418	3511	3488
3511	3571	3488
3511	3682	3571
3511	3574	3682
3574	3711	3682
3711	3754	3682
3711	3869	3754
3869	3804	3754
3711	3777	3869
3711	3675	3777
3675	3795	3777
3675	3748	3795
3711	3574	3675
3511	3460	3574
3460	3443	3574
3511	3418	3460
3389	3445	3433
3389	3411	3445
3411	3464	3445
3411	3374	3464
3411	3389	3374
3414	3473	3500
3473	3530	3500
3530	3501	3500
3414	3400	3473
3414	3324	3400
3414	3290	3324
3415	3474	3495
3474	3603	3495
3603	3687	3495
3687	3532	3495
3687	3577	3532
3577	3544	3532
3544	3330	3532
3603	3734	3687
3734	3851	3687
3851	3760	3687
3603	3759	3734
3421	3482	3468
3432	3505	3524
3440	3654	3638
3440	3683	3654
3477	3484	3520
3477	3313	3484
3477	3337	3313
3478	3519	3486
3519	3523	3486
3478	3566	3519
3566	3668	3519
3668	3707	3519
3668	3737	3707
3737	3763	3707
3668	3649	3737
3668	3566	3649
3566	3602	3649
3566	3504	3602
3566	3478	3504
3480	3557	3512
3483	3692	3543
3543	3358	3483
3692	3674	3543
3674	3517	3543
3692	3717	3674
3717	3824	3674
3824	3794	3674
3794	3733	3674
3794	3755	3733
3794	3905	3755
3905	3867	3755
3905	3950	3867
3950	3832	3867
3950	3981	3832
3981	3910	3832
3910	3780	3832
3910	3865	3780
3910	3964	3865
3964	3976	3865
3976	3908	3865
3964	4028	3976
3964	3981	4028
3981	4046	4028
3964	3910	3981
3794	3871	3905
3871	4044	3905
3871	4065	4044
3871	3934	4065
3871	3824	3934
3871	3794	3824
3692	3757	3717
3692	3588	3757
3588	3619	3757
3619	3775	3757
3588	3485	3619
3588	3483	3485
3588	3692	3483
3492	3628	3636
3492	3580	3628
3580	3671	3628
3521	3641	3657
3641	3684	3657
3684	3658	3657
3684	3821	3658
3684	3815	3821
3684	3708	3815
3708	3760	3815
3684	3641	3708
3527	3630	3576
3630	3644	3576
3630	3742	3644
3527	3612	3630
3612	3707	3630
3529	3765	3579
3765	3808	3579
3808	3697	3579
3808	3899	3697
3765	3810	3808
3810	3898	3808
3810	3767	3898
3810	3765	3767
3538	3663	3627
3627	3677	3538
3663	3788	3627
3788	3837	3627
3788	3965	3837
3788	3935	3965
3935	3966	3965
3935	3936	3966
3936	4140	3966
3936	4022	4140
4022	4184	4140
4184	4192	4140
4022	4017	4184
4017	4247	4184
4017	4203	4247
4203	4379	4247
4203	4397	4379
4397	4454	4379
4017	4005	4203
3935	3843	3936
3561	3585	3688
3585	3613	3688
3613	3751	3688
3613	3715	3751
3688	3666	3561
3598	3696	3714
3696	3833	3714
3696	3781	3833
3781	3979	3833
3979	3953	3833
3696	3712	3781
3712	3784	3781
3600	3716	3685
3716	3816	3685
3816	3743	3685
3605	3662	3803
3605	3562	3662
3562	3640	3662
3562	3607	3640
3803	3655	3605
3803	3695	3655
3695	3633	3655
3608	3736	3719
3736	3843	3719
3622	3710	3648
3710	3680	3648
3622	3646	3710
3646	3756	3710
3756	3860	3710
3860	3846	3710
3860	3902	3846
3860	3873	3902
3873	3889	3902
3889	3986	3902
3889	3943	3986
3889	3799	3943
3799	3884	3943
3889	3796	3799
3796	3756	3799
3756	3646	3799
3646	3691	3799
3646	3660	3691
3796	3860	3756
3796	3873	3860
3796	3889	3873
3626	3773	3774
3773	3779	3774
3643	3721	3669
3643	3697	3721
3697	3761	3721
3761	3669	3721
3761	3881	3669
3881	3856	3669
3881	3995	3856
3995	3942	3856
3942	3809	3856
3942	3972	3809
3972	3958	3809
3972	3983	3958
3995	4122	3942
4122	4076	3942
3881	4024	3995
4024	4064	3995
3669	3510	3643
3651	3730	3778
3778	3732	3651
3665	3713	3750
3750	3709	3665
3750	3802	3709
3802	3715	3709
3667	3776	3689
3694	3738	3706
3753	3814	3866
3753	3594	3814
3814	3908	3866
3866	3927	3753
3764	3768	3839
3768	3766	3839
3801	3844	3852
3844	3990	3852
3990	4026	3852
3844	3821	3990
3852	3828	3801
3806	3900	3937
3937	3785	3806
3937	3978	3785
3978	3989	3785
3978	4047	3989
3812	3895	3878
3827	3836	3933
3836	3853	3933
3853	3939	3933
3939	4014	3933
3939	4002	4014
4002	4042	4014
4042	4090	4014
4042	4161	4090
4161	4183	4090
4042	4139	4161
4042	4002	4139
4002	4079	4139
4079	4152	4139
4152	4237	4139
4002	3947	4079
4002	3939	3947
3933	3931	3827
3933	3952	3931
3840	3973	4011
3973	4135	4011
3973	4147	4135
4147	4256	4135
4147	4194	4256
4194	4228	4256
4228	4270	4256
4228	4253	4270
4253	4361	4270
4253	4371	4361
4371	4402	4361
4402	4423	4361
4402	4450	4423
4450	4431	4423
4450	4525	4431
4525	4456	4431
4456	4416	4431
4456	4322	4416
4525	4575	4456
4575	4588	4456
4588	4488	4456
4488	4469	4456
4488	4455	4469
4575	4605	4588
4605	4626	4588
4605	4653	4626
4653	4671	4626
4671	4689	4626
4671	4706	4689
4706	4708	4689
4708	4685	4689
4708	4719	4685
4719	4681	4685
4681	4602	4685
4681	4674	4602
4674	4587	4602
4681	4717	4674
4717	4773	4674
4773	4720	4674
4773	4855	4720
4855	4801	4720
4801	4695	4720
4695	4679	4720
4695	4662	4679
4662	4651	4679
4662	4613	4651
4613	4587	4651
4613	4534	4587
4534	4473	4587
4534	4349	4473
4349	4408	4473
4349	4258	4408
4258	4338	4408
4338	4420	4408
4258	4267	4338
4267	4294	4338
4267	4128	4294
4267	4121	4128
4121	4068	4128
4121	4036	4068
4036	3994	4068
3994	3893	4068
3893	3932	4068
3994	3851	3893
4036	3961	3994
4036	4123	3961
4123	4112	3961
4123	4148	4112
4148	4277	4112
4277	4085	4112
4277	4117	4085
4148	4301	4277
4148	4349	4301
4349	4449	4301
4349	4534	4449
4123	4036	4148
4036	4121	4148
4613	4578	4534
4613	4649	4578
4649	4638	4578
4638	4640	4578
4640	4565	4578
4638	4649	4640
4649	4716	4640
4716	4775	4640
4775	4761	4640
4761	4699	4640
4761	4727	4699
4775	4807	4761
4807	4800	4761
4807	4880	4800
4880	4886	4800
4886	4847	4800
4886	4899	4847
4899	4828	4847
4899	4900	4828
4900	4850	4828
4850	4819	4828
4819	4727	4828
4819	4688	4727
4688	4682	4727
4850	4841	4819
4850	4900	4841
4900	4903	4841
4903	4805	4841
4903	4864	4805
4864	4756	4805
4903	4906	4864
4903	4923	4906
4923	4945	4906
4945	4907	4906
4945	4969	4907
4969	4946	4907
4946	4838	4907
4946	4866	4838
4866	4812	4838
4812	4735	4838
4812	4780	4735
4780	4687	4735
4687	4622	4735
4687	4595	4622
4595	4537	4622
4537	4549	4622
4549	4693	4622
4693	4756	4622
4549	4579	4693
4549	4532	4579
4532	4600	4579
4532	4454	4600
4454	4495	4600
4687	4586	4595
4780	4772	4687
4772	4644	4687
4772	4754	4644
4772	4866	4754
4866	4813	4754
4813	4759	4754
4813	4758	4759
4758	4680	4759
4758	4656	4680
4813	4876	4758
4813	4897	4876
4897	5005	4876
5005	4952	4876
5005	5055	4952
5055	4998	4952
5055	4999	4998
5055	5069	4999
5069	5008	4999
5069	5070	5008
5070	4994	5008
5069	5120	5070
5120	5105	5070
5105	5057	5070
5105	5112	5057
5112	5091	5057
5091	5056	5057
5056	5018	5057
5018	4981	5057
5018	4947	4981
4947	4861	4981
4861	4894	4981
4861	4785	4894
4785	4831	4894
4785	4764	4831
4764	4751	4831
4764	4694	4751
4764	4785	4694
4947	4909	4861
4909	4842	4861
4842	4778	4861
4842	4796	4778
4947	4933	4909
5056	5089	5018
5089	5064	5018
5089	5090	5064
5090	5096	5064
5096	5071	5064
5071	4990	5064
5071	5030	4990
5030	4989	4990
4989	4982	4990
4982	4948	4990
4982	4949	4948
4949	4896	4948
4896	4893	4948
4893	4868	4948
4893	4863	4868
4863	4857	4868
4857	4849	4868
4857	4779	4849
4857	4863	4779
4863	4821	4779
4821	4722	4779
4722	4697	4779
4863	4893	4821
4893	4896	4821
4896	4835	4821
4896	4949	4835
4949	4840	4835
4840	4771	4835
4949	4852	4840
4852	4845	4840
4852	4846	4845
4852	4919	4846
4919	4878	4846
4878	4825	4846
4878	4820	4825
4878	4740	4820
4740	4723	4820
4740	4672	4723
4672	4659	4723
4740	4677	4672
4677	4639	4672
4677	4683	4639
4683	4641	4639
4683	4658	4641
4683	4804	4658
4683	4829	4804
4829	4898	4804
4898	4811	4804
4898	4817	4811
4817	4747	4811
4817	4724	4747
4724	4676	4747
4724	4660	4676
4660	4543	4676
4543	4547	4676
4547	4599	4676
4599	4658	4676
4543	4451	4547
4543	4480	4451
4480	4445	4451
4445	4385	4451
4724	4737	4660
4737	4691	4660
4829	4879	4898
4879	4920	4898
4920	4943	4898
4920	4922	4943
4922	5004	4943
5004	5007	4943
5004	5012	5007
5004	5060	5012
5060	5043	5012
5043	5020	5012
5043	5066	5020
5066	5001	5020
5066	5011	5001
5011	4928	5001
5011	4995	4928
5011	5045	4995
5045	4985	4995
4985	4891	4995
4985	4956	4891
4956	4883	4891
4883	4774	4891
4956	4936	4883
4936	4937	4883
4936	5006	4937
5006	4964	4937
4964	4938	4937
4938	4881	4937
4938	4966	4881
4966	4908	4881
4908	4816	4881
4908	4853	4816
4853	4748	4816
4748	4742	4816
4908	4918	4853
4918	4875	4853
4918	4905	4875
4905	4860	4875
4918	4983	4905
4918	4960	4983
4960	5040	4983
5040	5031	4983
5031	5009	4983
5031	5050	5009
5050	5037	5009
5037	4965	5009
4965	4953	5009
4953	4917	5009
4953	4944	4917
4944	4904	4917
4904	4826	4917
4826	4860	4917
4826	4833	4860
4833	4777	4860
4777	4784	4860
4777	4741	4784
4741	4746	4784
4777	4803	4741
4803	4669	4741
4803	4698	4669
4698	4646	4669
4698	4704	4646
4698	4786	4704
4786	4739	4704
4739	4738	4704
4739	4786	4738
4786	4763	4738
4763	4686	4738
4763	4725	4686
4725	4663	4686
4725	4762	4663
4725	4830	4762
4830	4836	4762
4836	4794	4762
4794	4678	4762
4794	4792	4678
4792	4703	4678
4703	4620	4678
4703	4701	4620
4701	4603	4620
4603	4569	4620
4569	4571	4620
4569	4563	4571
4563	4531	4571
4563	4507	4531
4507	4490	4531
4490	4499	4531
4507	4418	4490
4418	4387	4490
4507	4413	4418
4413	4392	4418
4413	4425	4392
4425	4323	4392
4413	4494	4425
4494	4476	4425
4413	4533	4494
4533	4603	4494
4603	4629	4494
4603	4713	4629
4713	4665	4629
4665	4633	4629
4633	4606	4629
4633	4625	4606
4625	4604	4606
4604	4567	4606
4567	4522	4606
4567	4530	4522
4530	4511	4522
4511	4503	4522
4530	4466	4511
4530	4493	4466
4493	4391	4466
4391	4358	4466
4358	4373	4466
4358	4340	4373
4358	4265	4340
4358	4281	4265
4281	4143	4265
4143	4217	4265
4217	4287	4265
4217	4183	4287
4183	4237	4287
4217	4104	4183
4217	4108	4104
4217	4143	4108
4143	4086	4108
4086	3980	4108
4086	4048	3980
4048	3944	3980
3944	3931	3980
4048	3960	3944
4048	4032	3960
4032	3997	3960
3997	3916	3960
4032	4034	3997
4034	4058	3997
4034	4032	4058
4032	4151	4058
4151	4092	4058
4151	4193	4092
4193	4211	4092
4211	4074	4092
4211	4157	4074
4157	3986	4074
4157	4102	3986
4157	4233	4102
4233	4168	4102
4168	4060	4102
4168	4126	4060
4126	4103	4060
4103	4063	4060
4103	4115	4063
4115	3988	4063
3988	3874	4063
4115	3996	3988
4115	4130	3996
4130	4147	3996
4147	3973	3996
4130	4194	4147
4130	4170	4194
4170	4253	4194
4253	4228	4194
4170	4232	4253
4232	4348	4253
4348	4371	4253
4348	4402	4371
4348	4439	4402
4439	4483	4402
4483	4450	4402
4483	4525	4450
4483	4546	4525
4546	4582	4525
4582	4575	4525
4582	4605	4575
4582	4597	4605
4597	4653	4605
4597	4610	4653
4610	4648	4653
4648	4667	4653
4667	4671	4653
4667	4753	4671
4753	4743	4671
4743	4706	4671
4743	4708	4706
4743	4719	4708
4743	4806	4719
4806	4717	4719
4717	4681	4719
4806	4773	4717
4806	4856	4773
4856	4855	4773
4856	4902	4855
4902	4871	4855
4871	4832	4855
4832	4801	4855
4832	4827	4801
4827	4788	4801
4788	4695	4801
4788	4716	4695
4716	4662	4695
4716	4649	4662
4649	4613	4662
4788	4775	4716
4788	4827	4775
4827	4807	4775
4827	4885	4807
4885	4880	4807
4885	4895	4880
4895	4910	4880
4910	4901	4880
4901	4886	4880
4901	4924	4886
4924	4899	4886
4924	4926	4899
4926	4900	4899
4926	4959	4900
4959	5026	4900
4926	4975	4959
4926	4924	4975
4924	4963	4975
4963	4986	4975
4986	4991	4975
4991	5015	4975
4991	5024	5015
4991	4986	5024
4986	5002	5024
5002	4992	5024
4992	5013	5024
5013	5039	5024
5013	4993	5039
4993	5027	5039
5027	5063	5039
5027	5016	5063
5027	5022	5016
5022	4980	5016
4980	4976	5016
4976	4967	5016
4967	5014	5016
5014	5023	5016
5014	5000	5023
5000	4987	5023
4987	5038	5023
5038	5052	5023
5052	5061	5023
5052	5058	5061
5058	5119	5061
5119	5122	5061
5058	5079	5119
5058	5052	5079
5052	5072	5079
5072	5100	5079
5100	5110	5079
5100	5098	5110
5098	5106	5110
5098	5067	5106
5067	5041	5106
5041	5081	5106
5081	5125	5106
5081	5131	5125
5131	5135	5125
5131	5136	5135
5136	5152	5135
5136	5149	5152
5149	5159	5152
5159	5161	5152
5159	5162	5161
5162	5156	5161
5156	5154	5161
5156	5151	5154
5151	5145	5154
5151	5132	5145
5132	5115	5145
5132	5127	5115
5127	5118	5115
5118	5086	5115
5086	5094	5115
5086	5084	5094
5084	5092	5094
5084	5073	5092
5084	5042	5073
5042	5051	5073
5051	5048	5073
5051	5036	5048
5036	5047	5048
5047	5068	5048
5068	5077	5048
5068	5063	5077
5068	5046	5063
5036	5015	5047
5042	5026	5051
5042	5033	5026
5033	4997	5026
4997	4970	5026
4997	4984	4970
4984	4945	4970
4945	4923	4970
4984	4974	4945
4974	4969	4945
4974	5010	4969
5010	5035	4969
5035	5019	4969
5019	4988	4969
4988	4946	4969
4988	4954	4946
4954	4866	4946
5019	5029	4988
5029	5049	4988
5029	5062	5049
5062	5101	5049
5101	5076	5049
5076	5078	5049
5078	5005	5049
5078	5055	5005
5078	5108	5055
5108	5102	5055
5102	5069	5055
5102	5109	5069
5109	5104	5069
5104	5120	5069
5104	5109	5120
5109	5140	5120
5140	5133	5120
5133	5105	5120
5133	5112	5105
5133	5121	5112
5121	5091	5112
5121	5134	5091
5134	5097	5091
5097	5083	5091
5083	5056	5091
5083	5089	5056
5083	5097	5089
5097	5130	5089
5130	5099	5089
5099	5090	5089
5099	5096	5090
5099	5130	5096
5130	5116	5096
5116	5107	5096
5107	5082	5096
5082	5071	5096
5082	5074	5071
5074	5030	5071
5074	5034	5030
5034	4950	5030
4950	4949	5030
4949	4989	5030
4949	4982	4989
4950	4939	4949
4950	5004	4939
5004	4922	4939
4922	4913	4939
4913	4919	4939
4919	4852	4939
4913	4878	4919
4913	4879	4878
4879	4829	4878
4829	4740	4878
4829	4683	4740
4683	4677	4740
4913	4922	4879
4922	4920	4879
4950	5034	5004
5074	5085	5034
5085	5093	5034
5085	5107	5093
5107	5113	5093
5113	5088	5093
5088	5060	5093
5088	5075	5060
5075	5043	5060
5075	5080	5043
5080	5066	5043
5080	5117	5066
5117	5065	5066
5065	5011	5066
5065	5045	5011
5065	5114	5045
5114	5032	5045
5032	4985	5045
5032	4956	4985
5032	5006	4956
5006	4936	4956
5032	5028	5006
5028	5003	5006
5003	4964	5006
5003	4966	4964
4966	4938	4964
5003	5041	4966
5041	4960	4966
4960	4951	4966
4951	4932	4966
4932	4908	4966
4932	4918	4908
4932	4960	4918
4932	4951	4960
5003	5059	5041
5059	5081	5041
5059	5053	5081
5053	5111	5081
5111	5131	5081
5111	5136	5131
5111	5149	5136
5111	5129	5149
5129	5150	5149
5150	5158	5149
5158	5159	5149
5158	5160	5159
5160	5162	5159
5160	5156	5162
5160	5148	5156
5148	5139	5156
5139	5151	5156
5148	5108	5139
5108	5103	5139
5103	5101	5139
5103	5095	5101
5095	5076	5101
5095	5103	5076
5103	5078	5076
5103	5108	5078
5158	5163	5160
5158	5157	5163
5157	5143	5163
5157	5137	5143
5137	5138	5143
5138	5126	5143
5126	5123	5143
5123	5142	5143
5142	5144	5143
5142	5123	5144
5123	5113	5144
5113	5141	5144
5141	5153	5144
5141	5128	5153
5128	5130	5153
5130	5134	5153
5130	5097	5134
5128	5116	5130
5128	5113	5116
5113	5107	5116
5128	5141	5113
5123	5088	5113
5123	5080	5088
5080	5075	5088
5123	5117	5080
5123	5126	5117
5126	5137	5117
5137	5114	5117
5114	5065	5117
5137	5129	5114
5129	5111	5114
5111	5054	5114
5054	5032	5114
5054	5028	5032
5054	5044	5028
5044	5003	5028
5044	5059	5003
5044	5053	5059
5044	5054	5053
5054	5111	5053
5137	5157	5129
5157	5150	5129
5157	5158	5150
5126	5138	5137
5085	5082	5107
5085	5074	5082
5121	5133	5134
5062	5087	5101
5062	5035	5087
5035	5010	5087
5010	5086	5087
5086	5118	5087
5118	5124	5087
5118	5127	5124
5127	5132	5124
5132	5151	5124
5010	5033	5086
5033	5084	5086
5033	5042	5084
5010	5017	5033
5017	4997	5033
5017	5010	4997
5010	4984	4997
5010	4974	4984
5062	5029	5035
5029	5019	5035
5067	5040	5041
5067	5050	5040
5050	5031	5040
5067	5098	5050
5098	5072	5050
5072	5037	5050
5072	5052	5037
5052	5038	5037
5038	5021	5037
5021	4965	5037
5021	4996	4965
4996	4921	4965
4921	4944	4965
4944	4953	4965
4921	4887	4944
4887	4904	4944
4887	4826	4904
4887	4823	4826
4823	4786	4826
4823	4793	4786
4793	4763	4786
4793	4725	4763
4793	4830	4725
4793	4874	4830
4874	4859	4830
4859	4836	4830
4859	4794	4836
4859	4889	4794
4889	4792	4794
4859	4927	4889
4927	4930	4889
4930	4934	4889
4930	4967	4934
4967	4976	4934
4976	4940	4934
4940	4888	4934
4888	4865	4934
4888	4862	4865
4862	4824	4865
4862	4767	4824
4767	4736	4824
4736	4730	4824
4730	4792	4824
4730	4703	4792
4730	4736	4703
4736	4701	4703
4736	4767	4701
4767	4749	4701
4749	4696	4701
4696	4603	4701
4696	4713	4603
4696	4749	4713
4749	4799	4713
4799	4797	4713
4797	4787	4713
4787	4715	4713
4715	4665	4713
4715	4707	4665
4707	4633	4665
4707	4714	4633
4714	4634	4633
4634	4625	4633
4634	4604	4625
4634	4675	4604
4675	4615	4604
4615	4590	4604
4590	4567	4604
4590	4558	4567
4558	4512	4567
4512	4493	4567
4493	4530	4567
4512	4497	4493
4497	4432	4493
4432	4391	4493
4432	4334	4391
4334	4281	4391
4281	4358	4391
4334	4303	4281
4303	4248	4281
4248	4143	4281
4248	4181	4143
4181	4124	4143
4124	4086	4143
4124	4048	4086
4124	4155	4048
4155	4032	4048
4155	4151	4032
4155	4181	4151
4181	4248	4151
4248	4193	4151
4248	4273	4193
4273	4286	4193
4286	4211	4193
4286	4341	4211
4341	4291	4211
4291	4233	4211
4233	4157	4211
4291	4207	4233
4207	4168	4233
4207	4126	4168
4207	4261	4126
4207	4291	4261
4291	4319	4261
4291	4341	4319
4341	4344	4319
4344	4407	4319
4407	4406	4319
4407	4461	4406
4461	4439	4406
4439	4348	4406
4461	4483	4439
4461	4546	4483
4461	4496	4546
4496	4529	4546
4529	4597	4546
4597	4582	4546
4529	4610	4597
4529	4594	4610
4594	4635	4610
4635	4648	4610
4635	4645	4648
4645	4667	4648
4645	4721	4667
4721	4753	4667
4721	4760	4753
4760	4795	4753
4795	4776	4753
4776	4743	4753
4776	4806	4743
4776	4814	4806
4814	4848	4806
4848	4856	4806
4848	4867	4856
4848	4854	4867
4854	4884	4867
4854	4839	4884
4854	4818	4839
4818	4760	4839
4760	4790	4839
4790	4837	4839
4790	4834	4837
4790	4787	4834
4787	4870	4834
4787	4858	4870
4858	4890	4870
4890	4916	4870
4916	4925	4870
4925	4912	4870
4925	4955	4912
4955	4979	4912
4979	4935	4912
4935	4884	4912
4979	4961	4935
4961	4958	4935
4958	4902	4935
4958	4895	4902
4895	4885	4902
4885	4871	4902
4885	4832	4871
4885	4827	4832
4958	4931	4895
4931	4910	4895
4931	4963	4910
4963	4924	4910
4924	4901	4910
4931	4971	4963
4971	5002	4963
5002	4986	4963
4971	4992	5002
4971	4958	4992
4958	4961	4992
4961	4979	4992
4979	5013	4992
4979	4955	5013
4955	4993	5013
4955	4914	4993
4914	4915	4993
4915	4940	4993
4940	4980	4993
4980	5022	4993
5022	5027	4993
4940	4976	4980
4915	4888	4940
4915	4873	4888
4873	4862	4888
4873	4858	4862
4858	4799	4862
4799	4767	4862
4799	4749	4767
4858	4797	4799
4858	4787	4797
4873	4890	4858
4873	4914	4890
4914	4916	4890
4914	4955	4916
4955	4925	4916
4873	4915	4914
4971	4931	4958
4790	4733	4787
4733	4715	4787
4733	4707	4715
4733	4714	4707
4733	4718	4714
4718	4634	4714
4718	4675	4634
4718	4731	4675
4731	4692	4675
4692	4618	4675
4618	4616	4675
4616	4615	4675
4616	4598	4615
4598	4590	4615
4598	4558	4590
4598	4548	4558
4548	4497	4558
4497	4512	4558
4548	4524	4497
4524	4460	4497
4460	4452	4497
4452	4432	4497
4452	4438	4432
4438	4334	4432
4438	4417	4334
4417	4350	4334
4350	4292	4334
4292	4303	4334
4292	4248	4303
4292	4273	4248
4292	4350	4273
4350	4360	4273
4360	4286	4273
4360	4366	4286
4366	4341	4286
4366	4396	4341
4396	4444	4341
4444	4407	4341
4407	4344	4341
4444	4461	4407
4444	4496	4461
4444	4506	4496
4506	4529	4496
4506	4540	4529
4540	4594	4529
4540	4576	4594
4576	4618	4594
4618	4624	4594
4624	4645	4594
4645	4635	4594
4624	4692	4645
4692	4721	4645
4692	4760	4721
4692	4731	4760
4731	4790	4760
4731	4718	4790
4718	4733	4790
4624	4618	4692
4576	4598	4618
4598	4616	4618
4576	4548	4598
4576	4524	4548
4576	4540	4524
4540	4506	4524
4506	4460	4524
4506	4417	4460
4417	4438	4460
4438	4452	4460
4506	4396	4417
4396	4350	4417
4396	4360	4350
4396	4366	4360
4506	4444	4396
4818	4795	4760
4818	4814	4795
4814	4776	4795
4818	4854	4814
4854	4848	4814
4155	4124	4181
4930	4962	4967
4962	5000	4967
5000	5014	4967
4962	4957	5000
4957	4987	5000
4957	4921	4987
4921	4996	4987
4996	5021	4987
5021	5038	4987
4957	4927	4921
4927	4911	4921
4911	4887	4921
4911	4874	4887
4874	4823	4887
4874	4793	4823
4911	4927	4874
4927	4859	4874
4957	4962	4927
4962	4930	4927
5098	5100	5072
4130	4115	4170
4115	4103	4170
4533	4569	4603
4533	4507	4569
4507	4563	4569
4533	4413	4507
4803	4826	4698
4803	4833	4826
4803	4777	4833
4813	4866	4897
4772	4780	4866
4780	4812	4866
4903	4900	4923
3857	3876	3888
3879	3911	4067
3911	3969	4067
3904	3917	3918
3904	3916	3917
3917	3940	3918
3940	3884	3918
3940	4015	3884
3906	3920	3984
3920	4027	3984
3907	4040	4000
4040	4083	4000
4040	4081	4083
4081	4215	4083
4040	4001	4081
4001	4070	4081
4000	3930	3907
3930	3816	3907
3941	4020	3971
3941	4055	4020
4020	4052	3971
3954	3999	4078
4078	4070	3954
3999	4099	4078
4099	4180	4078
4099	4173	4180
4173	4235	4180
4173	4310	4235
4310	4309	4235
3963	4037	4049
3970	4029	4087
4087	4109	3970
4109	3974	3970
4109	4041	3974
3998	4116	4144
4116	4150	4144
4150	4280	4144
4150	4307	4280
4116	4073	4150
4073	4080	4150
4073	4043	4080
4012	4100	4018
4100	4057	4018
4051	4088	4162
4066	4158	4165
4158	4289	4165
4289	4332	4165
4332	4227	4165
4227	4182	4165
4069	4141	4091
4072	4169	4098
4169	4134	4098
4169	4336	4134
4169	4223	4336
4223	4380	4336
4223	4377	4380
4098	4077	4072
4089	4097	4204
4097	4212	4204
4212	4327	4204
4093	4153	4125
4094	4200	4146
4095	4202	4297
4297	4331	4095
4111	4137	4149
4113	4274	4208
4119	4133	4254
4132	4251	4244
4251	4325	4244
4325	4271	4244
4251	4304	4325
4304	4400	4325
4400	4504	4325
4400	4557	4504
4557	4566	4504
4557	4656	4566
4400	4365	4557
4365	4468	4557
4468	4644	4557
4365	4345	4468
4345	4395	4468
4365	4304	4345
4365	4400	4304
4145	4240	4224
4163	4171	4239
4171	4205	4239
4239	4178	4163
4166	4234	4186
4166	4175	4234
4175	4229	4234
4188	4290	4311
4290	4382	4311
4199	4339	4250
4339	4364	4250
4339	4442	4364
4339	4370	4442
4370	4356	4442
4370	4260	4356
4370	4279	4260
4370	4339	4279
4339	4199	4279
4199	4141	4279
4206	4293	4255
4214	4257	4226
4216	4284	4288
4284	4448	4288
4448	4352	4288
4352	4285	4288
4352	4357	4285
4352	4422	4357
4422	4412	4357
4241	4263	4317
4263	4343	4317
4263	4321	4343
4263	4306	4321
4243	4346	4375
4243	4271	4346
4346	4398	4375
4375	4342	4243
4342	4220	4243
4375	4383	4342
4245	4282	4399
4259	4269	4300
4300	4385	4259
4264	4296	4463
4264	4215	4296
4296	4470	4463
4276	4351	4278
4283	4362	4359
4299	4429	4384
4429	4457	4384
4457	4388	4384
4388	4329	4384
4457	4515	4388
4457	4550	4515
4312	4433	4374
4316	4376	4482
4316	4254	4376
4324	4427	4353
4427	4516	4353
4516	4447	4353
4447	4390	4353
4347	4437	4492
4386	4545	4458
4545	4527	4458
4411	4513	4414
4513	4467	4414
4513	4542	4467
4542	4481	4467
4542	4502	4481
4411	4528	4513
4464	4484	4478
4464	4541	4484
4541	4560	4484
4541	4538	4560
4541	4464	4538
4478	4331	4464
4478	4362	4331
4362	4221	4331
4475	4535	4627
4535	4631	4627
4631	4757	4627
4757	4657	4627
4757	4770	4657
4485	4487	4564
4487	4584	4564
4487	4577	4584
4577	4666	4584
4577	4585	4666
4577	4520	4585
4577	4487	4520
4518	4637	4652
4572	4700	4668
4642	4702	4710
4710	4654	4642
4702	4750	4710
4684	4734	4744
4734	4781	4744
4734	4774	4781
4709	4815	4782
4815	4810	4782
4815	4882	4810
4726	4808	4729
4872	4929	4877
4942	4978	4977
262	344	285
227	212	275
242	158	227
400	506	449
506	584	449
584	463	449
306	358	281
203	236	273
714	854	817
714	814	854
714	649	814
337	447	409
447	478	409
337	353	447
343	328	452
350	391	392
15	12	5
18	25	12
18	40	25
40	43	25
79	144	81
130	144	80
182	129	211
129	160	211
182	128	129
75	25	85
75	23	25
509	461	451
461	432	451
550	533	474
533	391	474
550	586	533
550	595	586
595	683	586
453	335	487
846	980	891
751	757	741
751	819	757
708	814	651
708	755	814
1967	1868	1915
1021	922	1125
881	1119	902
1119	1056	902
881	933	1119
979	918	971
979	894	918
894	872	918
979	959	894
979	1041	959
1043	1128	1041
1304	1254	1316
1254	1217	1316
1254	1130	1217
1130	1042	1217
1091	1167	907
1943	2127	1829
2549	2624	2331
2624	2358	2331
2619	2758	2699
2350	2103	2377
2103	2143	2377
2350	2260	2103
2260	2132	2103
1798	1650	1634
1650	1588	1634
1798	1886	1650
1006	901	1059
1006	938	901
766	657	845
657	695	845
695	736	845
919	978	783
978	967	783
967	715	783
967	956	715
909	852	989
934	803	931
1279	1363	1375
1363	1495	1375
1630	1623	1545
1630	1702	1623
1630	1609	1702
1609	1732	1702
1716	1736	1804
1101	1029	1131
1214	1296	1236
1159	987	1013
1070	1009	1030
1283	1208	1051
1134	1305	1231
1418	1481	1431
1353	1122	1422
1387	1435	1381
1435	1626	1381
1626	1638	1381
1626	1776	1638
1776	1651	1638
1776	1903	1651
1626	1843	1776
1407	1690	1376
1690	1349	1376
1690	1695	1349
1407	1427	1690
1427	1622	1690
1622	1746	1690
1746	1744	1690
1746	1919	1744
1919	1871	1744
1871	1830	1744
1263	1146	1427
1678	1873	1665
1873	1697	1665
1666	1468	1482
1666	1740	1468
1740	1477	1468
1740	1753	1477
1753	1680	1477
1759	1893	1790
1795	1930	1659
1930	1965	1659
1965	1866	1659
1866	1614	1659
2563	2537	2436
2537	2455	2436
2537	2669	2455
2013	2206	2008
2013	2276	2206
2013	2034	2276
2034	2337	2276
2034	2086	2337
2086	2158	2337
2158	2307	2337
2396	2131	2290
2443	2726	2520
2403	2411	2443
2011	1974	1957
1849	1932	1918
1918	2002	1907
2002	1822	1907
2400	2658	2511
1940	2266	1997
2266	2195	1997
2195	2018	1997
2266	2292	2195
2292	2348	2195
2292	2266	2348
2312	2205	2191
2231	2270	2076
2136	2168	2231
2168	2308	2231
2308	2408	2231
2308	2432	2408
1996	1734	1963
2016	2232	2185
2232	2328	2185
2048	2049	1966
2049	1818	1966
2049	2023	1818
2023	1892	1818
2078	2213	1989
2213	1925	1989
2213	1940	1925
2052	2015	2114
2209	2026	2085
2085	2174	2240
2151	2061	2307
2061	2076	2307
2117	2175	2186
2186	2321	2252
2321	2370	2252
2149	2245	2259
2561	2395	2351
2395	2267	2351
2335	2184	2275
2480	2239	2418
3226	3324	3223
3236	3400	3186
3251	3115	3369
3115	3211	3369
2730	2940	2781
2640	2655	2730
2582	2722	2572
2572	2625	2340
2510	2628	2580
2792	2862	2628
2862	2878	2628
2878	2863	2628
2863	2760	2628
2863	2853	2760
2853	3041	2760
3041	3044	2760
2910	3125	3006
3125	3240	3006
3240	3271	3006
3271	3300	3006
2910	2901	3125
2616	2357	2509
2379	2261	2447
2379	2243	2261
2752	2832	2608
2832	2557	2608
2832	2621	2557
2752	2874	2832
2752	2946	2874
2946	3109	2874
3109	3089	2874
2752	2732	2946
2733	2674	2498
2687	2875	2691
2612	2785	2698
2785	2845	2698
2612	2751	2785
2612	2474	2751
2743	3002	2631
2743	2995	3002
2689	2831	2818
2831	2865	2818
2807	2665	2711
2772	2912	2945
2912	3104	2945
3104	3055	2945
2911	2946	2848
2946	2770	2848
2946	2716	2770
2716	2726	2770
3045	3173	2911
3045	3329	3173
3045	3086	3329
3129	3203	3128
2931	3012	2952
3156	2777	3071
3208	3101	3156
2907	2794	2964
3015	3092	2930
3092	2987	2930
3092	3010	2987
3015	3171	3092
3015	3215	3171
3222	3161	3095
3161	3072	3095
3178	3260	3222
3116	3302	3081
3302	3303	3081
3303	3255	3081
3255	3131	3081
3302	3444	3303
3106	3174	3343
3148	3350	3105
3148	3454	3350
3105	2989	3030
3623	3770	3670
3329	3498	3470
3498	3538	3470
3297	3097	3306
3290	3485	3220
3819	3900	3642
3900	3806	3642
3819	3875	3900
3875	3962	3900
3407	3365	3357
3386	3634	3461
4043	3924	3872
3924	3726	3872
3924	3686	3726
4198	4386	4167
4198	4230	4386
4230	4405	4386
4405	4545	4386
4405	4609	4545
4405	4508	4609
4508	4628	4609
4508	4694	4628
4107	4220	4246
4107	4039	4220
4062	4050	4220
4050	4243	4220
3896	3749	3951
3813	4003	3951
3677	3837	3861
3677	3627	3837
3811	3704	3676
3704	3549	3676
3549	3584	3676
3475	3238	3489
3610	3767	3467
3767	3529	3467
3767	3765	3529
3438	3484	3313
3717	3757	3824
3579	3459	3529
3899	3761	3697
3899	4004	3761
4004	4024	3761
4024	3881	3761
3899	4186	4004
4186	4189	4004
3899	3898	4186
3898	4166	4186
3898	3975	4166
3899	3808	3898
4203	4190	4397
3986	4102	3902
4102	4060	3902
3943	4074	3986
3943	3884	4074
3884	4015	4074
3972	4076	3983
4076	4260	3983
4260	4141	3983
4141	3991	3983
4260	4279	4141
3939	3853	3947
4488	4685	4455
4685	4415	4455
4685	4602	4415
4488	4588	4685
4534	4578	4449
4578	4430	4449
4906	4907	4864
4758	4614	4656
4614	4566	4656
4614	4561	4566
4758	4726	4614
4947	5018	4933
5018	5064	4933
4995	4891	4928
4875	4860	4853
4905	4917	4860
4905	4983	4917
4983	5009	4917
4738	4551	4704
4738	4686	4551
4494	4629	4476
4629	4503	4476
4629	4522	4503
4629	4606	4522
3960	3763	3944
3960	3916	3763
3916	3786	3763
5026	4923	4900
5026	4970	4923
4959	5051	5026
4959	5036	5051
4959	4975	5036
4975	5015	5036
5016	5023	5063
5023	5061	5063
5061	5122	5063
5122	5077	5063
5119	5147	5122
5119	5110	5147
5110	5135	5147
5135	5152	5147
5152	5161	5147
5110	5125	5135
5119	5079	5110
5034	5093	5004
5093	5060	5004
5041	5040	4960
5139	5124	5151
5139	5087	5124
5139	5101	5087
5143	5144	5163
5144	5153	5163
4786	4698	4826
4934	4865	4889
4824	4792	4865
4261	4232	4126
4232	4170	4126
4170	4103	4126
4261	4348	4232
4261	4406	4348
4261	4319	4406
4867	4902	4856
4867	4935	4902
4867	4884	4935
4839	4837	4884
4837	4912	4884
4837	4870	4912
4837	4834	4870
4078	4180	4070
3999	4052	4099
4012	4119	4100
4012	4026	4119
4332	4427	4227
4427	4324	4227
4324	4272	4227
4332	4453	4427
4234	4333	4186
4234	4381	4333
4234	4378	4381
4447	4410	4390
4538	4630	4560
4630	4769	4560
4769	4745	4560
