269.593440 109.905922 36.067732 255 0 0
283.591190 96.263353 41.101365 255 0 0
299.025081 84.186931 46.077179 255 0 0
315.895115 73.676654 50.995177 255 0 0
334.201290 64.732524 55.855356 255 0 0
353.943607 57.354539 60.657719 255 0 0
375.122066 51.542701 65.402263 255 0 0
397.736667 47.297008 70.088990 255 0 0
421.787410 44.617462 74.717900 0 255 0
398.789569 46.102656 88.075444 0 255 0
377.354849 49.292470 101.370058 0 255 0
357.483251 54.186905 114.601742 0 255 0
339.174774 60.785960 127.770497 0 255 0
322.429419 69.089635 140.876322 0 255 0
307.247186 79.097931 153.919218 0 255 0
293.628075 90.810847 166.899184 0 255 0
281.572085 104.228384 179.816221 0 255 0
