3.267765561117191737e+02 7.202329644046790236e+01 1.870985633507506236e+02
3.208880481432496481e+02 5.481355552561893774e+01 1.841921694668493501e+02
3.226503504253109895e+02 3.989233184394572618e+01 1.678446990255796436e+02
3.109890477560221598e+02 2.509167593819938702e+01 1.535849344402574843e+02
3.165223942776038939e+02 1.065222763911077664e+01 1.339710212846755155e+02
3.186107792724259298e+02 -2.940876708631776637e-01 9.689894755226941925e+01
3.333468358408056247e+02 -1.172232127912522515e+01 5.977410190970425674e+01
3.613977755890457502e+02 -2.459608913132095154e+01 2.746974153993539858e+01
3.728266215752573771e+02 -3.531937059615700036e+00 9.223436579479141528e+00
3.652915245923768452e+02 1.379837163116019383e+01 1.421753631932779172e+01
3.675176770521319440e+02 3.185130721850299551e+01 1.348216982683550214e+01
3.664226359373981268e+02 4.580890957392324481e+01 3.470291539400363945e+01
3.679815437501677025e+02 6.482546469398323552e+01 2.909427975659394860e+01
3.657693908030749981e+02 8.336024622499451198e+01 2.675208085251557577e+01
3.708819488734108063e+02 1.002086384110180575e+02 3.169340270122427228e+01
