28.155699 35.727435 14.002431 255 0 0
28.415339 35.530069 13.128246 255 0 0
28.733311 35.216380 12.253740 255 0 0
29.109615 34.786367 11.378916 255 0 0
29.544250 34.240030 10.503772 255 0 0
30.037217 33.577368 9.628308 255 0 0
30.588515 32.798383 8.752525 255 0 0
31.198145 31.903073 7.876422 255 0 0
31.866107 30.891440 7.000000 0 255 0
31.199653 29.873375 7.873577 0 255 0
30.591192 28.971633 8.747474 0 255 0
30.040724 28.186216 9.621690 0 255 0
29.548249 27.517122 10.496225 0 255 0
29.113766 26.964353 11.371080 0 255 0
28.737277 26.527908 12.246255 0 255 0
28.418781 26.207787 13.121749 0 255 0
28.158278 26.003990 13.997563 0 255 0
