3	10	4
4	9	3
4	52	9
52	56	9
56	7	9
7	61	9
7	53	61
53	86	61
86	173	61
173	104	61
104	91	61
53	6	86
6	103	86
6	12	103
12	75	103
12	16	75
16	32	75
32	48	75
32	13	48
13	14	48
14	22	48
22	44	48
22	39	44
22	24	39
24	33	39
33	67	39
67	125	39
67	85	125
85	200	125
200	190	125
190	188	125
190	306	188
190	329	306
329	364	306
190	244	329
244	292	329
292	348	329
190	200	244
67	68	85
67	33	68
24	29	33
24	27	29
27	41	29
27	30	41
30	49	41
49	82	41
82	74	41
74	77	41
74	89	77
89	88	77
88	78	77
88	99	78
99	68	78
99	117	68
99	123	117
123	143	117
123	144	143
144	175	143
144	149	175
149	186	175
149	160	186
160	198	186
160	226	198
226	286	198
149	123	160
123	99	160
99	159	160
159	165	160
159	156	165
156	174	165
174	233	165
174	243	233
243	266	233
266	252	233
266	261	252
261	226	252
261	298	226
261	313	298
313	331	298
331	422	298
331	425	422
425	634	422
634	572	422
425	601	634
425	498	601
498	553	601
553	702	601
498	473	553
473	543	553
473	505	543
505	536	543
505	554	536
505	488	554
488	479	554
479	500	554
500	598	554
488	436	479
436	362	479
436	334	362
334	338	362
334	308	338
334	266	308
266	243	308
334	261	266
334	333	261
333	313	261
333	331	313
333	349	331
349	425	331
349	402	425
402	473	425
473	498	425
402	505	473
402	390	505
390	436	505
436	488	505
390	334	436
390	333	334
390	373	333
373	349	333
373	402	349
373	390	402
174	193	243
193	259	243
193	189	259
189	195	259
195	231	259
231	276	259
276	307	259
276	293	307
293	342	307
293	323	342
323	406	342
406	467	342
406	489	467
489	594	467
594	533	467
594	646	533
646	653	533
653	559	533
559	508	533
653	630	559
630	638	559
594	626	646
594	649	626
649	665	626
649	666	665
666	755	665
666	711	755
711	852	755
852	877	755
711	719	852
719	826	852
711	635	719
711	666	635
666	555	635
666	649	555
649	594	555
594	489	555
489	464	555
489	406	464
323	328	406
328	343	406
343	365	406
343	366	365
366	410	365
366	388	410
366	272	388
272	326	388
272	315	326
315	367	326
315	327	367
315	300	327
300	290	327
290	316	327
316	368	327
368	427	327
368	426	427
368	412	426
412	421	426
421	458	426
421	440	458
421	419	440
419	453	440
453	531	440
453	512	531
512	570	531
512	540	570
540	566	570
540	535	566
535	532	566
532	622	566
622	656	566
622	636	656
636	673	656
636	641	673
641	727	673
641	717	727
717	778	727
778	798	727
778	873	798
873	888	798
873	977	888
873	828	977
828	930	977
828	844	930
844	901	930
901	949	930
901	939	949
939	968	949
939	966	968
966	1065	968
966	1013	1065
1013	1056	1065
1013	1027	1056
1013	966	1027
901	853	939
901	844	853
844	831	853
831	752	853
752	743	853
831	731	752
831	828	731
828	790	731
790	736	731
736	715	731
715	643	731
715	620	643
620	612	643
620	454	612
454	451	612
715	717	620
717	632	620
632	604	620
632	641	604
641	622	604
622	547	604
622	532	547
641	636	622
632	717	641
715	736	717
736	778	717
736	790	778
790	873	778
790	828	873
831	844	828
535	480	532
480	474	532
535	445	480
535	540	445
540	512	445
512	444	445
444	395	445
444	379	395
379	305	395
305	256	395
305	257	256
257	235	256
235	212	256
212	184	256
212	158	184
212	182	158
212	236	182
236	232	182
236	255	232
255	294	232
294	297	232
297	251	232
251	206	232
206	178	232
206	170	178
170	154	178
170	112	154
112	119	154
112	82	119
82	49	119
49	58	119
49	23	58
23	69	58
69	121	58
23	15	69
49	30	23
112	98	82
98	74	82
98	89	74
98	136	89
136	114	89
114	88	89
114	99	88
114	156	99
156	159	99
114	157	156
157	189	156
189	193	156
193	174	156
157	176	189
176	195	189
176	231	195
176	222	231
222	293	231
293	276	231
176	170	222
176	155	170
155	98	170
98	112	170
155	136	98
155	137	136
137	114	136
137	157	114
137	176	157
137	155	176
206	234	170
206	246	234
246	265	234
265	245	234
265	290	245
290	250	245
290	272	250
272	222	250
290	300	272
300	315	272
265	316	290
265	303	316
303	368	316
303	356	368
356	398	368
398	412	368
398	419	412
419	421	412
398	363	419
363	357	419
357	379	419
379	453	419
379	444	453
444	512	453
357	312	379
312	294	379
294	305	379
294	255	305
255	236	305
236	257	305
236	235	257
236	212	235
312	297	294
312	357	297
357	363	297
363	303	297
303	282	297
282	251	297
282	246	251
246	206	251
282	265	246
282	303	265
363	356	303
363	398	356
366	343	272
343	328	272
323	293	328
149	144	123
14	13	22
32	16	13
16	31	13
31	21	13
31	34	21
31	38	34
31	25	38
25	50	38
50	35	38
50	57	35
57	51	35
57	47	51
47	46	51
46	80	51
80	118	51
118	102	51
118	153	102
80	120	118
80	62	120
62	64	120
64	66	120
66	94	120
94	100	120
100	204	120
204	219	120
204	279	219
279	301	219
204	205	279
204	180	205
180	169	205
180	140	169
140	199	169
199	208	169
199	197	208
197	194	208
194	249	208
249	275	208
275	241	208
275	287	241
287	330	241
287	339	330
339	361	330
361	360	330
360	380	330
339	414	361
414	442	361
414	493	442
493	476	442
476	466	442
466	484	442
484	487	442
466	485	484
485	514	484
485	519	514
519	571	514
571	599	514
599	603	514
571	578	599
578	595	599
578	633	595
578	617	633
617	721	633
721	722	633
617	677	721
677	811	721
677	794	811
794	941	811
677	671	794
677	602	671
602	584	671
602	548	584
548	461	584
602	519	548
519	493	548
519	476	493
519	466	476
519	485	466
602	571	519
602	578	571
602	617	578
602	677	617
339	386	414
386	370	414
370	415	414
370	352	415
352	401	415
401	461	415
401	383	461
401	332	383
401	352	332
352	273	332
273	264	332
273	227	264
227	221	264
221	267	264
221	269	267
269	274	267
274	322	267
322	345	267
322	381	345
274	314	322
274	269	314
269	304	314
269	196	304
196	223	304
223	277	304
223	202	277
202	225	277
225	354	277
225	288	354
288	359	354
359	393	354
393	387	354
387	411	354
411	404	354
393	394	387
394	397	387
397	470	387
397	518	470
518	539	470
393	469	394
393	417	469
417	431	469
431	550	469
550	520	469
520	471	469
471	448	469
471	494	448
494	515	448
515	486	448
486	441	448
486	504	441
504	472	441
472	397	441
504	491	472
491	518	472
504	510	491
486	524	504
486	515	524
494	520	515
520	596	515
596	591	515
596	606	591
606	609	591
609	668	591
668	597	591
668	707	597
707	605	597
605	564	597
564	524	597
707	658	605
707	765	658
668	805	707
668	740	805
740	870	805
870	1017	805
870	962	1017
870	856	962
870	787	856
787	815	856
787	780	815
787	704	780
704	741	780
704	609	741
609	684	741
684	819	741
819	824	741
819	866	824
866	926	824
866	955	926
955	986	926
986	997	926
986	1076	997
1076	1057	997
1076	1113	1057
1076	1147	1113
1147	1227	1113
1147	1247	1227
1247	1263	1227
1147	1151	1247
1151	1216	1247
1216	1286	1247
1286	1288	1247
1288	1356	1247
1288	1286	1356
1286	1379	1356
1379	1530	1356
1379	1498	1530
1498	1538	1530
1538	1681	1530
1538	1697	1681
1697	1785	1681
1538	1707	1697
1538	1532	1707
1532	1643	1707
1643	1662	1707
1662	1832	1707
1643	1690	1662
1643	1587	1690
1587	1613	1690
1613	1622	1690
1622	1702	1690
1702	1794	1690
1702	1734	1794
1734	1812	1794
1734	1764	1812
1764	1808	1812
1764	1770	1808
1770	1890	1808
1890	1936	1808
1890	1938	1936
1770	1759	1890
1759	1881	1890
1759	1758	1881
1758	1837	1881
1837	1910	1881
1910	1940	1881
1910	1983	1940
1910	1976	1983
1910	1844	1976
1844	1917	1976
1917	2102	1976
1844	1811	1917
1811	1846	1917
1846	1918	1917
1846	1857	1918
1857	1926	1918
1926	2006	1918
1926	1941	2006
1926	1857	1941
1846	1821	1857
1846	1818	1821
1846	1811	1818
1811	1727	1818
1811	1809	1727
1809	1694	1727
1694	1635	1727
1635	1582	1727
1582	1599	1727
1599	1676	1727
1599	1526	1676
1526	1610	1676
1610	1701	1676
1610	1631	1701
1631	1748	1701
1610	1496	1631
1610	1422	1496
1422	1389	1496
1389	1384	1496
1384	1355	1496
1355	1478	1496
1478	1640	1496
1478	1586	1640
1586	1695	1640
1695	1753	1640
1753	1725	1640
1753	1750	1725
1750	1748	1725
1750	1796	1748
1384	1290	1355
1610	1526	1422
1582	1554	1599
1635	1593	1582
1635	1686	1593
1686	1626	1593
1626	1534	1593
1626	1597	1534
1597	1516	1534
1597	1555	1516
1555	1502	1516
1555	1529	1502
1529	1438	1502
1529	1485	1438
1485	1452	1438
1452	1295	1438
1295	1369	1438
1295	1218	1369
1452	1279	1295
1452	1293	1279
1485	1511	1452
1511	1402	1452
1511	1507	1402
1507	1498	1402
1498	1379	1402
1379	1286	1402
1507	1538	1498
1507	1525	1538
1525	1532	1538
1525	1507	1532
1507	1511	1532
1511	1587	1532
1587	1643	1532
1511	1485	1587
1485	1529	1587
1529	1613	1587
1529	1622	1613
1529	1555	1622
1555	1666	1622
1666	1702	1622
1666	1734	1702
1666	1705	1734
1705	1764	1734
1705	1770	1764
1705	1711	1770
1711	1715	1770
1715	1759	1770
1715	1686	1759
1686	1758	1759
1686	1693	1758
1693	1694	1758
1694	1837	1758
1694	1809	1837
1809	1910	1837
1809	1844	1910
1809	1811	1844
1693	1635	1694
1693	1686	1635
1715	1626	1686
1715	1653	1626
1653	1597	1626
1653	1661	1597
1661	1666	1597
1666	1555	1597
1661	1705	1666
1661	1711	1705
1661	1653	1711
1653	1715	1711
1151	1101	1216
1101	1166	1216
1151	1088	1101
1088	1042	1101
1042	988	1101
988	996	1101
1042	982	988
982	887	988
887	837	988
887	754	837
887	761	754
761	608	754
608	624	754
608	455	624
455	478	624
478	586	624
455	413	478
413	482	478
413	372	482
372	337	482
372	321	337
321	299	337
321	237	299
321	263	237
263	183	237
263	230	183
321	377	263
377	310	263
377	407	310
377	413	407
413	455	407
455	496	407
455	608	496
608	523	496
608	655	523
608	761	655
761	781	655
761	887	781
887	889	781
889	864	781
889	871	864
889	978	871
978	866	871
866	855	871
855	830	871
855	760	830
760	724	830
724	718	830
724	560	718
560	664	718
724	631	560
631	556	560
556	457	560
631	565	556
565	431	556
565	550	431
565	631	550
631	648	550
648	600	550
600	520	550
600	650	520
650	596	520
650	680	596
680	606	596
680	684	606
684	609	606
680	745	684
745	819	684
745	866	819
745	855	866
745	760	855
745	738	760
738	648	760
648	667	760
667	724	760
667	631	724
667	648	631
738	716	648
716	650	648
650	600	648
716	680	650
716	745	680
716	738	745
978	1010	866
1010	955	866
1010	1034	955
1034	986	955
1034	1076	986
1034	1147	1076
1034	1088	1147
1088	1151	1147
1034	1042	1088
1034	1010	1042
1010	991	1042
991	982	1042
991	978	982
978	889	982
889	887	982
991	1010	978
377	372	413
377	321	372
704	694	609
694	668	609
694	740	668
694	787	740
787	870	740
694	704	787
494	471	520
393	359	417
225	260	288
225	209	260
209	220	260
225	148	209
148	106	209
106	134	209
106	92	134
92	72	134
72	122	134
122	145	134
122	166	145
122	161	166
72	87	122
87	105	122
87	55	105
55	42	105
42	28	105
28	54	105
42	36	28
36	18	28
18	11	28
18	26	11
26	59	11
18	17	26
18	40	17
40	81	17
81	101	17
81	109	101
81	63	109
63	73	109
73	107	109
73	95	107
95	151	107
151	179	107
151	172	179
151	150	172
150	227	172
227	273	172
150	221	227
150	142	221
142	196	221
196	269	221
142	131	196
131	223	196
131	202	223
131	146	202
146	148	202
148	225	202
146	115	148
115	106	148
115	84	106
84	83	106
83	92	106
83	40	92
40	72	92
40	36	72
36	87	72
36	55	87
36	42	55
40	18	36
83	84	40
84	73	40
73	63	40
63	81	40
84	90	73
90	95	73
90	96	95
96	111	95
111	151	95
111	150	151
111	138	150
138	142	150
138	131	142
138	111	131
111	96	131
96	115	131
115	146	131
96	90	115
90	84	115
352	311	273
352	370	311
370	281	311
370	339	281
339	271	281
271	240	281
339	283	271
283	249	271
283	275	249
283	287	275
283	339	287
370	386	339
194	203	249
197	162	194
197	132	162
132	129	162
129	60	162
60	59	162
60	5	59
60	37	5
37	10	5
10	3	5
60	93	37
93	65	37
65	52	37
65	56	52
65	70	56
70	7	56
70	25	7
25	8	7
8	53	7
8	6	53
8	25	6
25	12	6
25	31	12
31	16	12
70	50	25
70	57	50
70	76	57
76	47	57
76	94	47
94	66	47
66	62	47
62	80	47
80	46	47
66	64	62
76	110	94
110	124	94
124	97	94
97	100	94
97	108	100
108	204	100
108	141	204
141	180	204
141	140	180
141	108	140
108	124	140
124	132	140
132	197	140
197	199	140
124	110	132
110	129	132
110	93	129
93	60	129
110	65	93
110	76	65
76	70	65
108	97	124
4	10	52
71	130	126
130	217	126
130	185	217
113	177	167
177	242	167
242	201	167
201	147	167
147	113	167
242	262	201
177	253	242
177	218	253
163	247	214
171	238	181
238	317	181
317	216	181
317	289	216
317	428	289
428	378	289
378	295	289
378	376	295
238	325	317
207	278	229
254	296	324
319	468	391
468	507	391
507	475	391
475	392	391
392	382	391
507	625	475
507	562	625
336	502	438
385	449	396
449	474	396
385	454	449
403	408	452
452	447	403
416	497	534
497	652	534
652	687	534
687	616	534
616	506	534
506	416	534
687	676	616
676	753	616
676	884	753
884	812	753
812	804	753
812	969	804
969	963	804
963	879	804
879	767	804
879	802	767
963	1055	879
963	1091	1055
1091	1191	1055
1191	1072	1055
1191	1187	1072
1187	1196	1072
1191	1264	1187
1191	1265	1264
1191	1239	1265
1239	1415	1265
1239	1267	1415
1239	1091	1267
1239	1191	1091
963	969	1091
969	1069	1091
969	884	1069
884	1070	1069
1070	1131	1069
1131	1209	1069
1131	1203	1209
969	812	884
676	687	884
497	492	652
492	685	652
492	593	685
492	546	593
492	465	546
418	549	522
418	460	549
460	545	549
545	575	549
575	610	549
575	689	610
689	786	610
689	739	786
575	545	689
545	639	689
460	501	545
460	462	501
460	380	462
380	450	462
424	432	459
429	443	568
481	569	589
481	567	569
567	583	569
483	576	590
576	692	590
503	582	517
582	563	517
538	623	627
623	733	627
541	579	573
544	670	587
552	728	661
728	801	661
801	675	661
675	618	661
728	875	801
728	802	875
552	645	728
557	577	678
592	615	706
615	726	706
726	770	706
615	747	726
747	898	726
747	876	898
747	744	876
744	858	876
858	900	876
858	868	900
868	882	900
882	1068	900
882	1014	1068
1014	1170	1068
1170	1225	1068
1170	1231	1225
1170	1240	1231
1240	1311	1231
1240	1320	1311
1240	1308	1320
1308	1329	1320
882	914	1014
868	858	882
614	637	709
619	695	697
629	725	700
700	586	629
642	756	696
756	779	696
779	713	696
756	814	779
814	897	779
657	793	842
660	806	735
806	860	735
662	672	663
683	820	813
683	821	820
821	906	820
906	851	820
851	813	820
686	705	847
690	899	839
899	987	839
987	964	839
964	905	839
905	817	839
905	943	817
943	816	817
943	827	816
943	923	827
964	1032	905
987	1143	964
1143	1185	964
1185	1204	964
1185	1232	1204
1232	1258	1204
1258	1107	1204
1185	1275	1232
1185	1228	1275
1228	1280	1275
1228	1172	1280
1172	1324	1280
1324	1371	1280
1371	1442	1280
1442	1445	1280
1442	1605	1445
1442	1646	1605
1442	1460	1646
1460	1480	1646
1480	1594	1646
1480	1559	1594
1559	1779	1594
1442	1371	1460
1172	1135	1324
1135	1305	1324
1135	1182	1305
1172	1095	1135
1228	1143	1172
1228	1185	1143
691	788	792
792	803	691
788	833	792
788	838	833
838	1041	833
693	710	834
834	800	693
834	918	800
918	927	800
918	999	927
999	874	927
874	859	927
874	799	859
874	810	799
874	912	810
874	952	912
874	999	952
730	742	783
742	818	783
818	878	783
818	929	878
818	893	929
818	757	893
783	695	730
695	651	730
749	850	764
751	772	836
751	722	772
722	766	772
766	808	772
808	836	772
766	896	808
896	909	808
775	867	890
775	854	867
784	823	917
823	945	917
945	1036	917
823	953	945
823	861	953
829	840	907
840	903	907
903	935	907
935	983	907
983	950	907
950	915	907
915	829	907
983	1061	950
983	998	1061
983	935	998
903	992	935
845	976	933
976	954	933
845	883	976
883	910	976
910	1023	976
1023	1019	976
1023	1047	1019
846	902	891
846	765	902
902	1081	891
1081	948	891
948	847	891
948	886	847
948	981	886
1081	1112	948
902	1025	1081
1025	1150	1081
857	1009	919
1009	965	919
1009	1129	965
1129	1021	965
857	1030	1009
857	956	1030
956	1029	1030
1029	1067	1030
1029	1195	1067
1195	1235	1067
1235	1139	1067
1195	1253	1235
1253	1277	1235
1253	1242	1277
1242	1357	1277
1357	1383	1277
1357	1419	1383
1419	1455	1383
1455	1457	1383
1455	1481	1457
1455	1419	1481
1419	1519	1481
1519	1574	1481
1519	1638	1574
1638	1672	1574
1672	1645	1574
1645	1651	1574
1645	1658	1651
1658	1724	1651
1419	1500	1519
1357	1407	1419
1357	1217	1407
1357	1222	1217
1357	1242	1222
1242	1195	1222
1242	1253	1195
956	1022	1029
956	1003	1022
872	880	947
880	959	947
881	975	928
881	1051	975
1051	1116	975
1051	1221	1116
1051	1108	1221
1051	1064	1108
1064	1087	1108
1064	942	1087
942	1039	1087
942	972	1039
972	1109	1039
1109	1125	1039
1109	1197	1125
1197	1344	1125
1197	1405	1344
1405	1458	1344
1458	1375	1344
1458	1578	1375
1458	1535	1578
1535	1775	1578
1775	1730	1578
1775	1772	1730
1458	1405	1535
1405	1487	1535
1487	1562	1535
1487	1488	1562
1487	1330	1488
1330	1430	1488
1430	1553	1488
1430	1432	1553
1330	1257	1430
1330	1197	1257
1330	1405	1197
1330	1487	1405
972	967	1109
1064	881	942
1064	1051	881
904	1001	924
904	980	1001
921	1084	979
931	1004	1011
936	1031	1007
958	1071	1141
960	1089	1058
960	1083	1089
960	898	1083
973	1161	1044
1044	941	973
941	913	973
1161	1099	1044
1161	1281	1099
989	1016	1094
1016	1153	1094
1153	1261	1094
1261	1211	1094
990	1018	1049
1018	1142	1049
1142	1122	1049
1122	1073	1049
1142	1183	1122
1142	1130	1183
1130	1254	1183
1254	1306	1183
1306	1294	1183
1130	1206	1254
1130	1059	1206
1059	1015	1206
1142	1018	1130
995	1119	1121
1119	1184	1121
1119	1214	1184
1119	1212	1214
1119	1054	1212
1000	1079	1090
1079	1128	1090
1128	1077	1090
1077	1041	1090
1041	1000	1090
1006	1048	1045
1048	1136	1045
1136	1063	1045
1063	992	1045
992	1006	1045
1048	1120	1136
1120	1137	1136
1137	1199	1136
1137	1198	1199
1137	1132	1198
1132	1180	1198
1180	1270	1198
1180	1213	1270
1213	1285	1270
1285	1353	1270
1285	1300	1353
1300	1364	1353
1364	1378	1353
1300	1334	1364
1334	1360	1364
1360	1410	1364
1360	1400	1410
1400	1459	1410
1400	1429	1459
1400	1491	1429
1491	1539	1429
1491	1527	1539
1527	1537	1539
1537	1556	1539
1556	1576	1539
1556	1579	1576
1579	1627	1576
1579	1675	1627
1675	1752	1627
1579	1682	1675
1579	1580	1682
1580	1583	1682
1583	1698	1682
1698	1786	1682
1698	1736	1786
1736	1749	1786
1749	1804	1786
1804	1894	1786
1894	1924	1786
1804	1897	1894
1749	1736	1804
1580	1528	1583
1579	1537	1580
1579	1556	1537
1527	1491	1537
1400	1444	1491
1400	1347	1444
1400	1334	1347
1334	1238	1347
1238	1181	1347
1334	1215	1238
1334	1236	1215
1334	1300	1236
1300	1210	1236
1300	1285	1210
1285	1213	1210
1213	1180	1210
1180	1118	1210
1180	1124	1118
1180	1132	1124
1132	1120	1124
1120	1048	1124
1132	1137	1120
1400	1360	1334
1008	1035	1154
1020	1117	1167
1028	1110	1104
1110	1190	1104
1033	1140	1164
1043	1168	1078
1168	1103	1078
1050	1162	1188
1162	1272	1188
1162	1269	1272
1269	1393	1272
1162	1169	1269
1169	1229	1269
1169	1129	1229
1074	1193	1250
1193	1245	1250
1193	1148	1245
1085	1202	1174
1097	1115	1173
1111	1192	1201
1201	1237	1111
1123	1189	1160
1189	1219	1160
1189	1249	1219
1249	1328	1219
1328	1318	1219
1328	1342	1318
1342	1350	1318
1342	1451	1350
1451	1370	1350
1451	1394	1370
1342	1461	1451
1461	1566	1451
1461	1509	1566
1509	1568	1566
1509	1482	1568
1509	1461	1482
1461	1380	1482
1380	1464	1482
1380	1413	1464
1413	1462	1464
1413	1412	1462
1412	1468	1462
1468	1533	1462
1461	1342	1380
1342	1328	1380
1328	1249	1380
1146	1152	1307
1156	1259	1338
1156	1174	1259
1259	1335	1338
1335	1421	1338
1421	1505	1338
1505	1474	1338
1505	1603	1474
1335	1433	1421
1165	1205	1179
1165	1177	1205
1176	1246	1299
1299	1276	1176
1200	1313	1287
1200	1358	1313
1287	1233	1200
1287	1321	1233
1321	1266	1233
1266	1248	1233
1266	1301	1248
1301	1252	1248
1301	1316	1252
1301	1317	1316
1301	1266	1317
1266	1321	1317
1321	1401	1317
1321	1287	1401
1208	1271	1332
1220	1304	1325
1243	1366	1367
1367	1304	1243
1366	1417	1367
1251	1315	1274
1268	1310	1323
1323	1418	1268
1418	1432	1268
1323	1476	1418
1323	1340	1476
1323	1310	1340
1310	1103	1340
1310	1268	1103
1268	1080	1103
1282	1314	1423
1302	1373	1391
1373	1486	1391
1373	1437	1486
1373	1377	1437
1377	1515	1437
1377	1501	1515
1377	1489	1501
1377	1386	1489
1386	1477	1489
1386	1359	1477
1359	1397	1477
1359	1319	1397
1319	1396	1397
1386	1354	1359
1386	1377	1354
1309	1395	1382
1395	1450	1382
1327	1467	1331
1331	1237	1327
1467	1518	1331
1518	1475	1331
1518	1558	1475
1558	1621	1475
1621	1497	1475
1497	1425	1475
1518	1639	1558
1639	1733	1558
1639	1703	1733
1703	1835	1733
1835	1854	1733
1854	1805	1733
1854	2023	1805
2023	2007	1805
2007	1932	1805
2023	2107	2007
1835	1961	1854
1835	1703	1961
1518	1467	1639
1467	1548	1639
1339	1470	1545
1470	1550	1545
1550	1609	1545
1609	1572	1545
1572	1517	1545
1517	1339	1545
1609	1747	1572
1747	1679	1572
1747	1862	1679
1747	1766	1862
1766	1830	1862
1830	2024	1862
1766	1609	1830
1766	1747	1609
1470	1493	1550
1493	1673	1550
1345	1368	1406
1368	1508	1406
1346	1449	1411
1349	1439	1434
1439	1506	1434
1352	1385	1513
1352	1221	1385
1221	1388	1385
1388	1513	1385
1352	1203	1221
1352	1446	1203
1362	1424	1456
1362	1375	1424
1375	1614	1424
1614	1456	1424
1372	1479	1427
1479	1521	1427
1374	1484	1492
1492	1524	1374
1524	1465	1374
1524	1608	1465
1492	1547	1524
1547	1654	1524
1492	1484	1547
1484	1495	1547
1495	1616	1547
1390	1512	1591
1390	1423	1512
1399	1447	1549
1447	1611	1549
1447	1564	1611
1447	1522	1564
1447	1411	1522
1435	1503	1630
1630	1642	1435
1630	1692	1642
1692	1649	1642
1692	1850	1649
1850	1858	1649
1858	1879	1649
1879	1873	1649
1873	1660	1649
1692	1787	1850
1787	1834	1850
1692	1696	1787
1692	1630	1696
1453	1664	1544
1466	1604	1542
1604	1595	1542
1604	1802	1595
1604	1714	1802
1471	1551	1561
1551	1716	1561
1551	1706	1716
1706	1826	1716
1826	1861	1716
1826	1966	1861
1966	1889	1861
1826	1803	1966
1826	1767	1803
1767	1867	1803
1826	1706	1767
1471	1446	1551
1472	1543	1598
1499	1567	1636
1567	1723	1636
1536	1704	1713
1536	1739	1704
1739	1791	1704
1791	1713	1704
1739	1814	1791
1739	1788	1814
1788	1878	1814
1552	1589	1557
1552	1659	1589
1552	1565	1659
1565	1670	1659
1670	1817	1659
1817	1847	1659
1565	1605	1670
1585	1781	1777
1601	1687	1678
1601	1618	1687
1618	1657	1687
1602	1612	1669
1607	1731	1760
1731	1845	1760
1607	1625	1731
1619	1691	1634
1691	1728	1634
1728	1721	1634
1721	1680	1634
1680	1650	1634
1650	1624	1634
1624	1619	1634
1624	1533	1619
1533	1504	1619
1721	1746	1680
1721	1840	1746
1721	1836	1840
1836	2027	1840
1836	1841	2027
1836	1728	1841
1836	1721	1728
1623	1757	1641
1628	1872	1655
1647	1778	1741
1778	1667	1741
1648	1820	1780
1820	1797	1780
1820	1967	1797
1820	1915	1967
1820	1816	1915
1820	1648	1816
1652	1754	1688
1754	1722	1688
1674	1751	1743
1743	1603	1674
1684	1708	1813
1708	1848	1813
1848	1833	1813
1848	1934	1833
1848	1885	1934
1848	1708	1885
1689	1763	1699
1689	1744	1763
1744	1855	1763
1744	1815	1855
1815	1927	1855
1744	1756	1815
1744	1608	1756
1744	1689	1608
1763	1801	1699
1699	1664	1689
1700	1710	1742
1742	1877	1700
1717	1824	1784
1718	1888	1876
1876	1723	1718
1719	1955	1822
1955	2050	1822
1955	2139	2050
1955	2033	2139
1768	1981	1883
1981	2035	1883
2035	1979	1883
1783	1831	1944
1789	1945	1891
1891	1695	1789
1695	1724	1789
1790	1995	1793
1793	1646	1790
1995	1827	1793
1995	2069	1827
1995	2174	2069
2174	2243	2069
2243	2181	2069
1995	2091	2174
1995	1898	2091
1898	1923	2091
1923	2018	2091
2018	2246	2091
2018	2223	2246
2223	2250	2246
2250	2423	2246
2423	2492	2246
2492	2352	2246
2492	2422	2352
2422	2357	2352
2492	2515	2422
2515	2520	2422
2250	2327	2423
2327	2469	2423
2327	2394	2469
2327	2323	2394
2323	2301	2394
2301	2373	2394
2323	2081	2301
2081	2128	2301
2081	1963	2128
2081	1978	1963
2081	2039	1978
2081	2223	2039
2223	2018	2039
2081	2250	2223
2081	2323	2250
2323	2327	2250
1898	1895	1923
1898	1779	1895
1806	1975	1958
1825	1892	2013
1892	1904	2013
1904	2047	2013
2047	2075	2013
2075	2118	2013
2075	2222	2118
2075	2275	2222
2075	2016	2275
2016	2274	2275
2274	2330	2275
2274	2286	2330
2286	2392	2330
2274	2256	2286
2256	2238	2286
2238	2265	2286
2265	2439	2286
2265	2483	2439
2265	2471	2483
2471	2604	2483
2471	2631	2604
2471	2447	2631
2447	2488	2631
2488	2686	2631
2447	2388	2488
2447	2272	2388
2447	2413	2272
2447	2471	2413
2256	2073	2238
2256	2016	2073
2256	2274	2016
2075	2047	2016
2047	1904	2016
1828	1950	1912
1839	1908	1843
1908	1914	1843
1908	1959	1914
1860	1907	1931
1907	1990	1931
1990	1951	1931
1951	1860	1931
1990	2061	1951
2061	1830	1951
1990	2144	2061
1874	1884	1980
1980	1922	1874
1980	2059	1922
1875	2002	2080
2002	2068	2080
2002	1973	2068
1973	2236	2068
2236	2241	2068
1973	2005	2236
2005	2153	2236
2005	2010	2153
2010	2151	2153
2151	2235	2153
2151	2257	2235
2257	2370	2235
2257	2342	2370
2342	2600	2370
2257	2297	2342
2151	2076	2257
2076	2032	2257
2032	2062	2257
2032	1982	2062
2032	1956	1982
2032	2076	1956
2076	1872	1956
2076	2010	1872
2010	2005	1872
2005	1906	1872
2005	1973	1906
2076	2151	2010
1882	1946	2008
1900	1984	1905
1984	1952	1905
1913	1942	1969
1942	2057	1969
2057	2074	1969
2074	2054	1969
2074	2145	2054
2145	2111	2054
2145	2233	2111
2145	2315	2233
2145	2287	2315
2287	2384	2315
2384	2386	2315
2386	2345	2315
2386	2493	2345
2384	2452	2386
2384	2287	2452
2287	2376	2452
2376	2514	2452
2145	2182	2287
2145	2074	2182
2074	2169	2182
2074	2157	2169
2074	2057	2157
2057	2156	2157
2156	2213	2157
2156	2288	2213
2288	2293	2213
2288	2328	2293
2057	2065	2156
2057	1942	2065
1920	1991	2042
1991	2082	2042
2042	1950	1920
1930	1970	1986
1986	2101	1930
1986	2210	2101
2210	2194	2101
2194	2121	2101
2194	2273	2121
1970	1968	1986
1937	2125	2116
2116	2009	1937
2009	1867	1937
1867	1871	1937
2116	2219	2009
2116	2305	2219
2116	2175	2305
2175	2348	2305
2348	2359	2305
2348	2427	2359
2427	2568	2359
2568	2541	2359
2541	2432	2359
2541	2592	2432
2592	2559	2432
2559	2402	2432
2592	2629	2559
2629	2639	2559
2629	2707	2639
2707	2727	2639
2707	2747	2727
2707	2771	2747
2771	2835	2747
2835	2843	2747
2835	3034	2843
3034	2853	2843
2835	3050	3034
2835	2854	3050
2835	2771	2854
2771	2769	2854
2769	2850	2854
2769	2751	2850
2769	2568	2751
2568	2630	2751
2630	2691	2751
2568	2427	2630
2769	2541	2568
2769	2707	2541
2707	2592	2541
2707	2629	2592
2769	2771	2707
2116	2137	2175
2137	2165	2175
2137	2125	2165
2125	2189	2165
2189	2269	2165
2189	2276	2269
2137	2116	2125
1939	2017	2070
2070	2037	1939
2070	2184	2037
2184	2106	2037
2106	2004	2037
2004	1994	2037
2070	2132	2184
2132	2270	2184
2270	2312	2184
2270	2344	2312
2344	2325	2312
2325	2448	2312
2448	2375	2312
2325	2344	2448
2344	2414	2448
2414	2614	2448
2614	2623	2448
2614	2667	2623
2667	2870	2623
2667	2688	2870
2667	2614	2688
2344	2262	2414
2262	2455	2414
2344	2225	2262
2225	2186	2262
2344	2270	2225
2270	2132	2225
2070	2017	2132
1948	2110	2117
1957	2051	1974
1960	1972	2028
1972	1999	2028
1972	1832	1999
2028	2148	1960
1965	1992	2030
1992	2086	2030
2086	2000	2030
2086	2160	2000
2160	2142	2000
2142	2022	2000
1989	2136	2155
2155	2072	1989
2136	2197	2155
2197	2258	2155
2197	2343	2258
2343	2396	2258
2396	2321	2258
2396	2430	2321
2430	2368	2321
2396	2486	2430
2343	2446	2396
2446	2530	2396
2446	2545	2530
2545	2607	2530
2607	2683	2530
2607	2745	2683
2745	2925	2683
2925	2897	2683
2897	2704	2683
2925	3078	2897
3078	3136	2897
3078	3259	3136
3259	3178	3136
3259	3333	3178
3333	3338	3178
3338	3226	3178
3338	3467	3226
3467	3302	3226
3302	3162	3226
3467	3477	3302
3477	3443	3302
3443	3347	3302
3443	3407	3347
3477	3637	3443
3467	3554	3477
3554	3617	3477
3338	3498	3467
3338	3333	3498
3333	3481	3498
3481	3685	3498
3481	3746	3685
3078	3077	3259
3077	3236	3259
3077	3058	3236
3058	3196	3236
3077	2965	3058
3077	2964	2965
2964	2925	2965
2925	2745	2965
2964	3078	2925
2964	3077	3078
2607	2545	2745
2343	2350	2446
2350	2417	2446
2350	2205	2417
2350	2197	2205
2197	2136	2205
2350	2343	2197
1993	2053	2097
1998	2029	2025
2015	2083	2105
2105	2152	2015
2105	2311	2152
2083	2119	2105
2020	2089	2100
2100	2168	2020
2100	2146	2168
2146	2351	2168
2100	2089	2146
2021	2044	2026
2038	2133	2124
2133	2272	2124
2038	2069	2133
2040	2087	2098
2041	2203	2196
2203	2261	2196
2203	2279	2261
2203	2266	2279
2043	2104	2127
2104	2229	2127
2229	2154	2127
2229	2201	2154
2229	2420	2201
2229	2458	2420
2458	2573	2420
2573	2575	2420
2229	2234	2458
2229	2104	2234
2104	2170	2234
2045	2292	2115
2292	2295	2115
2055	2060	2093
2060	2180	2093
2071	2215	2095
2215	2198	2095
2198	2190	2095
2190	2122	2095
2071	2199	2215
2199	2218	2215
2090	2166	2172
2103	2109	2171
2113	2208	2159
2159	2135	2113
2159	2251	2135
2251	2192	2135
2192	2082	2135
2159	2208	2251
2208	2399	2251
2208	2195	2399
2195	2300	2399
2300	2425	2399
2425	2372	2399
2300	2442	2425
2195	2216	2300
2195	2148	2216
2208	2113	2195
2114	2131	2271
2114	2024	2131
2114	2120	2024
2120	2143	2024
2114	2271	2120
2131	2176	2271
2131	2061	2176
2126	2242	2207
2242	2358	2207
2358	2254	2207
2129	2206	2220
2129	2177	2206
2134	2277	2138
2134	2185	2277
2185	2334	2277
2140	2183	2217
2178	2267	2294
2267	2329	2294
2329	2472	2294
2329	2529	2472
2294	2303	2178
2303	2179	2178
2303	2260	2179
2303	2360	2260
2188	2263	2354
2214	2255	2408
2230	2460	2259
2231	2237	2380
2231	2117	2237
2240	2298	2244
2244	2139	2240
2298	2389	2244
2298	2391	2389
2298	2367	2391
2367	2416	2391
2253	2383	2369
2296	2363	2362
2363	2382	2362
2382	2349	2362
2349	2296	2362
2349	2355	2296
2349	2382	2355
2363	2518	2382
2363	2428	2518
2306	2356	2410
2310	2395	2405
2405	2401	2310
2405	2470	2401
2470	2434	2401
2405	2395	2470
2314	2404	2433
2404	2540	2433
2404	2585	2540
2585	2664	2540
2585	2746	2664
2746	2838	2664
2838	2855	2664
2855	2714	2664
2838	2921	2855
2921	2982	2855
2921	3056	2982
2921	2943	3056
2943	3182	3056
3182	3115	3056
3182	3206	3115
3206	3153	3115
3182	3228	3206
3228	3280	3206
3228	3375	3280
3375	3479	3280
3479	3497	3280
3228	3233	3375
3233	3447	3375
3233	3260	3447
3228	3182	3233
2943	3059	3182
2943	2978	3059
2943	2887	2978
2943	2803	2887
2803	2725	2887
2725	2782	2887
2782	2853	2887
2803	2718	2725
2803	2746	2718
2746	2585	2718
2803	2838	2746
2803	2943	2838
2943	2921	2838
2433	2271	2314
2316	2478	2491
2478	2556	2491
2478	2554	2556
2554	2620	2556
2478	2429	2554
2318	2338	2534
2320	2409	2412
2326	2378	2450
2326	2372	2378
2372	2548	2378
2548	2450	2378
2548	2510	2450
2337	2377	2385
2385	2499	2337
2499	2487	2337
2499	2544	2487
2499	2553	2544
2499	2431	2553
2431	2658	2553
2499	2385	2431
2385	2377	2431
2347	2524	2365
2365	2241	2347
2365	2245	2241
2365	2417	2245
2365	2496	2417
2365	2524	2496
2524	2608	2496
2524	2601	2608
2524	2347	2601
2347	2491	2601
2491	2761	2601
2761	2735	2601
2371	2456	2477
2477	2292	2371
2374	2381	2463
2374	2273	2381
2273	2299	2381
2463	2523	2374
2419	2501	2466
2466	2473	2419
2466	2501	2473
2501	2685	2473
2685	2654	2473
2654	2600	2473
2654	2726	2600
2726	2620	2600
2726	2859	2620
2654	2762	2726
2762	2974	2726
2762	2808	2974
2808	3010	2974
3010	3017	2974
3017	3005	2974
3005	2989	2974
3017	3167	3005
3017	3224	3167
3224	3187	3167
3224	3293	3187
3224	3243	3293
3224	3305	3243
3017	3010	3224
2808	3003	3010
2762	2654	2808
2654	2697	2808
2654	2685	2697
2685	2501	2697
2501	2650	2697
2650	2728	2697
2650	2841	2728
2650	2637	2841
2637	2714	2841
2714	2858	2841
2650	2638	2637
2638	2533	2637
2638	2650	2533
2650	2501	2533
2501	2419	2533
2435	2436	2564
2436	2577	2564
2577	2668	2564
2577	2678	2668
2678	2696	2668
2678	2881	2696
2445	2532	2467
2532	2586	2467
2451	2543	2542
2461	2497	2507
2497	2505	2507
2497	2655	2505
2655	2656	2505
2656	2557	2505
2656	2673	2557
2464	2481	2574
2476	2699	2576
2484	2580	2526
2580	2721	2526
2721	2711	2526
2711	2456	2526
2711	2659	2456
2711	2717	2659
2717	2794	2659
2794	2824	2659
2717	2800	2794
2717	2721	2800
2717	2711	2721
2580	2636	2721
2485	2661	2490
2498	2552	2551
2502	2676	2684
2676	2722	2684
2722	2753	2684
2753	2682	2684
2753	2734	2682
2734	2710	2682
2734	2758	2710
2734	2798	2758
2798	2930	2758
2798	2950	2930
2734	2753	2798
2676	2689	2722
2504	2729	2531
2729	2627	2531
2517	2665	2538
2536	2730	2669
2558	2680	2764
2680	2817	2764
2561	2618	2634
2561	2565	2618
2634	2594	2561
2634	2748	2594
2748	2616	2594
2748	2760	2616
2748	2875	2760
2875	2902	2760
2902	2962	2760
2902	3024	2962
2567	2599	2732
2599	2584	2732
2571	2590	2612
2571	2389	2590
2571	2379	2389
2590	2830	2612
2830	2829	2612
2829	2643	2612
2830	2954	2829
2954	2987	2829
2987	2840	2829
2987	2939	2840
2939	2848	2840
2954	3154	2987
2954	3055	3154
3055	3110	3154
2954	2847	3055
2954	2830	2847
2830	2826	2847
2826	2812	2847
2826	2590	2812
2590	2755	2812
2826	2830	2590
2581	2635	2624
2635	2705	2624
2705	2750	2624
2705	2831	2750
2705	2825	2831
2825	2907	2831
2825	2986	2907
2986	3047	2907
3047	2969	2907
3047	3027	2969
3027	3044	2969
3044	2882	2969
3044	2878	2882
2878	2822	2882
2878	2783	2822
2878	2784	2783
2784	2606	2783
2606	2633	2783
2784	2588	2606
3044	3069	2878
3069	3068	2878
3069	3156	3068
3069	3220	3156
3220	3316	3156
3220	3312	3316
3220	3310	3312
3220	3194	3310
3194	3203	3310
3203	3383	3310
3203	3218	3383
3203	3027	3218
3027	3047	3218
3047	3193	3218
3047	3155	3193
3155	3173	3193
3155	3086	3173
3155	3047	3086
3047	2986	3086
2986	2985	3086
3203	3044	3027
3203	3194	3044
3194	3069	3044
3194	3220	3069
2705	2801	2825
2705	2648	2801
2705	2635	2648
2595	2741	2723
2596	2644	2787
2644	2811	2787
2811	2926	2787
2926	2852	2787
2597	2793	2611
2603	2663	2766
2663	2837	2766
2663	2844	2837
2844	2873	2837
2766	2573	2603
2613	2645	2617
2617	2690	2613
2690	2713	2613
2713	2693	2613
2625	2775	2752
2626	2779	2790
2790	2708	2626
2790	2836	2708
2640	2694	2709
2640	2586	2694
2646	2869	2763
2869	2916	2763
2647	2757	2777
2757	2874	2777
2653	2743	2700
2743	2781	2700
2743	2898	2781
2898	2780	2781
2743	2957	2898
2957	3076	2898
2957	3100	3076
3100	3204	3076
2743	2791	2957
2791	2861	2957
2861	3104	2957
2861	3112	3104
3112	3255	3104
3112	3331	3255
3331	3342	3255
3331	3484	3342
3331	3504	3484
3504	3636	3484
3636	3589	3484
3636	3608	3589
3608	3714	3589
3504	3677	3636
3331	3393	3504
3331	3160	3393
3160	3176	3393
3160	3029	3176
3029	2988	3176
3029	2961	2988
3029	2767	2961
3160	3129	3029
3129	3112	3029
3112	2861	3029
3129	3331	3112
3129	3160	3331
2700	2584	2653
2584	2442	2653
2657	2810	2900
2900	2807	2657
2662	2679	2774
2666	2845	2806
2845	2941	2806
2666	2890	2845
2666	2860	2890
2860	2914	2890
2914	2980	2890
2914	2891	2980
2891	3103	2980
3103	3109	2980
3103	3311	3109
3311	3254	3109
3254	3188	3109
3254	3256	3188
3256	3163	3188
3311	3324	3254
3311	3457	3324
3311	3380	3457
3380	3464	3457
3464	3587	3457
3587	3550	3457
3550	3455	3457
3587	3665	3550
3665	3700	3550
3700	3537	3550
3665	3887	3700
3665	3823	3887
3665	3669	3823
3665	3587	3669
3311	3291	3380
3311	3103	3291
3103	3257	3291
3257	3303	3291
3257	3190	3303
2914	2860	2891
2860	2888	2891
2671	2733	2776
2776	2756	2671
2776	2920	2756
2776	2851	2920
2851	2937	2920
2776	2733	2851
2733	2797	2851
2692	2857	2917
2857	2944	2917
2857	3026	2944
3026	3135	2944
3135	3079	2944
2917	2846	2692
2846	2819	2692
2819	2720	2692
2819	2828	2720
2819	3014	2828
2706	2799	2814
2799	2968	2814
2706	2661	2799
2715	2809	2856
2715	2796	2809
2749	2908	2947
2785	2788	2896
2788	2815	2896
2815	2972	2896
2972	2973	2896
2815	2948	2972
2948	3019	2972
2948	3092	3019
2948	3021	3092
2948	2864	3021
2789	2876	2839
2789	2892	2876
2818	2997	2991
2820	2919	2879
2919	2958	2879
2821	2827	2955
2827	2942	2955
2942	3031	2955
3031	3063	2955
2842	3054	3035
3054	3196	3035
3054	3116	3196
3054	3074	3116
2867	2889	3060
2889	2970	3060
2889	2893	2970
2893	3028	2970
2893	2938	3028
2938	3113	3028
2938	3045	3113
3045	3143	3113
3143	3207	3113
3143	3253	3207
3253	3318	3207
3318	3181	3207
3318	3309	3181
3318	3436	3309
3318	3395	3436
3395	3427	3436
3427	3468	3436
3468	3565	3436
3468	3570	3565
3468	3524	3570
3468	3387	3524
3468	3427	3387
3427	3395	3387
3395	3251	3387
3251	3249	3387
3395	3253	3251
3253	3143	3251
3395	3318	3253
2872	2885	2971
2885	3007	2971
2971	2963	2872
2895	2998	2932
2895	3081	2998
3081	3101	2998
3081	3174	3101
2895	3085	3081
2901	3038	3043
3038	3122	3043
3122	3164	3043
3122	3199	3164
3122	3065	3199
3065	3071	3199
3122	3038	3065
3038	2945	3065
3038	2901	2945
2901	2775	2945
2910	3015	3051
2912	3067	3018
2915	3020	2960
3020	3157	2960
3157	2997	2960
3157	3127	2997
3020	3048	3157
2922	2928	3132
3132	2977	2922
3132	3074	2977
3132	3215	3074
3132	3267	3215
2929	2967	2999
2931	2952	2946
2951	2996	3075
3075	3084	2951
3084	2950	2951
2959	3090	3151
2984	3087	3042
3087	3071	3042
2984	3120	3087
3004	3008	3030
3033	3184	3082
3184	3197	3082
3041	3053	3133
3061	3089	3144
3062	3282	3119
3282	3277	3119
3282	3413	3277
3413	3366	3277
3282	3471	3413
3282	3313	3471
3070	3177	3242
3177	3290	3242
3290	3295	3242
3295	3262	3242
3295	3439	3262
3439	3452	3262
3452	3444	3262
3444	3213	3262
3452	3466	3444
3466	3626	3444
3626	3562	3444
3562	3472	3444
3626	3663	3562
3663	3694	3562
3663	3765	3694
3663	3688	3765
3663	3626	3688
3177	3288	3290
3288	3410	3290
3177	3148	3288
3072	3102	3161
3102	3339	3161
3339	3271	3161
3339	3454	3271
3080	3217	3105
3083	3330	3320
3330	3523	3320
3523	3488	3320
3523	3597	3488
3597	3563	3488
3523	3622	3597
3622	3763	3597
3763	3751	3597
3763	3809	3751
3809	3849	3751
3809	3900	3849
3900	3987	3849
3987	3898	3849
3987	4010	3898
4010	3961	3898
3987	4070	4010
4070	4127	4010
4070	4134	4127
4134	4206	4127
4134	4215	4206
4134	4070	4215
3809	3763	3900
3622	3716	3763
3622	3516	3716
3516	3758	3716
3758	3767	3716
3516	3621	3758
3516	3511	3621
3511	3454	3621
3093	3123	3141
3094	3170	3240
3240	3059	3094
3097	3108	3198
3198	3158	3097
3198	3298	3158
3298	3274	3158
3274	3137	3158
3298	3368	3274
3298	3345	3368
3345	3438	3368
3438	3501	3368
3438	3592	3501
3592	3541	3501
3438	3500	3592
3438	3345	3500
3345	3327	3500
3327	3448	3500
3327	3283	3448
3345	3198	3327
3345	3298	3198
3111	3152	3130
3125	3169	3362
3169	3299	3362
3169	3200	3299
3200	3340	3299
3200	3201	3340
3201	3266	3340
3126	3279	3171
3279	3264	3171
3279	3365	3264
3365	3329	3264
3279	3412	3365
3412	3476	3365
3128	3241	3216
3131	3323	3273
3323	3296	3273
3296	3335	3273
3335	3400	3273
3335	3432	3400
3432	3482	3400
3482	3450	3400
3450	3386	3400
3335	3323	3432
3335	3296	3323
3138	3265	3268
3139	3244	3341
3244	3377	3341
3377	3384	3341
3384	3425	3341
3244	3269	3377
3269	3281	3377
3147	3351	3150
3149	3183	3284
3149	3014	3183
3149	3009	3014
3185	3209	3210
3209	3225	3210
3225	3276	3210
3192	3369	3328
3205	3287	3278
3287	3389	3278
3389	3421	3278
3421	3332	3278
3421	3348	3332
3421	3371	3348
3421	3601	3371
3421	3604	3601
3604	3726	3601
3726	3623	3601
3726	3745	3623
3726	3801	3745
3726	3827	3801
3726	3870	3827
3287	3315	3389
3287	3205	3315
3222	3355	3289
3289	3190	3222
3222	3300	3355
3229	3388	3405
3237	3275	3344
3275	3404	3344
3275	3350	3404
3344	3174	3237
3238	3239	3382
3258	3459	3359
3459	3449	3359
3449	3463	3359
3463	3545	3359
3545	3305	3359
3449	3493	3463
3449	3459	3493
3459	3559	3493
3459	3497	3559
3270	3433	3367
3433	3381	3367
3297	3426	3370
3297	3424	3426
3306	3322	3547
3547	3535	3306
3308	3364	3474
3364	3451	3474
3326	3414	3492
3326	3347	3414
3360	3434	3363
3434	3542	3363
3542	3453	3363
3385	3491	3458
3491	3527	3458
3527	3644	3458
3644	3664	3458
3664	3575	3458
3575	3411	3458
3664	3670	3575
3670	3655	3575
3655	3611	3575
3611	3398	3575
3611	3451	3398
3655	3712	3611
3655	3670	3712
3670	3720	3712
3720	3920	3712
3670	3664	3720
3664	3784	3720
3784	3965	3720
3965	3968	3720
3965	4096	3968
4096	4146	3968
4146	4143	3968
4146	4195	4143
4195	4153	4143
3664	3644	3784
3644	3836	3784
3644	3672	3836
3672	3839	3836
3672	3786	3839
3786	3835	3839
3835	3910	3839
3910	4044	3839
3910	4058	4044
3910	3973	4058
3910	3835	3973
3644	3629	3672
3644	3527	3629
3390	3417	3569
3417	3551	3569
3551	3658	3569
3658	3614	3569
3614	3390	3569
3614	3487	3390
3614	3598	3487
3598	3660	3487
3598	3699	3660
3658	3667	3614
3551	3676	3658
3551	3470	3676
3470	3590	3676
3590	3731	3676
3590	3799	3731
3799	3816	3731
3551	3417	3470
3391	3494	3546
3394	3408	3543
3408	3473	3543
3473	3515	3543
3473	3544	3515
3399	3456	3499
3422	3705	3445
3429	3533	3635
3429	3492	3533
3492	3552	3533
3552	3682	3533
3682	3635	3533
3682	3661	3635
3682	3859	3661
3859	3697	3661
3552	3775	3682
3430	3577	3553
3577	3625	3553
3625	3561	3553
3561	3524	3553
3577	3742	3625
3431	3518	3580
3518	3548	3580
3548	3603	3580
3603	3489	3580
3489	3431	3580
3489	3362	3431
3603	3651	3489
3651	3557	3489
3557	3514	3489
3603	3807	3651
3807	3741	3651
3807	3863	3741
3863	3878	3741
3807	3923	3863
3923	3944	3863
3807	3838	3923
3838	3921	3923
3921	4038	3923
3921	3997	4038
3838	3755	3921
3838	3807	3755
3518	3512	3548
3512	3656	3548
3656	3755	3548
3656	3730	3755
3656	3579	3730
3579	3706	3730
3656	3512	3579
3441	3573	3567
3567	3448	3441
3567	3576	3448
3567	3615	3576
3615	3723	3576
3723	3592	3576
3723	3729	3592
3615	3735	3723
3735	3781	3723
3573	3666	3567
3475	3506	3505
3505	3538	3475
3480	3581	3596
3581	3653	3596
3653	3795	3596
3581	3594	3653
3594	3628	3653
3594	3618	3628
3594	3486	3618
3486	3564	3618
3483	3619	3490
3483	3520	3619
3521	3572	3610
3572	3538	3610
3525	3555	3606
3526	3620	3602
3528	3675	3568
3568	3433	3528
3675	3736	3568
3532	3624	3600
3624	3649	3600
3624	3770	3649
3770	3788	3649
3770	3749	3788
3749	3864	3788
3864	3852	3788
3864	3957	3852
3957	4022	3852
4022	3953	3852
3953	3889	3852
3953	4006	3889
4006	3940	3889
3940	3858	3889
3858	3754	3889
3940	3888	3858
3940	3976	3888
3976	3955	3888
3955	3950	3888
3955	3966	3950
3966	3958	3950
3966	3984	3958
3984	4005	3958
4005	3949	3958
4005	4049	3949
4049	3911	3949
4049	3996	3911
4049	4048	3996
4048	4033	3996
4033	4029	3996
4029	3993	3996
3993	3892	3996
3993	3974	3892
3993	4016	3974
3993	4029	4016
4029	4172	4016
4029	4191	4172
4191	4224	4172
4224	4248	4172
4224	4346	4248
4346	4330	4248
4330	4187	4248
4330	4274	4187
4330	4388	4274
4388	4375	4274
4388	4418	4375
4418	4436	4375
4436	4354	4375
4418	4526	4436
4526	4568	4436
4526	4537	4568
4537	4571	4568
4571	4615	4568
4615	4688	4568
4615	4720	4688
4720	4677	4688
4677	4631	4688
4677	4639	4631
4639	4600	4631
4600	4581	4631
4581	4567	4631
4581	4530	4567
4581	4477	4530
4581	4540	4477
4540	4447	4477
4540	4500	4447
4540	4645	4500
4645	4592	4500
4645	4683	4592
4683	4586	4592
4683	4665	4586
4645	4701	4683
4701	4774	4683
4701	4731	4774
4731	4758	4774
4758	4836	4774
4836	4839	4774
4839	4827	4774
4839	4883	4827
4883	4812	4827
4883	4876	4812
4876	4878	4812
4878	4829	4812
4829	4776	4812
4776	4696	4812
4776	4704	4696
4876	4948	4878
4948	4967	4878
4967	4960	4878
4967	5021	4960
5021	4946	4960
4946	4915	4960
5021	4966	4946
4966	4914	4946
4966	4963	4914
4966	5006	4963
5006	5026	4963
5026	4990	4963
4990	4895	4963
4990	4803	4895
4803	4823	4895
4990	4936	4803
4990	5012	4936
4990	5011	5012
5011	5091	5012
5011	5128	5091
5128	5113	5091
5113	5079	5091
5113	5111	5079
5111	5068	5079
5068	5005	5079
5068	4956	5005
4956	4894	5005
4956	4889	4894
4956	4892	4889
4892	4848	4889
4848	4844	4889
4892	4845	4848
4845	4743	4848
4845	4804	4743
4804	4669	4743
4669	4712	4743
4712	4708	4743
4712	4650	4708
4712	4640	4650
4640	4599	4650
4599	4506	4650
4506	4626	4650
4712	4669	4640
5111	5155	5068
5155	5140	5068
5140	5069	5068
5140	5118	5069
5118	5085	5069
5118	5124	5085
5124	5105	5085
5105	5076	5085
5076	5048	5085
5076	5078	5048
5078	4965	5048
5078	5057	4965
5078	5099	5057
5078	5105	5099
5105	5124	5099
5078	5076	5105
5118	5151	5124
5151	5165	5124
5151	5180	5165
5180	5178	5165
5178	5163	5165
5178	5187	5163
5187	5166	5163
5166	5154	5163
5166	5149	5154
5149	5129	5154
5149	5123	5129
5123	5074	5129
5074	5061	5129
5074	5040	5061
5040	5044	5061
5044	5047	5061
5044	4978	5047
5044	4997	4978
4997	4945	4978
4945	4873	4978
4873	4813	4978
4873	4757	4813
4873	4799	4757
4873	4861	4799
4873	4945	4861
4945	4991	4861
4991	4858	4861
4991	4880	4858
4991	4993	4880
4993	4955	4880
4955	4865	4880
4865	4782	4880
4865	4780	4782
4780	4765	4782
4765	4737	4782
4765	4697	4737
4697	4678	4737
4780	4779	4765
4779	4609	4765
4779	4760	4609
4760	4656	4609
4656	4527	4609
4527	4498	4609
4527	4501	4498
4501	4484	4498
4484	4402	4498
4402	4470	4498
4402	4317	4470
4317	4453	4470
4453	4510	4470
4453	4495	4510
4453	4306	4495
4306	4370	4495
4370	4442	4495
4442	4621	4495
4621	4678	4495
4370	4352	4442
4352	4464	4442
4370	4284	4352
4370	4306	4284
4306	4247	4284
4247	4073	4284
4247	4199	4073
4199	3982	4073
4199	4072	3982
4199	4292	4072
4292	4145	4072
4292	4300	4145
4300	4201	4145
4201	4174	4145
4174	3926	4145
4201	4074	4174
4201	4229	4074
4292	4317	4300
4317	4402	4300
4292	4247	4317
4247	4306	4317
4306	4453	4317
4292	4199	4247
4501	4527	4484
4760	4715	4656
4715	4671	4656
4715	4658	4671
4760	4795	4715
4795	4854	4715
4854	4852	4715
4854	4937	4852
4937	4911	4852
4937	4992	4911
4992	4904	4911
4992	4986	4904
4986	4925	4904
4925	4856	4904
4925	4922	4856
4922	4816	4856
4816	4798	4856
4922	4905	4816
4922	4970	4905
4970	5033	4905
5033	5014	4905
5033	5067	5014
5067	5018	5014
5067	5087	5018
5087	5028	5018
5028	4954	5018
5028	4982	4954
4982	4912	4954
4912	4834	4954
4834	4853	4954
4912	4793	4834
4793	4718	4834
4718	4729	4834
4793	4695	4718
4793	4659	4695
4659	4633	4695
4633	4503	4695
4912	4868	4793
4912	4910	4868
4910	4923	4868
4923	4866	4868
4923	4949	4866
4949	4821	4866
4949	4950	4821
4950	4908	4821
4950	4938	4908
4938	4818	4908
4938	4901	4818
4901	4768	4818
4768	4734	4818
4768	4721	4734
4721	4703	4734
4703	4637	4734
4637	4630	4734
4630	4648	4734
4630	4614	4648
4630	4485	4614
4485	4491	4614
4491	4611	4614
4703	4661	4637
4661	4589	4637
4661	4653	4589
4661	4721	4653
4721	4735	4653
4735	4668	4653
4735	4759	4668
4759	4752	4668
4752	4746	4668
4752	4759	4746
4759	4822	4746
4822	4826	4746
4826	4711	4746
4826	4797	4711
4797	4723	4711
4826	4855	4797
4826	4872	4855
4872	4944	4855
4944	4942	4855
4942	4869	4855
4869	4824	4855
4869	4888	4824
4888	4815	4824
4815	4745	4824
4745	4723	4824
4745	4714	4723
4714	4651	4723
4714	4666	4651
4666	4562	4651
4714	4680	4666
4714	4745	4680
4745	4763	4680
4763	4642	4680
4763	4691	4642
4691	4634	4642
4634	4576	4642
4634	4587	4576
4587	4536	4576
4536	4434	4576
4587	4584	4536
4587	4634	4584
4634	4662	4584
4662	4617	4584
4617	4556	4584
4617	4603	4556
4603	4532	4556
4532	4486	4556
4532	4518	4486
4532	4603	4518
4603	4591	4518
4603	4685	4591
4685	4742	4591
4742	4646	4591
4646	4601	4591
4601	4490	4591
4601	4534	4490
4534	4410	4490
4410	4367	4490
4410	4302	4367
4302	4220	4367
4220	4298	4367
4302	4211	4220
4211	4133	4220
4133	4167	4220
4133	4054	4167
4054	4165	4167
4133	4035	4054
4035	3941	4054
4035	4004	3941
4004	3861	3941
4004	3963	3861
3963	3945	3861
3945	3837	3861
3837	3793	3861
3837	3701	3793
3945	3906	3837
3945	4007	3906
4007	3885	3906
3945	3963	4007
3963	4085	4007
3963	4060	4085
4060	4159	4085
4159	4118	4085
4159	4234	4118
4159	4211	4234
4211	4302	4234
4159	4120	4211
4120	4133	4211
4120	4035	4133
4120	4060	4035
4060	4004	4035
4060	3963	4004
4120	4159	4060
4410	4419	4302
4410	4462	4419
4410	4534	4462
4534	4551	4462
4551	4525	4462
4525	4439	4462
4525	4513	4439
4513	4428	4439
4428	4393	4439
4428	4398	4393
4398	4326	4393
4326	4272	4393
4326	4271	4272
4271	4156	4272
4271	4273	4156
4271	4334	4273
4334	4281	4273
4281	4169	4273
4281	4203	4169
4281	4313	4203
4313	4256	4203
4313	4314	4256
4314	4288	4256
4314	4380	4288
4314	4328	4380
4328	4437	4380
4437	4499	4380
4499	4461	4380
4461	4408	4380
4461	4483	4408
4483	4472	4408
4483	4535	4472
4535	4474	4472
4474	4349	4472
4349	4336	4472
4349	4253	4336
4253	4227	4336
4227	4254	4336
4227	4126	4254
4227	4182	4126
4182	4088	4126
4088	4024	4126
4088	4022	4024
4022	3957	4024
4182	4095	4088
4182	4186	4095
4186	4181	4095
4181	4160	4095
4160	4052	4095
4160	4032	4052
4032	4021	4052
4032	4011	4021
4011	3953	4021
4011	4006	3953
4011	4032	4006
4032	4092	4006
4092	3976	4006
3976	3940	4006
4092	3984	3976
3984	3955	3976
3984	3966	3955
4092	4103	3984
4103	4082	3984
4082	4005	3984
4082	4075	4005
4075	4049	4005
4075	4128	4049
4128	4048	4049
4128	4207	4048
4207	4033	4048
4207	4029	4033
4207	4191	4029
4207	4224	4191
4207	4230	4224
4230	4346	4224
4230	4362	4346
4362	4424	4346
4424	4406	4346
4406	4330	4346
4406	4388	4330
4406	4418	4388
4406	4424	4418
4424	4526	4418
4424	4537	4526
4424	4549	4537
4549	4588	4537
4588	4571	4537
4588	4615	4571
4549	4593	4588
4593	4613	4588
4362	4372	4424
4372	4430	4424
4372	4405	4430
4405	4394	4430
4394	4441	4430
4394	4391	4441
4391	4473	4441
4391	4425	4473
4425	4476	4473
4476	4538	4473
4476	4478	4538
4478	4542	4538
4542	4597	4538
4597	4641	4538
4597	4655	4641
4655	4687	4641
4655	4744	4687
4744	4728	4687
4728	4719	4687
4719	4613	4687
4719	4741	4613
4719	4762	4741
4762	4783	4741
4783	4740	4741
4783	4749	4740
4749	4739	4740
4749	4720	4739
4762	4772	4783
4772	4807	4783
4807	4849	4783
4807	4875	4849
4875	4851	4849
4851	4805	4849
4851	4792	4805
4792	4769	4805
4769	4736	4805
4769	4753	4736
4753	4758	4736
4758	4686	4736
4686	4677	4736
4686	4639	4677
4686	4645	4639
4645	4600	4639
4645	4540	4600
4540	4581	4600
4686	4701	4645
4686	4731	4701
4686	4758	4731
4753	4785	4758
4785	4836	4758
4785	4809	4836
4809	4871	4836
4871	4839	4836
4871	4929	4839
4929	4883	4839
4929	4989	4883
4989	4988	4883
4988	4919	4883
4919	4876	4883
4919	4948	4876
4919	4985	4948
4985	5059	4948
5059	5035	4948
5035	4967	4948
5035	5021	4967
4985	5073	5059
4985	5015	5073
4985	4988	5015
4988	4989	5015
4989	4934	5015
4934	5053	5015
5053	5062	5015
5062	5086	5015
5062	5103	5086
5062	5036	5103
5036	5083	5103
5083	5108	5103
5108	5120	5103
5108	5114	5120
5114	5135	5120
5135	5145	5120
5135	5175	5145
5175	5150	5145
5135	5157	5175
5157	5186	5175
5186	5195	5175
5195	5198	5175
5195	5201	5198
5201	5204	5198
5204	5208	5198
5208	5212	5198
5212	5193	5198
5208	5199	5212
5199	5218	5212
5218	5215	5212
5215	5214	5212
5215	5210	5214
5210	5207	5214
5210	5194	5207
5210	5202	5194
5202	5180	5194
5180	5169	5194
5180	5151	5169
5151	5118	5169
5118	5140	5169
5140	5155	5169
5202	5197	5180
5197	5178	5180
5197	5196	5178
5196	5187	5178
5196	5188	5187
5188	5166	5187
5188	5174	5166
5174	5149	5166
5174	5147	5149
5147	5123	5149
5147	5139	5123
5139	5107	5123
5107	5075	5123
5075	5074	5123
5075	5063	5074
5063	5054	5074
5054	5039	5074
5039	5040	5074
5039	4991	5040
4991	4945	5040
4945	4997	5040
4997	5044	5040
5039	4993	4991
5039	5054	4993
5054	5063	4993
5063	4955	4993
5063	5001	4955
5001	4924	4955
4924	4884	4955
4884	4865	4955
4884	4882	4865
4882	4779	4865
4779	4780	4865
4882	4795	4779
4795	4760	4779
4882	4924	4795
4924	4854	4795
4924	4937	4854
4924	4987	4937
4987	4992	4937
4987	5043	4992
5043	4986	4992
5043	5082	4986
5082	4970	4986
4970	4925	4986
4970	4922	4925
5082	5033	4970
5082	5077	5033
5077	5067	5033
5077	5080	5067
5080	5087	5067
5080	5115	5087
5115	5144	5087
5144	5142	5087
5142	5127	5087
5127	5049	5087
5049	5028	5087
5049	5029	5028
5029	4982	5028
5029	4979	4982
4979	4912	4982
4979	4910	4912
4979	4923	4910
4979	4976	4923
4976	4949	4923
4976	4980	4949
4980	5000	4949
5000	4950	4949
5000	5002	4950
5002	4938	4950
5002	5020	4938
5020	4901	4938
5002	5055	5020
5055	5093	5020
5055	5092	5093
5092	5148	5093
5148	5141	5093
5092	5110	5148
5110	5158	5148
5158	5192	5148
5158	5152	5192
5152	5146	5192
5146	5191	5192
5191	5205	5192
5205	5211	5192
5211	5206	5192
5211	5216	5206
5216	5189	5206
5189	5183	5206
5189	5172	5183
5172	5141	5183
5172	5153	5141
5153	5104	5141
5104	5084	5141
5104	5065	5084
5065	4994	5084
5065	5003	4994
5003	4940	4994
5003	4957	4940
4957	4916	4940
4916	4872	4940
4872	4830	4940
4830	4843	4940
4830	4721	4843
4721	4768	4843
4768	4881	4843
4768	4901	4881
4830	4735	4721
4830	4822	4735
4822	4759	4735
4830	4872	4822
4872	4826	4822
4916	4944	4872
4916	4957	4944
4957	4996	4944
4996	5008	4944
5008	4951	4944
4951	4942	4944
4951	4983	4942
4983	4931	4942
4931	4869	4942
4931	4888	4869
4931	4933	4888
4933	4862	4888
4862	4815	4888
4862	4786	4815
4786	4763	4815
4763	4745	4815
4786	4764	4763
4764	4691	4763
4764	4681	4691
4681	4662	4691
4662	4634	4691
4681	4652	4662
4652	4617	4662
4652	4664	4617
4664	4603	4617
4664	4685	4603
4664	4726	4685
4664	4652	4726
4652	4681	4726
4681	4777	4726
4777	4790	4726
4790	4850	4726
4790	4811	4850
4811	4897	4850
4897	4886	4850
4886	4890	4850
4886	4939	4890
4939	4917	4890
4917	4899	4890
4917	4953	4899
4953	4930	4899
4930	4863	4899
4863	4817	4899
4863	4796	4817
4796	4742	4817
4796	4767	4742
4767	4732	4742
4732	4646	4742
4732	4657	4646
4657	4601	4646
4657	4610	4601
4610	4534	4601
4610	4551	4534
4610	4622	4551
4622	4612	4551
4612	4566	4551
4566	4525	4551
4566	4513	4525
4566	4590	4513
4590	4504	4513
4504	4459	4513
4459	4428	4513
4459	4397	4428
4397	4398	4428
4397	4345	4398
4345	4326	4398
4345	4334	4326
4334	4271	4326
4345	4397	4334
4397	4445	4334
4445	4358	4334
4358	4281	4334
4358	4313	4281
4358	4328	4313
4328	4314	4313
4358	4395	4328
4395	4437	4328
4395	4479	4437
4479	4541	4437
4541	4561	4437
4561	4499	4437
4561	4544	4499
4544	4531	4499
4531	4461	4499
4531	4483	4461
4531	4557	4483
4557	4535	4483
4557	4580	4535
4580	4616	4535
4616	4597	4535
4597	4542	4535
4542	4446	4535
4446	4474	4535
4446	4440	4474
4440	4349	4474
4440	4412	4349
4412	4344	4349
4344	4253	4349
4344	4283	4253
4283	4181	4253
4181	4186	4253
4186	4182	4253
4182	4227	4253
4283	4216	4181
4216	4160	4181
4216	4148	4160
4148	4032	4160
4148	4092	4032
4148	4213	4092
4213	4103	4092
4213	4192	4103
4192	4082	4103
4192	4128	4082
4128	4075	4082
4192	4189	4128
4189	4223	4128
4223	4239	4128
4239	4207	4128
4239	4230	4207
4223	4299	4239
4299	4382	4239
4299	4394	4382
4394	4405	4382
4405	4372	4382
4299	4391	4394
4299	4308	4391
4308	4323	4391
4323	4425	4391
4323	4322	4425
4322	4355	4425
4355	4466	4425
4466	4476	4425
4466	4478	4476
4466	4446	4478
4446	4542	4478
4466	4383	4446
4383	4412	4446
4412	4440	4446
4383	4344	4412
4383	4283	4344
4383	4341	4283
4341	4285	4283
4285	4216	4283
4285	4213	4216
4213	4148	4216
4285	4250	4213
4250	4192	4213
4250	4222	4192
4222	4189	4192
4222	4223	4189
4222	4308	4223
4308	4299	4223
4222	4322	4308
4322	4323	4308
4222	4250	4322
4250	4341	4322
4341	4355	4322
4341	4383	4355
4383	4466	4355
4250	4285	4341
4616	4655	4597
4616	4682	4655
4616	4660	4682
4660	4684	4682
4684	4725	4682
4684	4707	4725
4707	4730	4725
4730	4789	4725
4789	4766	4725
4789	4819	4766
4819	4754	4766
4819	4807	4754
4807	4744	4754
4807	4772	4744
4772	4728	4744
4772	4719	4728
4772	4762	4719
4819	4870	4807
4870	4893	4807
4893	4875	4807
4893	4898	4875
4898	4891	4875
4891	4851	4875
4898	4920	4891
4898	4959	4920
4959	4952	4920
4952	4918	4920
4918	4903	4920
4903	4820	4920
4903	4871	4820
4871	4809	4820
4809	4787	4820
4787	4792	4820
4787	4769	4792
4787	4753	4769
4787	4785	4753
4787	4809	4785
4903	4896	4871
4896	4929	4871
4896	4934	4929
4934	4989	4929
4896	4927	4934
4927	4964	4934
4964	5009	4934
5009	5053	4934
5009	5013	5053
5013	5036	5053
5036	5062	5053
5013	4998	5036
4998	5016	5036
4998	4995	5016
4995	4999	5016
4999	5010	5016
4999	4968	5010
4968	4975	5010
4975	4981	5010
4975	4974	4981
4974	4969	4981
4969	4984	4981
4969	4935	4984
4935	4930	4984
4930	4953	4984
4935	4863	4930
4935	4885	4863
4935	4887	4885
4887	4860	4885
4860	4831	4885
4860	4833	4831
4833	4806	4831
4806	4810	4831
4806	4771	4810
4771	4750	4810
4750	4767	4810
4767	4796	4810
4796	4863	4810
4750	4732	4767
4750	4657	4732
4750	4727	4657
4727	4610	4657
4727	4622	4610
4727	4694	4622
4694	4627	4622
4627	4612	4622
4627	4566	4612
4627	4590	4566
4627	4625	4590
4625	4594	4590
4594	4504	4590
4594	4512	4504
4512	4445	4504
4445	4459	4504
4445	4397	4459
4512	4479	4445
4479	4358	4445
4479	4395	4358
4512	4541	4479
4512	4620	4541
4620	4561	4541
4620	4619	4561
4619	4544	4561
4619	4583	4544
4583	4531	4544
4583	4557	4531
4583	4580	4557
4583	4616	4580
4583	4660	4616
4583	4619	4660
4619	4663	4660
4663	4707	4660
4707	4684	4660
4663	4672	4707
4672	4730	4707
4672	4705	4730
4672	4625	4705
4625	4694	4705
4694	4751	4705
4751	4771	4705
4751	4750	4771
4751	4727	4750
4751	4694	4727
4625	4627	4694
4672	4594	4625
4672	4620	4594
4620	4512	4594
4672	4663	4620
4663	4619	4620
4833	4832	4806
4833	4860	4832
4860	4859	4832
4859	4789	4832
4859	4819	4789
4859	4870	4819
4859	4887	4870
4887	4893	4870
4887	4928	4893
4928	4907	4893
4907	4898	4893
4907	4959	4898
4907	4928	4959
4928	4968	4959
4968	4962	4959
4962	4952	4959
4962	4943	4952
4943	4918	4952
4943	4927	4918
4927	4896	4918
4896	4903	4918
4943	4964	4927
4943	4995	4964
4995	4998	4964
4998	5009	4964
4998	5013	5009
4943	4999	4995
4943	4962	4999
4962	4968	4999
4928	4975	4968
4928	4974	4975
4928	4935	4974
4935	4969	4974
4928	4887	4935
4859	4860	4887
4917	4939	4953
4939	4961	4953
4961	4977	4953
4961	4897	4977
4897	5007	4977
4897	4958	5007
4958	4971	5007
4971	5019	5007
5019	5032	5007
5019	5071	5032
5071	5070	5032
5071	5097	5070
5097	5096	5070
5097	5132	5096
5097	5130	5132
5130	5133	5132
5133	5121	5132
5133	5157	5121
5157	5112	5121
5112	5083	5121
5112	5108	5083
5112	5114	5108
5112	5135	5114
5112	5157	5135
5133	5162	5157
5162	5171	5157
5171	5186	5157
5171	5204	5186
5204	5201	5186
5201	5195	5186
5171	5182	5204
5182	5208	5204
5182	5179	5208
5179	5170	5208
5170	5199	5208
5170	5184	5199
5184	5203	5199
5203	5218	5199
5203	5216	5218
5216	5217	5218
5217	5213	5218
5213	5215	5218
5213	5210	5215
5213	5202	5210
5213	5209	5202
5209	5197	5202
5209	5196	5197
5209	5211	5196
5211	5188	5196
5211	5200	5188
5200	5181	5188
5181	5174	5188
5181	5177	5174
5177	5156	5174
5156	5147	5174
5156	5139	5147
5156	5125	5139
5125	5119	5139
5119	5117	5139
5117	5107	5139
5117	5075	5107
5119	5056	5117
5119	5046	5056
5046	4987	5056
4987	5001	5056
4987	4924	5001
5046	5043	4987
5046	5119	5043
5119	5082	5043
5119	5125	5082
5125	5077	5082
5125	5134	5077
5134	5102	5077
5102	5080	5077
5102	5115	5080
5102	5134	5115
5134	5167	5115
5167	5144	5115
5167	5146	5144
5146	5142	5144
5146	5143	5142
5143	5127	5142
5143	5152	5127
5152	5126	5127
5126	5098	5127
5098	5049	5127
5098	5088	5049
5088	5022	5049
5022	5029	5049
5022	4979	5029
5022	4976	4979
5022	4980	4976
5022	5051	4980
5051	5037	4980
5037	5024	4980
5024	5000	4980
5024	5002	5000
5024	5055	5002
5024	5037	5055
5037	5081	5055
5081	5092	5055
5081	5110	5092
5081	5126	5110
5126	5158	5110
5126	5152	5158
5081	5088	5126
5088	5098	5126
5081	5064	5088
5064	5022	5088
5064	5051	5022
5064	5037	5051
5064	5081	5037
5143	5146	5152
5167	5181	5146
5181	5191	5146
5181	5200	5191
5200	5205	5191
5200	5211	5205
5167	5177	5181
5167	5134	5177
5134	5156	5177
5134	5125	5156
5209	5216	5211
5209	5217	5216
5209	5213	5217
5203	5189	5216
5203	5160	5189
5160	5153	5189
5153	5172	5189
5160	5109	5153
5109	5104	5153
5109	5065	5104
5109	5042	5065
5042	5030	5065
5030	5003	5065
5030	4996	5003
4996	4957	5003
5030	5008	4996
5030	5042	5008
5042	5038	5008
5038	4983	5008
4983	4951	5008
5038	5060	4983
5060	5041	4983
5041	4972	4983
4972	4931	4983
4972	4933	4931
4972	4973	4933
4973	4862	4933
4973	4913	4862
4913	4838	4862
4838	4786	4862
4838	4764	4786
4838	4835	4764
4835	4811	4764
4811	4790	4764
4790	4777	4764
4777	4681	4764
4835	4874	4811
4874	4897	4811
4874	4913	4897
4913	4958	4897
4913	4971	4958
4913	4973	4971
4973	5019	4971
4973	5004	5019
5004	5050	5019
5050	5071	5019
5050	5094	5071
5094	5106	5071
5106	5097	5071
5106	5130	5097
5106	5131	5130
5131	5133	5130
5131	5159	5133
5159	5162	5133
5159	5179	5162
5179	5182	5162
5182	5171	5162
5159	5170	5179
5159	5122	5170
5122	5137	5170
5137	5164	5170
5164	5176	5170
5176	5184	5170
5176	5203	5184
5176	5160	5203
5176	5164	5160
5164	5137	5160
5137	5109	5160
5137	5101	5109
5101	5066	5109
5066	5042	5109
5066	5038	5042
5066	5060	5038
5066	5072	5060
5072	5041	5060
5072	5090	5041
5090	5050	5041
5050	4972	5041
5050	5004	4972
5004	4973	4972
5090	5094	5050
5090	5106	5094
5090	5116	5106
5116	5131	5106
5116	5122	5131
5122	5159	5131
5116	5095	5122
5095	5137	5122
5095	5101	5137
5095	5066	5101
5095	5072	5066
5095	5116	5072
5116	5090	5072
4874	4838	4913
4874	4835	4838
4961	4886	4897
4961	4939	4886
4882	4884	4924
5063	5075	5001
4985	4919	4988
4661	4703	4721
5111	5161	5155
5111	5113	5161
5113	5128	5161
5128	5138	5161
5138	5168	5161
5138	5173	5168
5173	5207	5168
5173	5185	5207
5185	5193	5207
5173	5136	5185
5173	5138	5136
5138	5128	5136
5128	5026	5136
5128	5011	5026
5011	4990	5026
5006	5017	5026
5006	5031	5017
5006	4966	5031
4966	5023	5031
4966	5021	5023
3864	3884	3957
3749	3800	3864
3749	3721	3800
3721	3709	3800
3709	3790	3800
3709	3753	3790
3753	3750	3790
3750	3777	3790
3777	3884	3790
3777	3833	3884
3777	3717	3833
3777	3708	3717
3708	3632	3717
3708	3599	3632
3599	3584	3632
3708	3710	3599
3710	3630	3599
3710	3709	3630
3709	3642	3630
3642	3499	3630
3642	3595	3499
3595	3446	3499
3642	3721	3595
3721	3624	3595
3721	3749	3624
3749	3770	3624
3642	3709	3721
3710	3753	3709
3710	3750	3753
3710	3708	3750
3708	3777	3750
3534	3674	3640
3560	3631	3566
3631	3593	3566
3593	3585	3566
3593	3695	3585
3695	3639	3585
3695	3734	3639
3695	3797	3734
3797	3810	3734
3695	3631	3797
3695	3593	3631
3574	3650	3703
3591	3671	3702
3607	3686	3748
3607	3602	3686
3609	3692	3696
3696	3688	3609
3696	3719	3688
3696	3692	3719
3612	3738	3679
3634	3689	3711
3643	3761	3764
3659	3766	3822
3766	3901	3822
3901	3932	3822
3932	3929	3822
3932	4031	3929
4031	3975	3929
4031	4109	3975
3901	4140	3932
3684	3693	3778
3691	3821	3818
3704	3850	3813
3850	3834	3813
3704	3828	3850
3707	3768	3732
3768	3782	3732
3768	3948	3782
3948	3933	3782
3713	3725	3815
3740	3804	3805
3804	3860	3805
3762	3808	3876
3808	3868	3876
3808	3783	3868
3769	3896	3796
3769	3776	3896
3776	3956	3896
3956	4064	3896
3773	3862	3826
3773	3742	3862
3742	3854	3862
3779	3883	3829
3780	3922	3845
3845	3650	3780
3845	3879	3650
3845	3871	3879
3845	3922	3871
3792	3928	3869
3928	3985	3869
3812	3841	3904
3904	3973	3812
3814	3855	3897
3817	3946	3886
3865	3882	4059
3882	4051	4059
4051	4150	4059
4051	4197	4150
4197	4409	4150
4197	4337	4409
4051	4077	4197
4051	4018	4077
4059	4002	3865
3867	3916	3909
3872	3972	3927
3972	4017	3927
3972	4019	4017
3875	3936	4030
3875	3821	3936
3821	3832	3936
3877	4086	3919
4086	3959	3919
4086	4062	3959
4062	4094	3959
4094	4050	3959
4050	3893	3959
4050	3999	3893
3999	3964	3893
3964	3922	3893
4050	4063	3999
4063	4117	3999
4063	4094	4117
4063	4050	4094
4062	4100	4094
4062	4086	4100
4086	4114	4100
4086	4087	4114
4086	3877	4087
3877	3979	4087
3979	4034	4087
3881	3907	3998
3998	3943	3881
3998	4027	3943
3998	4111	4027
4111	4113	4027
4111	4179	4113
4179	4241	4113
3894	4025	4061
3912	3989	4013
4013	4102	3912
4102	4043	3912
4102	4131	4043
4102	4217	4131
4102	4194	4217
4102	4013	4194
4013	3989	4194
3912	3918	3989
3925	4045	4020
3925	4064	4045
3925	3880	4064
3930	3934	3986
3937	3978	3980
3978	4009	3980
3978	4121	4009
4121	4046	4009
4046	4001	4009
4046	4028	4001
4046	4119	4028
3947	4090	4129
3951	3954	4076
3967	4138	4068
3981	4178	4026
3981	4164	4178
4164	4265	4178
4265	4249	4178
4265	4339	4249
4339	4384	4249
4008	4136	4012
4008	4093	4136
4008	4061	4093
4042	4185	4135
4055	4097	4078
4097	4056	4078
4057	4157	4142
4057	4104	4157
4065	4149	4162
4149	4218	4162
4218	4266	4162
4218	4297	4266
4297	4321	4266
4321	4252	4266
4252	4038	4266
4252	4144	4038
4144	4098	4038
4321	4431	4252
4218	4347	4297
4066	4083	4147
4089	4116	4110
4099	4130	4251
4251	4237	4099
4251	4303	4237
4303	4226	4237
4303	4332	4226
4332	4196	4226
4196	4151	4226
4303	4403	4332
4403	4411	4332
4403	4480	4411
4403	4503	4480
4403	4350	4503
4350	4427	4503
4427	4514	4503
4427	4423	4514
4403	4303	4350
4303	4251	4350
4107	4225	4124
4122	4304	4261
4304	4342	4261
4342	4426	4261
4426	4331	4261
4342	4475	4426
4475	4548	4426
4304	4301	4342
4301	4407	4342
4301	4324	4407
4324	4404	4407
4324	4429	4404
4304	4122	4301
4122	4155	4301
4139	4209	4198
4152	4242	4235
4235	4114	4152
4161	4232	4307
4232	4293	4307
4293	4356	4307
4307	4173	4161
4170	4183	4278
4183	4255	4278
4255	4460	4278
4255	4268	4460
4255	4183	4268
4183	4229	4268
4278	4212	4170
4212	4200	4170
4212	4278	4200
4190	4325	4309
4204	4381	4210
4219	4329	4259
4329	4364	4259
4364	4465	4259
4465	4389	4259
4465	4481	4389
4329	4500	4364
4231	4289	4379
4231	4142	4289
4231	4208	4142
4233	4359	4282
4263	4295	4392
4295	4444	4392
4444	4528	4392
4295	4351	4444
4351	4378	4444
4351	4316	4378
4275	4327	4373
4327	4471	4373
4327	4417	4471
4417	4482	4471
4417	4340	4482
4340	4443	4482
4417	4327	4340
4291	4333	4296
4291	4368	4333
4348	4451	4438
4451	4606	4438
4451	4604	4606
4357	4579	4385
4579	4608	4385
4357	4454	4579
4454	4623	4579
4357	4387	4454
4387	4381	4454
4360	4413	4467
4360	4379	4413
4379	4435	4413
4435	4497	4413
4497	4467	4413
4435	4573	4497
4435	4489	4573
4365	4416	4505
4416	4422	4505
4449	4488	4559
4463	4577	4493
4463	4643	4577
4516	4628	4676
4545	4638	4575
4550	4674	4629
4563	4596	4632
4596	4702	4632
4596	4636	4702
4564	4710	4675
4675	4636	4564
4564	4706	4710
4706	4800	4710
4706	4738	4800
4738	4814	4800
4814	4840	4800
4840	4864	4800
4864	4857	4800
4706	4689	4738
4572	4602	4635
4667	4724	4775
4673	4717	4794
4747	4770	4748
4748	4635	4747
4784	4837	4847
4802	4867	4909
4802	4841	4867
4841	4965	4867
4965	4900	4867
4900	4909	4867
4900	4965	4909
5045	5052	5058
5052	5096	5058
5096	5083	5058
5058	5010	5045
29	78	33
198	239	186
198	286	239
160	233	226
160	165	233
598	701	554
500	630	598
308	259	338
259	307	338
308	243	259
566	640	570
731	643	752
604	547	620
182	121	158
121	69	158
69	34	158
34	45	158
69	21	34
182	178	121
178	154	121
154	119	121
119	58	121
182	232	178
30	24	23
24	21	23
24	13	21
222	328	293
170	234	222
234	245	222
539	411	470
469	518	394
1017	1012	805
1012	892	805
1012	1025	892
1025	765	892
1025	902	765
1012	1256	1025
1012	1237	1256
1237	1331	1256
1012	1111	1237
1012	1017	1111
1247	1303	1263
1247	1356	1303
1631	1725	1748
1750	1753	1796
1695	1891	1753
1586	1724	1695
1586	1651	1724
1452	1402	1293
1402	1286	1293
1286	1216	1293
830	718	871
249	203	271
452	551	447
551	516	447
616	753	506
1055	1072	879
1267	1471	1415
1267	1209	1471
1209	1203	1471
1203	1446	1471
652	928	687
652	881	928
652	797	881
522	369	418
802	920	875
557	355	577
355	511	577
770	762	706
747	615	744
660	796	806
796	925	806
662	746	672
1258	1133	1107
792	833	803
833	993	803
993	822	803
822	763	803
993	934	822
833	1041	993
867	1050	890
1009	1229	1129
1009	1223	1229
1009	1139	1223
1003	1024	1022
1108	1388	1221
1578	1614	1375
1772	1774	1730
1430	1268	1432
1430	1257	1268
1257	1080	1268
1257	1038	1080
1257	1046	1038
1001	957	924
957	911	924
1058	1062	960
1062	1026	960
1206	1351	1254
1015	1188	1206
1015	1050	1188
1049	894	990
894	782	990
782	789	990
1063	1155	992
1537	1491	1580
1140	1219	1164
1168	1340	1103
1168	1469	1340
1168	1336	1469
1111	1126	1192
1533	1624	1462
1313	1401	1287
1609	1673	1830
1673	1860	1830
1860	1951	1830
1609	1550	1673
1352	1513	1446
1513	1551	1446
1513	1706	1551
1513	1767	1706
1456	1388	1362
1427	1336	1372
1608	1428	1465
1608	1689	1428
1689	1453	1428
1696	1761	1787
1664	1584	1544
1466	1714	1604
1466	1591	1714
1591	1875	1714
1591	1745	1875
1767	1871	1867
1817	2038	1847
1618	1514	1657
1618	1312	1514
1618	1601	1312
1601	1314	1312
1314	1230	1312
1601	1512	1314
1601	1628	1512
1601	1872	1628
1845	1719	1760
1691	2027	1728
1872	1906	1655
1906	1745	1655
1743	1828	1603
1934	2014	1833
1927	2164	1855
1888	2115	1876
2033	2046	2139
2046	2240	2139
2046	2140	2240
2140	2367	2240
2367	2298	2240
2140	2217	2367
2217	2416	2367
2423	2626	2492
2626	2708	2492
2423	2469	2626
2392	2503	2330
2392	2563	2503
1950	2067	1912
2067	1961	1912
2061	2131	1830
1871	2125	1937
2630	2427	2691
2184	2312	2106
2375	2319	2312
2028	2216	2148
2022	1856	2000
2160	2418	2142
2086	2368	2160
3481	3705	3746
3705	3798	3746
3481	3445	3705
2545	2608	2745
2120	2271	2143
2271	2419	2143
2271	2533	2419
2358	2536	2254
2260	2173	2179
2260	2519	2173
2263	2516	2354
2516	2479	2354
2263	2560	2516
2263	2331	2560
2510	2474	2450
2474	2326	2450
2548	2666	2510
2548	2860	2666
2548	2888	2860
2548	2732	2888
2732	2949	2888
2949	3103	2888
3103	2891	2888
2949	3190	3103
3190	3257	3103
2732	2780	2949
2548	2567	2732
3243	3605	3293
3605	3715	3293
3243	3305	3605
3305	3545	3605
3545	3822	3605
3545	3659	3822
3224	3003	3305
3003	3013	3305
3013	3359	3305
3013	3258	3359
3013	3153	3258
3224	3010	3003
2800	3022	2794
2580	2558	2636
2787	2509	2596
3204	3300	3076
3300	3222	3076
3342	3406	3255
2662	2642	2679
3464	3496	3587
3464	3303	3496
2819	2846	3014
2876	2849	2839
2818	2960	2997
3116	3392	3196
3116	3363	3392
3452	3439	3466
3102	3415	3339
3488	3313	3320
4127	4176	4010
3511	3349	3454
3362	3117	3125
3432	3517	3482
3138	3292	3265
3292	3354	3265
3354	3372	3265
3354	3531	3372
3601	3623	3371
3405	3217	3229
3239	3252	3382
3258	3497	3459
3463	3493	3545
3575	3398	3411
3720	3968	3920
4044	4039	3839
4044	4190	4039
4190	4096	4039
3527	3491	3629
3470	3472	3590
3422	3645	3705
3422	3392	3645
3392	3453	3645
3807	3603	3755
3603	3548	3755
3788	3852	3649
3852	3754	3649
3754	3681	3649
3754	3692	3681
3852	3889	3754
3949	3765	3958
4827	4665	4774
4827	4812	4665
4812	4696	4665
4650	4626	4708
4804	4841	4669
4841	4623	4669
4841	4802	4623
4802	4716	4623
4716	4579	4623
4716	4608	4579
4716	4690	4608
4690	4409	4608
4409	4337	4608
4337	4385	4608
4690	4643	4409
4643	4463	4409
4690	4757	4643
4757	4799	4643
4799	4577	4643
4799	4761	4577
4761	4621	4577
4804	4845	4841
4845	4965	4841
4845	5048	4965
5124	5163	5099
5163	5154	5099
5154	5129	5099
5129	5061	5099
5061	5047	5099
5124	5165	5163
4737	4761	4782
4495	4678	4510
4715	4852	4658
4905	4825	4816
4905	4902	4825
4902	4853	4825
4723	4651	4711
4797	4824	4723
4797	4855	4824
4472	4336	4408
4588	4739	4615
4739	4720	4615
4588	4613	4739
4613	4740	4739
4613	4741	4740
4593	4473	4613
4473	4538	4613
4538	4641	4613
4641	4687	4613
4593	4549	4473
4549	4441	4473
4549	4430	4441
4549	4424	4430
4749	4805	4720
4805	4677	4720
4805	4736	4677
4749	4849	4805
5073	5150	5059
5073	5145	5150
5175	5198	5150
5198	5193	5150
5212	5214	5193
5214	5207	5193
5093	5084	5020
5084	4994	5020
5093	5141	5084
5148	5183	5141
5148	5206	5183
5148	5192	5206
4726	4742	4685
4850	4817	4726
4850	4890	4817
4890	4899	4817
4239	4382	4230
4382	4372	4230
4372	4362	4230
4682	4754	4655
4754	4744	4655
4682	4766	4754
4682	4725	4766
4891	4920	4851
5010	5058	5016
5058	5083	5016
4981	5045	5010
4981	4984	5045
4984	4953	5045
4953	5052	5045
4953	4977	5052
4977	5070	5052
5070	5096	5052
4977	5032	5070
4977	5007	5032
4885	4831	4863
4831	4810	4863
4705	4806	4730
4806	4832	4730
4832	4789	4730
4705	4771	4806
5117	5056	5075
5056	5001	5075
3631	3714	3797
3714	3890	3797
3650	3879	3703
4109	4116	3975
4116	4089	3975
3818	3673	3691
3896	4064	3796
4064	3880	3796
3930	3728	3934
3930	3677	3728
4129	4139	3947
4210	4043	4204
4497	4565	4467
4572	4420	4602
