310.287870 174.719833 16.733073 255 0 0
319.932056 160.717928 19.205015 255 0 0
330.943928 147.724116 22.418148 255 0 0
343.323483 135.738396 26.372470 255 0 0
357.070723 124.760769 31.067983 255 0 0
372.185648 114.791235 36.504687 255 0 0
388.668258 105.829793 42.682581 255 0 0
406.518552 97.876444 49.601665 255 0 0
425.736530 90.931187 57.261940 0 255 0
402.475954 89.127276 66.325116 0 255 0
380.805242 88.495222 76.249889 0 255 0
360.724392 89.035022 87.036257 0 255 0
342.233405 90.746679 98.684221 0 255 0
325.332281 93.630191 111.193780 0 255 0
310.021021 97.685560 124.564935 0 255 0
296.299623 102.912784 138.797687 0 255 0
284.168088 109.311863 153.892033 0 255 0
