3.122255156579605568e+02 1.065946933031873982e+02 1.371033679709193507e+02
3.122994182923839617e+02 9.427650545912672442e+01 1.284427144611692597e+02
3.168508356261955896e+02 8.605938300589417622e+01 1.151838268050483407e+02
3.189525621459609965e+02 7.940437875164570869e+01 9.928335597581440197e+01
3.253155558005851731e+02 7.157788508371584157e+01 8.588318589192937225e+01
3.287041013254736299e+02 7.878777196464318422e+01 5.147000344064502997e+01
3.385530158310496631e+02 1.141493472748526301e+02 3.103006056430689341e+01
3.414641403180297061e+02 1.292015734175809030e+02 3.662523552923823900e+01
3.409683361112794273e+02 1.487450736408734997e+02 3.540446677420123933e+01
3.415325680486479314e+02 1.591105007694856681e+02 4.684800879302696330e+01
3.408205308424325608e+02 1.733814493289948473e+02 5.272577379370142125e+01
