1	15	24
15	11	24
11	90	24
11	52	90
52	159	90
159	124	90
159	248	124
159	221	248
221	344	248
344	284	248
284	285	248
284	351	285
351	377	285
351	464	377
464	493	377
493	471	377
471	362	377
362	291	377
291	276	377
291	252	276
252	207	276
252	102	207
291	281	252
291	362	281
362	315	281
493	595	471
493	464	595
351	444	464
444	495	464
495	518	464
495	679	518
679	724	518
679	732	724
679	699	732
699	753	732
699	642	753
642	690	753
699	599	642
599	589	642
589	466	642
466	494	642
466	300	494
300	480	494
300	321	480
321	398	480
398	473	480
398	401	473
401	641	473
641	659	473
641	711	659
711	842	659
842	690	659
401	442	641
401	283	442
401	211	283
211	190	283
190	187	283
187	197	283
197	304	283
304	280	283
280	417	283
187	190	197
190	183	197
190	211	183
211	162	183
162	157	183
157	117	183
117	103	183
157	162	117
401	321	211
401	398	321
300	263	321
300	151	263
699	679	599
679	495	599
495	444	599
351	394	444
351	344	394
344	332	394
351	284	344
221	178	344
178	155	344
178	159	155
159	50	155
159	52	50
52	42	50
42	14	50
14	9	50
9	33	50
9	18	33
18	13	33
13	32	33
13	39	32
39	22	32
22	44	32
22	56	44
56	64	44
64	107	44
107	119	44
107	151	119
22	39	56
39	51	56
51	77	56
77	75	56
77	93	75
93	118	75
93	130	118
130	172	118
130	165	172
165	220	172
220	223	172
223	183	172
220	254	223
220	244	254
244	340	254
340	314	254
314	326	254
220	165	244
165	212	244
212	245	244
165	148	212
148	139	212
148	137	139
137	93	139
93	109	139
109	138	139
109	110	138
110	177	138
110	153	177
110	140	153
109	70	110
93	77	109
137	130	93
137	141	130
141	165	130
141	137	165
137	148	165
51	57	77
57	70	77
57	58	70
58	65	70
58	55	65
58	43	55
43	34	55
34	37	55
34	16	37
16	20	37
20	54	37
20	45	54
45	76	54
76	87	54
87	89	54
87	94	89
94	108	89
108	100	89
108	186	100
108	122	186
122	167	186
167	218	186
218	234	186
122	111	167
122	94	111
94	87	111
87	84	111
84	112	111
112	115	111
115	174	111
115	169	174
115	152	169
152	182	169
182	191	169
191	246	169
191	201	246
191	182	201
152	179	182
152	120	179
120	98	179
98	166	179
166	198	179
198	237	179
198	247	237
247	227	237
198	255	247
255	262	247
262	289	247
262	290	289
290	323	289
323	310	289
310	288	289
310	357	288
357	384	288
357	465	384
357	411	465
357	328	411
328	356	411
356	386	411
356	360	386
360	379	386
360	388	379
388	391	379
391	469	379
469	467	379
467	445	379
445	408	379
445	458	408
445	447	458
447	571	458
447	530	571
447	485	530
485	503	530
485	574	503
574	542	503
574	560	542
560	618	542
560	612	618
612	617	618
612	611	617
611	675	617
611	673	675
673	740	675
740	757	675
757	746	675
746	704	675
704	681	675
746	735	704
746	780	735
780	879	735
780	881	879
881	972	879
881	1015	972
1015	1080	972
881	957	1015
957	1021	1015
881	831	957
831	844	957
831	793	844
793	826	844
826	875	844
875	954	844
875	927	954
927	955	954
955	1019	954
1019	979	954
1019	1002	979
1019	1107	1002
1107	1113	1002
1107	1216	1113
1107	1122	1216
1107	1121	1122
1121	1168	1122
1121	1138	1168
1138	1175	1168
1175	1343	1168
1175	1342	1343
1342	1410	1343
1410	1385	1343
1385	1370	1343
1385	1450	1370
1450	1396	1370
1385	1473	1450
1385	1437	1473
1437	1506	1473
1506	1505	1473
1505	1504	1473
1505	1572	1504
1505	1506	1572
1506	1604	1572
1506	1509	1604
1509	1636	1604
1636	1706	1604
1636	1654	1706
1654	1731	1706
1731	1740	1706
1654	1672	1731
1672	1696	1731
1696	1790	1731
1696	1645	1790
1645	1734	1790
1734	1853	1790
1645	1650	1734
1650	1720	1734
1720	1732	1734
1720	1650	1732
1650	1603	1732
1650	1524	1603
1524	1581	1603
1650	1570	1524
1650	1645	1570
1696	1617	1645
1696	1626	1617
1696	1672	1626
1672	1654	1626
1654	1636	1626
1636	1509	1626
1506	1437	1509
1437	1413	1509
1413	1391	1509
1413	1372	1391
1372	1367	1391
1367	1371	1391
1367	1239	1371
1239	1360	1371
1239	1348	1360
1239	1215	1348
1239	1131	1215
1131	1091	1215
1091	1142	1215
1142	1261	1215
1142	1156	1261
1156	1205	1261
1205	1340	1261
1340	1387	1261
1387	1381	1261
1387	1465	1381
1387	1430	1465
1387	1340	1430
1340	1431	1430
1431	1488	1430
1431	1453	1488
1453	1585	1488
1453	1589	1585
1453	1609	1589
1453	1535	1609
1535	1718	1609
1535	1717	1718
1717	1872	1718
1872	1882	1718
1882	1827	1718
1882	1881	1827
1881	1974	1827
1974	1843	1827
1974	2024	1843
1881	2074	1974
1881	1882	2074
1453	1330	1535
1453	1356	1330
1356	1266	1330
1266	1165	1330
1165	1140	1330
1165	1124	1140
1165	1044	1124
1165	1193	1044
1193	1045	1044
1045	965	1044
1045	913	965
913	819	965
819	915	965
819	845	915
819	737	845
737	822	845
822	937	845
737	666	822
666	717	822
717	849	822
717	912	849
912	953	849
717	752	912
717	655	752
717	540	655
540	591	655
591	622	655
622	694	655
622	591	694
591	559	694
559	730	694
730	764	694
591	499	559
499	515	559
499	462	515
462	489	515
462	395	489
395	397	489
395	358	397
358	409	397
358	349	409
358	354	349
354	293	349
293	269	349
269	259	349
259	303	349
259	287	303
287	350	303
350	355	303
355	368	303
368	409	303
287	242	350
242	333	350
242	266	333
242	213	266
213	224	266
224	231	266
224	188	231
188	225	231
224	213	188
213	164	188
164	163	188
164	143	163
143	128	163
143	82	128
82	72	128
72	133	128
72	104	133
104	136	133
136	154	133
154	205	133
154	194	205
194	257	205
154	161	194
161	185	194
161	156	185
156	195	185
195	219	185
195	301	219
301	264	219
264	270	219
270	297	219
270	302	297
302	365	297
365	430	297
365	477	430
477	496	430
477	533	496
533	578	496
533	629	578
629	630	578
629	662	630
662	670	630
670	696	630
670	738	696
738	848	696
848	762	696
762	750	696
750	600	696
750	708	600
762	835	750
738	852	848
852	990	848
852	1025	990
738	707	852
707	662	852
662	629	852
629	631	852
629	583	631
583	643	631
583	544	643
544	606	643
606	669	643
669	756	643
669	797	756
797	904	756
669	605	797
669	606	605
606	547	605
547	555	605
547	510	555
510	532	555
510	463	532
463	514	532
514	607	532
607	594	532
594	525	532
594	628	525
628	602	525
628	742	602
628	654	742
654	802	742
802	796	742
654	818	802
818	833	802
628	594	654
594	607	654
463	497	514
463	421	497
463	439	421
439	359	421
463	510	439
510	500	439
510	547	500
547	544	500
544	583	500
583	533	500
533	454	500
454	437	500
454	365	437
454	477	365
454	533	477
583	629	533
547	606	544
707	670	662
707	738	670
302	338	365
302	264	338
264	296	338
296	312	338
296	324	312
324	359	312
296	301	324
296	264	301
302	270	264
195	196	301
196	294	301
196	222	294
222	315	294
196	170	222
196	180	170
180	104	170
104	97	170
104	74	97
74	47	97
47	69	97
47	38	69
38	127	69
38	25	127
25	71	127
71	126	127
25	30	71
30	53	71
53	102	71
30	24	53
25	2	30
2	7	30
2	8	7
8	28	7
28	12	7
28	20	12
20	4	12
20	5	4
5	11	4
11	15	4
5	52	11
5	6	52
6	42	52
6	14	42
6	19	14
19	18	14
18	9	14
19	23	18
23	31	18
31	13	18
31	39	13
31	51	39
31	57	51
31	43	57
43	58	57
31	23	43
23	34	43
23	19	34
19	16	34
19	6	16
6	5	16
5	20	16
28	45	20
28	46	45
46	48	45
48	76	45
48	84	76
84	87	76
48	62	84
62	88	84
88	112	84
88	120	112
120	115	112
120	152	115
88	83	120
83	98	120
83	85	98
85	106	98
106	166	98
106	113	166
113	135	166
135	193	166
193	198	166
193	255	198
193	232	255
232	271	255
271	262	255
271	290	262
271	258	290
258	274	290
274	343	290
343	323	290
343	378	323
378	388	323
388	328	323
328	310	323
328	357	310
388	360	328
360	356	328
378	391	388
378	380	391
380	469	391
380	361	469
361	425	469
425	486	469
486	534	469
534	467	469
534	447	467
447	445	467
534	574	447
574	485	447
534	557	574
557	575	574
575	611	574
611	560	574
611	612	560
575	581	611
581	673	611
581	568	673
568	576	673
576	584	673
584	646	673
646	726	673
726	740	673
726	816	740
816	757	740
816	830	757
830	746	757
830	795	746
795	780	746
795	826	780
826	793	780
793	881	780
793	831	881
795	830	826
830	875	826
830	815	875
815	851	875
851	927	875
851	955	927
851	903	955
903	994	955
994	1019	955
994	1078	1019
1078	1115	1019
1115	1107	1019
1115	1121	1107
1115	1138	1121
1115	1175	1138
1115	1196	1175
1196	1342	1175
1196	1272	1342
1272	1383	1342
1383	1410	1342
1383	1437	1410
1437	1385	1410
1383	1413	1437
1383	1272	1413
1272	1312	1413
1312	1372	1413
1312	1367	1372
1312	1239	1367
1312	1272	1239
1272	1133	1239
1133	1123	1239
1123	1131	1239
1123	1102	1131
1102	1091	1131
1102	1013	1091
1013	1022	1091
1022	1074	1091
1074	1142	1091
1074	1135	1142
1135	1156	1142
1135	1053	1156
1053	1205	1156
1053	1193	1205
1193	1248	1205
1248	1340	1205
1248	1266	1340
1266	1431	1340
1266	1356	1431
1356	1453	1431
1248	1193	1266
1193	1165	1266
1053	1020	1193
1020	1045	1193
1020	913	1045
1020	896	913
896	887	913
887	819	913
887	785	819
785	737	819
785	684	737
684	660	737
660	666	737
660	627	666
627	603	666
603	616	666
616	717	666
616	540	717
616	590	540
590	505	540
505	513	540
513	591	540
513	482	591
482	499	591
482	462	499
482	423	462
423	434	462
434	395	462
434	354	395
354	358	395
434	400	354
400	392	354
392	307	354
307	293	354
307	286	293
286	269	293
286	243	269
243	259	269
243	249	259
249	268	259
268	287	259
268	235	287
235	242	287
235	208	242
208	213	242
208	147	213
147	164	213
147	143	164
147	82	143
147	116	82
116	63	82
63	66	82
66	72	82
66	41	72
41	40	72
40	26	72
26	47	72
47	74	72
74	104	72
26	38	47
26	17	38
26	36	17
36	27	17
27	29	17
27	61	29
61	59	29
59	35	29
35	21	29
21	3	29
21	8	3
8	2	3
21	28	8
21	35	28
35	46	28
35	59	46
59	48	46
59	62	48
59	68	62
68	88	62
68	83	88
68	91	83
91	85	83
91	92	85
92	99	85
99	106	85
99	113	106
99	144	113
144	135	113
144	145	135
145	173	135
173	193	135
173	232	193
173	145	232
144	228	145
144	181	228
181	200	228
200	236	228
236	265	228
265	240	228
240	233	228
240	260	233
260	274	233
274	258	233
258	232	233
258	271	232
260	272	274
272	309	274
309	343	274
309	327	343
327	342	343
342	380	343
380	378	343
342	361	380
342	329	361
329	372	361
329	327	372
327	364	372
364	390	372
390	412	372
390	428	412
428	436	412
436	433	412
433	431	412
431	425	412
431	460	425
460	479	425
479	486	425
479	534	486
479	575	534
575	557	534
479	460	575
460	449	575
449	581	575
449	488	581
488	568	581
488	562	568
562	576	568
562	584	576
562	579	584
579	646	584
579	645	646
645	726	646
645	709	726
709	816	726
709	749	816
749	815	816
815	830	816
749	851	815
749	715	851
749	697	715
697	685	715
685	723	715
723	827	715
723	725	827
725	846	827
846	916	827
916	889	827
889	851	827
889	903	851
889	934	903
934	994	903
934	1047	994
1047	1078	994
1047	1153	1078
1153	1196	1078
1196	1115	1078
1153	1202	1196
1202	1272	1196
1202	1133	1272
1202	1153	1133
1153	1130	1133
1130	1036	1133
1036	1040	1133
1040	1123	1133
1040	1102	1123
1040	1013	1102
1040	891	1013
891	909	1013
909	1022	1013
909	1053	1022
1053	1074	1022
1053	1135	1074
909	1020	1053
909	896	1020
909	873	896
873	809	896
809	887	896
809	785	887
809	788	785
788	684	785
788	692	684
692	660	684
692	678	660
678	564	660
564	627	660
564	569	627
569	603	627
569	590	603
590	616	603
569	505	590
569	564	505
564	492	505
492	475	505
475	513	505
475	482	513
475	453	482
453	423	482
453	443	423
443	400	423
400	434	423
443	438	400
438	392	400
438	426	392
438	457	426
457	472	426
472	418	426
472	428	418
428	390	418
390	337	418
390	336	337
336	319	337
319	307	337
319	286	307
319	251	286
251	214	286
214	243	286
214	249	243
214	215	249
215	268	249
215	235	268
215	208	235
215	202	208
202	147	208
202	175	147
175	131	147
131	116	147
131	149	116
149	125	116
125	114	116
114	63	116
114	79	63
79	60	63
60	66	63
60	67	66
67	41	66
67	73	41
73	40	41
73	36	40
36	26	40
73	61	36
61	27	36
73	86	61
86	81	61
81	59	61
81	68	59
81	91	68
81	86	91
86	99	91
99	92	91
86	129	99
129	144	99
129	181	144
129	114	181
114	200	181
114	158	200
158	192	200
192	236	200
192	203	236
203	261	236
261	265	236
261	277	265
277	240	265
277	260	240
277	272	260
277	327	272
327	309	272
277	306	327
306	364	327
306	330	364
330	336	364
336	390	364
330	273	336
273	251	336
251	319	336
273	267	251
267	230	251
230	206	251
206	214	251
206	215	214
206	175	215
175	199	215
199	202	215
199	175	202
206	131	175
206	146	131
146	149	131
146	203	149
203	158	149
158	125	149
158	114	125
203	192	158
146	241	203
241	261	203
241	267	261
267	306	261
306	277	261
267	330	306
267	273	330
241	230	267
241	206	230
241	146	206
129	105	114
105	79	114
105	73	79
73	67	79
67	60	79
105	129	73
129	86	73
472	461	428
461	456	428
456	436	428
456	433	436
456	488	433
488	449	433
449	431	433
449	460	431
456	461	488
461	472	488
438	501	457
501	537	457
501	529	537
529	593	537
593	588	537
593	645	588
645	577	588
645	579	577
579	562	577
562	488	577
593	697	645
697	709	645
697	749	709
593	685	697
593	665	685
665	725	685
725	723	685
665	678	725
678	692	725
692	799	725
799	846	725
799	891	846
891	886	846
886	916	846
886	891	916
891	1040	916
1040	1036	916
1036	923	916
923	889	916
923	934	889
923	1036	934
1036	1047	934
1036	1130	1047
1130	1153	1047
799	873	891
873	909	891
799	788	873
788	809	873
799	692	788
665	564	678
593	529	665
501	484	529
484	492	529
492	564	529
484	475	492
484	452	475
452	453	475
452	443	453
452	484	443
484	501	443
501	438	443
329	342	327
180	184	104
184	156	104
156	136	104
156	161	136
161	154	136
184	195	156
184	196	195
184	180	196
122	108	94
178	221	159
78	80	101
80	103	101
95	160	134
132	189	171
204	318	345
345	292	204
345	352	292
352	334	292
352	504	334
504	405	334
504	508	405
508	528	405
528	516	405
516	424	405
528	731	516
528	573	731
528	508	573
508	567	573
508	504	567
504	664	567
318	335	345
335	506	345
335	450	506
335	348	450
335	318	348
318	217	348
217	278	348
278	313	348
229	295	320
279	299	341
299	308	341
316	339	415
316	304	339
339	403	415
403	519	415
519	521	415
521	483	415
521	649	483
649	586	483
586	527	483
527	455	483
586	614	527
614	633	527
614	647	633
647	728	633
728	739	633
647	663	728
647	614	663
586	710	614
710	755	614
755	745	614
755	771	745
755	812	771
755	710	812
710	825	812
710	814	825
710	671	814
671	713	814
713	888	814
888	997	814
713	722	888
722	863	888
722	805	863
805	910	863
805	782	910
782	806	910
806	993	910
782	689	806
689	747	806
805	721	782
721	691	782
721	722	691
721	805	722
710	649	671
710	586	649
519	582	521
519	511	582
511	522	582
522	597	582
511	404	522
404	420	522
404	416	420
511	403	404
403	326	404
403	339	326
511	519	403
317	347	370
347	385	370
385	407	370
385	446	407
446	509	407
509	546	407
546	413	407
546	570	413
570	549	413
549	383	413
546	668	570
546	644	668
370	308	317
346	374	366
366	320	346
369	419	406
419	490	406
369	389	419
389	459	419
399	478	440
478	531	440
478	520	531
478	435	520
410	526	550
550	481	410
414	441	491
441	476	491
476	565	491
476	609	565
476	524	609
422	507	502
432	498	539
448	566	538
448	620	566
470	621	651
621	811	651
811	765	651
811	914	765
914	861	765
861	700	765
861	917	700
917	667	700
667	543	700
861	974	917
974	1110	917
1110	936	917
1110	1254	936
1254	1187	936
1187	898	936
1187	1094	898
1254	1231	1187
1254	1510	1231
1254	1285	1510
1285	1375	1510
1375	1571	1510
1571	1688	1510
1688	1516	1510
1516	1378	1510
1516	1591	1378
1591	1577	1378
1577	1333	1378
1333	1355	1378
1516	1688	1591
1688	1725	1591
1375	1419	1571
1419	1502	1571
1502	1564	1571
1419	1451	1502
1254	1110	1285
974	1265	1110
974	1012	1265
974	861	1012
861	914	1012
914	1152	1012
914	980	1152
980	1190	1152
980	1129	1190
1129	1224	1190
980	1048	1129
1048	1112	1129
1048	998	1112
998	1057	1112
998	932	1057
932	905	1057
905	968	1057
968	1141	1057
1141	1276	1057
968	973	1141
973	938	1141
938	1050	1141
1050	1219	1141
1050	1155	1219
1155	1358	1219
1050	989	1155
989	985	1155
985	1199	1155
998	800	932
998	980	800
980	811	800
811	621	800
980	914	811
998	1048	980
470	572	621
487	640	517
517	386	487
523	791	561
535	552	604
535	551	552
551	602	552
552	638	604
638	648	604
648	698	604
698	535	604
638	587	648
638	601	587
601	657	587
601	634	657
601	650	634
650	674	634
650	638	674
638	775	674
775	834	674
775	951	834
951	929	834
951	1064	929
951	1119	1064
1119	1235	1064
1235	1270	1064
1235	1446	1270
1446	1407	1270
1407	1183	1270
1446	1464	1407
1235	1345	1446
1345	1426	1446
1345	1439	1426
1439	1567	1426
1439	1483	1567
1483	1471	1567
1471	1497	1567
1497	1595	1567
1595	1633	1567
1633	1671	1567
1633	1704	1671
1633	1592	1704
1592	1729	1704
1729	1825	1704
1729	1791	1825
1791	1894	1825
1894	1926	1825
1926	1865	1825
1926	1959	1865
1959	1820	1865
1959	1900	1820
1900	1799	1820
1900	1828	1799
1959	1953	1900
1959	1993	1953
1959	2008	1993
2008	2057	1993
2057	2061	1993
2057	2159	2061
2159	2136	2061
2136	2105	2061
2105	1952	2061
2105	1949	1952
1949	1833	1952
1949	1848	1833
1848	1724	1833
1848	1806	1724
1848	1822	1806
1822	1762	1806
1848	1949	1822
2105	2190	1949
2105	2136	2190
2008	1970	2057
1970	2037	2057
1970	1973	2037
1973	1979	2037
1979	2036	2037
1979	1858	2036
1858	1864	2036
1864	1942	2036
1942	2055	2036
2055	2146	2036
2055	2201	2146
2201	2283	2146
2055	2030	2201
2055	2016	2030
2016	1977	2030
1977	2039	2030
1977	2032	2039
2032	2075	2039
2075	2163	2039
2075	2174	2163
2075	2236	2174
2236	2227	2174
2075	2078	2236
2078	2260	2236
2260	2278	2236
2278	2334	2236
2278	2359	2334
2359	2390	2334
2390	2417	2334
2390	2428	2417
2428	2450	2417
2450	2465	2417
2465	2419	2417
2419	2351	2417
2419	2364	2351
2419	2396	2364
2396	2324	2364
2396	2308	2324
2308	2300	2324
2300	2283	2324
2396	2314	2308
2419	2437	2396
2437	2407	2396
2407	2389	2396
2419	2504	2437
2504	2537	2437
2504	2535	2537
2535	2565	2537
2535	2596	2565
2535	2556	2596
2556	2676	2596
2676	2691	2596
2676	2755	2691
2676	2743	2755
2743	2918	2755
2743	2800	2918
2800	3007	2918
3007	3021	2918
3021	3034	2918
3034	3105	2918
3105	2998	2918
3105	3151	2998
3151	3064	2998
3064	3035	2998
3064	3161	3035
3161	3050	3035
3064	3195	3161
3195	3210	3161
3195	3288	3210
3288	3222	3210
3195	3226	3288
3226	3337	3288
3337	3469	3288
3469	3473	3288
3469	3504	3473
3504	3523	3473
3523	3502	3473
3523	3583	3502
3583	3656	3502
3656	3491	3502
3504	3655	3523
3504	3499	3655
3499	3660	3655
3660	3710	3655
3710	3738	3655
3710	3833	3738
3833	3786	3738
3833	3796	3786
3796	3656	3786
3796	3754	3656
3754	3665	3656
3754	3708	3665
3754	3843	3708
3754	3827	3843
3754	3796	3827
3499	3477	3660
3499	3350	3477
3499	3337	3350
3337	3187	3350
3337	3226	3187
3226	3151	3187
3151	3105	3187
3105	3126	3187
3126	3144	3187
3126	3034	3144
3034	3007	3144
3007	3030	3144
3007	2979	3030
2979	3078	3030
3007	2833	2979
3007	2800	2833
2800	2806	2833
2800	2736	2806
2736	2769	2806
2736	2591	2769
2591	2594	2769
2594	2599	2769
2599	2697	2769
2594	2516	2599
2594	2539	2516
2539	2359	2516
2359	2421	2516
2421	2448	2516
2421	2420	2448
2420	2402	2448
2402	2346	2448
2402	2327	2346
2327	2282	2346
2282	2177	2346
2177	2341	2346
2341	2553	2346
2341	2528	2553
2528	2658	2553
2528	2651	2658
2282	2089	2177
2089	2094	2177
2282	2130	2089
2130	1890	2089
2282	2290	2130
2282	2402	2290
2402	2420	2290
2420	2421	2290
2421	2260	2290
2260	2246	2290
2246	2225	2290
2246	2260	2225
2260	2078	2225
2421	2278	2260
2421	2359	2278
2282	2327	2402
2539	2390	2359
2539	2428	2390
2539	2450	2428
2539	2555	2450
2555	2533	2450
2533	2556	2450
2556	2465	2450
2556	2504	2465
2504	2419	2465
2556	2535	2504
2533	2676	2556
2533	2555	2676
2555	2597	2676
2597	2743	2676
2597	2736	2743
2736	2800	2743
2597	2591	2736
2597	2575	2591
2575	2539	2591
2539	2594	2591
2575	2555	2539
2575	2597	2555
3034	3021	3007
3126	3105	3034
3226	3195	3151
3195	3064	3151
3499	3469	3337
3499	3504	3469
2075	2032	2078
2032	2005	2078
2032	1842	2005
1842	1928	2005
1842	1867	1928
1867	1890	1928
1842	1745	1867
1745	1749	1867
1745	1715	1749
1715	1610	1749
1610	1580	1749
1580	1515	1749
1610	1552	1580
1610	1673	1552
1673	1545	1552
1673	1780	1545
1780	1768	1545
1768	1694	1545
1694	1582	1545
1582	1513	1545
1582	1547	1513
1547	1373	1513
1373	1328	1513
1373	1278	1328
1278	1274	1328
1278	1178	1274
1278	1072	1178
1072	984	1178
984	1128	1178
1128	1088	1178
1128	1028	1088
984	943	1128
943	920	1128
943	772	920
772	777	920
772	598	777
772	580	598
943	984	772
1072	1075	984
1072	1104	1075
1104	1103	1075
1103	1056	1075
1103	1316	1056
1316	1076	1056
1316	1220	1076
1316	1359	1220
1104	1315	1103
1104	1278	1315
1278	1373	1315
1373	1354	1315
1373	1490	1354
1373	1547	1490
1547	1540	1490
1547	1695	1540
1695	1703	1540
1703	1705	1540
1705	1548	1540
1703	1774	1705
1703	1763	1774
1763	1821	1774
1821	1858	1774
1821	1864	1858
1821	1763	1864
1763	1942	1864
1763	1759	1942
1759	1768	1942
1768	1801	1942
1801	1977	1942
1977	2016	1942
2016	2055	1942
1768	1780	1801
1780	1842	1801
1842	2032	1801
1780	1745	1842
1780	1715	1745
1780	1673	1715
1673	1610	1715
1759	1694	1768
1759	1763	1694
1763	1695	1694
1695	1582	1694
1695	1547	1582
1763	1703	1695
1104	1072	1278
1973	1832	1979
1973	1894	1832
1894	1791	1832
1973	1970	1894
1970	1926	1894
1970	2008	1926
2008	1959	1926
1729	1644	1791
1729	1592	1644
1592	1484	1644
1592	1496	1484
1592	1519	1496
1592	1595	1519
1595	1497	1519
1497	1390	1519
1497	1405	1390
1405	1364	1390
1364	1277	1390
1364	1339	1277
1339	1164	1277
1164	1159	1277
1364	1405	1339
1405	1377	1339
1405	1497	1377
1497	1471	1377
1471	1369	1377
1369	1283	1377
1369	1350	1283
1350	1284	1283
1350	1324	1284
1350	1483	1324
1483	1439	1324
1439	1288	1324
1439	1345	1288
1350	1471	1483
1350	1369	1471
1592	1633	1595
1235	1119	1345
650	601	638
556	748	563
563	525	556
563	555	525
748	798	563
585	676	608
615	703	635
624	733	729
729	687	624
729	840	687
840	866	687
840	884	866
884	1041	866
1041	991	866
991	864	866
991	1092	864
991	1161	1092
1161	1267	1092
1267	1249	1092
1249	1199	1092
1249	1226	1199
1161	1329	1267
1161	1237	1329
1161	1111	1237
1111	1086	1237
1111	1041	1086
1111	1161	1041
1161	991	1041
639	653	758
758	686	639
758	836	686
672	810	688
682	774	877
877	693	682
701	786	843
843	872	701
843	926	872
705	759	804
804	640	705
718	760	720
719	829	754
734	871	792
734	766	871
766	839	871
839	978	871
736	784	862
784	838	862
838	918	862
918	981	862
981	803	862
981	857	803
981	944	857
944	967	857
981	1035	944
1035	1085	944
1035	1195	1085
981	1073	1035
981	918	1073
743	895	790
895	869	790
869	876	790
876	767	790
876	832	767
832	778	767
832	856	778
856	769	778
856	890	769
890	906	769
890	960	906
890	925	960
890	856	925
856	832	925
832	963	925
832	876	963
876	907	963
876	869	907
869	1046	907
869	895	1046
895	1087	1046
751	867	824
867	931	824
768	813	859
776	966	956
776	1014	966
1014	1007	966
1007	956	966
1007	1186	956
1186	1209	956
1209	1093	956
1209	1214	1093
1186	1436	1209
1186	1368	1436
1368	1489	1436
1489	1620	1436
1489	1721	1620
1721	1752	1620
1721	1863	1752
1863	1941	1752
1863	2051	1941
2051	2082	1941
2082	2102	1941
2102	2049	1941
1863	1913	2051
1913	2052	2051
2052	2166	2051
1913	1889	2052
1913	1778	1889
1913	1863	1778
1863	1721	1778
1489	1542	1721
1007	1100	1186
1007	1014	1100
776	868	1014
956	703	776
787	858	847
850	883	948
883	1005	948
1005	1034	948
1034	941	948
941	850	948
883	810	1005
855	952	885
952	1028	885
885	728	855
870	958	1006
958	1038	1006
1038	1223	1006
1223	1166	1006
1166	1042	1006
1042	870	1006
1166	1134	1042
1134	1059	1042
1134	1287	1059
1287	1137	1059
1137	1068	1059
1287	1264	1137
1264	1192	1137
1264	1417	1192
1417	1222	1192
1417	1234	1222
1417	1401	1234
1166	1299	1134
1166	1223	1299
1223	1344	1299
1223	1376	1344
958	1116	1038
958	835	1116
878	1023	992
882	935	897
935	967	897
900	921	1188
900	836	921
836	961	921
961	1188	921
961	1238	1188
900	853	836
1188	1097	900
908	1062	1003
1003	912	908
1062	1081	1003
1062	1172	1081
1062	1290	1172
1290	1228	1172
1228	1252	1172
1228	1323	1252
1323	1403	1252
1228	1290	1323
924	928	1051
933	970	995
933	877	970
939	1016	959
1016	1061	959
1061	1060	959
1061	1120	1060
1120	1144	1060
1144	1125	1060
1144	1242	1125
1144	1256	1242
1144	1120	1256
946	1149	1098
1149	1273	1098
1149	1162	1273
964	1095	1052
1052	975	964
1052	1099	975
1052	1184	1099
1052	1095	1184
1095	1298	1184
1095	1232	1298
1232	1412	1298
1232	1338	1412
1338	1494	1412
1494	1607	1412
1494	1660	1607
1660	1677	1607
1677	1714	1607
1714	1587	1607
1677	1735	1714
1735	1812	1714
1494	1642	1660
1642	1835	1660
1642	1836	1835
1836	1960	1835
1494	1578	1642
1494	1338	1578
1232	1126	1338
977	996	1160
1160	1027	977
986	1055	1096
1055	1243	1096
988	1031	1026
1026	970	988
1031	1090	1026
1031	1054	1090
1054	1244	1090
1004	1139	1179
1004	997	1139
997	1118	1139
1118	1170	1139
1017	1127	1033
1127	1089	1033
1089	1024	1033
1127	1225	1089
1225	1258	1089
1225	1297	1258
1297	1357	1258
1297	1320	1357
1320	1441	1357
1441	1472	1357
1441	1569	1472
1569	1515	1472
1441	1539	1569
1539	1701	1569
1320	1245	1441
1320	1225	1245
1225	1207	1245
1225	1169	1207
1169	1194	1207
1169	1167	1194
1169	1043	1167
1169	1017	1043
1169	1117	1017
1117	1127	1017
1117	1169	1127
1169	1225	1127
1320	1297	1225
1065	1304	1306
1304	1317	1306
1317	1326	1306
1317	1478	1326
1317	1305	1478
1317	1304	1305
1084	1208	1182
1182	1116	1084
1182	1279	1116
1182	1208	1279
1208	1418	1279
1418	1366	1279
1418	1459	1366
1459	1455	1366
1455	1376	1366
1106	1157	1291
1157	1213	1291
1213	1389	1291
1213	1347	1389
1213	1292	1347
1213	1189	1292
1189	1197	1292
1197	1308	1292
1291	1255	1106
1145	1229	1174
1145	1293	1229
1293	1414	1229
1147	1173	1150
1177	1363	1210
1363	1332	1210
1180	1230	1253
1181	1336	1201
1200	1218	1281
1218	1341	1281
1341	1429	1281
1429	1334	1281
1429	1399	1334
1341	1477	1429
1341	1475	1477
1206	1382	1217
1211	1269	1319
1319	1194	1211
1212	1425	1392
1246	1486	1362
1246	1253	1486
1257	1365	1379
1257	1173	1365
1365	1520	1379
1520	1443	1379
1443	1408	1379
1520	1697	1443
1697	1722	1443
1697	1753	1722
1697	1769	1753
1769	1852	1753
1769	1911	1852
1769	1862	1911
1862	1958	1911
1958	2020	1911
1862	1920	1958
1920	2116	1958
1862	1751	1920
1751	1716	1920
1716	1891	1920
1891	2076	1920
1716	1709	1891
1709	1874	1891
1874	2069	1891
1874	2088	2069
2088	2098	2069
2098	2217	2069
2217	2165	2069
2098	2270	2217
2270	2302	2217
1709	1725	1874
1716	1577	1709
1716	1530	1577
1697	1520	1769
1263	1400	1296
1275	1421	1395
1421	1532	1395
1286	1321	1300
1303	1466	1493
1493	1420	1303
1420	1325	1303
1493	1452	1420
1452	1521	1420
1452	1614	1521
1614	1615	1521
1614	1640	1615
1614	1674	1640
1614	1761	1674
1614	1641	1761
1614	1452	1641
1452	1493	1641
1309	1482	1423
1331	1422	1498
1498	1536	1331
1536	1508	1331
1346	1485	1533
1485	1590	1533
1533	1503	1346
1533	1711	1503
1711	1456	1503
1380	1544	1495
1495	1475	1380
1495	1537	1475
1495	1544	1537
1380	1534	1544
1380	1444	1534
1384	1415	1406
1394	1445	1579
1445	1602	1579
1602	1648	1579
1602	1630	1648
1602	1500	1630
1602	1445	1500
1397	1555	1440
1555	1583	1440
1398	1458	1528
1458	1507	1528
1507	1560	1528
1560	1608	1528
1608	1563	1528
1608	1758	1563
1608	1784	1758
1784	1839	1758
1839	1939	1758
1784	1805	1839
1784	1775	1805
1784	1608	1775
1608	1560	1775
1416	1491	1541
1416	1358	1491
1491	1643	1541
1643	1665	1541
1665	1523	1541
1665	1566	1523
1566	1479	1523
1665	1664	1566
1665	1883	1664
1883	1811	1664
1883	2026	1811
1883	2045	2026
2045	2099	2026
2099	2046	2026
2045	2306	2099
2045	2103	2306
1665	1810	1883
1665	1643	1810
1434	1575	1561
1575	1730	1561
1575	1719	1730
1719	1868	1730
1868	1793	1730
1868	1923	1793
1923	1992	1793
1992	1956	1793
1956	1739	1793
1992	2161	1956
2161	2119	1956
2161	2247	2119
2161	2317	2247
2161	2216	2317
2216	2333	2317
2333	2370	2317
2333	2423	2370
2333	2216	2423
2216	2235	2423
2216	2209	2235
2209	2050	2235
2209	2187	2050
2187	1923	2050
2187	1992	1923
2187	2216	1992
2216	2161	1992
2187	2209	2216
1719	1817	1868
1719	1685	1817
1685	1785	1817
1785	1859	1817
1859	1978	1817
1859	2050	1978
1719	1575	1685
1575	1525	1685
1448	1618	1666
1618	1809	1666
1618	1597	1809
1597	1619	1809
1619	1667	1809
1667	1971	1809
1971	2044	1809
1971	2157	2044
2157	2294	2044
2294	2100	2044
2157	2243	2294
1618	1448	1597
1449	1554	1526
1461	1558	1462
1558	1520	1462
1468	1612	1501
1468	1623	1612
1476	1553	1574
1553	1616	1574
1476	1401	1553
1476	1351	1401
1512	1622	1687
1512	1531	1622
1517	1596	1627
1596	1850	1627
1596	1804	1850
1596	1659	1804
1529	1766	1652
1766	1782	1652
1782	1764	1652
1764	1748	1652
1764	1897	1748
1897	1781	1748
1897	1776	1781
1764	1782	1897
1766	1988	1782
1766	1824	1988
1824	2058	1988
1824	1838	2058
1838	1948	2058
1948	2158	2058
2158	2279	2058
2158	2221	2279
2221	2393	2279
2393	2365	2279
2365	2315	2279
2365	2336	2315
2221	2357	2393
2357	2440	2393
2357	2378	2440
2378	2476	2440
2476	2566	2440
2378	2339	2476
2339	2362	2476
2339	2205	2362
2378	2357	2339
2357	2221	2339
1838	1847	1948
1847	1986	1948
1847	1954	1986
1847	1794	1954
1794	1818	1954
1818	1919	1954
1919	1981	1954
1981	1980	1954
1981	2065	1980
1847	1702	1794
1847	1637	1702
1824	1723	1838
1556	1655	1712
1556	1455	1655
1455	1653	1655
1653	1710	1655
1710	1712	1655
1710	1844	1712
1844	1815	1712
1815	1621	1712
1844	1845	1815
1845	1826	1815
1844	2009	1845
1653	1814	1710
1559	1693	1662
1662	1555	1559
1562	1760	1681
1760	1738	1681
1760	1783	1738
1783	1860	1738
1783	1908	1860
1908	1904	1860
1904	1877	1860
1908	2029	1904
1783	1831	1908
1831	2035	1908
2035	2111	1908
2035	2200	2111
2200	2328	2111
2328	2141	2111
2200	2461	2328
2200	2479	2461
2479	2727	2461
2200	2356	2479
2356	2480	2479
2356	2499	2480
1783	1760	1831
1760	1772	1831
1760	1562	1772
1576	1601	1613
1586	1829	1663
1588	1733	1646
1733	1837	1646
1593	1708	1683
1708	1744	1683
1744	1878	1683
1744	1938	1878
1938	2064	1878
1744	1786	1938
1744	1708	1786
1708	1789	1786
1708	1632	1789
1594	1756	1634
1756	1807	1634
1807	1651	1634
1651	1611	1634
1599	1669	1699
1600	1670	1684
1670	1792	1684
1670	1726	1792
1726	1819	1792
1726	1856	1819
1726	1727	1856
1726	1670	1727
1638	1657	1639
1647	1899	1700
1647	1736	1899
1661	1788	1750
1682	1922	1855
1855	1659	1682
1922	2034	1855
1682	1771	1922
1771	1916	1922
1916	1927	1922
1916	1771	1927
1771	1912	1927
1771	1878	1912
1707	1910	1918
1910	1955	1918
1955	2025	1918
1955	1969	2025
1969	2001	2025
1969	1910	2001
1910	2023	2001
1969	1924	1910
1924	1955	1910
1924	1969	1955
1728	1754	1813
1754	1795	1813
1754	1796	1795
1747	1968	1951
1755	1823	1866
1755	1770	1823
1770	2015	1823
2015	1866	1823
2015	2092	1866
2092	1943	1866
2092	1990	1943
1770	1975	2015
1975	2093	2015
2093	2104	2015
2104	2126	2015
1975	2019	2093
2019	2138	2093
2019	1899	2138
1899	2022	2138
1899	2031	2022
1773	1834	1800
1802	2011	1947
2011	2131	1947
2131	2003	1947
2131	2181	2003
2131	2329	2181
2131	2312	2329
2011	2152	2131
1803	1830	1902
1902	1816	1803
1840	2007	1994
1841	1875	1963
1875	1905	1963
1905	2012	1963
1905	2072	2012
2072	2117	2012
2072	2113	2117
2113	2135	2117
2072	2083	2113
2083	2137	2113
2137	2213	2113
2072	1930	2083
1875	1869	1905
1963	1892	1841
1963	1929	1892
1849	1898	1854
1870	2013	1931
1888	2021	1914
2021	1944	1914
2021	2170	1944
2170	2103	1944
2021	2115	2170
2115	2251	2170
2251	2332	2170
2251	2408	2332
2408	2536	2332
2536	2391	2332
2536	2560	2391
2560	2432	2391
2432	2306	2391
2432	2288	2306
2560	2559	2432
2560	2652	2559
2408	2486	2536
2408	2251	2486
2251	2286	2486
1893	1982	1906
1893	1939	1982
1915	2006	1999
2006	2134	1999
1933	1985	1997
1937	2071	2080
1940	2042	2066
1940	1957	2042
1957	2107	2042
1946	1950	1998
1946	1819	1950
1950	1964	1998
1998	2084	1946
2084	1991	1946
2084	2056	1991
1967	2063	2060
2063	2186	2060
1976	2171	2027
2171	2079	2027
2079	2007	2027
1987	2062	2173
2062	2148	2173
2173	2189	1987
2004	2183	2192
2183	2301	2192
2301	2363	2192
2363	2271	2192
2271	2267	2192
2301	2490	2363
2490	2507	2363
2301	2488	2490
2301	2487	2488
2487	2587	2488
2487	2529	2587
2529	2726	2587
2301	2309	2487
2301	2248	2309
2248	2272	2309
2272	2269	2309
2301	2183	2248
2033	2168	2041
2047	2253	2229
2253	2287	2229
2253	2484	2287
2484	2305	2287
2484	2387	2305
2047	2046	2253
2053	2242	2118
2242	2206	2118
2206	2231	2118
2231	2091	2118
2231	2224	2091
2231	2323	2224
2231	2382	2323
2382	2491	2323
2382	2505	2491
2505	2509	2491
2505	2618	2509
2231	2335	2382
2231	2206	2335
2206	2242	2335
2242	2416	2335
2073	2154	2185
2081	2208	2164
2087	2245	2265
2265	2281	2087
2106	2108	2180
2108	2193	2180
2193	2369	2180
2369	2298	2180
2298	2140	2180
2369	2446	2298
2446	2372	2298
2446	2456	2372
2456	2376	2372
2456	2473	2376
2456	2517	2473
2517	2619	2473
2456	2534	2517
2534	2609	2517
2456	2446	2534
2108	2121	2193
2121	2238	2193
2121	2125	2238
2125	2223	2238
2128	2250	2132
2250	2261	2132
2144	2156	2194
2149	2410	2358
2410	2455	2358
2455	2485	2358
2485	2481	2358
2481	2256	2358
2485	2659	2481
2659	2577	2481
2485	2724	2659
2724	2852	2659
2410	2483	2455
2483	2682	2455
2155	2178	2304
2178	2234	2304
2234	2375	2304
2375	2424	2304
2424	2405	2304
2424	2551	2405
2424	2422	2551
2424	2375	2422
2178	2176	2234
2178	2064	2176
2162	2330	2430
2330	2527	2430
2527	2459	2430
2459	2435	2430
2435	2162	2430
2459	2464	2435
2459	2552	2464
2552	2429	2464
2175	2203	2237
2175	2247	2203
2188	2199	2276
2199	2190	2276
2190	2314	2276
2276	2313	2188
2313	2258	2188
2198	2303	2316
2207	2331	2280
2280	2268	2207
2210	2457	2338
2338	2228	2210
2338	2340	2228
2340	2322	2228
2338	2367	2340
2338	2457	2367
2214	2383	2344
2383	2462	2344
2462	2470	2344
2383	2564	2462
2239	2409	2295
2409	2469	2295
2409	2526	2469
2409	2579	2526
2579	2709	2526
2579	2610	2709
2579	2644	2610
2579	2409	2644
2252	2321	2311
2252	2320	2321
2320	2458	2321
2458	2503	2321
2503	2311	2321
2503	2441	2311
2441	2401	2311
2441	2520	2401
2520	2362	2401
2320	2427	2458
2427	2493	2458
2493	2588	2458
2588	2639	2458
2252	2237	2320
2277	2388	2412
2412	2403	2277
2412	2544	2403
2285	2297	2345
2345	2379	2285
2291	2406	2326
2292	2296	2373
2292	2258	2296
2258	2342	2296
2342	2373	2296
2373	2395	2292
2373	2497	2395
2337	2360	2496
2347	2508	2426
2508	2620	2426
2349	2501	2414
2414	2250	2349
2501	2444	2414
2444	2445	2414
2350	2413	2467
2353	2366	2494
2353	2213	2366
2353	2411	2213
2353	2494	2411
2494	2529	2411
2494	2522	2529
2355	2482	2381
2374	2397	2443
2443	2394	2374
2377	2574	2571
2574	2698	2571
2415	2582	2500
2582	2545	2500
2431	2613	2635
2613	2793	2635
2439	2567	2521
2567	2730	2521
2521	2312	2439
2447	2558	2495
2447	2521	2558
2558	2766	2495
2495	2329	2447
2498	2550	2647
2502	2547	2630
2510	2683	2512
2683	2666	2512
2683	2745	2666
2683	2728	2745
2683	2760	2728
2518	2573	2687
2518	2467	2573
2573	2774	2687
2774	2879	2687
2879	2801	2687
2573	2630	2774
2519	2615	2605
2615	2671	2605
2605	2532	2519
2524	2592	2580
2540	2764	2649
2542	2611	2616
2542	2632	2611
2632	2616	2611
2632	2882	2616
2632	2761	2882
2761	2969	2882
2969	2990	2882
2990	2985	2882
2985	3018	2882
3018	2909	2882
2909	2875	2882
2909	2920	2875
2920	2906	2875
2906	2911	2875
2911	2777	2875
2911	2891	2777
2891	2847	2777
2891	3003	2847
2891	3138	3003
3138	3154	3003
3154	3057	3003
3057	2991	3003
2991	2808	3003
2991	2845	2808
2845	2788	2808
2845	2709	2788
3057	3107	2991
3057	3154	3107
3154	3344	3107
3154	3273	3344
3154	3138	3273
3138	3194	3273
3194	3208	3273
3208	3342	3273
3138	2911	3194
3138	2891	2911
2920	3018	2906
2920	2909	3018
2969	3075	2990
3075	3258	2990
3258	3266	2990
3258	3362	3266
3362	3315	3266
3258	3270	3362
3270	3375	3362
3270	3383	3375
3270	3314	3383
3270	3145	3314
3145	3148	3314
3145	3084	3148
3084	3036	3148
3258	3075	3270
2969	2889	3075
2969	2761	2889
2761	2663	2889
2663	2837	2889
2663	2634	2837
2663	2625	2634
2616	2586	2542
2616	2777	2586
2777	2581	2586
2548	2757	2734
2757	2798	2734
2798	2802	2734
2802	2706	2734
2802	2796	2706
2802	2938	2796
2938	2887	2796
2887	2846	2796
2846	2729	2796
2846	2694	2729
2549	2645	2570
2645	2716	2570
2716	2603	2570
2716	2657	2603
2645	2752	2716
2752	2779	2716
2561	2747	2775
2747	2922	2775
2922	2944	2775
2922	3008	2944
2747	2766	2922
2766	2933	2922
2933	2970	2922
2775	2582	2561
2562	2627	2686
2563	2711	2626
2711	2721	2626
2721	2700	2626
2700	2628	2626
2700	2695	2628
2711	2840	2721
2578	2624	2655
2655	2742	2578
2655	2893	2742
2655	2778	2893
2778	2966	2893
2778	2842	2966
2778	2824	2842
2655	2648	2778
2655	2624	2648
2589	2622	2699
2622	2696	2699
2696	2723	2699
2723	2589	2699
2622	2604	2696
2604	2692	2696
2604	2672	2692
2604	2545	2672
2590	2675	2689
2675	2767	2689
2767	2818	2689
2767	2934	2818
2767	2899	2934
2899	2974	2934
2974	3016	2934
2974	3140	3016
2974	3166	3140
2974	2967	3166
2967	3146	3166
2974	2899	2967
2899	2901	2967
2767	2762	2899
2767	2675	2762
2600	2739	2623
2739	2811	2623
2811	2748	2623
2602	2722	2637
2606	2617	2731
2617	2820	2731
2820	2859	2731
2607	2690	2732
2690	2805	2732
2805	2799	2732
2805	2895	2799
2608	2693	2673
2612	2771	2656
2771	2815	2656
2771	2812	2815
2812	2902	2815
2902	2851	2815
2902	3066	2851
3066	2917	2851
3066	3005	2917
3005	2852	2917
3005	3027	2852
3027	2941	2852
2941	2870	2852
2941	2949	2870
2949	3042	2870
3042	3051	2870
3042	3095	3051
3095	3153	3051
3153	3058	3051
3058	2913	3051
3095	3295	3153
3095	3296	3295
3095	3042	3296
2949	3024	3042
2949	2941	3024
3066	3178	3005
3178	3242	3005
3178	3391	3242
3391	3390	3242
3390	3294	3242
3390	3544	3294
3544	3416	3294
3416	3324	3294
3324	3275	3294
3324	3296	3275
3324	3416	3296
3416	3492	3296
3178	3411	3391
3178	3223	3411
3223	3318	3411
3318	3517	3411
3517	3575	3411
3517	3574	3575
3574	3649	3575
3574	3765	3649
3574	3626	3765
3574	3517	3626
3517	3433	3626
3517	3318	3433
3223	3215	3318
3223	3066	3215
3223	3178	3066
2812	2792	2902
2812	2771	2792
2771	2770	2792
2770	2883	2792
2770	2681	2883
2681	2816	2883
2681	2712	2816
2770	2614	2681
2614	2484	2681
2621	2848	2786
2848	2904	2786
2621	2864	2848
2621	2871	2864
2629	2640	2780
2631	2715	2807
2807	2758	2631
2641	2810	2678
2810	2688	2678
2642	2830	2826
2643	2718	2720
2643	2754	2718
2643	2751	2754
2720	2704	2643
2665	2753	2707
2667	2735	2765
2674	2702	2836
2674	2639	2702
2679	2867	2908
2867	2999	2908
2999	2905	2908
2905	2803	2908
2905	2957	2803
2905	2999	2957
2680	2746	2829
2685	2863	2782
2685	2858	2863
2710	2886	2795
2713	2814	2794
2814	2923	2794
2713	2791	2814
2714	2844	2896
2844	2946	2896
2844	2925	2946
2925	3020	2946
2925	2972	3020
2925	2897	2972
2925	2844	2897
2725	2781	2790
2790	2856	2725
2738	2773	2927
2773	2939	2927
2939	2971	2927
2971	3009	2927
2773	2964	2939
2773	2958	2964
2958	3081	2964
2958	3023	3081
3023	3130	3081
2740	2741	2951
2750	2861	2787
2861	2960	2787
2861	2980	2960
2980	3061	2960
3061	2977	2960
3061	3106	2977
2750	2730	2861
2768	2894	2817
2894	2973	2817
2973	2741	2817
2822	3065	2932
2825	2987	2916
2916	2727	2825
2727	2737	2825
2987	3038	2916
2987	3053	3038
3053	3235	3038
3235	3225	3038
3235	3398	3225
3398	3302	3225
3398	3349	3302
3235	3298	3398
3298	3493	3398
3493	3642	3398
3642	3608	3398
3493	3717	3642
3717	3721	3642
3717	3798	3721
3798	3832	3721
3717	3963	3798
3493	3644	3717
3493	3463	3644
3493	3298	3463
3235	3238	3298
3238	3251	3298
3238	3053	3251
3238	3235	3053
2987	2956	3053
2956	2959	3053
2956	2936	2959
2936	2873	2959
2873	2898	2959
2936	2956	2873
2987	2825	2956
2827	2890	2843
2827	2866	2890
2834	2926	3083
2926	2996	3083
2850	3013	2948
3013	3142	2948
3013	3163	3142
3163	3265	3142
3265	3132	3142
3265	3280	3132
3280	3190	3132
3190	3109	3132
3109	2962	3132
2962	3012	3132
3190	3201	3109
3201	3202	3109
3190	3280	3201
3163	3230	3265
3230	3253	3265
3253	3432	3265
3432	3442	3265
3432	3489	3442
3489	3553	3442
3553	3529	3442
3489	3598	3553
3598	3760	3553
3598	3702	3760
3702	3840	3760
3840	3836	3760
3836	3787	3760
3836	3920	3787
3920	3895	3787
3840	3893	3836
3840	3700	3893
3840	3702	3700
3702	3598	3700
3598	3514	3700
3514	3735	3700
3514	3521	3735
3521	3664	3735
3521	3480	3664
3598	3489	3514
3489	3432	3514
3230	3231	3253
2850	2904	3013
2904	3011	3013
2865	2993	2903
2868	2928	3010
2877	2997	3069
2997	3115	3069
2997	3183	3115
3183	3289	3115
2880	3022	2994
3022	3137	2994
2994	2793	2880
2888	3014	3002
3014	3141	3002
3014	3052	3141
3052	3136	3141
3136	3264	3141
3136	3278	3264
3278	3498	3264
3014	2856	3052
3014	2888	2856
2914	3098	2981
2981	2840	2914
3098	3068	2981
3068	3025	2981
3025	2965	2981
3025	3059	2965
3059	2952	2965
2952	2700	2965
3059	3080	2952
3080	3087	2952
3087	3097	2952
3098	3271	3068
3098	3268	3271
3268	3431	3271
3431	3482	3271
3431	3532	3482
3532	3569	3482
3569	3410	3482
3532	3684	3569
3684	3650	3569
3431	3513	3532
3431	3435	3513
3435	3488	3513
3488	3619	3513
3488	3631	3619
3631	3838	3619
3488	3484	3631
3484	3613	3631
2924	3045	2968
3045	3090	2968
3090	3043	2968
3043	3039	2968
3039	2953	2968
3043	3221	3039
3221	3186	3039
3043	3090	3221
3090	3267	3221
3090	3259	3267
3090	3045	3259
3045	3196	3259
2937	3029	2942
2945	2950	3001
2954	3000	2976
3000	3128	2976
3128	3092	2976
3128	3197	3092
3197	3099	3092
3099	3054	3092
3099	3203	3054
3099	3197	3203
3128	3229	3197
3128	3216	3229
3128	3056	3216
3128	3000	3056
2963	3047	2982
3047	3088	2982
3047	3200	3088
3200	3100	3088
3047	3125	3200
2986	3086	3033
2995	3070	3156
2995	2923	3070
2923	3071	3070
3071	3157	3070
3157	3156	3070
3071	3198	3157
3156	3122	2995
3122	3004	2995
3156	3277	3122
3277	3174	3122
3026	3049	3233
3040	3158	3213
3158	3218	3213
3218	3359	3213
3218	3334	3359
3334	3371	3359
3371	3485	3359
3371	3354	3485
3218	3204	3334
3218	3158	3204
3048	3220	3073
3073	2951	3048
2951	2973	3048
3220	3299	3073
3072	3079	3170
3079	3180	3170
3180	3199	3170
3199	3248	3170
3248	3207	3170
3207	3173	3170
3173	3072	3170
3173	3125	3072
3125	2983	3072
3180	3279	3199
3074	3155	3085
3085	2871	3074
3085	3120	2871
3085	3232	3120
3232	3261	3120
3085	3155	3232
3155	3333	3232
3074	3133	3155
3076	3327	3228
3327	3435	3228
3076	3326	3327
3096	3123	3111
3111	3102	3096
3123	3184	3111
3108	3239	3113
3108	3256	3239
3256	3352	3239
3352	3347	3239
3347	3355	3239
3256	3316	3352
3112	3143	3249
3249	3304	3112
3114	3330	3341
3341	3325	3114
3341	3434	3325
3434	3326	3325
3341	3545	3434
3545	3484	3434
3341	3330	3545
3330	3580	3545
3580	3667	3545
3667	3726	3545
3580	3584	3667
3584	3742	3667
3580	3421	3584
3421	3428	3584
3421	3272	3428
3134	3165	3224
3134	3083	3165
3224	3263	3134
3224	3417	3263
3159	3167	3240
3171	3250	3212
3250	3358	3212
3358	3319	3212
3358	3451	3319
3358	3402	3451
3402	3556	3451
3556	3620	3451
3358	3346	3402
3346	3405	3402
3346	3310	3405
3310	3340	3405
3310	3291	3340
3291	3247	3340
3247	3309	3340
3310	3250	3291
3310	3346	3250
3346	3358	3250
3172	3176	3189
3172	3097	3176
3181	3191	3211
3211	3220	3181
3211	3306	3220
3191	3284	3211
3191	3269	3284
3185	3339	3351
3188	3243	3300
3243	3384	3300
3192	3241	3236
3192	3252	3241
3205	3335	3209
3254	3317	3370
3370	3348	3254
3317	3422	3370
3422	3475	3370
3422	3526	3475
3254	3283	3317
3260	3368	3415
3368	3519	3415
3519	3542	3415
3292	3397	3345
3293	3312	3365
3365	3353	3293
3303	3443	3331
3443	3420	3331
3443	3525	3420
3525	3600	3420
3600	3549	3420
3600	3666	3549
3328	3437	3425
3437	3446	3425
3328	3300	3437
3300	3465	3437
3332	3472	3399
3472	3527	3399
3332	3447	3472
3338	3497	3487
3497	3566	3487
3566	3623	3487
3623	3606	3487
3566	3624	3623
3624	3687	3623
3624	3694	3687
3694	3821	3687
3624	3648	3694
3648	3608	3694
3608	3711	3694
3648	3573	3608
3648	3624	3573
3624	3566	3573
3566	3497	3573
3343	3429	3460
3343	3386	3429
3386	3505	3429
3386	3407	3505
3343	3240	3386
3460	3458	3343
3356	3379	3439
3356	3394	3379
3394	3540	3379
3540	3439	3379
3394	3528	3540
3394	3395	3528
3395	3449	3528
3449	3496	3528
3496	3558	3528
3558	3698	3528
3394	3233	3395
3233	3237	3395
3394	3356	3233
3360	3378	3495
3360	3289	3378
3378	3516	3495
3516	3533	3495
3533	3524	3495
3533	3713	3524
3713	3730	3524
3533	3581	3713
3581	3647	3713
3647	3841	3713
3581	3508	3647
3508	3654	3647
3581	3516	3508
3516	3378	3508
3581	3533	3516
3361	3369	3412
3364	3366	3490
3372	3403	3534
3403	3481	3534
3481	3633	3534
3633	3637	3534
3637	3664	3534
3633	3731	3637
3633	3729	3731
3729	3844	3731
3844	3850	3731
3844	3962	3850
3844	3987	3962
3987	4027	3962
4027	3914	3962
4027	4010	3914
4010	4032	3914
4032	3949	3914
3949	3893	3914
4032	4083	3949
4083	4107	3949
4083	4166	4107
4166	4180	4107
4180	4136	4107
4180	4181	4136
4181	4087	4136
4181	4264	4087
4264	4201	4087
4201	4086	4087
4086	4060	4087
4086	4022	4060
4022	3867	4060
3867	3895	4060
3867	3755	3895
4086	4084	4022
4086	4201	4084
4201	4270	4084
4201	4320	4270
4320	4321	4270
4321	4227	4270
4320	4469	4321
4320	4508	4469
4508	4535	4469
4535	4536	4469
4535	4550	4536
4550	4636	4536
4636	4647	4536
4647	4617	4536
4617	4544	4536
4617	4589	4544
4589	4583	4544
4583	4517	4544
4583	4507	4517
4583	4658	4507
4658	4501	4507
4658	4546	4501
4546	4523	4501
4523	4355	4501
4523	4350	4355
4546	4574	4523
4546	4653	4574
4653	4635	4574
4635	4613	4574
4613	4581	4574
4613	4629	4581
4629	4688	4581
4688	4580	4581
4580	4461	4581
4461	4439	4581
4439	4449	4581
4439	4371	4449
4371	4379	4449
4371	4267	4379
4267	4350	4379
4267	4185	4350
4267	4155	4185
4155	4018	4185
4018	4150	4185
4018	4073	4150
4073	4143	4150
4143	4355	4150
4143	4243	4355
4143	4147	4243
4143	4073	4147
4018	3878	4073
3878	4008	4073
3878	3862	4008
3862	4006	4008
4006	4071	4008
4071	4077	4008
3878	3762	3862
4155	3890	4018
4267	4205	4155
4205	4033	4155
4205	4145	4033
4205	4353	4145
4353	4304	4145
4353	4336	4304
4353	4485	4336
4485	4412	4336
4485	4528	4412
4528	4632	4412
4632	4631	4412
4632	4716	4631
4716	4698	4631
4698	4668	4631
4668	4600	4631
4668	4648	4600
4648	4577	4600
4577	4492	4600
4492	4401	4600
4492	4370	4401
4370	4345	4401
4345	4412	4401
4345	4250	4412
4250	4269	4412
4250	4182	4269
4182	4183	4269
4250	4168	4182
4250	4122	4168
4250	4345	4122
4345	4238	4122
4238	4046	4122
4046	4052	4122
4345	4370	4238
4370	4344	4238
4344	4208	4238
4344	4221	4208
4344	4415	4221
4344	4370	4415
4370	4577	4415
4370	4492	4577
4648	4685	4577
4648	4721	4685
4721	4801	4685
4801	4795	4685
4795	4677	4685
4795	4750	4677
4750	4573	4677
4573	4415	4677
4573	4476	4415
4573	4566	4476
4566	4448	4476
4573	4750	4566
4750	4759	4566
4750	4833	4759
4833	4784	4759
4784	4695	4759
4784	4816	4695
4816	4683	4695
4683	4628	4695
4784	4873	4816
4873	4845	4816
4845	4861	4816
4845	4894	4861
4894	4826	4861
4826	4798	4861
4826	4786	4798
4786	4693	4798
4693	4638	4798
4638	4683	4798
4638	4609	4683
4638	4538	4609
4638	4693	4538
4786	4706	4693
4786	4805	4706
4805	4710	4706
4710	4514	4706
4710	4620	4514
4710	4676	4620
4676	4641	4620
4676	4748	4641
4676	4768	4748
4768	4803	4748
4803	4785	4748
4785	4789	4748
4785	4851	4789
4851	4718	4789
4718	4717	4789
4851	4817	4718
4817	4807	4718
4807	4686	4718
4686	4655	4718
4686	4630	4655
4630	4552	4655
4552	4553	4655
4686	4660	4630
4686	4720	4660
4720	4598	4660
4720	4651	4598
4651	4572	4598
4572	4519	4598
4572	4561	4519
4572	4603	4561
4603	4605	4561
4605	4602	4561
4602	4457	4561
4602	4516	4457
4516	4442	4457
4442	4385	4457
4385	4386	4457
4385	4123	4386
4123	4187	4386
4123	4064	4187
4385	4211	4123
4211	4148	4123
4148	4098	4123
4516	4522	4442
4522	4360	4442
4522	4374	4360
4374	4275	4360
4522	4428	4374
4428	4342	4374
4428	4331	4342
4428	4436	4331
4428	4526	4436
4428	4522	4526
4522	4595	4526
4595	4565	4526
4565	4680	4526
4680	4608	4526
4680	4755	4608
4755	4743	4608
4755	4842	4743
4842	4773	4743
4773	4726	4743
4773	4701	4726
4773	4712	4701
4712	4672	4701
4672	4578	4701
4672	4549	4578
4549	4524	4578
4524	4513	4578
4513	4622	4578
4513	4608	4622
4524	4497	4513
4524	4373	4497
4373	4393	4497
4393	4420	4497
4373	4288	4393
4373	4456	4288
4373	4524	4456
4524	4549	4456
4672	4610	4549
4672	4664	4610
4664	4567	4610
4567	4545	4610
4567	4441	4545
4567	4504	4441
4504	4406	4441
4406	4311	4441
4406	4278	4311
4278	4239	4311
4278	4101	4239
4278	4229	4101
4229	4068	4101
4068	3954	4101
4229	4193	4068
4193	4094	4068
4229	4368	4193
4229	4440	4368
4229	4278	4440
4278	4406	4440
4406	4504	4440
4504	4498	4440
4504	4618	4498
4618	4621	4498
4618	4675	4621
4675	4663	4621
4618	4567	4675
4567	4739	4675
4567	4664	4739
4664	4708	4739
4708	4813	4739
4813	4767	4739
4813	4854	4767
4854	4796	4767
4854	4850	4796
4850	4808	4796
4850	4902	4808
4850	4920	4902
4920	4963	4902
4963	4968	4902
4968	4925	4902
4925	4867	4902
4925	4887	4867
4887	4852	4867
4925	4994	4887
4994	4959	4887
4994	5031	4959
5031	4945	4959
5031	4979	4945
4979	4853	4945
4979	4836	4853
4836	4791	4853
4836	4741	4791
4741	4691	4791
4836	4892	4741
4836	4960	4892
4960	4938	4892
4938	4874	4892
4938	4827	4874
4938	4876	4827
4876	4806	4827
4806	4723	4827
4806	4782	4723
4782	4707	4723
4707	4645	4723
4806	4849	4782
4849	4841	4782
4849	4891	4841
4891	4886	4841
4891	4985	4886
4985	4970	4886
4970	4922	4886
4922	4883	4886
4883	4696	4886
4883	4829	4696
4829	4820	4696
4829	4903	4820
4829	4883	4903
4883	4922	4903
4922	5007	4903
5007	5006	4903
5006	4964	4903
4964	4871	4903
4964	4923	4871
4923	4800	4871
4923	4794	4800
4923	4931	4794
4931	4912	4794
4912	4885	4794
4885	4756	4794
4885	4783	4756
4783	4727	4756
4912	4955	4885
4912	4954	4955
4954	4989	4955
4954	5023	4989
5023	4992	4989
5023	5032	4992
5032	5009	4992
5009	4946	4992
4946	4927	4992
4927	4901	4992
4927	4860	4901
4927	4918	4860
4918	4863	4860
4863	4787	4860
4787	4747	4860
4787	4705	4747
4787	4729	4705
4729	4667	4705
4729	4697	4667
4697	4532	4667
4697	4594	4532
4729	4764	4697
4764	4772	4697
4772	4770	4697
4772	4797	4770
4797	4811	4770
4811	4763	4770
4811	4777	4763
4777	4749	4763
4749	4657	4763
4749	4738	4657
4738	4711	4657
4711	4643	4657
4643	4518	4657
4643	4529	4518
4529	4503	4518
4503	4479	4518
4503	4408	4479
4408	4405	4479
4405	4387	4479
4405	4369	4387
4405	4292	4369
4405	4348	4292
4348	4281	4292
4281	4190	4292
4190	4171	4292
4348	4377	4281
4377	4322	4281
4377	4431	4322
4431	4381	4322
4431	4470	4381
4470	4390	4381
4470	4366	4390
4470	4454	4366
4454	4367	4366
4367	4299	4366
4367	4309	4299
4367	4310	4309
4367	4372	4310
4372	4317	4310
4317	4244	4310
4317	4225	4244
4225	4125	4244
4125	4153	4244
4125	4035	4153
4035	4031	4153
4031	4152	4153
4035	3995	4031
3995	3942	4031
3995	3912	3942
4035	3983	3995
4035	4125	3983
4125	4091	3983
4091	3973	3983
4091	4026	3973
4026	4005	3973
4026	4082	4005
4082	3975	4005
4082	4065	3975
4065	3883	3975
3883	3884	3975
3883	3691	3884
3883	3839	3691
3883	3882	3839
3882	3820	3839
3882	3908	3820
3908	3800	3820
3800	3777	3820
3777	3761	3820
3761	3688	3820
3761	3780	3688
3761	3800	3780
3800	3908	3780
3908	3916	3780
3916	3766	3780
3766	3727	3780
3766	3781	3727
3781	3662	3727
3781	3719	3662
3719	3653	3662
3719	3658	3653
3719	3764	3658
3719	3790	3764
3790	3904	3764
3790	3847	3904
3847	3950	3904
3950	3931	3904
3950	3991	3931
3991	4037	3931
4037	3945	3931
3945	3834	3931
3945	3844	3834
3844	3724	3834
3844	3729	3724
3945	3966	3844
3966	3987	3844
3966	4072	3987
4072	4075	3987
4075	4027	3987
4075	4165	4027
4165	4140	4027
4140	4010	4027
4140	4149	4010
4149	4032	4010
4149	4083	4032
4149	4166	4083
4149	4200	4166
4200	4216	4166
4216	4217	4166
4217	4180	4166
4217	4298	4180
4298	4181	4180
4298	4263	4181
4263	4264	4181
4263	4300	4264
4300	4320	4264
4320	4201	4264
4263	4298	4300
4298	4447	4300
4447	4455	4300
4447	4484	4455
4484	4571	4455
4571	4508	4455
4571	4616	4508
4616	4606	4508
4606	4550	4508
4550	4535	4508
4606	4636	4550
4616	4679	4606
4616	4627	4679
4627	4669	4679
4669	4709	4679
4669	4682	4709
4669	4584	4682
4584	4614	4682
4614	4654	4682
4654	4684	4682
4654	4681	4684
4654	4646	4681
4646	4661	4681
4661	4674	4681
4674	4703	4681
4661	4640	4674
4661	4623	4640
4623	4592	4640
4592	4615	4640
4615	4642	4640
4642	4687	4640
4642	4692	4687
4692	4715	4687
4715	4703	4687
4715	4724	4703
4724	4730	4703
4730	4731	4703
4730	4792	4731
4792	4815	4731
4792	4828	4815
4828	4840	4815
4840	4821	4815
4840	4884	4821
4884	4848	4821
4884	4881	4848
4881	4819	4848
4819	4779	4848
4819	4758	4779
4758	4751	4779
4751	4704	4779
4751	4658	4704
4658	4671	4704
4671	4647	4704
4671	4617	4647
4671	4583	4617
4583	4589	4617
4671	4658	4583
4751	4734	4658
4734	4744	4658
4744	4653	4658
4653	4546	4658
4744	4719	4653
4719	4635	4653
4719	4694	4635
4694	4629	4635
4629	4613	4635
4694	4688	4629
4694	4762	4688
4762	4714	4688
4714	4632	4688
4632	4563	4688
4563	4580	4688
4563	4521	4580
4521	4461	4580
4521	4485	4461
4485	4427	4461
4427	4439	4461
4427	4398	4439
4398	4371	4439
4398	4267	4371
4398	4205	4267
4398	4353	4205
4398	4485	4353
4398	4427	4485
4521	4528	4485
4521	4563	4528
4563	4632	4528
4714	4733	4632
4733	4716	4632
4733	4753	4716
4753	4812	4716
4812	4790	4716
4790	4698	4716
4790	4745	4698
4745	4668	4698
4790	4844	4745
4844	4837	4745
4837	4801	4745
4801	4721	4745
4837	4890	4801
4890	4831	4801
4831	4795	4801
4831	4914	4795
4914	4833	4795
4833	4750	4795
4914	4921	4833
4921	4906	4833
4906	4875	4833
4875	4784	4833
4875	4873	4784
4875	4948	4873
4948	4915	4873
4915	4845	4873
4915	4894	4845
4915	4952	4894
4952	4910	4894
4910	4826	4894
4910	4786	4826
4910	4858	4786
4858	4805	4786
4858	4855	4805
4855	4768	4805
4768	4710	4805
4768	4676	4710
4855	4803	4768
4855	4868	4803
4868	4785	4803
4868	4851	4785
4855	4893	4868
4893	4933	4868
4893	4969	4933
4969	4978	4933
4978	4936	4933
4936	4851	4933
4936	4916	4851
4916	4846	4851
4846	4817	4851
4846	4802	4817
4802	4807	4817
4846	4838	4802
4838	4878	4802
4878	4879	4802
4878	4882	4879
4882	4904	4879
4904	4869	4879
4869	4842	4879
4842	4760	4879
4842	4755	4760
4755	4680	4760
4680	4752	4760
4869	4825	4842
4825	4773	4842
4825	4814	4773
4814	4771	4773
4771	4712	4773
4771	4708	4712
4708	4672	4712
4708	4664	4672
4771	4813	4708
4771	4814	4813
4814	4870	4813
4870	4854	4813
4870	4898	4854
4898	4919	4854
4919	4850	4854
4919	4920	4850
4919	4935	4920
4935	4950	4920
4950	4963	4920
4950	4986	4963
4986	5003	4963
5003	4968	4963
5003	4997	4968
4997	5004	4968
5004	4925	4968
5004	4994	4925
5004	5031	4994
5004	5020	5031
5020	5041	5031
5041	5039	5031
5039	5035	5031
5035	4979	5031
5035	5024	4979
5024	4960	4979
4960	4836	4979
5024	5017	4960
5017	4984	4960
4984	4938	4960
4984	4967	4938
4967	4876	4938
4967	4907	4876
4907	4849	4876
4849	4806	4876
4907	4947	4849
4947	4891	4849
4947	4985	4891
4947	4988	4985
4988	5062	4985
5062	5026	4985
5026	4970	4985
5026	5007	4970
5007	4922	4970
5026	5057	5007
5057	5081	5007
5081	5093	5007
5093	5072	5007
5072	5006	5007
5072	5028	5006
5028	4964	5006
5028	4954	4964
4954	4923	4964
4954	4931	4923
4954	4912	4931
5028	5065	4954
5065	5023	4954
5065	5048	5023
5048	5032	5023
5048	5055	5032
5055	5025	5032
5025	5009	5032
5025	5011	5009
5011	4975	5009
4975	4953	5009
4953	4956	5009
4956	4946	5009
4956	4942	4946
4942	4918	4946
4918	4927	4946
4942	4913	4918
4913	4900	4918
4900	4863	4918
4900	4835	4863
4835	4787	4863
4835	4764	4787
4764	4729	4787
4835	4797	4764
4797	4772	4764
4835	4811	4797
4835	4866	4811
4866	4830	4811
4830	4777	4811
4830	4781	4777
4781	4735	4777
4735	4749	4777
4735	4738	4749
4735	4711	4738
4735	4715	4711
4715	4673	4711
4673	4643	4711
4673	4644	4643
4644	4529	4643
4644	4562	4529
4562	4458	4529
4458	4408	4529
4408	4503	4529
4458	4377	4408
4377	4388	4408
4388	4348	4408
4348	4405	4408
4388	4377	4348
4458	4431	4377
4458	4505	4431
4505	4470	4431
4505	4515	4470
4515	4585	4470
4585	4557	4470
4557	4495	4470
4495	4454	4470
4495	4489	4454
4489	4397	4454
4397	4372	4454
4372	4367	4454
4397	4325	4372
4325	4317	4372
4325	4225	4317
4325	4279	4225
4279	4179	4225
4179	4108	4225
4108	4091	4225
4091	4125	4225
4108	4026	4091
4108	4082	4026
4108	4132	4082
4132	4065	4082
4132	4159	4065
4159	4012	4065
4012	3883	4065
4012	3882	3883
4012	3997	3882
3997	3908	3882
3997	3996	3908
3996	3971	3908
3971	3916	3908
3971	3943	3916
3943	3950	3916
3950	3847	3916
3847	3766	3916
3847	3781	3766
3847	3790	3781
3790	3719	3781
3943	3978	3950
3978	4074	3950
4074	3991	3950
4074	4063	3991
4063	4037	3991
4063	3966	4037
3966	3945	4037
4063	4154	3966
4154	4072	3966
4154	4167	4072
4167	4075	4072
4167	4165	4075
4167	4214	4165
4214	4192	4165
4192	4140	4165
4192	4149	4140
4192	4200	4149
4192	4252	4200
4252	4251	4200
4251	4258	4200
4258	4216	4200
4258	4217	4216
4258	4337	4217
4337	4298	4217
4337	4352	4298
4352	4447	4298
4352	4450	4447
4450	4483	4447
4483	4484	4447
4483	4509	4484
4509	4571	4484
4509	4584	4571
4584	4627	4571
4627	4616	4571
4584	4669	4627
4509	4614	4584
4509	4432	4614
4432	4445	4614
4445	4559	4614
4559	4590	4614
4590	4654	4614
4590	4646	4654
4590	4624	4646
4624	4661	4646
4624	4623	4661
4624	4568	4623
4568	4569	4623
4569	4592	4623
4569	4570	4592
4570	4615	4592
4570	4554	4615
4554	4557	4615
4557	4585	4615
4585	4642	4615
4585	4597	4642
4597	4650	4642
4650	4692	4642
4650	4678	4692
4678	4673	4692
4673	4715	4692
4678	4644	4673
4678	4650	4644
4650	4562	4644
4650	4597	4562
4597	4515	4562
4515	4505	4562
4505	4458	4562
4597	4585	4515
4554	4489	4557
4489	4495	4557
4554	4499	4489
4499	4480	4489
4480	4392	4489
4392	4397	4489
4392	4327	4397
4327	4325	4397
4327	4303	4325
4303	4279	4325
4303	4328	4279
4328	4231	4279
4231	4159	4279
4159	4179	4279
4159	4132	4179
4132	4108	4179
4231	4198	4159
4198	4157	4159
4157	4012	4159
4157	4013	4012
4013	3997	4012
4013	3996	3997
4013	4038	3996
4038	3971	3996
4038	3978	3971
3978	3943	3971
4038	4158	3978
4158	4074	3978
4158	4246	4074
4158	4199	4246
4199	4253	4246
4253	4307	4246
4307	4289	4246
4289	4154	4246
4289	4274	4154
4274	4167	4154
4274	4214	4167
4274	4315	4214
4315	4261	4214
4261	4192	4214
4261	4252	4192
4261	4323	4252
4323	4271	4252
4271	4251	4252
4271	4343	4251
4343	4258	4251
4343	4339	4258
4339	4337	4258
4339	4432	4337
4432	4352	4337
4432	4450	4352
4432	4509	4450
4509	4483	4450
4339	4343	4432
4343	4445	4432
4343	4271	4445
4271	4323	4445
4323	4399	4445
4399	4502	4445
4502	4541	4445
4541	4559	4445
4541	4576	4559
4576	4590	4559
4576	4624	4590
4576	4527	4624
4527	4533	4624
4533	4568	4624
4533	4569	4568
4533	4499	4569
4499	4570	4569
4499	4554	4570
4527	4422	4533
4527	4506	4422
4506	4502	4422
4502	4446	4422
4446	4341	4422
4341	4340	4422
4340	4391	4422
4340	4349	4391
4349	4423	4391
4423	4499	4391
4423	4480	4499
4423	4392	4480
4423	4328	4392
4328	4327	4392
4328	4303	4327
4423	4349	4328
4349	4231	4328
4349	4245	4231
4245	4198	4231
4245	4157	4198
4245	4199	4157
4199	4103	4157
4103	4013	4157
4103	4038	4013
4103	4158	4038
4103	4199	4158
4245	4253	4199
4245	4307	4253
4245	4340	4307
4340	4289	4307
4340	4341	4289
4341	4274	4289
4341	4315	4274
4341	4433	4315
4433	4399	4315
4399	4261	4315
4399	4323	4261
4433	4502	4399
4433	4446	4502
4433	4341	4446
4245	4349	4340
4506	4541	4502
4506	4527	4541
4527	4576	4541
4063	4074	4154
4735	4781	4715
4781	4757	4715
4757	4724	4715
4757	4754	4724
4754	4730	4724
4754	4792	4730
4754	4793	4792
4793	4822	4792
4822	4828	4792
4822	4905	4828
4905	4865	4828
4865	4840	4828
4865	4884	4840
4865	4911	4884
4911	4909	4884
4909	4881	4884
4909	4877	4881
4877	4819	4881
4877	4758	4819
4877	4823	4758
4823	4744	4758
4744	4734	4758
4734	4751	4758
4823	4778	4744
4778	4719	4744
4778	4864	4719
4778	4859	4864
4778	4872	4859
4872	4932	4859
4872	4917	4932
4917	4958	4932
4917	4929	4958
4929	4951	4958
4951	4962	4958
4962	5014	4958
4962	5008	5014
5008	5066	5014
5008	5033	5066
5033	5061	5066
5061	5070	5066
5070	5076	5066
5076	5052	5066
5076	5087	5052
5087	5046	5052
5046	5015	5052
5087	5098	5046
5098	5043	5046
5043	4998	5046
5043	5036	4998
5036	5001	4998
5001	4972	4998
5001	4983	4972
4983	4971	4972
4971	4943	4972
4943	4847	4972
4971	5013	4943
5013	4939	4943
4939	4896	4943
4896	4844	4943
4844	4790	4943
4896	4837	4844
4896	4890	4837
4896	4939	4890
4939	4930	4890
4930	4831	4890
4930	4914	4831
4930	4991	4914
4991	4976	4914
4976	4921	4914
4976	4906	4921
4976	4993	4906
4993	4875	4906
4993	4948	4875
4993	5000	4948
5000	4965	4948
4965	4944	4948
4944	4915	4948
4944	4995	4915
4995	4952	4915
4995	4996	4952
4996	4999	4952
4999	4973	4952
4973	4949	4952
4949	4910	4952
4949	4858	4910
4949	4893	4858
4893	4855	4858
4949	4969	4893
4949	4973	4969
4973	5005	4969
5005	4987	4969
4987	4978	4969
4987	4957	4978
5005	5012	4987
5012	4986	4987
5012	5003	4986
5012	5020	5003
5020	4997	5003
5020	5004	4997
5012	5018	5020
5018	5038	5020
5038	5041	5020
5038	5050	5041
5050	5063	5041
5063	5039	5041
5063	5035	5039
5063	5079	5035
5079	5024	5035
5079	5051	5024
5051	5017	5024
5051	5034	5017
5034	5002	5017
5002	4984	5017
5002	4967	4984
5002	4990	4967
4990	4977	4967
4977	4907	4967
4977	4947	4907
4977	5030	4947
5030	4988	4947
5030	5062	4988
5030	5054	5062
5054	5086	5062
5086	5090	5062
5090	5056	5062
5056	5026	5062
5056	5057	5026
5056	5081	5057
5056	5090	5081
5090	5101	5081
5101	5093	5081
5101	5111	5093
5111	5100	5093
5100	5077	5093
5077	5072	5093
5077	5078	5072
5078	5028	5072
5078	5065	5028
5078	5085	5065
5085	5048	5065
5085	5055	5048
5085	5083	5055
5083	5068	5055
5068	5025	5055
5068	5037	5025
5037	5011	5025
5037	5033	5011
5033	5008	5011
5008	4981	5011
4981	4980	5011
4980	4975	5011
4980	4961	4975
4980	4974	4961
4974	4982	4961
4982	4962	4961
4962	4926	4961
4926	4905	4961
4926	4865	4905
4926	4911	4865
4926	4951	4911
4951	4929	4911
4929	4909	4911
4929	4877	4909
4929	4917	4877
4917	4823	4877
4917	4872	4823
4872	4778	4823
4926	4962	4951
4982	5008	4962
4982	4981	5008
4982	4974	4981
4974	4980	4981
5037	5061	5033
5037	5070	5061
5037	5068	5070
5068	5083	5070
5083	5076	5070
5083	5087	5076
5083	5109	5087
5083	5085	5109
5085	5100	5109
5100	5111	5109
5085	5078	5100
5078	5077	5100
5101	5113	5111
5113	5108	5111
5113	5097	5108
5097	5059	5108
5059	5071	5108
5071	5098	5108
5071	5043	5098
5071	5036	5043
5071	5059	5036
5059	5029	5036
5029	5001	5036
5029	4983	5001
5029	5013	4983
5013	4971	4983
5029	5073	5013
5073	5053	5013
5053	4939	5013
5053	5069	4939
5069	5047	4939
5047	4930	4939
5047	5022	4930
5022	4991	4930
5022	5040	4991
5040	4976	4991
5040	5049	4976
5049	4993	4976
5049	5019	4993
5019	5000	4993
5019	5044	5000
5044	4995	5000
4995	4965	5000
4995	4944	4965
5044	5064	4995
5064	4996	4995
5044	5067	5064
5067	5080	5064
5080	5060	5064
5060	5027	5064
5060	5038	5027
5038	5018	5027
5018	5021	5027
5021	5016	5027
5021	5005	5016
5005	4999	5016
4999	4996	5016
5005	4973	4999
5021	5018	5005
5018	5012	5005
5060	5050	5038
5060	5063	5050
5060	5080	5063
5080	5094	5063
5094	5079	5063
5094	5103	5079
5103	5102	5079
5102	5075	5079
5075	5051	5079
5075	5034	5051
5075	5045	5034
5045	5002	5034
5045	4990	5002
5045	5030	4990
5030	4977	4990
5045	5042	5030
5042	5054	5030
5042	5082	5054
5082	5099	5054
5099	5086	5054
5099	5095	5086
5095	5090	5086
5095	5112	5090
5112	5113	5090
5113	5101	5090
5112	5097	5113
5112	5089	5097
5089	5069	5097
5069	5073	5097
5073	5059	5097
5073	5029	5059
5069	5053	5073
5089	5047	5069
5089	5092	5047
5092	5074	5047
5074	5022	5047
5074	5040	5022
5074	5084	5040
5084	5058	5040
5058	5049	5040
5074	5092	5084
5092	5105	5084
5092	5110	5105
5110	5107	5105
5110	5099	5107
5099	5104	5107
5099	5091	5104
5091	5102	5104
5102	5106	5104
5102	5103	5106
5103	5096	5106
5103	5094	5096
5094	5067	5096
5067	5044	5096
5094	5080	5067
5091	5075	5102
5091	5045	5075
5091	5082	5045
5082	5042	5045
5091	5099	5082
5110	5095	5099
5110	5112	5095
5110	5089	5112
5110	5092	5089
5019	5049	5044
4822	4880	4905
4822	4856	4880
4856	4857	4880
4857	4899	4880
4857	4888	4899
4888	4953	4899
4953	4975	4899
4888	4941	4953
4941	4956	4953
4941	4942	4956
4941	4913	4942
4941	4889	4913
4889	4866	4913
4866	4900	4913
4866	4835	4900
4889	4834	4866
4834	4830	4866
4834	4781	4830
4834	4809	4781
4809	4757	4781
4809	4775	4757
4775	4754	4757
4775	4793	4754
4775	4822	4793
4775	4809	4822
4809	4856	4822
4809	4834	4856
4834	4857	4856
4834	4888	4857
4834	4889	4888
4889	4941	4888
4950	4957	4986
4950	4935	4957
4935	4919	4957
4919	4940	4957
4919	4898	4940
4898	4928	4940
4928	4937	4940
4928	4904	4937
4904	4924	4937
4924	4934	4937
4924	4916	4934
4916	4936	4934
4924	4908	4916
4908	4846	4916
4908	4838	4846
4908	4904	4838
4904	4878	4838
4904	4882	4878
4908	4924	4904
4928	4869	4904
4928	4870	4869
4870	4814	4869
4814	4825	4869
4928	4898	4870
4812	4847	4790
4812	4804	4847
4804	4897	4847
4804	4824	4897
4824	4862	4897
4824	4864	4862
4824	4762	4864
4824	4804	4762
4804	4753	4762
4753	4733	4762
4733	4714	4762
4804	4812	4753
3761	3777	3800
4618	4504	4567
4565	4595	4680
4522	4587	4595
4587	4611	4595
4587	4551	4611
4551	4516	4611
4516	4602	4611
4602	4651	4611
4602	4605	4651
4605	4603	4651
4603	4572	4651
4551	4522	4516
4551	4587	4522
4720	4728	4651
4728	4765	4651
4728	4761	4765
4761	4802	4765
4728	4720	4761
4686	4807	4720
3403	3333	3481
3333	3376	3481
3376	3474	3481
3374	3448	3546
3380	3579	3471
3579	3670	3471
3670	3511	3471
3579	3605	3670
3605	3728	3670
3728	3752	3670
3728	3938	3752
3728	3758	3938
3758	3933	3938
3933	4058	3938
4058	3980	3938
3980	3911	3938
3758	3803	3933
3758	3651	3803
3758	3605	3651
3605	3546	3651
3605	3579	3546
3758	3728	3605
3387	3500	3483
3500	3593	3483
3500	3641	3593
3500	3585	3641
3393	3440	3436
3408	3537	3554
3408	3335	3537
3335	3476	3537
3335	3424	3476
3424	3478	3476
3424	3601	3478
3335	3344	3424
3537	3690	3554
3537	3744	3690
3744	3877	3690
3877	3910	3690
3413	3467	3445
3445	3412	3413
3445	3543	3412
3445	3611	3543
3611	3635	3543
3635	3627	3543
3627	3587	3543
3627	3621	3587
3611	3609	3635
3611	3535	3609
3535	3592	3609
3611	3445	3535
3445	3467	3535
3414	3470	3563
3470	3522	3563
3522	3674	3563
3674	3659	3563
3419	3461	3607
3461	3548	3607
3461	3466	3548
3426	3552	3457
3426	3483	3552
3483	3695	3552
3695	3652	3552
3430	3510	3539
3510	3709	3539
3709	3685	3539
3685	3568	3539
3685	3590	3568
3685	3601	3590
3685	3671	3601
3685	3791	3671
3685	3825	3791
3825	3879	3791
3825	3907	3879
3685	3709	3825
3709	3773	3825
3773	3955	3825
3441	3550	3509
3444	3479	3657
3479	3606	3657
3606	3783	3657
3783	3805	3657
3606	3808	3783
3455	3506	3689
3506	3663	3689
3663	3763	3689
3763	3807	3689
3468	3603	3578
3486	3610	3617
3486	3604	3610
3507	3629	3564
3512	3597	3557
3512	3567	3597
3567	3722	3597
3722	3748	3597
3512	3315	3567
3512	3323	3315
3518	3682	3699
3699	3603	3518
3699	3749	3603
3699	3682	3749
3530	3718	3582
3530	3658	3718
3559	3612	3618
3612	3810	3618
3810	3819	3618
3819	3712	3618
3819	3890	3712
3559	3561	3612
3572	3692	3793
3793	3737	3572
3793	3960	3737
3960	3770	3737
3960	3977	3770
3977	3846	3770
3846	3866	3770
3866	3668	3770
3846	3929	3866
3846	3970	3929
3846	3977	3970
3977	4067	3970
3977	3960	4067
3960	4106	4067
4106	4212	4067
4212	4296	4067
3960	3880	4106
3880	3909	4106
3960	3793	3880
3589	3707	3775
3596	3615	3669
3602	3716	3676
3602	3863	3716
3602	3804	3863
3804	3906	3863
3804	3831	3906
3831	3946	3906
3602	3544	3804
3716	3682	3676
3676	3492	3602
3616	3792	3697
3792	3851	3697
3851	3837	3697
3837	3741	3697
3837	3901	3741
3792	3965	3851
3640	3705	3757
3705	3842	3757
3645	3751	3720
3645	3865	3751
3677	3806	3917
3806	3921	3917
3806	3887	3921
3680	3696	3824
3696	3811	3824
3811	3848	3824
3824	3789	3680
3693	3818	3745
3701	3779	3725
3779	3869	3725
3701	3641	3779
3703	3809	3784
3703	3730	3809
3714	3858	3746
3858	3856	3746
3856	3771	3746
3856	3886	3771
3886	3772	3771
3886	3829	3772
3886	3928	3829
3886	3927	3928
3927	4045	3928
3927	3959	4045
3927	3856	3959
3927	3886	3856
3723	3734	3830
3774	3881	3891
3802	3898	3855
3814	3925	3828
3845	3854	3919
3849	4054	3941
4054	4096	3941
3849	3934	4054
3934	4124	4054
3934	4002	4124
4002	4092	4124
4092	4175	4124
4092	4256	4175
4256	4358	4175
3852	3902	3861
3861	3722	3852
3860	3922	4040
3864	4059	4112
4059	4104	4112
4104	4282	4112
4282	4204	4112
4204	4207	4112
4204	4276	4207
4276	4435	4207
4276	4282	4435
4276	4204	4282
4104	4319	4282
4319	4486	4282
4319	4437	4486
4437	4620	4486
3868	3926	3952
3926	4021	3952
3870	3924	4023
3924	4041	4023
4041	4085	4023
3873	4000	3935
4000	4066	3935
3873	3913	4000
3913	4039	4000
3892	3923	3947
3915	4015	4004
4015	4097	4004
4097	4116	4004
4097	4294	4116
4294	4170	4116
4170	4016	4116
4170	4130	4016
4130	4024	4016
4130	4210	4024
4210	4025	4024
4130	4324	4210
4324	4226	4210
4324	4306	4226
4324	4500	4306
4500	4354	4306
4354	4262	4306
4324	4555	4500
4130	4170	4324
4170	4294	4324
4097	4146	4294
4146	4396	4294
4396	4451	4294
4396	4547	4451
4396	4452	4547
4452	4534	4547
4534	4666	4547
4534	4520	4666
4534	4452	4520
4452	4466	4520
4466	4488	4520
4488	4619	4520
4396	4351	4452
4396	4146	4351
4097	4015	4146
3939	4042	4076
3940	4019	4118
3940	3749	4019
3940	3939	3749
3948	3989	4034
3958	3976	4036
3961	4050	4057
4050	4115	4057
4115	4020	4057
4020	3961	4057
4115	4277	4020
4277	4156	4020
4156	4048	4020
4048	3969	4020
4115	4326	4277
4326	4424	4277
4326	4434	4424
4326	4364	4434
4364	4444	4434
4364	4248	4444
4248	4376	4444
4248	4131	4376
4248	4160	4131
4248	4326	4160
4326	4115	4160
4115	4051	4160
4248	4364	4326
3964	4055	4061
4055	4139	4061
4055	4135	4139
4055	4078	4135
3979	4079	3999
4079	3985	3999
3979	4137	4079
4137	4220	4079
4220	4186	4079
3990	4120	4164
3990	4053	4120
4053	4223	4120
4223	4194	4120
4194	4164	4120
4194	4302	4164
4194	4223	4302
4053	4196	4223
4053	4110	4196
4110	4285	4196
4110	4259	4285
4259	4417	4285
4417	4400	4285
4417	4477	4400
4417	4463	4477
4463	4582	4477
4417	4460	4463
4417	4254	4460
4254	4453	4460
4254	4335	4453
4335	4419	4453
4254	4247	4335
4254	4161	4247
4161	4142	4247
4161	4080	4142
4417	4259	4254
4007	4049	4129
4049	4113	4129
4049	4111	4113
4088	4197	4222
4088	4240	4197
4099	4195	4173
4195	4301	4173
4105	4184	4286
4105	4119	4184
4117	4163	4218
4174	4316	4219
4316	4236	4219
4236	4232	4219
4236	4316	4232
4316	4411	4232
4191	4233	4202
4191	4221	4233
4191	4144	4221
4233	4265	4202
4202	3946	4191
4209	4213	4389
4213	4365	4389
4215	4362	4421
4362	4464	4421
4228	4313	4272
4234	4361	4356
4361	4414	4356
4361	4384	4414
4384	4481	4414
4384	4404	4481
4404	4594	4481
4594	4539	4481
4594	4579	4539
4384	4334	4404
4334	4273	4404
4334	4234	4273
4334	4361	4234
4334	4384	4361
4257	4429	4284
4257	4426	4429
4426	4538	4429
4283	4359	4314
4359	4395	4314
4395	4380	4314
4297	4333	4357
4357	4318	4297
4357	4382	4318
4330	4443	4375
4383	4467	4462
4413	4430	4537
4425	4525	4511
4525	4596	4511
4596	4575	4511
4575	4548	4511
4548	4496	4511
4548	4564	4496
4575	4670	4548
4575	4596	4670
4471	4530	4659
4530	4665	4659
4530	4626	4665
4626	4690	4665
4530	4491	4626
4659	4607	4471
4607	4411	4471
4607	4591	4411
4472	4599	4558
4473	4475	4510
4474	4612	4543
4474	4633	4612
4474	4389	4633
4493	4560	4542
4493	4604	4560
4604	4652	4560
4604	4696	4652
4493	4601	4604
4586	4725	4656
4689	4810	4774
4766	4799	4843
4766	4725	4799
124	37	90
595	766	471
766	734	471
263	223	321
118	151	75
172	263	118
110	70	140
70	65	140
55	54	65
55	37	54
100	65	89
182	179	201
179	237	201
237	239	201
1488	1800	1430
1488	1585	1800
188	163	225
163	128	225
128	205	225
605	555	797
555	798	797
555	654	798
426	418	392
418	337	392
472	577	488
472	588	577
472	537	588
472	457	537
665	529	564
405	238	334
405	209	238
405	226	209
405	424	226
313	481	348
481	541	348
481	703	541
703	615	541
313	325	481
325	410	481
527	580	455
527	598	580
806	1030	993
782	691	689
691	597	689
597	619	689
619	741	689
619	636	741
691	582	597
406	374	369
389	424	459
507	596	502
1187	1378	1094
1378	1355	1094
1187	1510	1378
1187	1231	1510
1577	1238	1333
1688	1931	1725
1931	1874	1725
1931	2088	1874
1931	2013	2088
985	1092	1199
1464	1331	1407
1825	1865	1704
2036	2146	2037
2030	2039	2201
2918	2998	2755
2341	2475	2528
2089	2040	2094
1801	2032	1977
703	733	635
624	506	733
836	853	686
701	787	786
787	847	786
1209	1436	1214
1436	1268	1214
1436	1411	1268
1411	1237	1268
1436	1492	1411
1436	1620	1492
1941	2049	1752
1778	1568	1889
1568	1627	1889
703	695	776
835	1084	1116
1243	1380	1096
1380	1221	1096
1221	1037	1096
1243	1444	1380
1090	1005	1026
1090	1132	1005
1132	1176	1005
1132	1090	1176
1090	1244	1176
1031	1018	1054
1441	1424	1539
1424	1449	1539
1173	1257	1150
1281	1070	1200
1891	2069	2076
1769	1520	1862
1520	1558	1862
1395	1313	1275
1544	1755	1537
1758	1678	1563
1758	1893	1678
1758	1939	1893
1839	2047	1939
1839	1805	2047
2026	2046	1811
2103	2170	2306
2170	2391	2306
2170	2332	2391
2317	2371	2247
2317	2665	2371
2665	2593	2371
2665	2707	2593
2317	2370	2665
2370	2684	2665
2684	2896	2665
2684	2714	2896
2684	2370	2714
2370	2423	2714
1859	1990	2050
1666	1491	1448
1809	1888	1666
1809	1961	1888
2243	2452	2294
2452	2585	2294
2585	2538	2294
2538	2385	2294
2538	2486	2385
2486	2286	2385
2585	2768	2538
2768	2817	2538
1897	2090	1776
2090	2043	1776
2043	2014	1776
2339	1986	2205
2339	1948	1986
2339	2221	1948
2221	2158	1948
1981	1919	2065
1919	2114	2065
1919	1826	2114
2356	2259	2499
1647	1628	1736
1647	1522	1628
1522	1332	1628
1332	1508	1628
1788	1871	1750
2104	2093	2126
1870	1906	2013
2486	2713	2536
2486	2791	2713
2486	2740	2791
2027	1876	1976
2004	1968	2183
1968	2248	2183
1968	2272	2248
1968	2213	2272
2033	2134	2168
2245	2318	2265
2318	2581	2265
2581	2281	2265
2581	2409	2281
2125	2195	2223
2195	2244	2223
2194	2213	2144
2194	2285	2213
2285	2366	2213
2410	2453	2483
2410	2387	2453
2410	2149	2387
2375	2548	2422
2375	2234	2548
2234	2319	2548
2459	2527	2552
2330	2589	2527
2228	2029	2210
2458	2674	2503
2458	2639	2674
2494	2366	2522
2547	2831	2630
2666	2475	2512
2671	2871	2605
2871	2621	2605
2615	2694	2671
2882	2875	2616
3107	3017	2991
3107	3205	3017
3107	3344	3205
3344	3335	3205
3194	2906	3208
2906	3018	3208
3018	3313	3208
3018	3323	3313
3018	3315	3323
3018	2985	3315
2985	2990	3315
2990	3266	3315
3194	2911	2906
3362	3567	3315
2627	2865	2686
2700	2952	2695
2952	2703	2695
2952	2722	2703
2721	2965	2700
2721	2981	2965
2721	2840	2981
2696	2968	2723
2696	2692	2968
2692	2924	2968
2692	2672	2924
2851	2724	2815
2851	2917	2724
3296	3051	3275
2902	3063	3066
2902	2792	3063
2792	2883	3063
2758	2759	2631
2758	2785	2759
2810	2739	2688
2746	3019	2829
3019	3036	2829
2746	2955	3019
2746	2637	2955
2897	2776	2972
2776	3044	2972
2776	2877	3044
2897	2673	2776
2790	3050	2856
2738	2457	2773
2939	2964	2971
3023	3302	3130
2741	2973	2951
2822	2823	3065
2823	2834	3065
2834	3134	3065
2834	3083	3134
2822	2764	2823
2737	2873	2825
2873	2956	2825
3038	3023	2916
3717	3644	3963
3053	2959	3251
3265	3442	3280
3442	3529	3280
3553	3787	3529
3553	3760	3787
2928	3114	3010
3114	3325	3010
3325	3076	3010
3325	3326	3076
2928	2947	3114
3532	3813	3684
3532	3513	3813
3203	3077	3054
3203	3286	3077
3203	3404	3286
3203	3494	3404
3203	3197	3494
3197	3565	3494
3565	3572	3494
3197	3229	3565
3216	3454	3229
3216	3373	3454
3216	3131	3373
3112	3002	3143
3584	3784	3742
3584	3703	3784
3584	3428	3703
3428	3418	3703
3421	3276	3272
3276	2946	3272
2946	3236	3272
2946	3192	3236
3353	3144	3293
3353	3357	3144
3365	3551	3353
3338	3302	3497
3237	3287	3395
3730	3703	3524
3713	3809	3730
3893	3735	3914
4155	4033	3890
4033	3872	3890
4631	4600	4412
4600	4401	4412
4577	4677	4415
4577	4685	4677
4566	4438	4448
4566	4695	4438
4695	4628	4438
4566	4759	4695
4816	4798	4683
4816	4861	4798
4620	4437	4514
4783	4776	4727
4770	4579	4697
4770	4657	4579
4657	4518	4579
4381	4390	4322
4300	4508	4320
4300	4455	4508
4606	4679	4636
4679	4709	4636
4709	4704	4636
4704	4647	4636
4709	4848	4704
4848	4779	4704
4709	4821	4848
4681	4731	4684
4681	4703	4731
4674	4687	4703
4674	4640	4687
4821	4722	4815
4802	4761	4807
4761	4720	4807
4680	4595	4752
4595	4765	4752
4765	4879	4752
4595	4611	4765
4611	4651	4765
4246	4154	4074
4533	4422	4499
4422	4391	4499
4864	4694	4719
4864	4762	4694
5046	4998	5015
4998	4897	5015
4998	4847	4897
4957	4940	4978
4940	4937	4978
4937	4934	4978
4934	4936	4978
4961	4905	4975
4905	4880	4975
4880	4899	4975
5064	5016	4996
5064	5027	5016
5044	5049	5096
3481	3474	3633
3448	3693	3546
3693	3745	3546
3745	3651	3546
3933	3985	4058
3985	4079	4058
4079	4186	4058
3412	3248	3413
3603	3749	3578
3468	3518	3603
3682	4019	3749
3682	3716	4019
3530	3485	3658
4282	4486	4435
4024	3813	4016
4294	4451	4324
4666	4746	4547
4746	4788	4547
4520	4619	4666
4240	4222	4197
4365	4633	4389
4362	4347	4464
4511	4302	4425
4665	4818	4659
