280.162880 216.796143 53.344763 255 0 0
287.296679 199.592533 57.623968 255 0 0
296.298793 183.190253 61.927740 255 0 0
307.169221 167.589302 66.256079 255 0 0
319.907962 152.789681 70.608984 255 0 0
334.515018 138.791389 74.986456 255 0 0
350.990388 125.594427 79.388495 255 0 0
369.334072 113.198794 83.815100 255 0 0
389.546070 101.604490 88.266272 0 255 0
369.112106 112.147295 98.262148 0 255 0
350.662996 123.541413 108.284123 0 255 0
334.198739 135.786845 118.332196 0 255 0
319.719336 148.883591 128.406369 0 255 0
307.224786 162.831651 138.506641 0 255 0
296.715090 177.631024 148.633012 0 255 0
288.190247 193.281712 158.785482 0 255 0
281.650258 209.783713 168.964051 0 255 0
