2.848447585876912740e+02 1.403383189846796597e+02 1.338345971562570753e+02
2.915654093956060819e+02 1.275078613742360005e+02 1.238107950204504561e+02
3.050347412776243914e+02 1.174424913338584986e+02 1.110933547873757448e+02
3.106043660197468057e+02 1.045998318123511979e+02 9.788482031211654544e+01
3.227530303573237802e+02 9.250029955092603018e+01 9.753803497268718559e+01
3.588310111376187592e+02 9.299985143489843153e+01 6.547148399857847778e+01
3.743918702961828444e+02 1.170651497947066844e+02 4.989944334807746174e+01
3.603773174651851718e+02 1.282470527141804553e+02 5.220568180634469968e+01
3.650700268790241694e+02 1.461366630763324963e+02 5.463715789629765140e+01
3.588461351414561591e+02 1.603191600263817520e+02 5.535226102254110714e+01
3.547062034425397883e+02 1.749726698974492649e+02 5.827236967927341027e+01
