27.757772 36.720873 10.000000 255 0 0
28.009539 36.500287 9.062500 255 0 0
28.323024 36.156265 8.125000 255 0 0
28.698226 35.688809 7.187500 255 0 0
29.135146 35.097917 6.250000 255 0 0
29.633783 34.383591 5.312500 255 0 0
30.194138 33.545829 4.375000 255 0 0
30.816210 32.584632 3.437500 255 0 0
31.500000 31.500000 2.500000 0 255 0
30.816210 30.415368 3.437500 0 255 0
30.194138 29.454171 4.375000 0 255 0
29.633783 28.616409 5.312500 0 255 0
29.135146 27.902083 6.250000 0 255 0
28.698226 27.311191 7.187500 0 255 0
28.323024 26.843735 8.125000 0 255 0
28.009539 26.499713 9.062500 0 255 0
27.757772 26.279127 10.000000 0 255 0
