278.972250 193.184244 25.877847 255 0 0
290.741550 180.914384 31.984373 255 0 0
303.633861 170.065705 37.933371 255 0 0
317.649184 160.638207 43.724839 255 0 0
332.787520 152.631890 49.358779 255 0 0
349.048867 146.046754 54.835190 255 0 0
366.433226 140.882798 60.154072 255 0 0
384.940597 137.140024 65.315425 255 0 0
404.570980 134.818430 70.319250 0 255 0
386.173186 137.096759 84.158820 0 255 0
369.058134 140.998408 97.818455 0 255 0
353.225824 146.523379 111.298155 0 255 0
338.676257 153.671671 124.597921 0 255 0
325.409432 162.443284 137.717752 0 255 0
313.425349 172.838217 150.657648 0 255 0
302.724009 184.856472 163.417609 0 255 0
293.305411 198.498047 175.997636 0 255 0
