3.615111826988097050e+02 1.500452086666692253e+02 1.564041343708129830e+02
3.641755394251644589e+02 1.374861320154282680e+02 1.472634825601132889e+02
3.693234366774483419e+02 1.296650831456479409e+02 1.323367864636297782e+02
3.572516742414404121e+02 1.248419227249970618e+02 1.082717894373644185e+02
3.594602880244210610e+02 1.128273178299782558e+02 8.466360441930299885e+01
3.731845390483620690e+02 1.021708186820767423e+02 7.613263419155737211e+01
3.739324517207427903e+02 1.054139018045365788e+02 3.113491304297662055e+01
3.421296906545310321e+02 1.320484999397372690e+02 2.602928349349809878e+01
3.364184788487605715e+02 1.516893169087833257e+02 2.455165224182849215e+01
3.413789353145752443e+02 1.790975249142086341e+02 1.551240178655700674e+01
3.120600951248084129e+02 1.711124506246568444e+02 4.511095068922713835e+01
3.169005107317944407e+02 1.951523235120057507e+02 2.707813897072344389e+01
2.982421174891421174e+02 2.067165892312734741e+02 4.651022833240830323e+01
