   2.6921642e+02   9.9823383e+01   1.4200000e+02
   2.6038557e+02   1.0118159e+02   1.3600000e+02
   2.5155473e+02   9.9992537e+01   1.3000000e+02
   2.7329104e+02   9.6256219e+01   1.2400000e+02
   2.7464925e+02   8.9972637e+01   1.1800000e+02
   2.8364925e+02   8.8783582e+01   1.1000000e+02
   2.7227114e+02   8.7594527e+01   1.0400000e+02
   2.6598756e+02   9.4047264e+01   9.8000000e+01
   2.7244030e+02   9.5405473e+01   9.2000000e+01
   2.7634577e+02   9.6763682e+01   8.6000000e+01
   2.7770398e+02   9.3027363e+01   8.0000000e+01
   2.8160945e+02   9.6932836e+01   7.4000000e+01
   2.8551493e+02   1.0338557e+02   6.8000000e+01
   2.9451493e+02   9.9649254e+01   6.2000000e+01
   3.1070398e+02   1.1583831e+02   5.6000000e+01
   3.0142040e+02   1.6259453e+02   5.0000000e+01
   2.7773632e+02   1.9877114e+02   5.6000000e+01
   2.6890547e+02   2.0012935e+02   6.2000000e+01
   2.5648010e+02   2.1699751e+02   6.8000000e+01
