   3.0053230e+01   2.6792969e+01   1.4000000e+01
   2.9784573e+01   2.7042969e+01   1.3000000e+01
   2.8709946e+01   2.8167969e+01   1.2000000e+01
   2.8709946e+01   2.8667969e+01   1.1000000e+01
   2.8709946e+01   2.9042969e+01   1.0000000e+01
   2.8978603e+01   2.9167969e+01   9.0000000e+00
   2.8978603e+01   2.9542969e+01   8.0000000e+00
   2.9112931e+01   3.0792969e+01   7.0000000e+00
   2.9515917e+01   3.2042969e+01   6.0000000e+00
   3.0053230e+01   3.3917969e+01   5.0000000e+00
   3.0187558e+01   3.5917969e+01   6.0000000e+00
   2.9784573e+01   3.6042969e+01   7.0000000e+00
   2.9247260e+01   3.5917969e+01   8.0000000e+00
   2.9247260e+01   3.6042969e+01   9.0000000e+00
   2.9515917e+01   3.5917969e+01   1.0000000e+01
   3.0187558e+01   3.7167969e+01   1.1000000e+01
   3.0187558e+01   3.7417969e+01   1.2000000e+01
   2.9918902e+01   3.7167969e+01   1.3000000e+01
   2.9650245e+01   3.7417969e+01   1.4000000e+01
