1	8	20
1	5	8
5	3	8
3	21	8
21	55	8
21	34	55
34	138	55
34	126	138
126	248	138
126	127	248
126	89	127
126	34	89
34	43	89
43	81	89
43	78	81
78	103	81
78	66	103
66	92	103
92	169	103
92	142	169
142	172	169
142	175	172
142	111	175
111	116	175
116	173	175
173	198	175
173	159	198
159	171	198
171	231	198
171	254	231
254	291	231
254	344	291
344	332	291
344	397	332
344	349	397
349	464	397
464	440	397
464	506	440
506	563	440
563	533	440
464	512	506
464	523	512
464	501	523
464	480	501
464	426	480
426	439	480
439	448	480
448	502	480
448	432	502
432	450	502
450	500	502
500	545	502
545	614	502
545	621	614
621	677	614
677	709	614
709	720	614
709	732	720
732	726	720
732	828	726
732	840	828
732	709	840
709	809	840
809	854	840
854	935	840
854	927	935
927	969	935
969	1008	935
1008	1056	935
1008	1127	1056
1127	1136	1056
1127	1167	1136
1167	1269	1136
1269	1228	1136
1269	1268	1228
1268	1301	1228
1301	1227	1228
1227	1158	1228
1227	1132	1158
1132	1147	1158
1132	1060	1147
1060	1055	1147
1055	1042	1147
1055	1025	1042
1025	999	1042
1025	922	999
922	828	999
922	860	828
922	877	860
877	958	860
877	922	958
922	1025	958
1025	1065	958
1065	972	958
1065	986	972
986	802	972
986	959	802
959	892	802
892	810	802
892	830	810
892	868	830
868	833	830
833	735	830
735	643	830
735	636	643
636	618	643
618	540	643
540	514	643
618	517	540
618	580	517
580	528	517
528	494	517
528	367	494
528	425	367
528	558	425
528	580	558
618	634	580
618	636	634
636	693	634
693	702	634
693	735	702
735	756	702
756	766	702
766	814	702
814	691	702
691	638	702
691	703	638
703	665	638
665	554	638
554	529	638
529	558	638
665	585	554
585	559	554
559	526	554
526	472	554
585	572	559
572	544	559
544	476	559
544	487	476
487	445	476
445	412	476
412	399	476
412	378	399
378	280	399
280	393	399
280	303	393
303	322	393
322	384	393
384	423	393
378	313	280
378	400	313
400	290	313
400	364	290
364	269	290
269	232	290
269	195	232
195	95	232
269	276	195
269	364	276
364	382	276
382	329	276
329	292	276
292	251	276
292	283	251
283	206	251
206	215	251
283	224	206
224	193	206
193	168	206
193	221	168
221	177	168
221	225	177
225	184	177
225	218	184
218	227	184
227	174	184
227	204	174
204	228	174
228	209	174
228	243	209
228	242	243
242	350	243
242	272	350
272	285	350
285	431	350
431	398	350
431	443	398
431	459	443
459	490	443
490	543	443
543	561	443
561	483	443
561	574	483
285	347	431
285	274	347
274	282	347
282	253	347
253	335	347
335	427	347
253	275	335
275	320	335
320	414	335
320	441	414
441	519	414
441	527	519
527	532	519
532	571	519
532	569	571
569	680	571
680	706	571
706	625	571
706	719	625
706	914	719
706	930	914
930	1048	914
706	783	930
783	882	930
783	846	882
846	883	882
846	680	883
680	880	883
680	684	880
684	772	880
684	624	772
624	701	772
701	721	772
701	640	721
640	698	721
640	653	698
653	664	698
653	644	664
644	668	664
668	672	664
672	673	664
673	761	664
672	667	673
667	679	673
679	697	673
667	723	679
667	710	723
710	762	723
710	708	762
708	751	762
751	817	762
751	856	817
856	870	817
870	1016	817
708	745	751
708	700	745
700	724	745
724	728	745
728	734	745
728	729	734
729	763	734
763	744	734
763	803	744
803	739	744
739	748	744
748	807	744
739	742	748
742	747	748
739	896	742
739	803	896
803	939	896
939	947	896
947	933	896
947	995	933
995	1011	933
995	949	1011
949	957	1011
957	1050	1011
1050	1032	1011
1050	1076	1032
1076	1006	1032
1006	842	1032
842	849	1032
842	767	849
767	769	849
769	755	849
755	747	849
755	791	747
791	801	747
791	778	801
778	872	801
872	876	801
872	1129	876
778	789	872
789	885	872
789	842	885
842	928	885
928	915	885
915	996	885
915	925	996
925	948	996
948	1063	996
948	1072	1063
1072	1130	1063
1130	1128	1063
1130	1207	1128
1207	1168	1128
1207	1200	1168
1200	1185	1168
1200	1197	1185
1200	1343	1197
1343	1232	1197
1232	1176	1197
1176	1129	1197
1343	1361	1232
1200	1336	1343
1336	1392	1343
1392	1453	1343
1392	1508	1453
1336	1372	1392
1336	1207	1372
1207	1322	1372
1322	1512	1372
1207	1251	1322
1251	1376	1322
1251	1229	1376
1229	1277	1376
1277	1374	1376
1374	1420	1376
1374	1517	1420
1517	1561	1420
1517	1624	1561
1624	1623	1561
1624	1744	1623
1624	1766	1744
1766	1861	1744
1861	1842	1744
1842	1801	1744
1842	1878	1801
1878	1937	1801
1937	1883	1801
1883	1800	1801
1878	2069	1937
2069	2114	1937
2069	2146	2114
2146	2221	2114
2221	2212	2114
2212	2086	2114
2221	2301	2212
2221	2146	2301
2069	2169	2146
2069	2034	2169
2069	1878	2034
1842	1861	1878
1766	1877	1861
1877	1902	1861
1877	2089	1902
2089	2034	1902
1877	1862	2089
1862	2050	2089
1862	2037	2050
1862	1905	2037
1877	1766	1862
1374	1527	1517
1374	1483	1527
1229	1219	1277
1219	1323	1277
1219	1266	1323
1266	1265	1323
1266	1253	1265
1253	1206	1265
1206	1215	1265
1215	1243	1265
1243	1259	1265
1259	1346	1265
1259	1297	1346
1297	1304	1346
1304	1326	1346
1326	1356	1346
1356	1389	1346
1389	1323	1346
1389	1460	1323
1460	1484	1323
1460	1494	1484
1494	1535	1484
1535	1483	1484
1494	1516	1535
1516	1650	1535
1516	1591	1650
1591	1610	1650
1610	1789	1650
1789	1710	1650
1710	1709	1650
1710	1817	1709
1710	1789	1817
1789	1816	1817
1789	1773	1816
1773	1824	1816
1773	1772	1824
1773	1609	1772
1609	1630	1772
1609	1585	1630
1585	1627	1630
1585	1578	1627
1578	1677	1627
1585	1536	1578
1585	1434	1536
1434	1496	1536
1434	1432	1496
1432	1439	1496
1439	1465	1496
1465	1559	1496
1465	1507	1559
1507	1529	1559
1507	1520	1529
1520	1592	1529
1520	1500	1592
1500	1463	1592
1463	1573	1592
1573	1612	1592
1573	1641	1612
1463	1470	1573
1470	1474	1573
1470	1451	1474
1451	1461	1474
1461	1469	1474
1461	1426	1469
1426	1531	1469
1426	1532	1531
1461	1401	1426
1401	1342	1426
1342	1368	1426
1368	1398	1426
1368	1338	1398
1338	1333	1398
1333	1327	1398
1327	1456	1398
1333	1272	1327
1272	1321	1327
1333	1256	1272
1333	1295	1256
1295	1167	1256
1167	1127	1256
1295	1269	1167
1295	1302	1269
1302	1268	1269
1302	1303	1268
1303	1301	1268
1303	1337	1301
1303	1302	1337
1302	1365	1337
1365	1381	1337
1365	1377	1381
1377	1440	1381
1440	1467	1381
1467	1413	1381
1467	1507	1413
1467	1520	1507
1467	1500	1520
1467	1463	1500
1467	1440	1463
1440	1470	1463
1440	1410	1470
1410	1451	1470
1410	1401	1451
1401	1461	1451
1410	1377	1401
1377	1365	1401
1365	1342	1401
1365	1302	1342
1302	1295	1342
1295	1347	1342
1347	1368	1342
1347	1338	1368
1347	1295	1338
1295	1333	1338
1410	1440	1377
1465	1431	1507
1465	1439	1431
1439	1405	1431
1405	1341	1431
1405	1348	1341
1348	1289	1341
1289	1320	1341
1289	1315	1320
1315	1308	1320
1315	1267	1308
1267	1218	1308
1218	1227	1308
1227	1301	1308
1218	1132	1227
1218	1103	1132
1103	1065	1132
1065	1060	1132
1065	1025	1060
1025	1055	1060
1103	986	1065
1103	1015	986
1015	959	986
1015	1010	959
1010	892	959
1010	974	892
974	868	892
1010	1035	974
1035	1047	974
1047	1061	974
1061	965	974
965	932	974
965	954	932
954	867	932
954	950	867
950	955	867
955	887	867
887	814	867
814	816	867
816	812	867
816	766	812
766	756	812
816	814	766
887	821	814
821	799	814
799	691	814
799	738	691
738	703	691
738	665	703
738	760	665
760	671	665
671	585	665
671	626	585
626	572	585
626	628	572
628	570	572
570	544	572
570	566	544
566	546	544
546	488	544
488	487	544
488	479	487
479	445	487
479	463	445
463	400	445
400	412	445
400	378	412
463	455	400
455	382	400
382	364	400
455	418	382
418	396	382
396	366	382
366	329	382
366	283	329
283	292	329
366	376	283
366	396	376
396	510	376
396	474	510
474	536	510
536	548	510
548	534	510
534	482	510
534	622	482
622	606	482
622	683	606
683	578	606
683	630	578
630	607	578
607	537	578
607	594	537
594	567	537
567	527	537
527	509	537
527	441	509
441	461	509
441	361	461
361	433	461
361	394	433
394	408	433
394	357	408
357	363	408
363	362	408
362	413	408
413	446	408
413	435	446
435	482	446
413	371	435
413	362	371
362	348	371
362	314	348
362	363	314
363	331	314
331	225	314
225	267	314
267	283	314
267	224	283
267	221	224
221	193	224
267	225	221
331	234	225
234	218	225
234	227	218
234	286	227
286	275	227
275	253	227
253	204	227
253	282	204
282	270	204
270	228	204
270	242	228
270	266	242
266	272	242
266	285	272
266	274	285
266	270	274
270	282	274
286	320	275
286	361	320
361	441	320
286	331	361
331	357	361
357	394	361
331	363	357
286	234	331
567	532	527
567	569	532
567	684	569
684	680	569
567	604	684
604	624	684
604	594	624
594	640	624
640	701	624
594	623	640
623	653	640
623	644	653
623	646	644
646	650	644
650	668	644
650	666	668
666	704	668
704	672	668
704	667	672
704	690	667
690	696	667
696	700	667
700	710	667
700	708	710
696	724	700
696	727	724
727	725	724
725	728	724
725	729	728
725	727	729
727	808	729
727	788	808
788	834	808
834	884	808
884	912	808
884	895	912
895	939	912
895	961	939
961	975	939
975	995	939
995	947	939
975	949	995
975	869	949
869	909	949
909	957	949
909	899	957
899	903	957
903	1017	957
1017	1050	957
1017	1076	1050
1017	1034	1076
1034	1121	1076
1121	1071	1076
1071	1006	1076
1071	1031	1006
1031	928	1006
928	842	1006
1031	1002	928
1002	915	928
1002	925	915
1002	948	925
1002	1057	948
1057	1072	948
1002	1031	1057
1031	1071	1057
1071	1113	1057
1113	1192	1057
1113	1079	1192
1079	1138	1192
1138	1206	1192
1206	1253	1192
1253	1266	1192
1266	1219	1192
1138	1169	1206
1169	1180	1206
1180	1215	1206
1180	1179	1215
1180	1135	1179
1180	1138	1135
1138	1078	1135
1078	1023	1135
1023	1104	1135
1023	1013	1104
1023	887	1013
887	955	1013
1023	898	887
898	844	887
844	821	887
844	792	821
792	799	821
792	760	799
760	738	799
792	753	760
753	671	760
753	741	671
741	737	671
737	626	671
737	628	626
737	773	628
773	642	628
642	617	628
617	570	628
617	566	570
617	642	566
642	663	566
663	589	566
589	546	566
589	581	546
581	463	546
463	488	546
463	479	488
581	455	463
581	466	455
466	456	455
456	418	455
456	474	418
474	396	418
456	466	474
466	505	474
505	536	474
505	582	536
582	548	536
582	615	548
615	534	548
615	622	534
615	712	622
712	683	622
712	740	683
740	746	683
746	694	683
694	630	683
694	632	630
632	607	630
632	623	607
623	594	607
632	646	623
632	694	646
694	699	646
699	650	646
699	666	650
699	704	666
699	746	704
746	788	704
788	727	704
727	707	704
707	690	704
707	696	690
707	727	696
746	740	788
740	712	788
699	694	746
582	689	615
582	675	689
675	787	689
787	784	689
784	834	689
784	884	834
784	895	884
784	787	895
787	861	895
861	961	895
861	886	961
886	975	961
886	869	975
886	832	869
832	811	869
811	797	869
797	839	869
839	909	869
839	899	909
839	903	899
839	838	903
838	913	903
913	916	903
916	1017	903
916	962	1017
962	1034	1017
962	1020	1034
1020	1045	1034
1045	1073	1034
1073	1121	1034
1073	1079	1121
1079	1113	1121
1113	1071	1121
1073	1045	1079
1045	1068	1079
1068	1138	1079
1068	1078	1138
1068	1022	1078
1022	1023	1078
1022	942	1023
942	917	1023
917	898	1023
917	929	898
929	844	898
929	792	844
929	818	792
818	753	792
818	741	753
818	838	741
838	737	741
838	839	737
839	773	737
839	797	773
797	692	773
692	642	773
692	663	642
692	785	663
785	800	663
800	648	663
648	589	663
648	675	589
675	582	589
582	581	589
582	505	581
505	466	581
648	800	675
800	787	675
800	861	787
800	832	861
832	886	861
800	785	832
785	811	832
785	797	811
785	692	797
818	913	838
818	929	913
929	1020	913
1020	962	913
962	916	913
929	1022	1020
1022	1045	1020
1022	1068	1045
929	942	1022
929	917	942
1180	1169	1138
604	567	594
950	954	955
1047	1091	1061
1091	1114	1061
1091	1211	1114
1211	1201	1114
1201	1173	1114
1173	1104	1114
1201	1247	1173
1201	1250	1247
1250	1257	1247
1257	1276	1247
1257	1348	1276
1348	1364	1276
1364	1353	1276
1353	1326	1276
1326	1304	1276
1304	1297	1276
1297	1259	1276
1259	1243	1276
1243	1215	1276
1353	1433	1326
1433	1422	1326
1422	1356	1326
1422	1389	1356
1422	1438	1389
1438	1460	1389
1438	1516	1460
1516	1494	1460
1438	1480	1516
1480	1565	1516
1565	1591	1516
1565	1610	1591
1565	1609	1610
1609	1773	1610
1773	1789	1610
1565	1544	1609
1544	1585	1609
1544	1462	1585
1462	1434	1585
1462	1412	1434
1412	1364	1434
1364	1405	1434
1405	1432	1434
1405	1439	1432
1364	1348	1405
1412	1373	1364
1373	1353	1364
1373	1433	1353
1373	1462	1433
1462	1471	1433
1471	1480	1433
1480	1422	1433
1480	1438	1422
1471	1544	1480
1544	1565	1480
1471	1462	1544
1373	1412	1462
1257	1289	1348
1257	1250	1289
1250	1267	1289
1267	1315	1289
1250	1201	1267
1201	1211	1267
1211	1224	1267
1224	1204	1267
1204	1218	1267
1204	1183	1218
1183	1103	1218
1183	1095	1103
1095	1015	1103
1095	1035	1015
1035	1010	1015
1095	1047	1035
1095	1091	1047
1095	1204	1091
1204	1211	1091
1204	1224	1211
1095	1183	1204
1251	1130	1229
1130	1072	1229
1251	1207	1130
1336	1200	1207
789	767	842
789	778	767
778	769	767
778	791	769
791	755	769
803	763	939
846	783	680
783	706	680
693	636	735
1008	1067	1127
1008	985	1067
1008	969	985
969	907	985
907	936	985
969	927	907
927	854	907
854	809	907
709	713	809
713	794	809
713	621	794
713	677	621
713	709	677
545	542	621
545	500	542
500	552	542
500	520	552
520	555	552
555	591	552
555	584	591
584	685	591
584	635	685
584	551	635
584	555	551
555	520	551
520	489	551
489	550	551
520	477	489
520	491	477
491	465	477
465	450	477
450	410	477
450	377	410
377	386	410
386	419	410
419	470	410
419	473	470
473	587	470
587	538	470
473	586	587
377	369	386
465	500	450
465	491	500
491	520	500
448	439	432
464	349	426
349	353	426
349	306	353
349	344	306
344	271	306
271	262	306
262	237	306
237	252	306
237	190	252
190	278	252
278	299	252
278	294	299
278	293	294
237	219	190
219	178	190
178	182	190
182	223	190
182	186	223
186	191	223
186	152	191
152	165	191
165	211	191
211	235	191
211	212	235
211	165	212
165	146	212
146	139	212
139	183	212
139	154	183
154	170	183
170	181	183
170	163	181
163	151	181
163	140	151
140	110	151
110	124	151
110	97	124
97	108	124
97	82	108
82	69	108
69	68	108
68	137	108
137	148	108
68	105	137
68	59	105
59	76	105
76	129	105
59	62	76
59	42	62
42	41	62
41	49	62
41	30	49
30	40	49
40	54	49
54	98	49
98	99	49
99	101	49
99	132	101
132	120	101
120	71	101
71	62	101
120	115	71
120	158	115
158	129	115
158	202	129
202	176	129
176	157	129
176	196	157
176	202	196
202	259	196
259	245	196
202	263	259
202	284	263
202	213	284
213	240	284
213	200	240
200	210	240
210	256	240
256	333	240
256	319	333
319	330	333
330	383	333
383	391	333
391	403	333
391	405	403
405	460	403
405	449	460
449	518	460
405	383	449
383	421	449
383	380	421
383	330	380
330	370	380
370	417	380
370	365	417
365	360	417
360	429	417
429	524	417
360	379	429
360	304	379
360	268	304
268	241	304
241	250	304
250	305	304
250	258	305
258	298	305
298	342	305
298	316	342
298	246	316
246	288	316
288	355	316
246	185	288
246	201	185
201	156	185
156	149	185
149	153	185
149	107	153
107	136	153
107	168	136
107	122	168
107	87	122
87	73	122
73	93	122
73	52	93
52	44	93
44	144	93
44	64	144
44	32	64
32	27	64
27	17	64
17	95	64
27	26	17
26	7	17
7	31	17
7	18	31
7	4	18
4	2	18
2	22	18
4	11	2
11	13	2
13	9	2
9	6	2
6	1	2
6	5	1
6	10	5
10	24	5
24	12	5
12	3	5
12	15	3
15	19	3
19	21	3
19	34	21
19	43	34
19	15	43
15	57	43
57	78	43
57	66	78
57	92	66
15	38	57
38	67	57
38	45	67
45	60	67
60	90	67
90	100	67
100	96	67
96	91	67
96	130	91
130	116	91
116	111	91
111	92	91
111	142	92
130	131	116
131	159	116
159	173	116
131	171	159
131	143	171
143	178	171
178	219	171
219	254	171
219	271	254
271	344	254
219	262	271
219	237	262
143	182	178
143	186	182
143	152	186
143	134	152
134	146	152
146	165	152
134	100	146
100	139	146
100	106	139
106	104	139
104	154	139
104	112	154
112	163	154
163	170	154
112	125	163
125	140	163
125	94	140
94	110	140
94	97	110
94	82	97
94	77	82
94	84	77
84	65	77
84	61	65
61	45	65
45	36	65
45	29	36
29	24	36
24	25	36
24	10	25
10	16	25
16	42	25
42	46	25
42	59	46
59	68	46
68	69	46
16	41	42
16	30	41
16	9	30
9	13	30
13	33	30
33	40	30
33	48	40
48	54	40
48	98	54
48	114	98
114	99	98
114	132	99
114	135	132
135	166	132
166	120	132
166	158	120
166	213	158
213	202	158
166	200	213
166	210	200
166	216	210
216	222	210
222	256	210
222	302	256
302	319	256
302	330	319
302	326	330
326	370	330
326	346	370
346	365	370
346	360	365
346	312	360
312	268	360
312	264	268
264	233	268
233	244	268
244	241	268
244	179	241
179	189	241
189	250	241
189	238	250
238	258	250
238	220	258
220	229	258
229	298	258
229	246	298
229	201	246
229	220	201
220	189	201
189	156	201
189	133	156
133	88	156
88	80	156
80	107	156
107	149	156
80	79	107
79	87	107
79	73	87
79	80	73
80	52	73
80	83	52
83	50	52
50	44	52
50	51	44
51	32	44
51	27	32
51	35	27
35	26	27
35	47	26
47	28	26
28	11	26
11	7	26
11	4	7
28	13	11
28	33	13
28	48	33
28	47	48
47	63	48
63	74	48
74	85	48
85	114	48
85	135	114
85	123	135
123	216	135
85	109	123
109	128	123
128	155	123
128	145	155
145	189	155
189	179	155
145	133	189
145	117	133
117	88	133
117	109	88
109	83	88
83	80	88
109	51	83
51	50	83
109	56	51
56	35	51
56	47	35
56	63	47
56	74	63
56	85	74
56	109	85
117	128	109
117	145	128
220	238	189
264	222	233
222	216	233
264	312	222
312	302	222
312	326	302
312	346	326
16	10	9
10	6	9
29	12	24
29	23	12
23	15	12
23	38	15
23	45	38
23	29	45
61	60	45
61	84	60
84	90	60
84	112	90
112	104	90
104	106	90
106	100	90
84	125	112
84	94	125
134	96	100
134	130	96
134	143	130
143	131	130
405	391	383
82	36	69
72	121	119
119	102	72
119	199	102
119	194	199
119	121	194
121	164	194
141	160	161
167	289	192
167	169	289
249	327	307
327	358	307
327	373	358
373	340	358
373	401	340
401	451	340
401	478	451
478	631	451
401	373	478
249	325	327
325	375	327
375	420	327
375	436	420
436	503	420
503	521	420
503	556	521
556	535	521
556	656	535
503	447	556
447	616	556
616	652	556
503	436	447
436	428	447
428	392	447
428	375	392
375	325	392
325	338	392
325	279	338
279	300	338
325	249	279
428	436	375
257	301	315
315	293	257
293	223	257
315	323	293
323	336	293
281	345	387
345	415	387
297	389	318
321	339	324
339	368	324
368	345	324
345	289	324
289	321	324
339	437	368
437	453	368
437	468	453
468	514	453
468	645	514
468	603	645
468	533	603
337	351	422
374	434	424
374	492	434
492	539	434
539	424	434
492	504	539
504	649	539
649	583	539
649	705	583
705	681	583
681	597	583
705	926	681
705	777	926
777	988	926
988	976	926
988	1151	976
988	1154	1151
988	1058	1154
1058	1248	1154
1058	1081	1248
1081	1239	1248
1239	1502	1248
1081	1077	1239
1077	1202	1239
1202	1386	1239
1202	1282	1386
1282	1505	1386
1505	1540	1386
1540	1537	1386
1540	1598	1537
1598	1648	1537
1648	1590	1537
1590	1502	1537
1540	1577	1598
1577	1776	1598
1577	1645	1776
1577	1505	1645
1577	1540	1505
1282	1475	1505
1282	1449	1475
1081	894	1077
705	649	777
649	718	777
718	782	777
718	759	782
759	894	782
649	504	718
504	507	718
504	395	507
395	481	507
481	562	507
481	493	562
504	492	395
388	402	475
402	485	475
485	641	475
485	515	641
475	493	388
404	444	438
406	458	462
471	553	600
553	560	600
560	658	600
658	657	600
560	659	658
560	619	659
619	655	659
655	687	659
655	661	687
655	619	661
560	590	619
484	525	508
525	601	508
601	577	508
577	522	508
601	611	577
601	669	611
669	674	611
525	593	601
495	531	511
530	609	605
605	549	530
541	592	557
541	524	592
575	688	576
688	660	576
660	588	576
688	780	660
688	754	780
688	731	754
731	774	754
731	749	774
749	862	774
749	853	862
749	781	853
781	806	853
688	610	731
688	575	610
599	682	627
608	716	676
620	786	717
651	845	779
845	905	779
845	963	905
963	1021	905
963	1014	1021
963	845	1014
845	964	1014
964	1092	1014
964	1115	1092
964	1205	1115
1205	1213	1115
1205	1309	1213
1309	1380	1213
1309	1485	1380
1485	1525	1380
1485	1634	1525
1485	1661	1634
1485	1557	1661
1557	1660	1661
1485	1309	1557
1205	1264	1309
1264	1407	1309
1264	1306	1407
1306	1545	1407
1545	1556	1407
1545	1717	1556
1545	1682	1717
1682	1741	1717
1741	1775	1717
1741	1852	1775
1741	1682	1852
1545	1551	1682
1551	1670	1682
1670	1761	1682
1551	1553	1670
1545	1395	1551
1545	1296	1395
1545	1306	1296
1264	1145	1306
1264	1126	1145
1126	1109	1145
1264	1142	1126
1142	920	1126
1142	964	920
964	845	920
845	764	920
845	651	764
1142	1205	964
1142	1264	1205
695	819	864
695	641	819
730	822	796
796	631	730
736	824	863
824	937	863
937	977	863
750	831	757
758	835	901
758	780	835
835	980	901
980	1043	901
775	968	790
790	794	775
790	852	794
790	890	852
890	936	852
790	968	890
793	938	902
795	875	879
879	850	795
850	652	795
805	951	874
805	866	951
825	829	1037
829	993	1037
829	855	993
855	904	993
829	723	855
1037	990	825
990	841	825
990	967	841
967	934	841
1037	1131	990
836	889	858
836	970	889
858	807	836
859	960	881
871	978	1029
978	1085	1029
1085	1149	1029
1085	1196	1149
1196	1195	1149
1196	1349	1195
1029	1019	871
908	1038	941
1038	1003	941
1038	1090	1003
1038	1075	1090
1075	1148	1090
1148	1194	1090
1148	1193	1194
1193	1310	1194
1310	1319	1194
1319	1222	1194
1193	1187	1310
1187	1273	1310
1273	1330	1310
1330	1358	1310
1358	1390	1310
1358	1403	1390
1358	1330	1403
1330	1425	1403
1187	1214	1273
1187	1161	1214
1187	1148	1161
1148	1075	1161
1187	1193	1148
911	1030	1094
1094	1064	911
1064	981	911
1030	1124	1094
1124	1152	1094
1124	1054	1152
1124	1030	1054
946	1018	1051
946	902	1018
1018	1139	1051
1139	1107	1051
1107	1028	1051
1107	1140	1028
1018	1110	1139
953	984	1026
1026	1119	953
1119	1024	953
966	1163	991
1163	1170	991
1170	1134	991
1170	1209	1134
1170	1188	1209
1170	1163	1188
973	989	1074
989	1040	1074
1074	1000	973
1074	1111	1000
983	1101	1087
992	1044	1004
1044	1238	1004
1033	1082	1100
1082	1182	1100
1182	1270	1100
1270	1097	1100
1270	1098	1097
1182	1288	1270
1046	1198	1062
1046	1241	1198
1241	1350	1198
1350	1449	1198
1241	1245	1350
1241	1118	1245
1118	1216	1245
1118	1117	1216
1117	1369	1216
1117	1354	1369
1354	1445	1369
1445	1385	1369
1117	1144	1354
1144	1263	1354
1263	1285	1354
1144	1172	1263
1241	1046	1118
1198	1112	1062
1053	1106	1156
1070	1102	1190
1070	951	1102
1086	1178	1252
1178	1394	1252
1394	1324	1252
1324	1261	1252
1324	1345	1261
1394	1486	1324
1178	1294	1394
1294	1458	1394
1294	1430	1458
1294	1283	1430
1283	1279	1430
1279	1457	1430
1283	1191	1279
1283	1294	1191
1294	1181	1191
1294	1178	1181
1093	1237	1160
1096	1189	1133
1099	1186	1231
1116	1153	1199
1199	1171	1116
1120	1155	1125
1125	1021	1120
1141	1234	1184
1234	1235	1184
1235	1159	1184
1234	1399	1235
1143	1244	1242
1242	1332	1143
1242	1476	1332
1242	1244	1476
1164	1317	1313
1317	1393	1313
1393	1427	1313
1317	1397	1393
1397	1638	1393
1397	1478	1638
1478	1509	1638
1509	1657	1638
1657	1746	1638
1657	1755	1746
1755	1850	1746
1850	1826	1746
1850	1890	1826
1890	1901	1826
1890	1981	1901
1890	2062	1981
2062	2118	1981
2062	2240	2118
2240	2223	2118
2223	2101	2118
2240	2267	2223
2267	2339	2223
2240	2438	2267
2062	2226	2240
2062	2123	2226
2123	2249	2226
2123	2098	2249
2098	2269	2249
2269	2332	2249
2332	2341	2249
2332	2373	2341
2373	2410	2341
2373	2534	2410
2373	2581	2534
2581	2768	2534
2768	2643	2534
2768	2881	2643
2881	2884	2643
2884	2805	2643
2805	2647	2643
2805	2708	2647
2708	2717	2647
2717	2606	2647
2717	2694	2606
2717	2781	2694
2781	2832	2694
2781	2963	2832
2963	2861	2832
2963	3095	2861
2781	2972	2963
2781	2882	2972
2882	3003	2972
3003	3064	2972
3003	3238	3064
2781	2708	2882
2708	2805	2882
2781	2717	2708
2881	2902	2884
2881	2768	2902
2332	2269	2373
2123	2026	2098
2026	1979	2098
2026	2009	1979
2009	1940	1979
2009	1850	1940
1850	1755	1940
2009	2038	1850
2038	2000	1850
2000	1890	1850
2000	2062	1890
2000	2123	2062
2000	2038	2123
2038	2026	2123
2038	2009	2026
1657	1712	1755
1657	1595	1712
1595	1725	1712
1725	1751	1712
1725	1721	1751
1725	1669	1721
1669	1678	1721
1678	1730	1721
1730	1748	1721
1730	1601	1748
1730	1678	1601
1678	1526	1601
1678	1669	1526
1669	1549	1526
1549	1437	1526
1549	1492	1437
1492	1300	1437
1549	1595	1492
1595	1493	1492
1595	1657	1493
1657	1509	1493
1509	1340	1493
1509	1478	1340
1478	1397	1340
1397	1317	1340
1549	1725	1595
1549	1669	1725
1166	1305	1292
1305	1415	1292
1203	1271	1226
1271	1375	1226
1203	1190	1271
1190	1316	1271
1220	1246	1254
1246	1328	1254
1246	1287	1328
1223	1233	1286
1223	1131	1233
1131	1312	1233
1312	1286	1233
1312	1367	1286
1367	1411	1286
1411	1223	1286
1411	1225	1223
1411	1318	1225
1411	1429	1318
1429	1552	1318
1552	1379	1318
1552	1614	1379
1614	1404	1379
1614	1464	1404
1464	1307	1404
1464	1441	1307
1429	1572	1552
1572	1703	1552
1572	1608	1703
1572	1580	1608
1580	1656	1608
1580	1644	1656
1572	1429	1580
1429	1411	1580
1411	1367	1580
1367	1416	1580
1367	1312	1416
1312	1424	1416
1312	1345	1424
1240	1293	1280
1293	1383	1280
1383	1321	1280
1293	1402	1383
1260	1448	1468
1448	1586	1468
1278	1344	1382
1344	1414	1382
1284	1423	1352
1423	1518	1352
1423	1569	1518
1423	1588	1569
1588	1637	1569
1423	1575	1588
1299	1314	1466
1314	1473	1466
1473	1524	1466
1524	1584	1466
1584	1519	1466
1524	1643	1584
1331	1454	1446
1454	1555	1446
1555	1490	1446
1555	1504	1490
1555	1620	1504
1620	1568	1504
1620	1695	1568
1620	1689	1695
1620	1617	1689
1617	1596	1689
1596	1654	1689
1654	1762	1689
1596	1597	1654
1597	1642	1654
1597	1635	1642
1635	1797	1642
1597	1566	1635
1617	1472	1596
1472	1421	1596
1472	1384	1421
1384	1363	1421
1472	1454	1384
1472	1555	1454
1472	1617	1555
1617	1620	1555
1334	1443	1362
1362	1231	1334
1355	1498	1562
1360	1444	1497
1387	1388	1506
1387	1332	1388
1387	1172	1332
1388	1450	1506
1396	1479	1409
1418	1452	1611
1452	1579	1611
1579	1734	1611
1734	1733	1611
1733	1652	1611
1652	1457	1611
1457	1418	1611
1733	1737	1652
1737	1719	1652
1733	1891	1737
1891	1933	1737
1891	1926	1933
1926	2108	1933
2108	2165	1933
2165	1965	1933
2165	2181	1965
2181	2128	1965
2128	2033	1965
2033	1988	1965
2033	2041	1988
2041	2019	1988
2019	1859	1988
1859	1799	1988
1859	1758	1799
1758	1696	1799
1859	1900	1758
1900	1792	1758
1792	1740	1758
1859	2019	1900
2019	2044	1900
2044	1953	1900
2044	1991	1953
1991	1959	1953
1959	1866	1953
1866	1864	1953
1959	1908	1866
1959	1923	1908
1923	1904	1908
1923	1990	1904
1990	1985	1904
1985	1936	1904
1936	1871	1904
1936	1865	1871
1936	1863	1865
1863	1703	1865
1863	1780	1703
1863	1921	1780
1921	1931	1780
1921	2093	1931
1863	1936	1921
1923	2014	1990
2014	2153	1990
2014	2119	2153
2119	2166	2153
2014	1959	2119
1959	1991	2119
2014	1923	1959
2044	2102	1991
2044	2220	2102
2220	2246	2102
2246	2239	2102
2239	2166	2102
2246	2312	2239
2312	2363	2239
2312	2518	2363
2246	2280	2312
2280	2353	2312
2280	2274	2353
2280	2246	2274
2246	2220	2274
2220	2241	2274
2241	2358	2274
2241	2302	2358
2302	2441	2358
2241	2079	2302
2079	2128	2302
2128	2295	2302
2295	2505	2302
2295	2296	2505
2079	2041	2128
2041	2033	2128
2079	2019	2041
2079	2220	2019
2220	2044	2019
2079	2241	2220
2108	2205	2165
2108	2187	2205
2187	2238	2205
2238	2377	2205
2238	2453	2377
2238	2383	2453
2383	2542	2453
2383	2390	2542
2383	2307	2390
2383	2238	2307
2238	2168	2307
2168	2184	2307
2168	2117	2184
2117	2086	2184
2168	2112	2117
2168	2187	2112
2187	2108	2112
2108	2003	2112
2108	1975	2003
2108	1926	1975
1926	1823	1975
1926	1891	1823
1891	1733	1823
1733	1734	1823
2168	2238	2187
1452	1528	1579
1528	1563	1579
1428	1534	1521
1428	1541	1534
1541	1671	1534
1671	1542	1534
1542	1521	1534
1542	1533	1521
1542	1662	1533
1662	1489	1533
1542	1671	1662
1671	1726	1662
1726	1731	1662
1731	1679	1662
1731	1702	1679
1671	1711	1726
1711	1763	1726
1763	1886	1726
1763	1911	1886
1911	1941	1886
1941	1942	1886
1911	2022	1941
1911	1947	2022
1947	2048	2022
1711	1729	1763
1711	1671	1729
1428	1479	1541
1442	1603	1510
1510	1399	1442
1399	1408	1442
1603	1570	1510
1603	1701	1570
1701	1752	1570
1752	1575	1570
1442	1606	1603
1442	1604	1606
1442	1441	1604
1477	1589	1582
1488	1548	1499
1548	1550	1499
1548	1640	1550
1548	1691	1640
1691	1794	1640
1794	1788	1640
1548	1684	1691
1548	1666	1684
1548	1488	1666
1523	1672	1651
1543	1628	1665
1546	1599	1547
1547	1425	1546
1425	1359	1546
1546	1664	1599
1664	1698	1599
1664	1771	1698
1771	1844	1698
1844	1753	1698
1558	1688	1673
1587	1727	1713
1713	1589	1587
1593	1667	1756
1605	1705	1675
1615	1749	1616
1618	1621	1722
1618	1506	1621
1506	1622	1621
1622	1722	1621
1722	1745	1618
1722	1854	1745
1619	1685	1625
1625	1568	1619
1568	1687	1619
1687	1685	1619
1632	1714	1728
1714	1732	1728
1732	1769	1728
1732	1778	1769
1778	1925	1769
1778	1946	1925
1946	2011	1925
1946	2115	2011
1732	1714	1778
1636	1663	1683
1636	1614	1663
1663	1780	1683
1639	1655	1760
1639	1508	1655
1658	1716	1718
1658	1736	1716
1716	1821	1718
1821	1666	1718
1659	1693	1724
1659	1675	1693
1693	1783	1724
1680	1833	1831
1833	1885	1831
1885	2020	1831
1833	1882	1885
1882	1950	1885
1882	1833	1950
1704	1875	1857
1704	1683	1875
1875	1909	1857
1909	1914	1857
1914	1907	1857
1907	1849	1857
1907	1944	1849
1914	2104	1907
2104	2091	1907
2104	2121	2091
2121	2180	2091
2104	2234	2121
2104	2072	2234
2072	2085	2234
2085	2142	2234
2142	2278	2234
2278	2328	2234
2142	2145	2278
2145	2192	2278
2192	2359	2278
2192	2183	2359
2183	2260	2359
2260	2346	2359
2183	2151	2260
2183	2093	2151
2183	2192	2093
2192	2145	2093
2072	2029	2085
2072	1909	2029
1909	1875	2029
2072	1914	1909
2072	2104	1914
1707	1798	1804
1798	1896	1804
1798	1894	1896
1894	1930	1896
1930	2023	1896
1894	1847	1930
1847	1972	1930
1972	2092	1930
1972	2081	2092
2081	2185	2092
2185	2257	2092
2257	2162	2092
2081	2202	2185
1972	1962	2081
1962	2058	2081
1972	1806	1962
1972	1782	1806
1782	1643	1806
1972	1847	1782
1847	1798	1782
1847	1894	1798
1708	1785	1787
1785	1812	1787
1739	1822	1779
1779	1764	1739
1822	1869	1779
1739	1742	1822
1757	1786	1960
1757	1752	1786
1786	1807	1960
1807	1944	1960
1765	1793	1830
1767	1873	1791
1873	1820	1791
1873	1951	1820
1951	1995	1820
1951	2032	1995
1873	1919	1951
1919	1920	1951
1919	1873	1920
1774	1805	1839
1777	1948	1856
1784	1790	1814
1814	1813	1784
1814	1899	1813
1899	1928	1813
1802	1829	1832
1829	2024	1832
2024	2036	1832
2024	2080	2036
2080	2073	2036
2024	2076	2080
2076	2177	2080
2076	2100	2177
2100	2178	2177
2178	2216	2177
2178	2266	2216
2178	2248	2266
2100	2077	2178
2100	2076	2077
2076	2055	2077
1829	1872	2024
1810	1834	1939
1834	2010	1939
1834	2027	2010
2027	2075	2010
1819	1880	1837
1837	1797	1819
1827	2001	1934
1934	1748	1827
2001	2028	1934
2001	2113	2028
2113	2094	2028
1840	1893	1935
1893	2111	1935
2111	1998	1935
1998	1888	1935
1888	1840	1935
1998	2025	1888
1998	2141	2025
2141	2160	2025
2141	2195	2160
2141	2272	2195
2141	2111	2272
2111	2127	2272
2141	1998	2111
1841	1855	1868
1868	1760	1841
1760	1800	1841
1843	1876	1898
1843	1845	1876
1843	1756	1845
1876	1984	1898
1984	2004	1898
2004	1949	1898
1949	1858	1898
1949	1879	1858
1949	2068	1879
2068	1989	1879
1989	1945	1879
1949	2063	2068
2063	2140	2068
2063	2247	2140
1949	2004	2063
1984	2042	2004
1860	1952	1974
1860	1839	1952
1952	2053	1974
2053	2061	1974
2053	2164	2061
2164	2213	2061
2213	2156	2061
2213	2317	2156
2317	2210	2156
2210	2137	2156
2213	2290	2317
2053	2082	2164
2053	1952	2082
1974	1903	1860
1874	2052	2007
2052	2066	2007
1887	1927	1943
1887	1903	1927
1927	1994	1943
1994	2070	1943
2070	2002	1943
2002	1889	1943
1889	1887	1943
2002	1946	1889
1892	2031	1967
2031	2006	1967
2006	1955	1967
1955	1922	1967
2006	1997	1955
1906	1999	1958
1906	1995	1999
1917	2074	2018
2074	2158	2018
1932	2017	2015
2017	2067	2015
1954	2064	1966
2064	2057	1966
2057	2090	1966
2057	2235	2090
2235	2200	2090
2235	2268	2200
2268	2298	2200
2298	2159	2200
2298	2204	2159
2204	2201	2159
2201	2012	2159
2201	2174	2012
2174	2056	2012
2056	2005	2012
2005	1854	2012
2056	1950	2005
2056	2109	1950
2056	2174	2109
2204	2365	2201
2204	2392	2365
2392	2395	2365
2395	2417	2365
2417	2367	2365
2417	2351	2367
2395	2556	2417
2556	2539	2417
2395	2588	2556
2395	2392	2588
2204	2298	2392
2298	2414	2392
2235	2319	2268
2057	2064	2235
2064	2214	2235
1976	2039	1992
1986	2059	1987
1993	2046	2125
2008	2065	2099
2008	1960	2065
2008	1918	1960
2043	2060	2122
2045	2149	2087
2149	2311	2087
2149	2282	2311
2047	2116	2103
2103	2059	2047
2049	2161	2054
2161	2096	2054
2083	2129	2147
2083	2148	2129
2148	2232	2129
2232	2336	2129
2336	2333	2129
2333	2255	2129
2255	2147	2129
2255	2150	2147
2255	2258	2150
2258	2198	2150
2258	2217	2198
2258	2314	2217
2314	2306	2217
2314	2374	2306
2374	2391	2306
2391	2242	2306
2374	2428	2391
2374	2314	2428
2258	2385	2314
2258	2255	2385
2232	2439	2336
2148	2229	2232
2148	2136	2229
2136	2199	2229
2095	2132	2105
2132	2154	2105
2095	2133	2132
2120	2131	2284
2126	2256	2170
2126	2313	2256
2313	2318	2256
2318	2342	2256
2318	2334	2342
2334	2530	2342
2318	2313	2334
2313	2343	2334
2343	2443	2334
2343	2460	2443
2460	2552	2443
2343	2378	2460
2343	2231	2378
2231	2254	2378
2254	2271	2378
2271	2351	2378
2254	2109	2271
2254	2231	2109
2343	2130	2231
2256	2228	2170
2138	2173	2304
2171	2211	2297
2175	2253	2264
2175	2191	2253
2191	2350	2253
2350	2327	2253
2327	2264	2253
2264	2173	2175
2196	2262	2308
2196	2252	2262
2252	2292	2262
2203	2337	2354
2337	2496	2354
2496	2536	2354
2536	2527	2354
2207	2370	2209
2209	2127	2207
2370	2412	2209
2370	2386	2412
2370	2388	2386
2215	2300	2222
2300	2349	2222
2300	2418	2349
2245	2384	2415
2261	2263	2364
2261	2169	2263
2263	2329	2364
2364	2481	2261
2364	2559	2481
2559	2631	2481
2364	2546	2559
2285	2310	2398
2398	2426	2285
2398	2541	2426
2286	2309	2352
2309	2411	2352
2411	2456	2352
2309	2339	2411
2339	2495	2411
2495	2658	2411
2495	2660	2658
2339	2507	2495
2507	2606	2495
2291	2421	2326
2293	2344	2447
2303	2407	2362
2362	2436	2303
2305	2463	2425
2315	2330	2320
2316	2420	2424
2324	2382	2356
2382	2459	2356
2459	2473	2356
2340	2427	2371
2345	2445	2434
2347	2489	2446
2489	2561	2446
2489	2614	2561
2489	2571	2614
2571	2681	2614
2571	2578	2681
2578	2651	2681
2578	2522	2651
2522	2635	2651
2366	2376	2396
2376	2431	2396
2376	2433	2431
2368	2379	2381
2393	2570	2526
2526	2409	2393
2401	2451	2408
2451	2485	2408
2451	2610	2485
2610	2544	2485
2406	2483	2515
2413	2511	2513
2422	2543	2608
2608	2379	2422
2423	2486	2523
2486	2664	2523
2523	2543	2423
2432	2458	2506
2458	2488	2506
2488	2583	2506
2583	2549	2506
2549	2479	2506
2479	2432	2506
2549	2498	2479
2549	2587	2498
2549	2583	2587
2583	2757	2587
2437	2563	2471
2471	2350	2437
2471	2493	2350
2471	2577	2493
2577	2586	2493
2586	2590	2493
2590	2492	2493
2590	2663	2492
2663	2440	2492
2663	2594	2440
2663	2616	2594
2616	2649	2594
2649	2477	2594
2649	2656	2477
2649	2776	2656
2776	2744	2656
2776	2927	2744
2776	2932	2927
2932	3100	2927
2932	2976	3100
2976	3103	3100
2976	3099	3103
3099	3178	3103
2976	3045	3099
2649	2786	2776
2649	2735	2786
2735	2842	2786
2649	2616	2735
2616	2663	2735
2590	2707	2663
2590	2755	2707
2590	2626	2755
2626	2792	2755
2792	2865	2755
2792	2868	2865
2868	2908	2865
2908	3046	2865
3046	3019	2865
3019	2960	2865
2792	2670	2868
2670	2788	2868
2792	2626	2670
2626	2577	2670
2626	2586	2577
2626	2590	2586
2444	2565	2509
2565	2621	2509
2565	2752	2621
2752	2810	2621
2565	2557	2752
2557	2710	2752
2557	2532	2710
2532	2521	2710
2521	2685	2710
2685	2852	2710
2685	2840	2852
2685	2667	2840
2685	2625	2667
2685	2521	2625
2521	2518	2625
2452	2576	2466
2461	2533	2501
2467	2599	2520
2599	2690	2520
2599	2740	2690
2740	2751	2690
2740	2848	2751
2469	2566	2519
2566	2604	2519
2566	2630	2604
2566	2508	2630
2508	2618	2630
2508	2494	2618
2566	2469	2508
2476	2558	2623
2558	2659	2623
2659	2785	2623
2785	2654	2623
2659	2744	2785
2480	2540	2503
2480	2531	2540
2531	2628	2540
2628	2679	2540
2628	2773	2679
2491	2545	2655
2655	2642	2491
2655	2745	2642
2745	2727	2642
2727	2605	2642
2727	2780	2605
2727	2853	2780
2727	2970	2853
2970	2971	2853
2727	2745	2970
2655	2783	2745
2783	2968	2745
2502	2601	2584
2510	2567	2669
2525	2622	2555
2529	2595	2638
2537	2734	2677
2538	2573	2627
2627	2641	2538
2573	2607	2627
2607	2815	2627
2815	2777	2627
2573	2579	2607
2553	2620	2672
2580	2609	2603
2603	2612	2580
2609	2801	2603
2801	2802	2603
2801	2923	2802
2923	2993	2802
2993	2770	2802
2923	3016	2993
3016	3051	2993
3051	3058	2993
3058	2958	2993
3058	3055	2958
3058	3132	3055
3132	3131	3055
3131	3076	3055
3131	3141	3076
3131	3198	3141
3131	3228	3198
3131	3132	3228
3016	3234	3051
3016	3162	3234
3162	3274	3234
3274	3376	3234
3274	3437	3376
3437	3495	3376
3495	3487	3376
3487	3399	3376
3399	3228	3376
3399	3406	3228
3399	3487	3406
3487	3581	3406
3487	3631	3581
3487	3495	3631
3495	3637	3631
3637	3745	3631
3745	3752	3631
3495	3538	3637
3538	3539	3637
3539	3699	3637
3538	3437	3539
3538	3495	3437
3162	3267	3274
3162	3180	3267
3180	3389	3267
3162	2951	3180
2951	3026	3180
2951	2899	3026
2899	2828	3026
2899	2737	2828
2899	2817	2737
2817	2629	2737
2629	2678	2737
2629	2542	2678
2817	2609	2629
2817	2801	2609
2817	2923	2801
2817	2899	2923
2899	2951	2923
2951	3016	2923
2951	3162	3016
2582	2592	2725
2592	2798	2725
2798	2893	2725
2798	2838	2893
2798	2753	2838
2798	2592	2753
2596	2797	2703
2797	2693	2703
2797	2895	2693
2895	2809	2693
2809	2668	2693
2797	2887	2895
2887	2955	2895
2887	2921	2955
2887	2867	2921
2867	2858	2921
2858	2855	2921
2855	2894	2921
2894	3081	2921
3081	3111	2921
3081	3145	3111
3081	3230	3145
3230	3270	3145
3230	3308	3270
3308	3297	3270
3297	3289	3270
3297	3359	3289
3359	3510	3289
3510	3486	3289
3359	3549	3510
3549	3611	3510
3549	3685	3611
3549	3706	3685
3549	3551	3706
3549	3359	3551
3230	3196	3308
3230	3128	3196
3230	3081	3128
3081	2930	3128
3081	2894	2930
2867	2797	2858
2867	2887	2797
2602	2661	2652
2661	2705	2652
2611	2713	2739
2633	2711	2701
2711	2749	2701
2701	2636	2633
2701	2662	2636
2650	2675	2721
2675	2883	2721
2675	2843	2883
2843	2974	2883
2974	3078	2883
3078	3077	2883
3078	3175	3077
3078	3190	3175
3190	3208	3175
3190	3326	3208
3078	2974	3190
2974	2977	3190
2977	3085	3190
2974	2807	2977
2807	2809	2977
2807	2729	2809
2807	2843	2729
2843	2675	2729
2807	2974	2843
2657	2811	2826
2671	2714	2871
2871	2724	2671
2674	2754	2719
2680	2706	2765
2765	2635	2680
2682	2720	2758
2682	2724	2720
2720	2819	2758
2819	2762	2758
2762	2688	2758
2688	2682	2758
2819	2917	2762
2720	2877	2819
2683	2924	2825
2924	2943	2825
2943	2920	2825
2924	3031	2943
2695	2775	2803
2695	2813	2775
2813	2876	2775
2876	2827	2775
2827	2803	2775
2827	2824	2803
2824	2799	2803
2799	2767	2803
2767	2695	2803
2767	2552	2695
2799	2784	2767
2799	2824	2784
2827	2876	2824
2813	3036	2876
3036	3072	2876
2813	2821	3036
2821	3044	3036
3044	3191	3036
3044	3265	3191
3265	3336	3191
3336	3255	3191
3044	3034	3265
2813	2731	2821
2813	2695	2731
2700	2787	2850
2787	2912	2850
2712	2791	2730
2726	2981	2911
2732	2890	2804
2890	2841	2804
2890	2892	2841
2733	2949	2984
2949	3115	2984
2741	2933	2975
2933	2996	2975
2748	2831	2772
2772	2779	2748
2772	2831	2779
2756	2796	2941
2759	2922	2830
2759	2918	2922
2918	3018	2922
2918	3083	3018
3083	3092	3018
3092	3138	3018
3083	3096	3092
3083	3002	3096
3083	2918	3002
2918	2892	3002
2763	2808	2820
2763	2866	2808
2820	2816	2763
2816	2638	2763
2790	2864	2794
2795	2818	2928
2812	2896	2845
2845	2780	2812
2896	3054	2845
2896	3038	3054
2896	2979	3038
2812	2834	2896
2812	2757	2834
2844	2991	2856
2991	2978	2856
2991	3107	2978
3107	3013	2978
3107	3137	3013
3137	3123	3013
3137	3226	3123
3226	3225	3123
3137	3219	3226
3137	3107	3219
3107	3223	3219
3223	3353	3219
3353	3361	3219
3353	3476	3361
3476	3507	3361
3476	3546	3507
3476	3627	3546
3627	3571	3546
3476	3394	3627
3476	3353	3394
3223	3327	3353
3107	3069	3223
3107	2991	3069
2846	2849	2909
2849	2987	2909
2849	2962	2987
2962	3050	2987
2854	3052	2946
2857	3010	2915
3010	3021	2915
3021	2999	2915
2999	2873	2915
3021	3150	2999
3150	3104	2999
3150	3179	3104
3150	3241	3179
2857	2988	3010
2869	2925	2889
2869	2810	2925
2810	3005	2925
3005	3098	2925
3098	3029	2925
3029	2889	2925
3029	2886	2889
2897	2898	2910
2907	3024	2937
2907	3001	3024
3001	3063	3024
3063	3256	3024
3001	3049	3063
3001	2956	3049
2956	3025	3049
3001	2907	2956
2913	3022	3035
2914	3120	3014
2916	3047	3042
2916	2893	3047
2893	3076	3047
2931	2936	3000
2936	3056	3000
3056	3102	3000
3000	2938	2931
2938	2811	2931
2935	2953	3008
2953	3020	3008
2953	2965	3020
2965	3123	3020
2953	2928	2965
2939	2982	3114
2939	2820	2982
2820	3004	2982
3114	3017	2939
2966	3009	3015
2969	3091	2990
2983	3040	2994
3040	3173	2994
3173	2992	2994
3173	3080	2992
3080	2968	2992
3080	3039	2968
3039	2970	2968
3173	3222	3080
2985	3125	3106
2989	3061	3043
2989	3089	3061
3089	3184	3061
3184	3183	3061
3183	3043	3061
3183	3148	3043
3148	3153	3043
3148	3160	3153
3160	3171	3153
3171	3031	3153
3171	3233	3031
3233	3246	3031
3233	3261	3246
3261	3420	3246
3420	3398	3246
3420	3595	3398
3595	3433	3398
3420	3519	3595
3519	3644	3595
3420	3484	3519
3233	3171	3261
3160	3205	3171
3160	3148	3205
3148	3183	3205
3183	3276	3205
3183	3184	3276
2997	3028	3121
2998	3086	3032
3086	3159	3032
3006	3041	3195
3006	2910	3041
3041	3135	3195
3041	3074	3135
3195	3161	3006
3195	3259	3161
3195	3362	3259
3362	3301	3259
3362	3459	3301
3459	3386	3301
3386	3272	3301
3272	3240	3301
3459	3601	3386
3459	3529	3601
3459	3491	3529
3459	3362	3491
3362	3435	3491
3030	3108	3252
3108	3273	3252
3108	3109	3273
3109	3168	3273
3168	3277	3273
3277	3429	3273
3277	3490	3429
3168	3281	3277
3281	3330	3277
3109	3053	3168
3033	3146	3129
3146	3204	3129
3146	3329	3204
3037	3048	3207
3207	3066	3037
3066	2912	3037
3207	3209	3066
3062	3070	3136
3136	3087	3062
3065	3170	3189
3068	3176	3094
3088	3185	3110
3088	3200	3185
3090	3130	3157
3157	3220	3090
3220	3156	3090
3093	3116	3245
3245	3298	3093
3116	3311	3245
3126	3152	3154
3126	3172	3152
3126	3054	3172
3134	3182	3187
3182	3306	3187
3182	3164	3306
3164	3294	3306
3294	3343	3306
3343	3419	3306
3343	3500	3419
3343	3375	3500
3375	3489	3500
3375	3468	3489
3375	3360	3468
3375	3294	3360
3375	3343	3294
3143	3202	3264
3264	3121	3143
3144	3166	3203
3165	3193	3278
3278	3279	3165
3278	3404	3279
3278	3381	3404
3381	3415	3404
3415	3430	3404
3415	3470	3430
3470	3479	3430
3479	3392	3430
3479	3432	3392
3479	3615	3432
3615	3616	3432
3616	3582	3432
3582	3422	3432
3422	3305	3432
3422	3224	3305
3582	3425	3422
3425	3356	3422
3425	3379	3356
3379	3320	3356
3379	3318	3320
3379	3402	3318
3402	3364	3318
3402	3478	3364
3478	3463	3364
3463	3311	3364
3478	3511	3463
3511	3473	3463
3511	3661	3473
3478	3649	3511
3478	3650	3649
3650	3678	3649
3650	3687	3678
3687	3730	3678
3730	3894	3678
3687	3710	3730
3710	3801	3730
3710	3674	3801
3674	3864	3801
3674	3837	3864
3837	4003	3864
4003	4010	3864
4003	4059	4010
4003	4152	4059
4152	4225	4059
4225	4106	4059
4225	4296	4106
4296	4145	4106
4145	4083	4106
4145	4079	4083
4079	4022	4083
4079	4001	4022
4001	3923	4022
3923	3895	4022
3923	3804	3895
3923	3768	3804
3923	3797	3768
3797	3661	3768
3797	3785	3661
3923	4001	3797
4001	4008	3797
4079	4091	4001
4296	4289	4145
4225	4278	4296
4003	4029	4152
4003	3837	4029
3837	3976	4029
3837	3831	3976
3831	3827	3976
3827	3950	3976
3827	3841	3950
3841	3947	3950
3947	3959	3950
3947	3919	3959
3919	3937	3959
3937	3996	3959
3996	4018	3959
3996	4057	4018
3996	4027	4057
4027	4103	4057
4103	4176	4057
4103	4185	4176
4185	4205	4176
4205	4224	4176
4224	4151	4176
4205	4255	4224
4255	4313	4224
4255	4327	4313
4327	4422	4313
4327	4328	4422
4327	4255	4328
4255	4301	4328
4255	4211	4301
4211	4189	4301
4189	4243	4301
4243	4358	4301
4243	4274	4358
4243	4212	4274
4212	4254	4274
4254	4312	4274
4254	4343	4312
4254	4275	4343
4275	4370	4343
4370	4412	4343
4370	4400	4412
4400	4449	4412
4400	4548	4449
4548	4518	4449
4548	4628	4518
4628	4643	4518
4643	4627	4518
4627	4581	4518
4627	4684	4581
4684	4554	4581
4684	4553	4554
4684	4685	4553
4685	4686	4553
4686	4582	4553
4582	4539	4553
4539	4522	4553
4539	4582	4522
4582	4504	4522
4504	4490	4522
4504	4502	4490
4502	4422	4490
4502	4428	4422
4502	4516	4428
4516	4414	4428
4502	4555	4516
4502	4504	4555
4504	4582	4555
4582	4625	4555
4582	4700	4625
4700	4644	4625
4644	4533	4625
4644	4589	4533
4589	4546	4533
4546	4498	4533
4498	4433	4533
4589	4603	4546
4589	4657	4603
4657	4651	4603
4651	4692	4603
4651	4740	4692
4740	4805	4692
4805	4785	4692
4785	4760	4692
4785	4863	4760
4863	4798	4760
4798	4713	4760
4863	4887	4798
4863	4934	4887
4934	4933	4887
4933	4924	4887
4933	4971	4924
4971	4921	4924
4921	4893	4924
4933	4970	4971
4970	5013	4971
5013	5021	4971
5021	5002	4971
5002	4969	4971
5002	5006	4969
5006	4947	4969
5006	4998	4947
4998	4993	4947
4993	4967	4947
4967	4896	4947
4967	4891	4896
4967	4960	4891
4960	4903	4891
4903	4829	4891
4903	4775	4829
4903	4919	4775
4919	4763	4775
4763	4703	4775
4919	4847	4763
4919	4914	4847
4914	4846	4847
4914	4892	4846
4892	4824	4846
4824	4739	4846
4824	4777	4739
4777	4732	4739
4732	4689	4739
4732	4638	4689
4732	4601	4638
4601	4617	4638
4732	4629	4601
4629	4595	4601
4595	4514	4601
4732	4710	4629
4732	4777	4710
4777	4833	4710
4833	4749	4710
4749	4704	4710
4777	4824	4833
4824	4855	4833
4855	4843	4833
4855	4873	4843
4855	4892	4873
4855	4824	4892
4914	4990	4892
4914	4972	4990
4972	4991	4990
4991	5038	4990
5038	4959	4990
5038	5061	4959
5038	5080	5061
5080	5081	5061
5081	5086	5061
5081	5110	5086
5110	5098	5086
5098	5071	5086
5071	5060	5086
5060	5009	5086
5009	4959	5086
5009	4944	4959
4944	4895	4959
4944	4910	4895
4910	4787	4895
4787	4843	4895
4910	4834	4787
4834	4729	4787
4834	4751	4729
4751	4711	4729
4711	4697	4729
4711	4574	4697
4711	4562	4574
4711	4673	4562
4673	4561	4562
4561	4426	4562
4426	4427	4562
4426	4359	4427
4359	4402	4427
4359	4250	4402
4359	4314	4250
4314	4200	4250
4200	4116	4250
4116	4093	4250
4116	4065	4093
4065	4063	4093
4063	4107	4093
4063	4157	4107
4063	4088	4157
4063	3922	4088
3922	3938	4088
3938	4040	4088
4040	4049	4088
3922	3806	3938
3922	3898	3806
3922	4063	3898
4063	4065	3898
4065	4017	3898
4065	4058	4017
4058	4023	4017
4058	4116	4023
4058	4065	4116
4314	4248	4200
4314	4418	4248
4418	4317	4248
4418	4417	4317
4417	4369	4317
4369	4217	4317
4217	4207	4317
4217	4060	4207
4060	4198	4207
4217	4129	4060
4129	3943	4060
4129	4101	3943
4129	4142	4101
4142	4203	4101
4203	4100	4101
4100	4032	4101
4100	3999	4032
4100	4077	3999
4203	4253	4100
4203	4333	4253
4203	4217	4333
4217	4369	4333
4369	4431	4333
4431	4373	4333
4431	4460	4373
4460	4437	4373
4437	4309	4373
4203	4142	4217
4142	4129	4217
4314	4426	4418
4426	4496	4418
4426	4561	4496
4561	4541	4496
4561	4673	4541
4673	4605	4541
4314	4359	4426
4834	4828	4751
4828	4789	4751
4828	4853	4789
4853	4822	4789
4853	4860	4822
4853	4948	4860
4853	4888	4948
4888	4954	4948
4954	4984	4948
4984	5011	4948
4984	5049	5011
5049	5058	5011
5058	5023	5011
5023	4894	5011
4894	4889	5011
4894	4832	4889
4832	4860	4889
4894	4858	4832
4858	4803	4832
4858	4818	4803
4818	4753	4803
4753	4681	4803
4753	4687	4681
4753	4738	4687
4738	4667	4687
4667	4602	4687
4602	4585	4687
4602	4460	4585
4667	4690	4602
4690	4622	4602
4690	4712	4622
4690	4702	4712
4702	4810	4712
4810	4774	4712
4810	4841	4774
4841	4869	4774
4841	4918	4869
4918	4908	4869
4908	4859	4869
4859	4849	4869
4859	4820	4849
4820	4783	4849
4783	4758	4849
4783	4728	4758
4728	4659	4758
4659	4618	4758
4618	4645	4758
4728	4580	4659
4783	4768	4728
4768	4725	4728
4768	4839	4725
4839	4708	4725
4839	4754	4708
4754	4666	4708
4768	4864	4839
4864	4928	4839
4928	4871	4839
4928	4904	4871
4904	4886	4871
4886	4792	4871
4886	4796	4792
4904	4974	4886
4904	4976	4974
4976	4982	4974
4982	4996	4974
4996	4900	4974
4982	5017	4996
5017	5050	4996
5050	5010	4996
5050	5062	5010
5062	5063	5010
5063	5068	5010
5068	4995	5010
4995	4926	5010
4995	4958	4926
4958	4884	4926
4884	4917	4926
4917	4900	4926
4917	4906	4900
4906	4880	4900
4906	4815	4880
4815	4862	4880
4815	4765	4862
4765	4796	4862
4765	4671	4796
4671	4661	4796
4765	4766	4671
4766	4664	4671
4765	4815	4766
4815	4819	4766
4819	4779	4766
4819	4794	4779
4794	4770	4779
4794	4782	4770
4782	4674	4770
4794	4848	4782
4848	4840	4782
4840	4823	4782
4823	4814	4782
4840	4925	4823
4840	4878	4925
4878	4963	4925
4963	4988	4925
4988	4913	4925
4913	4879	4925
4913	4866	4879
4866	4802	4879
4866	4817	4802
4817	4806	4802
4817	4845	4806
4845	4757	4806
4757	4718	4806
4757	4707	4718
4707	4636	4718
4636	4639	4718
4636	4592	4639
4636	4612	4592
4612	4563	4592
4563	4493	4592
4636	4707	4612
4707	4654	4612
4654	4598	4612
4707	4701	4654
4707	4767	4701
4707	4757	4767
4757	4842	4767
4757	4845	4842
4845	4899	4842
4899	4881	4842
4881	4867	4842
4881	4931	4867
4931	4936	4867
4931	4950	4936
4950	4945	4936
4950	4985	4945
4985	4952	4945
4952	4942	4945
4942	4861	4945
4942	4911	4861
4911	4870	4861
4870	4826	4861
4826	4791	4861
4791	4844	4861
4791	4790	4844
4790	4795	4844
4795	4867	4844
4795	4771	4867
4795	4790	4771
4790	4737	4771
4737	4723	4771
4790	4791	4737
4791	4722	4737
4722	4608	4737
4791	4807	4722
4807	4764	4722
4764	4706	4722
4764	4742	4706
4742	4642	4706
4742	4695	4642
4695	4648	4642
4648	4596	4642
4648	4586	4596
4586	4560	4596
4560	4515	4596
4560	4484	4515
4560	4462	4484
4462	4432	4484
4462	4419	4432
4462	4505	4419
4505	4438	4419
4505	4481	4438
4505	4549	4481
4549	4479	4481
4549	4540	4479
4540	4398	4479
4398	4372	4479
4540	4421	4398
4421	4357	4398
4421	4375	4357
4375	4356	4357
4356	4303	4357
4356	4363	4303
4363	4311	4303
4311	4285	4303
4311	4284	4285
4284	4222	4285
4284	4237	4222
4237	4130	4222
4130	4169	4222
4130	4109	4169
4109	4114	4169
4109	4102	4114
4102	4086	4114
4102	4052	4086
4130	4054	4109
4130	4126	4054
4126	4035	4054
4035	3980	4054
4035	3954	3980
3954	3903	3980
3954	3873	3903
3954	3871	3873
3954	3908	3871
3954	4005	3908
3954	4035	4005
4035	4064	4005
4035	4126	4064
4126	4108	4064
4126	4191	4108
4126	4237	4191
4237	4223	4191
4237	4329	4223
4329	4335	4223
4335	4277	4223
4277	4194	4223
4277	4244	4194
4244	4197	4194
4197	4149	4194
4197	4244	4149
4244	4190	4149
4190	4028	4149
4028	4047	4149
4028	3963	4047
3963	3985	4047
3963	3918	3985
3918	3861	3985
3861	3884	3985
3861	3775	3884
3775	3749	3884
3775	3701	3749
3861	3786	3775
3861	3828	3786
3828	3670	3786
3861	3918	3828
3918	3824	3828
3918	3927	3824
3927	3863	3824
3863	3825	3824
3825	3780	3824
3825	3766	3780
3766	3721	3780
3721	3648	3780
3648	3697	3780
3648	3577	3697
3577	3713	3697
3648	3621	3577
3648	3721	3621
3721	3600	3621
3600	3574	3621
3600	3580	3574
3580	3445	3574
3580	3541	3445
3580	3600	3541
3600	3608	3541
3600	3634	3608
3634	3636	3608
3636	3606	3608
3634	3744	3636
3744	3656	3636
3744	3794	3656
3744	3805	3794
3805	3846	3794
3846	3823	3794
3823	3722	3794
3846	3822	3823
3846	3882	3822
3882	3842	3822
3882	3919	3842
3882	3937	3919
3882	3948	3937
3948	4027	3937
4027	3996	3937
3948	4012	4027
4012	4162	4027
4162	4103	4027
4162	4185	4103
4162	4211	4185
4211	4205	4185
4211	4255	4205
4162	4189	4211
4162	4056	4189
4056	4175	4189
4175	4243	4189
4175	4212	4243
4175	4133	4212
4133	4134	4212
4134	4254	4212
4134	4190	4254
4190	4234	4254
4234	4275	4254
4234	4277	4275
4277	4370	4275
4277	4335	4370
4335	4400	4370
4335	4380	4400
4380	4378	4400
4378	4491	4400
4491	4534	4400
4534	4548	4400
4534	4558	4548
4558	4628	4548
4558	4655	4628
4655	4677	4628
4677	4683	4628
4683	4643	4628
4683	4719	4643
4719	4627	4643
4719	4684	4627
4719	4752	4684
4752	4696	4684
4696	4685	4684
4696	4686	4685
4696	4717	4686
4717	4582	4686
4717	4700	4582
4717	4721	4700
4721	4748	4700
4748	4741	4700
4741	4668	4700
4668	4644	4700
4668	4640	4644
4640	4589	4644
4640	4657	4589
4640	4716	4657
4716	4651	4657
4716	4740	4651
4716	4769	4740
4769	4821	4740
4821	4805	4740
4821	4863	4805
4863	4785	4805
4821	4902	4863
4902	4934	4863
4902	4929	4934
4929	4970	4934
4970	4933	4934
4929	5004	4970
5004	5013	4970
5004	5018	5013
5018	5035	5013
5035	5021	5013
5035	5043	5021
5043	5032	5021
5032	5002	5021
5032	5029	5002
5029	5006	5002
5029	5044	5006
5044	5045	5006
5045	5015	5006
5015	4998	5006
5015	4993	4998
5044	5051	5045
5044	5029	5051
5029	5032	5051
5032	5064	5051
5032	5048	5064
5048	5046	5064
5046	5072	5064
5072	5092	5064
5072	5069	5092
5069	5097	5092
5069	5091	5097
5091	5104	5097
5104	5112	5097
5104	5105	5112
5105	5123	5112
5123	5122	5112
5123	5124	5122
5124	5121	5122
5121	5119	5122
5121	5118	5119
5121	5124	5118
5124	5113	5118
5124	5125	5113
5125	5115	5113
5115	5100	5113
5100	5089	5113
5100	5037	5089
5037	5036	5089
5036	5059	5089
5036	5020	5059
5020	5028	5059
5020	4989	5028
4989	4960	5028
4989	4919	4960
4919	4903	4960
4989	4997	4919
4997	4972	4919
4972	4914	4919
4997	5037	4972
5037	4991	4972
5037	5038	4991
5037	5080	5038
5037	5101	5080
5101	5081	5080
5101	5110	5081
5101	5114	5110
5114	5115	5110
5115	5116	5110
5116	5102	5110
5102	5098	5110
5102	5071	5098
5102	5107	5071
5107	5076	5071
5076	5053	5071
5053	5060	5071
5053	5009	5060
5053	4984	5009
4984	4954	5009
4954	4961	5009
4961	4944	5009
4961	4937	4944
4937	4910	4944
4937	4868	4910
4868	4834	4910
4868	4828	4834
4868	4888	4828
4888	4853	4828
4868	4954	4888
4868	4937	4954
4937	4961	4954
5053	5049	4984
5053	5057	5049
5057	5058	5049
5057	5085	5058
5085	5066	5058
5066	5040	5058
5040	5023	5058
5040	4955	5023
5040	4956	4955
4956	4943	4955
4943	4894	4955
4943	4858	4894
5057	5076	5085
5076	5094	5085
5094	5093	5085
5093	5078	5085
5078	5067	5085
5078	5073	5067
5073	5024	5067
5024	5022	5067
5024	4983	5022
4983	4973	5022
4973	5000	5022
5000	4956	5022
5000	4965	4956
4965	4918	4956
4918	4857	4956
4918	4841	4857
4841	4810	4857
4810	4812	4857
4812	4858	4857
4812	4818	4858
4812	4753	4818
4812	4738	4753
4812	4702	4738
4702	4667	4738
4702	4690	4667
4812	4810	4702
4965	4908	4918
4965	4905	4908
4905	4859	4908
4905	4820	4859
4905	4890	4820
4890	4864	4820
4864	4768	4820
4768	4783	4820
4890	4928	4864
4890	4973	4928
4973	4983	4928
4983	4976	4928
4976	4904	4928
4983	4982	4976
4983	5024	4982
5024	5017	4982
5024	5041	5017
5041	5056	5017
5056	5050	5017
5056	5062	5050
5056	5095	5062
5095	5096	5062
5096	5063	5062
5096	5082	5063
5082	5079	5063
5079	5068	5063
5079	5084	5068
5084	5054	5068
5054	4995	5068
5054	4979	4995
4979	4958	4995
4979	4963	4958
4963	4878	4958
4878	4872	4958
4872	4884	4958
4872	4794	4884
4794	4819	4884
4819	4906	4884
4906	4917	4884
4819	4815	4906
4872	4848	4794
4872	4878	4848
4878	4840	4848
4979	5007	4963
5007	4988	4963
5007	5016	4988
5016	4980	4988
4980	4913	4988
4980	4962	4913
4962	4899	4913
4899	4845	4913
4845	4866	4913
4845	4817	4866
4962	4938	4899
4938	4881	4899
4938	4931	4881
4938	4999	4931
4999	4950	4931
4999	4985	4950
4999	5019	4985
5019	5030	4985
5030	4987	4985
4987	4952	4985
4987	4953	4952
4953	4942	4952
4953	4930	4942
4930	4911	4942
4930	4923	4911
4923	4915	4911
4915	4882	4911
4882	4870	4911
4882	4788	4870
4788	4830	4870
4830	4826	4870
4830	4807	4826
4807	4791	4826
4830	4764	4807
4830	4788	4764
4788	4742	4764
4788	4781	4742
4781	4745	4742
4745	4695	4742
4745	4714	4695
4714	4648	4695
4714	4647	4648
4647	4586	4648
4647	4600	4586
4600	4527	4586
4527	4505	4586
4505	4462	4586
4462	4560	4586
4527	4549	4505
4527	4600	4549
4600	4658	4549
4658	4540	4549
4658	4680	4540
4680	4588	4540
4588	4421	4540
4588	4577	4421
4577	4443	4421
4443	4375	4421
4443	4363	4375
4363	4356	4375
4443	4393	4363
4393	4311	4363
4393	4329	4311
4329	4284	4311
4329	4237	4284
4393	4378	4329
4378	4380	4329
4380	4335	4329
4393	4491	4378
4393	4477	4491
4477	4568	4491
4568	4525	4491
4525	4534	4491
4525	4558	4534
4525	4568	4558
4568	4655	4558
4568	4650	4655
4650	4669	4655
4669	4698	4655
4698	4677	4655
4698	4720	4677
4720	4683	4677
4720	4734	4683
4734	4719	4683
4734	4746	4719
4746	4752	4719
4746	4780	4752
4746	4734	4780
4734	4720	4780
4720	4813	4780
4813	4854	4780
4813	4838	4854
4838	4916	4854
4916	4920	4854
4920	4898	4854
4898	4875	4854
4898	4922	4875
4922	4865	4875
4865	4808	4875
4865	4804	4808
4804	4717	4808
4717	4696	4808
4696	4752	4808
4804	4721	4717
4804	4748	4721
4804	4786	4748
4786	4741	4748
4786	4762	4741
4762	4716	4741
4716	4668	4741
4716	4640	4668
4762	4769	4716
4762	4786	4769
4786	4850	4769
4850	4821	4769
4850	4883	4821
4883	4902	4821
4883	4909	4902
4909	4929	4902
4909	4957	4929
4957	5004	4929
4957	4975	5004
4975	5018	5004
4975	5003	5018
5003	5047	5018
5047	5035	5018
5047	5046	5035
5046	5043	5035
5046	5048	5043
5048	5032	5043
5047	5042	5046
5042	5039	5046
5042	5014	5039
5014	5033	5039
5014	5025	5033
5014	5005	5025
5005	4987	5025
5005	4968	4987
4968	4964	4987
4964	4953	4987
4964	4946	4953
4946	4932	4953
4932	4930	4953
4932	4915	4930
4915	4923	4930
4932	4874	4915
4874	4882	4915
4874	4837	4882
4837	4788	4882
4837	4800	4788
4800	4781	4788
4800	4745	4781
4800	4714	4745
4800	4747	4714
4747	4736	4714
4736	4647	4714
4736	4670	4647
4670	4600	4647
4670	4658	4600
4670	4694	4658
4694	4680	4658
4694	4679	4680
4679	4588	4680
4679	4637	4588
4637	4577	4588
4637	4568	4577
4568	4477	4577
4477	4443	4577
4477	4393	4443
4637	4650	4568
4637	4669	4650
4637	4733	4669
4733	4698	4669
4733	4761	4698
4761	4813	4698
4813	4720	4698
4761	4838	4813
4761	4835	4838
4835	4876	4838
4876	4916	4838
4876	4935	4916
4935	4949	4916
4949	4920	4916
4949	4940	4920
4940	4922	4920
4922	4898	4920
4940	4865	4922
4940	4885	4865
4885	4856	4865
4856	4804	4865
4856	4825	4804
4825	4786	4804
4825	4850	4786
4825	4856	4850
4856	4885	4850
4885	4883	4850
4885	4909	4883
4885	4957	4909
4949	4978	4940
4949	4951	4978
4951	4986	4978
4986	5008	4978
5008	4975	4978
5008	5003	4975
5008	5027	5003
5027	5047	5003
5027	5042	5047
5027	5014	5042
5027	4994	5014
4994	4977	5014
4977	5005	5014
4977	4966	5005
4966	4968	5005
4966	4946	4968
4946	4964	4968
4966	4939	4946
4939	4874	4946
4874	4932	4946
4939	4877	4874
4877	4816	4874
4816	4837	4874
4816	4800	4837
4816	4784	4800
4784	4747	4800
4784	4736	4747
4784	4811	4736
4811	4694	4736
4694	4670	4736
4784	4816	4811
4816	4836	4811
4836	4835	4811
4836	4876	4835
4836	4877	4876
4877	4935	4876
4877	4939	4935
4939	4941	4935
4941	4951	4935
4951	4949	4935
4941	4977	4951
4977	4994	4951
4994	4986	4951
4994	5027	4986
5027	5008	4986
4941	4966	4977
4941	4939	4966
4836	4816	4877
4761	4733	4835
4637	4679	4733
4679	4694	4733
5019	5031	5030
5031	5052	5030
5052	5055	5030
5052	5069	5055
5069	5072	5055
5052	5070	5069
5070	5091	5069
5070	5083	5091
5083	5088	5091
5088	5104	5091
5088	5090	5104
5090	5105	5104
5088	5077	5090
5077	5074	5090
5074	5084	5090
5074	5034	5084
5034	5054	5084
5034	5007	5054
5007	4979	5054
5034	5016	5007
5034	5074	5016
5074	5001	5016
5001	4980	5016
5001	4981	4980
4981	4962	4980
4981	5012	4962
5012	4938	4962
5012	4999	4938
5012	5026	4999
5026	5019	4999
5026	5031	5019
5026	5052	5031
5026	5075	5052
5075	5070	5052
5075	5083	5070
5075	5088	5083
5075	5065	5088
5065	5077	5088
5065	5074	5077
5065	5001	5074
5065	5026	5001
5026	5012	5001
5012	4981	5001
5065	5075	5026
5079	5082	5084
5095	5103	5096
5103	5117	5096
5103	5109	5117
5109	5107	5117
5107	5116	5117
5116	5120	5117
5120	5111	5117
5120	5126	5111
5126	5123	5111
5123	5108	5111
5123	5105	5108
5126	5124	5123
5126	5125	5124
5126	5120	5125
5120	5116	5125
5116	5115	5125
5107	5102	5116
5109	5106	5107
5106	5094	5107
5094	5076	5107
5106	5109	5094
5109	5093	5094
5109	5103	5093
5103	5095	5093
5095	5073	5093
5073	5078	5093
5095	5056	5073
5056	5041	5073
5041	5024	5073
4890	4965	4973
4965	4992	4973
4992	5000	4973
4992	4965	5000
4890	4905	4965
5057	5053	5076
5114	5100	5115
5114	5101	5100
5101	5037	5100
4997	5036	5037
4997	5020	5036
4997	4989	5020
4234	4246	4277
4246	4244	4277
4246	4190	4244
4246	4234	4190
4134	4028	4190
4134	4011	4028
4011	3995	4028
3995	3927	4028
3927	3963	4028
3927	3918	3963
3995	3872	3927
3872	3863	3927
3872	3825	3863
3872	3848	3825
3848	3766	3825
3848	3781	3766
3781	3721	3766
3781	3634	3721
3634	3647	3721
3647	3600	3721
3647	3634	3600
3781	3744	3634
3781	3812	3744
3812	3805	3744
3812	3926	3805
3926	3846	3805
3926	3948	3846
3948	3882	3846
3926	4012	3948
3926	3961	4012
3926	3935	3961
3935	4014	3961
3926	3812	3935
3812	3847	3935
3847	3848	3935
3848	3984	3935
3984	4015	3935
3984	3995	4015
3995	4011	4015
4011	4134	4015
4134	4113	4015
4134	4133	4113
4133	4175	4113
4175	4087	4113
4175	4056	4087
3984	3872	3995
3847	3781	3848
3847	3812	3781
4126	4130	4237
3837	3674	3831
3710	3616	3674
3616	3615	3674
3710	3607	3616
3607	3582	3616
3607	3425	3582
3607	3485	3425
3485	3379	3425
3485	3402	3379
3485	3478	3402
3485	3650	3478
3485	3607	3650
3607	3687	3650
3607	3710	3687
3470	3573	3479
3470	3415	3573
3381	3446	3415
3446	3518	3415
3446	3515	3518
3515	3558	3518
3181	3253	3239
3253	3380	3239
3239	3086	3181
3197	3291	3215
3291	3196	3215
3197	3299	3291
3299	3418	3291
3418	3450	3291
3450	3472	3291
3450	3521	3472
3418	3572	3450
3418	3481	3572
3481	3557	3572
3557	3755	3572
3481	3441	3557
3481	3313	3441
3313	3443	3441
3313	3324	3443
3324	3525	3443
3324	3312	3525
3481	3299	3313
3481	3418	3299
3199	3251	3295
3251	3395	3295
3251	3382	3395
3382	3417	3395
3417	3504	3395
3417	3536	3504
3417	3494	3536
3213	3369	3263
3263	3114	3213
3250	3363	3310
3363	3338	3310
3363	3414	3338
3254	3385	3383
3266	3337	3275
3266	3396	3337
3266	3252	3396
3252	3397	3396
3397	3619	3396
3619	3633	3396
3619	3657	3633
3657	3779	3633
3619	3813	3657
3619	3638	3813
3619	3429	3638
3619	3397	3429
3283	3325	3436
3284	3331	3307
3307	3256	3284
3285	3452	3340
3286	3333	3302
3333	3451	3302
3451	3327	3302
3333	3514	3451
3292	3350	3332
3303	3328	3377
3328	3371	3377
3371	3426	3377
3304	3460	3403
3316	3544	3321
3544	3533	3321
3533	3384	3321
3533	3545	3384
3545	3501	3384
3545	3708	3501
3323	3355	3349
3355	3370	3349
3370	3488	3349
3370	3439	3488
3439	3462	3488
3462	3673	3488
3673	3684	3488
3684	3560	3488
3462	3575	3673
3439	3355	3462
3439	3370	3355
3342	3357	3400
3346	3447	3480
3480	3365	3346
3347	3465	3475
3347	3326	3465
3475	3440	3347
3351	3517	3368
3517	3497	3368
3517	3522	3497
3388	3471	3493
3471	3579	3493
3579	3584	3493
3493	3448	3388
3390	3543	3444
3401	3474	3455
3455	3385	3401
3474	3553	3455
3553	3542	3455
3553	3659	3542
3553	3658	3659
3553	3591	3658
3591	3711	3658
3591	3681	3711
3591	3624	3681
3624	3671	3681
3553	3520	3591
3553	3474	3520
3474	3457	3520
3474	3401	3457
3408	3567	3502
3502	3336	3408
3410	3466	3523
3410	3238	3466
3466	3623	3523
3623	3630	3523
3623	3806	3630
3421	3423	3632
3424	3503	3603
3503	3596	3603
3449	3506	3559
3461	3477	3530
3477	3563	3530
3477	3555	3563
3555	3677	3563
3555	3597	3677
3467	3531	3499
3531	3590	3499
3590	3506	3499
3531	3609	3590
3609	3722	3590
3469	3547	3598
3469	3440	3547
3482	3589	3564
3589	3723	3564
3589	3654	3723
3589	3561	3654
3589	3482	3561
3483	3594	3614
3594	3676	3614
3498	3613	3512
3569	3629	3739
3629	3753	3739
3753	3896	3739
3896	3836	3739
3629	3738	3753
3629	3688	3738
3688	3741	3738
3578	3734	3599
3734	3802	3599
3734	3829	3802
3829	3970	3802
3734	3752	3829
3752	3811	3829
3578	3581	3734
3592	3725	3675
3725	3772	3675
3725	3851	3772
3725	3914	3851
3914	3956	3851
3914	4036	3956
4036	4080	3956
4080	4030	3956
4036	4121	4080
4036	4117	4121
4117	4240	4121
4036	4039	4117
4039	4146	4117
4039	4037	4146
4037	4082	4146
4039	3941	4037
4039	3914	3941
3914	3886	3941
3914	3725	3886
4039	4036	3914
3622	3720	3626
3720	3625	3626
3720	3732	3625
3732	3667	3625
3720	3809	3732
3720	3787	3809
3720	3700	3787
3720	3622	3700
3642	3726	3736
3726	3810	3736
3642	3614	3726
3643	3733	3662
3662	3514	3643
3645	3695	3783
3660	3715	3769
3715	3830	3769
3830	3800	3769
3664	3815	3758
3815	3949	3758
3949	3826	3758
3815	3958	3949
3665	3840	3803
3666	3770	3790
3668	3709	3833
3668	3522	3709
3682	3693	3868
3693	3867	3868
3867	3881	3868
3881	3931	3868
3931	3957	3868
3931	4007	3957
3931	4043	4007
4043	4095	4007
4043	4141	4095
4043	3983	4141
4043	3890	3983
3890	3875	3983
3890	3867	3875
3890	3881	3867
3890	4043	3881
4043	3931	3881
3702	3728	3747
3712	3717	3852
3717	3793	3852
3793	3939	3852
3793	3920	3939
3920	3986	3939
3986	4021	3939
4021	4089	3939
4021	4090	4089
4021	3986	4090
3986	4046	4090
3986	3916	4046
3916	3921	4046
3986	3920	3916
3852	3857	3712
3857	3835	3712
3835	3795	3712
3714	3791	3876
3791	3796	3876
3716	3743	3844
3727	3757	3737
3727	3899	3757
3727	3874	3899
3874	3965	3899
3965	4031	3899
4031	3860	3899
4031	4068	3860
3874	3991	3965
3991	4125	3965
3874	3853	3991
3853	3979	3991
3727	3684	3874
3731	3742	3858
3748	3821	3776
3821	3820	3776
3821	3997	3820
3997	3972	3820
3759	3879	3913
3879	4048	3913
4048	4038	3913
4038	3906	3913
4048	4053	4038
4048	4204	4053
4048	4158	4204
4048	4009	4158
4048	3879	4009
3760	3901	3765
3765	3708	3760
3708	3789	3760
3789	3901	3760
3789	3981	3901
3981	3929	3901
3761	3856	3892
3856	3940	3892
3940	4034	3892
3940	3969	4034
3969	4084	4034
3940	3856	3969
3856	3911	3969
3911	4118	3969
3911	3934	4118
3934	4135	4118
3934	3953	4135
3763	3878	3819
3878	3930	3819
3878	3905	3930
3878	3992	3905
3767	3773	3977
3773	3885	3977
3885	3955	3977
3955	4123	3977
3955	3949	4123
3977	3843	3767
3843	3706	3767
3788	3887	3910
3788	3723	3887
3814	3917	3928
3814	3866	3917
3859	3902	3946
3862	3933	3925
3865	4000	4019
3909	4020	3912
4020	3924	3912
3909	4045	4020
4045	4098	4020
4098	4078	4020
4098	4226	4078
4098	4138	4226
3936	3964	4143
3936	3779	3964
3936	3778	3779
3964	4148	4143
4148	4201	4143
3942	4002	4075
3944	3998	3968
3944	4097	3998
3944	4068	4097
4068	4165	4097
3998	4115	3968
3945	3971	3989
3989	4099	3945
3971	3974	3989
3962	4041	4055
3978	3994	4073
3987	4016	4067
3993	4051	4155
4155	4219	3993
4219	4139	3993
4139	4000	3993
4155	4269	4219
4155	4182	4269
4004	4127	4144
4127	4227	4144
4227	4168	4144
4127	4230	4227
4230	4307	4227
4127	4214	4230
4127	4062	4214
4062	4092	4214
4092	4174	4214
4174	4247	4214
4174	4170	4247
4170	4268	4247
4268	4324	4247
4042	4136	4071
4136	4257	4071
4136	4218	4257
4218	4302	4257
4302	4280	4257
4302	4305	4280
4305	4235	4280
4305	4347	4235
4218	4379	4302
4218	4318	4379
4218	4147	4318
4147	4270	4318
4270	4391	4318
4270	4300	4391
4300	4360	4391
4044	4072	4081
4085	4104	4210
4104	4263	4210
4094	4111	4159
4110	4167	4163
4167	4300	4163
4163	4075	4110
4163	4050	4075
4050	3970	4075
4128	4181	4229
4131	4330	4150
4137	4183	4199
4199	4208	4137
4208	4086	4137
4153	4161	4249
4161	4220	4249
4160	4256	4299
4299	4310	4160
4256	4344	4299
4166	4241	4273
4273	4281	4166
4273	4355	4281
4355	4279	4281
4279	4258	4281
4279	4216	4258
4279	4320	4216
4320	4193	4216
4193	4188	4216
4193	4171	4188
4320	4334	4193
4320	4387	4334
4320	4279	4387
4279	4401	4387
4401	4434	4387
4401	4355	4434
4401	4279	4355
4273	4365	4355
4273	4322	4365
4322	4376	4365
4322	4241	4376
4322	4273	4241
4173	4276	4297
4276	4293	4297
4293	4475	4297
4293	4410	4475
4410	4526	4475
4526	4452	4475
4410	4572	4526
4572	4646	4526
4646	4624	4526
4410	4511	4572
4293	4276	4410
4177	4232	4215
4187	4316	4265
4316	4374	4265
4316	4404	4374
4404	4442	4374
4404	4478	4442
4478	4542	4442
4542	4507	4442
4404	4483	4478
4187	4298	4316
4192	4236	4221
4236	4371	4221
4236	4340	4371
4236	4260	4340
4260	4319	4340
4236	4094	4260
4221	4123	4192
4221	4276	4123
4195	4213	4331
4195	4118	4213
4118	4228	4213
4228	4331	4213
4228	4420	4331
4228	4321	4420
4321	4440	4420
4440	4530	4420
4530	4466	4420
4440	4545	4530
4440	4536	4545
4242	4252	4266
4259	4367	4354
4261	4267	4338
4288	4383	4448
4288	4229	4383
4292	4377	4382
4377	4471	4382
4377	4470	4471
4377	4492	4470
4492	4544	4470
4492	4538	4544
4492	4439	4538
4315	4389	4396
4396	4402	4315
4396	4409	4402
4396	4389	4409
4389	4556	4409
4389	4485	4556
4485	4594	4556
4389	4446	4485
4389	4330	4446
4330	4397	4446
4389	4315	4330
4339	4351	4463
4351	4480	4463
4463	4362	4339
4463	4381	4362
4352	4406	4487
4384	4444	4500
4444	4488	4500
4488	4620	4500
4500	4550	4384
4386	4489	4451
4489	4575	4451
4489	4580	4575
4451	4376	4386
4441	4453	4537
4465	4579	4531
4469	4476	4509
4469	4448	4476
4469	4408	4448
4482	4576	4535
4486	4494	4565
4486	4381	4494
4520	4573	4609
4528	4571	4597
4571	4653	4597
4571	4583	4653
4570	4610	4626
4610	4727	4626
4607	4633	4672
4607	4535	4633
4607	4495	4535
4633	4715	4672
4715	4773	4672
4715	4755	4773
4611	4665	4705
4705	4639	4611
4632	4743	4656
4634	4649	4735
4634	4620	4649
4682	4744	4827
4682	4688	4744
4688	4756	4744
4756	4893	4744
4893	4852	4744
4852	4827	4744
4688	4713	4756
4688	4652	4713
4682	4609	4688
4699	4750	4731
4750	4799	4731
4699	4653	4750
4653	4709	4750
523	563	512
840	999	828
840	935	999
935	1056	999
1056	1042	999
1056	1136	1042
1136	1147	1042
1158	1147	1228
830	643	810
251	215	276
184	209	177
571	625	519
625	593	519
593	525	519
721	843	772
734	856	745
734	744	856
744	858	856
858	897	856
933	748	896
1129	1176	876
1176	1036	876
1176	1082	1036
1766	1686	1862
1592	1747	1529
1747	1723	1529
1321	1571	1327
1321	1383	1571
1337	1381	1301
1381	1413	1301
1413	1308	1301
1413	1320	1308
1413	1400	1320
376	348	283
348	314	283
376	371	348
376	435	371
376	510	435
510	482	435
606	446	482
606	578	446
537	509	578
939	763	912
1179	1276	1215
1179	1247	1276
1179	1173	1247
1179	1135	1173
1135	1104	1173
1013	1114	1104
1013	1061	1114
1013	954	1061
954	965	1061
615	689	712
689	834	712
489	538	550
377	432	369
432	439	369
190	223	278
49	101	62
240	354	284
417	524	380
185	243	288
36	82	65
46	69	25
289	345	192
345	281	192
631	515	451
515	402	451
515	485	402
631	641	515
631	819	641
631	796	819
478	535	631
535	730	631
535	656	730
656	822	730
656	823	822
478	373	535
373	521	535
373	420	521
373	327	420
447	549	616
447	392	549
392	338	549
603	647	645
539	430	424
539	583	430
583	597	430
597	573	430
1154	1248	1151
1239	1537	1502
1239	1386	1537
1282	1112	1449
1112	1198	1449
782	894	777
718	562	759
718	507	562
462	390	406
658	863	657
495	595	531
609	795	605
1634	1626	1525
1626	1495	1525
1626	1482	1495
1852	2027	1775
2027	1834	1775
1852	2035	2027
1852	1938	2035
1126	920	1109
879	1244	850
1244	1143	850
1143	943	850
875	1125	879
836	1033	970
1038	979	1075
1094	1340	1064
1340	1317	1064
1317	1164	1064
1094	1152	1340
1152	1493	1340
1152	1492	1493
1152	1300	1492
1350	1600	1449
1350	1602	1600
1116	956	1153
1332	1172	1143
1393	1638	1427
1638	1523	1427
1638	1672	1523
2223	2309	2101
2309	2131	2101
2223	2339	2309
2267	2507	2339
2267	2438	2507
2438	2482	2507
2482	2606	2507
2482	2647	2606
3003	3266	3238
3266	3275	3238
3275	3466	3238
3275	3337	3466
1755	1712	1940
1712	1751	1940
1751	1934	1940
1751	1721	1934
1721	1748	1934
1375	1177	1226
1375	1406	1177
1316	1370	1271
1608	1656	1703
1656	1871	1703
1871	1865	1703
1656	1904	1871
1656	1908	1904
1656	1866	1908
1656	1644	1866
1321	1256	1280
1454	1331	1384
1443	1444	1362
1737	1933	1719
1933	1965	1719
1965	1799	1719
1965	1988	1799
1990	2230	1985
1990	2153	2230
1991	2102	2119
2312	2548	2518
2312	2353	2548
2302	2505	2441
2296	2273	2505
2390	2678	2542
2390	2406	2678
2406	2515	2678
2515	2746	2678
2515	2722	2746
1533	1428	1521
1691	1888	1794
1888	2025	1794
1618	1445	1506
1854	2005	1745
2005	1950	1745
1950	1833	1745
1780	1875	1683
1885	2130	2020
2130	2126	2020
2130	2313	2126
2130	2343	2313
1885	1950	2130
1950	2109	2130
2109	2231	2130
2180	2106	2091
1930	2092	2023
2257	2199	2162
1960	1918	1757
1951	1920	2032
1777	1781	1948
1899	1980	1928
2127	2209	2272
2209	2435	2272
2209	2412	2435
1845	1984	1876
1945	1716	1879
2068	2207	1989
2207	2127	1989
2068	2140	2207
2063	2283	2247
2063	2004	2283
2004	2042	2283
2042	2275	2283
1994	2137	2070
1954	2214	2064
1954	2066	2214
2066	2206	2214
2174	2271	2109
2392	2414	2588
1966	1749	1954
1749	1795	1954
1749	1743	1795
1976	2120	2039
2120	2133	2039
2133	1992	2039
2370	2207	2388
2215	2103	2300
2415	2329	2245
2169	2089	2263
2089	2245	2263
2631	2645	2481
2645	2554	2481
2554	2468	2481
2411	2658	2456
2303	2425	2407
2303	2305	2425
2431	2611	2396
2376	2284	2433
2406	2301	2483
2301	2468	2483
2413	2399	2511
2413	2317	2399
2752	2874	2810
2874	3005	2810
2874	2947	3005
2745	2968	2970
2601	2687	2584
2687	2644	2584
3055	3076	2958
3076	2838	2958
3076	2893	2838
3141	3198	3076
3228	3406	3198
3406	3374	3198
3180	3269	3389
3269	3461	3389
2828	3057	3026
2753	2738	2838
3190	3085	3326
3085	3289	3326
2682	2465	2724
2819	2877	2917
2683	2779	2924
3034	3298	3265
3034	3093	3298
3044	2764	3034
3044	2742	2764
3044	2821	2742
2821	2704	2742
3115	3168	2984
3168	3053	2984
3115	3281	3168
3115	3323	3281
2928	2713	2795
3394	3451	3627
3451	3514	3627
3120	3012	3014
2914	2986	3120
3015	2791	2966
2791	2747	2966
3048	3192	3207
3193	3121	3278
3511	3649	3661
4422	4428	4313
4328	4490	4422
4328	4522	4490
4274	4423	4358
4423	4522	4358
4581	4423	4518
4516	4533	4414
4516	4625	4533
4516	4555	4625
5061	5086	4959
4250	4107	4402
4107	4157	4402
3898	3733	3806
3733	3643	3806
4948	4889	4860
4948	5011	4889
4926	4900	5010
4880	4862	4900
4936	4844	4867
4936	4861	4844
4936	4945	4861
3828	3713	3670
3713	3577	3670
5015	5028	4993
5028	4967	4993
5028	4960	4967
5097	5119	5092
5097	5122	5119
5097	5112	5122
4956	4857	4943
5040	5022	4956
5040	5066	5022
5066	5085	5022
5085	5067	5022
4780	4875	4752
4780	4854	4875
5039	5072	5046
5039	5055	5072
5039	5033	5055
5033	5025	5055
5025	4987	5055
4987	5030	5055
4885	4940	4957
4940	4975	4957
4811	4733	4694
4811	4835	4733
5090	5084	5105
5084	5082	5105
5082	5108	5105
5082	5096	5108
5096	5111	5108
5096	5117	5111
3984	3848	3872
3472	3308	3291
3472	3412	3308
3472	3454	3412
3472	3521	3454
3521	3664	3454
3441	3443	3557
3338	3201	3310
3396	3633	3337
3284	3257	3331
3292	3185	3350
3480	3458	3365
3480	3691	3458
3609	3604	3722
3654	3887	3723
3654	3802	3887
3676	3726	3614
3667	3604	3625
3844	3691	3716
3892	3789	3761
3969	4195	4084
3949	4192	4123
3949	4094	4192
4094	4236	4192
3925	3921	3862
3936	3806	3778
4201	4397	4143
4397	4330	4143
4330	4131	4143
4174	4092	4170
4257	4235	4071
4257	4280	4235
4300	4325	4360
4173	4123	4276
4442	4507	4374
4444	4347	4488
4520	4367	4573
4367	4464	4573
4665	4802	4705
