3.318110328527641855e+02 1.589941486425927906e+02 1.859710679262057340e+02
3.351910434389350257e+02 1.464429462216465367e+02 1.767976784789592841e+02
3.323659334341310796e+02 1.308030742674824296e+02 1.697776083084878564e+02
3.365456210186602561e+02 1.212476831694136195e+02 1.536080769929035910e+02
3.372549806496987799e+02 1.121296944061012937e+02 1.330439786436802478e+02
3.364290991550028025e+02 1.039793606277481786e+02 1.085335621447961785e+02
3.441432707810592433e+02 1.009458566679780915e+02 7.882000598743275077e+01
3.610689179728925069e+02 9.210643069334582833e+01 7.278436540197958493e+01
3.689830124499598014e+02 8.982188055115676661e+01 4.132177461177496980e+01
3.701371001603701529e+02 1.126397391983073248e+02 2.820596605303586557e+01
3.648861300231101836e+02 1.316199705472120058e+02 1.899250806694038829e+01
3.584356371854703411e+02 1.461064829380769083e+02 2.027326121486532884e+01
3.463156506275361721e+02 1.527919017228592793e+02 3.639882495343226765e+01
3.460702783808711160e+02 1.703670836469420351e+02 3.552625882458221440e+01
3.413549495199765147e+02 1.846348948704288659e+02 3.900429548932658008e+01
3.401099486125725662e+02 1.984653037591590987e+02 4.687689918770996655e+01
3.280541037369902710e+02 2.121100080695496217e+02 4.506386771388605439e+01
