   2.9650245e+01   2.6167969e+01   1.8000000e+01
   2.9381588e+01   2.6042969e+01   1.7000000e+01
   2.9247260e+01   2.6792969e+01   1.6000000e+01
   2.8441290e+01   2.7167969e+01   1.5000000e+01
   2.8441290e+01   2.8167969e+01   1.4000000e+01
   2.7903976e+01   3.0042969e+01   1.3000000e+01
   2.8038305e+01   3.2167969e+01   1.2000000e+01
   2.8978603e+01   3.4292969e+01   1.1000000e+01
   2.9112931e+01   3.5667969e+01   1.2000000e+01
   2.8709946e+01   3.5417969e+01   1.3000000e+01
   2.8709946e+01   3.5667969e+01   1.4000000e+01
   2.8978603e+01   3.4667969e+01   1.5000000e+01
   2.8844275e+01   3.5167969e+01   1.6000000e+01
   2.8575618e+01   3.5417969e+01   1.7000000e+01
   2.8844275e+01   3.5417969e+01   1.8000000e+01
