   3.5872050e+02   1.3611180e+02   1.1700000e+02
   3.6385093e+02   1.3647205e+02   1.0900000e+02
   3.6580124e+02   1.2729193e+02   1.0100000e+02
   3.6139130e+02   1.1811180e+02   9.3000000e+01
   3.5857143e+02   1.2324224e+02   8.5000000e+01
   3.6052174e+02   1.2678261e+02   7.7000000e+01
   3.5929193e+02   1.2396273e+02   6.9000000e+01
   3.5647205e+02   1.2750311e+02   6.1000000e+01
   3.6001242e+02   1.4217391e+02   5.3000000e+01
   3.3881677e+02   1.5436957e+02   4.5000000e+01
   3.0914596e+02   1.8035093e+02   4.1000000e+01
   3.1039130e+02   1.9590683e+02   3.7000000e+01
   3.0298137e+02   2.0598758e+02   3.3000000e+01
