   2.7206622e+01   2.7654824e+01   1.1000000e+01
   2.7206622e+01   2.7654824e+01   1.0000000e+01
   2.7611131e+01   2.7948716e+01   9.0000000e+00
   2.7447481e+01   2.9357682e+01   8.0000000e+00
   2.7794798e+01   3.0046229e+01   6.5000000e+00
   2.8398538e+01   2.9666699e+01   5.5000000e+00
   2.9633673e+01   3.1769321e+01   4.0000000e+00
   2.8300769e+01   3.6385292e+01   1.0500000e+01
   2.9397605e+01   3.6300089e+01   9.0000000e+00
   2.8018888e+01   3.5043343e+01   8.5000000e+00
   3.0469535e+01   3.5532192e+01   7.5000000e+00
   2.9208750e+01   3.4603279e+01   6.5000000e+00
   2.8900566e+01   3.3829818e+01   5.5000000e+00
