   2.9723632e+02   8.4539801e+01   1.2300000e+02
   2.9650000e+02   9.3992537e+01   1.1300000e+02
   2.9321642e+02   9.0708955e+01   1.0500000e+02
   2.9757463e+02   8.7425373e+01   9.7000000e+01
   3.0702736e+02   8.6689055e+01   8.7000000e+01
   2.9146020e+02   9.6594527e+01   7.9000000e+01
   2.9836567e+02   9.3310945e+01   7.1000000e+01
   2.7725124e+02   1.0531095e+02   6.3000000e+01
   2.9884577e+02   1.1544279e+02   5.5000000e+01
   3.0079851e+02   1.3904726e+02   4.7000000e+01
   3.3077114e+02   1.4991542e+02   3.9000000e+01
