   2.8688608e+01   2.7205295e+01   1.5000000e+01
   2.9181145e+01   2.7205295e+01   1.4000000e+01
   2.8196070e+01   2.8274740e+01   1.3000000e+01
   2.7867712e+01   2.9344184e+01   1.2000000e+01
   2.8524429e+01   2.9802517e+01   1.1000000e+01
   2.8688608e+01   3.2552517e+01   1.0000000e+01
   2.8852787e+01   3.4385851e+01   1.1000000e+01
   2.8852787e+01   3.4691406e+01   1.2000000e+01
   2.9181145e+01   3.4385851e+01   1.3000000e+01
   2.8688608e+01   3.4691406e+01   1.4000000e+01
   2.8688608e+01   3.4844184e+01   1.5000000e+01
