   3.2788199e+02   1.2117391e+02   9.8000000e+01
   3.3229193e+02   1.1286335e+02   9.0000000e+01
   3.3193168e+02   1.1886335e+02   8.2000000e+01
   3.3634161e+02   1.1214286e+02   7.4000000e+01
   3.3121118e+02   1.1019255e+02   7.0000000e+01
   3.3880124e+02   1.1778261e+02   6.6000000e+01
   3.4480124e+02   1.2537267e+02   6.2000000e+01
   3.4285093e+02   1.2819255e+02   5.8000000e+01
   3.5044099e+02   1.2147205e+02   5.4000000e+01
   3.4690062e+02   1.2270186e+02   5.0000000e+01
   3.4654037e+02   1.2870186e+02   4.6000000e+01
   3.4777019e+02   1.3629193e+02   4.2000000e+01
   3.5059006e+02   1.3593168e+02   3.8000000e+01
   3.4863975e+02   1.4352174e+02   3.4000000e+01
   3.4350932e+02   1.6860248e+02   3.0000000e+01
