   3.0448890e+01   2.6693750e+01   1.3000000e+01
   2.9775993e+01   2.7187868e+01   1.2000000e+01
   2.9402161e+01   2.7470221e+01   1.1000000e+01
   2.8878797e+01   2.7823162e+01   1.0000000e+01
   2.9177862e+01   2.8529044e+01   9.0000000e+00
   2.9252629e+01   2.9023162e+01   8.0000000e+00
   2.9701227e+01   2.9940809e+01   7.0000000e+00
   3.0299357e+01   3.2552574e+01   6.0000000e+00
   3.0972255e+01   3.4952574e+01   7.0000000e+00
   3.0897488e+01   3.5164338e+01   8.0000000e+00
   3.0673189e+01   3.5587868e+01   9.0000000e+00
   3.0598423e+01   3.5305515e+01   1.0000000e+01
   3.0747956e+01   3.5729044e+01   1.1000000e+01
   3.0374124e+01   3.6081985e+01   1.2000000e+01
   3.0149825e+01   3.6293750e+01   1.3000000e+01
