1	5	4
4	28	1
28	10	1
10	3	1
3	5	1
10	14	3
14	8	3
14	25	8
25	21	8
25	19	21
19	30	21
19	53	30
53	59	30
53	82	59
82	92	59
53	94	82
94	139	82
139	148	82
148	129	82
148	140	129
140	130	129
130	98	129
98	87	129
87	92	129
87	52	92
52	48	92
48	50	92
52	26	48
52	31	26
31	11	26
11	7	26
7	2	26
7	4	2
4	5	2
7	12	4
12	35	4
35	28	4
7	6	12
7	11	6
11	20	6
11	13	20
13	22	20
13	15	22
15	9	22
9	23	22
23	46	22
9	18	23
9	17	18
9	37	17
37	60	17
60	34	17
34	29	17
34	33	29
33	56	29
33	34	56
34	40	56
40	93	56
40	121	93
40	95	121
40	90	95
90	113	95
113	146	95
113	119	146
119	185	146
185	204	146
204	192	146
192	172	146
204	219	192
204	227	219
227	267	219
267	274	219
274	298	219
274	299	298
274	292	299
292	396	299
396	447	299
396	415	447
415	455	447
455	531	447
531	613	447
613	524	447
613	655	524
655	549	524
549	518	524
613	624	655
613	531	624
531	547	624
531	555	547
531	492	555
492	557	555
492	494	557
492	460	494
460	441	494
441	475	494
475	513	494
441	364	475
364	365	475
365	420	475
420	440	475
420	404	440
420	365	404
365	352	404
365	337	352
337	250	352
337	288	250
288	227	250
227	191	250
191	158	250
191	185	158
185	119	158
119	125	158
125	164	158
125	96	164
96	123	164
123	157	164
96	105	123
105	116	123
105	79	116
79	101	116
101	136	116
101	160	136
160	196	136
196	188	136
196	247	188
247	285	188
247	318	285
318	384	285
384	331	285
331	310	285
331	313	310
331	412	313
412	330	313
331	384	412
384	442	412
247	300	318
160	212	196
160	145	212
145	235	212
235	273	212
235	315	273
315	334	273
334	300	273
160	101	145
101	128	145
128	169	145
101	86	128
101	78	86
78	72	86
72	71	86
71	91	86
91	97	86
91	108	97
108	106	97
108	124	106
124	159	106
108	114	124
114	149	124
114	130	149
130	171	149
171	205	149
205	223	149
205	259	223
259	304	223
259	344	304
344	368	304
344	422	368
422	448	368
448	403	368
344	327	422
327	435	422
435	499	422
435	510	499
435	482	510
435	358	482
435	327	358
327	260	358
260	336	358
260	302	336
302	383	336
260	278	302
278	323	302
278	256	323
256	295	323
295	319	323
319	341	323
341	393	323
341	400	393
400	410	393
410	468	393
468	411	393
468	459	411
410	493	468
493	508	468
508	569	468
508	567	569
508	512	567
512	621	567
512	574	621
574	652	621
652	729	621
652	712	729
712	794	729
794	790	729
794	908	790
908	806	790
908	1017	806
1017	923	806
1017	1063	923
1063	961	923
1017	1131	1063
908	976	1017
908	879	976
908	794	879
794	814	879
814	936	879
814	866	936
866	971	936
971	1003	936
866	885	971
885	983	971
983	1061	971
983	1049	1061
1049	1166	1061
1166	1120	1061
1166	1163	1120
1166	1224	1163
1224	1127	1163
1224	1261	1127
1261	1135	1127
1261	1339	1135
1166	1291	1224
1291	1326	1224
1291	1354	1326
1291	1410	1354
1291	1293	1410
1293	1408	1410
1408	1479	1410
1479	1569	1410
1569	1513	1410
1569	1613	1513
1479	1567	1569
1408	1484	1479
1293	1335	1408
1335	1341	1408
1335	1230	1341
1230	1203	1341
1203	1330	1341
1330	1370	1341
1203	1266	1330
1266	1361	1330
1361	1489	1330
1361	1455	1489
1455	1595	1489
1595	1559	1489
1559	1491	1489
1559	1533	1491
1533	1484	1491
1533	1550	1484
1595	1641	1559
1595	1661	1641
1661	1685	1641
1661	1728	1685
1728	1757	1685
1728	1885	1757
1885	1898	1757
1898	1748	1757
1885	1931	1898
1931	1883	1898
1931	2011	1883
1931	2056	2011
1931	1995	2056
1931	1885	1995
1661	1750	1728
1750	1861	1728
1661	1679	1750
1679	1700	1750
1679	1644	1700
1679	1631	1644
1631	1519	1644
1519	1544	1644
1631	1488	1519
1631	1595	1488
1595	1455	1488
1455	1393	1488
1455	1380	1393
1380	1275	1393
1275	1299	1393
1299	1392	1393
1299	1355	1392
1355	1502	1392
1355	1531	1502
1299	1306	1355
1306	1323	1355
1306	1200	1323
1200	1243	1323
1306	1179	1200
1380	1358	1275
1358	1273	1275
1273	1248	1275
1273	1171	1248
1358	1361	1273
1361	1266	1273
1358	1455	1361
1358	1380	1455
1631	1661	1595
1631	1679	1661
1203	1122	1266
1122	1124	1266
1203	1165	1122
1203	1188	1165
1203	1230	1188
1230	1211	1188
1211	1170	1188
1211	1166	1170
1166	1049	1170
1211	1291	1166
1211	1293	1291
1211	1230	1293
1230	1335	1293
983	970	1049
983	876	970
876	874	970
876	832	874
832	798	874
832	730	798
832	714	730
714	669	730
669	626	730
669	635	626
635	572	626
572	568	626
572	532	568
532	542	568
542	589	568
589	647	568
589	627	647
627	667	647
627	705	667
705	720	667
720	718	667
718	711	667
718	779	711
779	766	711
766	764	711
766	858	764
858	873	764
858	909	873
909	947	873
766	779	858
779	900	858
779	825	900
825	886	900
886	977	900
977	979	900
979	962	900
979	980	962
977	1107	979
977	992	1107
992	1116	1107
992	1007	1116
1007	1105	1116
1007	1005	1105
1005	1023	1105
1023	1136	1105
1023	1119	1136
1119	1284	1136
1284	1287	1136
1023	1110	1119
1023	989	1110
989	1024	1110
1024	1141	1110
1024	1022	1141
1024	990	1022
1024	989	990
989	883	990
883	870	990
870	958	990
870	872	958
872	843	958
843	1037	958
872	840	843
840	771	843
771	793	843
793	888	843
888	945	843
888	836	945
771	748	793
748	740	793
740	727	793
740	674	727
674	689	727
674	649	689
674	556	649
556	564	649
564	543	649
543	743	649
543	659	743
659	780	743
780	853	743
853	836	743
780	931	853
780	816	931
816	954	931
816	792	954
792	892	954
892	994	954
994	1117	954
994	1076	1117
1076	1191	1117
1191	1294	1117
1294	1174	1117
1174	1111	1117
1111	1033	1117
1111	1015	1033
1111	1073	1015
1073	836	1015
1111	1251	1073
1251	1245	1073
1191	1227	1294
1227	1482	1294
1482	1316	1294
1482	1471	1316
1471	1401	1316
1482	1652	1471
1482	1512	1652
1482	1470	1512
1191	1146	1227
1146	1260	1227
1191	1076	1146
792	844	892
792	773	844
773	859	844
792	694	773
694	591	773
591	604	773
604	708	773
604	650	708
591	545	604
694	623	591
623	599	591
694	659	623
694	780	659
694	816	780
694	792	816
543	585	659
543	477	585
477	471	585
471	476	585
471	398	476
471	367	398
367	349	398
349	328	398
328	348	398
328	301	348
301	306	348
306	382	348
306	314	382
314	369	382
369	421	382
369	388	421
388	397	421
388	326	397
326	361	397
361	389	397
361	353	389
353	426	389
353	375	426
353	346	375
353	280	346
280	261	346
261	297	346
297	340	346
340	360	346
360	417	346
360	409	417
409	488	417
488	516	417
488	509	516
509	559	516
559	575	516
575	558	516
575	588	558
588	641	558
641	577	558
641	643	577
643	598	577
598	490	577
598	546	490
546	436	490
546	426	436
546	536	426
546	642	536
642	703	536
703	582	536
703	650	582
703	803	650
703	867	803
867	889	803
867	1006	889
1006	1065	889
1065	1058	889
1058	982	889
1058	1100	982
546	583	642
583	643	642
583	598	643
583	546	598
588	639	641
639	725	641
639	692	725
639	637	692
637	688	692
688	732	692
637	666	688
637	629	666
629	634	666
634	701	666
634	695	701
695	788	701
695	761	788
761	890	788
761	828	890
828	1000	890
1000	1018	890
1000	1045	1018
1045	1281	1018
1045	1079	1281
1079	1300	1281
1300	1301	1281
1300	1447	1301
1079	1152	1300
1045	1000	1079
1000	828	1079
761	728	828
728	810	828
810	826	828
810	785	826
785	734	826
734	802	826
734	704	802
704	786	802
786	817	802
786	864	817
786	835	864
835	868	864
835	881	868
835	801	881
801	845	881
845	884	881
884	964	881
964	1125	881
884	950	964
884	897	950
897	905	950
905	1035	950
897	895	905
897	847	895
847	919	895
919	949	895
919	880	949
880	911	949
911	985	949
880	896	911
880	775	896
775	774	896
774	834	896
834	849	896
849	918	896
849	770	918
849	762	770
762	739	770
762	747	739
747	671	739
671	651	739
651	661	739
651	644	661
651	590	644
590	540	644
540	521	644
521	526	644
526	653	644
526	618	653
618	633	653
618	485	633
485	638	633
485	616	638
616	778	638
616	717	778
717	822	778
822	887	778
887	804	778
887	770	804
770	765	804
822	916	887
916	1011	887
1011	918	887
916	1016	1011
1016	1052	1011
1016	1044	1052
1044	1202	1052
1202	1156	1052
1202	1249	1156
1249	1185	1156
1185	1128	1156
1249	1274	1185
1249	1288	1274
1288	1322	1274
1322	1298	1274
1322	1386	1298
1386	1429	1298
1429	1404	1298
1404	1385	1298
1404	1495	1385
1404	1429	1495
1429	1508	1495
1508	1640	1495
1508	1629	1640
1629	1745	1640
1629	1628	1745
1628	1688	1745
1688	1768	1745
1768	1884	1745
1884	1793	1745
1884	1889	1793
1889	1881	1793
1881	1824	1793
1884	1930	1889
1930	2027	1889
1930	1913	2027
1913	1976	2027
1976	2136	2027
2136	2220	2027
1976	1969	2136
1969	2086	2136
1969	1951	2086
1951	2073	2086
1951	1975	2073
1975	2041	2073
1975	1911	2041
1911	1880	2041
1880	1948	2041
1948	2089	2041
2089	2115	2041
2089	2165	2115
2165	2290	2115
2165	2178	2290
2178	2301	2290
2178	2322	2301
2322	2450	2301
2178	2333	2322
2178	2207	2333
2178	2135	2207
2135	2130	2207
2130	2198	2207
2198	2264	2207
2130	2031	2198
2031	2121	2198
2121	2275	2198
2121	2210	2275
2210	2221	2275
2210	2091	2221
2210	2121	2091
2130	2033	2031
2033	1973	2031
1973	1947	2031
1973	1962	1947
1962	1797	1947
1797	1863	1947
1797	1796	1863
1796	1835	1863
1796	1717	1835
1717	1705	1835
1705	1802	1835
1802	1963	1835
1705	1687	1802
1687	1710	1802
1710	1804	1802
1804	1854	1802
1854	1908	1802
1854	1888	1908
1888	1916	1908
1888	1852	1916
1852	1957	1916
1852	1906	1957
1852	1839	1906
1839	1851	1906
1851	2015	1906
1851	1855	2015
1851	1839	1855
1852	1732	1839
1852	1710	1732
1852	1804	1710
1852	1888	1804
1888	1854	1804
1687	1654	1710
1654	1596	1710
1654	1556	1596
1556	1532	1596
1532	1509	1596
1532	1452	1509
1452	1390	1509
1390	1419	1509
1419	1543	1509
1543	1579	1509
1419	1443	1543
1452	1441	1390
1452	1532	1441
1532	1473	1441
1473	1411	1441
1411	1346	1441
1411	1320	1346
1411	1427	1320
1427	1338	1320
1338	1269	1320
1338	1344	1269
1344	1235	1269
1344	1296	1235
1296	1226	1235
1226	1172	1235
1172	1137	1235
1172	1067	1137
1067	1072	1137
1067	965	1072
1067	953	965
1067	968	953
1067	1126	968
1126	1101	968
1126	1112	1101
1067	1172	1126
1172	1220	1126
1220	1308	1126
1172	1226	1220
1226	1296	1220
1338	1405	1344
1338	1427	1405
1427	1451	1405
1427	1501	1451
1501	1545	1451
1501	1561	1545
1561	1601	1545
1601	1646	1545
1646	1539	1545
1539	1520	1545
1646	1581	1539
1581	1445	1539
1445	1395	1539
1445	1351	1395
1351	1308	1395
1308	1382	1395
1445	1409	1351
1409	1318	1351
1409	1280	1318
1280	1257	1318
1280	1096	1257
1096	1047	1257
1047	1048	1257
1047	869	1048
1047	986	869
1047	1096	986
1280	1285	1096
1280	1319	1285
1319	1376	1285
1376	1332	1285
1332	1252	1285
1332	1348	1252
1332	1379	1348
1379	1407	1348
1407	1378	1348
1378	1343	1348
1343	1225	1348
1343	1327	1225
1327	1336	1225
1336	1194	1225
1194	1161	1225
1161	1199	1225
1161	1082	1199
1082	1068	1199
1068	1154	1199
1068	1034	1154
1034	1036	1154
1036	1056	1154
1056	1088	1154
1056	952	1088
1056	1036	952
1036	1034	952
1034	907	952
907	877	952
877	912	952
912	913	952
877	782	912
877	742	782
742	670	782
670	672	782
670	603	672
742	709	670
709	640	670
640	539	670
640	498	539
640	487	498
640	554	487
554	495	487
495	356	487
495	473	356
473	332	356
495	554	473
554	605	473
554	640	605
640	726	605
726	699	605
699	602	605
699	611	602
611	580	602
699	662	611
726	841	699
841	851	699
841	932	851
932	916	851
932	1016	916
932	1044	1016
726	878	841
726	724	878
724	722	878
722	767	878
767	893	878
893	930	878
893	907	930
907	1068	930
1068	1082	930
907	1034	1068
893	877	907
893	767	877
767	742	877
767	709	742
767	722	709
722	640	709
722	724	640
724	726	640
1194	1053	1161
1194	1190	1053
1190	1202	1053
1202	1044	1053
1190	1271	1202
1271	1249	1202
1271	1288	1249
1271	1349	1288
1349	1386	1288
1386	1322	1288
1349	1421	1386
1421	1461	1386
1461	1497	1386
1497	1429	1386
1497	1508	1429
1497	1461	1508
1461	1469	1508
1469	1578	1508
1578	1629	1508
1578	1628	1629
1578	1688	1628
1578	1617	1688
1617	1693	1688
1693	1712	1688
1712	1768	1688
1712	1723	1768
1723	1808	1768
1808	1876	1768
1876	1850	1768
1850	1884	1768
1850	1913	1884
1913	1930	1884
1850	1897	1913
1897	1976	1913
1897	1969	1976
1897	1933	1969
1933	1951	1969
1933	1911	1951
1911	1975	1951
1933	1843	1911
1843	1880	1911
1843	1763	1880
1763	1737	1880
1737	1742	1880
1737	1645	1742
1645	1558	1742
1558	1651	1742
1651	1684	1742
1684	1814	1742
1814	1948	1742
1814	1927	1948
1927	1986	1948
1986	2089	1948
1986	2050	2089
2050	2165	2089
2050	2135	2165
2135	2178	2165
2050	2130	2135
2050	2033	2130
2050	1990	2033
1990	1962	2033
1962	1973	2033
1990	1901	1962
1901	1829	1962
1829	1797	1962
1829	1789	1797
1789	1677	1797
1677	1724	1797
1724	1796	1797
1724	1713	1796
1713	1744	1796
1744	1717	1796
1744	1649	1717
1649	1556	1717
1556	1654	1717
1654	1687	1717
1687	1705	1717
1649	1574	1556
1574	1473	1556
1473	1532	1556
1574	1501	1473
1501	1462	1473
1462	1411	1473
1462	1427	1411
1462	1501	1427
1574	1561	1501
1574	1649	1561
1649	1624	1561
1624	1601	1561
1624	1677	1601
1677	1646	1601
1677	1684	1646
1684	1651	1646
1651	1581	1646
1651	1558	1581
1558	1445	1581
1558	1477	1445
1477	1409	1445
1477	1438	1409
1438	1319	1409
1319	1280	1409
1438	1376	1319
1438	1522	1376
1522	1490	1376
1490	1379	1376
1379	1332	1376
1490	1407	1379
1490	1469	1407
1469	1421	1407
1421	1378	1407
1421	1343	1378
1421	1336	1343
1336	1327	1343
1421	1349	1336
1349	1194	1336
1349	1271	1194
1271	1190	1194
1469	1461	1421
1490	1535	1469
1535	1578	1469
1535	1617	1578
1535	1522	1617
1522	1645	1617
1645	1734	1617
1734	1693	1617
1734	1723	1693
1723	1712	1693
1734	1808	1723
1734	1763	1808
1763	1843	1808
1843	1876	1808
1843	1933	1876
1933	1897	1876
1897	1850	1876
1734	1737	1763
1734	1645	1737
1522	1558	1645
1522	1477	1558
1522	1438	1477
1535	1490	1522
1677	1767	1684
1767	1814	1684
1767	1836	1814
1836	1856	1814
1856	1927	1814
1856	1901	1927
1901	1990	1927
1990	1986	1927
1990	2050	1986
1856	1836	1901
1836	1829	1901
1836	1789	1829
1836	1767	1789
1767	1677	1789
1624	1724	1677
1624	1649	1724
1649	1713	1724
1649	1744	1713
526	501	618
526	521	501
521	488	501
488	466	501
488	409	466
521	509	488
521	540	509
540	560	509
560	559	509
560	595	559
595	575	559
595	588	575
595	637	588
637	639	588
595	629	637
595	634	629
595	609	634
609	683	634
683	695	634
683	738	695
738	761	695
738	728	761
738	683	728
683	686	728
686	785	728
785	810	728
686	734	785
686	704	734
686	664	704
664	671	704
671	747	704
747	763	704
763	786	704
763	835	786
763	775	835
775	801	835
775	880	801
880	845	801
880	847	845
847	884	845
847	897	884
880	919	847
763	774	775
763	747	774
747	800	774
800	834	774
800	849	834
800	762	849
800	747	762
664	590	671
590	651	671
664	625	590
625	578	590
578	540	590
578	560	540
578	609	560
609	595	560
578	625	609
625	683	609
625	686	683
625	664	686
360	340	409
340	387	409
340	297	387
297	390	387
261	252	297
252	263	297
261	241	252
241	201	252
241	195	201
241	246	195
246	215	195
215	178	195
215	202	178
202	163	178
202	187	163
187	122	163
187	156	122
156	100	122
100	81	122
81	107	122
81	69	107
69	77	107
77	117	107
117	133	107
133	162	107
133	244	162
244	255	162
255	201	162
244	269	255
269	324	255
269	291	324
269	244	291
244	345	291
244	237	345
237	339	345
133	151	244
133	117	151
117	83	151
83	118	151
118	150	151
118	112	150
112	168	150
112	109	168
109	161	168
161	194	168
109	110	161
110	142	161
110	103	142
103	154	142
118	67	112
118	83	67
83	65	67
65	47	67
47	38	67
47	14	38
14	10	38
10	28	38
47	65	14
83	77	65
77	69	65
69	44	65
69	61	44
61	54	44
54	25	44
54	42	25
42	43	25
43	19	25
43	53	19
43	62	53
62	85	53
85	104	53
104	94	53
104	139	94
104	143	139
143	175	139
175	148	139
175	183	148
183	155	148
155	140	148
155	130	140
155	171	130
155	176	171
176	220	171
220	205	171
220	259	205
220	262	259
262	294	259
294	344	259
294	327	344
294	258	327
258	260	327
258	225	260
225	230	260
230	278	260
230	218	278
218	238	278
238	256	278
238	207	256
207	210	256
210	243	256
243	295	256
243	270	295
270	293	295
293	319	295
293	290	319
290	351	319
351	376	319
376	341	319
376	400	341
376	410	400
376	418	410
418	437	410
437	493	410
437	529	493
529	512	493
512	508	493
529	574	512
529	594	574
594	652	574
594	665	652
665	712	652
665	679	712
679	795	712
795	794	712
795	814	794
795	866	814
795	749	866
795	679	749
679	716	749
716	710	749
716	596	710
596	631	710
631	669	710
669	714	710
631	635	669
631	572	635
631	532	572
716	601	596
716	679	601
679	607	601
607	502	601
607	525	502
525	480	502
525	474	480
525	530	474
530	529	474
529	437	474
437	418	474
530	594	529
530	525	594
525	607	594
607	665	594
607	679	665
351	350	376
351	289	350
289	347	350
289	264	347
264	321	347
264	286	321
286	343	321
286	268	343
268	284	343
284	357	343
357	391	343
357	432	391
357	431	432
357	377	431
377	430	431
377	429	430
429	464	430
464	497	430
464	484	497
484	505	497
505	532	497
505	542	532
505	484	542
484	566	542
566	589	542
566	627	589
566	561	627
561	660	627
660	705	627
660	750	705
750	744	705
744	720	705
744	825	720
825	718	720
825	779	718
744	848	825
848	886	825
848	957	886
957	977	886
957	992	977
957	1007	992
957	1005	1007
957	989	1005
989	1023	1005
957	902	989
902	883	989
902	848	883
848	750	883
750	870	883
750	840	870
840	872	870
750	680	840
680	713	840
713	771	840
713	748	771
713	740	748
713	674	740
713	678	674
678	658	674
658	584	674
584	556	674
584	553	556
553	522	556
522	428	556
522	467	428
467	429	428
429	366	428
366	355	428
355	370	428
370	427	428
427	514	428
427	472	514
472	527	514
527	564	514
564	556	514
527	543	564
527	472	543
472	477	543
472	433	477
433	471	477
433	367	471
433	374	367
374	308	367
308	349	367
308	328	349
308	234	328
234	287	328
287	301	328
287	306	301
287	229	306
229	233	306
233	281	306
281	314	306
281	326	314
326	369	314
326	388	369
281	361	326
281	280	361
280	353	361
281	253	280
253	246	280
246	241	280
241	261	280
253	215	246
253	233	215
233	202	215
233	206	202
206	187	202
206	179	187
179	156	187
179	153	156
153	100	156
153	115	100
115	73	100
73	64	100
64	81	100
64	61	81
61	69	81
64	54	61
64	73	54
73	42	54
73	74	42
74	88	42
88	62	42
62	43	42
88	85	62
88	102	85
102	137	85
137	104	85
137	147	104
147	143	104
147	175	143
147	210	175
210	189	175
189	183	175
189	207	183
207	238	183
238	199	183
199	182	183
182	155	183
182	176	155
182	199	176
199	209	176
209	220	176
209	258	220
258	262	220
258	294	262
209	225	258
209	218	225
218	230	225
209	199	218
199	238	218
189	210	207
147	197	210
197	243	210
197	270	243
197	167	270
167	226	270
226	290	270
290	293	270
226	289	290
289	351	290
226	239	289
239	264	289
239	236	264
236	286	264
236	266	286
266	268	286
266	254	268
254	284	268
254	271	284
254	203	271
254	236	203
236	193	203
193	173	203
173	174	203
174	180	203
180	211	203
211	231	203
211	222	231
222	234	231
234	308	231
222	153	234
153	179	234
179	229	234
229	287	234
179	206	229
206	233	229
222	180	153
180	115	153
180	134	115
134	99	115
99	74	115
74	73	115
99	84	74
84	88	74
84	102	88
84	126	102
126	137	102
126	167	137
167	197	137
197	147	137
126	132	167
132	186	167
186	226	167
186	239	226
186	193	239
193	236	239
132	134	186
134	173	186
134	174	173
134	180	174
132	99	134
132	84	99
132	126	84
222	211	180
254	266	236
253	281	233
374	355	308
374	370	355
374	427	370
374	433	427
433	472	427
429	363	366
363	284	366
363	357	284
363	377	357
363	429	377
467	449	429
449	464	429
449	467	464
467	481	464
481	484	464
481	535	484
535	566	484
535	561	566
535	522	561
522	584	561
584	668	561
668	660	561
668	680	660
680	750	660
668	678	680
678	713	680
668	658	678
668	584	658
522	553	584
535	467	522
535	481	467
848	744	750
902	957	848
83	117	77
983	885	876
885	860	876
885	866	860
114	98	130
114	91	98
91	71	98
71	87	98
71	55	87
55	52	87
55	31	52
55	63	31
63	32	31
32	11	31
32	13	11
32	36	13
36	27	13
27	15	13
27	9	15
27	37	9
27	51	37
51	60	37
51	76	60
76	80	60
80	96	60
96	70	60
70	34	60
70	40	34
70	90	40
70	89	90
89	125	90
125	119	90
119	113	90
89	96	125
89	70	96
80	105	96
80	76	105
76	79	105
76	68	79
68	66	79
66	101	79
66	78	101
66	72	78
66	63	72
63	71	72
63	55	71
66	36	63
36	32	63
66	51	36
51	27	36
66	68	51
68	76	51
114	108	91
191	227	185
227	204	185
288	267	227
441	359	364
441	406	359
406	394	359
394	396	359
396	292	359
292	267	359
292	274	267
394	415	396
394	455	415
394	406	455
406	492	455
492	531	455
406	460	492
406	441	460
39	58	45
39	75	58
58	57	45
49	111	120
131	165	138
141	152	177
152	275	177
275	307	177
307	272	177
272	166	177
307	333	272
333	356	272
307	373	333
307	275	373
275	279	373
275	249	279
249	216	279
216	322	279
275	152	249
198	265	257
265	305	257
305	354	257
217	276	282
276	316	282
277	386	311
386	379	311
379	338	311
296	309	342
309	371	342
309	317	371
317	402	371
378	443	401
443	528	401
528	385	401
395	424	453
424	485	453
395	324	424
405	500	550
500	587	550
500	612	587
413	446	434
439	450	534
450	562	534
461	533	496
461	586	533
586	608	533
496	402	461
402	362	461
463	517	523
517	619	523
619	614	523
619	754	614
619	805	754
517	576	619
576	691	619
576	565	691
565	620	691
620	811	691
620	757	811
620	593	757
620	528	593
463	486	517
470	519	571
519	610	571
610	687	571
687	538	571
538	470	571
538	440	470
687	570	538
570	541	538
687	715	570
506	537	648
573	684	630
630	581	573
684	700	630
684	839	700
684	812	839
684	675	812
675	753	812
753	855	812
753	891	855
891	903	855
891	974	903
753	821	891
675	617	753
684	573	675
592	636	681
597	702	698
600	673	646
646	606	600
646	685	606
685	657	606
685	682	657
685	751	682
685	818	751
685	796	818
685	646	796
645	899	676
645	850	899
850	926	899
850	863	926
850	759	863
850	648	759
850	645	648
645	632	648
663	696	746
696	769	746
693	776	830
830	756	693
697	807	719
731	758	824
758	837	824
758	827	837
758	752	827
752	846	827
735	865	901
736	789	944
789	934	944
934	1055	944
789	838	934
772	861	833
861	871	833
861	920	871
861	856	920
856	922	920
922	1030	920
922	921	1030
921	1046	1030
1046	1133	1030
1133	1114	1030
1046	1069	1133
1046	1028	1069
1046	921	1028
861	772	856
783	854	852
852	925	783
852	941	925
852	882	941
882	996	941
852	854	882
854	842	882
842	914	882
842	830	914
830	910	914
791	829	955
829	927	955
829	831	927
831	969	927
955	959	791
808	915	938
862	960	991
894	937	998
924	940	1134
940	1009	1134
1009	1157	1134
928	1032	1066
939	1094	966
939	1121	1094
1121	1148	1094
1148	1240	1094
1240	1215	1094
1240	1381	1215
1148	1160	1240
1148	1121	1160
942	1064	1059
1059	1093	942
1059	1064	1093
1064	1177	1093
1177	1159	1093
1159	1087	1093
1177	1263	1159
1177	1064	1263
1064	1138	1263
1138	1292	1263
1064	963	1138
1064	942	963
943	984	995
951	1173	1149
1173	1259	1149
1259	1311	1149
1259	1388	1311
981	1084	1075
988	1041	1223
1041	1189	1223
1189	1279	1223
1189	1302	1279
1189	1142	1302
1142	1356	1302
1356	1424	1302
1356	1325	1424
1325	1444	1424
1444	1575	1424
1575	1642	1424
1575	1686	1642
1686	1825	1642
1825	1780	1642
1686	1800	1825
1800	2036	1825
1800	1821	2036
1821	1978	2036
1821	1834	1978
1821	1782	1834
1782	1795	1834
1795	1772	1834
1795	1673	1772
1673	1697	1772
1697	1770	1772
1795	1782	1673
1782	1573	1673
1573	1570	1673
1573	1457	1570
1457	1428	1570
1573	1444	1457
1573	1575	1444
1573	1686	1575
1573	1782	1686
1782	1800	1686
1782	1821	1800
1325	1255	1444
1325	1142	1255
1325	1356	1142
1223	1026	988
993	1043	1129
1012	1217	1092
1217	1222	1092
1222	1228	1092
1228	1236	1092
1228	1267	1236
1228	1377	1267
1228	1222	1377
1222	1217	1377
1217	1216	1377
1216	1247	1377
1216	1060	1247
1060	1242	1247
1060	1164	1242
1217	1012	1216
1013	1175	1040
1020	1071	1038
1020	1083	1071
1083	1132	1071
1132	1153	1071
1153	1147	1071
1147	1145	1071
1145	1038	1071
1147	1158	1145
1158	1184	1145
1158	1310	1184
1310	1221	1184
1158	1206	1310
1206	1244	1310
1244	1371	1310
1371	1403	1310
1403	1437	1310
1403	1537	1437
1537	1557	1437
1557	1450	1437
1450	1347	1437
1450	1374	1347
1450	1475	1374
1475	1436	1374
1436	1387	1374
1387	1277	1374
1387	1345	1277
1475	1505	1436
1505	1530	1436
1475	1563	1505
1475	1594	1563
1594	1675	1563
1675	1714	1563
1537	1616	1557
1403	1466	1537
1403	1371	1466
1371	1420	1466
1206	1153	1244
1153	1218	1244
1153	1132	1218
1132	1201	1218
1201	1312	1218
1201	1278	1312
1201	1140	1278
1140	1195	1278
1195	1270	1278
1201	1083	1140
1083	1070	1140
1201	1132	1083
1206	1147	1153
1206	1158	1147
1025	1078	1104
1025	1057	1078
1057	1208	1078
1027	1062	1143
1099	1219	1193
1123	1150	1238
1123	1035	1150
1035	1040	1150
1040	1168	1150
1130	1250	1258
1139	1265	1282
1265	1315	1282
1315	1365	1282
1365	1272	1282
1272	1139	1282
1169	1198	1197
1198	1304	1197
1198	1289	1304
1198	1233	1289
1233	1297	1289
1183	1328	1342
1328	1418	1342
1192	1210	1246
1246	1204	1192
1246	1231	1204
1213	1253	1402
1213	1125	1253
1253	1363	1402
1253	1238	1363
1238	1433	1363
1238	1369	1433
1369	1460	1433
1460	1525	1433
1214	1239	1334
1334	1237	1214
1237	1131	1214
1131	1239	1214
1334	1423	1237
1334	1480	1423
1334	1399	1480
1334	1239	1399
1239	1314	1399
1314	1415	1399
1314	1339	1415
1229	1331	1317
1254	1397	1449
1397	1536	1449
1397	1486	1536
1486	1659	1536
1449	1453	1254
1262	1353	1333
1353	1454	1333
1454	1534	1333
1534	1499	1333
1454	1528	1534
1528	1753	1534
1528	1711	1753
1711	1859	1753
1859	1904	1753
1859	2062	1904
1711	1991	1859
1528	1527	1711
1528	1353	1527
1353	1453	1527
1528	1454	1353
1333	1164	1262
1164	1205	1262
1205	1104	1262
1268	1313	1432
1313	1442	1432
1313	1281	1442
1283	1459	1398
1398	1368	1283
1368	1219	1283
1219	1134	1283
1368	1362	1219
1368	1517	1362
1368	1398	1517
1398	1459	1517
1283	1311	1459
1286	1295	1430
1352	1400	1458
1458	1529	1352
1458	1606	1529
1606	1633	1529
1458	1584	1606
1584	1626	1606
1626	1738	1606
1458	1526	1584
1526	1549	1584
1359	1548	1364
1396	1524	1456
1456	1417	1396
1463	1481	1472
1481	1552	1472
1552	1540	1472
1552	1623	1540
1623	1620	1540
1620	1498	1540
1498	1331	1540
1552	1619	1623
1494	1611	1506
1494	1638	1611
1638	1690	1611
1494	1560	1638
1500	1707	1511
1500	1610	1707
1610	1774	1707
1610	1786	1774
1786	1891	1774
1891	1945	1774
1945	1980	1774
1945	2025	1980
2025	2176	1980
2176	2152	1980
2152	2107	1980
2107	2012	1980
2012	1887	1980
2012	1970	1887
1970	1982	1887
1982	1840	1887
1982	2069	1840
1982	2012	2069
2012	2225	2069
2225	2243	2069
2243	2257	2069
2257	2149	2069
2257	2335	2149
2335	2170	2149
2335	2266	2170
2335	2370	2266
2370	2347	2266
2370	2524	2347
2524	2385	2347
2524	2530	2385
2530	2393	2385
2524	2638	2530
2638	2756	2530
2756	2682	2530
2756	2889	2682
2889	2851	2682
2889	3106	2851
3106	3047	2851
3106	3130	3047
3106	3253	3130
3253	3311	3130
3106	3137	3253
3106	3101	3137
2257	2384	2335
2243	2316	2257
2243	2225	2316
2225	2223	2316
2223	2410	2316
2223	2407	2410
2407	2532	2410
2532	2511	2410
2532	2617	2511
2617	2672	2511
2223	2340	2407
2223	2227	2340
2223	2152	2227
2152	2176	2227
2223	2107	2152
2223	2225	2107
2225	2012	2107
1982	1970	2012
1945	1891	2025
1786	1935	1891
1510	1521	1600
1521	1612	1600
1612	1760	1600
1514	1590	1577
1516	1630	1657
1657	1656	1516
1656	1648	1516
1542	1621	1653
1653	1590	1542
1621	1715	1653
1715	1771	1653
1715	1764	1771
1621	1634	1715
1546	1672	1599
1672	1755	1599
1555	1699	1671
1555	1736	1699
1736	1777	1699
1736	1874	1777
1736	1844	1874
1844	1985	1874
1844	1830	1985
1844	1736	1830
1736	1730	1830
1736	1593	1730
1736	1555	1593
1562	1580	1632
1562	1447	1580
1562	1572	1447
1562	1618	1572
1562	1632	1618
1632	1678	1618
1678	1871	1618
1871	1765	1618
1871	1932	1765
1871	1899	1932
1871	1678	1899
1678	1879	1899
1678	1756	1879
1756	1937	1879
1756	1827	1937
1756	1662	1827
1756	1678	1662
1678	1632	1662
1565	1605	1603
1605	1788	1603
1788	1752	1603
1788	1822	1752
1822	1770	1752
1788	1955	1822
1955	2014	1822
1955	1992	2014
1992	2172	2014
2172	2077	2014
2172	2300	2077
2300	2287	2077
2172	2352	2300
2352	2428	2300
2352	2363	2428
2363	2509	2428
2509	2593	2428
2593	2631	2428
2631	2580	2428
2631	2680	2580
2680	2697	2580
2697	2604	2580
2680	2868	2697
2868	2974	2697
2680	2747	2868
2680	2631	2747
2631	2593	2747
2363	2507	2509
2352	2308	2363
2352	2172	2308
2172	2183	2308
2172	1992	2183
1955	1788	1992
1788	1845	1992
1845	1866	1992
1788	1605	1845
1605	1602	1845
1605	1582	1602
1568	1635	1666
1666	1602	1568
1635	1670	1666
1670	1787	1666
1635	1639	1670
1639	1719	1670
1576	1682	1702
1576	1652	1682
1583	1860	1664
1860	1865	1664
1860	1917	1865
1917	1894	1865
1894	1875	1865
1860	1766	1917
1587	1627	1725
1597	1751	1749
1749	1683	1597
1749	1778	1683
1614	1622	1708
1708	1722	1614
1708	1912	1722
1636	1680	1694
1694	1739	1636
1739	1630	1636
1660	1703	1842
1842	1827	1660
1660	1525	1703
1667	1720	1727
1667	1748	1720
1676	1810	1746
1691	1807	1925
1807	2010	1925
1807	1791	2010
1807	1731	1791
1807	1659	1731
1659	1698	1731
1706	1798	1858
1798	2013	1858
2013	1956	1858
2013	2042	1956
2042	2060	1956
2060	1935	1956
2013	2057	2042
1798	1907	2013
1907	2002	2013
1858	1709	1706
1709	1517	1706
1716	1833	1848
1718	1815	1837
1729	1993	1819
1993	1953	1819
1953	1817	1819
1817	1760	1819
1817	1953	1760
1953	1921	1760
1953	1989	1921
1729	1994	1993
1994	2177	1993
2177	2209	1993
2209	2202	1993
2209	2324	2202
2324	2379	2202
2379	2205	2202
2205	1953	2202
2379	2392	2205
2379	2487	2392
2487	2506	2392
2506	2577	2392
2577	2423	2392
2423	2268	2392
2423	2351	2268
2351	2237	2268
2237	2093	2268
2237	2122	2093
2237	2273	2122
2237	2343	2273
2343	2283	2273
2343	2414	2283
2414	2270	2283
2270	2109	2283
2109	1997	2283
2270	2129	2109
2129	2076	2109
2129	1934	2076
1934	1896	2076
1896	1870	2076
2129	2040	1934
2129	2244	2040
2129	2372	2244
2372	2303	2244
2303	2359	2244
2414	2424	2270
2424	2429	2270
2429	2372	2270
2429	2470	2372
2429	2656	2470
2424	2541	2429
2424	2414	2541
2414	2343	2541
2343	2552	2541
2343	2451	2552
2451	2537	2552
2343	2351	2451
2343	2237	2351
2577	2605	2423
2506	2570	2577
2506	2635	2570
2209	2231	2324
2209	2177	2231
2177	2254	2231
1994	2008	2177
2008	2048	2177
1994	1919	2008
1994	1729	1919
1747	1890	1773
1754	1794	1841
1754	1840	1794
1840	1873	1794
1873	1841	1794
1873	1944	1841
1754	1735	1840
1758	1950	1784
1950	1900	1784
1762	1979	1949
1781	1826	1869
1781	1883	1826
1781	1727	1883
1799	1928	1878
1803	1987	1914
1987	2000	1914
2000	2003	1914
1811	1868	1988
1868	1940	1988
1988	1818	1811
1849	2053	1903
2053	2052	1903
2053	2137	2052
1864	1964	1893
1864	1895	1964
1895	1924	1964
1924	2095	1964
2095	2143	1964
2143	2092	1964
2143	2161	2092
2161	2127	2092
1882	2043	2059
2059	1974	1882
2059	2051	1974
2043	2080	2059
1882	2003	2043
1902	1942	1922
1915	1929	1971
1915	1714	1929
1915	1815	1714
1929	2061	1971
1918	2079	1961
2079	2142	1961
1941	1981	2128
1943	2167	2035
2167	2082	2035
2167	2212	2082
1958	1996	2058
1965	2081	1998
2081	2078	1998
1977	2064	2037
2064	2164	2037
1999	2284	2071
2284	2265	2071
2284	2337	2265
2337	2307	2265
2307	2192	2265
2307	2188	2192
2188	2120	2192
2188	2141	2120
2188	2376	2141
2188	2307	2376
2337	2479	2307
2337	2548	2479
2548	2584	2479
2548	2648	2584
2648	2796	2584
2796	2757	2584
2796	2919	2757
2919	2937	2757
2937	2952	2757
2937	2981	2952
2937	2919	2981
2919	3010	2981
3010	3166	2981
3166	3140	2981
3166	3178	3140
3010	3115	3166
3010	3016	3115
3016	3055	3115
3055	3244	3115
3016	3013	3055
3013	2930	3055
2930	2956	3055
2930	2896	2956
2896	2948	2956
2948	3038	2956
2948	2964	3038
2964	2975	3038
2975	3155	3038
2964	2938	2975
2938	2721	2975
2721	2977	2975
2721	2846	2977
2846	2949	2977
2938	2802	2721
2938	2964	2802
2964	2895	2802
2895	2800	2802
2895	2896	2800
2896	2720	2800
2896	2930	2720
2930	2710	2720
2710	2589	2720
2710	2595	2589
2710	2648	2595
2648	2591	2595
2648	2548	2591
2710	2830	2648
2830	2796	2648
2830	2919	2796
2830	3010	2919
2830	3016	3010
2830	2930	3016
2930	3013	3016
2830	2710	2930
2895	2948	2896
2895	2964	2948
1999	2222	2284
2222	2297	2284
2222	2180	2297
2180	2217	2297
2217	2319	2297
2180	2068	2217
2180	1928	2068
2001	2030	2203
2018	2181	2123
2018	2096	2181
2023	2067	2094
2023	1925	2067
1925	2126	2067
2126	2094	2067
2126	2184	2094
2184	2062	2094
2126	2234	2184
2234	2295	2184
2023	1991	1925
2024	2075	2047
2075	2103	2047
2028	2133	2166
2034	2039	2102
2039	2072	2102
2072	2255	2102
2072	2150	2255
2150	2174	2255
2174	2281	2255
2281	2312	2255
2312	2416	2255
2416	2434	2255
2434	2356	2255
2356	2321	2255
2356	2402	2321
2402	2365	2321
2402	2445	2365
2445	2408	2365
2445	2592	2408
2445	2547	2592
2547	2681	2592
2681	2737	2592
2737	2727	2592
2681	2790	2737
2790	2813	2737
2813	2819	2737
2813	2973	2819
2813	2790	2973
2681	2712	2790
2681	2531	2712
2531	2625	2712
2681	2547	2531
2547	2402	2531
2547	2445	2402
2312	2475	2416
2312	2422	2475
2422	2488	2475
2312	2281	2422
2038	2105	2232
2232	2068	2038
2044	2087	2201
2087	2204	2201
2204	2339	2201
2339	2390	2201
2201	2169	2044
2201	2267	2169
2049	2099	2132
2132	1957	2049
2132	2118	1957
2132	2193	2118
2193	2252	2118
2193	2305	2252
2305	2473	2252
2473	2261	2252
2473	2486	2261
2473	2521	2486
2521	2551	2486
2551	2572	2486
2551	2561	2572
2551	2521	2561
2063	2090	2187
2090	2156	2187
2065	2083	2208
2065	1979	2083
2208	2233	2065
2233	2101	2065
2233	2113	2101
2208	2306	2233
2306	2387	2233
2387	2189	2233
2387	2362	2189
2387	2422	2362
2074	2106	2144
2106	2219	2144
2106	2190	2219
2084	2196	2249
2249	2315	2084
2097	2214	2131
2131	2015	2097
2131	2099	2015
2097	2137	2214
2137	2344	2214
2098	2246	2197
2098	2325	2246
2325	2364	2246
2100	2138	2116
2112	2140	2262
2140	2349	2262
2349	2455	2262
2455	2411	2262
2411	2254	2262
2455	2536	2411
2455	2526	2536
2526	2683	2536
2140	2304	2349
2304	2371	2349
2262	2048	2112
2048	1886	2112
2134	2236	2163
2163	2095	2134
2146	2153	2278
2278	2238	2146
2278	2238	2248
2151	2302	2251
2151	2280	2302
2158	2230	2199
2230	2253	2199
2158	2171	2230
2168	2224	2206
2224	2250	2206
2173	2215	2191
2185	2216	2194
2185	2266	2216
2211	2258	2293
2213	2336	2245
2218	2259	2242
2259	2285	2242
2226	2328	2412
2228	2417	2421
2260	2353	2366
2366	2442	2260
2366	2474	2442
2353	2368	2366
2368	2500	2366
2368	2355	2500
2368	2353	2355
2282	2320	2309
2286	2383	2460
2383	2449	2460
2449	2567	2460
2567	2586	2460
2586	2576	2460
2586	2607	2576
2586	2649	2607
2649	2661	2607
2649	2787	2661
2649	2760	2787
2760	2994	2787
2586	2567	2649
2449	2501	2567
2501	2654	2567
2501	2525	2654
2501	2390	2525
2501	2449	2390
2288	2348	2342
2348	2463	2342
2463	2357	2342
2348	2456	2463
2456	2544	2463
2544	2640	2463
2640	2651	2463
2651	2497	2463
2544	2689	2640
2689	2703	2640
2296	2404	2314
2298	2327	2375
2375	2454	2298
2454	2415	2298
2415	2248	2298
2375	2493	2454
2299	2358	2311
2358	2345	2311
2345	2340	2311
2345	2396	2340
2345	2360	2396
2360	2358	2396
2358	2419	2396
2419	2426	2396
2360	2345	2358
2323	2354	2381
2354	2459	2381
2459	2413	2381
2338	2401	2397
2338	2415	2401
2415	2452	2401
2452	2491	2401
2491	2397	2401
2491	2444	2397
2444	2430	2397
2491	2566	2444
2350	2468	2480
2468	2602	2480
2361	2418	2498
2369	2395	2427
2395	2581	2427
2373	2557	2585
2374	2405	2437
2374	2376	2405
2405	2519	2437
2519	2616	2437
2616	2596	2437
2596	2440	2437
2440	2374	2437
2440	2304	2374
2616	2620	2596
2616	2845	2620
2382	2502	2406
2502	2435	2406
2502	2579	2435
2502	2610	2579
2610	2736	2579
2502	2575	2610
2502	2559	2575
2502	2457	2559
2502	2382	2457
2394	2458	2431
2399	2438	2496
2399	2409	2438
2438	2553	2496
2553	2564	2496
2564	2636	2496
2403	2495	2568
2495	2558	2568
2433	2545	2481
2436	2523	2446
2446	2379	2436
2523	2635	2446
2523	2714	2635
2461	2542	2539
2542	2711	2539
2542	2600	2711
2600	2626	2711
2626	2829	2711
2829	2782	2711
2626	2655	2829
2655	2688	2829
2655	2569	2688
2569	2718	2688
2655	2626	2569
2626	2464	2569
2464	2543	2569
2543	2660	2569
2464	2412	2543
2462	2556	2615
2462	2336	2556
2476	2578	2587
2494	2527	2629
2514	2534	2562
2514	2517	2534
2520	2690	2752
2690	2775	2752
2775	2783	2752
2783	2858	2752
2858	2758	2752
2858	2832	2758
2858	2955	2832
2783	2898	2858
2690	2750	2775
2690	2627	2750
2546	2630	2646
2630	2740	2646
2740	2695	2646
2646	2565	2546
2549	2622	2687
2549	2458	2622
2622	2798	2687
2583	2674	2679
2674	2820	2679
2598	2719	2728
2728	2625	2598
2625	2434	2598
2728	2871	2625
2728	2960	2871
2728	2808	2960
2808	2967	2960
2967	3092	2960
2808	2999	2967
2999	3152	2967
2999	3093	3152
3093	3268	3152
3268	3314	3152
3314	3292	3152
3314	3445	3292
3445	3336	3292
3445	3394	3336
3394	3260	3336
3314	3435	3445
3435	3472	3445
3472	3583	3445
3472	3619	3583
3619	3739	3583
3619	3650	3739
3619	3472	3650
3472	3465	3650
3465	3644	3650
3644	3707	3650
3644	3509	3707
3509	3573	3707
3573	3646	3707
3646	3814	3707
3646	3749	3814
3646	3629	3749
3629	3789	3749
3789	3957	3749
3629	3677	3789
3629	3625	3677
3625	3747	3677
3625	3688	3747
3625	3480	3688
3480	3541	3688
3541	3614	3688
3541	3518	3614
3541	3491	3518
3541	3480	3491
3625	3421	3480
3629	3430	3625
3573	3448	3646
3644	3465	3509
3465	3457	3509
3472	3435	3465
3314	3268	3435
3093	3285	3268
2999	2995	3093
2995	3088	3093
2728	2719	2808
2719	2748	2808
2719	2722	2748
2722	2767	2748
2598	2488	2719
2608	2623	2746
2623	2605	2746
2746	2773	2608
2746	2874	2773
2746	2869	2874
2746	2899	2869
2609	2755	2725
2755	2911	2725
2755	2936	2911
2936	3035	2911
3035	3076	2911
3076	2885	2911
3076	3110	2885
3110	3073	2885
3073	2865	2885
2865	2831	2885
2865	2815	2831
2865	2985	2815
2985	2913	2815
2985	2923	2913
2923	2803	2913
2923	2941	2803
2941	2909	2803
2909	2872	2803
2872	2827	2803
2827	2611	2803
2827	2618	2611
2872	2910	2827
2872	3044	2910
3044	3020	2910
3020	2932	2910
3020	3079	2932
3020	3044	3079
3044	3189	3079
3044	3232	3189
3232	3413	3189
3232	3447	3413
3447	3609	3413
3609	3488	3413
3447	3615	3609
3615	3684	3609
3615	3728	3684
3447	3493	3615
3493	3623	3615
3493	3450	3623
3450	3476	3623
3493	3447	3450
3447	3326	3450
3447	3232	3326
2872	2909	3044
2909	3126	3044
2909	2941	3126
2941	3100	3126
2941	2923	3100
2923	2985	3100
2865	3057	2985
2865	3073	3057
3110	3094	3073
2936	2978	3035
2978	3032	3035
2978	2849	3032
2849	2887	3032
2849	2833	2887
2833	2915	2887
2978	2936	2849
2936	2755	2849
2612	2619	2694
2619	2727	2694
2694	2708	2612
2637	2764	2761
2764	2922	2761
2922	2785	2761
2637	2702	2764
2643	2645	2791
2650	2734	2741
2734	2893	2741
2662	2768	2706
2768	2805	2706
2805	2776	2706
2805	2804	2776
2805	2905	2804
2805	2792	2905
2805	2768	2792
2675	2863	2709
2693	2779	2774
2774	2886	2693
2886	2842	2693
2842	2853	2693
2853	2777	2693
2842	2886	2853
2886	2988	2853
2988	3005	2853
2988	3030	3005
2886	2929	2988
2929	3082	2988
3082	3003	2988
3082	3014	3003
2929	2951	3082
2951	3070	3082
3070	3125	3082
3125	3156	3082
3125	3174	3156
3125	3280	3174
2951	3039	3070
2886	2779	2929
2886	2774	2779
2704	2730	2766
2730	2843	2766
2730	2931	2843
2931	2902	2843
2931	3042	2902
3042	3037	2902
2707	2875	2717
2715	2799	2739
2739	2656	2715
2656	2667	2715
2799	2834	2739
2834	2627	2739
2715	2900	2799
2724	2835	2762
2729	2826	2906
2826	2912	2906
2912	2962	2906
2912	2989	2962
2989	3033	2962
2989	3218	3033
2912	2984	2989
2912	2826	2984
2733	2880	2812
2738	2823	2744
2744	2660	2738
2754	2847	2789
2765	2778	2825
2825	2916	2765
2770	2954	2897
2897	2714	2770
2897	2925	2714
2925	2888	2714
2897	3069	2925
3069	3113	2925
3069	3201	3113
3069	3179	3201
3069	3085	3179
3085	3183	3179
3085	3051	3183
3051	3226	3183
3051	3148	3226
3148	3321	3226
3085	2954	3051
2954	2917	3051
2954	2770	2917
2770	2709	2917
3085	3069	2954
3069	2897	2954
2781	2838	2924
2838	2862	2924
2794	2914	2810
2794	2795	2914
2795	2918	2914
2807	2927	2933
2927	2993	2933
2993	3131	2933
2993	3117	3131
2993	2927	3117
2927	3068	3117
3068	3098	3117
2818	2850	2852
2850	2963	2852
2963	2904	2852
2850	3036	2963
3036	3067	2963
2877	3086	3000
2878	2894	2882
2878	2984	2894
2984	3080	2894
2984	3180	3080
3180	3238	3080
3238	3305	3080
3238	3422	3305
3238	3384	3422
3238	3180	3384
2920	3028	2996
2928	2983	3072
2928	2845	2983
2928	2879	2845
2983	3202	3072
3202	3159	3072
3159	3006	3072
3006	2928	3072
2983	3041	3202
2935	3119	3090
3119	3300	3090
3300	3088	3090
3300	3285	3088
2947	3002	2969
3002	3078	2969
3078	2992	2969
3078	3040	2992
2969	2847	2947
2959	3045	2982
3045	3129	2982
2982	2875	2959
2982	2901	2875
2961	3104	3121
3104	3187	3121
2979	3031	3015
3015	2986	2979
3015	3031	2986
2979	3064	3031
2979	3063	3064
2990	3136	3185
3136	3150	3185
3150	3307	3185
3150	3281	3307
3281	3388	3307
3388	3405	3307
3405	3350	3307
3388	3456	3405
3456	3462	3405
3388	3427	3456
3388	3283	3427
3283	3432	3427
3283	3284	3432
3284	3332	3432
3332	3505	3432
3284	3236	3332
3236	3224	3332
3284	3283	3236
3283	3240	3236
3240	3096	3236
3283	3257	3240
3257	3151	3240
3257	3281	3151
3281	3150	3151
3257	3388	3281
3257	3283	3388
3185	3255	2990
2998	3233	3122
3004	3133	3153
3019	3077	3143
3077	3112	3143
3112	3228	3143
3112	3219	3228
3219	3359	3228
3112	3171	3219
3021	3087	3123
3024	3184	3056
3029	3052	3108
3029	2922	3052
2922	2980	3052
3034	3132	3124
3132	3231	3124
3231	3145	3124
3231	3168	3145
3034	3114	3132
3050	3216	3127
3216	3160	3127
3216	3188	3160
3053	3248	3164
3061	3105	3181
3065	3161	3102
3075	3118	3264
3118	3279	3264
3279	3402	3264
3279	3386	3402
3083	3135	3162
3135	3175	3162
3162	3278	3083
3091	3209	3290
3209	3313	3290
3209	3345	3313
3345	3522	3313
3345	3527	3522
3527	3661	3522
3661	3662	3522
3662	3659	3522
3659	3572	3522
3572	3498	3522
3659	3674	3572
3345	3458	3527
3458	3543	3527
3345	3319	3458
3319	3335	3458
3345	3209	3319
3103	3120	3163
3120	3215	3163
3215	3206	3163
3206	3103	3163
3120	3134	3215
3134	3247	3215
3134	3176	3247
3176	3277	3247
3138	3327	3200
3138	3383	3327
3383	3503	3327
3503	3412	3327
3503	3532	3412
3532	3562	3412
3562	3565	3412
3562	3675	3565
3675	3676	3565
3562	3532	3675
3165	3227	3204
3170	3186	3272
3186	3225	3272
3225	3320	3272
3320	3377	3272
3320	3460	3377
3320	3349	3460
3320	3225	3349
3225	3197	3349
3225	3186	3197
3177	3245	3208
3192	3222	3276
3276	3262	3192
3262	3256	3192
3210	3234	3287
3212	3294	3274
3214	3301	3249
3301	3315	3249
3229	3297	3390
3297	3378	3390
3297	3298	3378
3237	3288	3254
3239	3251	3273
3251	3304	3273
3239	3038	3251
3241	3265	3308
3242	3425	3381
3381	3202	3242
3381	3406	3202
3381	3524	3406
3381	3425	3524
3243	3295	3403
3295	3400	3403
3400	3452	3403
3452	3455	3403
3452	3608	3455
3608	3580	3455
3580	3548	3455
3400	3428	3452
3261	3357	3302
3302	3269	3261
3302	3355	3269
3355	3340	3269
3355	3474	3340
3474	3486	3340
3486	3351	3340
3302	3357	3355
3261	3354	3357
3266	3408	3325
3408	3442	3325
3442	3385	3325
3442	3487	3385
3442	3564	3487
3266	3409	3408
3289	3401	3495
3291	3379	3293
3379	3407	3293
3407	3360	3293
3407	3426	3360
3407	3492	3426
3492	3489	3426
3489	3454	3426
3489	3512	3454
3512	3441	3454
3489	3563	3512
3563	3590	3512
3590	3604	3512
3590	3632	3604
3632	3666	3604
3666	3605	3604
3666	3647	3605
3647	3608	3605
3632	3810	3666
3810	3836	3666
3810	3843	3836
3590	3658	3632
3590	3563	3658
3563	3549	3658
3549	3649	3658
3563	3489	3549
3489	3492	3549
3492	3513	3549
3492	3517	3513
3407	3379	3492
3299	3339	3411
3411	3382	3299
3411	3451	3382
3451	3499	3382
3306	3318	3334
3334	3231	3306
3334	3291	3231
3309	3420	3312
3420	3453	3312
3453	3367	3312
3420	3439	3453
3439	3578	3453
3323	3444	3519
3444	3525	3519
3525	3660	3519
3525	3569	3660
3525	3444	3569
3519	3443	3323
3443	3248	3323
3519	3587	3443
3324	3375	3410
3410	3396	3324
3330	3479	3342
3333	3399	3376
3333	3351	3399
3351	3544	3399
3333	3263	3351
3333	3187	3263
3333	3376	3187
3399	3397	3376
3399	3483	3397
3337	3372	3392
3372	3560	3392
3560	3534	3392
3372	3469	3560
3469	3624	3560
3624	3711	3560
3711	3734	3560
3624	3656	3711
3624	3595	3656
3624	3469	3595
3469	3499	3595
3392	3251	3337
3251	3155	3337
3356	3387	3438
3358	3537	3466
3365	3540	3528
3540	3720	3528
3720	3726	3528
3726	3508	3528
3393	3510	3459
3510	3557	3459
3557	3575	3459
3395	3500	3546
3404	3434	3461
3417	3516	3506
3417	3538	3516
3538	3627	3516
3627	3651	3516
3651	3553	3516
3553	3506	3516
3651	3686	3553
3686	3539	3553
3651	3714	3686
3714	3756	3686
3714	3839	3756
3714	3840	3839
3651	3636	3714
3651	3627	3636
3627	3538	3636
3419	3463	3631
3463	3574	3631
3574	3765	3631
3631	3628	3419
3628	3423	3419
3424	3556	3449
3556	3602	3449
3556	3699	3602
3699	3725	3602
3725	3668	3602
3668	3569	3602
3668	3729	3569
3668	3725	3729
3699	3903	3725
3903	3963	3725
3699	3794	3903
3794	3958	3903
3794	3927	3958
3927	4023	3958
3927	3815	4023
3815	4019	4023
4019	4156	4023
4156	4217	4023
4019	4084	4156
3927	3759	3815
3927	3794	3759
3699	3622	3794
3699	3556	3622
3556	3424	3622
3429	3470	3497
3433	3577	3535
3577	3670	3535
3670	3596	3535
3670	3745	3596
3670	3736	3745
3736	3827	3745
3736	3786	3827
3786	3867	3827
3867	3929	3827
3786	3887	3867
3786	3770	3887
3770	3937	3887
3937	3999	3887
3999	4038	3887
3999	4069	4038
4069	4139	4038
3999	3976	4069
3976	4189	4069
3976	4152	4189
4152	4230	4189
4230	4360	4189
3976	3944	4152
3999	3937	3976
3786	3708	3770
3708	3689	3770
3708	3552	3689
3552	3524	3689
3708	3577	3552
3708	3736	3577
3736	3670	3577
3708	3786	3736
3471	3561	3566
3561	3737	3566
3561	3700	3737
3700	3776	3737
3776	3845	3737
3845	3799	3737
3776	3854	3845
3776	3910	3854
3910	4034	3854
3776	3813	3910
3813	3856	3910
3813	3777	3856
3700	3672	3776
3473	3611	3490
3496	3545	3568
3496	3523	3545
3523	3607	3545
3523	3582	3607
3582	3694	3607
3694	3738	3607
3694	3784	3738
3784	3920	3738
3920	3917	3738
3917	3863	3738
3917	3941	3863
3941	3949	3863
3949	3820	3863
3949	3936	3820
3936	3824	3820
3941	3981	3949
3941	3917	3981
3917	4059	3981
3917	3920	4059
3920	3972	4059
3972	4158	4059
3920	3915	3972
3920	3784	3915
3694	3706	3784
3706	3761	3784
3761	3893	3784
3761	3783	3893
3783	3904	3893
3783	3877	3904
3877	3925	3904
3925	4052	3904
4052	4089	3904
4052	4131	4089
4131	4247	4089
4247	4188	4089
4247	4261	4188
4261	4235	4188
4261	4318	4235
4318	4290	4235
4318	4314	4290
4314	4288	4290
4288	4258	4290
4258	4158	4290
4288	4313	4258
4288	4314	4313
4318	4439	4314
4247	4251	4261
4247	4222	4251
4222	4282	4251
4222	4168	4282
4222	4131	4168
4131	4120	4168
4120	4129	4168
4120	4025	4129
4120	4052	4025
4052	3925	4025
4120	4131	4052
4222	4247	4131
3706	3599	3761
3706	3582	3599
3706	3694	3582
3502	3638	3655
3638	3742	3655
3638	3639	3742
3639	3853	3742
3853	3857	3742
3853	3994	3857
3639	3809	3853
3511	3550	3579
3550	3641	3579
3641	3645	3579
3645	3586	3579
3521	3722	3705
3542	3626	3567
3551	3589	3618
3589	3680	3618
3680	3630	3618
3630	3551	3618
3680	3750	3630
3559	3593	3613
3592	3621	3635
3597	3727	3697
3697	3673	3597
3673	3537	3597
3601	3682	3603
3682	3671	3603
3671	3620	3603
3610	3730	3751
3751	3652	3610
3751	3782	3652
3782	3772	3652
3612	3717	3640
3616	3698	3653
3698	3808	3653
3808	3721	3653
3808	3830	3721
3808	3876	3830
3808	3842	3876
3842	3911	3876
3808	3698	3842
3617	3657	3679
3643	3767	3710
3767	3788	3710
3648	3667	3760
3760	3763	3648
3763	3687	3648
3760	3848	3763
3664	3718	3685
3664	3781	3718
3781	3685	3718
3781	3831	3685
3781	3899	3831
3781	3801	3899
3781	3664	3801
3681	3861	3715
3861	3882	3715
3861	3897	3882
3897	3986	3882
3986	3947	3882
3947	3881	3882
3947	4007	3881
4007	4005	3881
3947	4054	4007
3947	3986	4054
3986	4076	4054
4076	4085	4054
4076	4109	4085
4109	4178	4085
4178	4143	4085
4178	4206	4143
4206	4249	4143
4249	4060	4143
4206	4315	4249
4315	4344	4249
4344	4256	4249
4256	4228	4249
4256	4212	4228
4212	4140	4228
4140	4067	4228
4140	4072	4067
4140	4122	4072
4122	4003	4072
4122	4018	4003
4122	4174	4018
4174	3996	4018
4122	4210	4174
4210	4248	4174
4248	4286	4174
4286	4211	4174
4286	4321	4211
4286	4326	4321
4326	4403	4321
4326	4401	4403
4401	4462	4403
4462	4402	4403
4462	4481	4402
4481	4419	4402
4481	4480	4419
4480	4393	4419
4480	4355	4393
4355	4285	4393
4481	4587	4480
4587	4522	4480
4587	4616	4522
4587	4659	4616
4659	4687	4616
4687	4647	4616
4687	4708	4647
4708	4539	4647
4708	4646	4539
4708	4727	4646
4727	4629	4646
4727	4707	4629
4727	4741	4707
4741	4792	4707
4792	4775	4707
4775	4683	4707
4683	4537	4707
4683	4499	4537
4499	4383	4537
4383	4475	4537
4383	4353	4475
4353	4504	4475
4792	4832	4775
4832	4825	4775
4832	4890	4825
4890	4805	4825
4890	4881	4805
4881	4779	4805
4779	4777	4805
4779	4664	4777
4779	4717	4664
4779	4778	4717
4778	4740	4717
4779	4800	4778
4800	4837	4778
4800	4945	4837
4945	4906	4837
4906	4853	4837
4906	4988	4853
4988	4966	4853
4966	4878	4853
4878	4823	4853
4988	4991	4966
4991	4982	4966
4991	5021	4982
5021	5001	4982
5021	5069	5001
5069	5067	5001
5067	5053	5001
5067	5062	5053
5062	5016	5053
5062	5047	5016
5047	5027	5016
5027	4983	5016
5027	5000	4983
5000	5015	4983
5015	4921	4983
5015	4978	4921
4978	4824	4921
4978	4817	4824
5015	5035	4978
5035	5052	4978
5052	4975	4978
5052	5011	4975
5011	4985	4975
4985	4927	4975
4927	4786	4975
4786	4817	4975
4927	4745	4786
4745	4719	4786
4719	4674	4786
4719	4557	4674
4557	4540	4674
4540	4613	4674
4557	4395	4540
4557	4456	4395
4456	4297	4395
4297	4329	4395
4557	4544	4456
4927	4879	4745
4879	4842	4745
4842	4689	4745
4689	4675	4745
4842	4802	4689
4802	4762	4689
4842	4845	4802
4845	4774	4802
4845	4891	4774
4891	4830	4774
4891	4870	4830
4870	4838	4830
4838	4794	4830
4838	4831	4794
4831	4755	4794
4755	4718	4794
4755	4728	4718
4728	4632	4718
4632	4680	4718
4632	4625	4680
4632	4612	4625
4612	4568	4625
4568	4571	4625
4568	4505	4571
4505	4440	4571
4440	4495	4571
4495	4628	4571
4440	4464	4495
4440	4325	4464
4440	4274	4325
4274	4259	4325
4259	4260	4325
4259	4073	4260
4073	4250	4260
4250	4268	4260
4440	4269	4274
4440	4434	4269
4440	4505	4434
4568	4508	4505
4612	4555	4568
4612	4498	4555
4612	4627	4498
4627	4507	4498
4612	4632	4627
4632	4728	4627
4728	4671	4627
4671	4673	4627
4671	4728	4673
4728	4691	4673
4728	4797	4691
4728	4822	4797
4822	4859	4797
4859	4880	4797
4859	4997	4880
4997	4932	4880
4997	4996	4932
4996	4972	4932
4972	4888	4932
4972	4846	4888
4972	4922	4846
4996	5040	4972
4996	5017	5040
5017	5054	5040
5054	5057	5040
5057	5055	5040
5057	5079	5055
5079	5064	5055
5064	5038	5055
5038	4959	5055
5038	5039	4959
5039	4971	4959
4971	4902	4959
4902	4907	4959
4902	4869	4907
4902	4857	4869
4902	4898	4857
4898	4947	4857
4947	4849	4857
4947	4899	4849
4947	4979	4899
4979	5003	4899
5003	5009	4899
5009	4987	4899
4987	4883	4899
4883	4826	4899
4883	4863	4826
4863	4749	4826
4749	4761	4826
4761	4787	4826
4761	4700	4787
4700	4810	4787
4700	4808	4810
4761	4713	4700
4713	4636	4700
4636	4622	4700
4622	4617	4700
4761	4749	4713
4749	4676	4713
4749	4767	4676
4767	4693	4676
4767	4694	4693
4694	4677	4693
4677	4581	4693
4677	4658	4581
4658	4550	4581
4658	4600	4550
4600	4509	4550
4509	4417	4550
4509	4426	4417
4509	4442	4426
4509	4561	4442
4509	4631	4561
4631	4665	4561
4665	4579	4561
4509	4600	4631
4677	4756	4658
4756	4790	4658
4756	4806	4790
4806	4836	4790
4836	4873	4790
4873	4840	4790
4840	4764	4790
4840	4804	4764
4840	4868	4804
4868	4847	4804
4847	4799	4804
4847	4833	4799
4833	4785	4799
4833	4856	4785
4856	4835	4785
4835	4813	4785
4813	4739	4785
4813	4760	4739
4760	4735	4739
4813	4866	4760
4813	4835	4866
4835	4889	4866
4889	4900	4866
4900	4874	4866
4900	4901	4874
4901	4916	4874
4916	4872	4874
4872	4811	4874
4872	4819	4811
4819	4768	4811
4819	4759	4768
4759	4723	4768
4759	4692	4723
4692	4639	4723
4692	4660	4639
4872	4875	4819
4875	4864	4819
4864	4841	4819
4841	4816	4819
4841	4818	4816
4818	4780	4816
4818	4828	4780
4828	4783	4780
4783	4772	4780
4783	4748	4772
4748	4732	4772
4732	4730	4772
4730	4716	4772
4730	4666	4716
4666	4660	4716
4730	4651	4666
4730	4732	4651
4732	4696	4651
4696	4642	4651
4642	4610	4651
4642	4596	4610
4642	4590	4596
4642	4620	4590
4620	4563	4590
4563	4458	4590
4563	4450	4458
4450	4397	4458
4450	4336	4397
4336	4364	4397
4450	4486	4336
4486	4379	4336
4379	4322	4336
4379	4363	4322
4363	4302	4322
4363	4347	4302
4347	4263	4302
4263	4227	4302
4227	4231	4302
4227	4162	4231
4162	4177	4231
4162	4117	4177
4117	4090	4177
4162	4128	4117
4128	4029	4117
4162	4130	4128
4162	4227	4130
4227	4214	4130
4214	4159	4130
4159	4096	4130
4159	4132	4096
4132	4075	4096
4075	4041	4096
4041	3987	4096
4041	4002	3987
4002	3875	3987
4002	3948	3875
4002	4022	3948
4022	4024	3948
4024	3946	3948
4024	4032	3946
4032	4036	3946
4032	4068	4036
4032	4071	4068
4071	4110	4068
4110	4218	4068
4110	4267	4218
4267	4289	4218
4289	4204	4218
4204	4190	4218
4204	4160	4190
4204	4292	4160
4292	4175	4160
4175	4164	4160
4164	4135	4160
4135	4065	4160
4135	4076	4065
4076	3982	4065
3982	3955	4065
3955	3990	4065
3955	3950	3990
3955	3871	3950
3955	3895	3871
3895	3804	3871
3895	3861	3804
3895	3897	3861
3895	3926	3897
3926	3986	3897
3926	3982	3986
3982	4076	3986
3926	3955	3982
3926	3895	3955
4135	4109	4076
4135	4233	4109
4233	4178	4109
4233	4243	4178
4243	4206	4178
4243	4316	4206
4316	4305	4206
4305	4315	4206
4305	4333	4315
4333	4369	4315
4369	4432	4315
4432	4422	4315
4422	4344	4315
4422	4391	4344
4391	4294	4344
4294	4256	4344
4294	4212	4256
4294	4308	4212
4308	4215	4212
4215	4140	4212
4215	4122	4140
4215	4210	4122
4215	4248	4210
4215	4308	4248
4308	4330	4248
4330	4326	4248
4326	4286	4248
4330	4359	4326
4359	4401	4326
4359	4437	4401
4437	4511	4401
4511	4513	4401
4513	4462	4401
4513	4481	4462
4513	4587	4481
4513	4621	4587
4621	4659	4587
4621	4678	4659
4678	4714	4659
4714	4687	4659
4714	4782	4687
4782	4757	4687
4757	4708	4687
4757	4789	4708
4789	4727	4708
4789	4815	4727
4815	4741	4727
4815	4792	4741
4815	4895	4792
4895	4908	4792
4908	4832	4792
4908	4923	4832
4923	4890	4832
4923	4937	4890
4937	4881	4890
4937	4936	4881
4936	4945	4881
4945	4800	4881
4800	4779	4881
4936	4980	4945
4980	5031	4945
5031	5020	4945
5020	4988	4945
4988	4906	4945
5020	5002	4988
5002	4991	4988
5002	5021	4991
5002	5048	5021
5048	5069	5021
5048	5076	5069
5076	5090	5069
5090	5097	5069
5097	5106	5069
5106	5067	5069
5106	5087	5067
5087	5062	5067
5087	5047	5062
5087	5091	5047
5091	5044	5047
5044	5027	5047
5044	5000	5027
5044	5015	5000
5044	5035	5015
5044	5065	5035
5065	5052	5035
5065	5085	5052
5085	5104	5052
5104	5082	5052
5082	5060	5052
5060	5018	5052
5018	5011	5052
5018	4985	5011
5018	5006	4985
5006	4938	4985
4938	4927	4985
4938	4879	4927
4938	4876	4879
4876	4842	4879
4876	4940	4842
4940	4845	4842
4940	4977	4845
4977	4891	4845
4977	5023	4891
5023	4929	4891
4929	4870	4891
4929	4933	4870
4933	4925	4870
4925	4858	4870
4858	4838	4870
4858	4831	4838
4858	4855	4831
4855	4822	4831
4822	4755	4831
4822	4728	4755
4855	4859	4822
4855	4925	4859
4925	4997	4859
4925	5017	4997
5017	4996	4997
4925	4989	5017
4989	5022	5017
5022	5058	5017
5058	5054	5017
5058	5075	5054
5075	5057	5054
5075	5092	5057
5092	5079	5057
5092	5098	5079
5098	5064	5079
5098	5089	5064
5089	5046	5064
5046	5038	5064
5046	5039	5038
5046	5089	5039
5089	5113	5039
5089	5098	5113
5098	5118	5113
5118	5110	5113
5118	5128	5110
5128	5101	5110
5101	5095	5110
5095	5066	5110
5095	5029	5066
5029	5009	5066
5009	5003	5066
5003	5032	5066
5003	4979	5032
4979	4971	5032
4971	5039	5032
4979	4947	4971
4947	4898	4971
4898	4902	4971
5029	4987	5009
5029	4960	4987
4960	4920	4987
4920	4883	4987
4920	4863	4883
4920	4960	4863
4960	4893	4863
4893	4814	4863
4814	4767	4863
4767	4749	4863
4814	4756	4767
4756	4694	4767
4756	4677	4694
4814	4791	4756
4791	4806	4756
4791	4836	4806
4791	4852	4836
4852	4903	4836
4903	4873	4836
4903	4930	4873
4930	4963	4873
4963	4897	4873
4897	4840	4873
4897	4868	4840
4897	4885	4868
4885	4847	4868
4885	4918	4847
4918	4856	4847
4856	4833	4847
4918	4911	4856
4911	4889	4856
4889	4835	4856
4911	4941	4889
4941	4900	4889
4941	4952	4900
4952	4901	4900
4952	4944	4901
4944	4916	4901
4944	4934	4916
4934	4872	4916
4934	4875	4872
4934	4905	4875
4905	4864	4875
4905	4904	4864
4904	4867	4864
4867	4841	4864
4867	4844	4841
4844	4828	4841
4828	4818	4841
4844	4827	4828
4827	4796	4828
4796	4783	4828
4796	4770	4783
4796	4820	4770
4820	4807	4770
4807	4769	4770
4769	4729	4770
4769	4725	4729
4725	4685	4729
4685	4699	4729
4699	4712	4729
4699	4698	4712
4698	4748	4712
4698	4695	4748
4695	4696	4748
4696	4732	4748
4695	4642	4696
4695	4620	4642
4695	4698	4620
4698	4588	4620
4588	4558	4620
4558	4563	4620
4558	4450	4563
4558	4486	4450
4558	4524	4486
4524	4490	4486
4490	4379	4486
4490	4438	4379
4438	4363	4379
4438	4455	4363
4455	4407	4363
4407	4347	4363
4407	4373	4347
4373	4263	4347
4373	4317	4263
4317	4237	4263
4237	4209	4263
4209	4214	4263
4214	4227	4263
4209	4159	4214
4209	4132	4159
4209	4237	4132
4237	4173	4132
4173	4108	4132
4108	4075	4132
4108	4071	4075
4071	4022	4075
4022	4002	4075
4002	4041	4075
4071	4024	4022
4071	4032	4024
4108	4173	4071
4173	4110	4071
4173	4267	4110
4173	4317	4267
4317	4310	4267
4310	4289	4267
4310	4337	4289
4337	4292	4289
4292	4204	4289
4310	4356	4337
4356	4415	4337
4356	4387	4415
4387	4491	4415
4491	4515	4415
4491	4567	4515
4567	4570	4515
4570	4546	4515
4546	4520	4515
4520	4431	4515
4520	4432	4431
4432	4369	4431
4520	4466	4432
4466	4422	4432
4466	4503	4422
4503	4391	4422
4503	4479	4391
4479	4411	4391
4411	4294	4391
4411	4377	4294
4377	4308	4294
4377	4330	4308
4377	4359	4330
4377	4437	4359
4377	4465	4437
4465	4526	4437
4526	4511	4437
4526	4554	4511
4554	4609	4511
4609	4594	4511
4594	4513	4511
4594	4621	4513
4594	4641	4621
4641	4686	4621
4686	4678	4621
4686	4722	4678
4722	4714	4678
4722	4750	4714
4750	4784	4714
4784	4782	4714
4784	4803	4782
4803	4798	4782
4798	4757	4782
4798	4789	4757
4798	4862	4789
4862	4815	4789
4862	4896	4815
4896	4895	4815
4896	4976	4895
4976	4973	4895
4973	4949	4895
4949	4908	4895
4949	4950	4908
4950	4923	4908
4950	4965	4923
4965	4964	4923
4964	4937	4923
4964	4994	4937
4994	4980	4937
4980	4936	4937
4994	5031	4980
4994	5013	5031
5013	5068	5031
5068	5050	5031
5050	5020	5031
5050	5002	5020
5050	5076	5002
5076	5048	5002
5050	5094	5076
5094	5090	5076
5094	5097	5090
5094	5119	5097
5119	5106	5097
5119	5126	5106
5126	5127	5106
5127	5100	5106
5100	5087	5106
5100	5091	5087
5100	5093	5091
5093	5085	5091
5085	5044	5091
5085	5065	5044
5093	5104	5085
5093	5112	5104
5112	5103	5104
5103	5082	5104
5103	5107	5082
5107	5071	5082
5071	5060	5082
5071	5019	5060
5019	5006	5060
5006	5018	5060
5019	4977	5006
4977	4940	5006
4940	4938	5006
4940	4876	4938
5019	5030	4977
5030	5023	4977
5030	5036	5023
5036	4989	5023
4989	4929	5023
4989	4933	4929
4989	4925	4933
5036	5022	4989
5036	5058	5022
5036	5083	5058
5083	5075	5058
5083	5092	5075
5083	5102	5092
5102	5098	5092
5102	5116	5098
5116	5118	5098
5116	5123	5118
5123	5128	5118
5116	5122	5123
5122	5125	5123
5122	5112	5125
5112	5120	5125
5112	5093	5120
5093	5121	5120
5121	5129	5120
5121	5127	5129
5127	5126	5129
5121	5100	5127
5121	5093	5100
5122	5103	5112
5122	5107	5103
5122	5116	5107
5116	5099	5107
5099	5086	5107
5086	5071	5107
5086	5030	5071
5030	5019	5071
5086	5083	5030
5083	5036	5030
5086	5099	5083
5099	5102	5083
5099	5116	5102
5119	5124	5126
5119	5117	5124
5117	5115	5124
5117	5111	5115
5111	5109	5115
5109	5096	5115
5109	5088	5096
5088	5037	5096
5037	5056	5096
5056	5080	5096
5056	5059	5080
5059	5101	5080
5059	5095	5101
5059	5029	5095
5059	4986	5029
4986	4960	5029
4986	4981	4960
4981	4893	4960
4981	4919	4893
4919	4814	4893
4919	4852	4814
4852	4791	4814
4919	4903	4852
4919	4935	4903
4935	4951	4903
4951	4930	4903
4951	4963	4930
4951	4970	4963
4970	4993	4963
4993	4974	4963
4974	4946	4963
4946	4897	4963
4946	4955	4897
4955	4885	4897
4955	4948	4885
4948	4918	4885
4948	4958	4918
4958	4911	4918
4958	4941	4911
4958	4969	4941
4969	4952	4941
4969	4998	4952
4998	4957	4952
4957	4944	4952
4957	4962	4944
4962	4934	4944
4962	4961	4934
4961	4905	4934
4961	4904	4905
4961	4915	4904
4915	4882	4904
4882	4867	4904
4882	4860	4867
4860	4844	4867
4860	4843	4844
4843	4827	4844
4843	4820	4827
4820	4796	4827
4843	4854	4820
4854	4850	4820
4850	4807	4820
4850	4801	4807
4801	4769	4807
4801	4763	4769
4763	4725	4769
4763	4715	4725
4715	4697	4725
4697	4685	4725
4697	4648	4685
4648	4657	4685
4657	4672	4685
4672	4699	4685
4672	4657	4699
4657	4698	4699
4657	4588	4698
4657	4586	4588
4586	4559	4588
4559	4558	4588
4559	4524	4558
4559	4496	4524
4496	4490	4524
4496	4438	4490
4496	4455	4438
4496	4519	4455
4519	4514	4455
4514	4491	4455
4491	4407	4455
4491	4387	4407
4387	4373	4407
4387	4317	4373
4387	4335	4317
4335	4310	4317
4335	4356	4310
4335	4387	4356
4514	4567	4491
4514	4576	4567
4576	4570	4567
4576	4575	4570
4575	4546	4570
4575	4556	4546
4556	4520	4546
4556	4503	4520
4503	4466	4520
4556	4521	4503
4521	4479	4503
4521	4465	4479
4465	4411	4479
4465	4377	4411
4521	4526	4465
4521	4564	4526
4564	4569	4526
4569	4603	4526
4603	4554	4526
4603	4643	4554
4643	4609	4554
4643	4661	4609
4661	4641	4609
4641	4594	4609
4661	4670	4641
4670	4688	4641
4688	4686	4641
4688	4751	4686
4751	4722	4686
4751	4750	4722
4751	4784	4750
4751	4776	4784
4776	4848	4784
4848	4871	4784
4871	4803	4784
4871	4884	4803
4884	4877	4803
4877	4839	4803
4839	4798	4803
4839	4862	4798
4839	4877	4862
4877	4910	4862
4910	4896	4862
4910	4931	4896
4931	4976	4896
4931	4942	4976
4942	4990	4976
4990	5033	4976
5033	5025	4976
5025	4973	4976
5025	5008	4973
5008	4950	4973
4950	4949	4973
5008	4965	4950
5008	5034	4965
5034	5013	4965
5013	4964	4965
5013	4994	4964
5034	5068	5013
5034	5073	5068
5073	5105	5068
5105	5094	5068
5094	5050	5068
5105	5114	5094
5114	5117	5094
5117	5119	5094
5114	5111	5117
5034	5008	5073
5008	5078	5073
5008	5025	5078
5025	5072	5078
5072	5081	5078
5081	5084	5078
5084	5108	5078
5084	5074	5108
5074	5070	5108
5074	5051	5070
5051	5042	5070
5051	5010	5042
5010	5012	5042
5012	5043	5042
5012	4993	5043
4993	5028	5043
5028	5049	5043
5049	5063	5043
5049	5077	5063
5049	5088	5077
5088	5111	5077
5088	5109	5111
5049	5037	5088
5049	5028	5037
5028	5004	5037
5004	5026	5037
5026	5056	5037
5026	5059	5056
5026	4981	5059
4981	4986	5059
5026	4935	4981
4935	4919	4981
5026	5004	4935
5004	4970	4935
4970	4951	4935
5004	4993	4970
5004	5028	4993
5012	4974	4993
5012	4999	4974
4999	4955	4974
4955	4946	4974
4999	4948	4955
4999	5010	4948
5010	5024	4948
5024	4958	4948
5024	4984	4958
4984	4969	4958
4984	4998	4969
4984	5005	4998
5005	5014	4998
5014	4962	4998
4962	4957	4998
5014	4992	4962
4992	4968	4962
4968	4961	4962
4968	4956	4961
4956	4943	4961
4943	4915	4961
4943	4926	4915
4926	4912	4915
4912	4882	4915
4912	4892	4882
4892	4860	4882
4892	4854	4860
4854	4843	4860
4892	4850	4854
4892	4894	4850
4894	4848	4850
4848	4801	4850
4848	4776	4801
4776	4773	4801
4773	4763	4801
4773	4753	4763
4753	4733	4763
4733	4715	4763
4733	4649	4715
4649	4634	4715
4634	4697	4715
4634	4637	4697
4637	4648	4697
4637	4611	4648
4611	4577	4648
4577	4604	4648
4604	4657	4648
4604	4586	4657
4604	4528	4586
4528	4559	4586
4528	4496	4559
4528	4519	4496
4528	4577	4519
4577	4547	4519
4547	4514	4519
4547	4576	4514
4547	4619	4576
4619	4605	4576
4605	4575	4576
4605	4556	4575
4605	4521	4556
4605	4564	4521
4605	4634	4564
4634	4603	4564
4603	4569	4564
4634	4649	4603
4649	4643	4603
4649	4733	4643
4733	4661	4643
4733	4670	4661
4733	4688	4670
4733	4753	4688
4753	4776	4688
4776	4751	4688
4753	4773	4776
4605	4619	4634
4619	4637	4634
4619	4611	4637
4619	4547	4611
4547	4583	4611
4583	4577	4611
4583	4547	4577
4528	4604	4577
4894	4871	4848
4894	4914	4871
4914	4884	4871
4914	4877	4884
4914	4939	4877
4939	4910	4877
4939	4942	4910
4942	4931	4910
4939	4967	4942
4967	4990	4942
4967	4956	4990
4956	4995	4990
4995	5007	4990
5007	5033	4990
5007	5041	5033
5041	5061	5033
5061	5081	5033
5081	5072	5033
5072	5025	5033
5061	5084	5081
5061	5074	5084
5061	5045	5074
5045	5051	5074
5045	5024	5051
5024	5010	5051
5045	5005	5024
5005	4984	5024
5045	5014	5005
5045	5041	5014
5041	4992	5014
5041	5007	4992
5007	4995	4992
4995	4968	4992
4995	4956	4968
5045	5061	5041
4967	4954	4956
4954	4924	4956
4924	4943	4956
4924	4926	4943
4924	4912	4926
4924	4892	4912
4924	4917	4892
4917	4894	4892
4917	4928	4894
4928	4914	4894
4928	4939	4914
4928	4954	4939
4954	4967	4939
4928	4924	4954
4928	4917	4924
4999	5012	5010
4173	4237	4317
4855	4858	4925
4333	4316	4369
4333	4305	4316
4243	4292	4316
4243	4233	4292
4233	4175	4292
4233	4135	4175
4135	4164	4175
3704	3768	3852
3768	3914	3852
3914	4044	3852
4044	3952	3852
4044	4073	3952
4073	3889	3952
3889	3819	3952
3889	3822	3819
3889	4049	3822
3889	4073	4049
3914	4050	4044
3712	3806	3743
3713	3758	3724
3758	3880	3724
3880	3722	3724
3732	3753	3838
3753	3891	3838
3744	3869	3785
3766	3807	3873
3807	3860	3873
3807	3832	3860
3832	3960	3860
3771	3826	3868
3826	3885	3868
3780	3894	3906
3894	3978	3906
3978	4016	3906
4016	3989	3906
4016	4088	3989
4088	4009	3989
4088	4144	4009
4144	4031	4009
4088	4216	4144
4016	4092	4088
4016	3978	4092
3978	4053	4092
3787	3855	3823
3855	3951	3823
3787	3805	3855
3805	3850	3855
3805	3825	3850
3825	3892	3850
3791	3907	3797
3907	3944	3797
3817	4021	3886
4021	3966	3886
4021	4045	3966
4021	4145	4045
3821	3988	3965
3988	4082	3965
3988	4151	4082
4151	4277	4082
4277	4095	4082
4277	4180	4095
4180	3994	4095
4180	4234	3994
4234	4169	3994
4277	4270	4180
3988	4017	4151
4017	4195	4151
4195	4253	4151
3828	3862	3883
3828	3859	3862
3859	3884	3862
3884	3970	3862
3970	3883	3862
3970	3940	3883
3833	3834	3954
3835	3977	3953
3849	3959	3858
3959	3878	3858
3864	3961	3918
3961	4015	3918
3961	4126	4015
4126	4179	4015
4126	4283	4179
4283	4348	4179
4283	4478	4348
4126	4182	4283
4182	4320	4283
4182	4107	4320
4107	4080	4320
4182	4105	4107
4182	4126	4105
3870	4008	3935
3874	4000	3984
3908	4014	3991
4014	4163	3991
4163	3993	3991
4163	4205	3993
4163	4226	4205
4226	4293	4205
4293	4281	4205
4281	4172	4205
3913	3962	4058
4058	4055	3913
4058	4097	4055
4097	4146	4055
4097	4221	4146
3919	4039	4064
4039	4153	4064
3932	4001	3971
3943	4051	3985
4051	4074	3985
3985	3869	3943
3869	3923	3943
3998	4099	4070
4011	4115	4098
4115	4207	4098
4207	4239	4098
4115	4138	4207
4138	4279	4207
4138	4275	4279
4035	4104	4113
4035	4114	4104
4057	4127	4112
4078	4220	4106
4078	4167	4220
4167	4244	4220
4091	4196	4103
4196	4199	4103
4196	4303	4199
4303	4307	4199
4303	4365	4307
4365	4427	4307
4427	4430	4307
4430	4376	4307
4376	4287	4307
4376	4374	4287
4376	4492	4374
4376	4430	4492
4430	4582	4492
4582	4551	4492
4582	4617	4551
4365	4380	4427
4380	4405	4427
4365	4303	4380
4303	4311	4380
4303	4197	4311
4197	4246	4311
4246	4350	4311
4303	4196	4197
4093	4202	4102
4202	4154	4102
4202	4280	4154
4093	4106	4202
4101	4225	4116
4225	4285	4116
4123	4191	4186
4191	4252	4186
4137	4306	4203
4306	4278	4203
4147	4224	4208
4208	4194	4147
4194	4127	4147
4149	4198	4181
4198	4241	4181
4241	4262	4181
4241	4198	4262
4170	4213	4299
4299	4386	4170
4386	4304	4170
4304	4219	4170
4386	4390	4304
4386	4530	4390
4530	4572	4390
4572	4553	4390
4572	4630	4553
4572	4530	4630
4530	4623	4630
4623	4655	4630
4623	4740	4655
4530	4533	4623
4530	4389	4533
4389	4370	4533
4370	4487	4533
4389	4299	4370
4389	4386	4299
4389	4530	4386
4183	4323	4255
4192	4271	4298
4298	4320	4192
4298	4394	4320
4394	4372	4320
4394	4482	4372
4394	4418	4482
4418	4599	4482
4599	4523	4482
4599	4598	4523
4599	4721	4598
4599	4653	4721
4599	4633	4653
4201	4357	4254
4357	4332	4254
4201	4385	4357
4232	4291	4245
4232	4342	4291
4291	4338	4245
4291	4470	4338
4236	4375	4276
4236	4424	4375
4424	4444	4375
4444	4484	4375
4484	4358	4375
4484	4382	4358
4484	4517	4382
4444	4538	4484
4242	4345	4265
4265	4217	4242
4273	4410	4349
4349	4271	4273
4410	4471	4349
4471	4472	4349
4410	4449	4471
4449	4516	4471
4449	4457	4516
4457	4638	4516
4457	4518	4638
4518	4574	4638
4518	4489	4574
4518	4457	4489
4457	4360	4489
4360	4425	4489
4425	4501	4489
4501	4549	4489
4501	4429	4549
4501	4425	4429
4457	4409	4360
4409	4367	4360
4409	4449	4367
4449	4410	4367
4410	4273	4367
4409	4457	4449
4319	4384	4324
4319	4398	4384
4398	4510	4384
4398	4469	4510
4469	4542	4510
4334	4352	4408
4341	4420	4351
4341	4436	4420
4341	4433	4436
4433	4448	4436
4448	4562	4436
4562	4536	4436
4448	4525	4562
4433	4313	4448
4433	4341	4313
4341	4264	4313
4343	4459	4532
4459	4531	4532
4531	4705	4532
4705	4682	4532
4531	4644	4705
4531	4459	4644
4459	4578	4644
4459	4396	4578
4459	4378	4396
4354	4413	4414
4413	4445	4414
4445	4498	4414
4413	4460	4445
4366	4423	4412
4366	4512	4423
4512	4446	4423
4446	4412	4423
4512	4585	4446
4366	4534	4512
4400	4493	4461
4493	4608	4461
4608	4485	4461
4608	4662	4485
4404	4467	4488
4467	4527	4488
4527	4552	4488
4527	4595	4552
4595	4652	4552
4595	4650	4652
4650	4720	4652
4467	4536	4527
4441	4502	4483
4502	4592	4483
4473	4477	4506
4506	4664	4473
4664	4487	4473
4506	4654	4664
4473	4345	4477
4543	4560	4602
4560	4624	4602
4602	4615	4543
4602	4656	4615
4656	4690	4615
4548	4601	4591
4591	4573	4548
4573	4478	4548
4593	4614	4738
4618	4709	4711
4635	4669	4701
4635	4726	4669
4684	4771	4754
4731	4736	4781
4731	4578	4736
4578	4553	4736
4781	4887	4731
4887	4809	4731
4809	4734	4731
4781	4823	4887
494	693	557
494	513	693
459	465	411
459	489	465
790	806	729
1685	1757	1641
1122	980	1124
980	1089	1124
1089	1171	1124
1089	1091	1171
1091	1179	1171
980	979	1089
1170	1049	1188
954	1117	931
1117	1033	931
1512	1870	1652
1512	1831	1870
1831	1997	1870
1831	1983	1997
1983	2122	1997
2122	2273	1997
1831	1959	1983
1512	1733	1831
1512	1470	1733
1470	1464	1733
398	348	476
348	382	476
516	558	417
558	490	417
558	577	490
1301	1442	1281
1079	826	1152
1079	828	826
1052	1156	1011
1298	1238	1274
1745	1793	1640
2027	2105	1889
2207	2380	2333
2091	2261	2221
2261	2289	2221
1710	1596	1732
1742	1948	1880
618	453	485
237	214	339
161	245	194
245	232	194
103	166	154
601	502	596
428	514	556
308	355	231
355	271	231
311	242	277
528	407	385
528	620	407
620	565	407
453	390	395
731	752	758
1093	1087	942
1159	1329	1087
1311	1157	1149
1772	1770	1834
1770	2077	1834
1770	2014	2077
1770	1822	2014
1129	948	993
1267	1571	1236
1571	1246	1236
1246	1210	1236
1571	1439	1246
1439	1231	1246
1267	1664	1571
1664	1676	1571
1377	1425	1267
1425	1583	1267
1216	1012	1060
1289	1297	1304
1169	1113	1198
1262	1254	1353
1262	1208	1254
1262	1104	1208
1711	1691	1991
1691	1925	1991
1548	1589	1364
3253	3362	3311
3362	3401	3311
3401	3289	3311
2407	2340	2532
2340	2396	2532
2396	2743	2532
2396	2426	2743
1760	1921	1600
1921	1708	1600
1921	2016	1708
1580	1468	1632
2300	2428	2287
2428	2604	2287
2604	2563	2287
2428	2580	2604
2974	2833	2697
2974	2915	2833
2974	2991	2915
1694	1803	1739
1727	1781	1667
1993	2202	1953
2392	2268	2205
2359	2208	2244
2129	2270	2372
2429	2541	2656
2577	2888	2605
2888	2746	2605
2888	2899	2746
2577	2570	2888
2570	2635	2888
2635	2714	2888
2177	2262	2254
2177	2048	2262
1890	1907	1773
1762	1681	1979
1681	1806	1979
1806	2020	1979
1928	2180	1878
2180	1923	1878
2180	1999	1923
1965	2116	2081
1965	2100	2116
2376	2374	2141
2956	3239	3055
2956	3038	3239
3155	3251	3038
2591	2337	2595
2591	2548	2337
2068	2232	2217
2232	2291	2217
2232	2427	2291
2427	2373	2291
2024	2084	2075
2084	2320	2075
2790	3071	2973
3071	3261	2973
3261	3146	2973
3261	3269	3146
2625	2871	2712
2486	2483	2261
2473	2305	2521
2306	2388	2387
2246	2213	2197
2236	2228	2163
2390	2539	2525
2497	2320	2463
2640	2703	2651
2444	2566	2430
2602	2781	2480
2781	2513	2480
2395	2636	2581
2636	2668	2581
2668	2721	2581
2721	2642	2581
2395	2399	2636
2399	2496	2636
2736	2734	2579
2399	2220	2409
2568	2503	2403
2545	2523	2481
2461	2464	2542
2464	2600	2542
2464	2626	2600
2461	2378	2464
2688	2801	2829
2801	2950	2829
2688	2718	2801
2336	2533	2556
2758	2520	2752
3445	3583	3394
3583	3530	3394
3749	3957	3814
3957	3921	3814
3957	3983	3921
3957	4083	3983
3957	4100	4083
3625	3430	3421
3430	3353	3421
3430	3233	3353
3233	3083	3353
3083	3278	3353
3233	2998	3083
3629	3646	3430
3646	3448	3430
3093	3088	3285
2719	2422	2722
2913	2641	2815
2641	2615	2815
3110	3158	3094
2893	2848	2741
2893	2949	2848
2863	2917	2709
2951	2906	3039
2951	2779	2906
2779	2699	2906
2951	2929	2779
2989	3180	3218
2989	2984	3180
2733	2687	2880
2933	2759	2807
2928	3006	2879
3662	3918	3659
3662	3864	3918
3120	3005	3134
3214	3449	3301
3449	3315	3301
3449	3569	3315
3569	3444	3315
3449	3602	3569
3214	3147	3449
3147	3424	3449
3486	3544	3351
3486	3637	3544
3637	3792	3544
3725	3975	3729
3607	3568	3545
3904	4089	3893
3742	3680	3655
3742	3750	3680
3742	3857	3750
3994	4169	3857
3705	3533	3521
3533	3479	3521
3479	3280	3521
3280	3423	3521
3705	3695	3533
3705	3835	3695
3717	3757	3640
3876	4102	3830
4102	3907	3830
3876	3911	4102
3911	4093	4102
3657	3816	3679
4978	4975	4817
4395	4329	4540
4297	4169	4329
4297	3916	4169
4297	3914	3916
4456	4309	4297
4830	4703	4774
4703	4704	4774
4703	4628	4704
4628	4640	4704
4628	4495	4640
4495	4585	4640
4495	4464	4585
4464	4446	4585
4703	4680	4628
4680	4625	4628
4625	4571	4628
4703	4794	4680
4794	4718	4680
4703	4830	4794
5040	5055	4972
5055	4959	4972
4959	4907	4972
4869	4922	4907
4787	4810	4826
4665	4668	4579
4668	4626	4579
4626	4541	4579
4866	4874	4760
4874	4811	4760
4692	4716	4660
4692	4816	4716
4816	4780	4716
4780	4772	4716
4692	4759	4816
4759	4819	4816
4397	4364	4458
4302	4231	4322
4036	3806	3946
4068	4218	4036
4218	4190	4036
4190	4062	4036
3804	3773	3871
5113	5032	5039
5113	5066	5032
5113	5110	5066
4770	4712	4783
4712	4748	4783
4770	4729	4712
4337	4431	4292
4337	4415	4431
4415	4515	4431
4369	4316	4431
5120	5129	5125
5126	5124	5129
5124	5096	5129
5096	5128	5129
5096	5080	5128
5080	5101	5128
5124	5115	5096
5114	5108	5111
5108	5077	5111
5108	5063	5077
5108	5043	5063
5108	5042	5043
5108	5070	5042
3681	3635	3861
3758	3913	3880
3913	4055	3880
4055	4027	3880
4080	4192	4320
3932	3888	4001
3888	4028	4001
4028	4123	4001
4123	4077	4001
4028	4191	4123
3932	3790	3888
3943	3923	4051
4101	4142	4225
4630	4736	4553
4630	4781	4736
4630	4823	4781
4599	4418	4633
4809	4821	4734
