273.845901 175.892435 41.268995 255 0 0
281.961638 164.884940 46.124298 255 0 0
291.306102 154.821890 51.128761 255 0 0
301.879295 145.703287 56.282382 255 0 0
313.681216 137.529130 61.585163 255 0 0
326.711865 130.299419 67.037103 255 0 0
340.971242 124.014153 72.638203 255 0 0
356.459347 118.673334 78.388462 255 0 0
373.176180 114.276960 84.287880 0 255 0
355.293190 117.607706 90.945777 0 255 0
338.720942 121.945936 97.762789 0 255 0
323.459435 127.291651 104.738916 0 255 0
309.508669 133.644849 111.874158 0 255 0
296.868645 141.005533 119.168516 0 255 0
285.539361 149.373700 126.621988 0 255 0
275.520819 158.749352 134.234576 0 255 0
266.813019 169.132489 142.006279 0 255 0
