2.710624817766301362e+02 1.577135314258033532e+02 1.478444938432932076e+02
2.713503221845033408e+02 1.453843895782162008e+02 1.398753903691926723e+02
2.752194674668839980e+02 1.338011866353970731e+02 1.323791555102532129e+02
2.799261462205279827e+02 1.234378587031162624e+02 1.201502699438347008e+02
2.816291744113338495e+02 1.112541370531799885e+02 1.130599071695198745e+02
2.877510523261217372e+02 1.010362304877388624e+02 1.017097693680252917e+02
2.940461840789969870e+02 9.234788160119717304e+01 8.346358398094596964e+01
3.132513491445068894e+02 8.649787483099993324e+01 6.623010309109199056e+01
3.330341912781084943e+02 7.957341558629298106e+01 5.460802773877929894e+01
3.427680751970893311e+02 1.001131795648859679e+02 3.553281005034781970e+01
3.347399528624462732e+02 1.120248933145796855e+02 3.694478892097072276e+01
3.279537823387340154e+02 1.225524746842696686e+02 4.613155204285479272e+01
3.243444934595246991e+02 1.364300051121369393e+02 4.328373065677394038e+01
3.270603165902381875e+02 1.505795485414917039e+02 4.611428914027570158e+01
3.220358285498850250e+02 1.643116576025192899e+02 4.238771998927097684e+01
3.246650247615546618e+02 1.776964221924243930e+02 4.866630226556517869e+01
3.259656373529128928e+02 1.917005430857506099e+02 5.061810591900481882e+01
