26.908315 34.720642 11.250000 255 0 0
27.146216 34.636143 10.281250 255 0 0
27.496729 34.477290 9.312500 255 0 0
27.959856 34.244085 8.343750 255 0 0
28.535595 33.936527 7.375000 255 0 0
29.223946 33.554616 6.406250 255 0 0
30.024911 33.098352 5.437500 255 0 0
30.938488 32.567734 4.468750 255 0 0
31.964678 31.962764 3.500000 0 255 0
31.975503 30.771572 4.468750 0 255 0
31.978242 29.715083 5.437500 0 255 0
31.972896 28.793295 6.406250 0 255 0
31.959465 28.006209 7.375000 0 255 0
31.937949 27.353825 8.343750 0 255 0
31.908347 26.836144 9.312500 0 255 0
31.870661 26.453164 10.281250 0 255 0
31.824889 26.204886 11.250000 0 255 0
