1	3	2
2	7	1
2	12	7
12	16	7
16	23	7
16	25	23
25	48	23
48	61	23
61	85	23
61	112	85
112	133	85
61	122	112
122	179	112
122	143	179
143	190	179
190	220	179
143	161	190
161	198	190
198	257	190
198	306	257
306	328	257
328	348	257
306	323	328
306	304	323
304	273	323
273	331	323
331	393	323
393	444	323
393	460	444
460	480	444
480	502	444
502	520	444
502	528	520
528	594	520
528	567	594
567	665	594
665	705	594
705	592	594
705	706	592
706	671	592
706	736	671
665	770	705
770	803	705
770	793	803
793	868	803
793	866	868
866	901	868
901	929	868
929	923	868
929	957	923
957	989	923
957	1099	989
929	961	957
929	901	961
901	887	961
887	1042	961
1042	1057	961
1042	1109	1057
1042	1092	1109
1042	1046	1092
1046	1095	1092
1046	1034	1095
1034	1133	1095
1133	1152	1095
1152	1203	1095
1203	1172	1095
1152	1210	1203
1210	1286	1203
1210	1211	1286
1211	1218	1286
1218	1330	1286
1330	1396	1286
1396	1432	1286
1396	1457	1432
1457	1537	1432
1537	1521	1432
1521	1475	1432
1475	1422	1432
1475	1442	1422
1442	1363	1422
1363	1337	1422
1363	1310	1337
1363	1437	1310
1437	1441	1310
1441	1290	1310
1441	1406	1290
1406	1299	1290
1299	1250	1290
1250	1245	1290
1250	1099	1245
1250	1181	1099
1250	1271	1181
1271	1272	1181
1272	1194	1181
1272	1317	1194
1317	1327	1194
1327	1269	1194
1269	1136	1194
1136	1051	1194
1136	1005	1051
1136	1017	1005
1269	1120	1136
1269	1205	1120
1205	1081	1120
1269	1264	1205
1264	1225	1205
1225	1138	1205
1225	1155	1138
1155	1151	1138
1155	1200	1151
1200	1209	1151
1200	1329	1209
1200	1212	1329
1212	1295	1329
1212	1236	1295
1236	1251	1295
1236	1212	1251
1212	1221	1251
1221	1264	1251
1264	1269	1251
1269	1327	1251
1327	1340	1251
1340	1315	1251
1340	1358	1315
1358	1368	1315
1368	1355	1315
1355	1356	1315
1356	1382	1315
1356	1405	1382
1356	1355	1405
1355	1377	1405
1377	1451	1405
1451	1619	1405
1619	1462	1405
1619	1609	1462
1377	1450	1451
1450	1458	1451
1450	1526	1458
1450	1480	1526
1480	1509	1526
1509	1551	1526
1551	1556	1526
1556	1600	1526
1551	1666	1556
1666	1694	1556
1694	1708	1556
1694	1788	1708
1788	1869	1708
1869	1838	1708
1869	1934	1838
1869	1961	1934
1961	2074	1934
1694	1698	1788
1698	1820	1788
1698	1840	1820
1840	1955	1820
1840	1881	1955
1881	1897	1955
1897	2058	1955
1897	2050	2058
1897	1902	2050
1902	2038	2050
1897	1865	1902
1897	1797	1865
1797	1728	1865
1797	1655	1728
1655	1705	1728
1655	1601	1705
1601	1572	1705
1572	1725	1705
1572	1648	1725
1648	1716	1725
1648	1675	1716
1675	1737	1716
1737	1781	1716
1737	1745	1781
1737	1675	1745
1675	1678	1745
1675	1589	1678
1589	1579	1678
1589	1511	1579
1511	1515	1579
1515	1585	1579
1585	1667	1579
1585	1596	1667
1596	1604	1667
1604	1672	1667
1672	1713	1667
1713	1711	1667
1713	1818	1711
1713	1904	1818
1904	1839	1818
1904	2017	1839
2017	1893	1839
2017	2046	1893
2046	1896	1893
1896	1817	1893
2046	2006	1896
2046	2195	2006
2017	2086	2046
2017	2093	2086
2017	2149	2093
1904	1912	2017
1904	1713	1912
1713	1807	1912
1713	1730	1807
1730	1731	1807
1730	1646	1731
1646	1624	1731
1624	1643	1731
1643	1740	1731
1646	1542	1624
1646	1604	1542
1604	1528	1542
1528	1499	1542
1499	1504	1542
1499	1424	1504
1499	1415	1424
1415	1345	1424
1415	1364	1345
1415	1444	1364
1444	1353	1364
1353	1280	1364
1353	1256	1280
1353	1301	1256
1301	1255	1256
1255	1208	1256
1255	1174	1208
1174	1135	1208
1135	1047	1208
1047	1115	1208
1047	1015	1115
1015	969	1115
969	1037	1115
1037	1157	1115
1037	1110	1157
1037	990	1110
990	1054	1110
1054	1226	1110
1054	1077	1226
1077	1143	1226
1143	1275	1226
1143	1254	1275
1143	1117	1254
1143	1077	1117
1077	1021	1117
1021	1030	1117
1021	993	1030
993	986	1030
986	995	1030
986	858	995
986	864	858
864	806	858
864	789	806
864	799	789
986	993	864
993	1021	864
990	894	1054
990	893	894
893	794	894
794	799	894
794	760	799
760	718	799
893	748	794
1135	1097	1047
1097	1072	1047
1072	1014	1047
1014	955	1047
1014	1036	955
1036	942	955
942	832	955
832	921	955
832	800	921
800	763	921
763	904	921
800	631	763
942	846	832
846	804	832
804	776	832
804	805	776
805	739	776
805	775	739
775	654	739
654	643	739
775	676	654
676	640	654
676	665	640
665	567	640
567	542	640
567	502	542
502	480	542
567	528	502
676	777	665
777	770	665
777	793	770
777	676	793
676	775	793
775	828	793
828	866	793
828	867	866
867	887	866
887	901	866
867	828	887
828	902	887
902	1042	887
902	1046	1042
902	984	1046
984	1034	1046
984	944	1034
944	942	1034
942	1036	1034
1036	1068	1034
1068	1111	1034
1111	1133	1034
1111	1164	1133
1164	1152	1133
1164	1218	1152
1218	1211	1152
1211	1210	1152
1164	1149	1218
1149	1330	1218
1164	1111	1149
1111	1072	1149
1072	1097	1149
1097	1135	1149
1135	1174	1149
1174	1190	1149
1174	1255	1190
1111	1068	1072
1068	1036	1072
1036	1014	1072
944	846	942
944	902	846
902	820	846
820	804	846
820	805	804
820	775	805
820	828	775
820	902	828
944	984	902
1301	1312	1255
1312	1393	1255
1312	1403	1393
1403	1435	1393
1403	1511	1435
1511	1510	1435
1510	1428	1435
1510	1566	1428
1566	1497	1428
1497	1457	1428
1457	1410	1428
1410	1330	1428
1410	1396	1330
1410	1457	1396
1497	1537	1457
1497	1574	1537
1574	1592	1537
1592	1521	1537
1592	1588	1521
1588	1475	1521
1592	1647	1588
1647	1682	1588
1682	1551	1588
1682	1698	1551
1698	1666	1551
1698	1694	1666
1682	1840	1698
1682	1831	1840
1831	1881	1840
1831	1797	1881
1797	1897	1881
1831	1682	1797
1682	1647	1797
1647	1655	1797
1647	1592	1655
1592	1601	1655
1592	1574	1601
1574	1572	1601
1574	1497	1572
1497	1566	1572
1566	1648	1572
1566	1675	1648
1566	1589	1675
1566	1510	1589
1510	1511	1589
1403	1484	1511
1484	1515	1511
1484	1467	1515
1467	1585	1515
1467	1528	1585
1528	1604	1585
1604	1596	1585
1467	1444	1528
1444	1415	1528
1415	1499	1528
1467	1353	1444
1467	1403	1353
1403	1312	1353
1312	1301	1353
1467	1484	1403
1646	1672	1604
1646	1730	1672
1730	1713	1672
1509	1490	1551
1490	1441	1551
1441	1437	1551
1437	1442	1551
1437	1363	1442
1490	1480	1441
1480	1406	1441
1480	1450	1406
1450	1417	1406
1417	1402	1406
1402	1299	1406
1402	1359	1299
1359	1317	1299
1317	1271	1299
1271	1250	1299
1317	1272	1271
1359	1327	1317
1359	1340	1327
1359	1358	1340
1359	1402	1358
1402	1417	1358
1417	1368	1358
1417	1377	1368
1377	1355	1368
1417	1450	1377
1490	1509	1480
1221	1225	1264
1221	1155	1225
1221	1176	1155
1176	1200	1155
1176	1212	1200
1176	1221	1212
331	364	393
331	343	364
273	236	331
236	191	331
236	235	191
235	164	191
164	135	191
135	173	191
173	232	191
135	99	173
99	154	173
99	87	154
87	111	154
111	131	154
111	137	131
111	77	137
77	107	137
107	139	137
139	145	137
145	160	137
145	169	160
169	201	160
169	185	201
185	309	201
309	316	201
316	280	201
309	365	316
309	399	365
309	325	399
325	402	399
325	338	402
185	205	309
205	238	309
205	200	238
200	213	238
213	255	238
213	196	255
196	244	255
244	338	255
196	217	244
217	210	244
210	259	244
259	291	244
291	341	244
291	314	341
314	345	341
345	383	341
383	382	341
382	338	341
383	403	382
383	497	403
497	465	403
345	407	383
345	411	407
411	419	407
419	426	407
426	469	407
469	530	407
469	532	530
532	624	530
532	551	624
551	618	624
618	693	624
618	650	693
650	751	693
751	757	693
618	629	650
618	551	629
551	546	629
546	641	629
641	727	629
641	722	727
722	857	727
641	546	722
532	469	551
345	314	411
314	389	411
314	284	389
314	291	284
291	259	284
259	261	284
259	210	261
210	207	261
207	231	261
207	209	231
209	245	231
209	234	245
209	188	234
188	184	234
184	242	234
184	211	242
211	253	242
184	189	211
189	194	211
194	195	211
184	158	189
158	130	189
130	121	189
130	117	121
117	104	121
104	100	121
104	79	100
79	68	100
68	110	100
68	54	110
54	108	110
108	141	110
108	187	141
108	192	187
54	80	108
80	105	108
80	94	105
94	74	105
74	174	105
94	70	74
70	67	74
67	89	74
67	81	89
81	101	89
81	45	101
45	93	101
45	40	93
40	22	93
22	39	93
39	128	93
39	65	128
65	125	128
65	91	125
91	155	125
91	123	155
123	165	155
165	204	155
165	228	204
165	197	228
197	249	228
249	276	228
276	290	228
290	300	228
249	315	276
249	295	315
295	332	315
332	379	315
332	408	379
332	395	408
332	366	395
366	391	395
391	430	395
430	463	395
391	390	430
390	486	430
486	512	430
486	579	512
390	436	486
436	504	486
504	564	486
504	581	564
504	471	581
471	485	581
485	602	581
471	456	485
456	445	485
445	494	485
456	423	445
456	440	423
456	471	440
471	504	440
504	436	440
436	414	440
414	362	440
414	367	362
367	334	362
334	288	362
288	373	362
288	313	373
313	330	373
330	361	373
330	319	361
319	377	361
377	446	361
446	445	361
377	418	446
418	447	446
447	477	446
447	499	477
447	527	499
527	572	499
527	604	572
604	605	572
605	625	572
605	659	625
659	680	625
680	657	625
680	688	657
688	682	657
682	561	657
682	603	561
688	758	682
688	737	758
737	849	758
849	771	758
737	845	849
845	886	849
886	935	849
935	978	849
978	980	849
978	1033	980
978	1026	1033
1026	1084	1033
1084	1100	1033
1084	1142	1100
1142	1180	1100
1180	1183	1100
1084	1122	1142
1084	1103	1122
1103	1242	1122
1103	1238	1242
1103	1102	1238
1103	1026	1102
1026	1006	1102
1006	983	1102
983	994	1102
994	1114	1102
983	935	994
935	922	994
922	985	994
935	886	922
886	845	922
983	964	935
964	978	935
964	1006	978
1006	1026	978
964	983	1006
1103	1084	1026
688	659	737
659	740	737
659	698	740
698	838	740
698	726	838
659	605	698
605	616	698
605	604	616
688	680	659
527	462	604
462	505	604
527	447	462
447	443	462
447	418	443
319	294	377
319	240	294
240	243	294
243	289	294
243	247	289
243	219	247
219	274	247
219	225	274
225	301	274
301	299	274
299	340	274
299	344	340
299	301	344
301	378	344
378	409	344
378	454	409
454	458	409
458	464	409
464	505	409
464	538	505
464	536	538
536	576	538
458	454	464
378	433	454
378	351	433
351	358	433
358	482	433
351	350	358
350	422	358
351	329	350
329	264	350
351	378	329
378	301	329
219	153	225
240	149	243
240	172	149
172	127	149
127	106	149
106	129	149
106	86	129
86	96	129
96	118	129
118	153	129
96	92	118
92	144	118
92	88	144
88	126	144
126	218	144
218	202	144
218	251	202
218	223	251
223	266	251
223	305	266
305	293	266
293	312	266
293	327	312
327	381	312
293	305	327
223	320	305
223	277	320
277	303	320
303	352	320
277	268	303
277	262	268
88	82	126
88	20	82
20	19	82
20	11	19
11	3	19
20	44	11
44	56	11
56	55	11
56	103	55
103	78	55
78	59	55
59	24	55
59	62	24
62	53	24
53	21	24
21	12	24
12	2	24
2	3	24
21	16	12
21	14	16
14	25	16
14	9	25
9	36	25
36	64	25
64	48	25
64	83	48
83	61	48
83	122	61
83	143	122
83	138	143
138	161	143
138	198	161
138	168	198
168	164	198
164	235	198
235	306	198
235	304	306
235	273	304
235	236	273
168	102	164
102	135	164
102	73	135
73	63	135
63	99	135
63	49	99
49	87	99
49	66	87
66	76	87
76	90	87
90	111	87
90	77	111
90	76	77
76	66	77
66	60	77
60	107	77
60	68	107
68	79	107
79	139	107
79	104	139
104	117	139
117	166	139
166	169	139
169	145	139
166	185	169
166	136	185
136	205	185
136	163	205
163	200	205
163	213	200
163	196	213
163	157	196
157	156	196
156	207	196
207	210	196
210	217	196
156	209	207
156	188	209
156	146	188
146	158	188
158	184	188
146	130	158
146	136	130
136	117	130
136	166	117
146	152	136
152	163	136
152	157	163
152	156	157
152	146	156
60	52	68
52	54	68
52	42	54
42	51	54
51	58	54
58	80	54
58	94	80
58	70	94
58	51	70
51	37	70
37	32	70
37	41	32
41	49	32
49	38	32
38	35	32
38	27	35
27	34	35
38	29	27
29	17	27
17	10	27
17	4	10
4	8	10
8	18	10
8	5	18
5	15	18
15	47	18
47	46	18
46	30	18
30	22	18
30	33	22
33	39	22
33	65	39
30	46	33
47	97	46
47	57	97
57	75	97
75	134	97
134	140	97
140	119	97
119	98	97
119	123	98
123	91	98
119	165	123
119	151	165
151	183	165
183	197	165
183	206	197
206	249	197
206	250	249
250	295	249
250	297	295
297	332	295
297	366	332
297	368	366
368	390	366
390	391	366
368	414	390
414	436	390
368	367	414
368	334	367
368	272	334
272	288	334
272	215	288
215	203	288
203	214	288
214	222	288
222	239	288
239	313	288
239	319	313
319	330	313
239	240	319
239	172	240
239	222	172
222	214	172
214	176	172
176	147	172
147	127	172
147	116	127
116	106	127
116	103	106
103	56	106
56	86	106
56	44	86
44	69	86
69	92	86
92	96	86
69	88	92
69	44	88
44	20	88
116	120	103
120	78	103
120	115	78
115	84	78
84	59	78
84	62	59
84	53	62
84	28	53
28	21	53
28	13	21
13	14	21
13	9	14
13	5	9
5	6	9
6	36	9
6	26	36
26	72	36
72	71	36
71	64	36
71	83	64
71	138	83
71	102	138
102	168	138
71	72	102
72	73	102
72	29	73
29	63	73
29	38	63
38	49	63
72	26	29
26	17	29
26	4	17
26	6	4
6	5	4
5	8	4
13	15	5
13	28	15
28	31	15
31	43	15
43	47	15
43	57	47
43	75	57
43	31	75
31	28	75
28	95	75
95	134	75
95	114	134
114	148	134
148	140	134
148	151	140
151	119	140
148	229	151
229	206	151
206	183	151
229	250	206
229	297	250
229	246	297
246	272	297
272	368	297
246	215	272
95	109	114
109	115	114
115	180	114
115	120	180
120	142	180
142	176	180
176	214	180
214	203	180
203	215	180
215	148	180
142	147	176
142	116	147
142	120	116
109	84	115
109	95	84
95	28	84
41	66	49
41	42	66
42	60	66
42	52	60
41	37	42
37	51	42
40	34	22
40	45	34
45	67	34
45	81	67
159	286	241
177	248	230
248	321	230
248	302	321
181	265	233
265	270	233
199	212	296
212	317	296
317	396	296
396	356	296
356	307	296
307	199	296
396	437	356
396	438	437
438	526	437
526	529	437
526	635	529
526	619	635
619	761	635
438	478	526
438	372	478
372	524	478
438	317	372
317	335	372
317	283	335
317	212	283
438	396	317
221	285	292
226	258	347
258	318	347
227	298	256
298	335	256
275	311	287
287	220	275
278	342	324
281	354	322
322	264	281
308	360	387
387	420	308
387	425	420
425	473	420
473	517	420
473	570	517
473	608	570
608	675	570
675	609	570
675	646	609
675	755	646
755	779	646
473	491	608
491	627	608
627	721	608
627	724	721
724	807	721
807	778	721
491	503	627
503	565	627
491	425	503
425	451	503
491	473	425
387	360	425
308	311	360
310	370	349
370	375	349
370	455	375
370	416	455
370	310	416
336	392	384
336	321	392
353	410	401
401	298	353
355	386	398
386	531	398
531	549	398
549	394	398
394	371	398
371	355	398
531	670	549
363	448	461
369	434	380
434	449	380
415	559	421
431	510	554
510	649	554
649	643	554
643	542	554
542	431	554
510	631	649
631	673	649
452	519	498
519	577	498
519	614	577
519	521	614
521	613	614
521	514	613
521	453	514
453	457	514
519	452	521
474	479	558
488	571	597
571	595	597
571	583	595
492	552	544
552	589	544
552	634	589
634	732	589
732	723	589
732	915	723
552	593	634
493	513	568
509	511	548
511	606	548
606	607	548
606	662	607
606	707	662
707	678	662
606	725	707
725	734	707
725	839	734
839	830	734
525	582	555
537	566	615
615	656	537
615	712	656
712	663	656
712	850	663
850	731	663
731	601	663
731	689	601
850	860	731
860	746	731
860	859	746
859	815	746
815	759	746
759	747	746
759	710	747
710	689	747
859	884	815
850	917	860
850	1050	917
1050	998	917
998	1004	917
998	1186	1004
1186	1219	1004
1219	1185	1004
1185	1062	1004
1219	1293	1185
1293	1266	1185
1293	1446	1266
1446	1351	1266
1293	1384	1446
1384	1482	1446
1384	1407	1482
1407	1580	1482
1580	1544	1482
1407	1524	1580
1524	1598	1580
1598	1721	1580
1407	1370	1524
1370	1456	1524
998	1050	1186
712	768	850
712	753	768
712	615	753
615	791	753
540	636	541
636	557	541
636	559	557
556	612	648
560	598	626
598	628	626
628	703	626
703	660	626
628	716	703
628	711	716
711	841	716
711	855	841
711	752	855
752	877	855
877	1041	855
752	818	877
818	865	877
865	999	877
818	762	865
711	669	752
711	610	669
610	617	669
573	596	632
596	697	632
578	622	651
622	644	651
651	583	578
586	642	600
642	701	600
621	733	661
733	741	661
733	874	741
874	888	741
874	914	888
914	1150	888
914	1032	1150
874	979	914
874	784	979
784	958	979
958	1028	979
1028	1056	979
874	733	784
633	720	653
720	719	653
720	745	719
745	900	719
647	765	694
765	762	694
655	667	699
677	813	788
679	851	700
851	801	700
801	702	700
684	690	730
695	743	742
743	853	742
743	862	853
862	936	853
936	920	853
936	1010	920
936	1019	1010
1019	1064	1010
769	840	792
792	701	769
783	814	952
814	856	952
802	927	885
927	1079	885
927	1029	1079
1029	1091	1079
927	926	1029
810	905	827
905	940	827
812	919	909
821	890	847
821	843	890
843	895	890
843	908	895
908	971	895
908	960	971
960	1043	971
1043	1137	971
908	870	960
870	945	960
870	878	945
878	949	945
949	962	945
962	992	945
962	1008	992
1008	1044	992
1008	1065	1044
1008	1083	1065
1083	1094	1065
1094	1090	1065
1094	1162	1090
1094	1171	1162
1171	1260	1162
1260	1303	1162
1260	1386	1303
1386	1378	1303
1378	1231	1303
1378	1349	1231
1349	1270	1231
1270	1052	1231
1270	1195	1052
1195	1153	1052
1349	1361	1270
1349	1412	1361
1412	1498	1361
1498	1468	1361
1468	1389	1361
1412	1617	1498
1412	1378	1617
1412	1349	1378
1386	1401	1378
1386	1260	1401
1083	1088	1094
1083	973	1088
973	997	1088
997	1063	1088
997	1022	1063
1022	1007	1063
1007	1081	1063
1083	967	973
967	948	973
967	954	948
967	1008	954
1008	943	954
1008	947	943
947	878	943
947	949	878
947	1008	949
1008	962	949
967	1083	1008
870	824	878
870	826	824
870	843	826
870	908	843
890	861	847
890	939	861
822	982	833
822	956	982
956	1106	982
1106	1179	982
1106	1175	1179
1175	1273	1179
1273	1395	1179
1273	1518	1395
1273	1421	1518
1421	1557	1518
1557	1763	1518
1763	1690	1518
1763	1739	1690
1739	1777	1690
1739	1821	1777
1821	1866	1777
1821	1942	1866
1821	1823	1942
1823	1852	1942
1823	1744	1852
1744	1847	1852
1823	1763	1744
1763	1557	1744
1823	1793	1763
1793	1821	1763
1821	1739	1763
1793	1823	1821
1421	1519	1557
1519	1628	1557
1519	1514	1628
1514	1483	1628
1514	1274	1483
1274	1343	1483
1343	1488	1483
1343	1388	1488
1388	1463	1488
1463	1660	1488
1388	1374	1463
1388	1232	1374
1232	1367	1374
1367	1454	1374
1454	1523	1374
1454	1543	1523
1543	1584	1523
1543	1633	1584
1543	1555	1633
1543	1477	1555
1477	1569	1555
1569	1684	1555
1569	1747	1684
1747	1880	1684
1477	1465	1569
1454	1431	1543
1454	1367	1431
1367	1197	1431
1367	1178	1197
1178	1070	1197
1070	1025	1197
1178	1146	1070
1146	1016	1070
1146	1028	1016
1028	976	1016
1178	1215	1146
1215	1232	1146
1232	1388	1146
1215	1367	1232
1215	1178	1367
1274	1263	1343
1263	1147	1343
1263	1274	1147
1273	1198	1421
1198	1173	1421
1198	1148	1173
1148	1150	1173
1198	1175	1148
1175	956	1148
1175	1106	956
1198	1273	1175
835	875	925
836	931	873
873	791	836
873	863	791
873	931	863
836	928	931
928	1027	931
837	918	871
837	879	918
854	896	972
972	991	854
889	965	941
965	1012	941
1012	915	941
1012	1061	915
1012	1132	1061
1132	1140	1061
1140	1107	1061
1140	1116	1107
1132	1257	1140
1132	1283	1257
1283	1316	1257
1316	1385	1257
1316	1411	1385
1411	1452	1385
1411	1513	1452
1513	1576	1452
1513	1659	1576
1316	1285	1411
1316	1283	1285
1012	1108	1132
1012	977	1108
1012	965	977
965	889	977
889	892	977
892	951	977
907	975	937
924	1073	1018
1073	1112	1018
932	1009	953
934	1039	1020
946	1055	988
1055	1134	988
981	1049	1040
1049	1059	1040
1059	1069	1040
1059	1177	1069
1177	1156	1069
1059	1246	1177
1246	1284	1177
1246	1313	1284
1313	1360	1284
1360	1501	1284
1360	1387	1501
1387	1565	1501
1565	1550	1501
1550	1549	1501
1565	1623	1550
1387	1568	1565
1387	1438	1568
1387	1371	1438
1371	1479	1438
1387	1336	1371
1336	1352	1371
1387	1347	1336
1347	1313	1336
1313	1139	1336
1139	1161	1336
1139	1127	1161
1139	1059	1127
1059	1049	1127
1139	1246	1059
1139	1313	1246
1347	1360	1313
1347	1387	1360
996	1119	1104
1119	1241	1104
1000	1085	1011
1085	1182	1011
1085	1125	1182
1125	1220	1182
1220	1223	1182
1220	1268	1223
1268	1320	1223
1268	1379	1320
1379	1408	1320
1268	1305	1379
1305	1351	1379
1268	1220	1305
1000	1062	1085
1000	884	1062
1023	1128	1067
1024	1066	1165
1066	1166	1165
1066	1196	1166
1048	1141	1093
1141	1292	1093
1292	1202	1093
1202	1027	1093
1202	1188	1027
1058	1191	1224
1080	1096	1227
1096	1131	1227
1096	1129	1131
1129	1234	1131
1096	953	1129
1086	1222	1089
1222	1189	1089
1086	1237	1222
1086	1206	1237
1124	1278	1287
1130	1265	1282
1130	1188	1265
1130	931	1188
1158	1319	1228
1158	1308	1319
1158	1244	1308
1244	1354	1308
1244	1233	1354
1233	1341	1354
1244	1112	1233
1160	1261	1276
1261	1362	1276
1362	1338	1276
1362	1400	1338
1400	1461	1338
1362	1474	1400
1362	1261	1474
1261	1296	1474
1276	1193	1160
1193	1114	1160
1170	1249	1430
1249	1325	1430
1325	1449	1430
1449	1554	1430
1325	1309	1449
1309	1472	1449
1309	1298	1472
1309	1184	1298
1309	1248	1184
1309	1325	1248
1430	1418	1170
1253	1279	1300
1277	1357	1294
1294	1224	1277
1281	1314	1302
1289	1473	1485
1473	1508	1485
1508	1522	1485
1508	1527	1522
1527	1615	1522
1291	1365	1427
1291	1335	1365
1291	1079	1335
1365	1594	1427
1307	1453	1413
1413	1341	1307
1307	1334	1453
1326	1331	1375
1331	1443	1375
1443	1466	1375
1443	1635	1466
1635	1578	1466
1443	1459	1635
1459	1641	1635
1641	1663	1635
1339	1460	1409
1339	1397	1460
1397	1476	1460
1344	1496	1416
1496	1423	1416
1496	1538	1423
1538	1390	1423
1538	1436	1390
1538	1595	1436
1595	1599	1436
1599	1448	1436
1595	1657	1599
1657	1743	1599
1657	1779	1743
1657	1787	1779
1538	1665	1595
1538	1496	1665
1496	1704	1665
1704	1778	1665
1496	1494	1704
1496	1344	1494
1366	1481	1369
1366	1383	1481
1383	1562	1481
1394	1552	1512
1420	1471	1469
1420	1426	1471
1471	1546	1469
1546	1470	1469
1471	1610	1546
1425	1559	1602
1434	1487	1558
1439	1455	1539
1539	1426	1439
1478	1612	1603
1489	1517	1532
1489	1530	1517
1517	1541	1532
1541	1567	1532
1492	1533	1581
1533	1563	1581
1493	1525	1545
1500	1536	1583
1500	1505	1536
1500	1279	1505
1503	1703	1516
1703	1535	1516
1535	1530	1516
1507	1654	1586
1654	1710	1586
1710	1766	1586
1766	1751	1586
1766	1923	1751
1923	1926	1751
1926	1864	1751
1923	2091	1926
1923	2057	2091
2057	2254	2091
2254	2248	2091
2248	2252	2091
2252	2147	2091
2248	2413	2252
2057	2112	2254
2057	2005	2112
2005	2022	2112
2022	2205	2112
2205	2291	2112
2205	2186	2291
2205	2122	2186
2122	2250	2186
2122	2034	2250
2034	2191	2250
2191	2297	2250
2034	2007	2191
2007	2042	2191
2042	2090	2191
2090	2236	2191
2090	2077	2236
2090	2042	2077
2042	1855	2077
1855	1868	2077
1868	1973	2077
1868	1723	1973
1723	1966	1973
1868	1800	1723
1868	1855	1800
1855	1651	1800
1651	1602	1800
1855	1867	1651
1855	2042	1867
2042	2007	1867
2007	1945	1867
2007	1991	1945
1991	1951	1945
1991	2018	1951
2018	2044	1951
2018	2045	2044
2045	2122	2044
2122	2205	2044
2205	2022	2044
2045	2034	2122
2045	2018	2034
2018	1991	2034
1991	2007	2034
2005	1848	2022
2005	1923	1848
1923	1766	1848
1766	1710	1848
1710	1654	1848
1654	1676	1848
2005	2057	1923
1520	1687	1630
1687	1733	1630
1733	1795	1630
1733	1843	1795
1843	1882	1795
1843	2032	1882
1843	1914	2032
1914	2070	2032
1843	1733	1914
1687	1649	1733
1529	1618	1571
1548	1575	1625
1625	1658	1548
1625	1735	1658
1735	1775	1658
1775	1692	1658
1587	1620	1607
1620	1706	1607
1591	1669	1681
1606	1693	1637
1626	1738	1650
1738	1815	1650
1815	1617	1650
1815	1841	1617
1841	1803	1617
1803	1746	1617
1815	1910	1841
1815	1882	1910
1882	1992	1910
1992	2114	1910
1815	1738	1882
1650	1401	1626
1636	1732	1709
1636	1761	1732
1761	1900	1732
1900	1813	1732
1813	1709	1732
1813	1757	1709
1656	1661	1845
1656	1468	1661
1661	1746	1845
1845	1798	1656
1798	1726	1656
1798	1791	1726
1791	1702	1726
1791	1753	1702
1798	1946	1791
1798	1845	1946
1673	1762	1790
1762	1805	1790
1762	1837	1805
1680	1876	1715
1876	1796	1715
1683	1689	1719
1686	1742	1691
1742	1729	1691
1688	1769	1792
1769	1834	1792
1834	1901	1792
1834	1903	1901
1903	1948	1901
1903	2000	1948
2000	2119	1948
2119	2106	1948
2106	2025	1948
2106	2110	2025
2106	2245	2110
2245	2175	2110
2175	2152	2110
2152	2001	2110
2106	2201	2245
2106	2119	2201
2000	2116	2119
2000	2047	2116
2047	2072	2116
1792	1618	1688
1696	1810	1784
1784	1714	1696
1784	1774	1714
1774	1697	1714
1784	1835	1774
1696	1801	1810
1696	1771	1801
1771	1898	1801
1771	1825	1898
1771	1734	1825
1712	1748	1780
1712	1741	1748
1741	1780	1748
1741	1857	1780
1741	1799	1857
1799	2003	1857
2003	2027	1857
2027	2029	1857
2027	2211	2029
1799	1833	2003
1833	1972	2003
1718	1794	1826
1720	1773	1804
1773	1919	1804
1773	1929	1919
1929	1993	1919
1993	2109	1919
1929	1940	1993
1940	1980	1993
1940	1996	1980
1929	1764	1940
1929	1773	1764
1720	1660	1773
1724	1829	1827
1827	1740	1724
1740	1662	1724
1770	1907	1844
1907	1932	1844
1907	1987	1932
1987	2013	1932
1987	2064	2013
1776	1943	1949
1943	2002	1949
1943	2141	2002
2141	2166	2002
2141	2216	2166
2216	2342	2166
2141	2183	2216
2183	2275	2216
2141	2123	2183
2141	1943	2123
1949	1879	1776
1949	1979	1879
1786	1917	1920
1802	1856	1895
1856	1997	1895
1856	1963	1997
1963	2031	1997
1809	1861	1830
1811	1846	1873
1846	1999	1873
1812	1858	1890
1858	1931	1890
1858	1939	1931
1890	1849	1812
1890	1944	1849
1816	1836	1960
1836	1928	1960
1828	1924	1889
1924	1957	1889
1832	1925	1888
1888	1620	1832
1620	1783	1832
1925	1990	1888
1990	1967	1888
1853	1899	1908
1899	2079	1908
1854	1965	1878
1859	1870	2030
1870	2024	2030
2024	2096	2030
2096	2067	2030
2067	1994	2030
2067	2084	1994
2084	2094	1994
2094	1975	1994
2024	2019	2096
1863	2009	2055
1863	1967	2009
1967	2115	2009
2115	2089	2009
2089	2055	2009
1884	1935	1922
1935	1998	1922
1998	2043	1922
1885	1988	1950
1988	2008	1950
2008	2039	1950
2039	1966	1950
2008	2085	2039
2008	2165	2085
2165	2188	2085
1886	1954	1958
1954	2190	1958
1913	2113	1968
1916	2081	1964
2081	2130	1964
2130	1989	1964
1989	1880	1964
1989	2010	1880
2010	1996	1880
1989	2131	2010
1989	2130	2131
2081	2197	2130
1937	1982	2069
1982	2102	2069
1982	2095	2102
1941	1983	2048
2048	2061	1941
2048	2097	2061
2048	2203	2097
2203	2231	2097
2203	2338	2231
2338	2328	2231
2203	2430	2338
1956	2126	2062
1974	1995	2148
1974	1898	1995
1977	2092	2124
2092	2164	2124
2164	2233	2124
2233	2270	2124
2270	2202	2124
2164	2257	2233
2257	2286	2233
2286	2392	2233
2286	2323	2392
2286	2257	2323
2257	2246	2323
2246	2333	2323
2246	2295	2333
2246	2267	2295
2257	2109	2246
2257	2164	2109
2164	2092	2109
1985	2158	2135
2158	2193	2135
2193	2275	2135
2193	2431	2275
2431	2433	2275
2431	2469	2433
2469	2485	2433
2485	2551	2433
2431	2549	2469
2549	2654	2469
2549	2560	2654
2560	2764	2654
2764	2669	2654
2560	2804	2764
2560	2633	2804
2633	2800	2804
2800	2863	2804
2560	2452	2633
2452	2504	2633
2504	2557	2633
2504	2308	2557
2308	2484	2557
2484	2693	2557
2484	2604	2693
2604	2803	2693
2803	2722	2693
2803	2834	2722
2803	3066	2834
3066	3065	2834
3066	3261	3065
3261	3230	3065
3261	3275	3230
3261	3350	3275
3350	3451	3275
3261	3315	3350
3261	3127	3315
3127	3309	3315
3309	3467	3315
3309	3379	3467
3309	3218	3379
3218	3177	3379
3177	3361	3379
3361	3505	3379
3505	3638	3379
3361	3465	3505
3465	3634	3505
3465	3526	3634
3465	3407	3526
3407	3423	3526
3407	3317	3423
3317	3333	3423
3317	3204	3333
3204	3357	3333
3357	3426	3333
3357	3448	3426
3407	3276	3317
3407	3332	3276
3407	3465	3332
3465	3361	3332
3309	3127	3218
3127	3080	3218
3127	3049	3080
3127	3066	3049
3127	3261	3066
2308	2384	2484
2308	2171	2384
2308	2139	2171
2308	2281	2139
2281	2249	2139
2249	2083	2139
2249	2036	2083
2281	2303	2249
2303	2181	2249
2303	2415	2181
2303	2504	2415
2504	2452	2415
2452	2422	2415
2452	2560	2422
2560	2549	2422
2549	2431	2422
2431	2193	2422
2303	2308	2504
2303	2281	2308
1985	2103	2158
2103	2173	2158
2004	2054	2132
2054	2051	2132
2011	2087	2108
2108	2118	2011
2108	2215	2118
2215	2161	2118
2215	2227	2161
2227	2272	2161
2272	2212	2161
2272	2283	2212
2272	2300	2283
2227	2274	2272
2227	2239	2274
2227	2215	2239
2215	2108	2239
2012	2015	2040
2016	2145	2049
2049	1972	2016
1972	1930	2016
2049	2056	1972
2049	2154	2056
2049	2217	2154
2049	2145	2217
2145	2253	2217
2145	2111	2253
2111	2184	2253
2111	2107	2184
2107	2231	2184
2145	2016	2111
2021	2194	2052
2194	2179	2052
2194	2290	2179
2290	2344	2179
2344	2259	2179
2194	2353	2290
2353	2497	2290
2353	2462	2497
2462	2666	2497
2462	2727	2666
2727	2761	2666
2761	2831	2666
2761	2855	2831
2761	2821	2855
2761	2727	2821
2462	2713	2727
2462	2528	2713
2528	2571	2713
2571	2680	2713
2571	2634	2680
2634	2793	2680
2793	2894	2680
2793	2978	2894
2793	2830	2978
2830	2948	2978
2948	3123	2978
3123	3091	2978
3091	3063	2978
3091	3255	3063
3255	3264	3063
3264	3088	3063
3264	3224	3088
3224	3109	3088
3109	2925	3088
3264	3338	3224
3338	3430	3224
3430	3405	3224
3430	3527	3405
3430	3479	3527
3479	3659	3527
3659	3753	3527
3753	3637	3527
3753	3826	3637
3826	3746	3637
3826	3803	3746
3803	3832	3746
3832	3703	3746
3479	3608	3659
3608	3696	3659
3479	3373	3608
3479	3430	3373
3430	3338	3373
3338	3255	3373
3338	3264	3255
2948	3077	3123
3077	3209	3123
3077	3203	3209
3203	3256	3209
3203	3169	3256
3203	3077	3169
3077	3098	3169
3077	2974	3098
3077	2948	2974
2948	2840	2974
2948	2802	2840
2802	2808	2840
2808	2716	2840
2716	2816	2840
2808	2740	2716
2808	2802	2740
2802	2830	2740
2830	2674	2740
2830	2793	2674
2793	2668	2674
2668	2590	2674
2668	2634	2590
2668	2793	2634
2802	2948	2830
2353	2337	2462
2353	2194	2337
2035	2060	2176
2053	2080	2082
2065	2169	2142
2065	2068	2169
2073	2228	2128
2228	2288	2128
2288	2287	2128
2288	2358	2287
2358	2318	2287
2358	2436	2318
2436	2399	2318
2399	2316	2318
2316	2144	2318
2316	2143	2144
2316	2265	2143
2316	2313	2265
2313	2376	2265
2316	2336	2313
2316	2399	2336
2399	2510	2336
2399	2598	2510
2598	2617	2510
2617	2531	2510
2617	2640	2531
2399	2436	2598
2436	2541	2598
2436	2358	2541
2358	2381	2541
2358	2288	2381
2073	2147	2228
2073	2020	2147
2100	2172	2120
2120	1914	2100
2100	2155	2172
2155	2271	2172
2271	2391	2172
2391	2395	2172
2391	2453	2395
2453	2441	2395
2101	2153	2136
2125	2168	2196
2125	2142	2168
2137	2182	2157
2182	2260	2157
2150	2192	2261
2163	2232	2293
2232	2327	2293
2232	2315	2327
2167	2306	2362
2170	2177	2334
2178	2235	2220
2178	2196	2235
2199	2226	2209
2209	2148	2199
2209	2251	2148
2210	2225	2356
2225	2312	2356
2312	2354	2356
2354	2492	2356
2213	2340	2223
2340	2339	2223
2214	2244	2296
2296	2267	2214
2219	2335	2330
2335	2407	2330
2407	2326	2330
2407	2410	2326
2219	2351	2335
2351	2418	2335
2351	2346	2418
2346	2371	2418
2346	2304	2371
2346	2351	2304
2351	2219	2304
2230	2268	2307
2234	2294	2278
2278	2263	2234
2278	2269	2263
2278	2325	2269
2278	2386	2325
2278	2294	2386
2294	2372	2386
2240	2266	2262
2240	2321	2266
2321	2367	2266
2367	2262	2266
2240	2211	2321
2241	2284	2320
2242	2400	2299
2242	2345	2400
2345	2501	2400
2256	2264	2324
2276	2361	2375
2361	2444	2375
2361	2480	2444
2480	2630	2444
2630	2602	2444
2480	2562	2630
2562	2574	2630
2574	2595	2630
2595	2620	2630
2595	2566	2620
2566	2641	2620
2566	2635	2641
2566	2512	2635
2566	2438	2512
2438	2289	2512
2289	2445	2512
2566	2574	2438
2574	2562	2438
2566	2595	2574
2361	2319	2480
2279	2476	2419
2279	2368	2476
2282	2432	2434
2432	2548	2434
2548	2661	2434
2661	2676	2434
2676	2556	2434
2676	2612	2556
2612	2631	2556
2661	2763	2676
2661	2726	2763
2726	2960	2763
2960	2982	2763
2982	2930	2763
2930	2758	2763
2432	2405	2548
2302	2349	2393
2305	2417	2350
2417	2427	2350
2417	2555	2427
2555	2439	2427
2555	2545	2439
2545	2513	2439
2513	2334	2439
2545	2679	2513
2545	2777	2679
2777	2813	2679
2545	2759	2777
2545	2555	2759
2310	2352	2457
2352	2503	2457
2352	2402	2503
2317	2385	2329
2329	2260	2317
2317	2378	2385
2378	2539	2385
2378	2442	2539
2442	2581	2539
2357	2516	2383
2364	2536	2464
2373	2388	2466
2388	2613	2466
2388	2588	2613
2588	2846	2613
2846	2659	2613
2846	2915	2659
2915	2806	2659
2915	2958	2806
2958	2933	2806
2933	2766	2806
2933	2816	2766
2816	2704	2766
2958	3098	2933
2958	3117	3098
2958	3060	3117
3060	3139	3117
3060	3170	3139
2373	2195	2388
2396	2448	2467
2448	2473	2467
2473	2687	2467
2473	2705	2687
2473	2506	2705
2506	2651	2705
2404	2584	2572
2584	2738	2572
2406	2520	2577
2520	2683	2577
2408	2478	2493
2493	2451	2408
2493	2525	2451
2525	2554	2451
2554	2540	2451
2525	2609	2554
2525	2611	2609
2611	2733	2609
2525	2493	2611
2493	2478	2611
2478	2527	2611
2527	2639	2611
2527	2599	2639
2599	2645	2639
2599	2597	2645
2478	2456	2527
2411	2412	2486
2412	2563	2486
2486	2477	2411
2477	2450	2411
2477	2533	2450
2533	2586	2450
2586	2578	2450
2477	2486	2533
2414	2499	2474
2499	2565	2474
2565	2575	2474
2575	2440	2474
2575	2580	2440
2499	2594	2565
2594	2665	2565
2416	2482	2429
2449	2455	2623
2449	2344	2455
2623	2461	2449
2454	2523	2498
2459	2538	2568
2538	2714	2568
2714	2614	2568
2614	2585	2568
2585	2413	2568
2614	2607	2585
2607	2547	2585
2607	2715	2547
2607	2799	2715
2799	2789	2715
2799	2977	2789
2977	3015	2789
2977	3092	3015
3092	3068	3015
3068	2940	3015
3068	3018	2940
3018	2911	2940
3018	3050	2911
3018	3217	3050
3217	3322	3050
3322	3057	3050
3322	3154	3057
3322	3395	3154
3395	3270	3154
3270	3101	3154
3270	3158	3101
3395	3420	3270
3420	3340	3270
3420	3362	3340
3217	3302	3322
3217	3279	3302
3279	3460	3302
3279	3418	3460
3418	3481	3460
3481	3525	3460
3525	3530	3460
3418	3471	3481
3418	3369	3471
3418	3219	3369
3219	3247	3369
3247	3178	3369
3219	3092	3247
3219	3217	3092
3217	3018	3092
3018	3068	3092
3219	3279	3217
3219	3418	3279
2607	2614	2799
2614	2714	2799
2714	2908	2799
2908	3027	2799
2463	2591	2542
2591	2729	2542
2479	2593	2553
2553	2543	2479
2487	2622	2544
2622	2600	2544
2622	2678	2600
2487	2540	2622
2487	2423	2540
2500	2518	2530
2514	2615	2728
2615	2767	2728
2767	2871	2728
2871	2731	2728
2871	3000	2731
2767	2881	2871
2767	2858	2881
2858	3119	2881
2767	2615	2858
2615	2849	2858
2615	2807	2849
2807	3058	2849
2807	2917	3058
2917	2997	3058
2807	2708	2917
2708	2707	2917
2807	2673	2708
2807	2567	2673
2567	2551	2673
2567	2342	2551
2567	2552	2342
2567	2615	2552
2567	2807	2615
2519	2529	2702
2529	2610	2702
2610	2700	2702
2700	2874	2702
2610	2625	2700
2524	2550	2616
2616	2658	2524
2534	2698	2744
2744	2538	2534
2546	2608	2642
2608	2788	2642
2561	2605	2626
2626	2653	2561
2653	2563	2561
2564	2579	2592
2569	2663	2692
2663	2833	2692
2833	2712	2692
2570	2677	2583
2570	2690	2677
2576	2706	2644
2706	2603	2644
2706	2720	2603
2706	2787	2720
2787	2856	2720
2856	2877	2720
2877	2775	2720
2856	2903	2877
2856	2787	2903
2787	2901	2903
2901	2955	2903
2901	2987	2955
2787	2928	2901
2787	2829	2928
2829	2957	2928
2957	3062	2928
3062	2987	2928
3062	3111	2987
2957	3204	3062
2957	3146	3204
2957	2968	3146
2968	3034	3146
3034	3193	3146
3193	3355	3146
3193	3266	3355
3266	3397	3355
3034	3109	3193
2968	2936	3034
2936	2855	3034
2787	2706	2829
2582	2662	2688
2662	2794	2688
2794	2647	2688
2647	2582	2688
2662	2811	2794
2811	2885	2794
2885	2888	2794
2885	2952	2888
2952	2956	2888
2885	3043	2952
2811	2927	2885
2596	2619	2772
2619	2642	2772
2772	2838	2596
2772	2963	2838
2963	2959	2838
2963	3096	2959
3096	2983	2959
2772	2935	2963
2627	2664	2656
2656	2753	2627
2753	2723	2627
2723	2675	2627
2753	2860	2723
2656	2836	2753
2627	2667	2664
2627	2572	2667
2646	2797	2709
2657	2689	2701
2701	2724	2657
2701	2783	2724
2783	2768	2724
2701	2912	2783
2912	2921	2783
2701	2689	2912
2685	2756	2691
2694	2861	2769
2694	2814	2861
2814	2907	2861
2695	2832	2734
2699	2843	2837
2843	2902	2837
2902	2926	2837
2843	2961	2902
2961	3022	2902
2961	3084	3022
3084	3136	3022
2961	2951	3084
2961	2843	2951
2717	2749	2762
2762	2851	2717
2851	2689	2717
2762	2872	2851
2872	2866	2851
2762	2876	2872
2876	2900	2872
2876	2897	2900
2897	2946	2900
2946	3113	2900
3113	3095	2900
3113	3282	3095
3113	3303	3282
2897	2770	2946
2762	2749	2876
2719	2742	2857
2742	2853	2857
2853	2985	2857
2721	2778	2741
2778	2822	2741
2725	2739	2760
2739	2865	2760
2748	2817	2819
2751	2784	2791
2791	2880	2751
2771	2776	2828
2771	2729	2776
2729	2844	2776
2729	2755	2844
2776	2966	2828
2786	2895	2953
2796	2931	2868
2931	3002	2868
2798	2862	2964
2810	2845	2922
2812	2891	2939
2891	3114	2939
3114	3131	2939
3131	2942	2939
2942	2813	2939
2942	2825	2813
3131	3017	2942
3017	3014	2942
3017	3273	3014
3017	3288	3273
3288	3311	3273
3311	3334	3273
3017	3131	3288
2820	2847	2875
2820	2788	2847
2826	2898	2914
2914	2778	2826
2850	2883	2869
2859	2867	2949
2867	3004	2949
3004	3011	2949
3011	2938	2949
2938	2859	2949
2938	2890	2859
2938	3011	2890
2867	2909	3004
2909	3090	3004
2878	2918	3023
2893	2906	3061
2906	2899	3061
2906	2896	2899
3061	3118	2893
2920	3132	2923
2923	2860	2920
2923	2870	2860
2920	3059	3132
2934	3008	2944
3008	3078	2944
3078	3097	2944
3097	2880	2944
3097	3040	2880
3078	3310	3097
3078	3349	3310
3349	3402	3310
3402	3488	3310
3488	3306	3310
3306	3211	3310
3306	3124	3211
3488	3419	3306
3078	3325	3349
3325	3365	3349
3078	3035	3325
3035	3237	3325
3035	3161	3237
3161	3171	3237
3161	3051	3171
3161	3035	3051
3078	3008	3035
3008	2934	3035
2943	3041	3024
3041	3121	3024
3121	2997	3024
3041	3182	3121
3182	3299	3121
3299	3194	3121
3182	3295	3299
3182	3324	3295
3324	3381	3295
3324	3458	3381
3458	3578	3381
3324	3258	3458
3258	3272	3458
3258	3199	3272
3199	3275	3272
3324	3187	3258
3324	3182	3187
2943	2972	3041
2947	3055	3053
2969	3016	3039
3016	3087	3039
2976	3045	3076
2984	3029	3013
2984	3196	3029
3196	3110	3029
3110	3013	3029
3110	2992	3013
2992	2865	3013
2865	2984	3013
3110	3173	2992
2988	3151	3073
2990	3108	3028
3108	3114	3028
2999	3046	3006
3046	3087	3006
3003	3056	3192
3007	3141	3042
3009	3071	3036
3071	3152	3036
3071	3190	3152
3190	3220	3152
3009	3023	3071
3019	3137	3044
3137	3191	3044
3137	3186	3191
3186	3367	3191
3367	3358	3191
3358	3337	3191
3337	3185	3191
3337	3320	3185
3320	3115	3185
3320	3226	3115
3226	3129	3115
3129	3074	3115
3129	3043	3074
3320	3378	3226
3378	3242	3226
3320	3360	3378
3360	3522	3378
3522	3510	3378
3510	3462	3378
3462	3445	3378
3462	3510	3445
3510	3656	3445
3522	3591	3510
3360	3434	3522
3360	3391	3434
3391	3456	3434
3391	3367	3456
3367	3394	3456
3394	3489	3456
3394	3475	3489
3475	3588	3489
3394	3429	3475
3367	3278	3394
3367	3186	3278
3186	3245	3278
3186	3179	3245
3186	3148	3179
3186	3137	3148
3391	3358	3367
3391	3360	3358
3360	3337	3358
3360	3320	3337
3019	2985	3137
3020	3125	3162
3125	3277	3162
3030	3067	3180
3067	3135	3180
3135	3243	3180
3033	3149	3160
3149	3356	3160
3069	3079	3172
3079	3274	3172
3079	3150	3274
3069	2898	3079
3069	3052	2898
3070	3233	3323
3233	3383	3323
3383	3425	3323
3425	3528	3323
3528	3291	3323
3291	3070	3323
3291	3027	3070
3291	3100	3027
3291	3175	3100
3425	3503	3528
3503	3554	3528
3425	3383	3503
3233	3286	3383
3286	3449	3383
3286	3251	3449
3286	3233	3251
3081	3188	3210
3104	3227	3107
3227	3304	3107
3112	3164	3165
3112	3156	3164
3164	3216	3165
3216	3238	3165
3238	3128	3165
3216	3283	3238
3283	3396	3238
3283	3364	3396
3216	3164	3283
3120	3252	3189
3252	3412	3189
3252	3307	3412
3307	3406	3412
3406	3492	3412
3307	3260	3406
3307	3252	3260
3252	3120	3260
3122	3134	3206
3134	3163	3206
3143	3312	3168
3144	3183	3145
3153	3301	3214
3301	3300	3214
3301	3366	3300
3301	3376	3366
3184	3319	3198
3319	3289	3198
3289	3235	3198
3289	3316	3235
3221	3284	3267
3223	3339	3393
3229	3296	3388
3234	3443	3415
3443	3487	3415
3443	3459	3487
3459	3531	3487
3531	3627	3487
3531	3742	3627
3742	3816	3627
3742	3793	3816
3793	3884	3816
3793	3853	3884
3793	3744	3853
3742	3672	3793
3742	3531	3672
3459	3508	3531
3459	3455	3508
3455	3386	3508
3455	3347	3386
3455	3443	3347
3443	3281	3347
3443	3192	3281
3443	3234	3192
3455	3459	3443
3236	3293	3351
3241	3305	3417
3244	3280	3374
3374	3346	3244
3374	3473	3346
3259	3359	3435
3435	3480	3259
3480	3432	3259
3432	3312	3259
3432	3403	3312
3432	3446	3403
3287	3514	3313
3514	3345	3313
3514	3461	3345
3514	3625	3461
3625	3644	3461
3644	3563	3461
3644	3737	3563
3644	3792	3737
3792	3971	3737
3971	3875	3737
3875	3799	3737
3875	3888	3799
3888	3944	3799
3944	3894	3799
3894	3714	3799
3714	3626	3799
3714	3666	3626
3714	3840	3666
3714	3886	3840
3714	3894	3886
3894	3940	3886
3894	4035	3940
4035	4025	3940
4035	4205	4025
4035	4215	4205
4035	4216	4215
4216	4249	4215
4216	4349	4249
4216	4185	4349
4185	4336	4349
4336	4392	4349
4336	4339	4392
4216	4163	4185
4163	4166	4185
4163	4035	4166
4035	3944	4166
4035	3894	3944
4163	4216	4035
3888	4020	3944
3888	3875	4020
3875	3971	4020
3971	4201	4020
3971	4014	4201
4014	4070	4201
4070	4236	4201
4236	4280	4201
4280	4320	4201
4236	4319	4280
4236	4331	4319
4236	4230	4331
4014	3989	4070
4014	3792	3989
3792	3775	3989
3775	3787	3989
3787	3823	3989
3823	4027	3989
4027	4081	3989
4027	4149	4081
4149	4230	4081
4149	4371	4230
4371	4405	4230
4027	4032	4149
4032	4143	4149
4032	4124	4143
4124	4182	4143
4182	4334	4143
4182	4295	4334
4295	4462	4334
4027	3887	4032
4027	3823	3887
3775	3625	3787
3775	3644	3625
3775	3792	3644
4014	3971	3792
3514	3533	3625
3514	3287	3533
3292	3421	3454
3421	3597	3454
3597	3532	3454
3298	3328	3441
3314	3329	3469
3321	3547	3427
3547	3523	3427
3523	3439	3427
3547	3553	3523
3553	3645	3523
3645	3647	3523
3647	3485	3523
3647	3566	3485
3566	3380	3485
3553	3547	3645
3547	3586	3645
3343	3368	3375
3348	3433	3382
3433	3524	3382
3524	3442	3382
3433	3486	3524
3486	3632	3524
3632	3567	3524
3632	3646	3567
3486	3651	3632
3486	3539	3651
3353	3468	3363
3353	3396	3468
3468	3518	3363
3354	3398	3447
3377	3529	3428
3529	3664	3428
3529	3716	3664
3716	3820	3664
3529	3532	3716
3532	3774	3716
3392	3548	3440
3548	3474	3440
3548	3613	3474
3399	3574	3552
3552	3422	3399
3400	3501	3477
3501	3630	3477
3401	3413	3520
3413	3472	3520
3520	3537	3401
3409	3509	3453
3509	3515	3453
3509	3618	3515
3618	3739	3515
3739	3685	3515
3685	3511	3515
3685	3579	3511
3739	3813	3685
3739	3824	3813
3824	3849	3813
3849	3890	3813
3849	4051	3890
4051	4066	3890
3849	3960	4051
3960	4068	4051
3960	4023	4068
4023	4084	4068
4023	4165	4084
4023	3984	4165
3984	4059	4165
4059	4118	4165
4023	3919	3984
4023	3982	3919
4023	3960	3982
3960	3903	3982
3960	3849	3903
3849	3824	3903
3618	3658	3739
3453	3243	3409
3243	3327	3409
3411	3498	3550
3498	3569	3550
3569	3663	3550
3663	3582	3550
3436	3499	3596
3436	3417	3499
3499	3575	3596
3499	3494	3575
3437	3573	3464
3573	3535	3464
3437	3493	3573
3493	3623	3573
3493	3603	3623
3603	3748	3623
3748	3773	3623
3748	3808	3773
3748	3757	3808
3757	3732	3808
3757	3726	3732
3726	3688	3732
3688	3728	3732
3688	3719	3728
3719	3814	3728
3719	3743	3814
3743	3836	3814
3719	3649	3743
3719	3688	3649
3726	3590	3688
3757	3748	3726
3493	3561	3603
3561	3558	3603
3452	3538	3654
3654	3507	3452
3478	3513	3491
3482	3580	3671
3580	3704	3671
3704	3779	3671
3779	3756	3671
3756	3583	3671
3583	3482	3671
3756	3629	3583
3756	3767	3629
3756	3895	3767
3756	3779	3895
3779	3928	3895
3928	4021	3895
3704	3858	3779
3580	3635	3704
3496	3592	3560
3560	3545	3496
3560	3713	3545
3497	3542	3559
3497	3521	3542
3542	3764	3559
3542	3786	3764
3786	3889	3764
3889	3838	3764
3889	4000	3838
4000	4011	3838
4011	3861	3838
3861	3738	3838
3861	3874	3738
3874	3831	3738
3831	3572	3738
3831	3740	3572
3740	3595	3572
3740	3717	3595
3874	3938	3831
3874	3861	3938
3861	4011	3938
4011	4063	3938
4063	4126	3938
4063	4122	4126
4122	4209	4126
4011	4000	4063
3786	3942	3889
3500	3602	3710
3602	3705	3710
3519	3631	3669
3669	3551	3519
3551	3458	3519
3669	3620	3551
3669	3679	3620
3669	3765	3679
3765	3780	3679
3765	3828	3780
3828	3931	3780
3669	3850	3765
3669	3800	3850
3800	3900	3850
3900	3962	3850
3900	3939	3962
3900	3800	3939
3669	3631	3800
3536	3609	3624
3609	3657	3624
3657	3701	3624
3701	3733	3624
3701	3782	3733
3701	3641	3782
3641	3752	3782
3752	3901	3782
3901	4028	3782
4028	4019	3782
3901	4049	4028
4049	4098	4028
3901	4025	4049
3752	3819	3901
3752	3630	3819
3752	3641	3630
3641	3611	3630
3641	3701	3611
3701	3657	3611
3657	3609	3611
3543	3639	3660
3639	3763	3660
3763	3801	3660
3801	3835	3660
3835	3745	3660
3835	3844	3745
3844	3860	3745
3860	3751	3745
3860	3791	3751
3791	3708	3751
3791	3709	3708
3709	3636	3708
3791	3750	3709
3791	3857	3750
3857	3815	3750
3815	3729	3750
3815	3682	3729
3682	3585	3729
3682	3652	3585
3682	3776	3652
3776	3676	3652
3676	3640	3652
3676	3643	3640
3682	3815	3776
3791	3913	3857
3913	3967	3857
3967	4005	3857
3967	4004	4005
3967	4002	4004
4002	4121	4004
4002	4091	4121
4091	4198	4121
4198	4223	4121
4198	4229	4223
4229	4270	4223
4270	4234	4223
4270	4262	4234
4262	4170	4234
4262	4248	4170
4248	4131	4170
4131	4116	4170
4116	4072	4170
4116	4079	4072
4079	4007	4072
4007	3995	4072
3995	4053	4072
3995	3991	4053
3991	4005	4053
3995	3921	3991
3995	3923	3921
3923	3833	3921
3833	3825	3921
3825	3862	3921
3825	3776	3862
3825	3833	3776
3923	3897	3833
3923	3935	3897
3935	3834	3897
3935	3946	3834
3935	4007	3946
3935	3923	4007
3923	3995	4007
4116	4131	4079
4131	4022	4079
4131	4110	4022
4110	4042	4022
4042	3922	4022
4110	4037	4042
4037	4017	4042
4110	4099	4037
4099	4012	4037
4099	4150	4012
4099	4186	4150
4186	4224	4150
4186	4213	4224
4213	4276	4224
4276	4299	4224
4299	4277	4224
4277	4175	4224
4277	4275	4175
4275	4211	4175
4211	4142	4175
4211	4141	4142
4141	4054	4142
4275	4274	4211
4277	4314	4275
4314	4381	4275
4314	4358	4381
4358	4409	4381
4409	4461	4381
4461	4419	4381
4461	4493	4419
4493	4427	4419
4493	4479	4427
4479	4449	4427
4449	4422	4427
4449	4448	4422
4448	4337	4422
4337	4304	4422
4304	4306	4422
4304	4300	4306
4300	4274	4306
4304	4337	4300
4337	4288	4300
4448	4469	4337
4469	4436	4337
4436	4400	4337
4436	4505	4400
4436	4469	4505
4469	4512	4505
4512	4574	4505
4574	4596	4505
4596	4522	4505
4596	4611	4522
4611	4586	4522
4586	4548	4522
4586	4643	4548
4643	4585	4548
4585	4491	4548
4585	4434	4491
4434	4474	4491
4643	4647	4585
4647	4652	4585
4652	4663	4585
4652	4714	4663
4714	4690	4663
4690	4664	4663
4664	4618	4663
4664	4555	4618
4690	4699	4664
4690	4747	4699
4747	4796	4699
4796	4732	4699
4732	4684	4699
4732	4724	4684
4724	4628	4684
4732	4746	4724
4746	4700	4724
4700	4545	4724
4700	4556	4545
4556	4529	4545
4529	4464	4545
4464	4478	4545
4464	4416	4478
4529	4489	4464
4529	4556	4489
4746	4786	4700
4746	4858	4786
4746	4885	4858
4885	4911	4858
4911	4897	4858
4911	4939	4897
4939	4880	4897
4939	4944	4880
4944	4960	4880
4960	4920	4880
4920	4876	4880
4876	4808	4880
4808	4775	4880
4808	4703	4775
4808	4657	4703
4657	4636	4703
4657	4612	4636
4612	4550	4636
4550	4451	4636
4550	4415	4451
4550	4406	4415
4406	4264	4415
4406	4327	4264
4327	4271	4264
4327	4477	4271
4327	4406	4477
4876	4799	4808
4876	4877	4799
4877	4792	4799
4877	4833	4792
4833	4793	4792
4877	4878	4833
4878	4848	4833
4878	4861	4848
4861	4736	4848
4861	4751	4736
4751	4735	4736
4735	4666	4736
4666	4587	4736
4735	4635	4666
4735	4751	4635
4751	4807	4635
4807	4759	4635
4759	4750	4635
4759	4802	4750
4759	4822	4802
4759	4807	4822
4807	4851	4822
4851	4919	4822
4919	4926	4822
4851	4867	4919
4867	4923	4919
4923	4942	4919
4942	5011	4919
4942	4949	5011
4949	5000	5011
5000	5057	5011
5057	5081	5011
5081	5061	5011
5061	5058	5011
5061	5081	5058
5057	5084	5081
5084	5097	5081
5084	5093	5097
5093	5094	5097
5094	5099	5097
5099	5114	5097
5099	5109	5114
5109	5115	5114
5109	5118	5115
5118	5129	5115
5118	5121	5129
5121	5125	5129
5125	5139	5129
5139	5135	5129
5139	5134	5135
5139	5144	5134
5139	5140	5144
5140	5141	5144
5141	5143	5144
5143	5137	5144
5137	5127	5144
5137	5128	5127
5128	5119	5127
5119	5123	5127
5119	5107	5123
5119	5096	5107
5096	5083	5107
5096	5067	5083
5067	5034	5083
5034	4980	5083
5034	4908	4980
4908	4899	4980
4899	4988	4980
4899	4932	4988
4932	5060	4988
5060	5076	4988
5060	5054	5076
5054	5085	5076
5085	5100	5076
5054	5058	5085
5060	4967	5054
5060	4932	4967
4932	4915	4967
4915	4926	4967
4908	4870	4899
4908	4859	4870
4859	4794	4870
5034	5023	4908
5023	4909	4908
4909	4850	4908
4909	4879	4850
4879	4715	4850
4715	4695	4850
4879	4828	4715
5023	4956	4909
5023	5007	4956
5023	5063	5007
5063	5092	5007
5092	5039	5007
5092	5098	5039
5098	5068	5039
5068	4990	5039
4990	4969	5039
5068	5045	4990
5045	4975	4990
5045	5059	4975
5059	5006	4975
5006	4906	4975
4906	4846	4975
5006	4847	4906
5006	4892	4847
4892	4827	4847
4892	4811	4827
4811	4756	4827
4811	4710	4756
4811	4809	4710
4811	4892	4809
4892	4823	4809
4892	4917	4823
4917	4816	4823
4892	4947	4917
4947	4974	4917
4974	4936	4917
4974	4999	4936
4999	4993	4936
4993	4912	4936
4993	4931	4912
4993	5001	4931
5001	4937	4931
5001	4924	4937
5001	5047	4924
5047	4948	4924
4948	4925	4924
4948	4898	4925
4898	4812	4925
4948	4983	4898
4983	4985	4898
4985	4941	4898
4941	4883	4898
4941	4871	4883
4871	4862	4883
4983	5016	4985
5016	5043	4985
5016	5087	5043
5087	5066	5043
5066	5056	5043
5056	5013	5043
5056	5024	5013
5056	5082	5024
5056	5066	5082
5066	5105	5082
5105	5113	5082
5113	5110	5082
5110	5086	5082
5110	5103	5086
5103	5053	5086
5053	5026	5086
5053	5040	5026
5053	5012	5040
5012	4951	5040
4951	4881	5040
4951	4849	4881
4849	4788	4881
4849	4837	4788
4837	4815	4788
4815	4734	4788
5012	4992	4951
4992	4929	4951
4992	4968	4929
4968	4927	4929
4968	4918	4927
4918	4889	4927
4889	4868	4927
4889	4839	4868
4889	4872	4839
4872	4795	4839
4872	4903	4795
4903	4857	4795
4857	4821	4795
4821	4765	4795
4765	4743	4795
4765	4718	4743
4718	4675	4743
4718	4682	4675
4682	4605	4675
4605	4626	4675
4605	4584	4626
4682	4619	4605
4682	4648	4619
4648	4549	4619
4549	4502	4619
4648	4614	4549
4614	4521	4549
4648	4689	4614
4648	4707	4689
4707	4742	4689
4742	4723	4689
4723	4698	4689
4723	4767	4698
4767	4740	4698
4740	4687	4698
4740	4697	4687
4740	4726	4697
4740	4779	4726
4779	4798	4726
4798	4830	4726
4798	4874	4830
4874	4895	4830
4895	4856	4830
4856	4752	4830
4856	4801	4752
4801	4764	4752
4764	4678	4752
4801	4720	4764
4801	4744	4720
4744	4706	4720
4706	4673	4720
4673	4615	4720
4673	4610	4615
4610	4591	4615
4591	4559	4615
4559	4568	4615
4559	4532	4568
4532	4552	4568
4552	4563	4568
4552	4503	4563
4503	4468	4563
4468	4539	4563
4468	4466	4539
4503	4431	4468
4503	4532	4431
4532	4437	4431
4437	4345	4431
4437	4386	4345
4386	4316	4345
4316	4308	4345
4308	4272	4345
4272	4302	4345
4272	4256	4302
4308	4222	4272
4222	4196	4272
4222	4241	4196
4222	4308	4241
4308	4316	4241
4386	4397	4316
4386	4457	4397
4457	4425	4397
4425	4376	4397
4425	4444	4376
4444	4438	4376
4438	4353	4376
4438	4440	4353
4440	4388	4353
4388	4312	4353
4312	4184	4353
4388	4363	4312
4440	4465	4388
4440	4525	4465
4525	4575	4465
4575	4520	4465
4520	4420	4465
4520	4401	4420
4401	4350	4420
4350	4343	4420
4350	4322	4343
4350	4328	4322
4328	4286	4322
4328	4278	4286
4278	4174	4286
4278	4151	4174
4151	4105	4174
4105	4194	4174
4151	4086	4105
4086	4040	4105
4086	4013	4040
4151	4127	4086
4127	4048	4086
4151	4188	4127
4188	4179	4127
4179	4091	4127
4179	4198	4091
4179	4227	4198
4227	4231	4198
4231	4229	4198
4231	4270	4229
4231	4330	4270
4330	4362	4270
4362	4301	4270
4301	4262	4270
4301	4294	4262
4294	4248	4262
4294	4309	4248
4309	4283	4248
4283	4276	4248
4276	4213	4248
4213	4169	4248
4169	4160	4248
4160	4131	4248
4160	4110	4131
4160	4169	4110
4169	4099	4110
4169	4186	4099
4169	4213	4186
4283	4332	4276
4332	4299	4276
4332	4358	4299
4358	4314	4299
4314	4277	4299
4332	4374	4358
4374	4409	4358
4374	4366	4409
4366	4362	4409
4362	4428	4409
4428	4454	4409
4454	4461	4409
4454	4508	4461
4508	4493	4461
4508	4543	4493
4543	4479	4493
4543	4540	4479
4540	4512	4479
4512	4449	4479
4512	4448	4449
4512	4469	4448
4540	4574	4512
4540	4579	4574
4579	4653	4574
4653	4659	4574
4659	4655	4574
4655	4596	4574
4655	4611	4596
4655	4643	4611
4643	4586	4611
4655	4728	4643
4728	4733	4643
4733	4647	4643
4733	4731	4647
4731	4652	4647
4731	4714	4652
4731	4749	4714
4749	4757	4714
4757	4690	4714
4757	4747	4690
4757	4825	4747
4825	4840	4747
4840	4796	4747
4840	4843	4796
4843	4842	4796
4842	4834	4796
4834	4781	4796
4781	4732	4796
4781	4746	4732
4781	4834	4746
4834	4885	4746
4834	4842	4885
4842	4907	4885
4907	4916	4885
4916	4911	4885
4916	4938	4911
4938	4966	4911
4966	4939	4911
4966	4964	4939
4964	4965	4939
4965	4955	4939
4955	4944	4939
4955	5009	4944
5009	4960	4944
5009	5010	4960
5010	4958	4960
4958	4920	4960
4958	4943	4920
4943	4901	4920
4901	4876	4920
4901	4877	4876
4901	4878	4877
4901	4946	4878
4901	4943	4946
4943	4996	4946
4996	5000	4946
4996	5015	5000
5015	5057	5000
5015	5031	5057
5031	5069	5057
5069	5091	5057
5091	5084	5057
5091	5093	5084
5091	5094	5093
5091	5079	5094
5079	5089	5094
5089	5099	5094
5089	5080	5099
5080	5088	5099
5080	5070	5088
5070	5077	5088
5077	5109	5088
5077	5102	5109
5102	5104	5109
5104	5118	5109
5104	5121	5118
5104	5117	5121
5117	5125	5121
5117	5122	5125
5122	5124	5125
5124	5126	5125
5126	5139	5125
5126	5133	5139
5133	5140	5139
5133	5131	5140
5131	5138	5140
5138	5141	5140
5138	5132	5141
5132	5142	5141
5142	5143	5141
5142	5137	5143
5142	5136	5137
5136	5128	5137
5136	5120	5128
5120	5111	5128
5111	5108	5128
5108	5119	5128
5108	5096	5119
5108	5092	5096
5092	5067	5096
5092	5063	5067
5063	5023	5067
5023	5034	5067
5108	5098	5092
5108	5111	5098
5111	5120	5098
5120	5078	5098
5078	5073	5098
5073	5068	5098
5073	5045	5068
5073	5078	5045
5078	5059	5045
5078	5071	5059
5071	5050	5059
5050	5006	5059
5050	5055	5006
5055	4991	5006
4991	4947	5006
4947	4892	5006
4991	4974	4947
4991	5064	4974
5064	5048	4974
5048	5030	4974
5030	4999	4974
5030	4993	4999
5030	5041	4993
5041	5038	4993
5038	5001	4993
5038	5065	5001
5065	5062	5001
5062	5047	5001
5062	5049	5047
5049	4983	5047
4983	4948	5047
5049	5035	4983
5035	5016	4983
5035	5087	5016
5035	5049	5087
5049	5095	5087
5095	5105	5087
5105	5066	5087
5095	5112	5105
5112	5130	5105
5130	5131	5105
5131	5133	5105
5133	5113	5105
5133	5126	5113
5126	5124	5113
5124	5122	5113
5122	5110	5113
5122	5103	5110
5122	5117	5103
5117	5104	5103
5104	5102	5103
5102	5053	5103
5130	5138	5131
5130	5112	5138
5112	5132	5138
5112	5106	5132
5106	5101	5132
5106	5065	5101
5106	5095	5065
5095	5062	5065
5095	5049	5062
5106	5112	5095
5030	5048	5041
5048	5064	5041
5064	5101	5041
5064	5090	5101
5064	5071	5090
5071	5078	5090
5078	5120	5090
5064	5055	5071
5055	5050	5071
5064	4991	5055
5136	5132	5120
5136	5142	5132
5077	5052	5102
5077	4977	5052
4977	4968	5052
4968	4992	5052
4992	5044	5052
5044	5053	5052
5044	5012	5053
5044	4992	5012
4977	4918	4968
4977	4900	4918
4900	4889	4918
4900	4872	4889
4900	4903	4872
4900	4976	4903
4976	4979	4903
4979	4913	4903
4913	4857	4903
4913	4894	4857
4894	4853	4857
4853	4821	4857
4853	4765	4821
4853	4817	4765
4817	4755	4765
4755	4718	4765
4755	4707	4718
4707	4682	4718
4707	4648	4682
4755	4742	4707
4755	4784	4742
4784	4723	4742
4784	4767	4723
4784	4804	4767
4804	4838	4767
4838	4787	4767
4787	4740	4767
4787	4779	4740
4787	4798	4779
4787	4866	4798
4866	4874	4798
4866	4910	4874
4910	4982	4874
4982	4895	4874
4982	4934	4895
4934	4896	4895
4896	4856	4895
4896	4914	4856
4914	4801	4856
4896	4934	4914
4934	4954	4914
4954	4957	4914
4957	4961	4914
4961	4952	4914
4961	4962	4952
4962	4973	4952
4934	4982	4954
4910	4971	4982
4971	5005	4982
5005	5018	4982
5005	5022	5018
5005	4978	5022
4978	5017	5022
5017	5037	5022
5017	5028	5037
5028	5046	5037
5028	5020	5046
5020	5025	5046
5025	5029	5046
5029	5027	5046
5029	5019	5027
5019	5014	5027
5019	4994	5014
4994	4987	5014
4987	4989	5014
4987	4981	4989
4981	4970	4989
4970	4973	4989
4981	4972	4970
4972	4935	4970
4935	4945	4970
4935	4907	4945
4907	4886	4945
4886	4893	4945
4886	4841	4893
4841	4854	4893
4841	4789	4854
4789	4818	4854
4818	4845	4854
4818	4813	4845
4813	4852	4845
4813	4785	4852
4785	4762	4852
4785	4758	4762
4758	4744	4762
4744	4801	4762
4758	4706	4744
4758	4727	4706
4727	4685	4706
4685	4673	4706
4685	4638	4673
4638	4610	4673
4638	4601	4610
4601	4591	4610
4601	4559	4591
4601	4535	4559
4535	4496	4559
4496	4457	4559
4457	4532	4559
4457	4437	4532
4457	4386	4437
4496	4480	4457
4480	4425	4457
4480	4444	4425
4480	4514	4444
4514	4438	4444
4514	4525	4438
4525	4440	4438
4514	4569	4525
4569	4567	4525
4567	4575	4525
4567	4595	4575
4595	4600	4575
4600	4597	4575
4597	4520	4575
4597	4565	4520
4565	4513	4520
4513	4401	4520
4513	4441	4401
4441	4398	4401
4398	4328	4401
4328	4350	4401
4398	4330	4328
4330	4278	4328
4330	4245	4278
4245	4188	4278
4188	4151	4278
4245	4227	4188
4227	4179	4188
4245	4231	4227
4245	4330	4231
4398	4380	4330
4380	4362	4330
4380	4428	4362
4380	4430	4428
4430	4454	4428
4430	4441	4454
4441	4504	4454
4504	4508	4454
4504	4538	4508
4538	4566	4508
4566	4543	4508
4566	4579	4543
4579	4540	4543
4566	4651	4579
4651	4653	4579
4651	4692	4653
4692	4659	4653
4692	4686	4659
4686	4655	4659
4686	4691	4655
4691	4709	4655
4709	4728	4655
4709	4771	4728
4771	4797	4728
4797	4780	4728
4780	4733	4728
4780	4749	4733
4749	4731	4733
4780	4757	4749
4780	4820	4757
4820	4825	4757
4820	4836	4825
4836	4840	4825
4836	4886	4840
4886	4907	4840
4907	4843	4840
4907	4842	4843
4836	4841	4886
4836	4810	4841
4836	4820	4810
4820	4780	4810
4780	4797	4810
4771	4760	4797
4760	4789	4797
4760	4768	4789
4768	4745	4789
4745	4818	4789
4745	4741	4818
4741	4813	4818
4741	4785	4813
4741	4758	4785
4741	4727	4758
4741	4688	4727
4688	4685	4727
4688	4632	4685
4632	4638	4685
4632	4601	4638
4632	4670	4601
4670	4593	4601
4593	4535	4601
4593	4514	4535
4514	4480	4535
4480	4496	4535
4593	4569	4514
4593	4622	4569
4622	4588	4569
4588	4567	4569
4588	4595	4567
4588	4629	4595
4629	4680	4595
4680	4674	4595
4674	4600	4595
4674	4597	4600
4674	4650	4597
4650	4565	4597
4650	4578	4565
4578	4513	4565
4578	4538	4513
4538	4504	4513
4504	4441	4513
4578	4583	4538
4583	4566	4538
4583	4651	4566
4583	4650	4651
4650	4692	4651
4650	4717	4692
4717	4719	4692
4719	4686	4692
4719	4709	4686
4709	4691	4686
4719	4771	4709
4719	4763	4771
4763	4760	4771
4763	4717	4760
4717	4711	4760
4717	4650	4711
4650	4674	4711
4674	4701	4711
4674	4680	4701
4680	4683	4701
4683	4702	4701
4702	4738	4701
4702	4712	4738
4712	4741	4738
4741	4745	4738
4745	4760	4738
4745	4768	4760
4712	4688	4741
4712	4702	4688
4702	4670	4688
4670	4632	4688
4702	4683	4670
4683	4593	4670
4683	4622	4593
4683	4629	4622
4629	4588	4622
4683	4680	4629
4763	4719	4717
4583	4578	4650
4430	4423	4441
4423	4398	4441
4423	4380	4398
4423	4430	4380
4935	4916	4907
4935	4938	4916
4935	4972	4938
4972	4966	4938
4972	4981	4966
4981	4987	4966
4987	4964	4966
4987	4994	4964
4994	4965	4964
4994	5009	4965
5009	4955	4965
4994	5019	5009
5019	5029	5009
5029	5010	5009
5029	5025	5010
5020	5042	5025
5042	5033	5025
5020	5032	5042
5020	5008	5032
5008	5002	5032
5002	5051	5032
5002	5036	5051
5036	5074	5051
5074	5072	5051
5074	5075	5072
5075	5089	5072
5089	5079	5072
5075	5080	5089
5075	5074	5080
5074	5036	5080
5002	5003	5036
5003	4995	5036
4995	5004	5036
4995	4984	5004
4984	4979	5004
4984	4933	4979
4933	4913	4979
4933	4894	4913
4933	4887	4894
4887	4853	4894
4887	4873	4853
4873	4829	4853
4829	4817	4853
4829	4804	4817
4804	4784	4817
4784	4755	4817
4829	4882	4804
4882	4838	4804
4882	4860	4838
4860	4787	4838
4860	4866	4787
4860	4882	4866
4882	4910	4866
4882	4904	4910
4904	4971	4910
4904	4930	4971
4930	4950	4971
4950	4978	4971
4978	5005	4971
4950	4959	4978
4959	4986	4978
4986	5017	4978
4986	5021	5017
5021	5028	5017
5021	5020	5028
5021	5008	5020
5021	4986	5008
4986	4997	5008
4997	5002	5008
4997	5003	5002
4986	4959	4997
4950	4940	4959
4940	4933	4959
4940	4887	4933
4940	4930	4887
4930	4873	4887
4930	4904	4873
4904	4829	4873
4904	4882	4829
4940	4950	4930
4984	4995	4933
4976	4998	4979
4976	4977	4998
4977	5070	4998
4977	5077	5070
4976	4900	4977
5091	5069	5079
5015	5033	5031
5015	4996	5033
4996	4943	5033
4943	4958	5033
4366	4301	4362
4366	4309	4301
4309	4294	4301
4366	4374	4309
4374	4332	4309
4332	4283	4309
4503	4552	4532
4949	4923	5000
4949	4942	4923
4867	4861	4923
4861	4878	4923
4867	4851	4861
4851	4751	4861
4851	4807	4751
4002	3997	4091
4002	3947	3997
3947	3912	3997
3912	3860	3997
3860	3908	3997
3860	3844	3908
3844	3835	3908
3835	3801	3908
3801	3941	3908
3912	3915	3860
3915	3913	3860
3913	3791	3860
3915	3947	3913
3947	3957	3913
3957	3967	3913
3957	4002	3967
3957	3947	4002
3915	3912	3947
3639	3674	3763
3639	3601	3674
3601	3693	3674
3562	3599	3830
3562	3395	3599
3599	3806	3830
3806	3856	3830
3599	3725	3806
3576	3604	3607
3576	3759	3604
3759	3788	3604
3788	3681	3604
3681	3607	3604
3681	3720	3607
3720	3690	3607
3690	3598	3607
3690	3577	3598
3690	3642	3577
3642	3617	3577
3642	3695	3617
3642	3690	3695
3690	3702	3695
3702	3899	3695
3702	3827	3899
3702	3720	3827
3720	3788	3827
3788	3880	3827
3788	3759	3880
3759	3818	3880
3818	3881	3880
3818	3789	3881
3818	3759	3789
3720	3681	3788
3702	3690	3720
3584	3653	3735
3594	3810	3796
3796	3725	3594
3810	3914	3796
3610	3612	3749
3650	3662	3691
3662	3712	3691
3670	3871	3817
3683	3790	3697
3790	3747	3697
3790	3877	3747
3687	3859	3760
3859	3892	3760
3892	3804	3760
3859	3988	3892
3700	3784	3755
3784	3932	3755
3932	3795	3755
3795	3638	3755
3932	3937	3795
3932	4016	3937
4016	3980	3937
4016	4087	3980
3932	4060	4016
3932	3910	4060
3910	3933	4060
3933	4092	4060
3933	3996	4092
3910	3784	3933
3784	3718	3933
3718	3777	3933
3784	3700	3718
3700	3634	3718
3910	3932	3784
3727	3730	3843
3736	3851	3870
3870	3766	3736
3870	3811	3766
3870	3842	3811
3768	3846	3797
3846	3925	3797
3925	3930	3797
3930	3798	3797
3930	3869	3798
3869	3749	3798
3869	3836	3749
3869	3934	3836
3934	3999	3836
3846	3885	3925
3885	3970	3925
3846	3822	3885
3846	3768	3822
3770	3891	3821
3772	3848	3845
3781	3837	3855
3802	3948	3852
3852	3696	3802
3948	3917	3852
3917	3896	3852
3896	3809	3852
3841	3943	3907
3907	3710	3841
3907	3909	3710
3907	3952	3909
3876	3968	3904
3882	3976	4001
3976	4030	4001
4030	4154	4001
4030	4238	4154
3893	3920	3983
3920	4010	3983
3983	3985	3893
3983	4119	3985
4119	4134	3985
4134	4080	3985
4134	4212	4080
4212	4176	4080
4212	4293	4176
4212	4285	4293
4285	4424	4293
4212	4252	4285
4212	4134	4252
4134	4162	4252
4162	4296	4252
4134	4119	4162
3951	3961	4009
3961	3931	4009
4009	4046	3951
4009	4173	4046
3958	4043	3998
3959	4061	3974
4061	4062	3974
4061	4139	4062
3959	3973	4061
3973	4074	4061
4074	4240	4061
4074	4210	4240
4210	4257	4240
4257	4284	4240
4210	4176	4257
3973	4100	4074
3964	3987	4036
3965	4077	4073
4077	4117	4073
4117	4107	4073
4107	4024	4073
4117	4184	4107
3969	4069	4055
3978	4101	4047
4101	4180	4047
4180	4208	4047
4208	4075	4047
4075	4065	4047
4180	4346	4208
4180	4282	4346
4018	4076	4148
4039	4093	4144
4056	4103	4161
4056	3988	4103
4103	4228	4161
4085	4129	4178
4097	4203	4102
4104	4172	4214
4109	4243	4237
4109	4268	4243
4268	4324	4243
4324	4237	4243
4324	4367	4237
4367	4307	4237
4307	4265	4237
4307	4255	4265
4367	4429	4307
4367	4453	4429
4268	4368	4324
4368	4399	4324
4368	4487	4399
4487	4519	4399
4519	4442	4399
4519	4598	4442
4519	4558	4598
4519	4487	4558
4268	4297	4368
4115	4235	4191
4120	4164	4217
4164	4250	4217
4250	4289	4217
4289	4218	4217
4218	4120	4217
4289	4235	4218
4250	4342	4289
4250	4244	4342
4250	4164	4244
4130	4260	4247
4132	4220	4199
4136	4221	4193
4140	4197	4171
4140	4147	4197
4168	4233	4226
4226	4261	4168
4183	4189	4269
4183	4087	4189
4232	4356	4341
4356	4390	4341
4390	4455	4341
4455	4290	4341
4455	4413	4290
4413	4344	4290
4390	4472	4455
4390	4395	4472
4390	4356	4395
4279	4333	4443
4333	4530	4443
4443	4297	4279
4281	4432	4373
4287	4325	4323
4323	4173	4287
4291	4370	4347
4291	4364	4370
4370	4499	4347
4303	4321	4360
4321	4489	4360
4489	4516	4360
4311	4396	4338
4313	4361	4317
4357	4501	4382
4357	4445	4501
4445	4547	4501
4547	4616	4501
4445	4372	4547
4372	4378	4547
4365	4394	4435
4365	4410	4394
4410	4417	4394
4417	4481	4394
4481	4435	4394
4410	4447	4417
4447	4541	4417
4435	4325	4365
4377	4467	4450
4467	4639	4450
4467	4644	4639
4644	4737	4639
4737	4730	4639
4644	4791	4737
4644	4641	4791
4641	4739	4791
4739	4772	4791
4772	4826	4791
4772	4803	4826
4803	4865	4826
4772	4739	4803
4379	4494	4484
4391	4459	4456
4459	4509	4456
4459	4544	4509
4459	4404	4544
4407	4560	4515
4560	4613	4515
4613	4527	4515
4613	4645	4527
4645	4557	4527
4557	4498	4527
4645	4649	4557
4649	4564	4557
4649	4665	4564
4649	4705	4665
4705	4766	4665
4560	4582	4613
4560	4571	4582
4560	4407	4571
4412	4426	4439
4452	4561	4625
4460	4492	4528
4492	4642	4528
4492	4621	4642
4621	4710	4642
4492	4536	4621
4492	4506	4536
4473	4554	4511
4507	4590	4523
4523	4424	4507
4424	4488	4507
4524	4646	4573
4542	4620	4570
4572	4609	4640
4609	4769	4640
4609	4671	4769
4671	4778	4769
4671	4722	4778
4580	4631	4607
4603	4623	4679
4603	4604	4623
4604	4693	4623
4693	4679	4623
4693	4783	4679
4693	4800	4783
4693	4713	4800
4713	4832	4800
4713	4761	4832
4603	4530	4604
4627	4634	4672
4672	4656	4627
4656	4561	4627
4634	4774	4672
4774	4846	4672
4634	4660	4774
4660	4668	4774
4661	4729	4748
4748	4590	4661
4748	4704	4590
4748	4806	4704
4806	4803	4704
4806	4863	4803
4863	4891	4803
4806	4884	4863
4806	4748	4884
4694	4696	4770
4696	4790	4770
4844	4864	4921
133	7	85
179	308	112
179	287	308
287	311	308
328	429	348
328	444	429
1194	1051	1181
1205	1063	1081
1934	1953	1838
1953	1750	1838
1750	1670	1838
1934	2074	1953
1781	1822	1716
1542	1504	1624
864	1054	799
1054	894	799
864	1077	1054
776	739	832
1435	1428	1393
1428	1330	1393
1330	1190	1393
1588	1442	1475
1588	1551	1442
191	232	331
624	585	530
585	497	530
624	718	585
718	644	585
189	121	194
100	195	121
486	564	579
485	494	602
572	657	499
657	561	499
849	831	771
418	377	443
377	294	443
350	421	422
225	264	301
149	129	243
129	153	243
118	202	153
327	305	381
320	374	305
303	308	352
277	223	262
32	35	70
34	89	35
27	22	34
27	18	22
27	10	18
97	125	46
97	98	125
246	148	215
114	180	148
159	307	286
159	199	307
437	386	356
619	953	761
953	1096	761
619	620	953
620	767	953
767	932	953
298	401	335
656	522	537
1407	1219	1370
540	684	636
684	730	636
730	744	636
744	685	636
730	786	744
1150	1148	888
1148	956	888
1028	1147	1056
1028	1343	1147
1028	1388	1343
1028	1146	1388
1029	1124	1091
1044	1153	992
1153	1087	992
1044	1052	1153
1303	1065	1162
1303	1231	1065
1378	1401	1617
1401	1650	1617
843	821	826
1463	1523	1660
1463	1374	1523
1543	1431	1477
1431	1197	1477
1514	1519	1274
1519	1421	1274
1421	1173	1274
1112	1118	1018
1118	1002	1018
1009	1234	953
1234	1129	953
1009	1318	1234
1156	1039	1069
1156	1252	1039
1252	1126	1039
1550	1623	1549
1011	930	1000
1379	1587	1408
1279	1464	1300
1279	1500	1464
1594	1614	1427
1594	1631	1614
1562	1741	1481
1562	1799	1741
1602	1455	1425
1455	1227	1425
2112	2291	2254
2077	1973	2236
1973	2188	2236
1867	1945	1651
2044	1676	1951
1676	1610	1951
2044	1848	1676
2044	2022	1848
1733	2100	1914
1733	1952	2100
1733	1649	1952
1649	1653	1952
1653	1920	1952
1653	1645	1920
1645	1786	1920
1645	1609	1786
1649	1632	1653
1706	1707	1607
1620	1888	1706
1888	1967	1706
1967	1863	1706
1693	1885	1637
1761	1985	1900
1946	2036	1791
2211	2240	2029
1833	1930	1972
1993	2246	2109
1993	1980	2246
1980	2267	2246
1980	1996	2267
1996	2214	2267
1996	2010	2214
1773	1660	1764
2216	2551	2342
2216	2275	2551
2275	2433	2551
2055	1986	1863
1954	2224	2190
2224	2258	2190
1983	2203	2048
2203	2429	2430
2202	1962	2124
1962	1977	2124
2267	2296	2295
2296	2481	2295
2764	2943	2669
2943	2707	2669
2943	2917	2707
2943	2997	2917
2943	3024	2997
3357	3355	3448
3355	3517	3448
3357	3204	3355
3204	3146	3355
3066	2803	3049
2249	2181	2036
2415	2173	2181
2415	2422	2173
2422	2158	2173
2422	2193	2158
2290	2497	2344
2821	2925	2855
2925	3109	2855
3109	3034	2855
2974	2816	3098
2816	2933	3098
2740	2460	2716
2460	2385	2716
2385	2539	2716
2362	2331	2167
2331	2165	2167
2362	2446	2331
2362	2546	2446
2386	2563	2325
2563	2412	2325
2241	2149	2284
2562	2480	2438
2405	2697	2548
2373	2121	2195
2599	2496	2597
3050	3057	2911
3369	3291	3471
3291	3528	3471
3369	3175	3291
3369	3178	3175
2799	3027	2977
3027	3100	2977
2544	2517	2487
2858	2849	3119
2702	2588	2519
2561	2372	2605
2663	2647	2833
2647	2888	2833
2647	2794	2888
2903	3075	2877
2706	2576	2829
2963	3236	3096
2724	2649	2657
2685	2703	2756
2703	2735	2756
3084	3321	3136
3321	3176	3136
2717	2665	2749
2985	3019	2857
2725	2475	2739
2725	2698	2475
2844	2981	2776
3131	3345	3288
2883	2924	2869
2869	2711	2850
2711	2712	2850
3004	3222	3011
3061	3094	3118
3199	3085	3275
3085	2973	3275
3085	2863	2973
3016	3006	3087
3028	2812	2990
3135	3327	3243
3251	3215	3449
3737	3799	3563
3799	3626	3563
3626	3466	3563
3626	3404	3466
3626	3666	3404
3666	3501	3404
3501	3274	3404
3666	3840	3501
3840	3819	3501
3819	3630	3501
4149	4143	4371
4143	4334	4371
3625	3533	3787
3597	3774	3532
4059	4003	4118
3558	3549	3603
3549	3590	3603
3549	3483	3590
3558	3540	3549
3558	3561	3540
3513	3616	3491
3616	3759	3491
3759	3576	3491
3521	3786	3542
3521	3565	3786
3565	3951	3786
3951	3942	3786
3565	3578	3951
3578	3961	3951
3578	3780	3961
3780	3931	3961
3764	3738	3559
3764	3838	3738
3559	3469	3497
3765	3850	3828
3782	4019	3733
3750	3729	3709
4275	4419	4274
4419	4422	4274
4419	4427	4422
4275	4381	4419
4585	4663	4434
4724	4545	4628
4545	4499	4628
4897	4880	4858
4477	4273	4271
4273	4203	4271
4477	4379	4273
4477	4494	4379
4406	4550	4477
4550	4587	4477
4550	4612	4587
4657	4799	4612
4799	4792	4612
4657	4808	4799
4919	5058	4926
5058	4967	4926
5058	5054	4967
4919	5011	5058
5081	5085	5058
5081	5097	5085
5135	5116	5129
5127	5123	5144
5107	5076	5123
5076	5100	5123
5100	5134	5123
5107	5083	5076
5083	4988	5076
5083	4980	4988
5043	5013	4985
4764	4563	4678
4764	4615	4563
4615	4568	4563
4764	4720	4615
4946	4923	4878
4946	5000	4923
5088	5109	5099
5065	5041	5101
5065	5038	5041
4914	4762	4801
4914	4852	4762
4914	4952	4852
4952	4845	4852
4962	5027	4973
5027	5014	4973
5014	4989	4973
4962	5018	5027
5018	5022	5027
5022	5037	5027
5037	5046	5027
4962	4961	5018
4961	4957	5018
4957	4954	5018
4954	4982	5018
4810	4797	4841
4797	4789	4841
5025	5033	5010
5033	4958	5010
5042	5069	5033
5069	5031	5033
5042	5072	5069
5072	5079	5069
5042	5051	5072
5042	5032	5051
5036	5070	5080
4979	5070	5004
4979	4998	5070
3997	4048	4091
3856	4102	3830
4102	4015	3830
4015	3972	3830
3856	4097	4102
3683	3783	3790
3877	3976	3747
3976	3882	3747
3877	4030	3976
3877	4039	4030
4039	4144	4030
3877	3956	4039
3907	4158	3952
3876	3872	3968
4293	4257	4176
4293	4446	4257
4446	4284	4257
4293	4523	4446
4293	4424	4523
4062	3950	3974
4061	4240	4139
4240	4284	4139
4284	4355	4139
4148	4006	4018
4297	4443	4368
4291	4202	4364
4202	4261	4364
4803	4953	4865
4456	4509	4391
4509	4537	4391
4509	4572	4537
4572	4640	4537
4509	4671	4572
4671	4609	4572
4511	4462	4473
4783	4782	4679
4729	4884	4748
