280.845773 196.771172 43.711795 255 0 0
296.364393 184.605539 47.470766 255 0 0
313.096686 173.949048 50.429940 255 0 0
331.042652 164.801699 52.589315 255 0 0
350.202291 157.163493 53.948892 255 0 0
370.575604 151.034429 54.508672 255 0 0
392.162589 146.414507 54.268653 255 0 0
414.963248 143.303727 53.228835 255 0 0
438.977580 141.702090 51.389220 0 255 0
420.633018 146.370331 69.243150 0 255 0
403.604734 152.675300 86.229665 0 255 0
387.892729 160.616995 102.348767 0 255 0
373.497002 170.195416 117.600455 0 255 0
360.417553 181.410565 131.984729 0 255 0
348.654383 194.262440 145.501589 0 255 0
338.207491 208.751042 158.151035 0 255 0
329.076878 224.876370 169.933067 0 255 0
