2.781909678440300127e+02 1.886886201697304273e+02 3.269845199058420349e+01
2.917084691819599129e+02 1.794634955674328580e+02 3.107729930046002664e+01
3.068057231523260384e+02 1.711517480729265230e+02 3.089386483313489862e+01
3.234827032103794409e+02 1.637533586888038144e+02 3.214815392122034154e+01
3.417394397359101390e+02 1.572683694375344885e+02 3.484015977610488335e+01
3.615759023491281710e+02 1.516967382966488458e+02 3.896988918640010979e+01
3.829921175947823713e+02 1.470384842635543237e+02 4.453733681949438505e+01
4.059880656391502498e+02 1.432936119161194597e+02 5.154252282825393650e+01
4.305637634399690796e+02 1.404621161262620035e+02 5.998541078355788159e+01
4.191365112983127119e+02 1.491931153920006636e+02 8.215130494007007655e+01
4.076383050062061102e+02 1.581392923225413938e+02 1.020313686313860444e+02
3.960691057055813076e+02 1.673006408966215872e+02 1.196255921241689748e+02
3.844289389821317400e+02 1.766771576368001320e+02 1.349339878180616097e+02
3.727177925225381614e+02 1.862688555192218018e+02 1.479565406471153892e+02
3.609356824751607178e+02 1.960757445928041420e+02 1.586932642212788096e+02
3.490825917325842056e+02 2.060977923337811717e+02 1.671441626628576955e+02
3.371585241298490701e+02 2.163350217672149824e+02 1.733092345158522107e+02
