1	15	2
1	20	15
20	27	15
27	3	15
3	2	15
3	5	2
5	1	2
5	23	1
23	12	1
12	4	1
4	7	1
7	32	1
32	20	1
32	44	20
44	27	20
44	45	27
45	52	27
52	8	27
8	3	27
8	6	3
6	5	3
6	22	5
22	23	5
52	24	8
24	9	8
24	10	9
10	16	9
24	13	10
24	43	13
43	54	13
54	17	13
54	60	17
60	59	17
59	25	17
25	18	17
18	33	17
18	39	33
18	25	39
25	61	39
61	120	39
120	79	39
61	159	120
61	59	159
59	127	159
127	207	159
127	277	207
127	267	277
267	395	277
59	60	127
60	54	127
54	107	127
54	53	107
53	89	107
89	105	107
105	183	107
105	126	183
126	206	183
206	271	183
206	218	271
218	237	271
237	291	271
291	342	271
291	310	342
310	410	342
310	347	410
347	448	410
448	506	410
448	458	506
458	572	506
572	692	506
692	592	506
692	707	592
707	603	592
707	737	603
737	675	603
675	544	603
675	670	544
670	563	544
563	485	544
485	503	544
563	540	485
540	393	485
540	369	393
563	617	540
563	670	617
670	690	617
670	732	690
732	747	690
747	643	690
747	666	643
666	578	643
666	565	578
565	541	578
565	516	541
565	426	516
426	395	516
426	362	395
426	399	362
399	368	362
368	343	362
368	416	343
416	344	343
344	264	343
344	226	264
344	350	226
350	233	226
350	299	233
299	265	233
265	224	233
224	200	233
265	339	224
265	414	339
414	449	339
265	346	414
346	451	414
451	539	414
451	554	539
554	663	539
265	299	346
350	400	299
350	436	400
350	402	436
402	467	436
467	528	436
467	509	528
509	657	528
657	608	528
657	706	608
706	736	608
657	695	706
657	602	695
602	697	695
602	600	697
600	698	697
698	764	697
698	924	764
924	897	764
600	571	698
600	555	571
555	498	571
498	523	571
498	491	523
491	517	523
491	557	517
491	511	557
511	533	557
533	531	557
531	573	557
573	623	557
573	694	623
694	648	623
694	693	648
573	656	694
656	664	694
664	801	694
801	865	694
801	956	865
956	1014	865
1014	828	865
1014	1019	828
1019	924	828
1019	1038	924
1019	1272	1038
1014	1106	1019
1014	1109	1106
1109	1244	1106
1244	1272	1106
1244	1294	1272
1244	1350	1294
1244	1245	1350
1245	1455	1350
1455	1425	1350
1245	1241	1455
1245	1109	1241
1109	1145	1241
1145	1334	1241
1109	956	1145
956	996	1145
956	801	996
1109	1014	956
1245	1244	1109
664	687	801
664	636	687
636	731	687
636	676	731
636	593	676
593	721	676
721	779	676
721	847	779
847	908	779
847	954	908
721	682	847
682	686	847
686	730	847
730	873	847
682	599	686
682	593	599
593	590	599
590	679	599
593	581	590
682	721	593
664	656	636
573	535	656
573	531	535
531	637	535
531	639	637
639	691	637
639	666	691
666	747	691
747	769	691
747	796	769
747	784	796
784	815	796
784	732	815
732	807	815
807	905	815
807	825	905
825	854	905
825	774	854
774	737	854
737	797	854
797	874	854
874	904	854
904	977	854
904	921	977
921	1034	977
1034	1041	977
1041	998	977
998	968	977
998	917	968
998	923	917
923	808	917
923	850	808
850	786	808
998	990	923
990	925	923
990	1009	925
1009	991	925
991	864	925
864	925	985
991	846	864
991	985	846
1009	1020	991
1009	1130	1020
1130	1149	1020
1130	1162	1149
1162	1219	1149
1219	1237	1149
1237	1228	1149
1228	1207	1149
1207	1148	1149
1207	1286	1148
1207	1279	1286
1279	1302	1286
1302	1435	1286
1302	1439	1435
1302	1430	1439
1430	1558	1439
1430	1447	1558
1447	1552	1558
1552	1562	1558
1552	1586	1562
1586	1668	1562
1552	1464	1586
1464	1571	1586
1464	1444	1571
1444	1560	1571
1560	1724	1571
1560	1570	1724
1570	1675	1724
1675	1781	1724
1570	1577	1675
1577	1626	1675
1577	1597	1626
1597	1627	1626
1627	1669	1626
1627	1694	1669
1694	1768	1669
1768	1833	1669
1768	1839	1833
1768	1791	1839
1768	1694	1791
1694	1773	1791
1694	1775	1773
1775	1841	1773
1694	1649	1775
1649	1634	1775
1649	1565	1634
1565	1614	1634
1565	1522	1614
1522	1504	1614
1504	1578	1614
1504	1441	1578
1441	1520	1578
1520	1652	1578
1652	1712	1578
1712	1721	1578
1652	1707	1712
1652	1654	1707
1652	1557	1654
1557	1636	1654
1636	1662	1654
1636	1631	1662
1636	1518	1631
1518	1501	1631
1501	1622	1631
1501	1474	1622
1474	1517	1622
1517	1637	1622
1637	1684	1622
1637	1689	1684
1637	1683	1689
1683	1756	1689
1683	1653	1756
1653	1747	1756
1747	1805	1756
1805	1878	1756
1805	1850	1878
1850	1924	1878
1924	1925	1878
1805	1747	1850
1653	1633	1747
1653	1517	1633
1517	1513	1633
1513	1530	1633
1513	1450	1530
1513	1463	1450
1463	1366	1450
1463	1333	1366
1333	1311	1366
1311	1303	1366
1303	1326	1366
1326	1300	1366
1326	1268	1300
1268	1243	1300
1268	1201	1243
1201	1236	1243
1201	1206	1236
1206	1231	1236
1201	1141	1206
1201	1268	1141
1268	1139	1141
1139	1053	1141
1053	1027	1141
1027	1028	1141
1027	934	1028
934	951	1028
951	1039	1028
951	1015	1039
1015	1084	1039
1015	1159	1084
1159	1137	1084
1159	1189	1137
1015	1169	1159
1015	1151	1169
1151	1224	1169
1224	1359	1169
1224	1385	1359
1385	1468	1359
1468	1490	1359
1468	1606	1490
1468	1638	1606
1638	1688	1606
1638	1804	1688
1804	1876	1688
1876	1784	1688
1804	1939	1876
1468	1389	1638
1468	1414	1389
1414	1361	1389
1414	1385	1361
1385	1224	1361
1414	1468	1385
1151	1144	1224
934	888	951
934	885	888
885	783	888
783	863	888
783	713	863
713	883	863
883	1015	863
713	856	883
713	842	856
842	1012	856
713	821	842
713	683	821
683	717	821
717	790	821
717	680	790
717	655	680
655	628	680
628	667	680
655	525	628
655	551	525
551	480	525
480	443	525
443	502	525
443	499	502
443	375	499
375	392	499
392	538	499
392	424	538
392	345	424
345	405	424
345	304	405
304	289	405
304	270	289
270	244	289
244	199	289
244	217	199
217	230	199
230	211	199
230	238	211
238	234	211
234	188	211
188	154	211
188	155	154
155	140	154
140	158	154
158	199	154
140	148	158
140	131	148
131	150	148
150	157	148
157	212	148
157	156	212
156	167	212
167	245	212
245	254	212
245	321	254
321	279	254
279	289	254
279	317	289
279	321	317
245	338	321
245	351	338
245	361	351
245	280	361
280	383	361
156	128	167
128	168	167
168	197	167
197	221	167
197	235	221
235	293	221
293	255	221
255	280	221
293	298	255
293	381	298
381	359	298
293	322	381
322	438	381
293	235	322
197	187	235
187	142	235
142	149	235
142	137	149
137	119	149
119	146	149
146	190	149
146	160	190
160	227	190
227	256	190
160	163	227
163	225	227
163	192	225
192	220	225
220	248	225
220	261	248
261	281	248
261	302	281
302	364	281
302	336	364
336	431	364
431	442	364
442	446	364
446	422	364
446	455	422
446	442	455
431	456	442
431	372	456
372	471	456
471	526	456
471	483	526
483	515	526
515	582	526
582	642	526
642	629	526
582	704	642
582	638	704
638	716	704
716	756	704
756	752	704
756	772	752
772	789	752
716	757	756
716	711	757
716	638	711
638	618	711
618	616	711
618	519	616
519	560	616
519	477	560
477	510	560
510	596	560
596	624	560
596	630	624
596	627	630
627	760	630
596	510	627
477	470	510
470	459	510
470	425	459
425	360	459
360	482	459
360	301	482
360	313	301
360	329	313
329	250	313
329	243	250
329	273	243
273	246	243
273	278	246
278	260	246
260	229	246
260	263	229
263	253	229
253	181	229
181	152	229
181	144	152
144	130	152
130	122	152
122	118	152
122	104	118
104	85	118
85	75	118
85	72	75
85	67	72
67	23	72
67	47	23
47	21	23
21	12	23
21	4	12
21	11	4
11	7	4
11	29	7
29	48	7
48	32	7
48	84	32
84	44	32
84	76	44
76	45	44
76	62	45
62	52	45
62	73	52
73	49	52
49	24	52
49	53	24
53	43	24
53	54	43
49	89	53
49	73	89
73	105	89
73	103	105
103	126	105
103	179	126
179	206	126
179	218	206
179	237	218
179	172	237
172	268	237
268	291	237
268	310	291
268	300	310
300	347	310
300	370	347
370	391	347
391	448	347
391	458	448
391	461	458
461	572	458
461	566	572
566	577	572
566	564	577
566	461	564
461	419	564
419	421	564
419	334	421
334	373	421
373	490	421
373	464	490
464	521	490
521	598	490
521	665	598
665	714	598
714	660	598
714	700	660
714	771	700
771	724	700
771	840	724
840	843	724
843	718	724
843	734	718
734	564	718
843	804	734
843	877	804
877	947	804
947	882	804
882	800	804
882	797	800
797	692	800
797	707	692
797	737	707
882	874	797
882	921	874
921	904	874
882	896	921
896	938	921
938	1022	921
1022	1034	921
1022	1050	1034
1050	1041	1034
1050	1009	1041
1009	990	1041
990	998	1041
1050	1130	1009
1050	1022	1130
1022	1054	1130
1054	1162	1130
1054	1078	1162
1078	1219	1162
1054	947	1078
947	1025	1078
1025	1079	1078
1079	1096	1078
1079	1200	1096
1079	1057	1200
1057	1221	1200
1221	1235	1200
1235	1219	1200
1235	1257	1219
1257	1237	1219
1257	1264	1237
1264	1228	1237
1264	1283	1228
1283	1279	1228
1279	1207	1228
1283	1302	1279
1283	1430	1302
1283	1406	1430
1406	1447	1430
1406	1392	1447
1392	1443	1447
1443	1552	1447
1443	1464	1552
1443	1365	1464
1365	1403	1464
1403	1444	1464
1403	1415	1444
1415	1401	1444
1401	1481	1444
1481	1505	1444
1505	1560	1444
1505	1570	1560
1505	1577	1570
1505	1481	1577
1481	1485	1577
1485	1544	1577
1544	1587	1577
1587	1597	1577
1587	1627	1597
1587	1565	1627
1565	1649	1627
1649	1694	1627
1587	1544	1565
1544	1531	1565
1531	1522	1565
1531	1506	1522
1506	1504	1522
1506	1393	1504
1393	1382	1504
1382	1405	1504
1405	1441	1504
1405	1386	1441
1386	1390	1441
1390	1410	1441
1410	1518	1441
1518	1520	1441
1518	1557	1520
1557	1652	1520
1518	1636	1557
1410	1457	1518
1457	1501	1518
1457	1453	1501
1453	1474	1501
1453	1454	1474
1454	1517	1474
1454	1463	1517
1463	1513	1517
1454	1384	1463
1384	1353	1463
1353	1333	1463
1353	1285	1333
1285	1311	1333
1285	1226	1311
1226	1303	1311
1226	1268	1303
1268	1326	1303
1226	1183	1268
1183	1155	1268
1155	1139	1268
1155	1053	1139
1155	1135	1053
1135	1062	1053
1062	1024	1053
1024	1021	1053
1021	1027	1053
1021	973	1027
973	934	1027
973	885	934
973	971	885
971	852	885
971	902	852
902	866	852
866	727	852
727	633	852
727	635	633
635	579	633
579	650	633
579	653	650
653	735	650
653	701	735
701	738	735
738	783	735
783	885	735
738	701	783
701	713	783
701	653	713
653	661	713
661	683	713
661	647	683
647	717	683
647	655	717
647	551	655
647	584	551
584	552	551
552	480	551
552	465	480
465	411	480
411	443	480
411	366	443
366	375	443
366	353	375
353	392	375
353	333	392
333	328	392
328	345	392
328	320	345
320	304	345
320	270	304
320	275	270
275	244	270
275	230	244
230	222	244
222	217	244
222	230	217
275	296	230
296	249	230
249	238	230
249	311	238
311	272	238
272	234	238
272	228	234
272	242	228
242	240	228
240	258	228
240	242	258
242	295	258
272	326	242
272	311	326
311	365	326
311	312	365
312	309	365
309	387	365
387	401	365
387	408	401
408	412	401
412	326	401
412	435	326
435	314	326
314	295	326
314	382	295
314	435	382
435	445	382
445	479	382
445	576	479
576	587	479
587	595	479
595	546	479
595	641	546
641	496	546
641	601	496
601	486	496
486	389	496
389	437	496
486	481	389
481	384	389
384	352	389
352	297	389
352	315	297
315	169	297
315	209	169
209	171	169
171	134	169
134	121	169
121	139	169
121	138	139
138	165	139
138	155	165
155	188	165
138	101	155
101	91	155
91	99	155
91	88	99
88	98	99
88	86	98
86	100	98
100	113	98
113	117	98
113	128	117
128	156	117
156	157	117
157	150	117
150	131	117
88	70	86
88	87	70
87	69	70
69	51	70
51	40	70
40	46	70
40	37	46
37	38	46
38	68	46
68	74	46
74	78	46
74	77	78
77	109	78
77	106	109
106	182	109
182	196	109
182	202	196
202	266	196
266	262	196
262	191	196
262	259	191
259	223	191
223	178	191
223	186	178
186	119	178
186	184	119
184	151	119
151	146	119
151	163	146
163	160	146
151	177	163
177	192	163
177	261	192
261	220	192
177	223	261
223	259	261
259	308	261
308	323	261
323	302	261
323	336	302
323	308	336
308	324	336
324	431	336
324	372	431
324	305	372
305	307	372
307	316	372
316	471	372
316	452	471
452	483	471
452	515	483
452	505	515
505	582	515
505	638	582
505	519	638
519	618	638
505	420	519
420	407	519
407	413	519
413	477	519
413	425	477
425	470	477
413	379	425
379	329	425
329	360	425
379	278	329
278	273	329
379	290	278
290	260	278
290	263	260
290	327	263
327	253	263
327	283	253
283	204	253
204	175	253
175	181	253
175	144	181
175	153	144
153	116	144
116	92	144
92	130	144
92	104	130
104	122	130
92	81	104
81	67	104
67	85	104
81	71	67
71	47	67
81	80	71
80	68	71
80	74	68
80	96	74
96	77	74
96	106	77
96	116	106
116	164	106
164	182	106
164	198	182
198	202	182
198	219	202
219	266	202
219	305	266
305	324	266
324	262	266
324	259	262
324	308	259
219	294	305
294	307	305
294	316	307
294	283	316
283	327	316
327	452	316
327	417	452
417	505	452
417	420	505
417	374	420
374	404	420
404	407	420
404	374	407
374	413	407
374	379	413
374	290	379
374	327	290
374	417	327
294	204	283
294	219	204
219	198	204
198	164	204
164	147	204
147	153	204
153	175	204
147	116	153
147	164	116
96	92	116
96	80	92
80	81	92
177	184	223
184	186	223
177	151	184
37	30	38
30	26	38
30	31	26
31	28	26
28	19	26
28	34	19
34	55	19
55	29	19
29	11	19
11	21	19
21	47	19
55	94	29
94	66	29
66	48	29
66	83	48
83	84	48
83	172	84
172	133	84
133	76	84
133	103	76
103	62	76
103	73	62
133	179	103
133	172	179
83	201	172
201	231	172
231	268	172
231	300	268
55	58	94
58	97	94
97	115	94
115	141	94
115	176	141
176	162	141
162	83	141
115	193	176
193	257	176
193	286	257
286	334	257
334	370	257
334	406	370
406	394	370
394	391	370
394	461	391
394	406	461
406	419	461
406	334	419
286	373	334
286	325	373
325	439	373
439	464	373
439	460	464
460	521	464
460	476	521
476	532	521
532	652	521
652	665	521
652	674	665
674	714	665
674	755	714
755	838	714
838	771	714
838	835	771
835	853	771
853	840	771
853	868	840
868	877	840
877	843	840
868	947	877
868	1025	947
868	1004	1025
1004	1044	1025
1044	1057	1025
1057	1079	1025
1044	1221	1057
1044	1170	1221
1170	1174	1221
1174	1324	1221
1324	1313	1221
1313	1297	1221
1297	1235	1221
1297	1284	1235
1284	1316	1235
1316	1257	1235
1316	1264	1257
1316	1283	1264
1316	1365	1283
1365	1406	1283
1365	1392	1406
1365	1443	1392
1316	1329	1365
1329	1403	1365
1329	1370	1403
1370	1415	1403
1370	1401	1415
1370	1355	1401
1355	1354	1401
1354	1407	1401
1407	1422	1401
1422	1481	1401
1422	1485	1481
1422	1479	1485
1479	1544	1485
1479	1531	1544
1479	1506	1531
1479	1393	1506
1479	1422	1393
1422	1407	1393
1407	1383	1393
1383	1369	1393
1369	1382	1393
1369	1308	1382
1308	1368	1382
1368	1405	1382
1368	1386	1405
1368	1304	1386
1304	1390	1386
1304	1273	1390
1273	1275	1390
1275	1348	1390
1348	1410	1390
1348	1335	1410
1335	1342	1410
1342	1457	1410
1342	1402	1457
1402	1453	1457
1402	1454	1453
1402	1384	1454
1402	1349	1384
1349	1363	1384
1363	1353	1384
1363	1285	1353
1363	1349	1285
1349	1287	1285
1287	1203	1285
1203	1214	1285
1214	1226	1285
1214	1183	1226
1214	1135	1183
1135	1155	1183
1214	1203	1135
1203	1125	1135
1125	1062	1135
1125	1031	1062
1031	1024	1062
1031	971	1024
971	1021	1024
971	973	1021
1031	949	971
949	902	971
949	814	902
814	866	902
814	793	866
793	775	866
775	727	866
793	803	775
803	782	775
782	587	775
587	614	775
587	576	614
576	524	614
524	635	614
635	673	614
635	727	673
524	579	635
524	501	579
501	527	579
527	575	579
575	653	579
575	584	653
584	661	653
584	647	661
575	552	584
575	527	552
527	465	552
527	412	465
412	408	465
408	387	465
387	411	465
387	366	411
387	309	366
309	353	366
309	333	353
309	288	333
288	275	333
275	328	333
275	320	328
288	296	275
288	309	296
309	312	296
312	249	296
312	311	249
527	501	412
501	435	412
501	444	435
444	445	435
444	524	445
524	576	445
444	501	524
782	595	587
782	641	595
782	685	641
685	702	641
702	681	641
681	601	641
681	611	601
611	548	601
548	500	601
500	486	601
500	481	486
500	384	481
500	367	384
367	352	384
367	315	352
367	319	315
319	209	315
319	215	209
215	185	209
185	171	209
185	134	171
185	161	134
185	214	161
214	216	161
216	213	161
213	112	161
112	95	161
95	90	161
95	65	90
65	50	90
50	64	90
50	51	64
51	69	64
50	40	51
50	37	40
50	30	37
50	31	30
50	65	31
65	28	31
65	58	28
58	42	28
42	34	28
42	55	34
42	56	55
56	58	55
56	42	58
65	97	58
65	112	97
112	135	97
135	115	97
135	193	115
135	213	193
213	239	193
239	286	193
239	325	286
239	269	325
269	358	325
358	385	325
385	432	325
432	439	325
432	460	439
432	385	460
385	476	460
385	396	476
396	532	476
396	500	532
500	548	532
548	611	532
611	658	532
658	652	532
658	696	652
696	726	652
726	674	652
726	755	674
726	851	755
851	838	755
851	929	838
929	911	838
911	870	838
870	835	838
870	853	835
870	1004	853
1004	868	853
870	999	1004
999	1044	1004
999	1110	1044
1110	1170	1044
1110	1167	1170
1167	1174	1170
1167	1110	1174
1110	1091	1174
1091	1184	1174
1184	1202	1174
1202	1324	1174
1202	1383	1324
1383	1354	1324
1354	1355	1324
1355	1313	1324
1355	1370	1313
1370	1297	1313
1370	1329	1297
1329	1307	1297
1307	1284	1297
1307	1316	1284
1307	1329	1316
1383	1407	1354
1202	1321	1383
1321	1369	1383
1321	1308	1369
1321	1246	1308
1246	1282	1308
1282	1368	1308
1282	1304	1368
1282	1253	1304
1253	1265	1304
1265	1273	1304
1265	1176	1273
1176	1275	1273
1176	1185	1275
1185	1288	1275
1288	1348	1275
1288	1335	1348
1288	1277	1335
1277	1342	1335
1277	1276	1342
1276	1287	1342
1287	1349	1342
1349	1402	1342
1276	1147	1287
1147	1203	1287
1147	1125	1203
1147	1073	1125
1073	1031	1125
1073	986	1031
986	949	1031
986	980	949
980	814	949
980	830	814
830	803	814
803	793	814
830	782	803
830	837	782
837	781	782
781	685	782
781	702	685
781	681	702
781	768	681
768	611	681
768	696	611
696	658	611
768	851	696
851	726	696
768	862	851
862	900	851
900	929	851
900	963	929
963	967	929
967	911	929
967	974	911
974	983	911
983	999	911
999	870	911
983	1110	999
983	1091	1110
983	974	1091
974	1052	1091
1052	1131	1091
1131	1184	1091
1131	1246	1184
1246	1202	1184
1246	1321	1202
1131	1153	1246
1153	1253	1246
1253	1282	1246
1153	1165	1253
1165	1265	1253
1165	1176	1265
1165	1143	1176
1143	975	1176
1143	1098	975
1098	1006	975
1006	862	975
862	960	975
1006	900	862
1006	1005	900
1005	963	900
1005	982	963
982	967	963
982	974	967
982	1052	974
982	1005	1052
1005	1098	1052
1098	1153	1052
1153	1131	1052
1098	1165	1153
1098	1143	1165
1005	1006	1098
830	1002	837
830	980	1002
980	1095	1002
1095	1063	1002
1063	1018	1002
1095	1120	1063
1120	1166	1063
1120	1191	1166
1191	1185	1166
1185	1176	1166
1191	1288	1185
1191	1277	1288
1191	1147	1277
1147	1276	1277
1191	1095	1147
1095	1085	1147
1085	1073	1147
1085	988	1073
988	986	1073
988	980	986
988	1085	980
1085	1095	980
1191	1120	1095
396	367	500
396	319	367
396	358	319
396	385	358
239	213	269
213	216	269
135	112	213
65	95	112
214	319	216
214	215	319
214	185	215
87	101	69
87	91	101
87	88	91
138	121	101
121	134	101
1054	938	947
938	896	947
896	882	947
1054	1022	938
137	111	119
137	145	111
145	128	111
145	168	128
145	187	168
187	197	168
145	142	187
145	137	142
140	155	131
1653	1637	1517
1653	1683	1637
774	741	737
741	712	737
712	675	737
712	732	675
732	670	675
712	807	732
712	741	807
741	774	807
774	825	807
784	747	732
639	565	666
639	586	565
586	484	565
484	426	565
484	440	426
440	399	426
440	416	399
416	368	399
440	494	416
494	467	416
467	402	416
402	344	416
402	350	344
494	512	467
512	509	467
512	555	509
555	602	509
602	657	509
555	600	602
512	494	555
494	498	555
494	484	498
484	487	498
487	491	498
487	511	491
487	484	511
484	586	511
586	533	511
586	639	533
639	531	533
494	440	484
61	25	59
82	125	136
125	166	136
166	208	136
166	195	208
136	108	82
136	102	108
136	194	102
194	114	102
194	203	114
170	292	180
292	285	180
292	340	285
340	468	285
170	274	292
274	318	292
274	287	318
287	386	318
174	247	210
210	189	174
247	332	210
232	251	241
251	284	241
303	341	337
306	331	457
331	466	457
466	507	457
507	469	457
349	376	403
376	415	403
376	434	415
434	478	415
434	463	478
463	659	478
659	495	478
659	626	495
626	609	495
626	763	609
763	758	609
763	822	758
822	826	758
763	910	822
763	941	910
941	979	910
763	933	941
763	767	933
763	659	767
659	766	767
763	626	659
434	377	463
377	543	463
357	423	427
423	462	427
423	561	462
371	454	504
454	585	504
585	570	504
454	547	585
547	594	585
594	672	585
594	684	672
684	754	672
754	836	672
754	817	836
817	930	836
817	879	930
879	1086	930
879	1118	1086
817	813	879
684	813	754
547	473	594
547	475	473
475	454	473
475	547	454
378	450	430
388	513	493
513	558	493
390	522	472
472	438	390
397	514	474
433	520	489
520	605	489
520	632	605
530	597	606
550	651	634
651	728	634
728	620	634
559	720	703
562	715	662
574	591	622
591	558	622
589	719	625
612	631	806
631	845	806
631	770	845
770	916	845
916	981	845
916	1032	981
1032	1074	981
1032	1113	1074
1113	1340	1074
1340	1238	1074
1113	1351	1340
1351	1496	1340
1351	1437	1496
1351	1346	1437
1346	1397	1437
1397	1610	1437
1397	1373	1610
1373	1466	1610
1466	1632	1610
1632	1729	1610
1632	1796	1729
1796	1844	1729
1844	1763	1729
1844	1780	1763
1780	1603	1763
1780	1789	1603
1789	1815	1603
1789	1844	1815
1789	1780	1844
1796	1872	1844
1796	1874	1872
1466	1593	1632
1373	1388	1466
1373	1271	1388
1373	1222	1271
1373	1397	1222
1397	1346	1222
1346	1113	1222
1346	1351	1113
613	654	646
654	708	646
708	677	646
654	669	708
669	739	708
739	889	708
669	703	739
615	778	751
615	785	778
785	891	778
891	893	778
893	901	778
785	831	891
831	937	891
831	819	937
819	876	937
819	753	876
753	839	876
819	688	753
819	785	688
819	831	785
668	745	750
678	725	744
678	570	725
710	872	787
723	776	820
776	909	820
909	952	820
776	887	909
887	918	909
887	920	918
920	942	918
942	1089	918
920	939	942
742	833	798
833	931	798
748	855	759
748	829	855
765	950	827
950	878	827
788	810	860
792	811	812
811	906	812
811	932	906
812	651	792
823	880	859
880	955	859
880	881	955
881	912	955
912	1035	955
912	1087	1035
1087	1092	1035
1092	1016	1035
1087	1195	1092
1087	1227	1195
1087	1232	1227
1087	1136	1232
1136	1150	1232
1087	970	1136
1087	912	970
912	892	970
912	881	892
880	823	881
857	935	922
858	903	890
903	943	890
903	907	943
869	1115	1100
1100	996	869
871	948	1066
884	969	944
884	790	969
790	997	969
790	834	997
915	1051	1082
919	978	959
978	1116	959
978	1146	1116
1146	1181	1116
1181	1029	1116
1181	1049	1029
1049	972	1029
1181	1259	1049
1181	1377	1259
928	1000	1045
957	1064	1055
1064	1239	1055
1239	1220	1055
1220	1097	1055
1239	1387	1220
1239	1480	1387
1239	1269	1480
1269	1343	1480
1343	1424	1480
1424	1564	1480
1424	1543	1564
1543	1731	1564
1543	1753	1731
1753	1862	1731
1424	1289	1543
1289	1317	1543
1317	1515	1543
1317	1482	1515
1482	1542	1515
1482	1376	1542
1376	1462	1542
1482	1317	1376
1317	1178	1376
1178	1197	1376
1178	1099	1197
1178	1094	1099
1424	1343	1289
1343	1177	1289
1343	1269	1177
958	992	1011
992	1070	1011
1070	1105	1011
992	1067	1070
965	966	989
989	1036	965
1003	1047	1040
1007	1129	1198
1129	1199	1198
1008	1190	1046
1030	1175	1211
1033	1083	1119
1083	1252	1119
1252	1274	1119
1274	1103	1119
1103	1033	1119
1103	1003	1033
1083	1105	1252
1068	1069	1128
1069	1140	1128
1140	1186	1128
1069	1089	1140
1068	952	1069
1071	1188	1107
1076	1187	1164
1187	1249	1164
1249	1215	1164
1249	1374	1215
1374	1345	1215
1374	1436	1345
1436	1323	1345
1436	1541	1323
1541	1442	1323
1442	1225	1323
1541	1548	1442
1541	1701	1548
1701	1666	1548
1666	1525	1548
1666	1604	1525
1604	1547	1525
1547	1451	1525
1701	1864	1666
1374	1612	1436
1374	1579	1612
1579	1611	1612
1611	1842	1612
1611	1808	1842
1611	1625	1808
1611	1579	1625
1579	1536	1625
1536	1528	1625
1528	1535	1625
1528	1416	1535
1528	1270	1416
1270	1258	1416
1270	1190	1258
1579	1374	1536
1374	1249	1536
1187	1194	1249
1101	1251	1172
1101	1204	1251
1204	1328	1251
1328	1460	1251
1460	1411	1251
1460	1491	1411
1328	1483	1460
1483	1524	1460
1483	1609	1524
1328	1322	1483
1328	1204	1322
1204	1290	1322
1204	1217	1290
1108	1281	1163
1281	1338	1163
1108	1111	1281
1111	1161	1281
1111	1148	1161
1133	1230	1171
1230	1337	1171
1230	1306	1337
1306	1423	1337
1423	1502	1337
1502	1358	1337
1358	1295	1337
1502	1533	1358
1533	1568	1358
1502	1580	1533
1502	1423	1580
1306	1420	1423
1420	1559	1423
1306	1325	1420
1325	1459	1420
1138	1292	1248
1292	1315	1248
1292	1364	1315
1364	1465	1315
1465	1438	1315
1154	1233	1263
1154	1238	1233
1192	1331	1309
1309	1299	1192
1309	1399	1299
1309	1379	1399
1379	1396	1399
1396	1419	1399
1396	1421	1419
1421	1549	1419
1396	1331	1421
1396	1379	1331
1379	1309	1331
1218	1356	1372
1372	1305	1218
1372	1440	1305
1223	1458	1312
1458	1448	1312
1448	1339	1312
1448	1404	1339
1448	1569	1404
1458	1497	1448
1242	1398	1429
1398	1551	1429
1551	1537	1429
1537	1469	1429
1469	1432	1429
1432	1242	1429
1469	1446	1432
1469	1511	1446
1469	1537	1511
1291	1341	1371
1296	1418	1310
1418	1362	1310
1296	1411	1418
1298	1378	1319
1319	1252	1298
1314	1344	1572
1572	1590	1314
1320	1408	1332
1320	1412	1408
1412	1532	1408
1412	1550	1532
1347	1452	1431
1431	1462	1347
1431	1452	1462
1360	1381	1413
1360	1274	1381
1274	1380	1381
1391	1395	1473
1394	1475	1516
1456	1507	1523
1477	1642	1687
1477	1435	1642
1435	1639	1642
1639	1661	1642
1661	1713	1642
1713	1734	1642
1734	1740	1642
1740	1687	1642
1713	1918	1734
1713	1865	1918
1478	1581	1561
1581	1628	1561
1486	1615	1510
1486	1613	1615
1613	1708	1615
1488	1546	1540
1526	1645	1554
1526	1523	1645
1538	1618	1693
1539	1566	1588
1566	1602	1588
1566	1491	1602
1553	1700	1600
1563	1607	1599
1563	1603	1607
1603	1619	1607
1619	1725	1607
1725	1599	1607
1725	1640	1599
1563	1496	1603
1573	1692	1720
1576	1630	1582
1630	1584	1582
1630	1549	1584
1630	1663	1549
1630	1595	1663
1595	1812	1663
1812	1807	1663
1812	1853	1807
1853	1886	1807
1812	2013	1853
1812	1987	2013
1987	2023	2013
1987	2006	2023
2006	2021	2023
2006	1950	2021
1950	2027	2021
2027	2061	2021
2027	2139	2061
2139	2171	2061
2171	2274	2061
2171	2392	2274
2392	2418	2274
2418	2269	2274
2418	2380	2269
2380	2243	2269
2380	2240	2243
2240	2151	2243
2151	2013	2243
2240	2292	2151
2292	2298	2151
2298	2304	2151
2298	2331	2304
2331	2470	2304
2470	2399	2304
2399	2330	2304
2399	2307	2330
2307	2289	2330
2307	2270	2289
2270	2165	2289
2307	2426	2270
2470	2459	2399
2470	2522	2459
2470	2539	2522
2539	2542	2522
2542	2670	2522
2542	2652	2670
2542	2539	2652
2539	2564	2652
2539	2470	2564
2298	2292	2331
2292	2240	2331
2240	2469	2331
2240	2380	2469
2380	2565	2469
2565	2564	2469
2380	2526	2565
2526	2599	2565
2599	2626	2565
2599	2786	2626
2599	2671	2786
2599	2541	2671
2541	2568	2671
2568	2613	2671
2568	2545	2613
2568	2392	2545
2568	2541	2392
2541	2418	2392
2541	2526	2418
2526	2380	2418
2541	2599	2526
2006	1987	1950
1987	1890	1950
1987	1798	1890
1798	1733	1890
1595	1716	1812
1716	1798	1812
1630	1576	1595
1596	1765	1681
1765	1774	1681
1596	1588	1765
1623	1676	1759
1676	1861	1759
1676	1846	1861
1846	1908	1861
1624	1743	1667
1644	1679	1762
1655	1665	1660
1665	1769	1660
1769	1750	1660
1769	1898	1750
1898	1767	1750
1898	1910	1767
1910	1851	1767
1851	1677	1767
1910	1896	1851
1898	1995	1910
1769	1825	1898
1660	1455	1655
1658	1718	1690
1674	1754	1695
1754	1826	1695
1826	1783	1695
1783	1737	1695
1696	1809	1814
1809	1882	1814
1882	1822	1814
1809	1816	1882
1697	1706	1766
1706	1877	1766
1877	1834	1766
1706	1745	1877
1698	1735	1728
1735	1899	1728
1735	1858	1899
1858	1955	1899
1955	2038	1899
1735	1702	1858
1735	1698	1702
1698	1609	1702
1609	1601	1702
1709	1717	1738
1710	1772	1820
1722	1892	1785
1785	1693	1722
1693	1802	1722
1802	1892	1722
1785	1679	1693
1785	1801	1679
1785	1892	1801
1736	1751	1758
1751	1840	1758
1744	1793	1838
1793	1873	1838
1793	1803	1873
1803	1933	1873
1933	1940	1873
1933	2036	1940
1933	1977	2036
1977	2075	2036
1977	1994	2075
1994	2017	2075
2017	2134	2075
2134	2180	2075
2134	2284	2180
2284	2232	2180
1793	1779	1803
1749	1860	1830
1860	1895	1830
1860	2002	1895
1860	1883	2002
1860	1668	1883
1860	1749	1668
1755	1786	1958
1786	1843	1958
1958	1874	1755
1958	2043	1874
1778	1996	1905
1782	1894	1976
1894	1988	1976
1894	1966	1988
1966	2106	1988
1966	2016	2106
1790	1869	1893
1869	1999	1893
1999	1970	1893
1970	1971	1893
1971	1943	1893
1971	2057	1943
1893	1781	1790
1792	1867	1806
1867	2004	1806
2004	1902	1806
2004	2003	1902
2003	1915	1902
2003	2077	1915
2003	2048	2077
2003	2004	2048
2004	2198	2048
1795	1903	1889
1889	1720	1795
1813	1926	1928
1928	1916	1813
1928	1938	1916
1928	2062	1938
2062	1965	1938
1965	1935	1938
1928	2015	2062
1928	1926	2015
1813	1885	1926
1885	1897	1926
1813	1774	1885
1817	1856	1875
1856	1900	1875
1900	2072	1875
1900	1983	2072
1983	2125	2072
2125	2100	2072
2100	2124	2072
2100	2257	2124
2257	2182	2124
2182	2140	2124
2140	1967	2124
1967	1920	2124
1967	1819	1920
1967	1921	1819
1967	1982	1921
1967	2140	1982
2140	2157	1982
1983	2045	2125
1983	1957	2045
1983	1900	1957
1900	1834	1957
1900	1856	1834
1832	1871	1880
1871	1979	1880
1979	1991	1880
1979	2019	1991
2019	2067	1991
1979	2009	2019
2009	2127	2019
2009	2052	2127
2052	2176	2127
2052	2123	2176
2052	1998	2123
1998	1968	2123
1968	2038	2123
2052	2009	1998
2009	1979	1998
1835	1980	1946
1848	1891	1911
1891	2032	1911
2032	2076	1911
2076	2031	1911
2031	1901	1911
2032	2044	2076
2044	2194	2076
2194	2146	2076
2194	2306	2146
2306	2213	2146
2306	2371	2213
2306	2472	2371
2472	2537	2371
2472	2591	2537
2591	2755	2537
2194	2276	2306
2276	2381	2306
2276	2265	2381
2265	2352	2381
2044	2088	2194
1891	1934	2032
1891	1783	1934
1881	1907	2014
1907	2085	2014
1888	2008	1956
2008	2083	1956
2083	1963	1956
1963	1932	1956
2008	2116	2083
2116	2184	2083
2184	2309	2083
1912	2011	2087
2011	2143	2087
2087	2049	1912
2049	1945	1912
1917	1931	1984
1917	1820	1931
1820	1972	1931
1972	1984	1931
1972	2209	1984
2209	2181	1984
2181	2178	1984
2178	2172	1984
1972	2053	2209
2053	2131	2209
2053	2165	2131
1917	1754	1820
1929	2030	2028
1929	2056	2030
2056	2092	2030
2092	2028	2030
2092	2248	2028
2248	2120	2028
2120	1974	2028
2248	2254	2120
2254	2039	2120
2254	2117	2039
2056	2189	2092
1929	1895	2056
1929	1870	1895
1929	1865	1870
1865	1799	1870
1941	2001	1953
2001	1990	1953
1990	1942	1953
1990	1989	1942
1989	2025	1942
2025	1949	1942
1949	1841	1942
2025	2007	1949
1941	1952	2001
1944	2089	2081
1944	1925	2089
2081	1985	1944
2081	2055	1985
1959	1969	2060
1975	2041	2074
2074	2050	1975
2005	2129	2168
2129	2203	2168
2129	2161	2203
2161	2193	2203
2193	2313	2203
2010	2082	2029
2010	2080	2082
2080	2197	2082
2012	2177	2153
2153	2016	2012
2177	2260	2153
2260	2154	2153
2177	2226	2260
2022	2159	2079
2022	2160	2159
2160	2315	2159
2160	2219	2315
2219	2339	2315
2051	2166	2097
2066	2113	2086
2086	2085	2066
2069	2105	2173
2105	2229	2173
2093	2099	2208
2099	2170	2208
2099	2025	2170
2102	2217	2162
2104	2133	2275
2104	1999	2133
2133	2283	2275
2283	2488	2275
2283	2500	2488
2500	2618	2488
2618	2610	2488
2610	2529	2488
2610	2562	2529
2562	2319	2529
2618	2736	2610
2618	2753	2736
2618	2649	2753
2618	2500	2649
2500	2530	2649
2530	2775	2649
2530	2633	2775
2633	2679	2775
2679	2796	2775
2796	2829	2775
2829	2821	2775
2796	2904	2829
2904	2984	2829
2904	2968	2984
2968	3080	2984
3080	3128	2984
3128	3117	2984
3128	3261	3117
3261	3165	3117
3261	3196	3165
3261	3342	3196
3342	3302	3196
3128	3251	3261
3128	3239	3251
3128	3080	3239
3080	3242	3239
3242	3322	3239
3242	3213	3322
3213	3249	3322
3242	3080	3213
3080	2966	3213
3080	2968	2966
2968	2904	2966
2904	2818	2966
2679	2685	2796
2500	2489	2530
2489	2328	2530
2328	2482	2530
2328	2336	2482
2500	2283	2489
2133	2214	2283
2214	2234	2283
2234	2328	2283
2275	2241	2104
2107	2130	2183
2111	2222	2112
2112	1996	2111
2115	2326	2244
2326	2333	2244
2333	2142	2244
2333	2223	2142
2333	2398	2223
2398	2440	2223
2440	2293	2223
2398	2476	2440
2476	2556	2440
2556	2534	2440
2556	2664	2534
2664	2634	2534
2634	2460	2534
2634	2640	2460
2640	2513	2460
2640	2580	2513
2634	2729	2640
2634	2664	2729
2664	2817	2729
2817	2840	2729
2817	2876	2840
2876	2948	2840
2948	3011	2840
2948	3066	3011
3066	3127	3011
3127	3079	3011
3079	2996	3011
3066	3226	3127
3066	3222	3226
3222	3365	3226
3066	3044	3222
3044	3103	3222
3044	3031	3103
3031	3015	3103
3015	3104	3103
3031	2962	3015
3031	3044	2962
3044	2948	2962
2948	2876	2962
3044	3066	2948
2664	2688	2817
2664	2556	2688
2556	2657	2688
2556	2467	2657
2467	2608	2657
2556	2476	2467
2476	2333	2467
2333	2326	2467
2326	2379	2467
2326	2348	2379
2326	2115	2348
2115	2117	2348
2115	2047	2117
2476	2398	2333
2119	2224	2233
2132	2247	2210
2247	2323	2210
2247	2262	2323
2144	2246	2291
2246	2350	2291
2350	2393	2291
2350	2461	2393
2350	2442	2461
2442	2605	2461
2350	2246	2442
2246	2268	2442
2268	2395	2442
2155	2273	2301
2273	2319	2301
2319	2378	2301
2273	2230	2319
2230	2241	2319
2164	2187	2238
2167	2206	2297
2297	2207	2167
2297	2272	2207
2272	2252	2207
2297	2435	2272
2435	2456	2272
2435	2453	2456
2188	2205	2271
2191	2258	2195
2258	2320	2195
2320	2346	2195
2346	2200	2195
2346	2215	2200
2346	2337	2215
2320	2400	2346
2400	2409	2346
2400	2503	2409
2503	2491	2409
2491	2458	2409
2458	2337	2409
2458	2448	2337
2491	2510	2458
2491	2503	2510
2320	2376	2400
2320	2263	2376
2263	2299	2376
2263	2221	2299
2263	2258	2221
2263	2320	2258
2212	2347	2317
2347	2362	2317
2347	2450	2362
2450	2521	2362
2521	2438	2362
2438	2296	2362
2438	2288	2296
2438	2502	2288
2438	2540	2502
2540	2535	2502
2535	2414	2502
2535	2558	2414
2558	2505	2414
2505	2420	2414
2505	2464	2420
2464	2395	2420
2535	2662	2558
2535	2741	2662
2438	2521	2540
2521	2666	2540
2450	2575	2521
2347	2412	2450
2218	2295	2425
2295	2406	2425
2406	2475	2425
2475	2550	2425
2475	2518	2550
2518	2623	2550
2623	2597	2550
2623	2712	2597
2712	2658	2597
2623	2770	2712
2770	2788	2712
2788	2837	2712
2770	2914	2788
2770	2899	2914
2770	2672	2899
2672	2803	2899
2803	2846	2899
2623	2518	2770
2425	2261	2218
2425	2357	2261
2425	2493	2357
2493	2532	2357
2532	2387	2357
2493	2658	2532
2239	2311	2302
2249	2359	2324
2359	2407	2324
2359	2356	2407
2356	2516	2407
2516	2509	2407
2516	2628	2509
2628	2465	2509
2628	2675	2465
2675	2619	2465
2675	2766	2619
2628	2678	2675
2356	2513	2516
2359	2309	2356
2359	2249	2309
2250	2390	2279
2251	2294	2349
2349	2332	2251
2253	2280	2327
2253	2255	2280
2267	2310	2290
2267	2360	2310
2310	2404	2290
2404	2198	2290
2198	2267	2290
2278	2308	2281
2285	2494	2383
2494	2543	2383
2543	2519	2383
2519	2508	2383
2508	2433	2383
2433	2334	2383
2433	2449	2334
2449	2325	2334
2433	2508	2449
2508	2544	2449
2508	2519	2544
2519	2583	2544
2583	2724	2544
2583	2668	2724
2668	2823	2724
2823	2756	2724
2756	2764	2724
2756	2885	2764
2885	2920	2764
2920	2826	2764
2920	2862	2826
2920	3010	2862
2756	2866	2885
2756	2823	2866
2668	2771	2823
2771	2933	2823
2771	2787	2933
2787	2863	2933
2863	3028	2933
3028	3078	2933
3078	3042	2933
3028	3024	3078
3028	2863	3024
2668	2620	2771
2668	2543	2620
2543	2494	2620
2668	2583	2543
2583	2519	2543
2286	2410	2370
2314	2430	2382
2314	2497	2430
2497	2582	2430
2497	2578	2582
2578	2728	2582
2728	2701	2582
2728	2842	2701
2842	2761	2701
2761	2560	2701
2761	2646	2560
2761	2751	2646
2761	2852	2751
2852	2908	2751
2852	2961	2908
2852	2842	2961
2852	2761	2842
2728	2907	2842
2907	2916	2842
2916	3056	2842
2916	2907	3056
2907	2926	3056
2926	3129	3056
3129	3229	3056
3129	3278	3229
3278	3354	3229
3354	3293	3229
3293	3253	3229
3253	3215	3229
3253	3309	3215
3309	3282	3215
3282	3172	3215
3172	3107	3215
3309	3435	3282
3435	3274	3282
3309	3354	3435
3354	3457	3435
3457	3511	3435
3511	3496	3435
3309	3293	3354
3309	3253	3293
3278	3312	3354
3278	3199	3312
3199	3353	3312
3353	3417	3312
3353	3461	3417
3199	3337	3353
3278	3129	3199
2907	2728	2926
2728	2767	2926
2767	2874	2926
2767	2765	2874
2765	2763	2874
2763	2881	2874
2765	2647	2763
2765	2767	2647
2767	2728	2647
2728	2578	2647
2578	2497	2647
2314	2378	2497
2430	2384	2382
2384	2248	2382
2248	2314	2382
2384	2402	2248
2384	2560	2402
2384	2430	2560
2316	2447	2403
2447	2512	2403
2512	2463	2403
2463	2452	2403
2452	2338	2403
2452	2373	2338
2452	2507	2373
2463	2487	2452
2463	2512	2487
2512	2629	2487
2512	2644	2629
2644	2726	2629
2316	2404	2447
2321	2451	2345
2451	2388	2345
2451	2477	2388
2477	2520	2388
2520	2498	2388
2498	2434	2388
2477	2555	2520
2477	2590	2555
2321	2422	2451
2335	2417	2351
2335	2271	2417
2340	2353	2416
2416	2386	2340
2386	2343	2340
2386	2405	2343
2353	2401	2416
2401	2593	2416
2401	2588	2593
2588	2604	2593
2604	2638	2593
2604	2588	2638
2401	2455	2588
2401	2391	2455
2391	2501	2455
2391	2351	2501
2363	2432	2377
2432	2429	2377
2432	2524	2429
2363	2486	2432
2363	2364	2486
2364	2514	2486
2514	2730	2486
2389	2413	2431
2396	2551	2485
2419	2446	2468
2424	2454	2499
2499	2554	2424
2441	2457	2495
2495	2473	2441
2495	2525	2473
2443	2572	2478
2572	2517	2478
2444	2639	2617
2639	2656	2617
2656	2635	2617
2635	2533	2617
2635	2592	2533
2656	2727	2635
2656	2639	2727
2639	2669	2727
2669	2850	2727
2445	2528	2479
2528	2594	2479
2480	2527	2596
2480	2381	2527
2527	2661	2596
2527	2576	2661
2576	2676	2661
2596	2587	2480
2481	2538	2548
2481	2581	2538
2481	2456	2581
2492	2663	2577
2663	2694	2577
2663	2801	2694
2506	2650	2611
2650	2742	2611
2742	2738	2611
2742	2900	2738
2742	2768	2900
2742	2650	2768
2650	2706	2768
2650	2601	2706
2650	2506	2601
2511	2645	2625
2645	2719	2625
2719	2731	2625
2731	2660	2625
2645	2760	2719
2645	2690	2760
2690	2711	2760
2515	2750	2559
2561	2570	2606
2570	2563	2606
2606	2685	2561
2579	2708	2636
2708	2722	2636
2579	2716	2708
2585	2654	2718
2654	2809	2718
2809	2798	2718
2798	2698	2718
2798	2721	2698
2721	2648	2698
2721	2695	2648
2798	2812	2721
2812	2831	2721
2812	2919	2831
2919	2993	2831
2919	3030	2993
2919	2958	3030
2958	3148	3030
3148	3167	3030
3148	3164	3167
3164	3344	3167
3164	3202	3344
3164	3148	3202
3148	2977	3202
2977	3214	3202
2977	3032	3214
2977	2952	3032
2952	2809	3032
2809	2834	3032
2809	2654	2834
2654	2778	2834
2778	2878	2834
2778	2870	2878
2870	3082	2878
3082	3039	2878
3082	3181	3039
2870	2972	3082
2972	3105	3082
3105	3224	3082
2870	2825	2972
2825	2789	2972
2789	2931	2972
2931	2986	2972
2870	2783	2825
2870	2778	2783
2952	2812	2809
2812	2798	2809
2952	2958	2812
2958	2919	2812
2952	2977	2958
2977	3148	2958
2600	2643	2715
2643	2737	2715
2609	2709	2713
2709	2743	2713
2743	2838	2713
2838	2705	2713
2614	2806	2773
2806	2894	2773
2894	2740	2773
2894	2845	2740
2894	3007	2845
2894	3061	3007
2894	2940	3061
2940	3062	3061
2615	2655	2621
2616	2757	2673
2757	2805	2673
2757	2856	2805
2856	2827	2805
2757	2849	2856
2624	2686	2704
2686	2860	2704
2860	2869	2704
2860	3068	2869
3068	2930	2869
3068	3090	2930
3068	3140	3090
3140	3090	3151
3151	3248	3140
3151	3333	3248
3333	3262	3248
2686	2777	2860
2631	2710	2735
2659	2687	2748
2659	2468	2687
2665	2884	2692
2692	2676	2665
2680	2815	2689
2815	2819	2689
2819	2794	2689
2682	2702	2758
2696	2703	2746
2707	2790	2793
2793	2818	2707
2793	2790	2818
2707	2745	2790
2714	2744	2785
2772	2913	2814
2772	2839	2913
2772	2662	2839
2774	2867	2864
2864	2755	2774
2864	2843	2755
2864	3004	2843
3004	2963	2843
3004	3054	2963
3054	3073	2963
3073	3027	2963
3054	3187	3073
3054	3178	3187
3054	3158	3178
3158	3271	3178
3271	3347	3178
3271	3494	3347
3494	3505	3347
3505	3519	3347
3519	3531	3347
3531	3509	3347
3531	3699	3509
3699	3560	3509
3699	3771	3560
3531	3572	3699
3531	3519	3572
3519	3505	3572
3505	3494	3572
3494	3667	3572
3494	3498	3667
3498	3640	3667
3498	3573	3640
3494	3340	3498
3340	3378	3498
3340	3304	3378
3304	3246	3378
3246	3373	3378
3373	3376	3378
3376	3573	3378
3304	3060	3246
3060	3161	3246
3060	3006	3161
3006	3020	3161
3020	3192	3161
3192	3206	3161
3020	3092	3192
3092	3185	3192
3092	3138	3185
3138	3139	3185
3138	3094	3139
3138	3092	3094
3092	3020	3094
3020	2989	3094
2989	2990	3094
2989	2853	2990
2853	2877	2990
2989	2884	2853
2989	3020	2884
3020	3006	2884
3006	2950	2884
3006	2992	2950
2992	2902	2950
3006	3060	2992
3494	3271	3340
3054	3004	3158
3004	3022	3158
3022	3156	3158
3004	2864	3022
2774	2797	2867
2797	2902	2867
2781	2879	2833
2879	2939	2833
2939	2970	2833
2970	2934	2833
2934	2936	2833
2934	2970	2936
2970	3089	2936
2939	2971	2970
2971	3137	2970
2939	2921	2971
2921	2906	2971
2921	2879	2906
2921	2939	2879
2833	2750	2781
2800	2848	2912
2848	3016	2912
2848	3021	3016
3021	3048	3016
3021	3098	3048
2912	3036	2800
3036	2898	2800
2808	2896	2816
2824	2918	2855
2828	2973	2976
2973	3071	2976
3071	3033	2976
3033	2991	2976
2841	2901	2847
2841	2983	2901
2983	3106	2901
2857	2891	2873
2858	2925	2935
2925	3120	2935
2861	2892	2982
2892	3037	2982
2892	2998	3037
2998	3086	3037
2865	2957	2888
2957	2951	2888
2951	2945	2888
2865	2883	2957
2880	2988	3110
2988	3188	3110
3188	3194	3110
3194	3141	3110
3141	3023	3110
3023	2850	3110
3194	3160	3141
2988	3076	3188
3076	3254	3188
3076	3220	3254
2882	2979	2911
2887	2893	2917
2917	2806	2887
2889	3043	3003
2890	3087	3063
3087	3112	3063
2922	3019	3009
2924	2946	2947
2932	3085	3017
3085	3126	3017
3085	3219	3126
3219	3166	3126
3085	3227	3219
3085	3144	3227
3144	3283	3227
3085	3049	3144
2937	3099	2949
2937	3034	3099
3034	3070	3099
3070	3149	3099
3149	3317	3099
3317	3286	3099
3317	3324	3286
3324	3186	3286
3324	3412	3186
3317	3366	3324
3317	3284	3366
3317	3149	3284
2941	3018	3014
3018	3121	3014
3121	3093	3014
2955	3067	3083
2955	2900	3067
2900	2960	3067
2960	3046	3067
2975	3095	3040
2978	3025	3012
2994	3059	3065
3059	3131	3065
3131	3113	3065
2997	3041	3102
3041	3183	3102
3183	3241	3102
3241	3101	3102
3241	3299	3101
3299	3088	3101
3241	3300	3299
3300	3397	3299
3300	3310	3397
3310	3334	3397
3334	3513	3397
3513	3550	3397
3550	3562	3397
3513	3605	3550
3513	3507	3605
3513	3495	3507
3513	3327	3495
3513	3334	3327
3334	3310	3327
3310	3241	3327
3241	3183	3327
3310	3300	3241
2997	2913	3041
3035	3069	3198
3069	3255	3198
3255	3268	3198
3268	3223	3198
3223	3089	3198
3089	3035	3198
3268	3336	3223
3336	3308	3223
3336	3360	3308
3360	3297	3308
3336	3393	3360
3336	3450	3393
3336	3268	3450
3255	3288	3268
3050	3075	3057
3081	3204	3115
3204	3303	3115
3084	3240	3143
3240	3191	3143
3191	3146	3143
3240	3294	3191
3111	3369	3323
3369	3490	3323
3369	3580	3490
3369	3413	3580
3413	3623	3580
3623	3713	3580
3623	3754	3713
3754	3828	3713
3754	3880	3828
3623	3587	3754
3587	3592	3754
3592	3702	3754
3592	3688	3702
3688	3717	3702
3688	3632	3717
3632	3668	3717
3668	3716	3717
3668	3562	3716
3688	3592	3632
3592	3497	3632
3592	3556	3497
3592	3587	3556
3623	3412	3587
3623	3413	3412
3119	3257	3150
3123	3169	3244
3169	3287	3244
3169	3203	3287
3203	3280	3287
3244	3183	3123
3135	3258	3173
3135	3179	3258
3258	3319	3173
3319	3260	3173
3319	3343	3260
3343	3341	3260
3153	3157	3250
3250	3306	3153
3250	3459	3306
3459	3445	3306
3250	3385	3459
3385	3475	3459
3385	3518	3475
3385	3330	3518
3330	3298	3518
3330	3250	3298
3250	3157	3298
3330	3385	3250
3182	3195	3270
3195	3292	3270
3292	3311	3270
3292	3401	3311
3401	3447	3311
3447	3477	3311
3477	3427	3311
3427	3288	3311
3477	3596	3427
3596	3534	3427
3596	3557	3534
3557	3478	3534
3596	3677	3557
3596	3750	3677
3750	3720	3677
3720	3643	3677
3720	3657	3643
3750	3829	3720
3750	3781	3829
3750	3779	3781
3750	3596	3779
3596	3736	3779
3736	3807	3779
3401	3439	3447
3439	3502	3447
3439	3358	3502
3439	3401	3358
3401	3313	3358
3401	3292	3313
3184	3279	3377
3377	3346	3184
3201	3285	3289
3201	3160	3285
3160	3368	3285
3207	3269	3230
3230	3104	3207
3104	3052	3207
3208	3247	3238
3208	3331	3247
3208	3264	3331
3264	3345	3331
3228	3364	3305
3364	3356	3305
3236	3325	3351
3325	3414	3351
3414	3443	3351
3414	3545	3443
3545	3543	3443
3272	3277	3375
3375	3276	3272
3281	3388	3381
3281	3320	3388
3281	3257	3320
3290	3315	3291
3301	3403	3362
3301	3326	3403
3307	3367	3542
3316	3454	3392
3454	3506	3392
3454	3601	3506
3601	3661	3506
3601	3662	3661
3392	3214	3316
3214	3218	3316
3218	3181	3316
3349	3398	3406
3398	3420	3406
3420	3555	3406
3555	3574	3406
3359	3425	3396
3425	3400	3396
3359	3485	3425
3485	3579	3425
3485	3602	3579
3371	3423	3424
3423	3504	3424
3382	3529	3474
3382	3449	3529
3449	3565	3529
3449	3483	3565
3483	3608	3565
3384	3421	3515
3421	3576	3515
3576	3645	3515
3421	3559	3576
3421	3538	3559
3538	3547	3559
3547	3695	3559
3538	3421	3547
3386	3487	3535
3487	3641	3535
3641	3613	3535
3386	3346	3487
3387	3419	3453
3419	3633	3453
3453	3426	3387
3426	3364	3387
3389	3431	3481
3390	3510	3465
3394	3456	3428
3428	3407	3394
3395	3553	3530
3404	3488	3410
3404	3575	3488
3575	3599	3488
3599	3626	3488
3409	3448	3597
3597	3524	3409
3597	3570	3524
3570	3521	3524
3570	3733	3521
3733	3595	3521
3595	3430	3521
3430	3365	3521
3595	3501	3430
3501	3464	3430
3501	3568	3464
3501	3595	3568
3733	3707	3595
3415	3466	3539
3466	3588	3539
3588	3647	3539
3588	3714	3647
3714	3785	3647
3588	3603	3714
3588	3551	3603
3466	3471	3588
3416	3440	3514
3416	3303	3440
3416	3361	3303
3433	3591	3472
3591	3611	3472
3611	3479	3472
3611	3583	3479
3583	3517	3479
3583	3508	3517
3583	3606	3508
3583	3697	3606
3697	3698	3606
3583	3675	3697
3583	3642	3675
3583	3611	3642
3611	3649	3642
3611	3591	3649
3433	3526	3591
3437	3462	3468
3468	3540	3437
3444	3590	3503
3590	3528	3503
3460	3516	3491
3482	3549	3593
3549	3674	3593
3674	3665	3593
3665	3605	3593
3605	3546	3593
3546	3482	3593
3665	3796	3605
3665	3794	3796
3794	3889	3796
3889	3947	3796
3947	3918	3796
3665	3674	3794
3549	3732	3674
3500	3544	3578
3544	3577	3578
3578	3518	3500
3512	3672	3536
3672	3703	3536
3703	3614	3536
3703	3654	3614
3703	3770	3654
3522	3532	3567
3532	3637	3567
3637	3700	3567
3700	3563	3567
3563	3522	3567
3563	3403	3522
3403	3429	3522
3563	3551	3403
3532	3620	3637
3554	3727	3581
3727	3741	3581
3564	3631	3586
3564	3763	3631
3763	3735	3631
3763	3826	3735
3564	3666	3763
3564	3622	3666
3584	3619	3627
3619	3725	3627
3619	3682	3725
3682	3729	3725
3682	3663	3729
3663	3633	3729
3682	3619	3663
3594	3681	3651
3604	3648	3653
3648	3701	3653
3648	3636	3701
3636	3804	3701
3653	3616	3604
3617	3650	3761
3650	3705	3761
3650	3631	3705
3618	3676	3706
3624	3722	3712
3722	3887	3712
3624	3618	3722
3628	3734	3724
3724	3709	3628
3709	3656	3628
3709	3745	3656
3745	3655	3656
3655	3555	3656
3709	3724	3745
3724	3927	3745
3724	3734	3927
3734	3798	3927
3798	3925	3927
3925	3959	3927
3798	3836	3925
3836	3821	3925
3821	4012	3925
3836	3798	3821
3798	3771	3821
3771	3814	3821
3798	3734	3771
3635	3723	3759
3635	3678	3723
3678	3760	3723
3760	3759	3723
3659	3726	3693
3664	3801	3820
3671	3910	3776
3910	3912	3776
3910	4096	3912
4096	4079	3912
4096	4170	4079
4170	4240	4079
4240	4273	4079
4273	4061	4079
4170	4324	4240
4324	4357	4240
4324	4352	4357
4324	4260	4352
4260	4365	4352
4170	4096	4324
3910	4003	4096
4003	4092	4096
3910	3854	4003
3854	4060	4003
4060	4071	4003
4071	4109	4003
4060	4083	4071
3854	3872	4060
3854	3718	3872
3910	3671	3854
3687	3710	3694
3691	3874	3835
3692	3805	3780
3692	3761	3805
3719	3858	3811
3858	3951	3811
3951	3939	3811
3939	3762	3811
3939	3905	3762
3905	3842	3762
3719	3737	3858
3737	3787	3858
3787	3964	3858
3964	3963	3858
3730	3790	3778
3790	3822	3778
3822	3851	3778
3822	3984	3851
3822	3924	3984
3822	3790	3924
3738	3768	3870
3768	3878	3870
3878	3966	3870
3878	3948	3966
3948	3994	3966
3994	4073	3966
3948	4004	3994
3948	3943	4004
3743	3834	3812
3744	3908	3803
3803	3599	3744
3908	3868	3803
3868	3817	3803
3755	3758	3769
3758	3859	3769
3756	3802	3865
3802	3846	3865
3846	3883	3865
3802	3852	3846
3757	3897	3819
3757	3923	3897
3764	3838	3767
3766	3881	3799
3774	3936	3901
3936	3922	3901
3922	3903	3901
3922	4029	3903
4029	4041	3903
4041	3869	3903
3869	3792	3903
4029	4103	4041
4103	4130	4041
4130	4074	4041
4130	4124	4074
4130	4164	4124
4164	4303	4124
4164	4309	4303
4164	4103	4309
4103	4328	4309
4164	4130	4103
4029	4211	4103
4029	4139	4211
4139	4116	4211
4139	4081	4116
4139	4001	4081
4139	4029	4001
4029	3922	4001
3922	3936	4001
3800	3813	3849
3813	3911	3849
3813	3866	3911
3866	3915	3911
3915	4034	3911
3866	3823	3915
3800	3633	3813
3633	3683	3813
3816	3845	3873
3816	3745	3845
3832	3875	3837
3875	3953	3837
3875	4015	3953
3839	3900	3985
3900	4065	3985
3900	4062	4065
4062	4129	4065
4129	4134	4065
4129	4228	4134
4228	4251	4134
4251	4187	4134
4251	4264	4187
4264	4204	4187
4251	4418	4264
4418	4368	4264
4418	4424	4368
4418	4476	4424
4476	4530	4424
4476	4531	4530
4531	4616	4530
4476	4492	4531
4492	4472	4531
4472	4541	4531
4472	4473	4541
4472	4307	4473
4307	4375	4473
4307	4278	4375
4278	4373	4375
4278	4256	4373
4278	4181	4256
4181	4230	4256
4230	4250	4256
4230	4232	4250
4232	4334	4250
4181	4087	4230
4181	4131	4087
4181	4157	4131
4157	4062	4131
4062	4031	4131
4062	3900	4031
3900	3945	4031
3900	3843	3945
4157	4129	4062
4157	4228	4129
4157	4307	4228
4307	4251	4228
4157	4278	4307
4157	4181	4278
4492	4463	4472
4463	4251	4472
4463	4418	4251
4463	4476	4418
4463	4492	4476
3840	3898	3933
3898	4038	3933
3898	4058	4038
4058	4150	4038
4150	4161	4038
4161	4040	4038
4161	4133	4040
4133	4110	4040
4133	4192	4110
4192	4200	4110
4200	4163	4110
4163	4067	4110
4067	4007	4110
4067	3979	4007
3979	3941	4007
3979	3877	3941
3979	3899	3877
3899	3850	3877
3979	3993	3899
3993	3885	3899
3979	4014	3993
4014	4067	3993
4067	4085	3993
4085	4064	3993
4085	4115	4064
4115	4126	4064
4115	4186	4126
4186	4182	4126
4182	4159	4126
4182	4252	4159
4252	4098	4159
4252	4275	4098
4252	4311	4275
4311	4325	4275
4325	4227	4275
4227	4088	4275
4325	4229	4227
4229	4175	4227
4229	4257	4175
4257	4210	4175
4210	4100	4175
4210	4101	4100
4101	4023	4100
4023	4018	4100
4101	4044	4023
4257	4285	4210
4285	4320	4210
4320	4284	4210
4320	4396	4284
4320	4353	4396
4353	4420	4396
4420	4524	4396
4524	4522	4396
4522	4445	4396
4522	4532	4445
4532	4436	4445
4522	4570	4532
4570	4584	4532
4584	4572	4532
4572	4519	4532
4572	4566	4519
4566	4527	4519
4527	4461	4519
4527	4452	4461
4527	4504	4452
4504	4501	4452
4504	4614	4501
4614	4594	4501
4594	4456	4501
4594	4580	4456
4594	4676	4580
4676	4610	4580
4676	4733	4610
4733	4611	4610
4611	4556	4610
4611	4665	4556
4665	4546	4556
4546	4481	4556
4481	4477	4556
4481	4411	4477
4481	4546	4411
4546	4509	4411
4509	4471	4411
4471	4380	4411
4380	4341	4411
4341	4332	4411
4341	4156	4332
4156	4190	4332
4156	4108	4190
4108	4091	4190
4091	4194	4190
4194	4399	4190
4194	4363	4399
4194	4196	4363
4108	4035	4091
4035	3946	4091
3946	4048	4091
4035	4025	3946
4035	4149	4025
4035	4156	4149
4156	4341	4149
4341	4265	4149
4265	4089	4149
4265	4214	4089
4214	4188	4089
4188	4021	4089
4021	4026	4089
4214	4191	4188
4214	4299	4191
4214	4262	4299
4262	4380	4299
4380	4355	4299
4355	4269	4299
4269	4146	4299
4269	4233	4146
4233	4185	4146
4185	4168	4146
4185	4233	4168
4269	4374	4233
4269	4382	4374
4382	4474	4374
4382	4414	4474
4414	4482	4474
4482	4615	4474
4482	4682	4615
4682	4680	4615
4682	4740	4680
4682	4711	4740
4682	4551	4711
4682	4482	4551
4482	4355	4551
4482	4414	4355
4414	4382	4355
4382	4269	4355
4380	4471	4355
4262	4265	4380
4265	4341	4380
4262	4214	4265
4035	4108	4156
4665	4658	4546
4665	4737	4658
4737	4713	4658
4713	4583	4658
4737	4800	4713
4800	4806	4713
4806	4711	4713
4800	4861	4806
4861	4860	4806
4861	4905	4860
4905	4897	4860
4905	4960	4897
4960	4944	4897
4960	4984	4944
4984	4974	4944
4984	5027	4974
5027	4997	4974
4997	4966	4974
4966	4833	4974
4966	4829	4833
4966	4967	4829
4966	5007	4967
4966	4997	5007
4997	5054	5007
5054	5079	5007
5054	5074	5079
5074	5096	5079
5096	5073	5079
5096	5101	5073
5101	5065	5073
5101	4995	5065
4995	5020	5065
4995	4935	5020
4995	4901	4935
4995	5008	4901
5008	4943	4901
4943	4823	4901
4943	4874	4823
4874	4819	4823
4874	4870	4819
4870	4794	4819
4870	4767	4794
4874	4962	4870
4962	4954	4870
4954	4900	4870
4962	4991	4954
4991	4976	4954
4991	5046	4976
5046	5076	4976
5076	5058	4976
5058	4990	4976
5058	5026	4990
5026	4999	4990
5026	5077	4999
5077	5012	4999
5077	5052	5012
5052	5015	5012
5015	4917	5012
4917	4892	5012
5015	4929	4917
4929	4904	4917
4929	4952	4904
4952	4910	4904
4910	4851	4904
4910	4848	4851
4848	4764	4851
4764	4738	4851
4738	4724	4851
4764	4651	4738
4764	4683	4651
4683	4613	4651
4764	4787	4683
4787	4726	4683
4787	4757	4726
4764	4811	4787
4764	4848	4811
4952	4958	4910
4952	5001	4958
5001	5049	4958
5001	5057	5049
5057	5060	5049
5060	5038	5049
5038	5031	5049
5038	5006	5031
5006	4970	5031
4970	4977	5031
4977	4971	5031
4971	4911	5031
4971	4930	4911
4930	4856	4911
4930	4785	4856
4785	4720	4856
4720	4757	4856
4720	4564	4757
4564	4578	4757
4564	4503	4578
4564	4569	4503
4569	4485	4503
4569	4495	4485
4569	4534	4495
4569	4720	4534
4720	4677	4534
4720	4785	4677
4569	4564	4720
4930	4783	4785
4971	4977	4930
4977	4909	4930
4977	4964	4909
4964	4953	4909
4964	4970	4953
4970	5006	4953
5006	4982	4953
4982	4956	4953
4982	4972	4956
4972	4988	4956
4988	4975	4956
4975	4923	4956
4975	4927	4923
4975	4978	4927
4978	4981	4927
4981	4919	4927
4919	4858	4927
4919	4918	4858
4918	4821	4858
4821	4832	4858
4832	4791	4858
4791	4822	4858
4791	4718	4822
4718	4802	4822
4802	4908	4822
4908	4923	4822
4802	4732	4908
4802	4730	4732
4730	4541	4732
4802	4685	4730
4685	4616	4730
4685	4671	4616
4685	4718	4671
4685	4802	4718
4791	4759	4718
4791	4832	4759
4832	4792	4759
4792	4709	4759
4792	4776	4709
4776	4669	4709
4776	4660	4669
4660	4632	4669
4632	4603	4669
4603	4618	4669
4603	4469	4618
4603	4520	4469
4520	4443	4469
4443	4377	4469
4377	4351	4469
4443	4330	4377
4603	4582	4520
4582	4496	4520
4582	4555	4496
4555	4483	4496
4555	4537	4483
4555	4559	4537
4559	4567	4537
4567	4489	4537
4567	4525	4489
4525	4455	4489
4525	4430	4455
4525	4460	4430
4460	4394	4430
4394	4338	4430
4338	4359	4430
4394	4391	4338
4391	4321	4338
4391	4364	4321
4394	4460	4391
4460	4480	4391
4480	4510	4391
4510	4526	4391
4510	4563	4526
4563	4579	4526
4579	4544	4526
4544	4447	4526
4544	4459	4447
4459	4405	4447
4405	4356	4447
4356	4308	4447
4405	4410	4356
4405	4459	4410
4459	4512	4410
4512	4528	4410
4528	4381	4410
4512	4653	4528
4653	4641	4528
4641	4590	4528
4590	4497	4528
4497	4435	4528
4497	4419	4435
4497	4542	4419
4542	4506	4419
4542	4581	4506
4581	4502	4506
4502	4467	4506
4502	4464	4467
4464	4404	4467
4464	4347	4404
4347	4298	4404
4298	4282	4404
4282	4288	4404
4298	4178	4282
4298	4223	4178
4298	4281	4223
4281	4277	4223
4281	4346	4277
4346	4315	4277
4315	4292	4277
4292	4143	4277
4143	4145	4277
4292	4153	4143
4153	4078	4143
4292	4247	4153
4292	4315	4247
4315	4289	4247
4289	4165	4247
4165	4147	4247
4165	4150	4147
4150	4121	4147
4150	4058	4121
4165	4205	4150
4205	4161	4150
4205	4218	4161
4218	4158	4161
4158	4133	4161
4158	4192	4133
4158	4218	4192
4205	4259	4218
4259	4274	4218
4259	4326	4274
4259	4367	4326
4367	4392	4326
4392	4403	4326
4403	4406	4326
4403	4451	4406
4451	4431	4406
4431	4329	4406
4431	4366	4329
4366	4302	4329
4302	4266	4329
4266	4234	4329
4234	4295	4329
4234	4255	4295
4255	4200	4295
4255	4163	4200
4255	4234	4163
4234	4177	4163
4177	4115	4163
4115	4085	4163
4085	4067	4163
4177	4189	4115
4189	4186	4115
4189	4224	4186
4224	4266	4186
4266	4290	4186
4290	4258	4186
4258	4182	4186
4258	4252	4182
4258	4311	4252
4258	4333	4311
4333	4407	4311
4407	4423	4311
4423	4325	4311
4423	4384	4325
4384	4257	4325
4257	4229	4325
4384	4300	4257
4300	4285	4257
4300	4342	4285
4342	4320	4285
4342	4353	4320
4342	4420	4353
4342	4384	4420
4384	4516	4420
4516	4524	4420
4516	4561	4524
4561	4543	4524
4543	4522	4524
4543	4570	4522
4543	4574	4570
4574	4625	4570
4625	4624	4570
4624	4584	4570
4624	4666	4584
4666	4572	4584
4666	4566	4572
4666	4667	4566
4667	4527	4566
4667	4623	4527
4623	4504	4527
4623	4614	4504
4623	4676	4614
4676	4594	4614
4623	4703	4676
4703	4795	4676
4795	4788	4676
4788	4733	4676
4788	4760	4733
4760	4748	4733
4748	4701	4733
4701	4611	4733
4701	4665	4611
4701	4737	4665
4701	4760	4737
4760	4800	4737
4760	4824	4800
4824	4861	4800
4824	4893	4861
4893	4905	4861
4893	4926	4905
4926	4960	4905
4893	4922	4926
4922	4941	4926
4922	4939	4941
4922	4932	4939
4922	4924	4932
4924	4937	4932
4924	4934	4937
4934	4948	4937
4948	4959	4937
4948	4980	4959
4980	5010	4959
5010	5032	4959
5032	5022	4959
5032	5055	5022
5055	5072	5022
5055	5093	5072
5093	5108	5072
5108	5043	5072
5043	5016	5072
5043	5025	5016
5025	4960	5016
5025	4984	4960
5043	5095	5025
5095	5088	5025
5095	5097	5088
5095	5110	5097
5095	5108	5110
5108	5137	5110
5108	5111	5137
5108	5093	5111
5093	5117	5111
5117	5136	5111
5117	5118	5136
5118	5132	5136
5132	5141	5136
5141	5147	5136
5147	5137	5136
5147	5146	5137
5147	5150	5146
5150	5154	5146
5150	5151	5154
5151	5153	5154
5153	5149	5154
5149	5145	5154
5149	5133	5145
5133	5116	5145
5116	5119	5145
5116	5099	5119
5099	5087	5119
5087	5081	5119
5087	5070	5081
5070	5064	5081
5070	5036	5064
5036	4949	5064
5036	4989	4949
4989	4962	4949
4962	4874	4949
4874	4943	4949
4943	5008	4949
4989	4991	4962
4989	5036	4991
5036	5046	4991
5036	5070	5046
5070	5099	5046
5099	5092	5046
5092	5076	5046
5092	5107	5076
5107	5080	5076
5080	5058	5076
5080	5026	5058
5080	5077	5026
5080	5107	5077
5107	5090	5077
5090	5059	5077
5059	5052	5077
5059	5011	5052
5011	5015	5052
5011	4996	5015
4996	4968	5015
4968	4929	5015
4968	4952	4929
4968	4996	4952
4996	5001	4952
4996	5011	5001
5011	5057	5001
5011	5060	5057
5107	5094	5090
5099	5116	5092
5116	5125	5092
5125	5139	5092
5125	5134	5139
5134	5157	5139
5157	5152	5139
5152	5135	5139
5152	5129	5135
5129	5094	5135
5129	5113	5094
5113	5082	5094
5113	5066	5082
5066	5051	5082
5066	5034	5051
5066	5044	5034
5044	5014	5034
5044	5024	5014
5024	4988	5014
4988	4972	5014
4972	4982	5014
4982	5006	5014
5024	4975	4988
5024	5021	4975
5021	4978	4975
5024	5035	5021
5035	5083	5021
5083	5053	5021
5053	5037	5021
5053	5086	5037
5086	5068	5037
5068	5019	5037
5019	4983	5037
4983	4981	5037
4983	4951	4981
4951	4919	4981
4951	4918	4919
4951	4868	4918
4868	4842	4918
4842	4821	4918
4842	4775	4821
4775	4776	4821
4776	4792	4821
4792	4832	4821
4775	4660	4776
4775	4712	4660
4712	4635	4660
4635	4632	4660
4635	4582	4632
4582	4603	4632
4635	4555	4582
4635	4609	4555
4609	4559	4555
4609	4567	4559
4609	4636	4567
4636	4587	4567
4587	4525	4567
4587	4602	4525
4602	4549	4525
4549	4480	4525
4480	4460	4525
4549	4510	4480
4549	4563	4510
4549	4634	4563
4634	4656	4563
4656	4649	4563
4649	4579	4563
4649	4675	4579
4675	4663	4579
4663	4606	4579
4606	4544	4579
4606	4540	4544
4540	4459	4544
4540	4512	4459
4540	4606	4512
4606	4653	4512
4606	4662	4653
4662	4710	4653
4710	4650	4653
4650	4641	4653
4650	4670	4641
4670	4590	4641
4670	4743	4590
4743	4674	4590
4674	4581	4590
4581	4542	4590
4542	4497	4590
4674	4633	4581
4633	4557	4581
4557	4502	4581
4557	4464	4502
4557	4573	4464
4573	4493	4464
4493	4462	4464
4462	4347	4464
4462	4388	4347
4388	4281	4347
4281	4298	4347
4388	4346	4281
4388	4389	4346
4389	4289	4346
4289	4315	4346
4389	4310	4289
4310	4263	4289
4310	4312	4263
4312	4367	4263
4367	4259	4263
4259	4205	4263
4205	4165	4263
4312	4372	4367
4372	4425	4367
4425	4444	4367
4444	4392	4367
4444	4426	4392
4426	4403	4392
4426	4451	4403
4426	4488	4451
4488	4533	4451
4533	4547	4451
4547	4494	4451
4494	4432	4451
4432	4431	4451
4432	4393	4431
4393	4366	4431
4393	4360	4366
4360	4302	4366
4360	4327	4302
4327	4290	4302
4290	4266	4302
4327	4258	4290
4327	4333	4258
4327	4360	4333
4360	4402	4333
4402	4407	4333
4402	4442	4407
4442	4421	4407
4421	4423	4407
4421	4442	4423
4442	4536	4423
4536	4516	4423
4516	4384	4423
4536	4548	4516
4548	4561	4516
4548	4568	4561
4568	4601	4561
4601	4574	4561
4574	4543	4561
4601	4612	4574
4612	4625	4574
4612	4647	4625
4647	4722	4625
4722	4624	4625
4722	4666	4624
4722	4778	4666
4778	4772	4666
4772	4667	4666
4772	4729	4667
4729	4707	4667
4707	4623	4667
4707	4703	4623
4707	4854	4703
4854	4795	4703
4854	4867	4795
4867	4845	4795
4845	4788	4795
4845	4840	4788
4840	4760	4788
4840	4824	4760
4840	4893	4824
4840	4922	4893
4840	4877	4922
4877	4924	4922
4877	4883	4924
4883	4887	4924
4887	4915	4924
4915	4934	4924
4915	4948	4934
4887	4890	4915
4890	4859	4915
4859	4857	4915
4859	4818	4857
4818	4817	4857
4817	4847	4857
4847	4872	4857
4872	4899	4857
4872	4881	4899
4881	4896	4899
4896	4950	4899
4950	4948	4899
4950	4965	4948
4965	4980	4948
4965	5010	4980
4965	4950	5010
4881	4876	4896
4876	4885	4896
4885	4933	4896
4885	4846	4933
4846	4865	4933
4865	4921	4933
4921	4993	4933
4921	4994	4993
4994	5030	4993
4994	5003	5030
5003	5013	5030
5013	5048	5030
5048	5067	5030
5048	5084	5067
5048	5047	5084
5047	5098	5084
5098	5109	5084
5098	5132	5109
5132	5118	5109
5098	5105	5132
5105	5124	5132
5124	5141	5132
5124	5138	5141
5138	5147	5141
5138	5150	5147
5138	5148	5150
5148	5151	5150
5148	5144	5151
5144	5155	5151
5155	5153	5151
5155	5156	5153
5156	5157	5153
5157	5149	5153
5157	5134	5149
5134	5133	5149
5134	5125	5133
5125	5116	5133
5156	5140	5157
5140	5152	5157
5140	5131	5152
5131	5129	5152
5131	5113	5129
5131	5102	5113
5102	5066	5113
5102	5085	5066
5085	5044	5066
5085	5035	5044
5035	5024	5044
5085	5083	5035
5085	5089	5083
5089	5053	5083
5089	5086	5053
5089	5126	5086
5126	5122	5086
5122	5103	5086
5103	5068	5086
5103	5069	5068
5069	5050	5068
5050	5018	5068
5018	5019	5068
5050	4985	5018
4985	4913	5018
4985	4914	4913
4914	4866	4913
4866	4825	4913
4825	4902	4913
4825	4844	4902
4844	4868	4902
4868	4951	4902
4844	4803	4868
4803	4812	4868
4812	4842	4868
4812	4775	4842
4812	4712	4775
4812	4774	4712
4774	4739	4712
4739	4609	4712
4609	4635	4712
4739	4636	4609
4739	4762	4636
4762	4691	4636
4691	4654	4636
4654	4602	4636
4602	4587	4636
4654	4661	4602
4661	4634	4602
4634	4549	4602
4661	4714	4634
4714	4656	4634
4714	4763	4656
4763	4695	4656
4695	4649	4656
4695	4744	4649
4744	4690	4649
4690	4675	4649
4690	4752	4675
4752	4663	4675
4752	4736	4663
4736	4662	4663
4662	4606	4663
4736	4710	4662
4736	4761	4710
4761	4781	4710
4781	4746	4710
4746	4719	4710
4719	4650	4710
4719	4670	4650
4719	4768	4670
4768	4743	4670
4768	4793	4743
4793	4674	4743
4793	4756	4674
4756	4645	4674
4645	4633	4674
4645	4557	4633
4645	4595	4557
4595	4573	4557
4595	4638	4573
4638	4562	4573
4562	4493	4573
4562	4486	4493
4486	4388	4493
4388	4462	4493
4486	4389	4388
4486	4475	4389
4475	4448	4389
4448	4372	4389
4372	4310	4389
4372	4312	4310
4448	4425	4372
4448	4491	4425
4491	4508	4425
4508	4444	4425
4508	4488	4444
4488	4426	4444
4508	4545	4488
4545	4605	4488
4605	4533	4488
4605	4571	4533
4571	4547	4533
4571	4598	4547
4598	4494	4547
4598	4515	4494
4515	4478	4494
4478	4465	4494
4465	4432	4494
4465	4393	4432
4465	4449	4393
4449	4360	4393
4449	4402	4360
4449	4440	4402
4440	4442	4402
4440	4536	4442
4440	4518	4536
4518	4568	4536
4568	4548	4536
4518	4515	4568
4515	4622	4568
4622	4697	4568
4697	4640	4568
4640	4601	4568
4640	4612	4601
4640	4657	4612
4657	4647	4612
4657	4721	4647
4721	4742	4647
4742	4722	4647
4742	4778	4722
4742	4817	4778
4817	4818	4778
4818	4772	4778
4818	4859	4772
4859	4729	4772
4859	4854	4729
4854	4707	4729
4859	4890	4854
4890	4887	4854
4887	4867	4854
4887	4883	4867
4883	4845	4867
4883	4877	4845
4877	4840	4845
4742	4834	4817
4834	4847	4817
4834	4852	4847
4852	4872	4847
4852	4876	4872
4876	4881	4872
4852	4834	4876
4834	4841	4876
4841	4871	4876
4871	4885	4876
4871	4846	4885
4871	4820	4846
4820	4865	4846
4820	4779	4865
4779	4875	4865
4875	4921	4865
4875	4898	4921
4898	4942	4921
4942	4994	4921
4942	5003	4994
4942	4936	5003
4936	4963	5003
4963	5013	5003
4963	4987	5013
4987	5029	5013
5029	5048	5013
5029	5047	5048
4987	4992	5029
4992	5028	5029
5028	5041	5029
5028	5005	5041
5005	5033	5041
5033	5056	5041
5056	5091	5041
5056	5104	5091
5104	5105	5091
5105	5098	5091
5104	5112	5105
5112	5124	5105
5112	5123	5124
5123	5138	5124
5123	5130	5138
5130	5142	5138
5142	5148	5138
5142	5144	5148
5142	5121	5144
5121	5128	5144
5128	5155	5144
5128	5122	5155
5122	5156	5155
5122	5140	5156
5122	5126	5140
5126	5085	5140
5085	5102	5140
5102	5131	5140
5126	5089	5085
5128	5103	5122
5128	5120	5103
5120	5069	5103
5120	5075	5069
5075	5050	5069
5075	5039	5050
5039	5009	5050
5009	4985	5050
5009	4957	4985
4957	4914	4985
4957	4866	4914
4957	4906	4866
4906	4850	4866
4850	4838	4866
4838	4825	4866
4838	4813	4825
4813	4790	4825
4790	4789	4825
4789	4844	4825
4789	4762	4844
4762	4803	4844
4762	4774	4803
4774	4812	4803
4762	4739	4774
4789	4691	4762
4789	4714	4691
4714	4661	4691
4661	4654	4691
4789	4790	4714
4790	4763	4714
4790	4813	4763
4813	4838	4763
4838	4850	4763
4850	4808	4763
4808	4695	4763
4808	4744	4695
4808	4814	4744
4814	4690	4744
4814	4810	4690
4810	4752	4690
4810	4777	4752
4777	4761	4752
4761	4736	4752
4777	4853	4761
4853	4781	4761
4853	4837	4781
4837	4807	4781
4807	4758	4781
4758	4746	4781
4758	4719	4746
4758	4768	4719
4758	4807	4768
4807	4793	4768
4807	4882	4793
4882	4873	4793
4873	4797	4793
4797	4756	4793
4797	4753	4756
4753	4645	4756
4753	4672	4645
4672	4595	4645
4672	4638	4595
4672	4693	4638
4693	4715	4638
4715	4644	4638
4644	4592	4638
4592	4562	4638
4592	4596	4562
4596	4521	4562
4521	4486	4562
4521	4475	4486
4521	4491	4475
4491	4448	4475
4521	4545	4491
4545	4508	4491
4521	4607	4545
4607	4593	4545
4593	4589	4545
4589	4605	4545
4589	4619	4605
4619	4673	4605
4673	4571	4605
4673	4598	4571
4673	4628	4598
4628	4622	4598
4622	4515	4598
4628	4689	4622
4689	4706	4622
4706	4702	4622
4702	4697	4622
4702	4721	4697
4721	4640	4697
4721	4657	4640
4689	4705	4706
4705	4805	4706
4705	4747	4805
4747	4745	4805
4745	4809	4805
4809	4826	4805
4826	4841	4805
4826	4871	4841
4826	4809	4871
4809	4796	4871
4796	4820	4871
4796	4770	4820
4770	4779	4820
4770	4751	4779
4751	4727	4779
4727	4749	4779
4749	4780	4779
4780	4836	4779
4836	4835	4779
4835	4875	4779
4835	4898	4875
4835	4836	4898
4836	4863	4898
4863	4916	4898
4916	4942	4898
4916	4936	4942
4916	4925	4936
4925	4963	4936
4925	4894	4963
4894	4931	4963
4931	4946	4963
4946	4987	4963
4946	4992	4987
4946	4903	4992
4903	4986	4992
4986	4998	4992
4998	5028	4992
4998	4986	5028
4986	5005	5028
4986	4969	5005
4969	4979	5005
4979	5002	5005
5002	5042	5005
5042	5033	5005
5042	5056	5033
5042	5104	5056
5042	5063	5104
5063	5100	5104
5100	5115	5104
5115	5112	5104
5115	5123	5112
5115	5130	5123
5115	5121	5130
5121	5142	5130
5115	5100	5121
5100	5075	5121
5075	5120	5121
5120	5128	5121
5100	5039	5075
5100	5071	5039
5071	5045	5039
5045	5023	5039
5023	5009	5039
5023	4973	5009
4973	4957	5009
4973	4940	4957
4940	4906	4957
4940	4895	4906
4895	4850	4906
4895	4808	4850
4895	4878	4808
4878	4814	4808
4878	4891	4814
4891	4810	4814
4891	4862	4810
4862	4777	4810
4862	4853	4777
4862	4961	4853
4862	4891	4961
4891	4969	4961
4969	4986	4961
4986	4903	4961
4891	4955	4969
4955	4979	4969
4955	4895	4979
4895	4973	4979
4973	5002	4979
4973	5017	5002
5017	5042	5002
5017	5063	5042
5017	5045	5063
5045	5071	5063
5071	5100	5063
5017	5023	5045
5017	4973	5023
4895	4940	4973
4955	4878	4895
4955	4891	4878
4946	4931	4903
4931	4882	4903
4882	4837	4903
4882	4807	4837
4931	4894	4882
4894	4873	4882
4894	4886	4873
4886	4797	4873
4886	4827	4797
4827	4753	4797
4827	4693	4753
4693	4672	4753
4827	4801	4693
4801	4780	4693
4780	4715	4693
4780	4749	4715
4749	4694	4715
4694	4644	4715
4694	4648	4644
4648	4626	4644
4626	4607	4644
4607	4596	4644
4596	4592	4644
4607	4521	4596
4626	4593	4607
4626	4648	4593
4648	4619	4593
4619	4589	4593
4648	4696	4619
4696	4673	4619
4696	4728	4673
4728	4745	4673
4745	4747	4673
4747	4705	4673
4705	4689	4673
4689	4628	4673
4728	4751	4745
4751	4809	4745
4751	4796	4809
4751	4770	4796
4728	4727	4751
4728	4696	4727
4696	4694	4727
4694	4749	4727
4696	4648	4694
4801	4836	4780
4801	4863	4836
4801	4827	4863
4827	4886	4863
4886	4925	4863
4925	4916	4863
4886	4894	4925
4834	4765	4841
4834	4742	4765
4742	4721	4765
4518	4440	4515
4440	4449	4515
4449	4478	4515
4449	4465	4478
5070	5087	5099
5117	5093	5118
5095	5043	5108
5032	5040	5055
5040	5061	5055
5040	5010	5061
5010	5062	5061
5040	5032	5010
4701	4748	4760
4342	4300	4384
4224	4234	4266
4224	4189	4234
4189	4177	4234
4964	4977	4970
4995	5101	5008
5096	5114	5101
5054	5078	5074
5078	5088	5074
5078	5027	5088
5078	5054	5027
5054	4997	5027
4014	3979	4067
3844	3886	3902
3886	4022	3902
3861	3882	3981
3882	3929	3981
3929	4054	3981
4054	4095	3981
4095	4084	3981
3929	3967	4054
3871	4125	3893
4125	3950	3893
3950	3892	3893
4125	4057	3950
4057	3976	3950
4057	4107	3976
4057	4183	4107
4183	4152	4107
4183	4279	4152
4279	4305	4152
4305	4280	4152
4305	4323	4280
4057	4125	4183
3871	3873	4125
3888	3956	3928
3956	3983	3928
3956	4066	3983
3895	3904	3955
3895	3785	3904
3896	4005	3998
3906	3931	4047
3931	4093	4047
3913	3974	3992
3916	3960	3940
3920	4094	4053
3932	4030	3975
4030	4045	3975
3942	4055	3991
3942	4052	4055
4052	4184	4055
3949	4070	4019
4070	4137	4019
4070	4120	4137
3952	4016	3972
3995	4119	4068
4009	4059	4117
4059	4180	4117
4180	4212	4117
4212	4166	4117
4166	4076	4117
4166	4174	4076
4174	4167	4076
4167	4013	4076
4167	4114	4013
4114	4050	4013
4114	4097	4050
4114	4178	4097
4174	4209	4167
4166	4283	4174
4283	4344	4174
4283	4419	4344
4166	4212	4283
4212	4242	4283
4212	4180	4242
4180	4271	4242
4011	4136	4090
4136	4176	4090
4176	4196	4090
4136	4171	4176
4136	4046	4171
4136	4011	4046
4017	4032	4142
4142	4105	4017
4142	4225	4105
4225	4140	4105
4142	4226	4225
4020	4033	4179
4028	4106	4051
4106	4169	4051
4037	4113	4077
4039	4141	4042
4042	3960	4039
4056	4154	4206
4206	4080	4056
4104	4296	4202
4296	4379	4202
4379	4216	4202
4379	4243	4216
4243	4215	4216
4243	4201	4215
4104	4073	4296
4122	4128	4198
4128	4337	4198
4144	4193	4267
4267	4253	4144
4235	4306	4317
4306	4383	4317
4383	4470	4317
4383	4514	4470
4244	4319	4291
4276	4349	4318
4276	4376	4349
4276	4339	4376
4316	4434	4409
4316	4322	4434
4340	4385	4378
4340	4273	4385
4343	4433	4408
4350	4422	4387
4422	4507	4387
4370	4523	4498
4415	4439	4450
4439	4484	4450
4484	4630	4450
4484	4668	4630
4668	4735	4630
4484	4686	4668
4416	4511	4454
4416	4441	4511
4441	4538	4511
4468	4588	4552
4490	4505	4608
4505	4565	4608
4565	4627	4608
4565	4659	4627
4659	4741	4627
4513	4585	4517
4585	4575	4517
4539	4554	4620
4554	4655	4620
4655	4688	4620
4577	4639	4692
4586	4684	4664
4629	4700	4646
4704	4773	4731
4716	4839	4784
4784	4684	4716
4684	4621	4716
4784	4771	4684
4784	4839	4771
4716	4816	4839
4816	4930	4839
4750	4880	4869
4750	4828	4880
4828	4888	4880
4888	4907	4880
4754	4831	4855
4798	4889	4799
4889	4912	4799
4912	4879	4799
4912	4920	4879
4920	4938	4879
4938	4928	4879
4928	4831	4879
4912	4947	4920
4912	4889	4947
4798	4849	4889
4798	4741	4849
4741	4815	4849
343	264	362
697	764	695
698	828	924
1038	1065	924
1241	1547	1455
1241	1451	1547
1241	1334	1451
854	977	905
1439	1639	1435
1675	1790	1781
1712	1941	1721
1169	1359	1159
1224	1144	1361
1151	883	1144
883	1117	1144
883	1012	1117
883	856	1012
1151	1015	883
289	317	405
148	254	158
442	518	455
526	629	456
229	152	246
1078	1200	1219
1078	1096	1200
735	852	650
169	165	297
165	188	297
117	131	98
70	46	86
201	162	231
201	83	162
66	94	83
161	64	134
64	69	134
69	101	134
161	90	64
975	1018	1176
1018	1063	1176
1063	1166	1176
975	960	1018
960	837	1018
960	781	837
960	862	781
862	768	781
358	269	319
269	216	319
128	100	111
284	301	241
826	824	758
826	861	824
861	839	824
822	910	826
910	979	826
585	725	570
585	836	725
585	672	836
550	539	651
651	812	728
812	906	728
906	948	728
948	871	728
1340	1496	1238
1496	1233	1238
1496	1563	1233
1437	1610	1496
1610	1729	1496
1729	1763	1496
1763	1603	1496
1815	1619	1603
1872	2107	1844
2107	2113	1844
2113	2066	1844
1872	2130	2107
1872	2126	2130
1872	1874	2126
1874	2043	2126
1222	1080	1271
955	795	859
943	1026	890
1116	1029	959
1543	1515	1753
1175	1476	1211
1666	1864	1604
1864	1825	1604
1825	1769	1604
1436	1612	1541
1842	1888	1612
1536	1249	1528
1249	1194	1528
1299	1037	1192
1421	1584	1549
1421	1576	1584
1576	1582	1584
1734	1974	1740
1734	1918	1974
1618	1802	1693
1693	1679	1538
1725	1659	1640
2023	2269	2013
2269	2243	2013
2023	2274	2269
2023	2021	2274
2021	2061	2274
2307	2399	2426
2399	2589	2426
2589	2471	2426
2399	2459	2589
2459	2670	2589
2670	2699	2589
2459	2522	2670
2470	2331	2564
2671	2754	2786
2754	2985	2786
2985	2835	2786
2754	2949	2985
2671	2613	2754
1950	1845	2027
1950	1733	1845
1950	1890	1733
1825	2010	1898
1754	1917	1826
1745	1757	1877
1757	1930	1877
1772	1972	1820
1772	2053	1972
1755	1593	1786
1593	1461	1786
2004	2267	2198
2124	1920	2072
1921	1802	1819
1802	1739	1819
1982	2157	1921
2352	2527	2381
2083	2249	1963
2249	2080	1963
2249	2197	2080
2249	2256	2197
2256	2286	2197
2286	2370	2197
2370	2082	2197
2370	2264	2082
2264	2029	2082
2083	2309	2249
2254	2369	2117
2369	2348	2117
2369	2427	2348
2092	2314	2248
2260	2439	2154
2439	2196	2154
2260	2533	2439
2260	2444	2533
2444	2617	2533
2529	2319	2488
2319	2241	2488
2562	2378	2319
2829	2981	2821
2829	3117	2981
2829	2984	3117
2489	2283	2328
2111	2394	2222
2513	2356	2460
2729	2840	2640
3011	2996	2840
3079	3021	2996
2876	2688	2962
2876	2817	2688
2378	2314	2301
2167	2211	2206
2211	2343	2206
2167	2095	2211
2502	2414	2288
2558	2662	2505
2347	2212	2412
2712	2837	2658
2770	2518	2672
2295	2245	2406
2582	2701	2430
2842	3056	2961
3056	3215	2961
3215	3107	2961
3056	3229	3215
3435	3499	3274
3499	3448	3274
2452	2487	2507
2487	2629	2507
2629	2726	2507
2726	2789	2507
2726	2769	2789
2726	2759	2769
2417	2621	2351
2417	2615	2621
2417	2523	2615
2401	2353	2391
2432	2730	2524
2730	2779	2524
2779	2614	2524
2779	2887	2614
2730	2810	2779
2432	2486	2730
2413	2631	2431
2676	2797	2661
2676	2902	2797
2676	2692	2902
2692	2950	2902
2692	2884	2950
3007	2860	2845
2805	2807	2673
2805	2827	2807
2703	2683	2746
2839	3041	2913
3178	3411	3187
3178	3347	3411
3771	3489	3560
2864	2867	3022
2970	3137	3089
3137	3210	3089
2896	3070	2816
2896	3088	3070
2850	2880	3110
3194	3368	3160
3099	3286	2949
3286	3186	2949
3095	3313	3040
3313	3195	3040
3195	3043	3040
3043	3000	3040
3313	3292	3195
3095	3142	3313
3142	3358	3313
3131	3298	3113
3298	3157	3113
3131	3500	3298
3500	3518	3298
3550	3716	3562
3035	3003	3069
3268	3478	3450
3268	3288	3478
3288	3427	3478
3427	3534	3478
3303	3236	3115
3303	3361	3236
3361	3325	3236
3204	3323	3303
3323	3440	3303
3323	3490	3440
3490	3514	3440
3490	3561	3514
3561	3473	3514
3561	3670	3473
3670	3545	3473
3561	3600	3670
3600	3792	3670
3600	3646	3792
3646	3721	3792
3721	3903	3792
3721	3901	3903
3721	3774	3901
3600	3490	3646
3600	3561	3490
3119	3320	3257
3279	3488	3377
3488	3626	3377
3279	3410	3488
3289	3078	3201
3289	3231	3078
3228	3387	3364
3228	3266	3387
3228	3098	3266
3542	3523	3307
3523	3379	3307
3379	3328	3307
3328	3151	3307
3535	3429	3386
3641	3809	3613
3809	3773	3613
3773	3620	3613
3633	3663	3453
3599	3803	3626
3803	3817	3626
3415	3391	3466
3622	3598	3666
3598	3739	3666
3729	3916	3725
3916	3940	3725
3940	3862	3725
4071	4260	4109
3744	3952	3908
3744	3728	3952
4103	4211	4328
4531	4730	4616
4131	4031	4087
4307	4472	4251
3993	3921	3885
3921	3879	3885
3879	3807	3885
3993	4064	3921
4064	3957	3921
4355	4471	4551
4471	4583	4551
5079	5073	5007
5073	5065	5007
4976	4990	4954
5049	5031	4958
5031	4911	4958
4927	4858	4923
4391	4447	4364
4326	4406	4274
4406	4295	4274
4295	4200	4274
4200	4192	4274
4406	4329	4295
4926	5016	4960
4926	4941	5016
4941	4939	5016
4959	5022	4937
5025	5027	4984
5097	5074	5088
5097	5096	5074
5111	5136	5137
5146	5154	5137
5064	5008	5081
5064	4949	5008
5090	5060	5059
5090	5094	5060
5107	5135	5094
5107	5139	5135
5107	5092	5139
5051	5060	5082
5051	5038	5060
5051	5034	5038
5034	5014	5038
5021	4981	4978
5021	5037	4981
4263	4165	4289
4915	4857	4948
4857	4899	4948
4950	4933	5010
4933	4993	5010
4993	5062	5010
4993	5067	5062
5067	5109	5062
5109	5061	5062
5109	5118	5061
5118	5055	5061
5067	5084	5109
4993	5030	5067
4950	4896	4933
5018	4902	5019
4902	4951	5019
4951	4983	5019
5018	4913	4902
5029	5041	5047
5041	5098	5047
5041	5091	5098
4706	4841	4702
4706	4805	4841
4961	4837	4853
4961	4903	4837
3873	4077	4125
4077	4155	4125
4066	4330	3983
4013	3881	4076
4176	4171	4196
4056	3963	4154
4523	4604	4498
4490	4316	4505
4316	4565	4505
4639	4723	4692
4639	4597	4723
4731	4588	4704
4588	4604	4704
