299.745289 215.499485 21.159459 255 0 0
311.264715 204.427319 29.284821 255 0 0
323.908561 194.843049 37.821593 255 0 0
337.676827 186.746677 46.769775 255 0 0
352.569512 180.138200 56.129368 255 0 0
368.586617 175.017620 65.900370 255 0 0
385.728142 171.384937 76.082783 255 0 0
403.994086 169.240150 86.676607 255 0 0
423.384450 168.583260 97.681840 0 255 0
401.011811 165.439094 105.916245 0 255 0
379.859909 163.910278 114.597300 0 255 0
359.928744 163.996809 123.725008 0 255 0
341.218315 165.698690 133.299366 0 255 0
323.728623 169.015919 143.320376 0 255 0
307.459668 173.948497 153.788037 0 255 0
292.411449 180.496423 164.702350 0 255 0
278.583967 188.659698 176.063314 0 255 0
