3.140248117830444698e+02 1.697587069231778969e+02 1.493174716860047795e+02
3.258799287755794012e+02 1.601888717428853397e+02 1.442274082167432425e+02
3.355389034246620099e+02 1.482829346041152121e+02 1.339716806559638087e+02
3.461528666938755805e+02 1.373675605331068255e+02 1.268381531206986494e+02
3.625882175071444635e+02 1.331882344543424779e+02 1.145651458668400551e+02
3.756844919650652059e+02 1.249639428066557230e+02 1.115185323568484250e+02
3.909735032518402136e+02 1.196537240267546167e+02 9.348346716381939814e+01
4.198152668669877130e+02 1.297967273668650705e+02 7.141384258463210699e+01
4.273325841465099302e+02 1.618448151863335625e+02 5.725279903089347044e+01
4.126124824371660793e+02 1.684429401686261372e+02 5.297625051319505474e+01
3.998023673962923112e+02 1.770222017837996873e+02 5.494410800173380949e+01
3.897590136187371854e+02 1.889364936748120272e+02 4.984306968257800463e+01
3.806706578895211237e+02 2.018413591309433741e+02 4.786423734414501041e+01
3.715822984182404980e+02 2.147462199451846345e+02 4.588541911244578841e+01
3.597254758253347973e+02 2.246050376523976411e+02 4.089841466345870913e+01
