27.348585 36.485569 12.500000 255 0 0
27.663839 36.224457 11.562500 255 0 0
28.032090 35.829252 10.625000 255 0 0
28.453337 35.299952 9.687500 255 0 0
28.927582 34.636557 8.750000 255 0 0
29.454824 33.839069 7.812500 255 0 0
30.035063 32.907487 6.875000 255 0 0
30.668299 31.841810 5.937500 255 0 0
31.354532 30.642039 5.000000 0 255 0
30.470386 29.579658 5.937500 0 255 0
29.661718 28.640132 6.875000 0 255 0
28.928527 27.823459 7.812500 0 255 0
28.270812 27.129641 8.750000 0 255 0
27.688575 26.558677 9.687500 0 255 0
27.181815 26.110567 10.625000 0 255 0
26.750532 25.785311 11.562500 0 255 0
26.394726 25.582910 12.500000 0 255 0
