   2.9825622e+02   1.2376866e+02   1.0900000e+02
   2.9406716e+02   1.2467413e+02   1.0500000e+02
   3.0006716e+02   1.2048507e+02   1.0100000e+02
   2.9842537e+02   1.1120149e+02   9.7000000e+01
   2.8404726e+02   1.1974876e+02   9.3000000e+01
   3.0023632e+02   1.2065423e+02   8.9000000e+01
   2.9350000e+02   1.1391791e+02   8.5000000e+01
   2.9440547e+02   1.1737065e+02   8.1000000e+01
   3.0550000e+02   1.1572886e+02   7.7000000e+01
   3.1659453e+02   1.1663433e+02   7.3000000e+01
   3.2004726e+02   1.1753980e+02   6.9000000e+01
   3.2350000e+02   1.1844527e+02   6.5000000e+01
   3.2185821e+02   1.2189801e+02   6.1000000e+01
   3.3295274e+02   1.2280348e+02   5.7000000e+01
   3.3385821e+02   1.4663433e+02   5.3000000e+01
   3.1693284e+02   1.6791791e+02   4.9000000e+01
   3.0255473e+02   2.0703234e+02   4.5000000e+01
