285.793612 158.025222 32.224729 255 0 0
294.976009 147.860888 35.684796 255 0 0
305.207701 138.746063 39.188733 255 0 0
316.488688 130.680745 42.736541 255 0 0
328.818970 123.664936 46.328220 255 0 0
342.198548 117.698635 49.963769 255 0 0
356.627420 112.781842 53.643189 255 0 0
372.105587 108.914557 57.366479 255 0 0
388.633050 106.096780 61.133640 0 255 0
372.095246 106.965204 72.419203 0 255 0
356.796639 109.073076 83.756576 0 255 0
342.737229 112.420397 95.145760 0 255 0
329.917014 117.007165 106.586754 0 255 0
318.335997 122.833381 118.079558 0 255 0
307.994175 129.899046 129.624172 0 255 0
298.891551 138.204158 141.220597 0 255 0
291.028122 147.748719 152.868832 0 255 0
