30.207211 37.367985 14.750000 255 0 0
30.363632 37.113363 13.781250 255 0 0
30.535824 36.721695 12.812500 255 0 0
30.723788 36.192980 11.843750 255 0 0
30.927525 35.527219 10.875000 255 0 0
31.147033 34.724412 9.906250 255 0 0
31.382314 33.784558 8.937500 255 0 0
31.633366 32.707659 7.968750 255 0 0
31.900191 31.493713 7.000000 0 255 0
30.915482 30.735288 7.968750 0 255 0
30.030947 30.071709 8.937500 0 255 0
29.246585 29.502975 9.906250 0 255 0
28.562398 29.029086 10.875000 0 255 0
27.978384 28.650043 11.843750 0 255 0
27.494543 28.365845 12.812500 0 255 0
27.110877 28.176493 13.781250 0 255 0
26.827384 28.081986 14.750000 0 255 0
