   3.7984472e+02   2.0175776e+02   1.4700000e+02
   3.8884472e+02   1.9485714e+02   1.4100000e+02
   3.8989441e+02   1.8795652e+02   1.3500000e+02
   3.9889441e+02   1.8264596e+02   1.2900000e+02
   4.0735404e+02   1.8951553e+02   1.1700000e+02
   4.0999379e+02   1.8420497e+02   1.1100000e+02
   4.0309317e+02   1.8366460e+02   1.0500000e+02
   4.0891304e+02   1.8153416e+02   9.9000000e+01
   4.0996273e+02   1.9053416e+02   9.3000000e+01
   4.1101242e+02   1.9317391e+02   8.7000000e+01
   4.1047205e+02   1.9581366e+02   8.1000000e+01
   4.1152174e+02   2.0163354e+02   7.5000000e+01
   4.0939130e+02   2.1540373e+02   6.9000000e+01
   4.1044099e+02   2.2917391e+02   6.3000000e+01
   3.9559006e+02   2.5089441e+02   5.7000000e+01
   3.6960870e+02   2.5512422e+02   5.1000000e+01
   3.2702174e+02   2.7613975e+02   4.5000000e+01
