   2.8863987e+01   2.6197197e+01   1.3000000e+01
   2.8792336e+01   2.5858961e+01   1.2000000e+01
   2.8649034e+01   2.5588373e+01   1.1000000e+01
   2.8935638e+01   2.6264844e+01   1.0000000e+01
   2.8219127e+01   2.7008961e+01   9.0000000e+00
   2.7574267e+01   2.8158961e+01   8.0000000e+00
   2.6786105e+01   3.0120726e+01   7.0000000e+00
   2.6857757e+01   3.1744256e+01   6.0000000e+00
   2.7574267e+01   3.4044256e+01   5.0000000e+00
   2.7717570e+01   3.5464844e+01   6.0000000e+00
   2.7717570e+01   3.6479550e+01   7.0000000e+00
   2.7216012e+01   3.5938373e+01   8.0000000e+00
   2.7072710e+01   3.6750138e+01   9.0000000e+00
   2.6929408e+01   3.6817785e+01   1.0000000e+01
   2.6427850e+01   3.6885432e+01   1.1000000e+01
   2.7216012e+01   3.6817785e+01   1.2000000e+01
   2.7860872e+01   3.7156020e+01   1.3000000e+01
