259.514386 171.953471 29.452668 255 0 0
270.975901 157.187700 32.962860 255 0 0
283.966828 143.710663 36.464264 255 0 0
298.487168 131.522360 39.956881 255 0 0
314.536920 120.622792 43.440711 255 0 0
332.116086 111.011958 46.915754 255 0 0
351.224665 102.689858 50.382010 255 0 0
371.862656 95.656492 53.839478 255 0 0
394.030060 89.911860 57.288160 0 255 0
373.298041 93.360621 69.942937 0 255 0
354.194296 98.181422 82.588360 0 255 0
336.718827 104.374261 95.224427 0 255 0
320.871633 111.939139 107.851139 0 255 0
306.652715 120.876056 120.468495 0 255 0
294.062071 131.185012 133.076497 0 255 0
283.099703 142.866007 145.675144 0 255 0
273.765610 155.919041 158.264435 0 255 0
