26.027633 35.310563 11.974822 255 0 0
26.361523 35.172961 11.028923 255 0 0
26.795457 34.938582 10.086322 255 0 0
27.329435 34.607426 9.147020 255 0 0
27.963459 34.179494 8.211018 255 0 0
28.697527 33.654785 7.278315 255 0 0
29.531640 33.033300 6.348911 255 0 0
30.465798 32.315038 5.422806 255 0 0
31.500000 31.500000 4.500000 0 255 0
31.195180 30.267056 5.452120 0 255 0
30.907976 29.173715 6.400941 0 255 0
30.638389 28.219974 7.346463 0 255 0
30.386419 27.405836 8.288686 0 255 0
30.152064 26.731299 9.227609 0 255 0
29.935327 26.196364 10.163234 0 255 0
29.736205 25.801030 11.095559 0 255 0
29.554701 25.545298 12.024586 0 255 0
