   2.8928152e+01   2.8490307e+01   1.2000000e+01
   2.8584869e+01   2.8809751e+01   1.1000000e+01
   2.8127157e+01   2.9661603e+01   1.0000000e+01
   2.8241585e+01   3.0300492e+01   9.0000000e+00
   2.8241585e+01   3.1045862e+01   8.0000000e+00
   2.8813724e+01   3.1471788e+01   7.0000000e+00
   2.9157008e+01   3.3281973e+01   6.0000000e+00
   2.9614719e+01   3.4879196e+01   7.0000000e+00
   2.9958003e+01   3.4985677e+01   8.0000000e+00
   2.9614719e+01   3.4772714e+01   9.0000000e+00
   2.9729147e+01   3.4879196e+01   1.0000000e+01
   3.0072431e+01   3.4985677e+01   1.1000000e+01
   3.0072431e+01   3.4985677e+01   1.2000000e+01
