   3.2401242e+02   1.8408696e+02   1.2800000e+02
   3.2770186e+02   1.6869565e+02   1.1600000e+02
   3.2575155e+02   1.6674534e+02   1.1000000e+02
   3.4216149e+02   1.6407453e+02   9.8000000e+01
   3.4426087e+02   1.6458385e+02   8.6000000e+01
   3.5326087e+02   1.5609317e+02   8.0000000e+01
   3.5590062e+02   1.5555280e+02   7.4000000e+01
   3.4581988e+02   1.5183230e+02   6.8000000e+01
   3.5322981e+02   1.6083230e+02   6.2000000e+01
   3.5745963e+02   1.7937267e+02   5.6000000e+01
   3.4260870e+02   2.0109317e+02   5.0000000e+01
   3.2775776e+02   2.1645342e+02   4.4000000e+01
   2.8905590e+02   2.4771429e+02   3.8000000e+01
