   2.9311003e+01   2.7486443e+01   1.0000000e+01
   2.9114742e+01   2.7918796e+01   9.0000000e+00
   2.9114742e+01   2.8474678e+01   8.0000000e+00
   2.8525956e+01   3.0512914e+01   7.0000000e+00
   2.8918480e+01   3.1130561e+01   6.0000000e+00
   2.8787639e+01   3.2118796e+01   5.0000000e+00
   2.9638106e+01   3.2983502e+01   4.0000000e+00
   2.9507265e+01   3.5515855e+01   5.0000000e+00
   2.9311003e+01   3.5886443e+01   6.0000000e+00
   2.9114742e+01   3.5948208e+01   7.0000000e+00
   2.8395115e+01   3.6195267e+01   8.0000000e+00
   2.8264274e+01   3.5762914e+01   9.0000000e+00
   2.7806330e+01   3.5886443e+01   1.0000000e+01
