209.537499 154.555961 41.682956 255 0 0
220.120169 141.619149 47.663909 255 0 0
232.059524 129.803898 53.150302 255 0 0
245.355565 119.110208 58.142135 255 0 0
260.008291 109.538080 62.639408 255 0 0
276.017702 101.087513 66.642121 255 0 0
293.383799 93.758508 70.150274 255 0 0
312.106582 87.551064 73.163867 255 0 0
332.186050 82.465181 75.682900 0 255 0
316.350353 89.081456 90.392388 0 255 0
301.992697 96.919618 104.563078 0 255 0
289.113084 105.979665 118.194968 0 255 0
277.711513 116.261599 131.288060 0 255 0
267.787984 127.765418 143.842353 0 255 0
259.342497 140.491124 155.857848 0 255 0
252.375053 154.438715 167.334543 0 255 0
246.885650 169.608192 178.272440 0 255 0
