2.756894802793435701e+02 1.041789707968986249e+02 1.527635283845827416e+02
2.753945083263039351e+02 9.374766337085600298e+01 1.346035683726803427e+02
2.825454075150711333e+02 8.248394784101049027e+01 1.252137938764145133e+02
2.832740131330969575e+02 7.826214217701522102e+01 9.804997838285828493e+01
2.905176980035638508e+02 7.549265221518874114e+01 7.503949463254951979e+01
2.913081626607554426e+02 7.693365888861956137e+01 3.879521581652539908e+01
2.768660172643482156e+02 1.031868265748868225e+02 1.671360256175398717e+01
2.697460447181148879e+02 1.172819553353249376e+02 2.156313112644494367e+01
2.560491536669732682e+02 1.242619499089945521e+02 3.133982092924628660e+01
2.474398853160860199e+02 1.420126395325855810e+02 2.880235027423191241e+01
2.416230491163427700e+02 1.529091463586204327e+02 4.011551564271348980e+01
