28.365573 36.165838 10.500000 255 0 0
28.579628 36.014705 9.625000 255 0 0
28.848931 35.753078 8.750000 255 0 0
29.173481 35.380955 7.875000 255 0 0
29.553279 34.898337 7.000000 255 0 0
29.988324 34.305225 6.125000 255 0 0
30.478617 33.601617 5.250000 255 0 0
31.024157 32.787514 4.375000 255 0 0
31.624945 31.862916 3.500000 0 255 0
31.024157 30.938318 4.375000 0 255 0
30.478617 30.124215 5.250000 0 255 0
29.988324 29.420607 6.125000 0 255 0
29.553279 28.827495 7.000000 0 255 0
29.173481 28.344877 7.875000 0 255 0
28.848931 27.972754 8.750000 0 255 0
28.579628 27.711127 9.625000 0 255 0
28.365573 27.559994 10.500000 0 255 0
