1	7	20
1	6	7
6	27	7
27	20	7
6	12	27
12	55	27
55	127	27
127	135	27
55	131	127
55	43	131
55	12	43
12	9	43
9	26	43
26	83	43
26	44	83
44	102	83
102	178	83
44	77	102
44	41	77
41	48	77
48	92	77
92	151	77
92	111	151
92	99	111
92	84	99
84	98	99
84	76	98
76	95	98
95	125	98
95	126	125
126	137	125
137	167	125
167	186	125
137	150	167
150	177	167
177	185	167
185	194	167
185	237	194
237	254	194
237	258	254
258	313	254
313	327	254
327	322	254
322	228	254
327	401	322
401	406	322
401	407	406
401	476	407
476	525	407
476	538	525
538	566	525
566	652	525
652	691	525
566	611	652
611	779	652
566	615	611
566	538	615
538	477	615
538	476	477
476	358	477
476	401	358
401	328	358
328	313	358
313	323	358
323	372	358
323	381	372
323	300	381
300	408	381
408	493	381
408	464	493
464	510	493
510	512	493
510	607	512
607	643	512
643	615	512
607	623	643
607	510	623
464	479	510
479	610	510
479	593	610
464	426	479
464	402	426
402	405	426
405	415	426
405	399	415
399	403	415
403	421	415
421	460	415
421	453	460
453	474	460
453	463	474
403	350	421
350	394	421
350	281	394
281	324	394
403	399	350
405	349	399
349	314	399
349	300	314
300	282	314
300	277	282
277	257	282
257	255	282
255	281	282
255	253	281
253	202	281
253	187	202
187	177	202
177	201	202
177	155	201
155	183	201
183	240	201
183	234	240
183	230	234
183	193	230
193	233	230
193	215	233
215	198	233
215	166	198
166	142	198
142	175	198
175	197	198
197	220	198
197	219	220
197	179	219
179	174	219
174	214	219
174	211	214
174	144	211
174	132	144
132	86	144
86	129	144
86	88	129
88	115	129
88	78	115
78	109	115
109	133	115
109	123	133
123	160	133
160	180	133
160	223	180
160	165	223
165	239	223
239	242	223
165	199	239
199	247	239
247	291	239
247	306	291
306	388	291
306	319	388
319	380	388
380	414	388
380	466	414
466	503	414
503	455	414
503	551	455
551	562	455
562	543	455
562	633	543
503	547	551
547	588	551
547	592	588
547	496	592
496	529	592
529	674	592
674	722	592
674	702	722
674	672	702
496	466	529
466	449	529
449	507	529
466	434	449
434	383	449
466	380	434
380	319	434
496	503	466
496	547	503
306	287	319
287	383	319
287	329	383
329	379	383
329	345	379
345	366	379
366	404	379
366	353	404
366	334	353
334	279	353
279	304	353
304	331	353
331	396	353
331	351	396
351	352	396
352	409	396
409	471	396
471	454	396
471	504	454
504	524	454
524	514	454
514	482	454
514	550	482
550	548	482
548	537	482
548	585	537
585	507	537
548	602	585
548	571	602
548	550	571
550	514	571
504	536	524
352	342	409
342	371	409
371	429	409
342	363	371
342	333	363
333	303	363
303	365	363
303	261	365
303	278	261
278	203	261
203	182	261
182	238	261
182	216	238
182	159	216
159	209	216
209	249	216
209	264	249
264	294	249
294	286	249
294	400	286
400	417	286
417	365	286
294	348	400
294	264	348
264	361	348
361	443	348
361	374	443
361	337	374
337	392	374
392	416	374
392	475	416
392	438	475
438	539	475
392	332	438
332	343	438
343	437	438
332	307	343
307	285	343
307	259	285
259	196	285
259	225	196
225	158	196
158	157	196
157	163	196
163	210	196
163	118	210
163	119	118
119	113	118
113	71	118
71	110	118
71	97	110
97	191	110
71	49	97
71	14	49
14	36	49
14	33	36
33	66	36
14	11	33
11	30	33
11	2	30
2	20	30
2	1	20
2	5	1
5	6	1
2	8	5
8	17	5
8	28	17
28	68	17
68	79	17
79	45	17
79	93	45
93	124	45
93	139	124
139	162	124
139	172	162
172	226	162
226	153	162
153	90	162
153	101	90
101	75	90
75	54	90
54	63	90
54	46	63
46	58	63
58	45	63
58	46	45
46	29	45
46	39	29
39	32	29
32	22	29
32	19	22
19	13	22
19	16	13
16	15	13
15	18	13
15	25	18
25	44	18
44	26	18
26	9	18
25	41	44
25	38	41
38	47	41
47	48	41
47	53	48
53	92	48
53	84	92
53	70	84
70	76	84
70	80	76
80	95	76
70	69	80
70	62	69
62	52	69
52	65	69
65	112	69
65	67	112
67	121	112
121	145	112
145	142	112
145	175	142
145	143	175
143	179	175
179	197	175
143	164	179
164	174	179
164	132	174
164	143	132
143	121	132
121	87	132
87	86	132
87	73	86
73	56	86
56	88	86
56	59	88
59	78	88
59	64	78
64	61	78
61	96	78
96	109	78
96	105	109
105	123	109
105	160	123
105	165	160
105	116	165
116	153	165
153	192	165
192	199	165
192	200	199
200	247	199
200	207	247
207	226	247
226	306	247
226	243	306
243	287	306
243	274	287
274	329	287
274	262	329
262	279	329
279	334	329
334	345	329
334	366	345
262	252	279
252	304	279
262	208	252
208	212	252
208	184	212
184	181	212
181	149	212
149	190	212
149	134	190
149	141	134
141	94	134
94	107	134
94	81	107
81	82	107
82	104	107
104	156	107
156	204	107
156	203	204
203	278	204
156	182	203
156	159	182
156	104	159
104	114	159
114	148	159
148	209	159
148	176	209
176	218	209
218	264	209
218	235	264
235	275	264
275	361	264
275	337	361
275	330	337
330	392	337
330	332	392
330	302	332
302	307	332
302	259	307
302	275	259
275	235	259
235	225	259
235	218	225
218	176	225
176	154	225
154	158	225
154	119	158
119	157	158
119	163	157
154	122	119
122	113	119
122	108	113
122	114	108
114	104	108
104	82	108
122	148	114
122	154	148
154	176	148
302	330	275
81	34	82
81	21	34
21	14	34
14	71	34
21	11	14
21	24	11
24	23	11
23	10	11
10	2	11
10	8	2
10	31	8
31	28	8
31	68	28
31	103	68
103	79	68
103	93	79
103	140	93
140	139	93
140	172	139
140	217	172
217	221	172
221	226	172
221	243	226
221	251	243
251	274	243
251	262	274
251	221	262
221	217	262
217	208	262
217	140	208
140	184	208
140	169	184
169	181	184
169	141	181
141	149	181
169	117	141
117	94	141
117	89	94
89	60	94
60	81	94
60	21	81
60	24	21
60	50	24
50	23	24
50	31	23
31	10	23
50	103	31
50	89	103
89	117	103
117	140	103
117	169	140
50	60	89
207	153	226
207	192	153
207	200	192
116	101	153
116	105	101
105	96	101
96	75	101
96	61	75
61	54	75
61	59	54
59	39	54
39	46	54
59	56	39
56	42	39
42	32	39
42	37	32
37	19	32
37	16	19
37	35	16
35	38	16
35	52	38
52	47	38
52	62	47
62	70	47
70	53	47
35	57	52
57	65	52
57	67	65
57	51	67
51	73	67
73	87	67
87	121	67
51	56	73
51	42	56
51	37	42
51	40	37
40	35	37
40	57	35
40	51	57
61	64	59
143	145	121
25	15	38
303	333	278
333	305	278
333	352	305
352	351	305
351	331	305
331	304	305
333	342	352
166	120	142
166	152	120
152	147	120
147	128	120
128	95	120
128	126	95
128	137	126
128	147	137
147	150	137
147	155	150
155	177	150
147	183	155
147	152	183
152	193	183
152	166	193
166	215	193
187	185	177
187	257	185
257	273	185
273	237	185
273	258	237
273	313	258
273	315	313
315	323	313
315	300	323
315	283	300
283	277	300
283	257	277
283	273	257
283	315	273
187	255	257
187	253	255
349	408	300
349	398	408
398	464	408
398	402	464
398	349	402
349	405	402
328	327	313
328	401	327
12	6	9
6	4	9
72	100	146
146	85	72
91	106	170
170	100	91
168	224	246
188	309	245
309	325	245
189	271	213
227	340	297
297	178	227
297	298	178
298	189	178
297	377	298
297	340	377
340	462	377
229	292	344
292	341	344
231	256	316
316	224	231
241	280	248
241	246	280
246	320	280
280	312	248
280	354	312
354	412	312
412	387	312
387	272	312
387	395	272
387	412	395
280	362	354
362	448	354
244	346	270
270	256	244
260	276	317
263	265	310
265	386	310
268	299	356
299	367	356
367	432	356
367	461	432
367	433	461
367	357	433
357	359	433
367	299	357
356	289	268
269	301	284
301	373	284
288	290	293
290	378	293
295	385	326
385	369	326
385	424	369
424	442	369
295	376	385
295	325	376
335	391	425
425	436	335
338	390	375
390	459	375
390	456	459
456	573	459
360	413	435
364	411	431
411	483	431
384	446	410
384	395	446
395	549	446
393	468	458
468	487	458
487	531	458
531	428	458
487	575	531
487	568	575
568	579	575
579	660	575
579	663	660
663	817	660
663	725	817
725	807	817
807	836	817
836	866	817
866	831	817
487	468	568
468	519	568
418	440	450
450	470	418
450	498	470
498	553	470
450	440	498
440	506	498
440	436	506
427	488	500
467	560	472
473	480	540
473	344	480
344	491	480
491	596	480
596	540	480
596	629	540
596	632	629
632	704	629
704	721	629
721	763	629
763	752	629
752	661	629
661	630	629
661	572	630
572	561	630
572	483	561
483	501	561
572	535	483
572	699	535
699	616	535
699	753	616
753	784	616
784	736	616
784	820	736
784	891	820
891	951	820
951	874	820
891	922	951
891	882	922
882	1006	922
1006	1107	922
1006	1138	1107
1006	1060	1138
1006	1026	1060
1006	960	1026
960	980	1026
960	912	980
912	956	980
956	1061	980
1061	1101	980
1061	1076	1101
1076	1191	1101
1191	1272	1101
1272	1300	1101
1272	1310	1300
1310	1327	1300
1327	1321	1300
1327	1438	1321
1327	1452	1438
1327	1319	1452
1319	1425	1452
1425	1455	1452
1455	1565	1452
1565	1598	1452
1455	1471	1565
1471	1588	1565
1588	1662	1565
1662	1702	1565
1702	1703	1565
1702	1783	1703
1783	1756	1703
1756	1675	1703
1756	1731	1675
1731	1705	1675
1705	1598	1675
1705	1639	1598
1639	1567	1598
1639	1590	1567
1590	1536	1567
1536	1461	1567
1461	1444	1567
1536	1477	1461
1477	1388	1461
1477	1440	1388
1440	1376	1388
1376	1290	1388
1290	1303	1388
1290	1173	1303
1440	1421	1376
1440	1462	1421
1462	1448	1421
1448	1374	1421
1374	1335	1421
1374	1262	1335
1262	1281	1335
1281	1269	1335
1281	1246	1269
1246	1197	1269
1197	1132	1269
1132	1250	1269
1132	1066	1250
1132	1133	1066
1133	1079	1066
1079	938	1066
938	921	1066
921	943	1066
921	873	943
921	868	873
868	834	873
921	938	868
938	788	868
788	709	868
788	707	709
707	640	709
788	853	707
853	723	707
853	867	723
867	801	723
801	719	723
867	892	801
892	869	801
869	811	801
811	740	801
811	791	740
791	729	740
791	738	729
791	878	738
878	829	738
878	902	829
878	888	902
888	953	902
953	987	902
953	1014	987
953	948	1014
953	888	948
888	914	948
888	889	914
889	950	914
950	952	914
952	919	914
950	996	952
996	957	952
996	965	957
996	1045	965
996	1007	1045
1007	984	1045
984	1075	1045
1075	1106	1045
1106	1069	1045
1106	1127	1069
1106	1136	1127
1136	1143	1127
1143	1121	1127
1143	1175	1121
1175	1116	1121
1175	1152	1116
1152	1230	1116
1230	1156	1116
1156	1072	1116
1156	1199	1072
1199	1253	1072
1253	1180	1072
1253	1234	1180
1234	1188	1180
1234	1285	1188
1234	1409	1285
1409	1464	1285
1464	1436	1285
1436	1255	1285
1436	1366	1255
1436	1449	1366
1449	1554	1366
1554	1332	1366
1554	1556	1332
1556	1496	1332
1496	1308	1332
1496	1351	1308
1351	1267	1308
1496	1431	1351
1496	1497	1431
1496	1616	1497
1616	1684	1497
1684	1706	1497
1706	1688	1497
1684	1732	1706
1684	1616	1732
1616	1785	1732
1496	1556	1616
1436	1626	1449
1409	1580	1464
1580	1581	1464
1580	1723	1581
1723	1774	1581
1774	1626	1581
1774	1848	1626
1774	1881	1848
1881	1982	1848
1982	1936	1848
1982	2120	1936
2120	2092	1936
2092	1954	1936
2092	1998	1954
1998	1857	1954
1998	1816	1857
1816	1790	1857
2092	2190	1998
2190	2180	1998
2180	1989	1998
2180	2119	1989
2119	1970	1989
1970	1929	1989
2180	2273	2119
2180	2190	2273
2190	2274	2273
2274	2328	2273
2328	2370	2273
2274	2433	2328
2433	2523	2328
2523	2502	2328
2523	2639	2502
2639	2685	2502
2523	2567	2639
2567	2731	2639
2567	2712	2731
2567	2594	2712
2594	2606	2712
2606	2741	2712
2606	2635	2741
2635	2663	2741
2635	2479	2663
2479	2554	2663
2554	2705	2663
2554	2638	2705
2635	2489	2479
2489	2314	2479
2635	2606	2489
2606	2417	2489
2606	2429	2417
2606	2594	2429
2594	2432	2429
2432	2380	2429
2432	2274	2380
2274	2219	2380
2219	2222	2380
2222	2254	2380
2222	2140	2254
2140	2314	2254
2219	2120	2222
2219	2092	2120
2219	2190	2092
2219	2274	2190
2432	2433	2274
2432	2486	2433
2486	2523	2433
2486	2567	2523
2486	2594	2567
2486	2432	2594
1774	1784	1881
1774	1723	1784
1723	1714	1784
1723	1697	1714
1723	1580	1697
1409	1346	1580
1346	1505	1580
1346	1465	1505
1465	1523	1505
1523	1573	1505
1523	1570	1573
1523	1479	1570
1479	1486	1570
1486	1603	1570
1603	1786	1570
1486	1628	1603
1523	1429	1479
1523	1465	1429
1465	1326	1429
1326	1343	1429
1326	1230	1343
1326	1156	1230
1326	1199	1156
1326	1253	1199
1326	1346	1253
1326	1465	1346
1143	1229	1175
1229	1239	1175
1239	1184	1175
1239	1259	1184
1259	1193	1184
1193	1203	1184
1193	1223	1203
1193	1222	1223
1193	1256	1222
1256	1330	1222
1256	1262	1330
1262	1265	1330
1265	1371	1330
1371	1386	1330
1265	1318	1371
1318	1301	1371
1301	1328	1371
1328	1414	1371
1414	1534	1371
1414	1555	1534
1555	1632	1534
1555	1624	1632
1328	1370	1414
1328	1408	1370
1408	1400	1370
1408	1451	1400
1451	1418	1400
1408	1448	1451
1448	1518	1451
1518	1475	1451
1518	1568	1475
1518	1515	1568
1515	1536	1568
1536	1590	1568
1590	1633	1568
1590	1639	1633
1639	1733	1633
1733	1686	1633
1733	1739	1686
1739	1745	1686
1739	1795	1745
1795	1827	1745
1827	1849	1745
1849	1825	1745
1849	1906	1825
1906	1876	1825
1876	1829	1825
1829	1668	1825
1795	1942	1827
1942	1984	1827
1942	2013	1984
1942	1965	2013
1942	1896	1965
1896	1990	1965
1896	1943	1990
1943	1949	1990
1949	2012	1990
1949	2022	2012
1949	1969	2022
1969	2101	2022
1969	2017	2101
2017	2156	2101
2156	2173	2101
2017	2142	2156
2142	2231	2156
2231	2298	2156
2231	2372	2298
2142	2183	2231
2142	2114	2183
2142	2017	2114
2017	2002	2114
2002	2023	2114
2002	1968	2023
1968	2057	2023
1968	2082	2057
2082	2159	2057
2082	2111	2159
2082	2033	2111
2033	2106	2111
2106	2160	2111
2160	2213	2111
2160	2172	2213
2160	2106	2172
2033	2024	2106
2082	1968	2033
1968	1961	2033
1961	1924	2033
1961	1891	1924
1891	1840	1924
1840	1810	1924
1810	1765	1924
1810	1767	1765
1767	1683	1765
1683	1634	1765
1634	1605	1765
1634	1535	1605
1535	1526	1605
1526	1563	1605
1563	1642	1605
1642	1734	1605
1642	1748	1734
1563	1591	1642
1634	1564	1535
1564	1474	1535
1564	1494	1474
1494	1454	1474
1454	1445	1474
1564	1542	1494
1542	1480	1494
1542	1531	1480
1531	1549	1480
1549	1381	1480
1381	1375	1480
1381	1340	1375
1340	1282	1375
1340	1288	1282
1288	1216	1282
1288	1112	1216
1112	1140	1216
1112	1029	1140
1288	1245	1112
1245	1235	1112
1245	1294	1235
1294	1204	1235
1204	1104	1235
1204	1129	1104
1129	1050	1104
1050	972	1104
1050	988	972
988	929	972
1050	1031	988
1031	998	988
1031	1065	998
1065	1093	998
1065	1129	1093
1129	1179	1093
1179	1074	1093
1179	1191	1074
1191	1076	1074
1179	1372	1191
1372	1272	1191
1372	1316	1272
1316	1310	1272
1316	1319	1310
1319	1327	1310
1316	1425	1319
1316	1372	1425
1372	1471	1425
1471	1455	1425
1372	1361	1471
1372	1179	1361
1179	1201	1361
1201	1294	1361
1294	1352	1361
1352	1512	1361
1352	1382	1512
1382	1549	1512
1549	1582	1512
1582	1519	1512
1582	1569	1519
1569	1606	1519
1606	1588	1519
1606	1619	1588
1619	1701	1588
1701	1662	1588
1701	1702	1662
1701	1791	1702
1791	1783	1702
1791	1863	1783
1863	1874	1783
1874	1850	1783
1850	1756	1783
1850	1805	1756
1805	1731	1756
1805	1733	1731
1733	1705	1731
1733	1639	1705
1805	1739	1733
1805	1795	1739
1805	1942	1795
1805	1896	1942
1805	1850	1896
1850	1874	1896
1874	1911	1896
1911	1943	1896
1911	1949	1943
1911	1969	1949
1911	1888	1969
1888	1948	1969
1948	2017	1969
1948	1979	2017
1979	2002	2017
1979	1903	2002
1903	1854	2002
1854	1968	2002
1854	1904	1968
1904	1939	1968
1939	1961	1968
1939	1891	1961
1939	1861	1891
1861	1831	1891
1831	1840	1891
1831	1810	1840
1831	1767	1810
1831	1780	1767
1780	1653	1767
1653	1683	1767
1780	1694	1653
1694	1586	1653
1586	1542	1653
1542	1564	1653
1586	1531	1542
1586	1549	1531
1586	1659	1549
1659	1582	1549
1659	1646	1582
1646	1569	1582
1646	1606	1569
1646	1637	1606
1637	1619	1606
1637	1701	1619
1637	1725	1701
1725	1773	1701
1773	1791	1701
1773	1815	1791
1815	1888	1791
1888	1863	1791
1888	1911	1863
1911	1874	1863
1815	1948	1888
1815	1923	1948
1923	1979	1948
1923	1903	1979
1923	1823	1903
1823	1854	1903
1823	1758	1854
1758	1806	1854
1806	1904	1854
1806	1817	1904
1817	1861	1904
1861	1939	1904
1817	1831	1861
1817	1780	1831
1817	1796	1780
1796	1694	1780
1796	1726	1694
1726	1659	1694
1659	1586	1694
1726	1646	1659
1726	1747	1646
1747	1637	1646
1747	1758	1637
1758	1740	1637
1740	1725	1637
1740	1773	1725
1740	1823	1773
1823	1815	1773
1823	1923	1815
1740	1758	1823
1747	1806	1758
1747	1726	1806
1726	1796	1806
1796	1817	1806
1382	1381	1549
1382	1373	1381
1373	1340	1381
1373	1382	1340
1382	1294	1340
1294	1245	1340
1245	1288	1340
1382	1352	1294
1201	1204	1294
1201	1129	1204
1201	1179	1129
1065	1050	1129
1065	1031	1050
1515	1477	1536
1515	1462	1477
1462	1440	1477
1515	1518	1462
1518	1448	1462
1408	1374	1448
1408	1301	1374
1301	1265	1374
1265	1262	1374
1301	1318	1265
1408	1328	1301
1256	1193	1262
1193	1259	1262
1259	1281	1262
1259	1229	1281
1229	1246	1281
1229	1217	1246
1217	1197	1246
1217	1198	1197
1198	1130	1197
1130	1133	1197
1133	1132	1197
1130	1079	1133
1130	1075	1079
1130	1136	1075
1136	1106	1075
1130	1198	1136
1198	1189	1136
1189	1143	1136
1189	1229	1143
1189	1217	1229
1189	1198	1217
1259	1239	1229
1007	978	984
978	959	984
959	918	984
918	925	984
918	892	925
892	867	925
918	869	892
918	897	869
897	826	869
826	811	869
826	791	811
826	878	791
826	889	878
889	888	878
826	887	889
887	950	889
887	897	950
897	976	950
976	996	950
976	978	996
978	1007	996
976	959	978
976	897	959
897	918	959
887	826	897
788	938	853
1061	956	1076
912	864	956
864	924	956
864	895	924
895	947	924
895	810	947
810	781	947
895	864	810
864	704	810
864	721	704
864	841	721
841	763	721
841	882	763
882	752	763
882	821	752
821	802	752
802	661	752
802	699	661
699	572	661
802	753	699
802	891	753
891	784	753
802	843	891
843	882	891
843	821	882
843	802	821
841	912	882
912	960	882
960	1006	882
841	864	912
596	584	632
596	491	584
540	462	473
478	486	523
486	595	523
595	601	523
489	578	526
578	590	526
590	448	526
590	559	448
590	688	559
590	734	688
734	789	688
734	851	789
590	578	734
578	761	734
578	720	761
720	760	761
760	941	761
760	806	941
806	910	941
910	1049	941
1049	974	941
1049	1167	974
1049	1291	1167
1291	1304	1167
1304	1284	1167
1049	1263	1291
1263	1309	1291
1263	1325	1309
1325	1545	1309
1263	1287	1325
806	755	910
806	689	755
689	690	755
690	805	755
690	647	805
647	631	805
631	673	805
647	556	631
690	620	647
690	689	620
689	720	620
720	542	620
689	806	720
806	760	720
489	542	578
497	569	641
569	594	641
594	693	641
594	659	693
594	614	659
594	569	614
569	544	614
505	684	563
684	634	563
505	622	684
622	658	684
622	604	658
604	618	658
618	635	658
635	777	658
509	605	599
509	570	605
513	606	552
532	598	558
545	546	577
545	429	546
546	574	577
577	627	545
627	583	545
583	536	545
627	642	583
642	675	583
675	619	583
642	706	675
706	687	675
627	770	642
557	713	644
565	681	701
565	678	681
565	558	678
681	733	701
681	742	733
582	589	636
582	549	589
591	626	608
628	732	728
732	804	728
732	754	804
754	741	804
741	915	804
915	968	804
968	945	804
945	920	804
945	954	920
945	968	954
741	815	915
815	966	915
966	971	915
732	628	754
646	735	679
646	694	735
649	700	683
683	685	649
685	619	649
683	716	685
716	718	685
718	602	685
716	765	718
765	785	718
765	809	785
809	795	785
809	917	795
917	928	795
928	771	795
765	838	809
765	700	838
700	814	838
814	837	838
765	716	700
716	683	700
654	711	746
665	775	749
749	757	665
749	786	757
749	775	786
666	714	696
696	790	666
696	714	790
714	819	790
714	782	819
669	743	710
710	677	669
677	593	669
710	727	677
727	798	677
798	840	677
840	711	677
727	748	798
748	860	798
860	923	798
923	946	798
946	942	798
946	1071	942
1071	1082	942
1071	1120	1082
1120	1147	1082
1120	1187	1147
1187	1298	1147
1187	1411	1298
1411	1419	1298
1120	1177	1187
1120	1071	1177
1071	1171	1177
1071	1073	1171
1071	946	1073
946	923	1073
748	844	860
727	710	748
710	743	748
676	832	717
682	833	769
833	847	769
847	855	769
695	827	825
703	726	865
726	745	865
712	875	852
875	1030	852
1030	1032	852
1032	990	852
1032	1054	990
1032	1119	1054
1032	1030	1119
1030	1195	1119
1030	985	1195
985	1024	1195
1024	1114	1195
1024	1059	1114
1059	1157	1114
1157	1182	1114
1157	1248	1182
1248	1365	1182
1365	1389	1182
1365	1433	1389
1365	1420	1433
1420	1599	1433
1365	1396	1420
1396	1428	1420
1396	1377	1428
1377	1547	1428
1377	1470	1547
1470	1611	1547
1470	1551	1611
1551	1737	1611
1470	1513	1551
1513	1629	1551
1513	1456	1629
1513	1424	1456
1424	1422	1456
1422	1463	1456
1422	1387	1463
1387	1407	1463
1422	1226	1387
1422	1424	1226
1424	1313	1226
1424	1513	1313
1377	1252	1470
1377	1241	1252
1241	1125	1252
1396	1248	1377
1396	1365	1248
1030	875	985
737	830	787
787	744	737
787	824	744
787	900	824
900	850	824
850	747	824
850	848	747
848	842	747
842	780	747
842	872	780
842	905	872
905	977	872
977	927	872
927	904	872
904	808	872
905	1033	977
1033	1103	977
905	986	1033
986	1094	1033
986	1090	1094
1090	1166	1094
1166	1158	1094
905	848	986
905	842	848
787	830	900
830	901	900
830	930	901
930	1002	901
930	958	1002
958	1019	1002
1019	1037	1002
958	1058	1019
958	963	1058
958	930	963
930	859	963
859	823	963
859	803	823
803	739	823
803	756	739
859	930	803
930	830	803
762	767	799
767	879	799
879	822	799
879	881	822
879	970	881
879	896	970
896	1105	970
1105	995	970
1105	1154	995
1105	1137	1154
1137	1257	1154
1137	1273	1257
1273	1367	1257
1137	1224	1273
1224	1358	1273
1224	1369	1358
1369	1445	1358
1137	1063	1224
896	906	1105
906	932	1105
879	767	896
767	816	896
767	746	816
796	846	894
797	944	871
800	931	839
839	712	800
812	908	857
828	1078	1064
1078	1207	1064
1207	1163	1064
1163	1023	1064
1163	1176	1023
1078	1161	1207
1161	1347	1207
1078	1044	1161
1044	1236	1161
1044	1225	1236
1225	1251	1236
1251	1453	1236
1251	1225	1453
1225	1489	1453
1489	1498	1453
1489	1640	1498
1640	1595	1498
1078	964	1044
856	883	903
903	981	856
981	877	856
981	1038	877
1038	1062	877
862	949	975
890	993	1146
890	805	993
993	1219	1146
1219	1242	1146
1242	1258	1146
1258	1212	1146
1258	1287	1212
1242	1339	1258
1339	1416	1258
1339	1406	1416
1406	1528	1416
1406	1362	1528
1362	1412	1528
1412	1571	1528
1571	1597	1528
1597	1660	1528
1571	1614	1597
1571	1562	1614
1571	1412	1562
1412	1507	1562
1507	1620	1562
1507	1415	1620
1415	1410	1620
1507	1412	1415
1406	1339	1362
1339	1196	1362
1196	1296	1362
1196	1192	1296
1339	1219	1196
1219	1134	1196
1219	993	1134
1339	1242	1219
893	973	1012
926	967	1005
967	1036	1005
1036	1170	1005
969	1109	1015
1015	908	969
982	1086	1123
1086	1111	1123
1111	1218	1123
1111	1233	1218
1111	1150	1233
1150	1209	1233
1150	1096	1209
1096	1145	1209
1096	1083	1145
1083	1085	1145
1085	1103	1145
1103	1220	1145
1103	1214	1220
1214	1279	1220
1279	1306	1220
1279	1353	1306
1279	1363	1353
1279	1329	1363
1279	1208	1329
1208	1297	1329
1279	1214	1208
1214	1103	1208
1150	1111	1096
1111	1035	1096
1111	1086	1035
983	1117	1128
983	1089	1117
1117	1228	1128
1228	1100	1128
1100	983	1128
991	1160	1055
999	1008	1048
1048	1016	999
1048	1115	1016
1048	1190	1115
1048	1194	1190
1003	1052	1042
1013	1122	1068
1017	1113	1126
1021	1025	1098
1098	1142	1021
1025	1232	1098
1232	1337	1098
1232	1368	1337
1368	1490	1337
1490	1410	1337
1368	1499	1490
1499	1560	1490
1560	1575	1490
1368	1483	1499
1025	1055	1232
1039	1084	1155
1043	1097	1080
1097	1178	1080
1051	1153	1162
1053	1186	1151
1186	1240	1151
1240	1139	1151
1186	1238	1240
1238	1283	1240
1186	1131	1238
1131	1118	1238
1131	1056	1118
1131	1053	1056
1131	1186	1053
1110	1221	1211
1221	1311	1211
1311	1324	1211
1311	1437	1324
1437	1399	1324
1437	1469	1399
1437	1537	1469
1537	1493	1469
1168	1169	1249
1169	1270	1249
1270	1299	1249
1299	1168	1249
1270	1349	1299
1349	1360	1299
1174	1254	1227
1254	1280	1227
1280	1357	1227
1280	1403	1357
1403	1364	1357
1280	1384	1403
1384	1509	1403
1280	1295	1384
1280	1254	1295
1185	1323	1276
1200	1334	1342
1334	1443	1342
1334	1413	1443
1200	1162	1334
1260	1458	1439
1439	1270	1260
1270	1170	1260
1439	1466	1270
1439	1458	1466
1275	1286	1354
1307	1336	1341
1312	1392	1383
1392	1546	1383
1314	1338	1441
1314	1119	1338
1338	1583	1441
1441	1380	1314
1315	1510	1517
1510	1681	1517
1510	1729	1681
1729	1712	1681
1320	1348	1401
1333	1356	1404
1385	1500	1481
1481	1413	1385
1395	1457	1607
1395	1347	1457
1607	1613	1395
1613	1525	1395
1613	1618	1525
1618	1506	1525
1618	1643	1506
1618	1766	1643
1766	1777	1643
1777	1710	1643
1710	1538	1643
1710	1630	1538
1777	1770	1710
1777	1832	1770
1832	1852	1770
1832	1995	1852
1995	1993	1852
1993	1855	1852
1832	1910	1995
1910	2051	1995
1910	1986	2051
1986	2150	2051
2150	2178	2051
1986	1997	2150
1997	2066	2150
2066	2134	2150
2066	2130	2134
2066	2020	2130
2066	1974	2020
1974	1925	2020
1925	1950	2020
1925	1822	1950
1925	1764	1822
1764	1672	1822
1672	1696	1822
1764	1613	1672
1613	1607	1672
1764	1618	1613
1764	1766	1618
1764	1830	1766
1764	1925	1830
1925	1974	1830
1974	1997	1830
1997	1986	1830
1974	2066	1997
1777	1766	1832
1402	1508	1478
1508	1566	1478
1566	1559	1478
1559	1524	1478
1566	1699	1559
1566	1593	1699
1593	1727	1699
1566	1508	1593
1423	1492	1446
1473	1491	1557
1473	1349	1491
1491	1553	1557
1557	1530	1473
1557	1610	1530
1610	1574	1530
1495	1516	1520
1516	1650	1520
1650	1644	1520
1650	1750	1644
1750	1736	1644
1736	1716	1644
1716	1625	1644
1625	1511	1644
1716	1711	1625
1516	1645	1650
1502	1587	1592
1532	1604	1601
1558	1577	1609
1558	1574	1577
1577	1707	1609
1609	1546	1558
1609	1594	1546
1609	1655	1594
1655	1622	1594
1655	1700	1622
1700	1578	1622
1700	1671	1578
1671	1589	1578
1700	1682	1671
1700	1757	1682
1757	1753	1682
1572	1738	1768
1768	1763	1572
1584	1677	1690
1677	1751	1690
1751	1808	1690
1585	1664	1631
1585	1623	1664
1585	1545	1623
1545	1596	1623
1664	1870	1631
1600	1698	1608
1647	1760	1692
1692	1599	1647
1692	1713	1599
1713	1721	1599
1647	1611	1760
1656	1775	1693
1656	1708	1775
1708	1730	1775
1730	1742	1775
1730	1695	1742
1730	1708	1695
1657	1779	1782
1779	1885	1782
1885	1941	1782
1779	1838	1885
1670	1797	1709
1797	1772	1709
1797	1916	1772
1916	1842	1772
1842	1793	1772
1916	2041	1842
1916	2043	2041
1916	1922	2043
1922	2038	2043
2038	2193	2043
2193	2259	2043
2193	2309	2259
2309	2305	2259
2305	2297	2259
2297	2243	2259
2297	2214	2243
2214	2129	2243
2129	2041	2243
2129	2030	2041
2129	2211	2030
2211	2093	2030
2093	2056	2030
2056	1920	2030
2056	2019	1920
2019	1838	1920
1838	1851	1920
1851	1880	1920
1838	1800	1851
2056	2093	2019
2211	2201	2093
2129	2214	2211
2214	2362	2211
2214	2419	2362
2419	2456	2362
2456	2453	2362
2419	2600	2456
2600	2662	2456
2600	2721	2662
2721	2733	2662
2733	2738	2662
2738	2651	2662
2738	2832	2651
2832	2818	2651
2818	2637	2651
2832	2859	2818
2859	2868	2818
2859	3095	2868
2859	2950	3095
2950	2985	3095
2985	3133	3095
3133	3234	3095
3234	3198	3095
3198	3106	3095
3198	3326	3106
3133	3298	3234
2859	2832	2950
2832	2787	2950
2832	2738	2787
2738	2733	2787
2600	2559	2721
2559	2688	2721
2688	2768	2721
2559	2542	2688
2559	2543	2542
2543	2376	2542
2376	2381	2542
2376	2306	2381
2306	2382	2381
2306	2301	2382
2301	2461	2382
2301	2299	2461
2299	2359	2461
2359	2445	2461
2445	2575	2461
2575	2644	2461
2644	2616	2461
2644	2723	2616
2575	2778	2644
2575	2775	2778
2775	2957	2778
2957	2943	2778
2775	2795	2957
2775	2744	2795
2744	2732	2795
2732	2762	2795
2732	2664	2762
2732	2725	2664
2725	2575	2664
2725	2775	2575
2725	2744	2775
2725	2732	2744
2359	2444	2445
2299	2121	2359
2121	2163	2359
2121	2085	2163
2085	2099	2163
2099	2139	2163
2139	2191	2163
2139	2108	2191
2108	2208	2191
2208	2350	2191
2208	2304	2350
2304	2425	2350
2425	2448	2350
2448	2450	2350
2448	2462	2450
2304	2340	2425
2139	2099	2108
2099	2085	2108
2085	1890	2108
1890	1901	2108
2121	1996	2085
2121	2021	1996
2021	1902	1996
1902	1819	1996
1819	1890	1996
1819	1760	1890
2021	2028	1902
2021	2196	2028
2196	2027	2028
2027	1952	2028
2027	2074	1952
2074	2038	1952
2038	1922	1952
1922	1892	1952
1922	1798	1892
1798	1721	1892
1922	1797	1798
1922	1916	1797
2074	2193	2038
2027	2196	2074
2021	2121	2196
2121	2299	2196
2299	2301	2196
2376	2309	2306
2309	2193	2306
2376	2305	2309
2376	2543	2305
2559	2600	2543
2214	2297	2419
1680	1755	1749
1755	1844	1749
1687	1834	1771
1834	1847	1771
1715	1846	1718
1846	1886	1718
1715	1809	1846
1809	1931	1846
1809	1909	1931
1909	1947	1931
1947	1999	1931
1999	1975	1931
1947	1940	1999
1940	2000	1999
2000	2096	1999
2096	2110	1999
2096	2112	2110
2112	2132	2110
2000	2035	2096
1940	1828	2000
1947	1909	1940
1809	1845	1909
1759	1787	1803
1761	1837	1801
1837	1853	1801
1778	1899	1862
1788	1843	1964
1843	1977	1964
1977	2124	1964
2124	2048	1964
2048	1884	1964
1884	1788	1964
2048	2077	1884
2077	1894	1884
2048	2113	2077
2113	2167	2077
2167	2097	2077
1977	2188	2124
1843	1912	1977
1912	1971	1977
1912	1970	1971
1792	1945	2005
1945	2025	2005
2025	2060	2005
2025	2181	2060
2181	2151	2060
2025	2225	2181
2225	2248	2181
2248	2325	2181
2225	2343	2248
2225	2205	2343
2205	2171	2343
2171	2339	2343
2339	2428	2343
2428	2438	2343
2428	2468	2438
2468	2629	2438
2629	2585	2438
2468	2595	2629
2595	2750	2629
2595	2804	2750
2804	2829	2750
2829	2858	2750
2858	2861	2750
2861	2842	2750
2861	3026	2842
3026	2998	2842
3026	3035	2998
3026	3088	3035
3088	3171	3035
2595	2611	2804
2611	2710	2804
2710	2872	2804
2710	2764	2872
2764	2973	2872
2764	2855	2973
2710	2652	2764
2710	2632	2652
2632	2568	2652
2632	2611	2568
2611	2595	2568
2632	2710	2611
2428	2339	2468
2171	2313	2339
2171	2197	2313
2197	2375	2313
2375	2454	2313
2197	2179	2375
2179	2347	2375
2179	2204	2347
2204	2401	2347
2401	2424	2347
2204	2342	2401
2342	2431	2401
2197	2090	2179
2197	2104	2090
2197	2171	2104
2205	2118	2171
2205	2025	2118
2025	1927	2118
2025	1945	1927
2205	2225	2025
1794	1878	1877
1878	1976	1877
1878	1956	1976
1804	1882	1839
1882	1956	1839
1812	1917	1835
1917	1900	1835
1917	1953	1900
1917	1983	1953
1917	2001	1983
1813	1873	1905
1905	1994	1813
1905	2055	1994
2055	2091	1994
2091	2042	1994
2042	1932	1994
2091	2061	2042
2055	2260	2091
2260	2282	2091
2260	2352	2282
1905	2018	2055
1858	1889	1928
1865	1938	1898
1938	2039	1898
2039	1985	1898
2039	2089	1985
2089	2059	1985
2059	1966	1985
2089	2186	2059
2089	2234	2186
2234	2415	2186
2415	2334	2186
2334	2270	2186
2270	2246	2186
2270	2269	2246
2269	2228	2246
2270	2334	2269
1867	1962	1991
1991	1924	1867
1991	2024	1924
1913	1980	1946
1980	2054	1946
1915	2067	2008
2067	2095	2008
2095	2045	2008
2095	2148	2045
2148	2037	2045
2067	2258	2095
2067	2100	2258
2100	2198	2258
2198	2239	2258
2239	2351	2258
2351	2344	2258
2351	2531	2344
2239	2316	2351
2239	2296	2316
2198	2192	2239
2198	2100	2192
1934	1935	1988
1935	1958	1988
1988	2058	1934
1988	2080	2058
1960	2036	2052
2036	2075	2052
2036	2004	2075
2004	2125	2075
2125	2236	2075
2125	2115	2236
2036	1928	2004
2036	1960	1928
1967	2031	2047
1967	2006	2031
1967	1855	2006
2009	2146	2050
2146	2220	2050
2146	2268	2220
2268	2383	2220
2383	2474	2220
2268	2267	2383
2267	2441	2383
2268	2247	2267
2247	2200	2267
2247	2146	2200
2247	2268	2146
2010	2015	2063
2011	2079	2049
2029	2103	2070
2029	2050	2103
2032	2094	2084
2032	2170	2094
2032	2105	2170
2053	2131	2126
2064	2206	2072
2086	2217	2177
2217	2285	2177
2285	2272	2177
2285	2303	2272
2285	2387	2303
2285	2217	2387
2217	2336	2387
2336	2435	2387
2336	2487	2435
2336	2507	2487
2336	2452	2507
2452	2517	2507
2107	2275	2232
2232	2210	2107
2122	2153	2279
2153	2237	2279
2128	2161	2230
2161	2280	2230
2280	2318	2230
2318	2195	2230
2195	2128	2230
2318	2207	2195
2318	2337	2207
2337	2216	2207
2337	2319	2216
2337	2412	2319
2412	2356	2319
2337	2464	2412
2337	2318	2464
2318	2389	2464
2389	2518	2464
2318	2280	2389
2161	2189	2280
2189	2291	2280
2291	2402	2280
2189	2215	2291
2215	2276	2291
2215	2162	2276
2162	2165	2276
2189	2152	2215
2145	2238	2226
2238	2324	2226
2168	2277	2257
2257	2234	2168
2168	2194	2277
2194	2288	2277
2194	2255	2288
2255	2335	2288
2255	2325	2335
2168	2039	2194
2169	2253	2263
2169	2173	2253
2173	2322	2253
2322	2338	2253
2338	2263	2253
2338	2315	2263
2315	2249	2263
2249	2169	2263
2315	2342	2249
2322	2483	2338
2483	2552	2338
2483	2536	2552
2536	2628	2552
2628	2647	2552
2322	2418	2483
2322	2287	2418
2322	2173	2287
2199	2229	2341
2221	2265	2332
2233	2308	2321
2321	2365	2233
2308	2439	2321
2308	2467	2439
2467	2577	2439
2308	2346	2467
2308	2250	2346
2308	2233	2250
2233	2131	2250
2131	2138	2250
2240	2242	2290
2290	2289	2240
2290	2302	2289
2302	2392	2289
2392	2396	2289
2392	2499	2396
2392	2511	2499
2290	2329	2302
2290	2242	2329
2241	2374	2300
2244	2294	2293
2294	2369	2293
2369	2430	2293
2294	2345	2369
2345	2423	2369
2345	2395	2423
2245	2310	2367
2251	2353	2363
2256	2264	2284
2286	2488	2331
2307	2317	2388
2317	2348	2388
2348	2397	2388
2397	2442	2388
2442	2506	2388
2506	2463	2388
2506	2562	2463
2506	2694	2562
2694	2698	2562
2506	2525	2694
2525	2586	2694
2586	2746	2694
2586	2697	2746
2586	2654	2697
2586	2569	2654
2586	2525	2569
2525	2442	2569
2525	2506	2442
2397	2405	2442
2397	2348	2405
2348	2384	2405
2384	2522	2405
2384	2455	2522
2354	2473	2385
2473	2512	2385
2473	2576	2512
2473	2589	2576
2473	2475	2589
2360	2400	2481
2400	2472	2481
2366	2407	2516
2407	2500	2516
2407	2406	2500
2368	2515	2555
2515	2695	2555
2515	2627	2695
2627	2699	2695
2699	2742	2695
2699	2558	2742
2558	2604	2742
2558	2534	2604
2534	2535	2604
2535	2571	2604
2558	2514	2534
2514	2414	2534
2558	2485	2514
2558	2608	2485
2608	2515	2485
2608	2627	2515
2608	2699	2627
2608	2558	2699
2371	2443	2378
2443	2457	2378
2443	2610	2457
2377	2449	2393
2449	2459	2393
2377	2588	2449
2377	2553	2588
2553	2572	2588
2572	2602	2588
2602	2673	2588
2572	2615	2602
2572	2553	2615
2408	2549	2505
2408	2474	2549
2474	2657	2549
2657	2714	2549
2714	2677	2549
2677	2505	2549
2677	2532	2505
2714	2844	2677
2714	2873	2844
2873	3022	2844
3022	3018	2844
2714	2728	2873
2714	2679	2728
2714	2657	2679
2409	2494	2620
2620	2560	2409
2620	2623	2560
2623	2630	2560
2630	2666	2560
2630	2808	2666
2623	2724	2630
2623	2620	2724
2421	2650	2570
2437	2605	2607
2605	2719	2607
2719	2659	2607
2719	2883	2659
2883	2743	2659
2883	2821	2743
2821	2755	2743
2821	2777	2755
2821	2964	2777
2964	2983	2777
2983	2798	2777
2798	2771	2777
2983	2954	2798
2983	3094	2954
2983	2964	3094
2964	2968	3094
2964	2821	2968
2719	2906	2883
2906	2928	2883
2906	2988	2928
2988	3058	2928
3058	3008	2928
3058	3084	3008
2988	3073	3058
3073	3316	3058
2988	3106	3073
2988	2868	3106
2988	2906	2868
2451	2578	2631
2578	2646	2631
2646	2678	2631
2678	2574	2631
2678	2682	2574
2678	2854	2682
2854	2807	2682
2678	2820	2854
2820	2889	2854
2889	2912	2854
2889	2970	2912
2678	2646	2820
2469	2484	2545
2482	2546	2634
2546	2683	2634
2683	2757	2634
2757	2789	2634
2789	2696	2634
2696	2622	2634
2622	2482	2634
2622	2520	2482
2622	2603	2520
2622	2696	2603
2696	2702	2603
2696	2789	2702
2493	2564	2592
2498	2612	2510
2510	2335	2498
2612	2614	2510
2501	2653	2548
2653	2636	2548
2636	2541	2548
2636	2661	2541
2636	2749	2661
2749	2692	2661
2636	2765	2749
2636	2653	2765
2653	2814	2765
2814	2831	2765
2814	2920	2831
2920	3007	2831
3007	3025	2831
3007	3132	3025
3132	3100	3025
3100	3078	3025
3007	3126	3132
3126	3297	3132
3297	3279	3132
3297	3323	3279
3323	3380	3279
3380	3414	3279
3126	3268	3297
3007	3056	3126
3007	2920	3056
2814	2856	2920
2814	2838	2856
2838	2879	2856
2838	2797	2879
2838	2673	2797
2838	2814	2673
2814	2653	2673
2526	2551	2573
2551	2596	2573
2551	2550	2596
2528	2681	2642
2556	2715	2593
2715	2776	2593
2776	2753	2593
2753	2621	2593
2753	2722	2621
2753	2791	2722
2791	2866	2722
2866	2706	2722
2706	2599	2722
2706	2649	2599
2649	2613	2599
2613	2487	2599
2791	2847	2866
2847	2995	2866
2791	2776	2847
2791	2753	2776
2557	2687	2583
2687	2624	2583
2687	2745	2624
2745	2671	2624
2687	2763	2745
2566	2581	2670
2581	2759	2670
2759	2851	2670
2759	2802	2851
2581	2570	2759
2670	2617	2566
2601	2707	2767
2767	2720	2601
2767	2747	2720
2767	2796	2747
2767	2826	2796
2641	2711	2756
2756	2654	2641
2711	2781	2756
2781	2898	2756
2711	2665	2781
2665	2689	2781
2689	2780	2781
2665	2645	2689
2711	2641	2665
2660	2784	2686
2686	2545	2660
2784	2737	2686
2669	2758	2761
2703	2836	2709
2836	2718	2709
2836	2875	2718
2875	2839	2718
2839	2762	2718
2839	2864	2762
2839	2875	2864
2875	3004	2864
2875	2976	3004
2976	3051	3004
2875	2836	2976
2703	2886	2836
2703	2869	2886
2726	2890	2877
2890	2951	2877
2951	2853	2877
2951	3027	2853
2951	3014	3027
3014	3112	3027
3014	3194	3112
2727	2769	2760
2734	2874	2754
2770	2891	2987
2782	2881	2825
2825	2848	2782
2825	2885	2848
2885	2942	2848
2885	3050	2942
3050	2977	2942
2977	2994	2942
2994	2922	2942
2977	3091	2994
3091	3103	2994
3091	3180	3103
3091	3280	3180
3280	3307	3180
3280	3422	3307
3422	3350	3307
3350	3250	3307
3250	3223	3307
3350	3329	3250
3350	3474	3329
3350	3422	3474
3422	3459	3474
3459	3577	3474
3577	3594	3474
3594	3530	3474
3530	3334	3474
3577	3644	3594
3577	3599	3644
3577	3572	3599
3572	3653	3599
3577	3459	3572
2977	3050	3091
2885	2881	3050
2881	3078	3050
3078	3118	3050
3078	3139	3118
2885	2825	2881
2783	2878	2913
2793	2931	2834
2931	2893	2834
2931	3071	2893
2931	3111	3071
3111	3244	3071
3244	3246	3071
3246	3086	3071
3086	3060	3071
3086	3031	3060
3086	3221	3031
3221	3201	3031
3086	3246	3221
3246	3353	3221
3353	3372	3221
3353	3440	3372
3440	3509	3372
3440	3567	3509
3567	3554	3509
3567	3683	3554
3683	3558	3554
3683	3626	3558
3683	3737	3626
3737	3756	3626
3756	3624	3626
3737	3759	3756
3759	3901	3756
3901	3871	3756
3901	3913	3871
3913	3890	3871
3737	3706	3759
3737	3683	3706
3683	3567	3706
3567	3595	3706
3567	3440	3595
3440	3505	3595
3440	3493	3505
3493	3511	3505
3493	3482	3511
3493	3440	3482
3440	3347	3482
3347	3458	3482
3440	3353	3347
2793	2936	2931
2794	2799	2870
2799	2905	2870
2811	2984	2846
2816	2945	2953
2945	3019	2953
3019	3109	2953
2945	3029	3019
3029	3049	3019
3049	3077	3019
3077	3148	3019
3077	3152	3148
3152	3227	3148
3227	3262	3148
3227	3398	3262
3398	3399	3262
3398	3510	3399
3398	3556	3510
3398	3574	3556
3574	3647	3556
3647	3676	3556
3647	3735	3676
3647	3574	3735
3574	3748	3735
3398	3407	3574
3407	3444	3574
3407	3430	3444
3398	3258	3407
3398	3195	3258
3195	3188	3258
3195	3152	3188
3152	2981	3188
3152	3029	2981
3029	2908	2981
2908	2914	2981
2914	2961	2981
2914	2827	2961
2908	2742	2914
3152	3049	3029
3152	3077	3049
3195	3227	3152
3195	3398	3227
2835	2892	2959
2892	2947	2959
2857	2944	3001
2944	2949	3001
2949	3075	3001
2949	2993	3075
2993	3020	3075
3020	3207	3075
3020	3072	3207
3072	3107	3207
3072	3017	3107
3017	3046	3107
3046	3141	3107
3072	2965	3017
3072	3020	2965
3020	2993	2965
2860	2929	2897
2860	3057	2929
2865	2956	2980
2980	2940	2865
2980	2979	2940
2979	2933	2940
2979	2952	2933
2980	3087	2979
3087	3210	2979
3210	3191	2979
2887	3116	2969
2887	3042	3116
2888	2919	3041
2888	2874	2919
2894	2924	3065
2924	3011	3065
3011	3030	3065
3030	3018	3065
3030	3011	3018
3011	2924	3018
3065	3045	2894
3045	2899	2894
3065	3151	3045
2900	2930	2926
2930	3000	2926
2902	3048	2992
2904	2910	2978
2910	3023	2978
2909	2921	2991
2911	3098	3061
3098	3099	3061
3099	3009	3061
2915	3006	3043
2915	2941	3006
2941	3069	3006
3069	3159	3006
3159	3043	3006
3043	2962	2915
2918	2967	3083
2918	2763	2967
2763	2971	2967
2971	3125	2967
3125	3083	2967
3125	3192	3083
2971	3167	3125
2971	2948	3167
2948	3109	3167
3109	3199	3167
2763	2739	2971
2925	2986	3016
2925	2955	2986
3016	2937	2925
3016	3144	2937
2934	3101	3052
3101	3128	3052
3128	3120	3052
3128	3270	3120
3128	3204	3270
3204	3261	3270
3204	3119	3261
3119	3160	3261
3160	3312	3261
3119	3127	3160
3204	3172	3119
3172	3101	3119
3172	3128	3101
3172	3204	3128
2958	3015	3097
2975	2996	3003
2975	2807	2996
2975	2840	2807
2999	3024	3102
3024	3140	3102
3024	3068	3140
3102	3038	2999
3102	3182	3038
3039	3054	3203
3054	3131	3203
3203	3022	3039
3053	3161	3177
3053	3205	3161
3205	3287	3161
3287	3177	3161
3063	3130	3082
3064	3184	3169
3067	3113	3222
3222	3241	3067
3079	3208	3080
3081	3289	3305
3289	3334	3305
3092	3275	3239
3239	3240	3092
3239	3293	3240
3293	3340	3240
3293	3345	3340
3293	3275	3345
3275	3278	3345
3293	3239	3275
3104	3122	3301
3122	3303	3301
3303	3339	3301
3122	3166	3303
3166	3229	3303
3110	3175	3263
3136	3202	3183
3143	3342	3256
3256	3088	3143
3342	3401	3256
3401	3442	3256
3442	3390	3256
3442	3421	3390
3442	3650	3421
3650	3551	3421
3551	3452	3421
3452	3255	3421
3452	3208	3255
3650	3604	3551
3604	3597	3551
3604	3678	3597
3678	3674	3597
3678	3775	3674
3678	3819	3775
3442	3633	3650
3633	3694	3650
3694	3771	3650
3771	3797	3650
3797	3828	3650
3797	3907	3828
3907	3918	3828
3797	3941	3907
3797	3771	3941
3771	3960	3941
3960	4093	3941
3771	3795	3960
3795	3893	3960
3893	4026	3960
3771	3721	3795
3771	3694	3721
3694	3633	3721
3342	3382	3401
3145	3233	3294
3145	3252	3233
3252	3466	3233
3146	3176	3288
3147	3155	3247
3155	3254	3247
3254	3341	3247
3164	3327	3232
3232	3094	3164
3232	3236	3094
3164	3084	3327
3168	3271	3214
3271	3325	3214
3271	3397	3325
3174	3373	3392
3189	3292	3212
3292	3290	3212
3209	3219	3243
3209	3130	3219
3130	3243	3219
3130	3267	3243
3130	3265	3267
3130	3242	3265
3242	3225	3265
3242	3130	3225
3215	3332	3381
3332	3402	3381
3220	3389	3429
3389	3501	3429
3501	3566	3429
3220	3308	3389
3308	3445	3389
3308	3299	3445
3299	3396	3445
3299	3335	3396
3299	3144	3335
3224	3228	3364
3228	3318	3364
3318	3365	3364
3365	3411	3364
3411	3428	3364
3428	3224	3364
3411	3585	3428
3585	3506	3428
3585	3628	3506
3628	3587	3506
3587	3485	3506
3587	3528	3485
3585	3715	3628
3585	3820	3715
3365	3318	3411
3318	3310	3411
3318	3228	3310
3230	3274	3309
3245	3284	3406
3284	3315	3406
3284	3272	3315
3272	3346	3315
3346	3362	3315
3248	3386	3393
3393	3344	3248
3386	3588	3393
3386	3507	3588
3249	3412	3416
3412	3434	3416
3434	3420	3416
3434	3609	3420
3609	3461	3420
3609	3712	3461
3712	3646	3461
3712	3696	3646
3712	3864	3696
3434	3581	3609
3434	3433	3581
3434	3412	3433
3264	3320	3379
3320	3451	3379
3451	3341	3379
3320	3395	3451
3269	3376	3448
3273	3322	3282
3322	3370	3282
3370	3276	3282
3370	3314	3276
3314	3222	3276
3322	3500	3370
3500	3437	3370
3322	3502	3500
3502	3576	3500
3322	3366	3502
3322	3273	3366
3285	3403	3333
3403	3449	3333
3403	3488	3449
3488	3479	3449
3479	3544	3449
3285	3290	3403
3296	3355	3469
3296	3263	3355
3300	3413	3304
3413	3330	3304
3317	3427	3331
3427	3468	3331
3468	3288	3331
3288	3317	3331
3324	3439	3369
3328	3532	3548
3532	3668	3548
3668	3688	3548
3688	3635	3548
3688	3734	3635
3688	3807	3734
3688	3717	3807
3717	3903	3807
3717	3817	3903
3717	3668	3817
3668	3739	3817
3717	3688	3668
3337	3387	3490
3387	3583	3490
3338	3394	3480
3394	3388	3480
3348	3470	3508
3368	3478	3518
3478	3643	3518
3643	3667	3518
3478	3654	3643
3478	3498	3654
3498	3534	3654
3534	3634	3654
3634	3720	3654
3498	3490	3534
3378	3487	3384
3415	3520	3606
3606	3507	3415
3606	3656	3507
3417	3489	3521
3489	3523	3521
3418	3539	3575
3418	3330	3539
3539	3413	3575
3413	3573	3575
3573	3627	3575
3627	3788	3575
3788	3747	3575
3788	3838	3747
3788	3853	3838
3853	3872	3838
3788	3782	3853
3788	3627	3782
3627	3732	3782
3732	3851	3782
3732	3839	3851
3627	3652	3732
3627	3573	3652
3573	3559	3652
3575	3439	3418
3426	3564	3497
3497	3225	3426
3435	3630	3515
3630	3669	3515
3630	3709	3669
3436	3481	3441
3443	3463	3542
3456	3457	3648
3475	3568	3476
3568	3684	3476
3684	3672	3476
3684	3780	3672
3780	3874	3672
3874	3887	3672
3874	4014	3887
3874	3858	4014
3858	3861	4014
3861	4036	4014
3858	3780	3861
3780	3719	3861
3780	3684	3719
3684	3661	3719
3684	3568	3661
3858	3874	3780
3477	3586	3603
3586	3623	3603
3486	3560	3649
3560	3658	3649
3492	3605	3590
3512	3619	3529
3619	3596	3529
3512	3620	3619
3620	3738	3619
3512	3557	3620
3514	3677	3519
3677	3763	3519
3763	3729	3519
3729	3660	3519
3660	3648	3519
3660	3846	3648
3660	3729	3846
3729	3916	3846
3916	3832	3846
3916	4010	3832
4010	3854	3832
3854	3602	3832
3916	4012	4010
4012	4112	4010
3763	3778	3729
3677	3790	3763
3522	3713	3545
3713	3702	3545
3702	3546	3545
3702	3731	3546
3731	3536	3546
3702	3713	3731
3713	3925	3731
3713	3745	3925
3745	3951	3925
3745	3816	3951
3816	3961	3951
3745	3703	3816
3703	3785	3816
3785	3855	3816
3785	3781	3855
3785	3690	3781
3690	3736	3781
3690	3549	3736
3549	3525	3736
3785	3703	3690
3745	3713	3703
3713	3522	3703
3547	3552	3622
3552	3686	3622
3686	3733	3622
3733	3730	3622
3730	3725	3622
3725	3632	3622
3725	3687	3632
3687	3671	3632
3730	3815	3725
3686	3783	3733
3686	3786	3783
3552	3603	3686
3569	3758	3755
3758	3844	3755
3844	3746	3755
3571	3639	3714
3582	3701	3679
3701	3749	3679
3701	3716	3749
3701	3582	3716
3584	3710	3617
3584	3602	3710
3584	3508	3602
3710	3809	3617
3809	3642	3617
3809	3859	3642
3809	3902	3859
3809	3821	3902
3809	3710	3821
3710	3822	3821
3592	3631	3689
3631	3685	3689
3685	3741	3689
3592	3466	3631
3592	3533	3466
3629	3675	3673
3675	3699	3673
3638	3705	3728
3728	3750	3638
3728	3806	3750
3806	3837	3750
3837	3708	3750
3837	3742	3708
3806	3910	3837
3680	3811	3722
3811	3841	3722
3841	3762	3722
3841	3865	3762
3865	3759	3762
3841	3928	3865
3928	3998	3865
3928	3989	3998
3989	4091	3998
3989	4035	4091
4035	4103	4091
4103	4162	4091
4162	4183	4091
4162	4248	4183
4248	4251	4183
4251	4219	4183
4251	4235	4219
4251	4309	4235
4309	4293	4235
4293	4272	4235
4272	4175	4235
4272	4244	4175
4244	4150	4175
4150	4087	4175
4150	4063	4087
4063	4002	4087
4063	4005	4002
4005	3897	4002
3897	3877	4002
3877	3890	4002
3897	3761	3877
4063	4043	4005
4063	4066	4043
4063	4150	4066
4150	4244	4066
4244	4140	4066
4140	4032	4066
4140	4009	4032
4009	3894	4032
3894	3895	4032
3894	3773	3895
3773	3881	3895
3894	3799	3773
3799	3768	3773
3768	3724	3773
3768	3583	3724
3583	3610	3724
4009	3977	3894
4009	4101	3977
4009	4140	4101
4140	4201	4101
4201	4202	4101
4202	4174	4101
4202	4213	4174
4213	4257	4174
4213	4348	4257
4348	4362	4257
4362	4258	4257
4362	4378	4258
4378	4387	4258
4387	4246	4258
4246	4113	4258
4246	4238	4113
4246	4387	4238
4387	4234	4238
4387	4377	4234
4377	4347	4234
4377	4374	4347
4377	4470	4374
4470	4382	4374
4470	4509	4382
4509	4483	4382
4483	4469	4382
4469	4340	4382
4469	4490	4340
4490	4472	4340
4472	4481	4340
4481	4336	4340
4472	4548	4481
4472	4637	4548
4637	4640	4548
4640	4569	4548
4640	4642	4569
4642	4553	4569
4642	4584	4553
4642	4685	4584
4685	4570	4584
4685	4696	4570
4685	4733	4696
4733	4723	4696
4733	4762	4723
4762	4778	4723
4778	4734	4723
4778	4804	4734
4804	4680	4734
4680	4669	4734
4680	4556	4669
4680	4626	4556
4626	4494	4556
4626	4617	4494
4626	4670	4617
4670	4687	4617
4687	4647	4617
4647	4629	4617
4647	4699	4629
4699	4651	4629
4651	4530	4629
4651	4580	4530
4580	4511	4530
4511	4461	4530
4511	4414	4461
4580	4418	4511
4580	4539	4418
4651	4661	4580
4661	4688	4580
4661	4718	4688
4661	4699	4718
4699	4805	4718
4805	4833	4718
4805	4921	4833
4921	4961	4833
4961	4861	4833
4961	4935	4861
4961	4994	4935
4961	5030	4994
5030	5015	4994
5015	5011	4994
5015	5063	5011
5063	5060	5011
5060	5007	5011
5060	5069	5007
5069	5036	5007
5036	4995	5007
5036	5035	4995
5035	4975	4995
4975	4912	4995
4975	4938	4912
4938	4815	4912
4815	4819	4912
4819	4859	4912
4819	4811	4859
4811	4700	4859
4811	4659	4700
4659	4644	4700
4644	4682	4700
4644	4555	4682
4555	4624	4682
4644	4474	4555
4644	4552	4474
4552	4485	4474
4485	4311	4474
4485	4322	4311
4322	4243	4311
4243	4168	4311
4168	4274	4311
4552	4571	4485
4552	4659	4571
4659	4660	4571
4552	4644	4659
4819	4660	4811
4819	4815	4660
4815	4675	4660
4815	4802	4675
4802	4764	4675
4764	4673	4675
4673	4625	4675
4764	4705	4673
4705	4623	4673
4764	4824	4705
4824	4777	4705
4824	4869	4777
4869	4831	4777
4831	4761	4777
4831	4808	4761
4808	4735	4761
4735	4686	4761
4735	4724	4686
4724	4542	4686
4724	4586	4542
4586	4506	4542
4506	4518	4542
4506	4423	4518
4586	4489	4506
4489	4436	4506
4489	4409	4436
4489	4567	4409
4489	4586	4567
4586	4611	4567
4586	4731	4611
4731	4715	4611
4715	4716	4611
4716	4590	4611
4715	4770	4716
4770	4757	4716
4757	4692	4716
4770	4820	4757
4770	4823	4820
4823	4919	4820
4823	4946	4919
4946	4969	4919
4969	4930	4919
4969	4965	4930
4965	4934	4930
4965	4874	4934
4874	4882	4934
4874	4837	4882
4837	4825	4882
4969	5022	4965
5022	4991	4965
5022	5033	4991
5033	5032	4991
5032	4985	4991
4985	4879	4991
4985	4943	4879
4985	4970	4943
4970	4964	4943
4970	4990	4964
4990	4987	4964
4987	4908	4964
4987	4954	4908
4954	4901	4908
4954	4942	4901
4954	4956	4942
4956	4878	4942
4956	4982	4878
4982	4925	4878
4925	4923	4878
4925	4983	4923
4983	4940	4923
4940	4895	4923
4895	4857	4923
4895	4885	4857
4885	4799	4857
4983	5012	4940
5012	4947	4940
5012	5009	4947
5009	4933	4947
4933	4885	4947
5009	5026	4933
5026	5016	4933
5016	4941	4933
5016	5019	4941
5019	4929	4941
5016	5067	5019
5067	5087	5019
5087	5051	5019
5087	5106	5051
5106	5052	5051
5052	5010	5051
5010	4979	5051
5010	4977	4979
4977	4922	4979
4977	4951	4922
4951	4873	4922
4873	4851	4922
4873	4796	4851
4873	4774	4796
4873	4863	4774
4863	4817	4774
4817	4736	4774
4863	4914	4817
4863	4926	4914
4926	4978	4914
4978	5014	4914
4978	5052	5014
5052	5064	5014
5064	5086	5014
5064	5144	5086
5144	5136	5086
5136	5097	5086
5097	4988	5086
5097	5054	4988
5054	5028	4988
5028	4971	4988
4971	4904	4988
4971	4884	4904
4884	4844	4904
4884	4818	4844
4818	4803	4844
4818	4795	4803
4795	4691	4803
4795	4706	4691
4706	4711	4691
4711	4683	4691
4683	4662	4691
4662	4604	4691
4662	4597	4604
4597	4522	4604
4597	4560	4522
4560	4513	4522
4513	4438	4522
4513	4410	4438
4410	4365	4438
4513	4501	4410
4501	4452	4410
4452	4419	4410
4419	4327	4410
4452	4455	4419
4452	4554	4455
4554	4502	4455
4502	4435	4455
4435	4401	4455
4435	4475	4401
4475	4350	4401
4475	4422	4350
4475	4456	4422
4475	4493	4456
4493	4498	4456
4498	4495	4456
4475	4435	4493
4452	4501	4554
4501	4575	4554
4575	4591	4554
4575	4501	4591
4501	4627	4591
4627	4643	4591
4627	4649	4643
4649	4679	4643
4679	4740	4643
4679	4711	4740
4711	4791	4740
4791	4767	4740
4791	4848	4767
4848	4840	4767
4840	4797	4767
4797	4753	4767
4797	4789	4753
4789	4768	4753
4768	4741	4753
4768	4759	4741
4759	4681	4741
4759	4694	4681
4759	4712	4694
4712	4667	4694
4667	4612	4694
4612	4594	4694
4612	4524	4594
4612	4532	4524
4612	4576	4532
4576	4574	4532
4574	4477	4532
4574	4460	4477
4460	4355	4477
4355	4305	4477
4305	4368	4477
4355	4271	4305
4355	4286	4271
4286	4215	4271
4215	4214	4271
4215	4173	4214
4286	4224	4215
4286	4312	4224
4286	4355	4312
4355	4437	4312
4437	4413	4312
4437	4440	4413
4440	4447	4413
4447	4369	4413
4447	4335	4369
4335	4282	4369
4335	4280	4282
4280	4210	4282
4210	4179	4282
4179	4172	4282
4172	4187	4282
4172	4118	4187
4118	4182	4187
4182	4224	4187
4118	4069	4182
4118	4050	4069
4050	4019	4069
4019	4013	4069
4019	3962	4013
4019	3955	3962
4019	4050	3955
4050	3991	3955
4050	4065	3991
4065	4123	3991
4123	4017	3991
4017	3959	3991
3959	3892	3991
3959	3954	3892
3959	4017	3954
4017	3926	3954
3926	3866	3954
3926	3882	3866
3882	3811	3866
3882	3841	3811
3882	3928	3841
3882	3989	3928
3882	3990	3989
3990	4035	3989
3990	4017	4035
4017	4082	4035
4082	4103	4035
4082	4133	4103
4133	4162	4103
4133	4178	4162
4178	4248	4162
4178	4226	4248
4226	4300	4248
4300	4287	4248
4287	4251	4248
4287	4373	4251
4373	4309	4251
4373	4390	4309
4390	4293	4309
4390	4389	4293
4389	4375	4293
4375	4272	4293
4375	4301	4272
4301	4244	4272
4301	4201	4244
4201	4140	4244
4301	4319	4201
4319	4213	4201
4213	4202	4201
4319	4348	4213
4319	4431	4348
4431	4362	4348
4431	4446	4362
4446	4378	4362
4446	4476	4378
4476	4491	4378
4491	4387	4378
4491	4520	4387
4520	4504	4387
4504	4480	4387
4480	4377	4387
4480	4470	4377
4480	4525	4470
4525	4543	4470
4543	4533	4470
4533	4509	4470
4533	4582	4509
4582	4516	4509
4516	4483	4509
4516	4469	4483
4516	4490	4469
4516	4600	4490
4600	4637	4490
4637	4472	4490
4600	4674	4637
4674	4640	4637
4674	4783	4640
4783	4766	4640
4766	4685	4640
4685	4642	4640
4766	4846	4685
4846	4733	4685
4846	4832	4733
4832	4781	4733
4781	4762	4733
4781	4830	4762
4830	4829	4762
4829	4778	4762
4829	4868	4778
4868	4804	4778
4868	4896	4804
4896	4847	4804
4847	4813	4804
4813	4680	4804
4813	4670	4680
4670	4626	4680
4813	4687	4670
4813	4805	4687
4805	4699	4687
4699	4647	4687
4813	4898	4805
4898	4950	4805
4950	4921	4805
4950	4962	4921
4962	4963	4921
4963	4984	4921
4984	4961	4921
4984	5030	4961
4984	5043	5030
5043	5083	5030
5083	5096	5030
5096	5066	5030
5066	5015	5030
5066	5063	5015
5066	5108	5063
5108	5060	5063
5108	5089	5060
5089	5069	5060
5089	5115	5069
5115	5073	5069
5073	5035	5069
5035	5036	5069
5073	5056	5035
5056	5020	5035
5020	4975	5035
5020	4997	4975
4997	4980	4975
4980	4938	4975
4980	4949	4938
4949	4913	4938
4913	4815	4938
4913	4802	4815
4913	4883	4802
4883	4824	4802
4824	4764	4802
4883	4870	4824
4870	4869	4824
4870	4944	4869
4944	4915	4869
4915	4888	4869
4888	4866	4869
4866	4831	4869
4866	4888	4831
4888	4905	4831
4905	4864	4831
4864	4808	4831
4864	4755	4808
4755	4735	4808
4755	4724	4735
4755	4731	4724
4731	4586	4724
4755	4823	4731
4823	4770	4731
4770	4715	4731
4755	4893	4823
4893	4932	4823
4932	4946	4823
4932	4969	4946
4932	5045	4969
5045	5037	4969
5037	5022	4969
5037	5034	5022
5034	5033	5022
5034	5100	5033
5100	5032	5033
5100	5088	5032
5088	5027	5032
5027	4996	5032
4996	4985	5032
4996	4970	4985
4996	4990	4970
4996	5027	4990
5027	4987	4990
5027	5029	4987
5029	4954	4987
5029	4956	4954
5029	5023	4956
5023	4982	4956
5023	5018	4982
5018	4976	4982
4976	4925	4982
4976	4983	4925
4976	5018	4983
5018	5024	4983
5024	5012	4983
5024	5040	5012
5040	5009	5012
5040	5072	5009
5072	5026	5009
5072	5095	5026
5095	5038	5026
5038	5016	5026
5038	5031	5016
5031	5067	5016
5031	5038	5067
5038	5093	5067
5093	5105	5067
5105	5090	5067
5090	5087	5067
5090	5106	5087
5105	5133	5090
5105	5093	5133
5093	5166	5133
5093	5131	5166
5131	5171	5166
5131	5179	5171
5131	5135	5179
5135	5180	5179
5180	5186	5179
5135	5164	5180
5164	5173	5180
5173	5178	5180
5173	5163	5178
5173	5160	5163
5160	5142	5163
5142	5137	5163
5137	5156	5163
5137	5151	5156
5137	5130	5151
5130	5139	5151
5130	5108	5139
5108	5066	5139
5066	5096	5139
5096	5153	5139
5153	5183	5139
5153	5172	5183
5172	5189	5183
5189	5193	5183
5189	5192	5193
5192	5197	5193
5189	5182	5192
5182	5187	5192
5187	5199	5192
5187	5201	5199
5187	5190	5201
5190	5198	5201
5198	5202	5201
5202	5195	5201
5202	5191	5195
5191	5181	5195
5181	5176	5195
5176	5177	5195
5177	5200	5195
5177	5188	5200
5188	5196	5200
5196	5197	5200
5177	5159	5188
5177	5148	5159
5148	5134	5159
5134	5106	5159
5134	5052	5106
5134	5146	5052
5146	5064	5052
5146	5144	5064
5146	5176	5144
5176	5170	5144
5170	5136	5144
5170	5174	5136
5174	5147	5136
5147	5111	5136
5111	5097	5136
5111	5054	5097
5111	5094	5054
5094	5050	5054
5050	5028	5054
5050	5021	5028
5021	4973	5028
4973	4971	5028
4973	4884	4971
4973	5006	4884
4973	5021	5006
5021	5050	5006
5050	5074	5006
5074	5025	5006
5025	4981	5006
5025	4967	4981
4967	4924	4981
4967	4968	4924
4968	4945	4924
4945	4903	4924
4903	4894	4924
4894	4865	4924
4865	4848	4924
4848	4843	4924
4848	4791	4843
4791	4809	4843
4809	4884	4843
4809	4818	4884
4809	4795	4818
4809	4706	4795
4809	4711	4706
4809	4791	4711
4865	4840	4848
4865	4881	4840
4881	4856	4840
4856	4797	4840
4856	4826	4797
4826	4789	4797
4826	4812	4789
4812	4794	4789
4794	4785	4789
4785	4759	4789
4759	4768	4789
4785	4737	4759
4737	4712	4759
4737	4667	4712
4737	4677	4667
4677	4612	4667
4677	4576	4612
4677	4574	4576
4677	4641	4574
4641	4577	4574
4577	4460	4574
4577	4463	4460
4463	4355	4460
4463	4437	4355
4463	4482	4437
4482	4465	4437
4465	4440	4437
4465	4562	4440
4562	4587	4440
4587	4447	4440
4587	4487	4447
4487	4318	4447
4318	4335	4447
4318	4280	4335
4318	4290	4280
4290	4226	4280
4226	4210	4280
4226	4186	4210
4186	4179	4210
4186	4123	4179
4123	4154	4179
4154	4172	4179
4154	4118	4172
4154	4065	4118
4065	4050	4118
4154	4123	4065
4186	4178	4123
4178	4133	4123
4133	4082	4123
4082	4017	4123
4186	4226	4178
4290	4300	4226
4290	4318	4300
4587	4601	4487
4601	4596	4487
4596	4500	4487
4500	4473	4487
4500	4462	4473
4462	4373	4473
4462	4390	4373
4462	4439	4390
4439	4389	4390
4439	4497	4389
4497	4464	4389
4464	4375	4389
4464	4431	4375
4431	4319	4375
4319	4301	4375
4464	4467	4431
4467	4451	4431
4451	4446	4431
4451	4476	4446
4451	4514	4476
4514	4588	4476
4588	4491	4476
4588	4520	4491
4588	4614	4520
4614	4525	4520
4525	4504	4520
4525	4480	4504
4614	4543	4525
4588	4635	4614
4635	4708	4614
4635	4713	4708
4713	4747	4708
4747	4760	4708
4760	4758	4708
4758	4702	4708
4758	4707	4702
4707	4678	4702
4678	4582	4702
4678	4600	4582
4600	4516	4582
4678	4674	4600
4678	4776	4674
4776	4783	4674
4776	4816	4783
4816	4792	4783
4792	4766	4783
4792	4846	4766
4792	4845	4846
4845	4899	4846
4899	4832	4846
4899	4972	4832
4972	4830	4832
4830	4781	4832
4972	4911	4830
4911	4829	4830
4911	4858	4829
4858	4868	4829
4858	4927	4868
4927	4896	4868
4927	4952	4896
4952	4898	4896
4898	4847	4896
4898	4813	4847
4952	4950	4898
4952	4999	4950
4999	5004	4950
5004	4962	4950
5004	5043	4962
5043	4963	4962
5043	4984	4963
5004	5092	5043
5092	5083	5043
5092	5103	5083
5103	5122	5083
5122	5096	5083
5122	5153	5096
5122	5172	5153
5122	5182	5172
5182	5189	5172
5122	5154	5182
5154	5167	5182
5167	5187	5182
5167	5165	5187
5165	5175	5187
5175	5190	5187
5165	5168	5175
5168	5157	5175
5168	5127	5157
5127	5141	5157
5127	5121	5141
5121	5120	5141
5121	5070	5120
5070	5078	5120
5078	5110	5120
5078	5065	5110
5065	5104	5110
5104	5113	5110
5104	5091	5113
5091	5149	5113
5149	5155	5113
5091	5143	5149
5143	5162	5149
5162	5184	5149
5162	5169	5184
5169	5174	5184
5174	5185	5184
5185	5202	5184
5202	5190	5184
5202	5198	5190
5185	5191	5202
5185	5170	5191
5170	5181	5191
5170	5176	5181
5185	5174	5170
5169	5147	5174
5169	5162	5147
5162	5118	5147
5118	5094	5147
5094	5111	5147
5118	5074	5094
5074	5050	5094
5118	5119	5074
5119	5071	5074
5071	5025	5074
5071	5081	5025
5081	5001	5025
5001	4968	5025
4968	4967	5025
5001	4945	4968
5001	4957	4945
4957	4948	4945
4948	4903	4945
4948	4890	4903
4890	4881	4903
4881	4894	4903
4881	4865	4894
4890	4856	4881
4890	4827	4856
4827	4826	4856
4827	4812	4826
4827	4841	4812
4827	4890	4841
4890	4892	4841
4892	4867	4841
4867	4838	4841
4838	4814	4841
4838	4793	4814
4793	4800	4814
4800	4788	4814
4788	4801	4814
4788	4784	4801
4784	4748	4801
4748	4752	4801
4752	4779	4801
4779	4794	4801
4794	4812	4801
4779	4785	4794
4779	4772	4785
4772	4737	4785
4772	4779	4737
4779	4752	4737
4752	4677	4737
4752	4701	4677
4701	4641	4677
4701	4703	4641
4703	4658	4641
4658	4577	4641
4658	4562	4577
4562	4463	4577
4562	4482	4463
4562	4465	4482
4658	4592	4562
4592	4587	4562
4592	4664	4587
4664	4601	4587
4664	4709	4601
4709	4628	4601
4628	4596	4601
4628	4602	4596
4602	4531	4596
4531	4500	4596
4531	4462	4500
4531	4579	4462
4579	4497	4462
4497	4439	4462
4579	4573	4497
4573	4523	4497
4523	4464	4497
4523	4514	4464
4514	4467	4464
4514	4451	4467
4523	4593	4514
4593	4595	4514
4595	4588	4514
4595	4635	4588
4595	4615	4635
4615	4713	4635
4615	4668	4713
4668	4721	4713
4721	4739	4713
4739	4747	4713
4739	4835	4747
4835	4790	4747
4790	4760	4747
4790	4758	4760
4790	4853	4758
4790	4871	4853
4871	4880	4853
4880	4887	4853
4880	4889	4887
4889	4910	4887
4889	4900	4910
4900	4936	4910
4936	4953	4910
4953	4939	4910
4939	4909	4910
4939	4960	4909
4960	4959	4909
4959	4899	4909
4899	4845	4909
4845	4816	4909
4845	4792	4816
4959	4958	4899
4958	4972	4899
4958	4998	4972
4998	4911	4972
4998	4927	4911
4927	4858	4911
4998	5047	4927
5047	4989	4927
4989	4952	4927
4989	4999	4952
4989	5044	4999
5044	5053	4999
5053	5004	4999
5053	5092	5004
5053	5107	5092
5107	5154	5092
5154	5122	5092
5122	5103	5092
5107	5116	5154
5116	5167	5154
5116	5165	5167
5116	5117	5165
5117	5127	5165
5127	5168	5165
5117	5121	5127
5117	5061	5121
5061	5079	5121
5079	5070	5121
5079	5048	5070
5048	5041	5070
5041	5059	5070
5059	5078	5070
5059	5065	5078
5059	5002	5065
5002	5003	5065
5003	5013	5065
5013	5042	5065
5042	5104	5065
5042	5076	5104
5076	5091	5104
5076	5057	5091
5057	5081	5091
5081	5119	5091
5119	5143	5091
5119	5162	5143
5119	5118	5162
5081	5071	5119
5057	5001	5081
5057	4986	5001
4986	4957	5001
4986	4948	4957
4986	4966	4948
4966	4928	4948
4928	4916	4948
4916	4892	4948
4892	4890	4948
4916	4897	4892
4897	4867	4892
4897	4862	4867
4862	4838	4867
4862	4835	4838
4835	4793	4838
4835	4739	4793
4739	4721	4793
4721	4746	4793
4746	4800	4793
4746	4788	4800
4746	4773	4788
4773	4784	4788
4773	4745	4784
4745	4751	4784
4751	4748	4784
4751	4701	4748
4701	4752	4748
4751	4703	4701
4751	4745	4703
4745	4709	4703
4709	4664	4703
4664	4658	4703
4664	4592	4658
4745	4726	4709
4726	4628	4709
4726	4634	4628
4634	4602	4628
4634	4531	4602
4634	4579	4531
4634	4589	4579
4589	4573	4579
4589	4654	4573
4654	4646	4573
4646	4608	4573
4608	4593	4573
4593	4523	4573
4608	4610	4593
4610	4595	4593
4610	4615	4595
4610	4668	4615
4610	4645	4668
4645	4676	4668
4676	4721	4668
4676	4714	4721
4714	4746	4721
4714	4773	4746
4714	4726	4773
4726	4745	4773
4714	4654	4726
4654	4634	4726
4654	4589	4634
4714	4676	4654
4676	4646	4654
4676	4645	4646
4645	4608	4646
4645	4610	4608
4862	4871	4835
4871	4790	4835
4862	4897	4871
4897	4900	4871
4900	4880	4871
4900	4889	4880
4897	4928	4900
4928	4936	4900
4928	4966	4936
4966	5000	4936
5000	4953	4936
5000	5005	4953
5005	4955	4953
4955	4939	4953
4955	4960	4939
4955	5002	4960
5002	5008	4960
5008	4959	4960
5008	5041	4959
5041	5048	4959
5048	4958	4959
5048	4998	4958
5048	5058	4998
5058	5047	4998
5058	5061	5047
5061	5055	5047
5055	5044	5047
5044	4989	5047
5055	5109	5044
5109	5053	5044
5109	5107	5053
5109	5116	5107
5109	5117	5116
5109	5055	5117
5055	5061	5117
5058	5079	5061
5058	5048	5079
5008	5059	5041
5008	5002	5059
4955	5003	5002
4955	5005	5003
5005	5013	5003
5005	5017	5013
5017	5042	5013
5017	5000	5042
5000	5057	5042
5057	5076	5042
5000	4986	5057
5000	4966	4986
5017	5005	5000
4897	4916	4928
5146	5177	5176
5146	5148	5177
5146	5134	5148
5130	5112	5108
5112	5089	5108
5112	5115	5089
5112	5124	5115
5124	5128	5115
5124	5142	5128
5142	5145	5128
5142	5160	5145
5160	5158	5145
5158	5138	5145
5138	5114	5145
5138	5132	5114
5138	5140	5132
5140	5125	5132
5140	5150	5125
5150	5123	5125
5123	5101	5125
5101	5075	5125
5075	5088	5125
5075	5027	5088
5075	5029	5027
5075	5039	5029
5039	5023	5029
5039	5018	5023
5039	5085	5018
5085	5062	5018
5062	5024	5018
5062	5068	5024
5068	5040	5024
5068	5077	5040
5077	5072	5040
5077	5095	5072
5077	5131	5095
5131	5093	5095
5093	5038	5095
5077	5126	5131
5126	5135	5131
5126	5068	5135
5126	5077	5068
5085	5102	5062
5085	5101	5102
5101	5123	5102
5123	5150	5102
5150	5152	5102
5150	5158	5152
5158	5161	5152
5161	5164	5152
5161	5173	5164
5161	5160	5173
5161	5158	5160
5150	5140	5158
5140	5138	5158
5085	5075	5101
5085	5039	5075
5124	5129	5142
5129	5137	5142
5129	5112	5137
5112	5130	5137
5129	5124	5112
5045	5082	5037
5045	5084	5082
5084	5098	5082
5084	5080	5098
5080	5114	5098
5084	5046	5080
5046	4992	5080
5046	4974	4992
4974	4944	4992
4944	4949	4992
4949	4980	4992
4980	4997	4992
4944	4913	4949
4944	4883	4913
4944	4870	4883
4974	4915	4944
4974	4905	4915
4905	4888	4915
4974	4917	4905
4917	4864	4905
4917	4893	4864
4893	4755	4864
4917	4932	4893
5046	5049	4974
5049	5045	4974
5049	5084	5045
5049	5046	5084
4533	4543	4582
3990	3926	4017
3990	3882	3926
4679	4683	4711
4679	4616	4683
4616	4662	4683
4616	4597	4662
4616	4560	4597
4616	4627	4560
4627	4501	4560
4501	4513	4560
4616	4649	4627
4616	4679	4649
4978	4977	5052
4977	5010	5052
4978	4951	4977
4978	4926	4951
4926	4873	4951
4926	4863	4873
4661	4651	4699
3681	3784	3825
3691	3770	3808
3808	3835	3691
3692	3836	3810
3836	3952	3810
3836	3975	3952
3727	3830	3776
3740	3931	3805
3740	3923	3931
3923	3968	3931
3740	3868	3923
3740	3774	3868
3751	3840	3929
3840	3922	3929
3922	4006	3929
4006	3967	3929
4006	4067	3967
4067	4132	3967
4132	4169	3967
4169	4007	3967
4169	4089	4007
4089	3975	4007
4089	4128	3975
4089	4156	4128
4156	4265	4128
4156	4299	4265
4299	4294	4265
4294	4331	4265
4331	4209	4265
4294	4352	4331
4294	4337	4352
4294	4299	4337
4156	4191	4299
4191	4392	4299
4191	4222	4392
4191	4169	4222
4169	4132	4222
4191	4156	4169
4156	4089	4169
4067	4051	4132
4051	4121	4132
4051	4114	4121
4114	4260	4121
4051	3922	4114
4051	4006	3922
4051	4067	4006
3765	3802	3793
3793	3820	3765
3793	3802	3820
3769	3779	3824
3769	3709	3779
3709	3698	3779
3791	3899	3803
3791	3831	3899
3796	3919	3862
3812	3924	3879
3924	4015	3879
4015	4039	3879
4039	3976	3879
3976	3842	3879
3976	3758	3842
3758	3576	3842
4015	4137	4039
4015	3924	4137
3813	3888	3900
3900	3843	3813
3843	3653	3813
3814	3938	3963
3814	3856	3938
3856	3948	3938
3948	3963	3938
3948	4047	3963
4047	4079	3963
4079	3950	3963
3950	3814	3963
4079	4111	3950
4111	4084	3950
4079	4098	4111
4098	4216	4111
3948	3978	4047
3978	4059	4047
3978	4037	4059
4037	4125	4059
4037	4126	4125
3978	3915	4037
3978	3856	3915
3978	3948	3856
3847	3850	3886
3850	3994	3886
3850	3966	3994
3857	3945	3935
3867	4000	3974
3974	3875	3867
3870	3980	3988
3980	4080	3988
3988	3947	3870
3873	4027	4072
4027	4110	4072
4110	4283	4072
4027	4119	4110
3873	3776	4027
3896	3934	4097
3904	4088	3964
3906	4070	3995
3909	3973	3958
3973	3992	3958
3937	4029	4116
4029	4135	4116
3942	3982	4056
3982	4040	4056
4040	4136	4056
4136	4095	4056
4095	3942	4056
4040	4147	4136
4147	4204	4136
4040	4024	4147
4024	4138	4147
4040	3970	4024
4040	3982	3970
3943	3984	3987
3944	4011	3997
3949	4083	4003
4083	4104	4003
4104	4122	4003
3965	4081	3993
4081	4180	3993
3965	4008	4081
3972	4034	4031
4034	4106	4031
4034	4090	4106
4090	4144	4106
4034	3986	4090
3986	3996	4090
3981	4109	4028
4109	4134	4028
4134	4004	4028
4134	4102	4004
4109	4273	4134
4025	4155	4206
4155	4196	4206
4196	4252	4206
4196	4310	4252
4310	4317	4252
4196	4342	4310
4196	4285	4342
4285	4370	4342
4155	4160	4196
4038	4145	4041
4048	4115	4085
4115	4229	4085
4054	4124	4096
4124	4074	4096
4058	4190	4068
4190	4225	4068
4190	4263	4225
4263	4366	4225
4366	4267	4225
4060	4184	4220
4220	4131	4060
4064	4227	4127
4071	4120	4092
4073	4198	4146
4198	4217	4146
4198	4262	4217
4094	4167	4158
4100	4163	4199
4199	4149	4100
4159	4333	4314
4333	4332	4314
4333	4415	4332
4333	4404	4415
4333	4247	4404
4333	4159	4247
4181	4240	4326
4194	4279	4239
4279	4297	4239
4297	4292	4239
4297	4358	4292
4358	4334	4292
4334	4245	4292
4334	4330	4245
4334	4358	4330
4358	4471	4330
4358	4557	4471
4218	4343	4230
4230	4116	4218
4343	4324	4230
4343	4357	4324
4343	4434	4357
4343	4329	4434
4329	4536	4434
4343	4218	4329
4228	4237	4344
4237	4349	4344
4237	4233	4349
4233	4295	4349
4250	4325	4255
4253	4360	4264
4256	4376	4261
4376	4346	4261
4259	4338	4359
4338	4416	4359
4338	4412	4416
4268	4275	4306
4306	4423	4268
4277	4405	4351
4278	4429	4395
4429	4510	4395
4510	4433	4395
4433	4371	4395
4429	4508	4510
4291	4367	4486
4367	4519	4486
4303	4406	4420
4406	4547	4420
4547	4526	4420
4420	4339	4303
4420	4391	4339
4391	4313	4339
4308	4372	4459
4364	4426	4394
4426	4421	4394
4379	4503	4399
4503	4466	4399
4396	4468	4442
4407	4527	4450
4527	4559	4450
4559	4636	4450
4636	4484	4450
4636	4638	4484
4638	4549	4484
4549	4405	4484
4527	4671	4559
4527	4613	4671
4613	4719	4671
4719	4750	4671
4750	4698	4671
4613	4717	4719
4717	4878	4719
4613	4599	4717
4613	4572	4599
4613	4527	4572
4527	4517	4572
4408	4441	4583
4441	4535	4583
4411	4457	4515
4515	4468	4411
4428	4581	4546
4428	4550	4581
4444	4655	4488
4655	4663	4488
4663	4492	4488
4444	4459	4655
4444	4427	4459
4458	4505	4551
4551	4566	4458
4499	4521	4609
4538	4563	4607
4563	4632	4607
4632	4689	4607
4689	4763	4607
4689	4775	4763
4775	4886	4763
4689	4780	4775
4689	4754	4780
4541	4665	4653
4541	4639	4665
4578	4618	4722
4585	4656	4693
4652	4725	4738
4738	4798	4652
4738	4821	4798
4695	4786	4742
4786	4876	4742
4876	4855	4742
4786	4807	4876
4807	4891	4876
4697	4743	4765
4765	4557	4697
4557	4648	4697
4720	4836	4756
4836	4875	4756
4769	4810	4806
4810	4854	4806
4839	4902	4906
99	205	111
99	186	205
186	228	205
186	167	228
167	254	228
358	372	477
144	129	211
434	319	383
353	396	404
571	685	602
571	514	685
261	286	365
374	416	443
17	3	5
17	45	3
45	4	3
45	29	4
29	22	4
22	13	4
162	63	124
162	90	63
80	120	95
80	112	120
112	142	120
80	69	112
134	107	190
82	118	108
224	316	246
316	320	246
276	311	317
317	346	260
317	389	346
317	472	389
317	467	472
456	640	573
456	495	640
495	555	640
1066	1148	1250
868	670	834
670	662	834
868	709	670
709	640	670
987	994	902
914	1004	948
914	1165	1004
1045	1188	965
1188	1285	965
1045	1069	1188
1127	1253	1069
1616	1556	1785
1556	1816	1785
1556	1790	1816
2712	2955	2731
2955	2925	2731
2712	2741	2955
2429	2254	2417
2429	2380	2254
2222	1982	2140
2222	2120	1982
1570	1786	1573
1786	1865	1573
1786	1743	1865
1743	1938	1865
1743	2060	1938
2060	2151	1938
2151	2039	1938
2151	2194	2039
1743	1792	2060
1792	2005	2060
1633	1679	1568
1679	1668	1568
1876	1927	1829
2231	2183	2372
1765	1867	1924
1765	1734	1867
1591	1615	1642
1591	1552	1615
998	781	988
781	774	988
998	947	781
1076	956	1074
1361	1512	1471
1512	1519	1471
1519	1588	1471
1263	1049	1287
1049	1212	1287
1049	910	1212
910	1146	1212
910	890	1146
673	703	805
703	989	805
703	992	989
703	865	992
620	542	647
720	578	542
608	610	591
628	617	754
654	669	711
790	648	666
1298	1224	1147
1456	1722	1629
1513	1252	1313
1513	1470	1252
1241	1087	1125
1087	1034	1125
1087	870	1034
1241	1248	1087
1241	1377	1248
1002	1037	901
1367	1355	1257
1161	1236	1347
1236	1498	1347
1498	1595	1347
1595	1457	1347
1236	1453	1498
1640	1841	1595
1841	1696	1595
1841	1950	1696
1950	1822	1696
1225	1502	1489
1225	1284	1502
1078	828	964
1528	1660	1416
1660	1663	1416
1663	1596	1416
1562	1620	1614
1410	1657	1620
1415	1202	1410
1202	1337	1410
1202	1142	1337
1142	1098	1337
1202	1192	1142
1096	1035	1083
1123	1089	982
1089	983	982
1560	1800	1575
1560	1793	1800
1793	1851	1800
1793	1880	1851
1437	1482	1537
1169	1170	1270
1458	1627	1466
1627	1641	1466
1392	1558	1546
1404	1350	1333
1404	1487	1350
1525	1506	1395
1506	1215	1395
1506	1467	1215
1467	1205	1215
1205	1102	1215
1993	2006	1855
1993	2135	2006
2134	2384	2150
2384	2348	2150
2134	2455	2384
2134	2130	2455
2130	2504	2455
2020	2227	2130
2020	2016	2227
2020	1950	2016
1584	1735	1677
1751	1820	1808
1760	1819	1692
2043	2243	2041
2043	2259	2243
2662	2651	2456
3095	3106	2868
3326	3316	3106
3316	3073	3106
2461	2616	2382
2359	2163	2444
2163	2450	2444
2163	2350	2450
2163	2191	2350
2108	2044	2208
2044	2158	2208
2108	1957	2044
2108	1901	1957
1901	1908	1957
1901	1869	1908
2085	1996	1890
2543	2297	2305
2543	2419	2297
2543	2600	2419
1886	1866	1718
1886	1981	1866
1886	1975	1981
2000	1828	2035
1862	1776	1778
1776	1649	1778
1862	1828	1776
2595	2339	2568
2339	2454	2568
2339	2313	2454
2595	2468	2339
1882	2065	1956
2065	2086	1956
2001	2192	1983
2042	2061	1932
2091	2200	2061
2200	2146	2061
2091	2267	2200
1858	1763	1889
1985	1966	1898
2186	2228	2059
2186	2246	2228
2095	2258	2148
2220	2212	2050
2212	2103	2050
2212	2187	2103
2474	2408	2220
2307	2178	2317
2569	2442	2654
2442	2405	2654
2405	2522	2654
2522	2641	2654
2742	2908	2695
2908	2774	2695
2908	3029	2774
2604	2827	2742
2827	2914	2742
2604	2571	2827
2514	2236	2414
2514	2320	2236
2514	2485	2320
2555	2565	2368
3022	3203	3018
2808	2707	2666
2659	2352	2607
2352	2437	2607
3058	3316	3084
3316	3327	3084
2807	2667	2682
2484	2660	2545
3100	3139	3078
2593	2436	2556
2556	2717	2715
2745	2863	2671
2802	3114	2851
2802	2888	3114
2888	3041	3114
2670	2571	2617
2781	2899	2898
2899	3069	2898
2899	3045	3069
3045	3151	3069
2781	2780	2899
2734	2685	2874
2685	2919	2874
2685	2828	2919
3572	3813	3653
3031	2809	3060
3759	3865	3901
3865	3998	3901
3706	3595	3759
3595	3762	3759
3399	3109	3262
2865	2901	2956
2865	2808	2901
2808	2724	2901
3087	3193	3210
3261	3337	3270
3337	3498	3270
3337	3490	3498
3305	3066	3081
3066	2973	3081
2973	3036	3081
3305	3143	3066
3305	3342	3143
3263	3296	3110
3296	2972	3110
2972	2851	3110
2972	2862	2851
3390	3171	3256
3452	3499	3208
3499	3213	3208
3499	3467	3213
3775	3739	3674
3775	3834	3739
3775	3819	3834
3678	3604	3819
3650	3828	3604
3220	3010	3308
3393	3691	3344
3370	3437	3314
3635	3446	3548
3903	3972	3807
3583	3634	3490
3634	3534	3490
3394	3117	3388
3225	3063	3426
3515	3287	3435
3630	3698	3709
3630	3435	3698
3435	3439	3698
3887	3787	3672
3854	3822	3602
3854	3906	3822
3758	3976	3844
3859	3609	3642
3722	3561	3680
5007	4876	5011
4876	4891	5011
5007	4855	4876
5007	4995	4855
4995	4859	4855
4859	4700	4855
4995	4912	4859
4659	4811	4660
4965	4991	4874
4991	4879	4874
5086	4988	5014
4767	4753	4740
4312	4282	4224
4282	4187	4224
4312	4413	4282
4413	4369	4282
3991	3892	3955
5090	5159	5106
5090	5133	5159
5133	5188	5159
5133	5171	5188
5171	5179	5188
5179	5196	5188
5179	5186	5196
5186	5194	5196
5186	5180	5194
5133	5166	5171
5163	5156	5178
5156	5183	5178
5156	5151	5183
5151	5139	5183
5192	5199	5197
5199	5200	5197
5199	5201	5200
5201	5195	5200
5006	4981	4884
4981	4843	4884
4981	4924	4843
4318	4487	4300
4487	4473	4300
4473	4287	4300
4473	4373	4287
4614	4702	4543
4702	4582	4543
4614	4708	4702
5149	5184	5155
5184	5190	5155
4841	4801	4812
4841	4814	4801
4678	4707	4776
5125	5088	5132
5088	5100	5132
5068	5102	5135
5102	5152	5135
5152	5164	5135
5068	5062	5102
4917	4974	4932
4974	5045	4932
3830	4027	3776
3830	3940	4027
4222	4448	4392
4222	4320	4448
4320	4398	4448
4222	4132	4320
4132	4121	4320
3922	4129	4114
3802	4115	3820
3802	4159	4115
3802	3844	4159
3844	4161	4159
3842	3576	3879
4000	4054	3974
3996	4025	4090
4025	4206	4090
4206	4317	4090
4206	4252	4317
3996	4001	4025
3981	4045	4109
4045	4086	4109
4086	4153	4109
4557	4449	4471
4278	4188	4429
4486	4288	4291
4486	4453	4288
4599	4622	4717
4599	4605	4622
4459	4690	4655
