298.928157 178.532769 30.583668 255 0 0
312.139689 166.661543 36.060954 255 0 0
326.513264 156.318683 41.481363 255 0 0
342.048881 147.504190 46.844896 255 0 0
358.746540 140.218063 52.151551 255 0 0
376.606242 134.460303 57.401329 255 0 0
395.627986 130.230909 62.594230 255 0 0
415.811772 127.529881 67.730253 255 0 0
437.157600 126.357220 72.809400 0 255 0
416.515606 126.704041 85.588913 0 255 0
397.167043 128.752035 98.305118 0 255 0
379.111911 132.501203 110.958015 0 255 0
362.350208 137.951545 123.547604 0 255 0
346.881937 145.103060 136.073885 0 255 0
332.707096 153.955749 148.536858 0 255 0
319.825685 164.509612 160.936523 0 255 0
308.237705 176.764648 173.272880 0 255 0
