3.855112793284060331e+02 1.499623730349275093e+02 1.645734722581398728e+02
3.853817728544489682e+02 1.346819795785976339e+02 1.576811848003865180e+02
3.806150646714680192e+02 1.224003167255865492e+02 1.414851676462185424e+02
3.744497832750039947e+02 1.117147905952261340e+02 1.204054576264040861e+02
3.770185448955676861e+02 1.025290725495472088e+02 9.537942202531235125e+01
3.740918876164961944e+02 9.044095753512743840e+01 7.871973354816191204e+01
3.724401840822786767e+02 8.836539642227717195e+01 3.206730553545207840e+01
3.678830562482116306e+02 1.112879874149887200e+02 1.570531929163030327e+01
3.624677068453850097e+02 1.283094558322495118e+02 1.701339458006077621e+01
3.621310237075638270e+02 1.441218931972600217e+02 2.227778951196637536e+01
3.562494803148105120e+02 1.616754105198102707e+02 2.195795698644565164e+01
3.572866497128238734e+02 1.782134496253104317e+02 2.513075749331437692e+01
3.541775364475366814e+02 1.948964269690907827e+02 2.760303869650692832e+01
