27.652137 36.464346 11.023923 255 0 0
27.915246 36.331054 10.032060 255 0 0
28.232403 36.064945 9.037018 255 0 0
28.603608 35.666019 8.038796 255 0 0
29.028862 35.134275 7.037395 255 0 0
29.508165 34.469714 6.032815 255 0 0
30.041517 33.672337 5.025056 255 0 0
30.628917 32.742141 4.014118 255 0 0
31.270366 31.679129 3.000000 0 255 0
30.462556 30.677912 3.985822 0 255 0
29.727862 29.798387 4.974824 0 255 0
29.066285 29.040554 5.967005 0 255 0
28.477824 28.404413 6.962365 0 255 0
27.962479 27.889963 7.960904 0 255 0
27.520251 27.497205 8.962623 0 255 0
27.151139 27.226139 9.967521 0 255 0
26.855143 27.076764 10.975598 0 255 0
