1	13	2
2	7	1
2	4	7
4	12	7
12	8	7
12	11	8
11	17	8
17	18	8
18	26	8
17	46	18
46	47	18
17	43	46
43	100	46
43	69	100
69	120	100
120	147	100
120	157	147
157	186	147
186	242	147
186	243	242
186	201	243
186	157	201
157	187	201
157	159	187
159	188	187
159	169	188
169	197	188
197	251	188
197	294	251
197	250	294
197	200	250
200	333	250
333	349	250
197	181	200
181	180	200
180	238	200
180	178	238
178	195	238
195	196	238
196	240	238
196	253	240
196	206	253
206	239	253
206	232	239
232	315	239
206	224	232
224	236	232
206	210	224
210	262	224
210	195	262
195	202	262
202	223	262
223	325	262
223	226	325
226	369	325
369	386	325
386	417	325
386	374	417
374	508	417
508	497	417
497	447	417
497	458	447
458	389	447
374	406	508
406	427	508
427	484	508
484	530	508
530	617	508
530	594	617
594	653	617
594	622	653
622	725	653
725	680	653
725	750	680
750	667	680
667	564	680
667	531	564
725	735	750
735	787	750
787	749	750
787	768	749
787	889	768
889	846	768
889	850	846
889	979	850
979	946	850
979	1056	946
1056	1016	946
1056	1024	1016
1024	980	1016
1056	1078	1024
1056	1071	1078
1071	1110	1078
1071	1068	1110
1068	1140	1110
1140	1081	1110
1140	1157	1081
1157	1019	1081
1157	1097	1019
1097	987	1019
1097	1089	987
1089	981	987
981	879	987
1089	1047	981
1047	1045	981
1045	1015	981
1045	1038	1015
1038	978	1015
978	911	1015
978	965	911
965	821	911
821	802	911
821	661	802
821	672	661
672	553	661
553	668	661
668	677	661
668	743	677
743	729	677
668	662	743
662	780	743
662	666	780
662	553	666
553	503	666
553	535	503
535	395	503
395	435	503
395	424	435
395	439	424
553	612	535
612	648	535
648	646	535
648	788	646
788	823	646
823	678	646
788	852	823
852	923	823
852	982	923
852	878	982
852	788	878
788	836	878
648	612	788
553	672	612
662	668	553
978	1161	965
1047	1193	1045
1047	1189	1193
1189	1197	1193
1189	1207	1197
1207	1363	1197
1207	1325	1363
1325	1391	1363
1391	1494	1363
1391	1508	1494
1508	1604	1494
1391	1454	1508
1391	1328	1454
1328	1411	1454
1328	1320	1411
1320	1376	1411
1320	1387	1376
1320	1297	1387
1297	1369	1387
1297	1294	1369
1294	1394	1369
1294	1308	1394
1308	1398	1394
1398	1563	1394
1563	1552	1394
1563	1578	1552
1563	1696	1578
1398	1414	1563
1414	1450	1563
1414	1350	1450
1414	1398	1350
1398	1308	1350
1308	1243	1350
1243	1254	1350
1254	1286	1350
1254	1212	1286
1212	1226	1286
1212	1199	1226
1199	1223	1226
1199	1196	1223
1196	1219	1223
1196	1153	1219
1196	1108	1153
1108	1103	1153
1103	1129	1153
1129	1228	1153
1228	1282	1153
1129	1130	1228
1129	1103	1130
1103	1069	1130
1103	1108	1069
1108	1061	1069
1061	984	1069
1061	1000	984
1000	983	984
983	955	984
955	950	984
955	904	950
904	908	950
908	899	950
908	867	899
867	893	899
893	936	899
893	896	936
896	919	936
919	1003	936
1003	1008	936
1008	973	936
919	966	1003
966	1042	1003
966	1013	1042
1013	1156	1042
1013	1017	1156
1013	954	1017
954	959	1017
959	993	1017
959	873	993
873	939	993
939	1122	993
1122	1158	993
1122	1215	1158
1215	1298	1158
1122	1213	1215
939	947	1122
959	874	873
959	954	874
954	910	874
910	896	874
896	820	874
896	893	820
893	867	820
867	815	820
815	797	820
797	747	820
797	737	747
737	681	747
737	671	681
671	659	681
659	683	681
659	638	683
638	679	683
679	718	683
718	839	683
718	865	839
865	1005	839
1005	947	839
865	1007	1005
865	902	1007
902	1021	1007
1021	1064	1007
1021	1032	1064
1021	902	1032
902	870	1032
902	869	870
869	718	870
718	739	870
739	772	870
739	734	772
734	660	772
660	663	772
734	690	660
690	638	660
690	679	638
690	739	679
739	718	679
690	734	739
869	865	718
869	902	865
659	568	638
659	671	568
671	588	568
588	475	568
475	473	568
475	454	473
454	455	473
454	366	455
366	405	455
405	452	455
452	524	455
405	375	452
375	472	452
375	371	472
375	345	371
345	276	371
276	244	371
244	285	371
285	356	371
356	416	371
356	430	416
430	509	416
509	493	416
430	527	509
356	420	430
356	344	420
344	381	420
381	434	420
381	402	434
402	483	434
483	515	434
402	478	483
402	390	478
390	415	478
390	311	415
390	318	311
318	256	311
256	219	311
219	241	311
219	145	241
145	213	241
213	282	241
213	293	282
213	301	293
301	348	293
301	372	348
372	392	348
392	397	348
372	433	392
433	466	392
433	476	466
476	491	466
491	480	466
476	521	491
521	623	491
623	614	491
623	619	614
619	693	614
693	670	614
693	827	670
827	784	670
623	675	619
623	600	675
600	751	675
600	611	751
600	425	611
600	521	425
521	399	425
399	324	425
324	317	425
324	287	317
287	255	317
255	288	317
288	299	317
287	291	255
291	292	255
292	213	255
213	153	255
213	145	153
145	139	153
292	301	213
292	372	301
292	291	372
291	324	372
324	399	372
399	433	372
399	521	433
521	476	433
291	287	324
600	623	521
219	140	145
140	114	145
140	138	114
138	99	114
99	83	114
83	86	114
83	73	86
73	65	86
65	45	86
45	88	86
45	60	88
60	64	88
64	84	88
84	115	88
115	124	88
124	136	88
124	134	136
124	115	134
115	126	134
115	84	126
84	123	126
84	34	123
34	42	123
34	30	42
30	24	42
24	27	42
24	20	27
20	21	27
21	28	27
21	25	28
25	52	28
52	66	28
52	74	66
52	53	74
52	25	53
25	22	53
22	32	53
32	55	53
32	57	55
57	160	55
57	103	160
103	229	160
229	230	160
103	211	229
211	321	229
211	329	321
57	80	103
25	5	22
25	9	5
9	6	5
6	15	5
15	3	5
15	23	3
23	35	3
35	14	3
14	2	3
2	13	3
14	10	2
10	4	2
10	36	4
36	12	4
36	38	12
38	33	12
33	11	12
33	17	11
33	43	17
33	44	43
44	69	43
44	104	69
104	110	69
110	120	69
110	157	120
110	142	157
142	155	157
155	159	157
155	162	159
162	169	159
162	190	169
190	181	169
181	197	169
190	216	181
216	226	181
226	223	181
223	202	181
202	178	181
178	180	181
202	195	178
216	254	226
254	369	226
254	374	369
374	386	369
254	266	374
266	341	374
341	406	374
341	427	406
341	359	427
359	401	427
401	462	427
462	484	427
462	495	484
495	530	484
495	513	530
513	542	530
542	594	530
542	622	594
542	606	622
606	701	622
701	725	622
701	735	725
701	762	735
762	787	735
762	875	787
875	889	787
875	951	889
951	979	889
951	888	979
888	972	979
972	1056	979
972	1071	1056
972	992	1071
992	1068	1071
992	877	1068
877	1048	1068
1048	1140	1068
1048	1031	1140
1031	1046	1140
1046	1188	1140
1188	1191	1140
1191	1157	1140
1191	1142	1157
1142	1097	1157
1142	1089	1097
1188	1261	1191
1188	1185	1261
1185	1176	1261
1176	1262	1261
1262	1278	1261
1262	1287	1278
1287	1264	1278
1264	1181	1278
1264	1230	1181
1230	1305	1181
1305	1207	1181
1207	1189	1181
1189	1047	1181
1047	1089	1181
1305	1325	1207
1305	1391	1325
1305	1328	1391
1305	1291	1328
1291	1320	1328
1291	1301	1320
1301	1297	1320
1301	1280	1297
1280	1225	1297
1225	1294	1297
1225	1235	1294
1235	1308	1294
1235	1243	1308
1235	1205	1243
1205	1212	1243
1212	1254	1243
1205	1199	1212
1205	1137	1199
1137	1127	1199
1127	1138	1199
1138	1145	1199
1145	1196	1199
1138	1077	1145
1137	1096	1127
1096	1095	1127
1096	1012	1095
1096	1090	1012
1090	1063	1012
1063	996	1012
996	995	1012
995	953	1012
953	991	1012
953	986	991
986	1004	991
1004	1095	991
986	964	1004
964	1035	1004
964	958	1035
958	960	1035
960	1022	1035
1022	1077	1035
1022	1060	1077
1022	1061	1060
1061	1108	1060
1022	1000	1061
1022	968	1000
968	970	1000
970	983	1000
970	955	983
970	904	955
970	968	904
968	927	904
927	897	904
927	853	897
927	949	853
949	943	853
943	934	853
934	837	853
837	805	853
805	742	853
805	726	742
726	730	742
730	756	742
730	709	756
709	705	756
705	752	756
752	793	756
793	838	756
793	773	838
773	815	838
815	867	838
867	908	838
908	904	838
773	774	815
774	797	815
774	737	797
774	704	737
704	671	737
704	620	671
620	588	671
620	591	588
591	475	588
591	506	475
506	479	475
479	408	475
408	454	475
408	366	454
408	367	366
367	346	366
346	335	366
335	345	366
345	405	366
345	375	405
335	276	345
335	346	276
346	289	276
289	207	276
207	212	276
212	244	276
212	228	244
228	285	244
228	193	285
193	248	285
248	344	285
344	356	285
248	257	344
257	322	344
322	381	344
322	402	381
322	390	402
322	318	390
322	257	318
257	256	318
257	176	256
176	194	256
194	218	256
218	219	256
218	172	219
172	140	219
172	170	140
170	138	140
170	127	138
127	99	138
127	95	99
95	83	99
95	73	83
95	77	73
77	65	73
77	112	65
112	106	65
106	61	65
61	45	65
61	39	45
39	60	45
39	64	60
39	34	64
34	84	64
39	30	34
39	29	30
29	31	30
31	24	30
31	20	24
31	19	20
19	21	20
19	9	21
9	25	21
19	23	9
23	15	9
15	6	9
31	63	19
31	68	63
68	81	63
81	89	63
89	62	63
62	23	63
62	48	23
48	35	23
48	40	35
40	14	35
40	37	14
37	10	14
37	36	10
37	70	36
70	38	36
70	82	38
82	44	38
44	33	38
82	104	44
82	143	104
143	110	104
143	142	110
143	155	142
143	162	155
143	205	162
205	190	162
205	216	190
205	254	216
205	266	254
205	215	266
215	267	266
267	327	266
327	341	266
327	359	341
327	268	359
268	350	359
350	401	359
350	370	401
370	453	401
453	462	401
453	513	462
513	495	462
453	542	513
453	477	542
477	534	542
534	606	542
534	540	606
540	570	606
570	654	606
654	669	606
669	701	606
669	712	701
712	762	701
712	738	762
738	843	762
843	875	762
843	951	875
843	822	951
822	888	951
822	778	888
778	851	888
851	972	888
851	877	972
877	992	972
851	804	877
804	783	877
851	748	804
851	777	748
777	778	748
778	632	748
632	625	748
632	558	625
632	658	558
658	514	558
514	492	558
492	485	558
485	482	558
482	517	558
482	428	517
428	520	517
428	443	520
443	494	520
494	560	520
494	490	560
490	545	560
545	599	560
599	665	560
665	673	560
665	676	673
676	736	673
676	698	736
698	769	736
769	776	736
776	745	736
745	758	736
745	796	758
796	783	758
745	776	796
776	840	796
840	860	796
840	861	860
861	909	860
861	953	909
953	995	909
995	942	909
942	1009	909
942	990	1009
990	1040	1009
1040	1046	1009
1046	1031	1009
1040	1067	1046
1067	1093	1046
1093	1188	1046
1093	1185	1188
1093	1176	1185
1093	1067	1176
1067	1121	1176
1121	1244	1176
1244	1262	1176
1244	1287	1262
1244	1280	1287
1280	1301	1287
1301	1291	1287
1291	1251	1287
1251	1264	1287
1251	1230	1264
1251	1305	1230
1251	1291	1305
1244	1206	1280
1206	1225	1280
1206	1147	1225
1147	1137	1225
1137	1205	1225
1205	1235	1225
1147	1126	1137
1126	1100	1137
1100	1096	1137
1100	1090	1096
1100	1126	1090
1126	1099	1090
1099	1063	1090
1099	1121	1063
1121	1067	1063
1067	1040	1063
1040	996	1063
1040	990	996
990	942	996
942	995	996
1099	1147	1121
1147	1206	1121
1206	1244	1121
1099	1126	1147
861	866	953
866	890	953
890	986	953
890	964	986
890	944	964
944	934	964
934	943	964
943	958	964
943	949	958
949	960	958
949	927	960
927	968	960
968	1022	960
944	837	934
944	890	837
890	884	837
884	805	837
884	771	805
771	726	805
771	699	726
699	630	726
630	601	726
630	586	601
586	523	601
523	577	601
577	634	601
634	709	601
709	730	601
634	705	709
634	691	705
691	752	705
691	746	752
746	793	752
746	773	793
746	731	773
731	774	773
731	704	774
731	682	704
682	620	704
682	591	620
682	573	591
573	506	591
573	496	506
496	479	506
496	408	479
496	414	408
414	360	408
360	353	408
353	367	408
353	346	367
353	289	346
353	360	289
360	283	289
283	207	289
283	231	207
231	167	207
231	246	167
246	225	167
225	149	167
149	121	167
121	122	167
121	119	122
119	127	122
127	165	122
127	170	165
170	194	165
194	176	165
170	218	194
170	172	218
119	95	127
119	77	95
119	121	77
121	112	77
121	146	112
146	179	112
179	151	112
151	106	112
151	116	106
116	61	106
116	105	61
105	67	61
67	39	61
67	54	39
54	29	39
54	31	29
54	68	31
54	78	68
78	102	68
102	108	68
108	81	68
108	117	81
117	89	81
117	135	89
135	125	89
125	76	89
76	62	89
76	48	62
76	101	48
101	98	48
98	49	48
49	40	48
49	75	40
75	37	40
75	70	37
75	128	70
128	82	70
128	156	82
156	158	82
158	143	82
158	205	143
158	215	205
158	156	215
156	191	215
191	267	215
191	220	267
220	258	267
258	327	267
258	268	327
258	214	268
214	298	268
298	350	268
298	328	350
328	370	350
328	354	370
354	436	370
436	453	370
436	477	453
436	438	477
438	449	477
449	540	477
540	534	477
449	514	540
514	570	540
514	647	570
647	654	570
647	712	654
712	669	654
647	658	712
658	738	712
658	775	738
775	843	738
775	822	843
775	778	822
775	632	778
775	658	632
647	514	658
436	354	438
328	290	354
290	271	354
290	275	271
275	227	271
227	204	271
204	199	271
204	171	199
171	150	199
150	192	199
171	125	150
125	135	150
135	117	150
117	108	150
171	183	125
183	144	125
144	109	125
109	76	125
109	101	76
109	144	101
144	98	101
144	93	98
93	49	98
93	75	49
93	92	75
92	128	75
92	131	128
131	191	128
191	156	128
131	182	191
182	220	191
182	258	220
182	214	258
182	168	214
168	203	214
203	298	214
203	227	298
227	275	298
275	328	298
275	290	328
203	183	227
183	204	227
183	171	204
203	168	183
168	144	183
168	182	144
182	129	144
129	93	144
129	92	93
129	131	92
129	182	131
102	132	108
132	148	108
148	192	108
148	175	192
148	161	175
161	184	175
184	273	175
184	179	273
179	310	273
310	309	273
309	296	273
309	368	296
309	396	368
396	394	368
394	422	368
422	377	368
377	355	368
377	393	355
377	428	393
428	410	393
410	391	393
428	482	410
482	485	410
485	492	410
377	443	428
377	422	443
422	467	443
467	494	443
467	490	494
467	545	490
422	396	467
396	384	467
396	310	384
310	380	384
380	407	384
380	465	407
465	468	407
465	510	468
510	523	468
510	577	523
510	562	577
562	603	577
603	634	577
603	691	634
603	643	691
643	746	691
643	682	746
682	731	746
643	573	682
643	537	573
537	496	573
537	498	496
498	456	496
456	414	496
456	376	414
456	499	376
499	446	376
446	379	376
379	330	376
330	280	376
330	246	280
246	231	280
231	283	280
283	414	280
283	360	414
330	259	246
259	225	246
259	245	225
245	149	225
245	173	149
173	141	149
141	121	149
141	146	121
141	173	146
173	222	146
222	221	146
221	179	146
221	310	179
221	222	310
222	314	310
314	380	310
314	412	380
412	465	380
412	441	465
441	481	465
481	510	465
481	516	510
516	562	510
516	550	562
550	603	562
550	643	603
550	498	643
498	537	643
550	500	498
500	456	498
500	499	456
500	550	499
550	516	499
516	446	499
516	481	446
481	441	446
441	412	446
412	379	446
412	330	379
412	314	330
314	259	330
314	245	259
314	173	245
314	222	173
396	309	310
422	394	396
184	151	179
184	137	151
137	116	151
137	105	116
137	132	105
132	78	105
78	67	105
78	54	67
132	102	78
137	148	132
137	161	148
137	184	161
630	590	586
630	635	590
635	545	590
635	599	545
635	676	599
676	665	599
635	698	676
635	699	698
699	728	698
728	769	698
728	771	769
771	866	769
866	776	769
866	849	776
849	840	776
849	861	840
849	866	861
771	884	866
884	890	866
728	699	771
635	630	699
777	851	778
257	209	176
257	248	209
248	193	209
228	212	193
212	207	193
1048	877	1031
910	919	896
910	966	919
910	954	966
954	1013	966
210	196	195
210	206	196
41	58	56
56	90	41
90	51	41
90	133	51
133	107	51
107	94	51
94	59	51
94	118	59
94	107	118
107	208	118
208	261	118
107	217	208
90	87	133
90	56	87
56	58	87
71	96	113
96	118	113
72	130	163
130	152	163
130	174	152
130	91	174
111	154	198
198	123	111
234	281	263
263	236	234
263	313	236
263	364	313
263	281	364
281	316	364
281	279	316
279	269	316
269	300	316
300	295	316
295	340	316
295	308	340
295	339	308
339	373	308
373	338	308
339	382	373
339	300	382
339	295	300
269	307	300
269	279	307
279	265	307
265	272	307
272	306	307
306	389	307
272	281	306
281	252	306
281	234	252
272	265	281
265	279	281
235	284	247
247	237	235
237	113	235
274	277	323
277	363	323
277	174	363
174	260	363
323	305	274
323	429	305
312	362	336
362	398	336
398	319	336
398	337	319
398	387	337
398	536	387
536	583	387
362	403	398
362	358	403
358	365	403
365	361	403
365	358	361
362	343	358
362	312	343
320	518	474
518	565	474
565	629	474
629	633	474
633	488	474
633	592	488
592	522	488
522	459	488
522	607	459
522	609	607
609	716	607
522	592	609
633	755	592
633	629	755
565	684	629
684	770	629
684	733	770
733	753	770
320	486	518
326	342	385
332	533	461
533	461	444
378	432	411
378	563	432
563	605	432
605	585	432
585	546	432
546	469	432
469	411	432
546	532	469
532	448	469
532	525	448
585	593	546
585	727	593
585	605	727
409	418	457
418	426	457
426	505	457
505	511	457
423	547	567
463	555	487
555	615	487
615	597	487
471	580	501
504	556	507
556	624	507
556	576	624
512	657	538
657	539	538
544	631	656
631	766	656
766	806	656
549	559	650
549	533	559
650	626	549
626	616	549
616	461	549
561	618	581
561	792	618
571	689	589
574	641	655
655	666	574
644	649	723
723	761	644
649	759	723
759	880	723
759	845	880
759	842	845
759	707	842
759	649	707
649	645	707
649	527	645
527	515	645
696	697	732
700	789	801
700	825	789
825	863	789
702	763	790
763	918	790
715	824	767
767	563	715
740	872	830
830	792	740
830	913	792
913	905	792
913	956	905
956	1119	905
1119	1106	905
1119	1314	1106
1314	1349	1106
1349	1107	1106
1107	1028	1106
1107	1179	1028
1314	1368	1349
1368	1500	1349
1368	1585	1500
913	830	956
740	801	872
754	855	799
781	782	912
912	868	781
912	961	868
912	989	961
989	1143	961
1143	971	961
1143	1168	971
989	1080	1143
786	847	833
847	854	833
847	933	854
798	841	812
811	945	920
813	885	921
816	1044	886
886	727	816
886	876	727
876	857	727
876	1002	857
1002	915	857
876	886	1002
886	1055	1002
1055	1059	1002
1059	1120	1002
886	1044	1055
831	832	894
832	977	894
977	1029	894
832	932	977
898	948	1011
948	1170	1011
948	925	1170
925	1052	1170
1052	1183	1170
1183	1260	1170
948	806	925
901	967	937
937	912	901
967	1054	937
967	1065	1054
1065	1151	1054
1151	1080	1054
1065	1133	1151
1133	1253	1151
1253	1211	1151
1253	1236	1211
1253	1382	1236
1253	1332	1382
1332	1417	1382
1417	1517	1382
1517	1408	1382
1517	1534	1408
1517	1566	1534
1566	1647	1534
1647	1557	1534
1647	1603	1557
1647	1648	1603
1647	1786	1648
1517	1417	1566
1332	1312	1417
1312	1420	1417
1312	1302	1420
1312	1242	1302
1242	1204	1302
1204	1210	1302
1210	1334	1302
1210	1184	1334
1184	1360	1334
1184	1257	1360
1257	1359	1360
1359	1386	1360
1359	1459	1386
1359	1366	1459
1359	1246	1366
1246	1198	1366
1359	1257	1246
1184	1104	1257
1210	1118	1184
1210	1204	1118
1312	1332	1242
1332	1250	1242
1250	1163	1242
1250	1124	1163
1250	1133	1124
1133	1065	1124
1250	1253	1133
1250	1332	1253
907	922	994
914	1018	916
957	1072	1051
975	999	1036
1036	1058	975
1036	1166	1058
1166	1238	1058
1238	1220	1058
1166	1284	1238
1284	1309	1238
1284	1424	1309
985	1079	1148
1079	1162	1148
1079	1224	1162
988	1132	1075
1132	1159	1075
1159	1057	1075
1132	1241	1159
998	1043	1116
1043	1034	1116
1026	1200	1144
1200	1232	1144
1232	1289	1144
1200	1283	1232
1283	1353	1232
1200	1252	1283
1027	1152	1128
1030	1268	1149
1149	920	1030
1268	1310	1149
1310	1316	1149
1033	1086	1173
1086	1171	1173
1171	1319	1173
1171	1180	1319
1180	1270	1319
1180	1169	1270
1169	1229	1270
1229	1267	1270
1267	1395	1270
1395	1442	1270
1395	1408	1442
1229	1168	1267
1229	1169	1168
1169	1086	1168
1169	1171	1086
1169	1180	1171
1037	1146	1102
1102	1018	1037
1102	1139	1018
1139	1053	1018
1139	1087	1053
1050	1084	1131
1050	933	1084
933	1112	1084
1112	1239	1084
1112	1227	1239
1227	1321	1239
1112	1165	1227
1112	1117	1165
1117	1092	1165
1117	1083	1092
1083	1074	1092
1117	1112	1083
1070	1218	1240
1082	1269	1233
1091	1248	1247
1094	1306	1098
1101	1311	1154
1311	1255	1154
1255	1136	1154
1311	1347	1255
1105	1160	1175
1172	1274	1333
1274	1383	1333
1383	1505	1333
1274	1513	1383
1274	1428	1513
1177	1358	1296
1186	1187	1293
1194	1209	1221
1194	1158	1209
1222	1266	1263
1266	1337	1263
1337	1256	1263
1266	1486	1337
1266	1418	1486
1222	1161	1266
1237	1410	1388
1410	1527	1388
1410	1451	1527
1451	1457	1527
1451	1410	1457
1259	1355	1372
1372	1269	1259
1372	1371	1269
1355	1446	1372
1355	1445	1446
1445	1522	1446
1355	1448	1445
1272	1348	1299
1272	1352	1348
1352	1364	1348
1352	1335	1364
1335	1419	1364
1273	1326	1345
1326	1377	1345
1377	1472	1345
1281	1412	1288
1288	1131	1281
1412	1339	1288
1412	1399	1339
1292	1338	1327
1338	1344	1327
1295	1491	1361
1491	1507	1361
1507	1510	1361
1510	1496	1361
1496	1389	1361
1496	1415	1389
1510	1591	1496
1591	1567	1496
1591	1687	1567
1591	1619	1687
1591	1510	1619
1510	1507	1619
1303	1422	1473
1304	1318	1323
1323	1397	1304
1313	1379	1407
1379	1600	1407
1315	1367	1385
1367	1441	1385
1367	1399	1441
1329	1427	1373
1427	1405	1373
1427	1463	1405
1463	1435	1405
1463	1593	1435
1329	1388	1427
1330	1357	1392
1357	1456	1392
1456	1460	1392
1460	1330	1392
1460	1478	1330
1460	1602	1478
1602	1605	1478
1460	1456	1602
1341	1485	1402
1485	1471	1402
1471	1448	1402
1471	1592	1448
1485	1708	1471
1343	1470	1421
1470	1514	1421
1346	1378	1362
1346	1409	1378
1378	1429	1362
1356	1437	1493
1374	1380	1425
1374	1334	1380
1425	1390	1374
1401	1430	1433
1430	1483	1433
1416	1558	1569
1558	1625	1569
1625	1559	1569
1432	1524	1638
1524	1630	1638
1524	1535	1630
1535	1526	1630
1526	1598	1630
1598	1760	1630
1598	1735	1760
1735	1811	1760
1735	1805	1811
1735	1761	1805
1761	1784	1805
1784	1869	1805
1784	1823	1869
1823	1970	1869
1970	1941	1869
1970	2006	1941
2006	1987	1941
1987	1905	1941
2006	2036	1987
2036	2096	1987
2036	2107	2096
2107	2241	2096
2241	2152	2096
2241	2266	2152
2266	2162	2152
2266	2356	2162
2266	2457	2356
2036	2041	2107
2041	2040	2107
2040	2143	2107
2040	1985	2143
1985	2011	2143
2041	1970	2040
2041	2006	1970
2041	2036	2006
1784	1761	1823
1761	1690	1823
1690	1799	1823
1735	1617	1761
1735	1598	1617
1526	1455	1598
1535	1524	1526
1434	1503	1547
1503	1656	1547
1438	1627	1541
1627	1666	1541
1666	1757	1541
1627	1779	1666
1627	1581	1779
1581	1633	1779
1633	1803	1779
1803	1864	1779
1864	1916	1779
1916	1851	1779
1916	1988	1851
1916	2025	1988
2025	2142	1988
2142	2141	1988
2025	2127	2142
2127	2282	2142
1581	1580	1633
1580	1522	1633
1580	1371	1522
1580	1581	1371
1581	1438	1371
1581	1627	1438
1440	1512	1545
1512	1550	1545
1464	1469	1542
1542	1546	1464
1546	1530	1464
1530	1466	1464
1530	1480	1466
1530	1536	1480
1536	1515	1480
1536	1621	1515
1621	1520	1515
1621	1565	1520
1621	1635	1565
1635	1577	1565
1635	1719	1577
1719	1623	1577
1468	1529	1713
1713	1650	1468
1650	1525	1468
1650	1612	1525
1475	1532	1576
1475	1658	1532
1658	1684	1532
1684	1631	1532
1631	1576	1532
1631	1688	1576
1688	1599	1576
1688	1654	1599
1654	1620	1599
1688	1678	1654
1631	1682	1688
1682	1700	1688
1682	1727	1700
1682	1752	1727
1752	1838	1727
1752	1777	1838
1777	1911	1838
1911	1917	1838
1917	1952	1838
1917	1984	1952
1984	1996	1952
1996	1956	1952
1996	2102	1956
2102	2034	1956
2034	1902	1956
2034	1983	1902
1983	1926	1902
1983	1995	1926
1995	1857	1926
1995	1848	1857
1848	1764	1857
1983	2069	1995
1996	2190	2102
2190	2289	2102
2289	2263	2102
2289	2427	2263
2427	2251	2263
2427	2390	2251
2390	2354	2251
2354	2298	2251
2298	2271	2251
2271	2247	2251
2247	2069	2251
2247	2226	2069
2247	2208	2226
2247	2275	2208
2275	2201	2208
2427	2512	2390
2512	2477	2390
2512	2555	2477
2512	2669	2555
2512	2740	2669
2740	2806	2669
2740	2771	2806
2771	2841	2806
2841	2868	2806
2841	2851	2868
2851	2994	2868
2851	3017	2994
3017	3073	2994
3073	3110	2994
2427	2468	2512
2427	2289	2468
1996	1984	2190
1984	2207	2190
2207	2236	2190
2236	2259	2190
2236	2240	2259
2236	2207	2240
2207	2172	2240
1917	1911	1984
1777	1856	1911
1777	1807	1856
1777	1685	1807
1685	1703	1807
1703	1755	1807
1755	1774	1807
1755	1702	1774
1702	1640	1774
1640	1819	1774
1702	1477	1640
1477	1505	1640
1505	1655	1640
1702	1686	1477
1702	1703	1686
1703	1555	1686
1703	1685	1555
1685	1658	1555
1685	1684	1658
1685	1752	1684
1752	1631	1684
1752	1682	1631
1685	1777	1752
1702	1755	1703
1476	1614	1609
1479	1584	1556
1487	1492	1709
1492	1711	1709
1711	1766	1709
1766	1862	1709
1766	1907	1862
1907	1895	1862
1895	1859	1862
1907	2042	1895
1907	2080	2042
1766	1728	1907
1766	1711	1728
1711	1548	1728
1548	1677	1728
1677	1812	1728
1711	1492	1548
1709	1587	1487
1587	1504	1487
1506	1652	1637
1518	1671	1649
1521	1572	1588
1523	1544	1549
1544	1601	1549
1544	1561	1601
1531	1618	1661
1618	1714	1661
1714	1780	1661
1780	1733	1661
1733	1692	1661
1692	1531	1661
1692	1701	1531
1701	1586	1531
1586	1527	1531
1701	1717	1586
1701	1791	1717
1791	1815	1717
1815	1751	1717
1751	1608	1717
1751	1715	1608
1715	1597	1608
1751	1775	1715
1751	1815	1775
1815	1910	1775
1815	1933	1910
1933	1958	1910
1933	2035	1958
2035	2105	1958
2035	2085	2105
1815	1827	1933
1815	1791	1827
1692	1733	1701
1618	1653	1714
1540	1568	1554
1540	1605	1568
1551	1680	1560
1680	1736	1560
1551	1473	1680
1562	1705	1693
1693	1679	1562
1693	1738	1679
1738	1672	1679
1738	1802	1672
1802	1668	1672
1693	1705	1738
1583	1745	1615
1745	1707	1615
1707	1675	1615
1675	1596	1615
1596	1472	1615
1596	1467	1472
1675	1669	1596
1675	1832	1669
1832	1868	1669
1868	1691	1669
1675	1707	1832
1707	1745	1832
1745	1781	1832
1590	1737	1798
1798	1790	1590
1790	1655	1590
1606	1742	1676
1676	1626	1606
1606	1748	1742
1748	1768	1742
1610	1622	1725
1610	1493	1622
1610	1495	1493
1611	1646	1645
1611	1659	1646
1616	1792	1739
1792	1810	1739
1624	1651	1704
1628	1731	1683
1643	1804	1758
1644	1746	1783
1665	1706	1699
1716	1840	1785
1840	1873	1785
1873	1886	1785
1886	1948	1785
1840	1897	1873
1840	1826	1897
1826	1874	1897
1826	1797	1874
1724	1747	1813
1724	1676	1747
1747	1809	1813
1809	1867	1813
1813	1772	1724
1729	1743	1836
1741	1861	1754
1744	1762	1750
1744	1795	1762
1795	1976	1762
1795	1962	1976
1962	2007	1976
2007	2003	1976
2007	2166	2003
2166	2204	2003
2166	2237	2204
2166	2261	2237
2261	2294	2237
2166	2215	2261
2166	2007	2215
1750	1696	1744
1750	1773	1696
1756	1769	1765
1769	1841	1765
1841	1853	1765
1769	1940	1841
1940	2015	1841
1940	2004	2015
1940	1953	2004
1953	2093	2004
1953	1929	2093
1929	2009	2093
2009	2112	2093
2112	2130	2093
2130	2184	2093
2112	2322	2130
2112	2206	2322
2206	2374	2322
2206	2314	2374
2206	2134	2314
2112	2120	2206
2112	2009	2120
1929	1936	2009
1936	2018	2009
1929	1804	1936
1929	1877	1804
1929	1953	1877
1765	1605	1756
1767	1831	1870
1870	1800	1767
1771	1881	1787
1881	1876	1787
1881	2017	1876
1881	1892	2017
1881	1771	1892
1776	1965	1930
1965	2063	1930
1965	2047	2063
2047	2087	2063
1776	1876	1965
1796	1906	1891
1906	1955	1891
1906	1973	1955
1906	1918	1973
1918	2001	1973
1918	1887	2001
1887	1889	2001
1808	1855	1919
1816	1896	1817
1817	1736	1816
1817	1673	1736
1818	1927	1860
1927	1945	1860
1945	1920	1860
1920	1825	1860
1825	1818	1860
1830	1991	1847
1835	1903	1915
1915	1923	1835
1923	1786	1835
1839	1878	1885
1878	1893	1885
1893	1972	1885
1893	1896	1972
1896	2049	1972
2049	2067	1972
2049	2175	2067
1852	2002	1865
2002	1934	1865
1852	1997	2002
1997	2046	2002
1997	2123	2046
2123	2077	2046
2123	2165	2077
2165	2155	2077
2155	2094	2077
2155	2145	2094
2145	2016	2094
2145	2100	2016
2145	2168	2100
2145	2155	2168
2123	2200	2165
2123	2088	2200
2088	2071	2200
2088	2054	2071
2054	2045	2071
2054	2022	2045
2054	1981	2022
2054	2088	1981
2088	2123	1981
2123	1997	1981
1863	1999	1939
1939	1812	1863
1999	2061	1939
2061	2080	1939
2061	2229	2080
2061	2074	2229
2074	2147	2229
2061	1999	2074
1866	1931	1909
1909	1809	1866
1871	1967	1951
1967	2012	1951
2012	2039	1951
2039	1960	1951
2039	1994	1960
1994	1982	1960
1982	1899	1960
2039	2076	1994
2076	2055	1994
2012	2113	2039
2012	2060	2113
2012	1967	2060
1967	2013	2060
1883	1968	1925
1884	1943	2050
1888	2024	1975
1898	1974	1924
1974	1963	1924
1974	2057	1963
2057	2075	1963
2057	2084	2075
2084	2133	2075
2084	2255	2133
2255	2280	2133
2280	2283	2133
2280	2421	2283
2421	2353	2283
2421	2483	2353
2421	2449	2483
2449	2579	2483
2579	2597	2483
2597	2498	2483
2579	2690	2597
2690	2715	2597
2715	2689	2597
2715	2767	2689
2767	2711	2689
2767	2744	2711
2744	2725	2711
2744	2765	2725
2744	2846	2765
2846	2814	2765
2744	2767	2846
2690	2766	2715
2690	2752	2766
2690	2755	2752
2280	2255	2421
2255	2415	2421
2255	2268	2415
2268	2438	2415
2255	2234	2268
2255	2084	2234
2084	2057	2234
1921	2086	2082
2086	2115	2082
2115	2083	2082
2115	2159	2083
2159	2122	2083
2115	2211	2159
2115	2173	2211
2173	2323	2211
2323	2303	2211
2173	2366	2323
2173	2180	2366
2173	2086	2180
2086	2160	2180
2173	2115	2086
1922	2029	1961
1942	1993	2032
1942	1810	1993
1810	2037	1993
1993	2114	2032
1944	2031	2073
1978	2005	2121
1980	2161	2028
1980	2066	2161
2066	2256	2161
2256	2284	2161
2284	2291	2161
2284	2450	2291
2450	2447	2291
2066	2099	2256
2099	2327	2256
2066	2023	2099
2023	2029	2099
2066	2014	2023
1989	2010	2104
2010	2052	2104
2008	2020	2151
2053	2213	2138
2213	2179	2138
2213	2257	2179
2056	2212	2265
2070	2078	2116
2116	2095	2070
2116	2272	2095
2116	2239	2272
2116	2078	2239
2070	1968	2078
2072	2081	2154
2081	2258	2154
2079	2125	2140
2079	2109	2125
2090	2106	2156
2103	2248	2135
2135	2001	2103
2248	2295	2135
2248	2396	2295
2248	2420	2396
2248	2328	2420
2328	2524	2420
2524	2505	2420
2248	2103	2328
2111	2197	2194
2194	2024	2111
2194	2192	2024
2192	2146	2024
2119	2301	2278
2301	2302	2278
2302	2371	2278
2302	2301	2371
2301	2324	2371
2324	2464	2371
2464	2519	2371
2324	2407	2464
2407	2441	2464
2441	2578	2464
2407	2367	2441
2407	2340	2367
2407	2324	2340
2324	2296	2340
2324	2301	2296
2301	2119	2296
2132	2273	2137
2132	2204	2273
2136	2216	2188
2216	2209	2188
2216	2370	2209
2370	2333	2209
2139	2177	2321
2177	2365	2321
2365	2432	2321
2432	2351	2321
2432	2408	2351
2432	2444	2408
2444	2438	2408
2444	2646	2438
2365	2448	2432
2448	2611	2432
2448	2528	2611
2448	2499	2528
2499	2582	2528
2582	2609	2528
2177	2184	2365
2149	2170	2230
2170	2195	2230
2163	2310	2203
2167	2191	2285
2171	2232	2235
2176	2198	2286
2186	2227	2225
2225	2199	2186
2227	2267	2225
2227	2325	2267
2186	2121	2227
2187	2349	2344
2187	2245	2349
2245	2392	2349
2193	2220	2221
2220	2299	2221
2220	2249	2299
2249	2295	2299
2295	2329	2299
2220	2219	2249
2219	2218	2249
2219	2147	2218
2219	2220	2147
2220	2193	2147
2202	2293	2290
2202	2244	2293
2244	2331	2293
2331	2439	2293
2439	2306	2293
2306	2290	2293
2306	2307	2290
2439	2496	2306
2439	2487	2496
2214	2379	2319
2319	2281	2214
2214	2361	2379
2361	2479	2379
2361	2345	2479
2345	2326	2479
2223	2277	2387
2277	2357	2387
2357	2414	2387
2414	2443	2387
2443	2406	2387
2443	2440	2406
2440	2360	2406
2440	2437	2360
2437	2368	2360
2368	2260	2360
2437	2476	2368
2476	2382	2368
2476	2507	2382
2507	2453	2382
2476	2562	2507
2476	2616	2562
2476	2440	2616
2440	2443	2616
2476	2437	2440
2414	2644	2443
2414	2618	2644
2618	2745	2644
2618	2625	2745
2625	2726	2745
2726	2891	2745
2891	2885	2745
2885	2664	2745
2885	2822	2664
2885	2987	2822
2987	2793	2822
2987	2906	2793
2987	3071	2906
3071	3139	2906
3139	2967	2906
2967	2849	2906
2967	3008	2849
3008	3019	2849
3019	2869	2849
3019	2989	2869
2989	2970	2869
2989	3004	2970
2989	3112	3004
2989	3128	3112
2989	3130	3128
3130	3176	3128
2989	3019	3130
3071	3157	3139
3071	2997	3157
2997	3221	3157
2997	3178	3221
3178	3249	3221
3249	3362	3221
3249	3404	3362
3249	3241	3404
3241	3300	3404
3300	3481	3404
3300	3457	3481
3457	3591	3481
3591	3592	3481
3591	3615	3592
3591	3636	3615
3591	3457	3636
3241	3178	3300
3241	3249	3178
2997	2963	3178
2963	2983	3178
2963	2891	2983
2891	2988	2983
2891	2823	2988
2891	2726	2823
2963	2885	2891
2963	2997	2885
2997	2987	2885
2997	3071	2987
2618	2583	2625
2583	2556	2625
2618	2414	2583
2224	2312	2246
2228	2435	2431
2243	2264	2269
2269	2326	2243
2269	2264	2326
2250	2274	2279
2250	2229	2274
2253	2442	2276
2254	2348	2343
2348	2400	2343
2400	2428	2343
2428	2402	2343
2402	2342	2343
2402	2446	2342
2402	2520	2446
2402	2458	2520
2458	2516	2520
2458	2480	2516
2458	2400	2480
2400	2424	2480
2424	2523	2480
2424	2463	2523
2424	2389	2463
2389	2377	2463
2377	2485	2463
2424	2348	2389
2424	2400	2348
2458	2428	2400
2458	2402	2428
2262	2297	2332
2332	2355	2262
2332	2383	2355
2332	2297	2383
2297	2300	2383
2308	2385	2359
2320	2376	2558
2320	2175	2376
2175	2339	2376
2339	2416	2376
2416	2544	2376
2544	2558	2376
2544	2674	2558
2674	2622	2558
2622	2501	2558
2622	2573	2501
2573	2469	2501
2339	2375	2416
2375	2372	2416
2372	2554	2416
2554	2529	2416
2334	2350	2433
2334	2275	2350
2334	2156	2275
2433	2506	2334
2433	2568	2506
2568	2692	2506
2692	2717	2506
2717	2515	2506
2717	2716	2515
2716	2559	2515
2717	2879	2716
2717	2959	2879
2959	3018	2879
2959	3182	3018
3182	3057	3018
3182	3078	3057
3182	3106	3078
3182	3153	3106
3153	3163	3106
3153	3200	3163
3200	3258	3163
3258	3204	3163
3258	3370	3204
3370	3352	3204
3370	3522	3352
3522	3495	3352
3522	3595	3495
3595	3669	3495
3595	3673	3669
3673	3805	3669
3805	3826	3669
3595	3627	3673
3627	3651	3673
3627	3652	3651
3595	3522	3627
3258	3298	3370
3258	3296	3298
3153	3182	3200
3182	3354	3200
2717	2854	2959
2717	2692	2854
2347	2451	2404
2451	2467	2404
2451	2513	2467
2513	2691	2467
2513	2571	2691
2571	2653	2691
2653	2679	2691
2679	2786	2691
2786	2759	2691
2786	2843	2759
2653	2637	2679
2653	2552	2637
2552	2557	2637
2552	2494	2557
2352	2456	2410
2456	2434	2410
2456	2472	2434
2352	2481	2456
2481	2605	2456
2481	2538	2605
2364	2429	2471
2429	2492	2471
2492	2580	2471
2580	2540	2471
2540	2533	2471
2533	2370	2471
2540	2596	2533
2596	2585	2533
2585	2490	2533
2585	2586	2490
2586	2491	2490
2491	2398	2490
2586	2614	2491
2586	2603	2614
2586	2585	2603
2585	2596	2603
2596	2635	2603
2635	2800	2603
2635	2811	2800
2580	2628	2540
2580	2704	2628
2704	2736	2628
2704	2751	2736
2704	2702	2751
2702	2789	2751
2702	2832	2789
2832	2901	2789
2832	2934	2901
2832	2890	2934
2832	2861	2890
2861	2941	2890
2702	2654	2832
2654	2639	2832
2702	2613	2654
2613	2492	2654
2613	2580	2492
2613	2704	2580
2613	2702	2704
2369	2409	2394
2409	2388	2394
2369	2445	2409
2369	2380	2445
2373	2535	2478
2384	2522	2536
2403	2517	2497
2418	2549	2541
2452	2484	2482
2454	2599	2526
2459	2569	2550
2569	2595	2550
2466	2553	2518
2470	2602	2475
2602	2621	2475
2493	2656	2511
2511	2442	2493
2511	2422	2442
2656	2615	2511
2656	2671	2615
2656	2698	2671
2500	2575	2542
2575	2630	2542
2630	2574	2542
2574	2450	2542
2630	2665	2574
2630	2695	2665
2695	2760	2665
2695	2865	2760
2865	2858	2760
2695	2787	2865
2542	2327	2500
2327	2336	2500
2503	2504	2629
2503	2329	2504
2504	2701	2629
2701	2706	2629
2701	2839	2706
2839	2788	2706
2839	2931	2788
2931	2951	2788
2931	2972	2951
2972	3021	2951
3021	3067	2951
3067	2962	2951
2972	3147	3021
2972	2931	3147
2839	2883	2931
2839	2701	2883
2504	2505	2701
2509	2651	2612
2651	2737	2612
2737	2743	2612
2651	2670	2737
2509	2453	2651
2510	2598	2601
2525	2584	2539
2525	2749	2584
2749	2810	2584
2810	2700	2584
2700	2539	2584
2810	2797	2700
2530	2572	2594
2594	2634	2530
2572	2649	2594
2572	2607	2649
2607	2624	2649
2607	2595	2624
2531	2705	2648
2705	2761	2648
2705	2784	2761
2784	2847	2761
2784	2919	2847
2919	2969	2847
2969	2965	2847
2969	3027	2965
3027	3088	2965
3088	3063	2965
3063	2957	2965
3063	3034	2957
3034	2960	2957
3027	3133	3088
3027	3016	3133
3027	2921	3016
2921	2950	3016
2921	2877	2950
2921	2919	2877
2919	2784	2877
2784	2739	2877
2784	2705	2739
2705	2671	2739
2921	2969	2919
2921	3027	2969
2532	2730	2551
2534	2638	2661
2638	2763	2661
2638	2570	2763
2570	2623	2763
2661	2668	2534
2661	2738	2668
2738	2791	2668
2791	2780	2668
2791	2946	2780
2946	2862	2780
2946	3023	2862
3023	2992	2862
3023	3072	2992
3072	3058	2992
3072	3134	3058
3134	3243	3058
3243	3075	3058
3243	3213	3075
3243	3293	3213
3293	3231	3213
3243	3446	3293
3446	3454	3293
3243	3443	3446
3072	3023	3134
3023	3184	3134
3023	3101	3184
3101	3234	3184
3234	3342	3184
3023	2946	3101
2946	2945	3101
2945	3096	3101
3096	3118	3101
3118	3224	3101
2945	2979	3096
2945	2936	2979
2547	2560	2633
2548	2666	2676
2676	2578	2548
2566	2720	2627
2566	2587	2720
2587	2748	2720
2606	2805	2712
2805	2804	2712
2804	2779	2712
2779	2871	2712
2805	2952	2804
2610	2708	2632
2708	2727	2632
2708	2802	2727
2802	2821	2727
2802	2935	2821
2802	2923	2935
2923	2985	2935
2985	3014	2935
2985	3009	3014
2985	2923	3009
2708	2871	2802
2619	2709	2713
2641	2734	2750
2734	2881	2750
2881	2907	2750
2907	2949	2750
2949	2758	2750
2907	3005	2949
3005	2998	2949
3005	3059	2998
3005	3132	3059
3132	3108	3059
3132	3229	3108
3229	3230	3108
3229	3339	3230
3339	3303	3230
3303	3304	3230
3303	3338	3304
3338	3392	3304
3338	3494	3392
3338	3339	3494
3338	3303	3339
3229	3331	3339
3229	3273	3331
3273	3283	3331
3283	3411	3331
3273	3255	3283
3255	3217	3283
3229	3180	3273
3229	3132	3180
2907	2958	3005
2907	2881	2958
2881	2845	2958
2881	2801	2845
2801	2764	2845
2801	2734	2764
2734	2634	2764
2801	2881	2734
2642	2682	2697
2682	2746	2697
2650	2842	2785
2842	2925	2785
2842	3046	2925
3046	3047	2925
3047	3037	2925
3047	3138	3037
3046	3245	3047
2652	2819	2864
2819	2929	2864
2929	2961	2864
2961	2892	2864
2961	3123	2892
3123	3082	2892
2659	2733	2875
2875	2686	2659
2875	2904	2686
2904	2856	2686
2856	2694	2686
2856	2859	2694
2856	2991	2859
2856	2904	2991
2683	2840	2685
2683	2826	2840
2688	2723	2724
2724	2575	2688
2699	2878	2757
2703	2884	2870
2884	2966	2870
2966	2973	2870
2707	2795	2873
2722	2768	2790
2768	2943	2790
2943	2908	2790
2908	2794	2790
2794	2783	2790
2794	2908	2783
2908	2817	2783
2908	2942	2817
2908	3100	2942
3100	3119	2942
2908	2981	3100
2981	3036	3100
3036	3174	3100
2981	2943	3036
2981	2908	2943
2768	2809	2943
2809	2938	2943
2809	2831	2938
2831	2968	2938
2731	2808	2816
2772	2799	2825
2799	2905	2825
2905	2995	2825
2995	2954	2825
2799	2837	2905
2837	2836	2905
2837	2814	2836
2781	2902	2933
2902	2948	2933
2902	2887	2948
2887	2898	2948
2898	3003	2948
3003	3137	2948
3003	3190	3137
3190	3191	3137
3191	3235	3137
3191	3292	3235
3191	3190	3292
2898	2971	3003
2902	2838	2887
2933	2927	2781
2792	2874	2828
2874	2910	2828
2792	2853	2874
2853	2893	2874
2853	2815	2893
2815	2956	2893
2956	3030	2893
2956	3050	3030
2853	2792	2815
2807	2937	2827
2937	2913	2827
2807	2928	2937
2812	2813	2916
2860	2977	3001
2866	3002	3028
3028	2979	2866
3002	3069	3028
3069	3113	3028
3069	3136	3113
3069	3102	3136
3102	3263	3136
2872	2894	2999
2999	2977	2872
2999	3048	2977
2876	3105	3015
3015	2875	2876
3105	3077	3015
3077	3124	3015
2886	2964	2984
2964	3193	2984
2888	2897	2940
2897	3041	2940
2900	3043	3056
3043	3080	3056
3080	3086	3056
3080	3222	3086
3080	3104	3222
3104	3205	3222
3205	3254	3222
3080	3043	3104
2909	2932	2976
2976	2911	2909
2976	3061	2911
2917	3006	2944
2920	2975	2990
2939	2947	3070
2947	3079	3070
3079	3162	3070
3162	3149	3070
3079	3107	3162
3107	3154	3162
2953	3051	3039
3051	3140	3039
2974	3010	2996
2978	3114	3150
3114	3189	3150
3114	3141	3189
3141	3239	3189
3239	3346	3189
3239	3312	3346
3312	3493	3346
3493	3471	3346
3471	3310	3346
3493	3599	3471
3599	3463	3471
3599	3685	3463
3312	3502	3493
3502	3585	3493
3502	3568	3585
3502	3453	3568
3453	3509	3568
3509	3566	3568
3566	3742	3568
3566	3732	3742
3732	3788	3742
3732	3843	3788
3732	3870	3843
3566	3644	3732
3566	3509	3644
3453	3332	3509
3332	3286	3509
3332	3240	3286
3332	3311	3240
3311	3312	3240
3312	3239	3240
3239	3160	3240
3239	3141	3160
3311	3453	3312
3453	3502	3312
3311	3332	3453
3031	3152	3171
3042	3131	3210
3054	3083	3228
3083	3183	3228
3183	3341	3228
3183	3287	3341
3287	3410	3341
3287	3340	3410
3340	3324	3410
3340	3287	3324
3183	3115	3287
3228	3284	3054
3062	3064	3090
3064	3093	3090
3062	2934	3064
3066	3129	3103
3129	3121	3103
3084	3145	3148
3084	3201	3145
3201	3148	3145
3085	3126	3208
3087	3216	3197
3089	3270	3122
3122	2976	3089
3270	3261	3122
3270	3398	3261
3270	3198	3398
3198	3425	3398
3425	3580	3398
3425	3542	3580
3542	3708	3580
3425	3473	3542
3270	3089	3198
3094	3135	3187
3095	3289	3209
3289	3367	3209
3289	3503	3367
3503	3496	3367
3496	3469	3367
3496	3647	3469
3647	3474	3469
3647	3633	3474
3633	3582	3474
3633	3623	3582
3647	3656	3633
3656	3858	3633
3858	3913	3633
3858	3915	3913
3656	3647	3858
3647	3763	3858
3647	3496	3763
3095	3267	3289
3142	3167	3260
3159	3227	3290
3159	3235	3227
3235	3244	3227
3244	3290	3227
3244	3348	3290
3348	3366	3290
3366	3266	3290
3266	3159	3290
3266	3173	3159
3348	3431	3366
3431	3464	3366
3431	3488	3464
3488	3526	3464
3488	3524	3526
3524	3639	3526
3524	3618	3639
3618	3631	3639
3631	3758	3639
3758	3653	3639
3758	3784	3653
3784	3662	3653
3662	3619	3653
3619	3573	3653
3619	3575	3573
3575	3548	3573
3548	3466	3573
3548	3476	3466
3476	3385	3466
3385	3394	3466
3385	3265	3394
3476	3450	3385
3450	3353	3385
3353	3277	3385
3450	3430	3353
3430	3251	3353
3430	3424	3251
3424	3409	3251
3409	3383	3251
3383	3223	3251
3383	3364	3223
3364	3211	3223
3211	3119	3223
3211	3170	3119
3170	3120	3119
3211	3307	3170
3307	3263	3170
3307	3418	3263
3307	3406	3418
3406	3448	3418
3406	3508	3448
3508	3512	3448
3508	3590	3512
3590	3654	3512
3654	3561	3512
3561	3510	3512
3654	3655	3561
3655	3717	3561
3655	3752	3717
3752	3807	3717
3807	3741	3717
3741	3689	3717
3807	3819	3741
3807	3818	3819
3818	3928	3819
3818	3941	3928
3818	3946	3941
3946	4046	3941
3946	4026	4046
3818	3752	3946
3818	3807	3752
3655	3654	3752
3654	3702	3752
3654	3660	3702
3660	3675	3702
3660	3590	3675
3590	3567	3675
3590	3508	3567
3508	3532	3567
3508	3406	3532
3406	3439	3532
3439	3525	3532
3439	3505	3525
3439	3409	3505
3409	3449	3505
3449	3537	3505
3449	3555	3537
3449	3519	3555
3519	3613	3555
3613	3690	3555
3613	3703	3690
3703	3768	3690
3768	3793	3690
3793	3772	3690
3793	3841	3772
3793	3907	3841
3907	3976	3841
3907	4014	3976
4014	4061	3976
4061	4062	3976
4062	4082	3976
4062	4122	4082
4122	4130	4082
4122	4228	4130
4228	4238	4130
4238	4227	4130
4227	4165	4130
4165	4136	4130
4238	4271	4227
4271	4266	4227
4271	4323	4266
4323	4287	4266
4323	4358	4287
4358	4301	4287
4301	4156	4287
4301	4298	4156
4298	4206	4156
4206	4106	4156
4106	4113	4156
4206	4134	4106
4134	4093	4106
4206	4179	4134
4206	4244	4179
4244	4262	4179
4244	4312	4262
4312	4295	4262
4295	4320	4262
4320	4225	4262
4320	4308	4225
4308	4256	4225
4256	4198	4225
4198	4160	4225
4198	4170	4160
4170	4141	4160
4170	4111	4141
4308	4340	4256
4308	4400	4340
4400	4435	4340
4435	4393	4340
4393	4357	4340
4357	4261	4340
4357	4249	4261
4249	4212	4261
4249	4223	4212
4357	4395	4249
4357	4449	4395
4449	4439	4395
4439	4398	4395
4439	4460	4398
4460	4319	4398
4319	4240	4398
4240	4204	4398
4240	4155	4204
4240	4275	4155
4275	4185	4155
4275	4284	4185
4284	4285	4185
4285	4242	4185
4285	4321	4242
4321	4289	4242
4321	4383	4289
4383	4334	4289
4334	4263	4289
4334	4250	4263
4383	4475	4334
4383	4422	4475
4383	4321	4422
4321	4394	4422
4240	4326	4275
4240	4319	4326
4319	4460	4326
4439	4510	4460
4439	4479	4510
4479	4603	4510
4603	4596	4510
4596	4570	4510
4596	4620	4570
4620	4640	4570
4640	4604	4570
4604	4579	4570
4604	4648	4579
4648	4641	4579
4648	4709	4641
4709	4639	4641
4709	4720	4639
4720	4715	4639
4715	4607	4639
4607	4575	4639
4715	4670	4607
4715	4703	4670
4703	4732	4670
4732	4612	4670
4732	4690	4612
4715	4723	4703
4723	4782	4703
4723	4715	4782
4715	4810	4782
4810	4803	4782
4810	4865	4803
4810	4842	4865
4842	4926	4865
4842	4874	4926
4874	4925	4926
4925	4980	4926
4980	4961	4926
4980	4981	4961
4981	4968	4961
4981	5009	4968
5009	5007	4968
5009	5039	5007
5039	5032	5007
5032	5022	5007
5022	4989	5007
5022	4987	4989
4987	4930	4989
5032	5054	5022
5054	5037	5022
5054	5065	5037
5065	5063	5037
5063	5035	5037
5035	5014	5037
5014	4993	5037
4993	4987	5037
5014	4985	4993
5014	4994	4985
4994	4933	4985
4933	4911	4985
4933	4867	4911
4867	4864	4911
4864	4861	4911
4933	4889	4867
4889	4830	4867
4830	4826	4867
4830	4780	4826
4780	4770	4826
4830	4814	4780
4830	4869	4814
4869	4794	4814
4794	4739	4814
4739	4697	4814
4739	4700	4697
4739	4706	4700
4706	4638	4700
4706	4680	4638
4680	4676	4638
4676	4574	4638
4574	4494	4638
4494	4458	4638
4574	4483	4494
4574	4545	4483
4574	4617	4545
4617	4590	4545
4617	4718	4590
4718	4711	4590
4718	4737	4711
4737	4727	4711
4727	4724	4711
4727	4752	4724
4752	4751	4724
4727	4853	4752
4727	4737	4853
4737	4852	4853
4852	4898	4853
4852	4946	4898
4852	4923	4946
4923	4948	4946
4948	4957	4946
4957	4992	4946
4992	4984	4946
4992	4969	4984
4969	4917	4984
4969	4971	4917
4969	5031	4971
5031	5003	4971
5003	4958	4971
5003	5000	4958
5000	4954	4958
4954	4876	4958
4954	4936	4876
4936	4915	4876
4915	4843	4876
4843	4796	4876
4796	4765	4876
4765	4786	4876
4786	4844	4876
4786	4833	4844
4833	4850	4844
4833	4808	4850
4808	4822	4850
4822	4751	4850
4822	4717	4751
4833	4786	4808
4765	4692	4786
4765	4694	4692
4694	4659	4692
4659	4626	4692
4626	4652	4692
4765	4740	4694
4765	4796	4740
4796	4787	4740
4787	4800	4740
4800	4698	4740
4787	4858	4800
4858	4829	4800
4829	4743	4800
4829	4821	4743
4821	4736	4743
4736	4666	4743
4736	4662	4666
4662	4621	4666
4621	4654	4666
4621	4635	4654
4635	4698	4654
4635	4636	4698
4635	4594	4636
4594	4586	4636
4586	4659	4636
4594	4526	4586
4526	4500	4586
4500	4547	4586
4547	4566	4586
4547	4473	4566
4547	4500	4473
4500	4454	4473
4500	4526	4454
4526	4411	4454
4526	4501	4411
4501	4379	4411
4501	4493	4379
4493	4386	4379
4386	4328	4379
4328	4246	4379
4386	4367	4328
4386	4455	4367
4386	4493	4455
4493	4509	4455
4509	4588	4455
4588	4563	4455
4509	4621	4588
4621	4662	4588
4736	4735	4662
4736	4762	4735
4762	4716	4735
4736	4797	4762
4797	4805	4762
4805	4798	4762
4805	4846	4798
4805	4821	4846
4805	4797	4821
4797	4736	4821
4829	4904	4821
4829	4920	4904
4920	4929	4904
4920	4967	4929
4967	4944	4929
4967	4986	4944
4967	4990	4986
4990	5034	4986
5034	5030	4986
5030	5023	4986
5030	5050	5023
5050	5019	5023
5030	5075	5050
5075	5073	5050
5073	5057	5050
5073	5076	5057
5076	5066	5057
5066	5040	5057
5040	5027	5057
5027	5016	5057
5027	4997	5016
4997	4978	5016
4978	4979	5016
4979	4965	5016
4965	4988	5016
4988	5019	5016
4988	4939	5019
4988	4965	4939
4965	4914	4939
4914	4900	4939
4900	4906	4939
4906	4910	4939
4906	4848	4910
4848	4846	4910
4846	4904	4910
4906	4855	4848
4906	4900	4855
4900	4883	4855
4883	4816	4855
4883	4878	4816
4878	4815	4816
4815	4764	4816
4764	4757	4816
4757	4772	4816
4764	4644	4757
4764	4674	4644
4764	4801	4674
4801	4683	4674
4764	4815	4801
4815	4835	4801
4815	4914	4835
4914	4872	4835
4914	4907	4872
4907	4897	4872
4897	4854	4872
4897	4916	4854
4916	4893	4854
4893	4859	4854
4859	4795	4854
4893	4875	4859
4875	4868	4859
4868	4819	4859
4868	4871	4819
4868	4891	4871
4891	4892	4871
4892	4866	4871
4866	4862	4871
4866	4873	4862
4873	4847	4862
4847	4845	4862
4847	4818	4845
4818	4811	4845
4811	4813	4845
4811	4789	4813
4789	4807	4813
4789	4775	4807
4775	4788	4807
4789	4731	4775
4731	4678	4775
4731	4685	4678
4685	4589	4678
4731	4708	4685
4731	4728	4708
4728	4686	4708
4686	4651	4708
4686	4650	4651
4650	4598	4651
4598	4551	4651
4598	4552	4551
4552	4445	4551
4445	4531	4551
4445	4437	4531
4437	4504	4531
4504	4589	4531
4504	4505	4589
4505	4491	4589
4505	4459	4491
4505	4426	4459
4505	4504	4426
4504	4437	4426
4437	4369	4426
4437	4286	4369
4437	4445	4286
4445	4382	4286
4445	4412	4382
4412	4381	4382
4412	4404	4381
4412	4448	4404
4448	4414	4404
4414	4329	4404
4329	4293	4404
4329	4265	4293
4329	4277	4265
4277	4226	4265
4226	4172	4265
4226	4133	4172
4133	4124	4172
4124	4086	4172
4086	4131	4172
4086	4053	4131
4053	4125	4131
4125	4145	4131
4145	4186	4131
4086	3981	4053
3981	4034	4053
4086	3977	3981
4086	4004	3977
4004	3942	3977
4004	3989	3942
3989	3882	3942
3989	3892	3882
3892	3832	3882
3892	3874	3832
3874	3770	3832
3770	3731	3832
3770	3635	3731
3770	3764	3635
3764	3668	3635
3668	3614	3635
3614	3546	3635
3614	3594	3546
3594	3444	3546
3444	3499	3546
3594	3452	3444
3594	3486	3452
3486	3339	3452
3614	3706	3594
3614	3668	3706
3668	3757	3706
3668	3764	3757
3764	3875	3757
3764	3876	3875
3876	3948	3875
3764	3780	3876
3780	3770	3876
3770	3874	3876
3780	3764	3770
4004	4124	3989
4124	4091	3989
4124	4133	4091
4133	4188	4091
4133	4226	4188
4226	4274	4188
4274	4211	4188
4211	4150	4188
4211	4213	4150
4213	4210	4150
4210	4161	4150
4161	4054	4150
4054	4069	4150
4161	4112	4054
4112	4057	4054
4112	4060	4057
4060	3948	4057
4060	4020	3948
4060	4078	4020
4078	4098	4020
4098	3991	4020
3991	3985	4020
3985	3888	4020
3985	3969	3888
3969	3869	3888
3869	3839	3888
3969	3929	3869
3929	3845	3869
3845	3754	3869
3929	3862	3845
3862	3825	3845
3825	3692	3845
3825	3808	3692
3825	3877	3808
3877	3811	3808
3811	3758	3808
3811	3784	3758
3811	3852	3784
3852	3745	3784
3745	3662	3784
3745	3709	3662
3709	3619	3662
3709	3703	3619
3703	3613	3619
3613	3575	3619
3613	3545	3575
3545	3548	3575
3545	3476	3548
3545	3513	3476
3513	3450	3476
3513	3430	3450
3513	3519	3430
3519	3449	3430
3449	3424	3430
3449	3409	3424
3513	3545	3519
3545	3613	3519
3709	3745	3703
3745	3768	3703
3745	3842	3768
3842	3885	3768
3885	3880	3768
3880	3793	3768
3880	3907	3793
3880	3885	3907
3885	4014	3907
3885	3904	4014
3904	3931	4014
3931	4028	4014
4028	4079	4014
4079	4061	4014
4079	4080	4061
4080	4062	4061
4080	4122	4062
4080	4163	4122
4163	4228	4122
4163	4199	4228
4199	4258	4228
4258	4238	4228
4258	4271	4238
4199	4157	4258
4157	4260	4258
4260	4297	4258
4260	4333	4297
4333	4396	4297
4333	4401	4396
4401	4474	4396
4474	4434	4396
4434	4413	4396
4434	4472	4413
4472	4441	4413
4441	4409	4413
4441	4417	4409
4417	4358	4409
4358	4323	4409
4417	4457	4358
4457	4453	4358
4453	4373	4358
4373	4312	4358
4312	4298	4358
4298	4301	4358
4312	4244	4298
4244	4206	4298
4373	4311	4312
4311	4295	4312
4311	4320	4295
4311	4365	4320
4365	4400	4320
4400	4308	4320
4311	4373	4365
4373	4432	4365
4373	4453	4432
4453	4519	4432
4519	4523	4432
4523	4513	4432
4523	4524	4513
4524	4400	4513
4524	4435	4400
4524	4549	4435
4549	4568	4435
4568	4521	4435
4521	4499	4435
4499	4393	4435
4499	4449	4393
4449	4357	4393
4499	4479	4449
4479	4439	4449
4499	4603	4479
4499	4571	4603
4571	4634	4603
4634	4649	4603
4649	4620	4603
4620	4596	4603
4649	4640	4620
4649	4730	4640
4730	4657	4640
4657	4604	4640
4657	4648	4604
4657	4696	4648
4696	4709	4648
4696	4759	4709
4759	4720	4709
4759	4810	4720
4810	4715	4720
4759	4842	4810
4759	4802	4842
4802	4851	4842
4851	4874	4842
4851	4880	4874
4880	4925	4874
4880	4941	4925
4941	4935	4925
4935	4980	4925
4935	4998	4980
4998	5006	4980
4998	5010	5006
5010	5038	5006
5010	5021	5038
5021	5045	5038
5045	5064	5038
5064	5061	5038
5061	5053	5038
5061	5048	5053
5048	5039	5053
5048	5047	5039
5047	5032	5039
5047	5054	5032
5047	5069	5054
5069	5065	5054
5069	5077	5065
5077	5071	5065
5071	5063	5065
5071	5060	5063
5060	5035	5063
5060	5043	5035
5043	5026	5035
5026	5014	5035
5026	4994	5014
5026	4974	4994
4974	4953	4994
4953	4933	4994
4953	4909	4933
4909	4889	4933
4909	4869	4889
4869	4830	4889
4909	4931	4869
4931	4863	4869
4863	4794	4869
4863	4856	4794
4856	4791	4794
4856	4857	4791
4857	4748	4791
4857	4852	4748
4852	4737	4748
4737	4718	4748
4718	4695	4748
4718	4617	4695
4857	4923	4852
4857	4919	4923
4919	4951	4923
4951	4948	4923
4951	4982	4948
4982	5012	4948
5012	4957	4948
5012	4992	4957
5012	5025	4992
5025	5031	4992
5031	4969	4992
5025	5042	5031
5042	5044	5031
5044	5028	5031
5028	5003	5031
5028	5000	5003
5028	5024	5000
5024	5015	5000
5015	4960	5000
4960	4954	5000
4960	4936	4954
4960	4999	4936
4999	4976	4936
4976	4932	4936
4932	4915	4936
4932	4905	4915
4905	4858	4915
4858	4843	4915
4858	4823	4843
4823	4796	4843
4823	4787	4796
4823	4858	4787
4905	4920	4858
4920	4829	4858
4905	4932	4920
4932	4976	4920
4976	4967	4920
4976	4990	4967
4976	5018	4990
5018	5034	4990
5018	5049	5034
5049	5075	5034
5075	5030	5034
5049	5074	5075
5074	5079	5075
5079	5080	5075
5080	5073	5075
5080	5076	5073
5080	5078	5076
5078	5066	5076
5078	5068	5066
5068	5067	5066
5067	5058	5066
5058	5040	5066
5058	5017	5040
5017	5027	5040
5017	4997	5027
5017	5004	4997
5004	4970	4997
4970	4955	4997
4955	4978	4997
4955	4907	4978
4907	4979	4978
4907	4914	4979
4914	4965	4979
4955	4897	4907
4955	4947	4897
4947	4916	4897
4947	4938	4916
4938	4942	4916
4942	4921	4916
4921	4899	4916
4899	4891	4916
4891	4893	4916
4891	4875	4893
4891	4868	4875
4899	4892	4891
4899	4921	4892
4921	4903	4892
4903	4890	4892
4890	4873	4892
4873	4866	4892
4890	4879	4873
4879	4847	4873
4879	4834	4847
4834	4818	4847
4834	4766	4818
4766	4769	4818
4769	4811	4818
4769	4763	4811
4763	4789	4811
4763	4749	4789
4749	4731	4789
4749	4728	4731
4749	4763	4728
4763	4686	4728
4763	4744	4686
4744	4667	4686
4667	4650	4686
4667	4610	4650
4610	4598	4650
4610	4552	4598
4610	4532	4552
4532	4492	4552
4492	4469	4552
4469	4445	4552
4469	4412	4445
4469	4448	4412
4469	4492	4448
4492	4536	4448
4536	4480	4448
4480	4414	4448
4480	4377	4414
4377	4341	4414
4341	4329	4414
4341	4277	4329
4341	4310	4277
4310	4274	4277
4274	4226	4277
4310	4316	4274
4316	4276	4274
4276	4211	4274
4276	4213	4211
4276	4210	4213
4276	4241	4210
4241	4161	4210
4241	4151	4161
4151	4112	4161
4151	4102	4112
4102	4078	4112
4078	4060	4112
4102	4098	4078
4102	4151	4098
4151	4119	4098
4119	4058	4098
4058	4011	4098
4011	3991	4098
4011	3929	3991
3929	3969	3991
3969	3985	3991
4011	3862	3929
4058	4048	4011
4048	4008	4011
4048	4039	4008
4039	4076	4008
4076	3984	4008
4076	4028	3984
4028	3954	3984
3954	3943	3984
3943	3894	3984
3894	3877	3984
3877	3825	3984
3894	3852	3877
3852	3811	3877
3894	3943	3852
3943	3853	3852
3853	3745	3852
3853	3842	3745
3853	3931	3842
3931	3904	3842
3904	3885	3842
3853	3954	3931
3954	4028	3931
3853	3943	3954
4076	4127	4028
4127	4079	4028
4127	4157	4079
4157	4163	4079
4163	4080	4079
4157	4199	4163
4127	4180	4157
4180	4260	4157
4180	4224	4260
4224	4247	4260
4247	4333	4260
4247	4248	4333
4247	4224	4248
4224	4245	4248
4245	4254	4248
4224	4180	4245
4180	4119	4245
4119	4208	4245
4208	4255	4245
4208	4219	4255
4219	4273	4255
4219	4269	4273
4269	4281	4273
4269	4241	4281
4241	4276	4281
4276	4338	4281
4338	4410	4281
4338	4402	4410
4402	4415	4410
4415	4470	4410
4470	4423	4410
4423	4385	4410
4423	4440	4385
4440	4401	4385
4401	4333	4385
4440	4495	4401
4495	4474	4401
4495	4508	4474
4508	4507	4474
4507	4472	4474
4472	4434	4474
4507	4578	4472
4578	4490	4472
4490	4441	4472
4490	4529	4441
4529	4417	4441
4529	4457	4417
4529	4519	4457
4519	4453	4457
4529	4592	4519
4592	4597	4519
4597	4584	4519
4584	4523	4519
4584	4524	4523
4584	4549	4524
4584	4655	4549
4655	4629	4549
4629	4568	4549
4629	4622	4568
4622	4571	4568
4571	4521	4568
4571	4499	4521
4622	4665	4571
4665	4634	4571
4665	4649	4634
4665	4747	4649
4665	4661	4747
4661	4742	4747
4742	4824	4747
4824	4806	4747
4806	4790	4747
4806	4820	4790
4820	4851	4790
4851	4802	4790
4802	4730	4790
4802	4759	4730
4759	4696	4730
4696	4657	4730
4820	4825	4851
4825	4880	4851
4825	4860	4880
4860	4902	4880
4902	4941	4880
4902	4924	4941
4924	4943	4941
4943	4950	4941
4950	4935	4941
4950	4998	4935
4950	4977	4998
4977	5010	4998
4977	4983	5010
4983	5005	5010
5005	5021	5010
5005	5011	5021
5011	5045	5021
5011	5008	5045
5008	5046	5045
5046	5059	5045
5059	5064	5045
5059	5067	5064
5067	5068	5064
5068	5061	5064
5068	5078	5061
5078	5048	5061
5078	5069	5048
5069	5047	5048
5078	5077	5069
5078	5080	5077
5080	5081	5077
5081	5071	5077
5081	5070	5071
5070	5060	5071
5070	5072	5060
5072	5052	5060
5052	5043	5060
5052	5033	5043
5033	5026	5043
5033	4974	5026
5033	4972	4974
4972	4953	4974
4972	4940	4953
4940	4909	4953
4940	4931	4909
4940	4963	4931
4963	4951	4931
4951	4919	4931
4919	4877	4931
4877	4863	4931
4877	4856	4863
4877	4857	4856
4877	4919	4857
4963	4982	4951
4963	4996	4982
4996	5012	4982
4996	5025	5012
4996	5042	5025
4996	5033	5042
5033	5052	5042
5052	5051	5042
5051	5044	5042
5051	5036	5044
5036	5028	5044
5036	5024	5028
5036	5041	5024
5041	5015	5024
5041	5020	5015
5020	4999	5015
4999	4960	5015
5020	4976	4999
5020	5018	4976
5020	5049	5018
5020	5041	5049
5041	5056	5049
5056	5074	5049
5056	5062	5074
5062	5072	5074
5072	5079	5074
5072	5070	5079
5070	5081	5079
5081	5080	5079
5062	5055	5072
5055	5052	5072
5055	5051	5052
5055	5041	5051
5041	5036	5051
5055	5062	5041
5062	5056	5041
4996	4972	5033
4996	4963	4972
4963	4940	4972
5059	5058	5067
5059	5046	5058
5046	5017	5058
5046	5013	5017
5013	5004	5017
5013	4995	5004
4995	4964	5004
4964	4970	5004
4964	4962	4970
4962	4955	4970
4962	4947	4955
4962	4964	4947
4964	4938	4947
4964	4966	4938
4966	4942	4938
4966	4959	4942
4959	4921	4942
4959	4922	4921
4922	4903	4921
4922	4913	4903
4913	4890	4903
4913	4879	4890
4913	4882	4879
4882	4837	4879
4837	4834	4879
4837	4785	4834
4785	4766	4834
4785	4712	4766
4712	4679	4766
4679	4744	4766
4744	4769	4766
4744	4763	4769
4679	4667	4744
4712	4671	4679
4671	4605	4679
4671	4615	4605
4615	4561	4605
4615	4516	4561
4516	4538	4561
4538	4536	4561
4538	4480	4536
4538	4484	4480
4484	4388	4480
4388	4377	4480
4388	4310	4377
4310	4341	4377
4388	4316	4310
4388	4342	4316
4342	4276	4316
4342	4338	4276
4538	4516	4484
4516	4496	4484
4496	4470	4484
4496	4440	4470
4440	4423	4470
4496	4514	4440
4514	4495	4440
4514	4535	4495
4535	4530	4495
4530	4508	4495
4530	4544	4508
4544	4507	4508
4544	4564	4507
4564	4578	4507
4564	4591	4578
4591	4583	4578
4583	4529	4578
4529	4490	4578
4583	4592	4529
4583	4623	4592
4623	4597	4592
4623	4699	4597
4699	4710	4597
4710	4655	4597
4655	4584	4597
4710	4733	4655
4733	4660	4655
4660	4629	4655
4660	4622	4629
4660	4661	4622
4661	4665	4622
4660	4742	4661
4660	4733	4742
4710	4746	4733
4710	4699	4746
4699	4745	4746
4745	4817	4746
4699	4704	4745
4704	4726	4745
4726	4760	4745
4760	4783	4745
4704	4669	4726
4704	4623	4669
4623	4631	4669
4631	4632	4669
4632	4630	4669
4630	4663	4669
4630	4591	4663
4591	4564	4663
4564	4595	4663
4595	4602	4663
4602	4713	4663
4602	4606	4713
4606	4691	4713
4691	4729	4713
4729	4779	4713
4729	4778	4779
4778	4837	4779
4778	4785	4837
4778	4758	4785
4758	4712	4785
4758	4691	4712
4691	4671	4712
4691	4606	4671
4606	4615	4671
4606	4572	4615
4572	4546	4615
4546	4516	4615
4546	4514	4516
4514	4496	4516
4546	4535	4514
4546	4572	4535
4572	4530	4535
4572	4544	4530
4572	4595	4544
4595	4564	4544
4572	4606	4595
4606	4602	4595
4758	4729	4691
4758	4778	4729
4630	4583	4591
4630	4632	4583
4632	4631	4583
4631	4623	4583
4704	4699	4623
4882	4887	4837
4882	4895	4887
4895	4849	4887
4849	4827	4887
4849	4812	4827
4812	4779	4827
4812	4783	4779
4895	4901	4849
4901	4885	4849
4901	4949	4885
4949	4912	4885
4912	4896	4885
4912	4924	4896
4924	4902	4896
4902	4860	4896
4912	4934	4924
4934	4943	4924
4934	4952	4943
4952	4991	4943
4991	4975	4943
4975	4983	4943
4983	4950	4943
4983	4977	4950
4975	5005	4983
4975	4991	5005
4991	5002	5005
5002	5011	5005
5002	5001	5011
5001	5008	5011
5001	4966	5008
4966	4995	5008
4995	5013	5008
5013	5046	5008
4966	4964	4995
5001	4959	4966
5001	4973	4959
4973	4922	4959
4973	4956	4922
4956	4927	4922
4927	4913	4922
4927	4895	4913
4895	4882	4913
4927	4901	4895
4927	4945	4901
4945	4949	4901
4945	4956	4949
4956	4952	4949
4952	4912	4949
4952	4934	4912
4956	4991	4952
4956	5002	4991
4956	4973	5002
4973	5001	5002
4945	4927	4956
4825	4806	4860
4806	4824	4860
4825	4820	4806
4269	4219	4241
4219	4151	4241
4219	4208	4151
4208	4119	4151
4180	4048	4119
4048	4058	4119
4180	4076	4048
4076	4039	4048
4180	4127	4076
4492	4532	4536
4532	4610	4536
4004	4086	4124
4815	4878	4914
4878	4900	4914
4878	4883	4900
4706	4738	4680
4706	4739	4738
4739	4794	4738
4981	4980	5009
3439	3383	3409
3439	3406	3383
3406	3364	3383
3406	3307	3364
3307	3211	3364
3660	3654	3590
3631	3648	3758
3631	3618	3648
3618	3641	3648
3641	3674	3648
3674	3692	3648
3674	3754	3692
3674	3641	3754
3641	3605	3754
3605	3637	3754
3605	3587	3637
3587	3570	3637
3641	3563	3605
3563	3490	3605
3563	3467	3490
3467	3350	3490
3467	3336	3350
3563	3491	3467
3563	3524	3491
3524	3488	3491
3488	3455	3491
3563	3618	3524
3563	3641	3618
3165	3369	3382
3172	3271	3175
3186	3250	3212
3250	3278	3212
3192	3268	3326
3268	3412	3326
3412	3396	3326
3396	3314	3326
3314	3192	3326
3412	3483	3396
3483	3484	3396
3194	3269	3274
3269	3397	3274
3397	3456	3274
3218	3325	3242
3246	3433	3302
3302	3124	3246
3433	3436	3302
3246	3345	3433
3345	3480	3433
3253	3280	3313
3280	3363	3313
3363	3427	3313
3280	3361	3363
3256	3295	3272
3256	3316	3295
3316	3517	3295
3316	3552	3517
3552	3579	3517
3579	3531	3517
3552	3589	3579
3552	3713	3589
3316	3541	3552
3316	3530	3541
3256	3305	3316
3262	3389	3347
3281	3386	3349
3349	3305	3281
3294	3423	3373
3373	3123	3294
3297	3368	3351
3368	3435	3351
3301	3328	3458
3328	3515	3458
3515	3564	3458
3564	3507	3458
3507	3417	3458
3417	3301	3458
3507	3480	3417
3507	3549	3480
3507	3564	3549
3515	3583	3564
3328	3405	3515
3328	3323	3405
3308	3381	3371
3309	3380	3428
3380	3445	3428
3445	3608	3428
3608	3413	3428
3413	3309	3428
3413	3369	3309
3318	3441	3343
3327	3429	3472
3365	3437	3477
3372	3451	3528
3451	3597	3528
3597	3645	3528
3391	3447	3415
3395	3399	3547
3547	3461	3395
3547	3664	3461
3401	3489	3416
3402	3403	3432
3432	3506	3402
3414	3434	3465
3438	3482	3621
3482	3578	3621
3578	3693	3621
3459	3661	3475
3468	3569	3602
3468	3436	3569
3478	3516	3559
3559	3432	3478
3516	3586	3559
3586	3688	3559
3688	3704	3559
3704	3712	3559
3586	3617	3688
3586	3501	3617
3501	3534	3617
3586	3516	3501
3497	3659	3562
3500	3612	3624
3500	3506	3612
3612	3719	3624
3612	3712	3719
3712	3844	3719
3523	3538	3604
3538	3628	3604
3536	3670	3729
3670	3863	3729
3863	3887	3729
3887	3738	3729
3887	3861	3738
3861	3814	3738
3814	3695	3738
3814	3765	3695
3765	3725	3695
3725	3661	3695
3765	3815	3725
3765	3814	3815
3814	3982	3815
3982	3999	3815
3999	4002	3815
3999	4063	4002
4063	3937	4002
4063	3961	3937
3961	3938	3937
3938	3781	3937
3938	3903	3781
3903	3898	3781
3903	3955	3898
3903	3961	3955
3903	3938	3961
3982	4189	3999
3814	3861	3982
3861	3988	3982
3988	4166	3982
3863	4041	3887
3863	3994	4041
3994	4138	4041
4138	4074	4041
4138	4115	4074
4138	4305	4115
4305	4166	4115
4305	4205	4166
4305	4237	4205
4237	4189	4205
4237	4299	4189
4299	4236	4189
4305	4368	4237
4368	4387	4237
4368	4527	4387
4527	4599	4387
4527	4587	4599
4305	4315	4368
3994	4164	4138
3994	4118	4164
4118	4168	4164
4168	4353	4164
4353	4302	4164
3994	3962	4118
3994	3863	3962
3863	3864	3962
3864	3890	3962
3539	3616	3620
3616	3684	3620
3620	3557	3539
3565	3571	3694
3571	3574	3694
3576	3686	3625
3577	3665	3596
3598	3746	3787
3787	3778	3598
3787	3822	3778
3822	3838	3778
3838	3777	3778
3838	3867	3777
3867	3905	3777
3867	3945	3905
3867	4030	3945
4030	4096	3945
3838	3822	3867
3601	3790	3721
3790	3794	3721
3790	3978	3794
3978	4019	3794
4019	3992	3794
4019	4110	3992
4019	3978	4110
3629	3697	3824
3629	3480	3697
3697	3801	3824
3697	3756	3801
3634	3730	3817
3730	3802	3817
3802	3871	3817
3730	3722	3802
3722	3726	3802
3722	3663	3726
3650	3667	3680
3658	3687	3821
3821	3796	3658
3821	3830	3796
3830	3767	3796
3830	3926	3767
3926	3891	3767
3891	3747	3767
3891	3865	3747
3705	3735	3769
3707	3847	3720
3847	3804	3720
3711	3761	3800
3761	3800	3736
3800	3933	3736
3800	3924	3933
3924	4001	3933
3724	3762	3789
3762	3788	3789
3727	3783	3749
3749	3636	3727
3740	3753	3792
3753	3773	3792
3773	3964	3792
3773	3951	3964
3951	3967	3964
3967	4094	3964
3748	3760	3851
3760	3886	3851
3886	3878	3851
3759	3836	3786
3836	3896	3786
3896	3923	3786
3923	3899	3786
3923	4024	3899
3923	4043	4024
4043	4089	4024
4043	4153	4089
3923	4042	4043
3923	3896	4042
3791	3873	3901
3873	4003	3901
4003	3986	3901
4003	4013	3986
4013	4095	3986
4095	4065	3986
4095	4218	4065
4095	4107	4218
4107	4181	4218
4107	4051	4181
4107	4013	4051
4013	4003	4051
4003	3930	4051
4003	3873	3930
4107	4095	4013
3803	3906	3966
3906	4049	3966
4049	4140	3966
3906	4016	4049
3806	3854	3816
3835	3983	3968
3855	4068	3940
3855	4055	4068
3857	3957	3993
3957	4143	3993
4143	4171	3993
3857	3913	3957
3872	3914	3990
3914	3970	3990
3970	4047	3990
3970	4025	4047
3990	3959	3872
3884	4005	3950
3889	3893	3919
3897	3980	4018
3897	3922	3980
3908	3979	3911
3979	4009	3911
3909	4010	3935
3917	4021	3960
4021	4031	3960
4031	4087	3960
3920	3996	3956
3996	4040	3956
3996	4117	4040
3996	4146	4117
4146	4194	4117
3932	4129	4108
4129	4159	4108
4129	4177	4159
3971	4044	4088
4044	4175	4088
4175	4139	4088
4139	4103	4088
4103	3971	4088
3995	4072	4000
4072	4021	4000
4072	4148	4021
4072	4191	4148
4191	4192	4148
3997	4073	4036
4036	4023	3997
4037	4200	4083
4045	4090	4147
4147	4203	4045
4147	4207	4203
4207	4313	4203
4059	4109	4132
4109	4246	4132
4064	4154	4071
4066	4116	4197
4081	4183	4230
4128	4152	4169
4169	4176	4128
4162	4220	4234
4220	4322	4234
4220	4324	4322
4220	4304	4324
4304	4349	4324
4349	4407	4324
4349	4279	4407
4279	4436	4407
4436	4477	4407
4477	4456	4407
4477	4553	4456
4477	4567	4553
4477	4436	4567
4436	4487	4567
4487	4637	4567
4637	4624	4567
4637	4688	4624
4688	4673	4624
4688	4799	4673
4799	4702	4673
4702	4646	4673
4646	4553	4673
4487	4542	4637
4349	4257	4279
4349	4304	4257
4220	4184	4304
4190	4243	4201
4201	3983	4190
4243	4303	4201
4243	4366	4303
4243	4425	4366
4243	4283	4425
4243	4190	4283
4202	4318	4339
4339	4282	4202
4282	4153	4202
4339	4352	4282
4352	4283	4282
4209	4217	4251
4232	4330	4252
4330	4390	4252
4390	4427	4252
4390	4463	4427
4390	4503	4463
4503	4548	4463
4503	4618	4548
4503	4541	4618
4503	4468	4541
4468	4498	4541
4468	4389	4498
4389	4539	4498
4503	4371	4468
4503	4390	4371
4390	4330	4371
4233	4307	4359
4307	4399	4359
4235	4272	4331
4239	4264	4309
4309	4307	4239
4259	4418	4291
4418	4350	4291
4268	4314	4364
4314	4420	4364
4420	4372	4364
4314	4451	4420
4280	4346	4363
4363	4197	4280
4290	4354	4351
4354	4406	4351
4406	4442	4351
4442	4424	4351
4424	4370	4351
4424	4355	4370
4354	4376	4406
4336	4391	4485
4344	4443	4444
4443	4565	4444
4565	4533	4444
4533	4466	4444
4466	4378	4444
4356	4384	4461
4384	4447	4461
4447	4520	4461
4447	4550	4520
4447	4502	4550
4360	4462	4525
4462	4534	4525
4462	4511	4534
4525	4482	4360
4525	4560	4482
4361	4416	4431
4416	4405	4431
4431	4450	4361
4431	4518	4450
4518	4473	4450
4473	4317	4450
4431	4515	4518
4419	4452	4471
4452	4522	4471
4421	4506	4481
4481	4399	4421
4428	4446	4489
4489	4478	4428
4446	4517	4489
4446	4497	4517
4497	4585	4517
4497	4577	4585
4577	4614	4585
4614	4642	4585
4614	4682	4642
4682	4658	4642
4658	4627	4642
4682	4707	4658
4682	4773	4707
4773	4741	4707
4741	4701	4707
4773	4777	4741
4777	4788	4741
4777	4793	4788
4777	4773	4793
4614	4643	4682
4643	4705	4682
4705	4725	4682
4705	4683	4725
4705	4643	4683
4614	4577	4643
4446	4429	4497
4464	4476	4540
4464	4418	4476
4476	4528	4540
4540	4539	4464
4540	4616	4539
4555	4576	4582
4633	4677	4761
4677	4750	4761
4750	4809	4761
4809	4828	4761
4828	4839	4761
4677	4664	4750
4761	4672	4633
4656	4721	4714
4722	4784	4781
4722	4690	4784
4690	4804	4784
4722	4616	4690
4771	4841	4832
4841	4881	4832
4881	4861	4832
4838	4918	4884
4884	4804	4838
4884	4886	4804
4884	4894	4886
4894	4930	4886
4930	4881	4886
4894	4918	4930
4894	4884	4918
4870	4888	4908
250	349	294
1016	980	946
1078	1081	1024
788	672	836
672	743	836
1604	1667	1494
1454	1553	1508
1563	1450	1696
1069	973	1130
1069	984	973
984	899	973
899	936	973
984	950	899
993	1158	1017
1298	1209	1158
1213	1275	1215
1007	1064	1005
397	471	348
255	153	288
153	139	288
139	136	288
139	145	136
145	114	136
114	86	136
1191	1278	1142
1278	1181	1142
1191	1261	1278
1145	1077	1196
1077	1060	1196
1060	1108	1196
1138	1004	1077
1004	1035	1077
1127	1095	1138
897	756	904
756	838	904
897	742	756
897	853	742
783	796	877
804	748	783
558	517	625
520	673	517
520	560	673
167	193	207
167	209	193
167	176	209
167	165	176
449	410	514
449	438	410
438	354	410
354	271	410
271	391	410
271	199	391
150	108	192
273	296	175
467	384	545
384	407	545
407	468	545
468	523	545
523	590	545
523	586	590
403	595	398
403	575	595
403	539	575
753	903	770
326	249	342
342	461	385
532	714	525
714	608	525
505	700	511
700	740	511
700	801	740
505	528	700
463	554	555
561	740	792
696	598	697
863	1113	789
1113	801	789
1113	872	801
1113	1085	872
863	1091	1113
863	940	1091
940	941	1091
941	1290	1091
1290	1248	1091
941	1276	1290
941	1029	1276
1029	1172	1276
1179	918	1028
868	751	781
1002	1120	915
1120	931	915
1120	1200	931
1200	1026	931
1120	1252	1200
1120	1258	1252
1044	1279	1055
1183	1322	1260
1534	1557	1408
1459	1519	1386
1519	1479	1386
1519	1611	1479
1058	765	975
1284	1468	1424
1468	1525	1424
1284	1192	1468
975	823	999
1263	965	1222
1263	1256	965
1266	1193	1418
1410	1348	1457
1410	1299	1348
1410	1237	1299
1237	1272	1299
1445	1592	1522
1355	1402	1448
1507	1721	1619
1507	1571	1721
1507	1491	1571
1323	1461	1397
1461	1498	1397
1379	1624	1600
1379	1421	1624
1421	1651	1624
1421	1514	1651
1313	1073	1379
1405	1435	1373
1471	1708	1592
2356	2153	2162
2356	2423	2153
2040	1823	1985
2040	1970	1823
2142	2282	2141
2282	2183	2141
2127	2393	2282
2127	2146	2393
2146	2192	2393
1700	1902	1688
1700	1727	1902
1727	1956	1902
1727	1952	1956
1727	1838	1952
2271	2350	2247
2271	2354	2350
2354	2433	2350
2354	2390	2433
2271	2298	2354
2555	2669	2477
2669	2568	2477
2568	2433	2477
2669	2692	2568
2868	2994	2806
3110	3095	2994
3110	3267	3095
3110	3257	3267
2841	2771	2851
2512	2468	2740
2207	1984	2172
1686	1555	1477
1658	1475	1555
1475	1406	1555
1556	1533	1479
1907	1939	2080
1907	1812	1939
1907	1728	1812
1605	1765	1568
1745	1846	1781
1846	1894	1781
1745	1583	1846
1659	1754	1646
1792	1828	1810
1828	2037	1810
1828	2106	2037
2106	2090	2037
1651	1796	1704
1796	1891	1704
1891	1863	1704
1891	1999	1863
1891	1955	1999
1955	2074	1999
1955	2218	2074
2218	2147	2074
1955	1973	2218
1973	2249	2218
1973	2295	2249
1973	2135	2295
1973	2001	2135
1643	1697	1804
2204	2132	2003
2093	2184	2004
2130	2386	2184
2130	2322	2386
1892	2095	2017
1918	1906	1887
1830	2138	1991
1830	2053	2138
1903	2016	1915
1972	2111	1885
2111	2024	1885
2024	1888	1885
1972	2067	2111
2067	2320	2111
2320	2197	2111
2320	2501	2197
2501	2469	2197
2469	2391	2197
2067	2175	2320
2071	2214	2200
2214	2281	2200
2071	2045	2214
1925	1687	1883
1925	1801	1687
1968	2070	1925
2715	2766	2767
1898	1853	1974
2291	2367	2161
2291	2447	2367
2284	2542	2450
2284	2327	2542
2284	2256	2327
2104	2086	1989
2156	2334	2090
2334	2315	2090
2524	2650	2505
2650	2785	2505
2785	2701	2505
2785	2883	2701
2785	2925	2883
2925	3037	2883
3037	3147	2883
3147	2931	2883
3037	3138	3147
3138	3299	3147
3138	3322	3299
3138	3245	3322
3138	3047	3245
2103	2119	2328
2340	2028	2367
2340	2296	2028
2528	2819	2611
2819	2652	2611
2528	2609	2819
2609	2852	2819
2609	2657	2852
2657	2655	2852
2199	2121	2186
2379	2486	2319
2443	2664	2616
2869	2737	2849
2869	2820	2737
3112	3160	3004
3160	2924	3004
3112	3240	3160
3112	3286	3240
2264	2384	2326
2544	2529	2674
2544	2416	2529
3057	3078	3018
3673	3794	3805
3651	3652	3673
3370	3601	3522
3370	3296	3601
3296	3354	3601
2786	2855	2843
2429	2639	2492
2373	2381	2535
2381	2619	2535
2381	2709	2619
2381	2419	2709
2381	2316	2419
2517	2741	2497
2741	2795	2497
2795	2707	2497
2482	2313	2452
2698	2739	2671
2594	2649	2634
3293	3220	3231
2666	2760	2676
2606	2773	2805
2708	2610	2871
2709	2719	2713
2719	2880	2713
2880	3109	2713
3109	2876	2713
3331	3452	3339
3283	3217	3411
2905	3029	2995
3029	3186	2995
2837	2799	2814
3292	3348	3235
3292	3455	3348
3292	3491	3455
3292	3467	3491
3003	3166	3190
3166	3259	3190
2916	2953	2812
3263	3361	3136
3361	3280	3136
3263	3418	3361
3015	3124	2875
3077	3246	3124
3041	3114	2940
3114	2978	2940
3222	3275	3086
3149	3116	3070
3509	3359	3644
3509	3286	3359
3324	3461	3410
3461	3682	3410
3461	3664	3682
3324	3395	3461
3496	3503	3763
3464	3466	3366
3466	3394	3366
3464	3573	3466
3464	3526	3573
3526	3653	3573
3526	3639	3653
4395	4398	4249
4398	4204	4249
4289	4263	4242
4865	4918	4803
4865	4968	4918
4968	5007	4918
5007	4989	4918
4989	4930	4918
4865	4926	4968
4926	4961	4968
5022	5037	4987
4458	4599	4638
4458	4387	4599
4876	4844	4958
4379	4246	4411
4246	4296	4411
4986	5023	4944
5023	4910	4944
5023	4939	4910
5023	5019	4939
5050	5016	5019
5050	5057	5016
4859	4819	4795
4819	4725	4795
4725	4774	4795
4819	4682	4725
4819	4793	4682
4793	4773	4682
4819	4788	4793
4819	4871	4788
4871	4807	4788
4871	4862	4807
4862	4813	4807
4775	4741	4788
4775	4678	4741
4678	4701	4741
4678	4625	4701
3444	3411	3499
3411	3440	3499
3876	3874	3948
3989	4091	3892
4091	4069	3892
4258	4413	4271
4413	4409	4271
4409	4323	4271
4258	4396	4413
4365	4513	4400
4365	4432	4513
4748	4695	4791
4011	4008	3862
4008	3984	3862
4281	4410	4273
4747	4790	4649
4790	4730	4649
4679	4605	4667
4536	4667	4561
4536	4610	4667
4760	4779	4783
4760	4669	4779
4669	4713	4779
4760	4726	4669
4887	4827	4837
3648	3692	3758
3605	3490	3587
3549	3697	3480
3549	3756	3697
3309	3445	3380
3309	3117	3445
3309	3214	3117
3214	3074	3117
3309	3369	3214
3528	3320	3372
3416	3151	3401
3432	3559	3506
3559	3612	3506
3559	3712	3612
3438	3317	3482
3569	3629	3602
3629	3848	3602
3848	3776	3602
3629	3824	3848
3824	3881	3848
3602	3401	3468
3536	3410	3670
3536	3520	3410
3898	3820	3781
3982	4205	4189
3982	4166	4205
3863	3670	3864
3616	3700	3684
3769	3755	3705
3964	4027	3792
4024	3809	3899
3968	4030	3835
3968	3983	4030
3983	4201	4030
4201	4303	4030
3990	3947	3959
3947	3927	3959
3922	4144	3980
4073	4296	4036
4646	4537	4553
4389	4350	4539
4350	4464	4539
4350	4418	4464
4350	4144	4291
4429	4481	4497
4722	4693	4616
