327.648983 246.820325 39.965833 255 0 0
339.863094 236.665868 46.676285 255 0 0
353.243741 227.930126 53.382703 255 0 0
367.790925 220.613100 60.085086 255 0 0
383.504646 214.714790 66.783434 255 0 0
400.384904 210.235196 73.477748 255 0 0
418.431699 207.174318 80.168027 255 0 0
437.645031 205.532156 86.854271 255 0 0
458.024900 205.308710 93.536480 0 255 0
438.298399 204.669031 103.977447 0 255 0
419.790939 205.511921 114.414198 0 255 0
402.502520 207.837383 124.846733 0 255 0
386.433142 211.645414 135.275051 0 255 0
371.582806 216.936015 145.699153 0 255 0
357.951510 223.709187 156.119038 0 255 0
345.539255 231.964929 166.534707 0 255 0
334.346041 241.703242 176.946160 0 255 0
