3.868210390811441357e+02 1.877063995404308798e+02 1.518713814378155575e+02
3.985344862610684231e+02 1.792894381054404676e+02 1.425577367170843672e+02
4.083454614135089855e+02 1.763829404893368746e+02 1.255253546327839445e+02
4.190931005958204878e+02 1.671528128471130685e+02 1.160780566710033099e+02
4.261456149958206652e+02 1.663689756250289520e+02 9.400428359892850949e+01
4.348809887131334904e+02 1.652239707713341659e+02 7.402725223192754811e+01
4.356188291484975821e+02 1.795711998751127112e+02 2.964517464677146563e+01
4.231367863941303540e+02 2.060107139572846791e+02 1.928186773609678539e+01
4.061551434728750110e+02 2.206604827925324344e+02 1.668327777784196542e+01
3.898614388179408934e+02 2.269991349894418136e+02 2.349922464554396129e+01
3.805479331893924382e+02 2.338806083878367872e+02 3.687271701583574668e+01
3.707660890871230777e+02 2.439238913612898614e+02 4.645366643106922311e+01
3.571210388295438634e+02 2.507145312578177254e+02 5.550000645729801363e+01
