27.867051 35.135937 11.500000 255 0 0
28.129372 35.025298 10.687500 255 0 0
28.443733 34.810579 9.875000 255 0 0
28.810134 34.491782 9.062500 255 0 0
29.228574 34.068905 8.250000 255 0 0
29.699053 33.541949 7.437500 255 0 0
30.221572 32.910914 6.625000 255 0 0
30.796131 32.175800 5.812500 255 0 0
31.422729 31.336607 5.000000 0 255 0
30.796131 30.497414 5.812500 0 255 0
30.221572 29.762300 6.625000 0 255 0
29.699053 29.131265 7.437500 0 255 0
29.228574 28.604309 8.250000 0 255 0
28.810134 28.181432 9.062500 0 255 0
28.443733 27.862635 9.875000 0 255 0
28.129372 27.647916 10.687500 0 255 0
27.867051 27.537277 11.500000 0 255 0
