1	4	2
2	32	1
32	30	1
30	14	1
14	7	1
7	5	1
5	4	1
5	9	4
9	21	4
21	25	4
25	15	4
15	2	4
15	27	2
27	32	2
27	58	32
58	97	32
58	79	97
79	111	97
111	120	97
120	157	97
157	187	97
187	153	97
187	254	153
254	151	153
120	139	157
139	149	157
149	220	157
149	209	220
149	224	209
149	205	224
205	276	224
276	248	224
248	236	224
248	295	236
295	340	236
295	307	340
307	466	340
466	562	340
562	565	340
562	661	565
661	677	565
677	584	565
677	693	584
693	628	584
628	438	584
693	669	628
669	610	628
610	549	628
669	680	610
680	675	610
680	718	675
718	746	675
746	638	675
746	629	638
629	512	638
746	792	629
792	760	629
760	721	629
721	582	629
582	552	629
582	469	552
582	625	469
625	479	469
479	423	469
423	387	469
423	291	387
291	316	387
291	271	316
271	270	316
291	206	271
206	184	271
206	180	184
180	154	184
180	107	154
107	96	154
107	67	96
67	13	96
13	20	96
20	106	96
20	29	106
20	8	29
8	16	29
16	6	29
6	40	29
40	92	29
40	24	92
24	81	92
24	14	81
14	30	81
24	12	14
12	7	14
12	11	7
11	5	7
11	26	5
26	18	5
18	9	5
18	21	9
18	34	21
34	35	21
34	59	35
59	60	35
60	44	35
60	51	44
60	88	51
88	69	51
69	42	51
69	65	42
65	49	42
49	47	42
47	43	42
47	45	43
47	52	45
52	57	45
52	62	57
62	82	57
82	63	57
63	66	57
63	68	66
68	101	66
101	100	66
100	102	66
102	74	66
74	53	66
74	99	53
99	36	53
36	33	53
33	39	53
39	43	53
33	25	39
25	21	39
33	23	25
23	15	25
23	27	15
23	72	27
72	58	27
72	85	58
85	79	58
85	111	79
85	121	111
121	139	111
139	120	111
121	134	139
134	205	139
205	149	139
134	190	205
190	213	205
213	276	205
213	189	276
189	266	276
266	300	276
300	324	276
324	327	276
327	248	276
327	345	248
345	307	248
307	295	248
345	366	307
366	350	307
350	466	307
350	460	466
460	521	466
521	562	466
521	635	562
635	661	562
635	708	661
708	814	661
814	830	661
830	677	661
830	829	677
829	693	677
830	960	829
960	852	829
960	989	852
989	925	852
925	822	852
822	734	852
734	693	852
734	669	693
734	696	669
696	680	669
696	748	680
748	718	680
748	831	718
831	819	718
819	746	718
819	792	746
819	872	792
872	826	792
826	760	792
826	827	760
827	717	760
717	721	760
717	625	721
625	582	721
717	645	625
645	554	625
554	479	625
554	423	479
554	478	423
478	386	423
386	348	423
386	354	348
354	330	348
330	278	348
330	299	278
299	255	278
255	204	278
255	182	204
255	186	182
186	124	182
186	167	124
167	84	124
84	93	124
93	125	124
93	107	125
93	61	107
61	67	107
61	19	67
19	10	67
19	22	10
22	78	10
22	115	78
19	61	22
93	37	61
84	73	93
73	50	93
84	123	73
186	201	167
201	237	167
237	218	167
218	191	167
218	246	191
246	298	191
246	309	298
309	444	298
444	528	298
444	567	528
309	414	444
309	440	414
440	495	414
440	442	495
442	588	495
588	537	495
588	636	537
636	567	537
636	658	567
588	684	636
588	667	684
667	732	684
732	845	684
732	959	845
667	682	732
667	679	682
588	583	667
588	475	583
475	523	583
475	468	523
468	413	523
413	395	523
395	448	523
448	569	523
448	540	569
540	598	569
540	578	598
578	757	598
578	590	757
578	508	590
508	492	590
492	449	590
492	476	449
476	462	449
462	400	449
400	374	449
374	489	449
374	419	489
419	430	489
419	322	430
322	408	430
322	292	408
322	328	292
328	281	292
281	304	292
281	280	304
280	358	304
280	333	358
333	363	358
363	452	358
363	461	452
461	632	452
363	375	461
363	333	375
333	302	375
302	303	375
303	373	375
303	290	373
290	313	373
313	360	373
360	443	373
443	496	373
443	432	496
432	417	496
417	488	496
488	607	496
417	472	488
417	378	472
417	347	378
347	359	378
359	369	378
359	379	369
379	513	369
513	389	369
513	410	389
513	439	410
513	454	439
454	499	439
499	560	439
499	519	560
519	573	560
573	662	560
662	609	560
662	784	609
662	802	784
662	733	802
733	770	802
770	934	802
934	1055	802
934	1096	1055
934	1039	1096
1039	1070	1096
1070	1196	1096
1070	1114	1196
1070	1037	1114
1037	1077	1114
1037	1008	1077
1008	1073	1077
1008	973	1073
973	1022	1073
1022	1121	1073
1022	1087	1121
1087	1191	1121
1191	1255	1121
1255	1268	1121
1255	1343	1268
1343	1371	1268
1371	1338	1268
1371	1442	1338
1442	1387	1338
1343	1400	1371
1400	1507	1371
1400	1453	1507
1453	1636	1507
1636	1665	1507
1636	1800	1665
1800	1722	1665
1800	1879	1722
1879	1701	1722
1701	1603	1722
1701	1582	1603
1701	1768	1582
1800	1927	1879
1927	2023	1879
2023	2042	1879
2042	1963	1879
2023	2216	2042
2216	2184	2042
2023	2156	2216
1927	2032	2023
1400	1361	1453
1361	1374	1453
1374	1375	1453
1375	1468	1453
1375	1399	1468
1399	1386	1468
1399	1353	1386
1353	1383	1386
1353	1301	1383
1301	1291	1383
1291	1311	1383
1291	1237	1311
1237	1216	1311
1216	1394	1311
1216	1250	1394
1216	1202	1250
1216	1165	1202
1165	1085	1202
1165	1134	1085
1134	1049	1085
1049	1013	1085
1013	957	1085
1013	877	957
877	929	957
929	945	957
945	990	957
990	1118	957
990	1125	1118
990	1078	1125
1078	1207	1125
1207	1178	1125
1207	1287	1178
1287	1256	1178
1287	1271	1256
1287	1457	1271
1287	1368	1457
1368	1427	1457
1368	1321	1427
1321	1302	1427
1321	1207	1302
1207	1130	1302
1207	1071	1130
1071	985	1130
985	1018	1130
985	932	1018
932	1107	1018
932	835	1107
835	904	1107
835	884	904
835	763	884
835	723	763
723	726	763
726	710	763
710	743	763
743	926	763
743	815	926
743	752	815
752	858	815
752	690	858
690	804	858
690	767	804
767	894	804
894	978	804
978	924	804
690	606	767
690	630	606
630	599	606
599	577	606
599	534	577
534	580	577
580	665	577
580	620	665
620	739	665
620	637	739
637	639	739
639	776	739
776	810	739
776	943	810
776	778	943
778	913	943
913	1051	943
1051	1122	943
913	1100	1051
913	1007	1100
1007	1137	1100
1137	1159	1100
1137	1161	1159
1137	1007	1161
778	740	913
740	759	913
740	668	759
740	592	668
592	568	668
592	471	568
471	516	568
516	624	568
516	507	624
507	605	624
507	463	605
463	491	605
491	698	605
491	585	698
491	399	585
491	371	399
371	286	399
286	355	399
355	474	399
355	455	474
455	530	474
455	344	530
455	388	344
388	243	344
243	268	344
243	229	268
229	214	268
214	226	268
214	197	226
197	171	226
171	147	226
147	173	226
173	223	226
173	208	223
208	228	223
208	275	228
208	225	275
225	267	275
225	183	267
183	164	267
164	175	267
164	108	175
108	129	175
129	216	175
129	161	216
129	138	161
129	114	138
114	156	138
156	163	138
156	217	163
217	211	163
217	353	211
353	265	211
156	145	217
145	176	217
176	231	217
231	245	217
245	311	217
245	262	311
262	284	311
284	370	311
370	356	311
356	353	311
370	481	356
481	502	356
481	551	502
551	566	502
551	787	566
787	731	566
731	657	566
731	841	657
731	787	841
551	692	787
692	785	787
692	864	785
692	686	864
686	821	864
821	912	864
821	854	912
854	1014	912
854	964	1014
854	895	964
895	935	964
935	1079	964
1079	1016	964
935	1021	1079
1021	1168	1079
1021	1064	1168
1064	1210	1168
1210	1318	1168
1064	1153	1210
1153	1267	1210
1267	1296	1210
1267	1306	1296
1267	1344	1306
1064	1058	1153
1058	1061	1153
1061	1067	1153
1067	1234	1153
1067	1139	1234
1139	1273	1234
1273	1290	1234
1290	1299	1234
1139	1101	1273
1139	979	1101
979	930	1101
930	839	1101
930	818	839
818	780	839
818	687	780
818	917	687
917	796	687
796	683	687
683	642	687
683	626	642
683	796	626
796	659	626
659	514	626
514	458	626
514	470	458
470	403	458
403	364	458
364	420	458
364	357	420
364	273	357
273	319	357
273	234	319
234	308	319
234	219	308
219	272	308
219	150	272
234	166	219
166	174	219
174	165	219
174	166	165
234	215	166
215	179	166
179	119	166
215	196	179
196	202	179
202	158	179
158	112	179
112	103	179
112	95	103
95	75	103
75	90	103
75	48	90
48	16	90
16	78	90
48	17	16
17	6	16
17	38	6
38	11	6
11	40	6
11	24	40
11	12	24
38	28	11
28	26	11
28	41	26
41	54	26
54	34	26
34	18	26
54	59	34
54	83	59
83	87	59
87	60	59
87	91	60
91	88	60
91	118	88
118	94	88
94	69	88
94	108	69
108	65	69
108	71	65
71	49	65
71	52	49
52	47	49
71	56	52
56	62	52
56	70	62
70	82	62
70	80	82
80	132	82
132	133	82
133	135	82
135	98	82
98	63	82
98	68	63
98	104	68
104	122	68
122	109	68
109	101	68
109	100	101
109	189	100
189	181	100
181	102	100
181	116	102
116	74	102
116	99	74
116	134	99
134	121	99
121	72	99
72	36	99
72	23	36
23	33	36
121	85	72
116	190	134
116	181	190
181	213	190
181	189	213
109	207	189
207	266	189
207	235	266
235	289	266
289	402	266
402	300	266
402	324	300
402	422	324
422	345	324
345	327	324
422	366	345
422	396	366
396	350	366
396	460	350
396	409	460
409	521	460
409	464	521
464	510	521
510	631	521
631	708	521
708	635	521
631	653	708
653	754	708
754	765	708
765	814	708
765	862	814
862	830	814
862	981	830
862	920	981
920	987	981
987	1011	981
1011	1036	981
1036	1041	981
1041	998	981
998	960	981
998	989	960
998	1031	989
1031	997	989
997	925	989
1031	963	997
963	919	997
1031	1035	963
1035	1003	963
1003	900	963
1003	974	900
974	896	900
896	798	900
798	736	900
798	762	736
762	694	736
694	652	736
694	603	652
603	564	652
603	573	564
573	519	564
519	543	564
519	499	543
499	454	543
454	579	543
454	545	579
545	601	579
601	689	579
601	648	689
648	749	689
648	805	749
805	870	749
805	868	870
868	940	870
940	954	870
940	952	954
952	948	954
948	925	954
948	850	925
850	822	925
850	748	822
748	730	822
730	734	822
730	696	734
730	748	696
850	831	748
850	948	831
948	891	831
891	819	831
891	872	819
891	952	872
952	897	872
897	876	872
876	861	872
861	826	872
861	827	826
861	849	827
849	793	827
793	717	827
793	713	717
713	645	717
713	650	645
650	554	645
650	531	554
531	498	554
498	478	554
498	386	478
498	406	386
406	354	386
406	365	354
365	391	354
391	329	354
329	330	354
329	299	330
329	255	299
329	293	255
293	239	255
239	186	255
239	201	186
239	260	201
260	256	201
256	237	201
256	257	237
257	241	237
241	218	237
241	232	218
232	246	218
232	241	246
241	257	246
257	309	246
257	314	309
314	440	309
314	380	440
380	442	440
380	338	442
338	413	442
413	468	442
468	475	442
475	588	442
338	362	413
362	395	413
362	325	395
325	351	395
351	383	395
383	411	395
411	448	395
411	540	448
411	482	540
482	508	540
508	578	540
482	492	508
482	476	492
482	446	476
446	462	476
446	406	462
446	391	406
391	365	406
446	415	391
415	383	391
383	329	391
383	339	329
339	293	329
339	325	293
325	287	293
287	260	293
260	239	293
287	256	260
287	338	256
338	314	256
314	257	256
338	380	314
287	362	338
287	325	362
339	351	325
339	383	351
415	411	383
415	482	411
415	446	482
498	531	406
650	561	531
561	462	531
561	450	462
450	400	462
450	376	400
376	328	400
328	374	400
328	322	374
322	419	374
376	346	328
346	281	328
346	320	281
320	306	281
306	279	281
279	264	281
264	280	281
264	333	280
264	302	333
264	279	302
279	303	302
279	290	303
279	306	290
306	336	290
336	313	290
336	352	313
352	360	313
352	347	360
347	417	360
417	432	360
432	443	360
352	397	347
397	359	347
306	385	336
385	447	336
385	484	447
484	538	447
538	706	447
706	691	447
706	729	691
729	849	691
729	793	849
729	707	793
707	650	793
650	713	793
707	538	650
538	561	650
538	450	561
538	484	450
484	376	450
484	346	376
484	385	346
385	320	346
385	306	320
707	706	538
707	729	706
861	876	849
876	875	849
875	797	849
797	615	849
875	897	797
897	868	797
897	940	868
897	952	940
875	876	897
891	948	952
601	572	648
601	545	572
545	513	572
545	454	513
603	662	573
603	733	662
603	694	733
694	770	733
694	762	770
762	860	770
860	889	770
889	901	770
901	934	770
901	1039	934
901	1037	1039
1037	1070	1039
901	907	1037
907	1008	1037
907	973	1008
907	889	973
889	906	973
906	1022	973
906	966	1022
966	1087	1022
966	1052	1087
1052	1115	1087
1115	1191	1087
1115	1180	1191
1180	1190	1191
1190	1292	1191
1292	1286	1191
1286	1295	1191
1295	1255	1191
1295	1400	1255
1400	1343	1255
1295	1361	1400
1295	1286	1361
1286	1345	1361
1345	1374	1361
1345	1292	1374
1292	1263	1374
1263	1375	1374
1263	1301	1375
1301	1353	1375
1353	1399	1375
1263	1204	1301
1204	1237	1301
1237	1291	1301
1263	1203	1204
1203	1129	1204
1129	1133	1204
1133	1138	1204
1133	1090	1138
1090	1119	1138
1119	1162	1138
1162	1237	1138
1162	1216	1237
1162	1165	1216
1162	1134	1165
1162	1119	1134
1119	1049	1134
1119	1015	1049
1015	980	1049
980	953	1049
953	1013	1049
953	867	1013
867	853	1013
853	877	1013
853	795	877
853	788	795
788	744	795
744	745	795
745	771	795
745	738	771
738	685	771
745	744	738
788	702	744
788	750	702
750	725	702
725	647	702
725	664	647
664	559	647
664	608	559
608	602	559
602	524	559
524	522	559
524	556	522
556	542	522
556	576	542
576	589	542
576	546	589
546	570	589
570	596	589
596	611	589
596	617	611
617	640	611
617	641	640
641	673	640
641	630	673
630	690	673
690	710	673
710	678	673
710	726	678
726	723	678
723	685	678
690	752	710
752	743	710
641	617	630
617	599	630
617	596	599
596	570	599
570	534	599
570	548	534
548	480	534
480	490	534
490	580	534
480	435	490
435	494	490
435	441	494
441	544	494
441	592	544
592	623	544
623	639	544
623	778	639
778	776	639
623	740	778
623	592	740
441	471	592
441	394	471
394	457	471
457	516	471
457	377	516
377	507	516
377	390	507
390	463	507
390	361	463
361	393	463
393	491	463
393	371	491
393	297	371
297	286	371
297	230	286
230	212	286
212	227	286
212	170	227
170	172	227
172	240	227
240	296	227
296	355	227
296	388	355
388	455	355
296	243	388
296	240	243
240	229	243
240	197	229
197	214	229
240	172	197
172	171	197
172	135	171
135	133	171
133	132	171
132	147	171
132	131	147
131	136	147
136	152	147
152	173	147
152	144	173
144	185	173
185	208	173
185	225	208
185	183	225
185	168	183
168	148	183
148	164	183
168	143	148
143	77	148
143	89	77
89	56	77
56	71	77
71	108	77
89	80	56
80	70	56
89	131	80
131	132	80
89	136	131
89	144	136
144	152	136
89	143	144
143	168	144
168	185	144
172	140	135
140	98	135
140	104	98
140	155	104
155	141	104
141	122	104
141	169	122
169	127	122
127	109	122
127	195	109
195	207	109
195	235	207
195	198	235
198	210	235
210	269	235
269	289	235
269	294	289
294	384	289
384	402	289
384	467	402
467	483	402
483	422	402
483	503	422
503	434	422
434	396	422
434	409	396
434	464	409
434	503	464
503	510	464
503	505	510
505	602	510
602	631	510
602	653	631
602	660	653
660	714	653
714	701	653
701	754	653
701	782	754
782	920	754
920	765	754
920	862	765
782	824	920
782	768	824
768	714	824
714	724	824
714	676	724
676	664	724
664	725	724
676	608	664
676	660	608
660	602	608
676	714	660
768	701	714
768	782	701
505	515	602
515	524	602
515	571	524
571	556	524
571	576	556
571	563	576
563	546	576
563	456	546
456	517	546
517	570	546
517	548	570
517	480	548
517	426	480
426	445	480
445	435	480
445	404	435
404	441	435
404	394	441
404	398	394
398	372	394
372	301	394
301	377	394
377	457	394
301	285	377
285	361	377
361	390	377
285	297	361
297	393	361
285	230	297
285	283	230
283	244	230
244	199	230
199	212	230
199	170	212
199	177	170
177	141	170
141	155	170
155	172	170
155	140	172
177	169	141
177	210	169
210	198	169
198	195	169
195	127	169
177	199	210
199	249	210
249	269	210
199	244	249
283	312	244
283	301	312
301	372	312
283	285	301
398	426	372
426	456	372
426	517	456
398	445	426
398	404	445
563	506	456
506	412	456
412	381	456
412	384	381
384	294	381
412	504	384
504	467	384
504	539	467
539	483	467
539	503	483
539	555	503
555	505	503
555	515	505
555	571	515
555	529	571
529	563	571
529	506	563
529	504	506
504	412	506
529	539	504
529	555	539
788	867	750
788	853	867
980	1015	953
1015	1053	953
1015	1074	1053
1074	1086	1053
1074	1133	1086
1133	1129	1086
1074	1090	1133
1074	1015	1090
1015	1119	1090
1203	1143	1129
1203	1180	1143
1180	1115	1143
1115	1048	1143
1115	1052	1048
1052	1005	1048
1005	1034	1048
1034	1080	1048
1034	1059	1080
1059	1068	1080
1068	1025	1080
1025	1086	1080
1068	987	1025
1068	1011	987
1068	1036	1011
1068	1059	1036
1059	1034	1036
1034	1041	1036
1034	1003	1041
1003	1035	1041
1035	1031	1041
1031	998	1041
1034	974	1003
1034	1005	974
1005	966	974
966	896	974
966	906	896
906	798	896
906	860	798
860	762	798
906	889	860
1005	1052	966
1203	1190	1180
1203	1263	1190
1263	1292	1190
1345	1286	1292
907	901	889
94	129	108
94	105	129
105	114	129
105	94	114
94	118	114
118	156	114
118	145	156
118	91	145
87	128	91
87	83	128
83	117	128
117	159	128
159	178	128
178	176	128
178	231	176
178	242	231
242	263	231
263	245	231
263	262	245
263	284	262
263	370	284
263	317	370
317	416	370
416	429	370
429	465	370
465	481	370
465	497	481
497	551	481
497	550	551
550	686	551
686	692	551
550	649	686
649	821	686
649	764	821
764	854	821
764	755	854
755	823	854
823	895	854
823	865	895
865	935	895
865	937	935
937	1021	935
937	992	1021
992	1064	1021
992	1001	1064
1001	1058	1064
1001	968	1058
968	1061	1058
968	1012	1061
1012	1067	1061
1012	1057	1067
1057	1139	1067
1057	979	1139
1057	1012	979
1012	968	979
968	917	979
917	930	979
917	818	930
968	796	917
968	946	796
946	937	796
937	775	796
775	756	796
756	722	796
722	659	796
722	720	659
720	587	659
587	514	659
587	470	514
587	535	470
535	428	470
428	382	470
382	403	470
382	277	403
277	364	403
277	273	364
277	253	273
253	238	273
238	215	273
215	234	273
238	196	215
238	202	196
238	253	202
253	222	202
222	159	202
159	158	202
159	117	158
117	112	158
117	95	112
117	83	95
83	46	95
46	75	95
46	38	75
38	48	75
38	17	48
46	28	38
46	41	28
46	55	41
55	54	41
55	83	54
55	46	83
222	178	159
222	242	178
222	250	242
250	263	242
250	317	263
250	334	317
334	416	317
334	382	416
382	428	416
428	431	416
431	429	416
431	535	429
535	465	429
535	497	465
535	550	497
535	619	550
619	633	550
633	649	550
633	705	649
705	764	649
705	755	764
705	823	755
705	715	823
715	775	823
775	865	823
775	937	865
715	720	775
720	756	775
720	722	756
715	587	720
715	619	587
619	535	587
715	633	619
715	705	633
431	428	535
334	277	382
334	250	277
250	253	277
250	222	253
946	992	937
946	1001	992
946	968	1001
835	786	723
786	771	723
786	807	771
807	834	771
834	929	771
834	931	929
931	991	929
991	945	929
991	1078	945
1078	990	945
991	1071	1078
1071	1207	1078
991	985	1071
991	931	985
931	932	985
931	834	932
834	801	932
801	835	932
801	786	835
801	807	786
801	834	807
1321	1285	1207
1285	1287	1207
1285	1368	1287
1285	1321	1368
8	20	16
20	3	16
20	13	3
13	78	3
13	67	78
188	203	332
203	261	332
261	343	332
200	274	233
251	341	331
341	526	331
282	407	418
418	459	282
305	401	368
401	451	368
342	349	453
453	512	342
342	254	349
405	527	600
527	699	600
699	711	600
711	557	600
711	597	557
711	855	597
855	742	597
742	666	597
666	486	597
666	654	486
654	613	486
654	616	613
616	526	613
666	832	654
832	874	654
832	1060	874
666	742	832
742	855	832
711	938	855
527	769	699
477	493	532
500	536	581
536	593	581
593	747	581
747	712	581
747	851	712
747	893	851
893	950	851
950	914	851
893	1148	950
893	1046	1148
747	671	893
747	593	671
593	621	671
593	536	621
533	643	799
799	634	533
799	909	634
586	674	774
594	612	627
618	700	737
700	840	737
700	844	840
844	994	840
994	881	840
844	885	994
844	846	885
846	753	885
753	859	885
844	700	846
618	489	700
644	651	791
651	833	791
791	790	644
655	888	941
941	908	655
908	632	655
908	800	632
908	899	800
899	869	800
899	933	869
933	1009	869
933	1187	1009
1187	1184	1009
1184	1158	1009
1158	1026	1009
1026	1002	1009
1184	1176	1158
1184	1333	1176
1333	1314	1176
1333	1446	1314
1333	1458	1446
1458	1537	1446
1537	1595	1446
1458	1606	1537
1184	1235	1333
1184	1187	1235
1187	1288	1235
1187	1151	1288
1151	1233	1288
1151	1197	1233
1197	1283	1233
1283	1337	1233
1283	1379	1337
1379	1461	1337
1379	1539	1461
1197	1354	1283
1197	1132	1354
1132	1213	1354
1132	962	1213
1197	1142	1132
1197	1151	1142
1151	1032	1142
1151	933	1032
933	899	1032
899	908	1032
908	941	1032
1151	1187	933
681	709	781
709	758	781
758	936	781
936	947	781
688	741	838
741	922	838
922	903	838
903	916	838
916	679	838
903	1082	916
903	1072	1082
1072	1193	1082
1193	1232	1082
1232	1224	1082
1232	1243	1224
1232	1405	1243
1405	1388	1243
1388	1247	1243
1388	1310	1247
1310	1150	1247
1150	1081	1247
1150	1084	1081
1084	1047	1081
1047	916	1081
1047	1000	916
1000	959	916
1047	1084	1000
1084	1181	1000
1181	1120	1000
1181	1164	1120
1164	1156	1120
1164	1252	1156
1252	1313	1156
1313	1167	1156
1167	1116	1156
1167	1246	1116
1164	1221	1252
1164	1181	1221
1084	1150	1181
1405	1540	1388
1540	1566	1388
1232	1347	1405
1232	1193	1347
1193	1244	1347
1244	1339	1347
1072	1029	1193
1072	922	1029
922	921	1029
921	1066	1029
922	741	921
1072	903	922
697	779	820
820	803	697
820	910	803
728	809	928
751	772	887
761	816	783
816	825	783
816	842	825
808	817	837
837	911	808
817	970	837
828	1065	1030
873	939	983
883	999	1040
999	1054	1040
1054	1160	1040
1160	1144	1040
999	955	1054
918	1186	1113
1186	1324	1113
1186	1307	1324
1186	1189	1307
1189	1215	1307
927	984	1062
976	1004	1093
1004	1201	1093
995	1019	1111
996	1110	1141
1141	1046	996
1010	1172	1109
1010	1149	1172
1024	1083	1206
1083	1242	1206
1083	1126	1242
1126	1312	1242
1126	1208	1312
1208	1372	1312
1372	1413	1312
1208	1198	1372
1198	1308	1372
1308	1397	1372
1397	1586	1372
1397	1612	1586
1612	1637	1586
1637	1648	1586
1648	1617	1586
1648	1838	1617
1637	1691	1648
1637	1612	1691
1612	1471	1691
1612	1397	1471
1208	1126	1198
1126	1108	1198
1126	1083	1108
1033	1117	1211
1117	1241	1211
1117	1146	1241
1042	1097	1112
1042	1030	1097
1063	1170	1163
1170	1199	1163
1199	1220	1163
1170	1351	1199
1170	1261	1351
1261	1475	1351
1261	1367	1475
1367	1541	1475
1261	1209	1367
1075	1212	1092
1088	1276	1205
1276	1317	1205
1098	1245	1269
1245	1406	1269
1245	1334	1406
1334	1416	1406
1334	1230	1416
1230	1402	1416
1402	1449	1416
1402	1508	1449
1334	1245	1230
1245	1131	1230
1269	1266	1098
1266	1248	1098
1266	1278	1248
1278	1309	1248
1278	1330	1309
1278	1266	1330
1103	1298	1127
1128	1188	1225
1225	1270	1128
1225	1382	1270
1382	1346	1270
1225	1223	1382
1223	1444	1382
1223	1425	1444
1425	1513	1444
1425	1512	1513
1425	1415	1512
1425	1315	1415
1315	1322	1415
1425	1223	1315
1225	1188	1223
1188	1157	1223
1140	1183	1281
1147	1179	1260
1147	1122	1179
1179	1222	1260
1222	1369	1260
1369	1366	1260
1366	1265	1260
1265	1147	1260
1366	1392	1265
1366	1369	1392
1369	1420	1392
1420	1417	1392
1369	1389	1420
1369	1222	1389
1155	1182	1251
1171	1284	1360
1200	1253	1249
1218	1437	1408
1437	1426	1408
1426	1473	1408
1473	1335	1408
1426	1611	1473
1611	1561	1473
1426	1437	1611
1437	1555	1611
1437	1429	1555
1429	1441	1555
1441	1653	1555
1653	1712	1555
1653	1673	1712
1653	1594	1673
1594	1616	1673
1616	1735	1673
1653	1441	1594
1429	1403	1441
1226	1293	1363
1231	1272	1275
1272	1332	1275
1240	1319	1348
1319	1378	1348
1378	1364	1348
1378	1407	1364
1257	1412	1404
1412	1517	1404
1264	1384	1303
1384	1328	1303
1384	1436	1328
1277	1327	1489
1277	1212	1327
1279	1396	1349
1396	1556	1349
1316	1362	1414
1316	1281	1362
1362	1474	1414
1474	1485	1414
1485	1439	1414
1331	1380	1358
1341	1506	1534
1342	1350	1454
1454	1423	1342
1355	1440	1526
1440	1492	1526
1492	1600	1526
1600	1564	1526
1564	1548	1526
1548	1455	1526
1455	1355	1526
1548	1589	1455
1548	1564	1589
1564	1600	1589
1440	1419	1492
1419	1463	1492
1359	1522	1422
1522	1597	1422
1597	1434	1422
1597	1431	1434
1522	1680	1597
1680	1627	1597
1680	1749	1627
1749	1654	1627
1680	1736	1749
1736	1805	1749
1736	1720	1805
1720	1806	1805
1806	1827	1805
1736	1680	1720
1680	1522	1720
1522	1558	1720
1365	1395	1418
1365	1251	1395
1410	1479	1505
1479	1554	1505
1554	1504	1505
1479	1638	1554
1424	1571	1510
1571	1640	1510
1640	1580	1510
1571	1802	1640
1802	1884	1640
1447	1476	1529
1529	1533	1447
1448	1470	1467
1470	1569	1467
1470	1579	1569
1579	1630	1569
1630	1604	1569
1604	1590	1569
1590	1574	1569
1590	1604	1574
1604	1581	1574
1579	1592	1630
1579	1470	1592
1470	1481	1592
1481	1575	1592
1459	1562	1484
1484	1307	1459
1562	1632	1484
1632	1697	1484
1697	1745	1484
1745	1733	1484
1745	1866	1733
1866	1908	1733
1908	1844	1733
1844	1707	1733
1707	1689	1733
1707	1844	1689
1844	1691	1689
1844	1903	1691
1844	1908	1903
1908	2123	1903
1866	1982	1908
1866	1972	1982
1972	2056	1982
1972	1866	2056
1460	1573	1585
1464	1523	1649
1523	1595	1649
1595	1776	1649
1649	1634	1464
1634	1543	1464
1634	1663	1543
1477	1501	1602
1501	1553	1602
1553	1714	1602
1714	1779	1602
1480	1544	1588
1544	1678	1588
1678	1662	1588
1662	1530	1588
1530	1480	1588
1662	1549	1530
1544	1623	1678
1483	1674	1516
1483	1657	1674
1483	1635	1657
1488	1613	1719
1613	1687	1719
1613	1493	1687
1490	1536	1625
1491	1572	1578
1572	1593	1578
1593	1671	1578
1593	1610	1671
1610	1641	1671
1610	1644	1641
1610	1572	1644
1572	1552	1644
1610	1593	1572
1502	1666	1646
1503	1519	1599
1599	1591	1503
1520	1708	1521
1524	1667	1715
1524	1556	1667
1667	1713	1715
1713	1765	1715
1713	1877	1765
1713	1831	1877
1831	1880	1877
1880	1980	1877
1880	2029	1980
2029	2048	1980
1880	1965	2029
1965	2051	2029
2051	2114	2029
1965	1951	2051
1965	1880	1951
1880	1768	1951
1880	1831	1768
1715	1570	1524
1527	1598	1668
1598	1695	1668
1668	1540	1527
1528	1628	1559
1559	1454	1528
1559	1557	1454
1528	1545	1628
1545	1560	1628
1560	1682	1628
1682	1738	1628
1532	1675	1645
1675	1732	1645
1538	1633	1583
1542	1642	1656
1551	1639	1773
1551	1561	1639
1567	1587	1751
1567	1489	1587
1587	1818	1751
1818	1839	1751
1839	1754	1751
1754	1567	1751
1839	1959	1754
1959	1783	1754
1783	1750	1754
1783	1881	1750
1783	1959	1881
1959	2006	1881
2006	1956	1881
1956	1974	1881
1956	2125	1974
1956	2006	2125
2006	2078	2125
2078	2186	2125
2186	2174	2125
2186	2280	2174
1839	1941	1959
1839	1818	1941
1587	1767	1818
1587	1650	1767
1650	1759	1767
1650	1709	1759
1587	1517	1650
1596	1742	1702
1607	1688	1664
1607	1485	1688
1609	1658	1706
1658	1798	1706
1658	1663	1798
1614	1690	1757
1620	1771	1651
1651	1420	1620
1771	1717	1651
1771	1834	1717
1834	1747	1717
1834	1846	1747
1626	1670	1780
1631	1755	1676
1631	1832	1755
1660	1681	1807
1681	1721	1807
1721	1770	1807
1807	1829	1660
1661	1809	1810
1679	1718	1878
1718	1794	1878
1718	1744	1794
1744	1910	1794
1910	1948	1794
1910	2008	1948
2008	2080	1948
2080	2104	1948
2080	2153	2104
2153	2082	2104
2153	2172	2082
2172	2057	2082
2057	1878	2082
2057	1992	1878
1992	1970	1878
1970	1777	1878
1777	1711	1878
1711	1679	1878
1711	1461	1679
1777	1696	1711
1696	1606	1711
1696	1685	1606
1696	1898	1685
1898	1858	1685
1858	1776	1685
1898	1911	1858
1911	1985	1858
1911	2062	1985
2062	2157	1985
2157	2180	1985
2180	2075	1985
2157	2252	2180
2062	2169	2157
2062	2038	2169
2038	2250	2169
2250	2281	2169
2250	2374	2281
2374	2377	2281
2374	2480	2377
2062	1911	2038
1911	1898	2038
1898	2035	2038
1898	1970	2035
1970	2031	2035
1970	1992	2031
1992	2057	2031
1898	1777	1970
1898	1696	1777
2153	2254	2172
2254	2250	2172
2153	2359	2254
2153	2343	2359
2343	2371	2359
2371	2515	2359
2371	2501	2515
2501	2514	2515
2514	2566	2515
2566	2613	2515
2613	2731	2515
2731	2671	2515
2731	2702	2671
2702	2589	2671
2731	2885	2702
2885	2903	2702
2903	2844	2702
2903	2933	2844
2933	2794	2844
2794	2691	2844
2794	2634	2691
2634	2480	2691
2903	2981	2933
2885	2999	2903
2885	2814	2999
2814	2986	2999
2885	2731	2814
2731	2613	2814
2566	2558	2613
2566	2404	2558
2404	2441	2558
2441	2523	2558
2523	2623	2558
2441	2399	2523
2399	2477	2523
2441	2404	2399
2404	2300	2399
2404	2203	2300
2203	2134	2300
2203	2086	2134
2086	2016	2134
2016	2227	2134
2016	2141	2227
2141	2208	2227
2208	2455	2227
2208	2420	2455
2208	2401	2420
2208	2205	2401
2205	2269	2401
2269	2483	2401
2269	2502	2483
2502	2590	2483
2502	2563	2590
2563	2674	2590
2269	2270	2502
2208	2015	2205
2015	2048	2205
2208	2109	2015
2109	1998	2015
2208	2141	2109
2141	1996	2109
2141	2016	1996
2016	1928	1996
1928	1884	1996
1928	1762	1884
2016	2086	1928
2203	2008	2086
2008	1910	2086
2203	2080	2008
2404	2371	2203
2371	2343	2203
2404	2514	2371
2514	2501	2371
2404	2566	2514
2153	2080	2343
1744	1710	1910
1710	1793	1910
1793	1928	1910
1693	1703	1763
1763	1700	1693
1763	1867	1700
1705	1801	1815
1801	1856	1815
1856	2013	1815
2013	1901	1815
2013	2046	1901
2046	1906	1901
2013	2022	2046
2022	2047	2046
2047	2247	2046
2247	2248	2046
2248	2098	2046
2248	2308	2098
2308	2313	2098
2248	2305	2308
2248	2346	2305
2248	2247	2346
2047	2094	2247
2094	2324	2247
2094	2326	2324
2094	2188	2326
2188	2288	2326
2188	2177	2288
2188	2094	2177
2047	1856	2094
2047	2022	1856
2022	2013	1856
1723	1786	1726
1726	1714	1723
1723	1912	1786
1912	1892	1786
1912	1920	1892
1912	1947	1920
1912	1869	1947
1869	1924	1947
1924	1957	1947
1957	2039	1947
1957	2073	2039
2073	2097	2039
1957	1924	2073
1912	1723	1869
1734	1753	1823
1823	1854	1734
1737	1821	1746
1821	1837	1746
1741	1890	1761
1743	1769	1852
1758	1788	1813
1788	2001	1813
2001	1812	1813
1788	2004	2001
1766	1817	1781
1817	1874	1781
1817	1967	1874
1967	2020	1874
1967	2010	2020
1775	1851	1850
1850	1803	1775
1851	1897	1850
1782	1830	1792
1830	1836	1792
1784	1835	1886
1784	1779	1835
1835	1988	1886
1988	2012	1886
2012	1958	1886
1958	1870	1886
1870	1784	1886
1958	1949	1870
1958	2068	1949
1785	1937	1833
1789	1811	1808
1804	1845	1826
1845	1929	1826
1929	1857	1826
1929	1953	1857
1845	1930	1929
1814	1868	1900
1868	1964	1900
1964	1962	1900
1964	2058	1962
1964	2040	2058
1964	1979	2040
1964	1868	1979
1868	1849	1979
1819	1909	1902
1820	2050	1864
1822	1907	1859
1907	1961	1859
1907	2090	1961
1907	1987	2090
1987	2135	2090
1987	2189	2135
1841	1861	1926
1861	1883	1926
1883	1966	1926
1966	2100	1926
1883	1946	1966
1883	1757	1946
1757	1764	1946
1883	1861	1757
1926	1770	1841
1873	1891	1983
1885	1914	1940
1940	1967	1885
1914	1997	1940
1885	1854	1914
1921	1995	1923
1995	2005	1923
1921	1990	1995
1922	1943	2007
1943	2041	2007
2007	2025	1922
2007	2101	2025
2007	2112	2101
1925	2021	2061
1935	2054	2064
1936	1942	1939
1938	2045	1944
1944	1852	1938
2045	2014	1944
2045	2142	2014
1938	2019	2045
1952	2176	2149
2176	2229	2149
1960	2182	2059
1960	2144	2182
1968	2076	2024
2076	2166	2024
2166	2083	2024
2076	2271	2166
2271	2263	2166
2076	2260	2271
2260	2362	2271
2362	2422	2271
2362	2407	2422
2407	2582	2422
2362	2260	2407
1969	2000	2044
1978	2088	2102
2088	2196	2102
2088	2072	2196
2088	2028	2072
2028	1941	2072
2028	1978	1941
2028	2088	1978
1984	2147	2145
2027	2161	2178
2161	2225	2178
2225	2251	2178
2030	2116	2099
2052	2143	2087
2143	2220	2087
2220	2056	2087
2055	2110	2124
2110	2171	2124
2171	2262	2124
2262	2165	2124
2165	2084	2124
2067	2121	2130
2070	2217	2139
2091	2095	2132
2091	2020	2095
2091	2021	2020
2132	2133	2091
2092	2195	2198
2092	2100	2195
2195	2279	2198
2279	2290	2198
2096	2303	2181
2111	2233	2276
2233	2333	2276
2122	2213	2219
2213	2295	2219
2213	2278	2295
2213	2249	2278
2249	2378	2278
2378	2389	2278
2378	2503	2389
2503	2486	2389
2249	2332	2378
2127	2232	2163
2232	2361	2163
2361	2315	2163
2361	2496	2315
2496	2470	2315
2470	2286	2315
2470	2415	2286
2415	2182	2286
2470	2552	2415
2470	2530	2552
2470	2496	2530
2496	2546	2530
2496	2729	2546
2361	2424	2496
2424	2474	2496
2424	2471	2474
2127	2159	2232
2159	2160	2232
2160	2240	2232
2240	2309	2232
2128	2129	2151
2151	2245	2128
2151	2192	2245
2192	2321	2245
2192	2210	2321
2151	2129	2192
2131	2230	2307
2230	2402	2307
2402	2432	2307
2230	2317	2402
2140	2197	2306
2162	2218	2231
2185	2239	2304
2190	2354	2284
2193	2314	2222
2222	2132	2193
2222	2274	2132
2222	2314	2274
2201	2237	2258
2237	2351	2258
2237	2409	2351
2409	2435	2351
2204	2312	2246
2209	2319	2366
2319	2425	2366
2425	2430	2366
2425	2464	2430
2425	2445	2464
2445	2562	2464
2445	2535	2562
2445	2434	2535
2434	2522	2535
2522	2601	2535
2601	2721	2535
2434	2403	2522
2445	2352	2434
2445	2319	2352
2445	2425	2319
2366	2255	2209
2211	2398	2365
2398	2520	2365
2212	2257	2235
2235	2147	2212
2235	2236	2147
2224	2310	2442
2310	2459	2442
2459	2463	2442
2463	2454	2442
2463	2579	2454
2579	2563	2454
2310	2335	2459
2335	2511	2459
2234	2302	2275
2238	2282	2294
2241	2458	2461
2243	2338	2267
2338	2327	2267
2327	2268	2267
2327	2323	2268
2338	2467	2327
2338	2488	2467
2488	2572	2467
2488	2476	2572
2476	2616	2572
2616	2638	2572
2638	2598	2572
2616	2735	2638
2616	2682	2735
2616	2587	2682
2587	2604	2682
2604	2808	2682
2587	2521	2604
2587	2433	2521
2433	2414	2521
2433	2344	2414
2587	2476	2433
2587	2616	2476
2488	2338	2476
2253	2272	2469
2272	2443	2469
2443	2531	2469
2531	2536	2469
2536	2603	2469
2603	2379	2469
2603	2607	2379
2607	2429	2379
2429	2354	2379
2607	2583	2429
2583	2541	2429
2583	2665	2541
2665	2573	2541
2665	2799	2573
2799	2672	2573
2799	2842	2672
2842	2633	2672
2842	2632	2633
2632	2507	2633
2665	2899	2799
2899	2916	2799
2665	2714	2899
2665	2583	2714
2531	2576	2536
2576	2762	2536
2576	2763	2762
2763	2790	2762
2790	2868	2762
2868	2826	2762
2868	2914	2826
2914	2940	2826
2940	3078	2826
2790	2974	2868
2576	2555	2763
2576	2531	2555
2531	2443	2555
2443	2397	2555
2256	2423	2405
2423	2549	2405
2423	2452	2549
2452	2594	2549
2259	2289	2357
2289	2380	2357
2380	2431	2357
2431	2516	2357
2516	2387	2357
2387	2296	2357
2296	2259	2357
2387	2291	2296
2516	2473	2387
2473	2453	2387
2516	2639	2473
2639	2588	2473
2431	2519	2516
2431	2386	2519
2431	2380	2386
2380	2353	2386
2380	2289	2353
2265	2328	2394
2266	2395	2381
2266	2390	2395
2390	2497	2395
2287	2417	2358
2358	2143	2287
2297	2345	2376
2297	2251	2345
2299	2364	2301
2364	2487	2301
2311	2339	2360
2322	2392	2342
2322	2462	2392
2462	2436	2392
2330	2478	2509
2509	2472	2330
2337	2413	2448
2413	2564	2448
2340	2356	2446
2356	2484	2446
2355	2468	2494
2368	2499	2372
2499	2497	2372
2497	2341	2372
2499	2625	2497
2499	2683	2625
2388	2416	2460
2460	2526	2388
2400	2479	2500
2500	2412	2400
2500	2548	2412
2548	2449	2412
2449	2458	2412
2449	2612	2458
2449	2548	2612
2406	2510	2527
2406	2487	2510
2487	2529	2510
2529	2698	2510
2698	2775	2510
2698	2881	2775
2881	2872	2775
2872	2772	2775
2772	2693	2775
2693	2527	2775
2872	2853	2772
2872	3008	2853
3008	3058	2853
3058	2968	2853
2968	2875	2853
3008	3111	3058
3111	3138	3058
3111	3321	3138
2698	2720	2881
2698	2584	2720
2698	2529	2584
2529	2487	2584
2410	2532	2517
2517	2586	2410
2517	2739	2586
2739	2654	2586
2654	2569	2586
2654	2669	2569
2669	2513	2569
2654	2746	2669
2654	2856	2746
2654	2739	2856
2739	2926	2856
2926	3066	2856
2739	2766	2926
2766	2822	2926
2822	2957	2926
2822	2782	2957
2782	2927	2957
2927	3012	2957
2927	2939	3012
2939	3181	3012
3181	3220	3012
3181	3204	3220
3181	3241	3204
3181	3093	3241
3093	3243	3241
3181	2939	3093
2939	3015	3093
3015	3062	3093
2939	2759	3015
2939	2927	2759
2927	2782	2759
2822	2646	2782
2822	2766	2646
2766	2532	2646
2532	2560	2646
2766	2739	2532
2739	2517	2532
2419	2537	2628
2447	2504	2493
2504	2570	2493
2504	2605	2570
2457	2559	2600
2600	2597	2457
2600	2653	2597
2653	2701	2597
2701	2568	2597
2568	2520	2597
2701	2685	2568
2701	2780	2685
2701	2734	2780
2734	2850	2780
2850	2838	2780
2838	2819	2780
2850	2967	2838
2850	2936	2967
2936	3024	2967
3024	2995	2967
3024	3134	2995
3134	2980	2995
3134	3079	2980
3079	3006	2980
3134	3164	3079
2936	2993	3024
2936	3017	2993
2936	2962	3017
2962	2975	3017
2701	2653	2734
2653	2686	2734
2653	2600	2686
2475	2540	2481
2540	2539	2481
2540	2637	2539
2637	2664	2539
2508	2543	2615
2512	2657	2626
2518	2650	2592
2650	2649	2592
2649	2582	2592
2649	2727	2582
2727	2676	2582
2676	2706	2582
2676	2738	2706
2738	2857	2706
2676	2727	2738
2649	2741	2727
2741	2800	2727
2649	2650	2741
2524	2647	2627
2525	2641	2659
2534	2697	2547
2534	2561	2697
2561	2765	2697
2538	2585	2557
2557	2556	2538
2557	2585	2556
2544	2596	2648
2596	2670	2648
2596	2699	2670
2699	2840	2670
2699	2890	2840
2890	2996	2840
2996	2965	2840
2890	3082	2996
3082	3113	2996
2544	2577	2596
2545	2593	2571
2545	2550	2593
2550	2567	2593
2553	2688	2624
2688	2737	2624
2575	2660	2700
2660	2854	2700
2660	2862	2854
2862	2865	2854
2865	3004	2854
3004	2848	2854
3004	2928	2848
2928	2847	2848
2847	2820	2848
2928	2977	2847
2977	2960	2847
2977	3018	2960
3018	2925	2960
2977	3117	3018
2928	2976	2977
2976	3142	2977
2976	3004	3142
3004	3135	3142
3135	3223	3142
3004	3059	3135
2976	2928	3004
2660	2792	2862
2578	2609	2642
2609	2643	2642
2591	2716	2710
2716	2852	2710
2852	2787	2710
2787	2689	2710
2716	2860	2852
2716	2737	2860
2595	2645	2656
2645	2742	2656
2645	2703	2742
2703	2835	2742
2703	2874	2835
2874	2869	2835
2703	2833	2874
2703	2709	2833
2709	2635	2833
2635	2816	2833
2635	2711	2816
2703	2680	2709
2703	2617	2680
2703	2645	2617
2645	2595	2617
2602	2745	2652
2619	2668	2696
2636	2752	2724
2724	2585	2636
2752	2722	2724
2752	2750	2722
2750	2677	2722
2636	2796	2752
2636	2771	2796
2771	2829	2796
2681	2705	2728
2728	2759	2681
2759	2661	2681
2661	2497	2681
2705	2889	2728
2684	2733	2768
2690	2764	2695
2764	2743	2695
2764	2770	2743
2770	2637	2743
2764	2979	2770
2979	2917	2770
2979	3071	2917
3071	3072	2917
3072	2918	2917
3072	2978	2918
2978	2972	2918
2978	3029	2972
3029	3118	2972
3118	3001	2972
3001	2866	2972
3118	3119	3001
3118	3251	3119
3251	3284	3119
3284	3195	3119
3195	3109	3119
3284	3243	3195
3251	3355	3284
3355	3427	3284
3427	3531	3284
3427	3583	3531
3583	3637	3531
3637	3543	3531
3637	3715	3543
3715	3650	3543
3650	3428	3543
3650	3575	3428
3715	3807	3650
3807	3848	3650
3807	3994	3848
3994	3983	3848
3983	3956	3848
3983	4047	3956
4047	3887	3956
3994	4013	3983
3807	3830	3994
3830	3860	3994
3830	3715	3860
3715	3637	3860
3637	3819	3860
3819	3909	3860
3819	3875	3909
3875	3921	3909
3875	3761	3921
3761	3851	3921
3761	3787	3851
3787	3932	3851
3787	3900	3932
3787	3747	3900
3747	3788	3900
3788	3897	3900
3897	3936	3900
3897	3941	3936
3761	3593	3787
3875	3819	3761
3819	3645	3761
3819	3637	3645
3637	3583	3645
3830	3807	3715
3355	3442	3427
2978	3072	3029
3072	3137	3029
2692	2769	2753
2753	2657	2692
2718	2789	2825
2718	2628	2789
2825	2748	2718
2744	2802	2777
2802	2946	2777
2802	3009	2946
2802	2954	3009
2954	3067	3009
3067	3053	3009
2954	3120	3067
2954	3123	3120
2802	2821	2954
2802	2744	2821
2747	2871	2810
2751	2803	2795
2803	2849	2795
2849	2986	2795
2849	2997	2986
2997	3152	2986
2997	3145	3152
3145	3257	3152
2849	2864	2997
2849	2803	2864
2803	2623	2864
2623	2886	2864
2623	2818	2886
2755	2843	2841
2760	2788	2900
2760	2674	2788
2788	2921	2900
2773	2781	2964
2781	2894	2964
2776	2832	2831
2778	2811	2893
2893	2792	2778
2785	2901	2895
2901	3010	2895
2804	2859	2867
2867	2813	2804
2867	2861	2813
2859	2876	2867
2859	2922	2876
2859	2884	2922
2884	2883	2922
2806	3019	2830
3019	2910	2830
3019	3051	2910
3051	2880	2910
3051	3031	2880
3031	2955	2880
3031	3061	2955
3061	3043	2955
3043	2953	2955
3061	3121	3043
3061	3258	3121
3061	3112	3258
3112	3212	3258
3112	3051	3212
3051	3124	3212
3124	3292	3212
3124	3283	3292
3283	3375	3292
3283	3338	3375
3338	3317	3375
3317	3567	3375
3567	3613	3375
3613	3459	3375
3613	3674	3459
3674	3625	3459
3674	3699	3625
3699	3586	3625
3586	3554	3625
3699	3713	3586
3699	3748	3713
3699	3674	3748
3674	3852	3748
3852	3827	3748
3567	3670	3613
3338	3283	3317
3283	3246	3317
3051	3019	3124
3112	3031	3051
3112	3061	3031
2806	2851	3019
2851	3037	3019
2851	2878	3037
2807	2897	2902
2807	2863	2897
2863	2932	2897
2863	3016	2932
3016	3023	2932
3016	3203	3023
2807	2729	2863
2729	2748	2863
2817	3025	2912
2828	2920	2959
2920	2990	2959
2990	2985	2959
2985	2973	2959
2985	3140	2973
3140	2966	2973
2985	2990	3140
2920	2991	2990
2828	2787	2920
2855	2956	2930
2956	2989	2930
2989	2998	2930
2989	3156	2998
3156	3226	2998
3156	3252	3226
3156	3136	3252
3156	2989	3136
2989	2956	3136
2858	3013	2992
3013	3102	2992
3102	3045	2992
3045	2945	2992
3013	3092	3102
3092	3194	3102
3013	2937	3092
3013	2858	2937
2870	3022	2919
2919	2843	2870
2870	3052	3022
3052	3174	3022
2870	2944	3052
2870	2888	2944
2882	2942	2951
2942	3060	2951
3060	3068	2951
3068	2971	2951
2971	2745	2951
2745	2882	2951
2745	2784	2882
3060	3163	3068
3163	3050	3068
3163	3210	3050
3163	3293	3210
3293	3327	3210
3060	3088	3163
3088	3157	3163
3060	2942	3088
2887	3000	2941
3000	3127	2941
3000	3097	3127
3097	3236	3127
2891	2923	2909
2923	2987	2909
2892	2929	2950
2896	2961	2934
2934	2908	2896
2904	2958	3021
2905	2948	3129
2905	2857	2948
3129	2952	2905
3129	3039	2952
2911	3002	3035
3035	3025	2911
3035	3076	3025
3076	3074	3025
3076	3141	3074
3141	3336	3074
3336	3279	3074
3279	3084	3074
3279	3177	3084
3177	3032	3084
3076	3035	3141
3002	3104	3035
3104	3150	3035
3104	3098	3150
3098	3299	3150
3104	3081	3098
3081	2969	3098
3081	3002	2969
3002	2911	2969
3081	3104	3002
2947	3044	3086
2963	2994	3189
3189	3207	2963
3207	3169	2963
3207	3196	3169
3207	3334	3196
3334	3139	3196
3207	3402	3334
3402	3454	3334
3454	3395	3334
3454	3480	3395
3454	3631	3480
3454	3402	3631
3402	3639	3631
3639	3720	3631
3720	3747	3631
3189	3322	3207
3189	3335	3322
3335	3510	3322
2988	3128	3007
3128	3090	3007
3128	3237	3090
3027	3038	3064
3038	3206	3064
3027	2881	3038
2881	3006	3038
3030	3047	3100
3100	3190	3030
3100	3260	3190
3260	3182	3190
3260	3307	3182
3307	3236	3182
3307	3421	3236
3421	3325	3236
3307	3418	3421
3307	3260	3418
3260	3295	3418
3295	3306	3418
3306	3410	3418
3295	3155	3306
3295	3260	3155
3260	3100	3155
3036	3075	3094
3065	3101	3173
3065	2921	3101
2921	3077	3101
3077	3159	3101
3159	3225	3101
3159	3178	3225
3178	3351	3225
3351	3386	3225
3178	3373	3351
3159	3077	3178
3077	3151	3178
2921	2924	3077
2921	2906	2924
3080	3188	3165
3188	3228	3165
3228	3235	3165
3235	3183	3165
3235	3345	3183
3345	3203	3183
3345	3280	3203
3188	3215	3228
3215	3399	3228
3399	3432	3228
3399	3463	3432
3215	3218	3399
3215	3174	3218
3215	3188	3174
3188	3080	3174
3107	3160	3184
3160	3310	3184
3310	3263	3184
3310	3380	3263
3380	3269	3263
3310	3424	3380
3424	3416	3380
3424	3434	3416
3424	3568	3434
3568	3518	3434
3568	3515	3518
3568	3683	3515
3683	3530	3515
3530	3366	3515
3683	3626	3530
3683	3668	3626
3683	3745	3668
3745	3742	3668
3742	3702	3668
3742	3711	3702
3742	3782	3711
3782	3701	3711
3782	3718	3701
3742	3867	3782
3745	3836	3742
3745	3869	3836
3869	3901	3836
3869	3988	3901
3988	3961	3901
3961	3952	3901
3952	3867	3901
3961	3965	3952
3965	4018	3952
3965	3990	4018
3965	3961	3990
3961	4011	3990
4011	4065	3990
4011	4064	4065
4064	4092	4065
4092	4108	4065
4108	4151	4065
4151	4133	4065
4151	4231	4133
4231	4203	4133
4203	4089	4133
4089	4059	4133
4059	4018	4133
4059	4012	4018
4012	3991	4018
4012	4000	3991
4000	3969	3991
3969	3893	3991
3893	3856	3991
3893	3844	3856
3893	3797	3844
3797	3802	3844
3797	3755	3802
3755	3756	3802
3756	3718	3802
3755	3703	3756
3755	3797	3703
3797	3784	3703
3797	3868	3784
3868	3858	3784
3868	4004	3858
4004	3917	3858
3868	3969	4004
3969	4056	4004
4056	4041	4004
4056	4085	4041
4085	4135	4041
4135	4115	4041
4135	4167	4115
4167	4179	4115
4179	4046	4115
4179	4039	4046
4179	4074	4039
4179	4201	4074
4201	4188	4074
4188	4098	4074
4188	4217	4098
4188	4273	4217
4273	4294	4217
4294	4258	4217
4294	4426	4258
4426	4274	4258
4294	4395	4426
4395	4499	4426
4499	4454	4426
4499	4523	4454
4523	4500	4454
4523	4612	4500
4612	4539	4500
4395	4535	4499
4535	4552	4499
4535	4608	4552
4608	4577	4552
4608	4663	4577
4663	4672	4577
4672	4612	4577
4672	4642	4612
4672	4747	4642
4747	4757	4642
4747	4828	4757
4828	4772	4757
4772	4769	4757
4772	4838	4769
4838	4777	4769
4777	4651	4769
4777	4670	4651
4670	4605	4651
4670	4652	4605
4652	4554	4605
4554	4520	4605
4520	4539	4605
4554	4506	4520
4554	4543	4506
4543	4509	4506
4543	4551	4509
4551	4452	4509
4452	4366	4509
4452	4389	4366
4452	4411	4389
4411	4356	4389
4452	4492	4411
4492	4388	4411
4388	4328	4411
4388	4287	4328
4388	4456	4287
4456	4443	4287
4443	4245	4287
4443	4394	4245
4394	4196	4245
4196	4114	4245
4114	4097	4245
4394	4308	4196
4443	4478	4394
4443	4531	4478
4531	4524	4478
4531	4592	4524
4592	4560	4524
4531	4620	4592
4620	4685	4592
4620	4756	4685
4756	4715	4685
4620	4771	4756
4531	4537	4620
4531	4443	4537
4443	4456	4537
4456	4476	4537
4456	4388	4476
4388	4505	4476
4388	4492	4505
4492	4507	4505
4507	4594	4505
4507	4580	4594
4580	4631	4594
4631	4661	4594
4661	4615	4594
4631	4725	4661
4631	4648	4725
4648	4743	4725
4648	4781	4743
4781	4807	4743
4807	4789	4743
4781	4803	4807
4803	4872	4807
4803	4836	4872
4836	4879	4872
4879	4892	4872
4892	4942	4872
4892	4976	4942
4976	5012	4942
5012	4979	4942
4979	4905	4942
4979	4992	4905
4992	4878	4905
4878	4824	4905
4992	4918	4878
4979	5005	4992
4979	5025	5005
5025	5063	5005
5025	5099	5063
5099	5128	5063
5128	5065	5063
5065	5040	5063
5065	5057	5040
5065	5122	5057
5122	5090	5057
5090	5068	5057
5068	4994	5057
5090	5088	5068
5090	5163	5088
5163	5130	5088
5130	5095	5088
5130	5159	5095
5159	5121	5095
5121	5094	5095
5094	5046	5095
5094	5070	5046
5094	5079	5070
5079	5086	5070
5086	5037	5070
5079	5133	5086
5133	5138	5086
5138	5102	5086
5138	5156	5102
5156	5131	5102
5131	5073	5102
5131	5120	5073
5120	5049	5073
5120	5132	5049
5132	5061	5049
5061	5004	5049
5061	5031	5004
5061	5077	5031
5061	5124	5077
5124	5135	5077
5124	5155	5135
5155	5145	5135
5145	5060	5135
5060	5051	5135
5051	5050	5135
5060	5052	5051
5052	5009	5051
5052	5045	5009
5045	4986	5009
4986	4945	5009
4945	4966	5009
4945	4939	4966
4945	4882	4939
4986	4972	4945
4986	4922	4972
4922	4895	4972
4922	4903	4895
4903	4845	4895
4903	4832	4845
4832	4805	4845
4805	4821	4845
4805	4783	4821
4832	4759	4805
4759	4724	4805
4759	4726	4724
4759	4811	4726
4811	4791	4726
4811	4869	4791
4869	4787	4791
4869	4810	4787
4869	4898	4810
4869	4902	4898
4902	4981	4898
4981	4974	4898
4902	4998	4981
4902	4922	4998
4922	4986	4998
4986	5045	4998
5045	5066	4998
5045	5060	5066
5060	5134	5066
5134	5129	5066
5129	5105	5066
5105	5076	5066
5076	5047	5066
5076	5101	5047
5101	5083	5047
5101	5109	5083
5109	5084	5083
5084	5058	5083
5084	5062	5058
5062	5015	5058
5015	5007	5058
5015	4965	5007
4965	4967	5007
4965	4930	4967
4965	4953	4930
4953	4927	4930
4953	4970	4927
4970	4914	4927
4970	4968	4914
4968	4839	4914
4970	5020	4968
5020	5000	4968
5000	4949	4968
4949	4888	4968
4949	4909	4888
4909	4886	4888
4886	4843	4888
4843	4839	4888
4843	4815	4839
4815	4808	4839
4843	4799	4815
4843	4886	4799
4886	4861	4799
4886	4911	4861
4911	4870	4861
4911	4964	4870
4964	4889	4870
4889	4794	4870
4889	4896	4794
4896	4829	4794
4829	4793	4794
4793	4711	4794
4793	4768	4711
4768	4675	4711
4768	4686	4675
4686	4622	4675
4686	4679	4622
4679	4669	4622
4679	4716	4669
4679	4774	4716
4774	4788	4716
4788	4776	4716
4776	4727	4716
4727	4602	4716
4727	4701	4602
4727	4766	4701
4766	4731	4701
4766	4755	4731
4766	4813	4755
4813	4804	4755
4813	4852	4804
4852	4853	4804
4853	4780	4804
4780	4752	4804
4780	4742	4752
4742	4678	4752
4678	4697	4752
4678	4634	4697
4634	4617	4697
4617	4646	4697
4617	4581	4646
4617	4562	4581
4562	4563	4581
4562	4460	4563
4460	4502	4563
4502	4587	4563
4502	4555	4587
4502	4525	4555
4525	4516	4555
4516	4602	4555
4502	4440	4525
4502	4479	4440
4479	4416	4440
4479	4502	4416
4502	4460	4416
4460	4415	4416
4460	4425	4415
4460	4429	4425
4460	4562	4429
4562	4461	4429
4461	4414	4429
4461	4390	4414
4461	4381	4390
4381	4325	4390
4325	4300	4390
4381	4301	4325
4381	4375	4301
4381	4406	4375
4406	4399	4375
4406	4468	4399
4468	4472	4399
4472	4398	4399
4398	4346	4399
4398	4349	4346
4349	4282	4346
4282	4262	4346
4282	4236	4262
4282	4204	4236
4204	4148	4236
4204	4132	4148
4132	4110	4148
4204	4199	4132
4199	4131	4132
4131	4106	4132
4131	4055	4106
4055	3993	4106
4055	3971	3993
3971	3906	3993
3906	3905	3993
3905	3899	3993
3905	3874	3899
3874	3847	3899
3847	3843	3899
3847	3809	3843
3809	3740	3843
3740	3814	3843
3814	3918	3843
3740	3721	3814
3740	3675	3721
3740	3629	3675
3874	3738	3847
3874	3846	3738
3846	3730	3738
3846	3751	3730
3751	3696	3730
3696	3604	3730
3696	3581	3604
3696	3558	3581
3558	3527	3581
3527	3526	3581
3527	3415	3526
3415	3455	3526
3527	3504	3415
3504	3365	3415
3504	3450	3365
3450	3333	3365
3450	3361	3333
3361	3247	3333
3361	3202	3247
3361	3331	3202
3331	3310	3202
3310	3160	3202
3331	3388	3310
3388	3424	3310
3388	3467	3424
3467	3563	3424
3563	3568	3424
3563	3588	3568
3588	3669	3568
3669	3683	3568
3588	3673	3669
3673	3691	3669
3673	3804	3691
3804	3727	3691
3804	3818	3727
3818	3745	3727
3745	3698	3727
3745	3683	3698
3818	3869	3745
3804	3857	3818
3673	3764	3804
3764	3763	3804
3764	3672	3763
3672	3743	3763
3743	3808	3763
3743	3801	3808
3801	3912	3808
3801	3826	3912
3826	3947	3912
3947	3967	3912
3967	3984	3912
3984	3962	3912
3962	3951	3912
3962	3970	3951
3970	3939	3951
3970	4017	3939
4017	3933	3939
4017	3988	3933
4017	4064	3988
4064	4011	3988
4011	3961	3988
4017	4096	4064
4096	4092	4064
4096	4165	4092
4165	4146	4092
4146	4108	4092
4146	4151	4108
4146	4231	4151
4146	4165	4231
4165	4263	4231
4263	4302	4231
4302	4329	4231
4329	4203	4231
4329	4317	4203
4317	4267	4203
4267	4126	4203
4126	4089	4203
4126	4084	4089
4084	4012	4089
4012	4059	4089
4084	4000	4012
4084	4056	4000
4056	3969	4000
4084	4101	4056
4101	4085	4056
4101	4227	4085
4227	4135	4085
4227	4167	4135
4227	4249	4167
4249	4253	4167
4253	4179	4167
4253	4291	4179
4291	4224	4179
4224	4201	4179
4224	4273	4201
4273	4188	4201
4224	4355	4273
4355	4294	4273
4355	4395	4294
4355	4401	4395
4401	4510	4395
4510	4535	4395
4510	4608	4535
4510	4528	4608
4528	4570	4608
4570	4665	4608
4665	4663	4608
4665	4720	4663
4720	4706	4663
4706	4672	4663
4706	4698	4672
4698	4747	4672
4698	4734	4747
4734	4828	4747
4698	4706	4734
4706	4720	4734
4665	4732	4720
4665	4714	4732
4714	4738	4732
4738	4809	4732
4738	4830	4809
4830	4859	4809
4859	4868	4809
4859	4915	4868
4859	4855	4915
4855	4923	4915
4923	4931	4915
4923	4947	4931
4947	4980	4931
4947	4956	4980
4956	4993	4980
4993	5010	4980
5010	5029	4980
5010	5044	5029
5044	5043	5029
5043	5039	5029
5043	5069	5039
5069	5053	5039
5043	5044	5069
5044	5030	5069
5030	5072	5069
5030	5054	5072
5054	5074	5072
5074	5091	5072
5074	5081	5091
5081	5089	5091
5089	5119	5091
5119	5104	5091
5119	5110	5104
5110	5100	5104
5110	5111	5100
5111	5106	5100
5106	5093	5100
5093	5071	5100
5093	5059	5071
5059	5053	5071
5093	5075	5059
5075	5041	5059
5075	5042	5041
5042	5016	5041
5016	4990	5041
4990	4985	5041
4990	4948	4985
4948	4995	4985
4948	4977	4995
4948	4890	4977
4948	4873	4890
4873	4862	4890
4862	4856	4890
4856	4871	4890
4871	4868	4890
4862	4828	4856
4862	4838	4828
4838	4772	4828
4862	4873	4838
4873	4854	4838
4854	4782	4838
4782	4777	4838
4782	4763	4777
4763	4670	4777
4763	4652	4670
4763	4693	4652
4693	4626	4652
4626	4543	4652
4543	4554	4652
4626	4551	4543
4626	4572	4551
4572	4452	4551
4572	4507	4452
4507	4492	4452
4572	4580	4507
4572	4626	4580
4626	4631	4580
4626	4648	4631
4626	4693	4648
4693	4781	4648
4693	4763	4781
4763	4803	4781
4763	4814	4803
4814	4836	4803
4814	4782	4836
4782	4854	4836
4854	4892	4836
4892	4879	4836
4854	4906	4892
4906	4959	4892
4959	4976	4892
4959	4987	4976
4987	5016	4976
5016	5012	4976
5016	5056	5012
5056	5025	5012
5025	4979	5012
5056	5075	5025
5056	5042	5075
5056	5016	5042
4987	4990	5016
4987	4935	4990
4935	4948	4990
4935	4873	4948
4935	4884	4873
4884	4854	4873
4884	4906	4854
4884	4935	4906
4935	4959	4906
4935	4987	4959
4814	4763	4782
5093	5117	5075
5093	5127	5117
5127	5139	5117
5139	5099	5117
5099	5025	5117
5139	5144	5099
5144	5128	5099
5144	5143	5128
5143	5122	5128
5122	5065	5128
5143	5164	5122
5164	5163	5122
5163	5090	5122
5143	5144	5164
5144	5160	5164
5144	5139	5160
5139	5127	5160
5127	5149	5160
5127	5126	5149
5126	5158	5149
5126	5136	5158
5136	5146	5158
5146	5157	5158
5146	5152	5157
5146	5141	5152
5141	5169	5152
5141	5154	5169
5154	5153	5169
5153	5151	5169
5153	5107	5151
5107	5097	5151
5097	5140	5151
5140	5148	5151
5148	5166	5151
5166	5174	5151
5166	5162	5174
5162	5177	5174
5177	5169	5174
5177	5178	5169
5177	5175	5178
5175	5182	5178
5175	5189	5182
5189	5191	5182
5191	5187	5182
5191	5190	5187
5190	5188	5187
5190	5192	5188
5192	5183	5188
5192	5193	5183
5193	5180	5183
5180	5159	5183
5159	5163	5183
5159	5130	5163
5180	5133	5159
5133	5121	5159
5133	5079	5121
5079	5094	5121
5180	5138	5133
5180	5156	5138
5180	5181	5156
5181	5165	5156
5165	5131	5156
5165	5132	5131
5132	5120	5131
5165	5171	5132
5171	5161	5132
5161	5124	5132
5124	5061	5132
5161	5155	5124
5161	5167	5155
5167	5145	5155
5167	5150	5145
5150	5134	5145
5134	5060	5145
5150	5129	5134
5150	5168	5129
5150	5167	5168
5167	5173	5168
5173	5170	5168
5170	5172	5168
5172	5175	5168
5175	5162	5168
5162	5142	5168
5162	5109	5142
5109	5101	5142
5101	5113	5142
5101	5076	5113
5076	5105	5113
5105	5129	5113
5162	5147	5109
5147	5108	5109
5108	5084	5109
5108	5085	5084
5085	5062	5084
5085	5078	5062
5078	5020	5062
5020	5015	5062
5020	4970	5015
4970	4953	5015
4953	4965	5015
5078	5080	5020
5080	5026	5020
5026	5000	5020
5026	5008	5000
5008	4991	5000
4991	4949	5000
4991	4911	4949
4911	4909	4949
4911	4886	4909
4991	4964	4911
4991	5008	4964
5008	5013	4964
5013	4950	4964
4950	4919	4964
4919	4896	4964
4896	4889	4964
4919	4829	4896
4950	4925	4919
5013	5036	4950
5013	5026	5036
5026	5048	5036
5026	5080	5048
5080	5097	5048
5097	5082	5048
5082	5055	5048
5082	5087	5055
5087	5064	5055
5064	5035	5055
5064	5018	5035
5018	5003	5035
5003	4988	5035
4988	4955	5035
4988	4944	4955
4944	4891	4955
4891	4934	4955
4891	4925	4934
4988	5017	4944
5017	5019	4944
5019	4929	4944
5019	4946	4929
4946	4926	4929
4926	4876	4929
4926	4901	4876
4901	4875	4876
4875	4852	4876
4852	4813	4876
4813	4776	4876
4776	4788	4876
4813	4766	4776
4766	4727	4776
4875	4853	4852
4875	4901	4853
4901	4924	4853
4924	4913	4853
4913	4849	4853
4849	4837	4853
4837	4780	4853
4837	4742	4780
4837	4784	4742
4784	4735	4742
4735	4729	4742
4729	4690	4742
4690	4678	4742
4690	4601	4678
4601	4630	4678
4630	4634	4678
4630	4562	4634
4562	4617	4634
4630	4586	4562
4586	4534	4562
4534	4461	4562
4534	4495	4461
4495	4469	4461
4469	4381	4461
4469	4495	4381
4495	4406	4381
4495	4468	4406
4495	4534	4468
4534	4472	4468
4534	4591	4472
4591	4494	4472
4494	4398	4472
4494	4477	4398
4477	4404	4398
4404	4349	4398
4404	4371	4349
4371	4276	4349
4276	4282	4349
4276	4213	4282
4213	4199	4282
4199	4204	4282
4213	4184	4199
4184	4131	4199
4184	4190	4131
4190	4139	4131
4139	4099	4131
4099	4055	4131
4099	4073	4055
4073	3971	4055
4073	3947	3971
3947	3846	3971
3846	3906	3971
3846	3874	3906
3874	3905	3906
3947	3826	3846
3826	3751	3846
3826	3801	3751
4073	3967	3947
4073	3984	3967
4073	4071	3984
4071	4066	3984
4066	3962	3984
4066	3970	3962
4066	4017	3970
4066	4090	4017
4090	4096	4017
4090	4166	4096
4166	4165	4096
4166	4219	4165
4219	4254	4165
4254	4263	4165
4254	4296	4263
4296	4302	4263
4296	4352	4302
4352	4329	4302
4352	4361	4329
4361	4317	4329
4361	4284	4317
4284	4267	4317
4284	4227	4267
4227	4126	4267
4227	4101	4126
4101	4084	4126
4284	4249	4227
4284	4374	4249
4374	4253	4249
4374	4343	4253
4343	4291	4253
4374	4397	4343
4397	4407	4343
4397	4470	4407
4470	4528	4407
4528	4510	4407
4510	4401	4407
4470	4529	4528
4529	4570	4528
4529	4548	4570
4548	4635	4570
4635	4665	4570
4635	4653	4665
4653	4714	4665
4653	4659	4714
4659	4738	4714
4659	4700	4738
4700	4826	4738
4826	4830	4738
4826	4855	4830
4855	4859	4830
4826	4923	4855
4826	4827	4923
4827	4840	4923
4840	4912	4923
4912	4917	4923
4917	4956	4923
4956	4947	4923
4917	4920	4956
4920	4921	4956
4921	4993	4956
4921	4958	4993
4958	4975	4993
4975	5010	4993
4975	5011	5010
5011	5044	5010
5011	5030	5044
5011	5019	5030
5019	5054	5030
5019	5017	5054
4975	4960	5011
4960	4946	5011
4960	4952	4946
4952	4926	4946
4952	4924	4926
4924	4901	4926
4952	4960	4924
4960	4957	4924
4957	4913	4924
4957	4958	4913
4958	4885	4913
4885	4822	4913
4822	4849	4913
4822	4837	4849
4822	4784	4837
4822	4817	4784
4817	4749	4784
4749	4735	4784
4822	4860	4817
4860	4825	4817
4860	4844	4825
4844	4737	4825
4844	4840	4737
4840	4754	4737
4754	4718	4737
4718	4703	4737
4703	4699	4737
4703	4668	4699
4668	4603	4699
4603	4692	4699
4603	4599	4692
4599	4681	4692
4599	4598	4681
4598	4609	4681
4609	4735	4681
4609	4690	4735
4690	4729	4735
4609	4591	4690
4591	4601	4690
4591	4534	4601
4534	4586	4601
4586	4630	4601
4609	4559	4591
4559	4494	4591
4559	4477	4494
4559	4483	4477
4483	4434	4477
4434	4404	4477
4434	4371	4404
4434	4408	4371
4408	4319	4371
4319	4276	4371
4319	4246	4276
4246	4208	4276
4208	4213	4276
4208	4184	4213
4208	4190	4184
4208	4246	4190
4246	4237	4190
4237	4191	4190
4191	4139	4190
4191	4113	4139
4113	4099	4139
4113	4073	4099
4113	4071	4073
4113	4166	4071
4166	4066	4071
4166	4090	4066
4113	4193	4166
4193	4206	4166
4206	4219	4166
4206	4240	4219
4240	4254	4219
4240	4313	4254
4313	4320	4254
4320	4296	4254
4320	4352	4296
4320	4342	4352
4320	4313	4342
4313	4341	4342
4341	4365	4342
4365	4433	4342
4365	4410	4433
4410	4464	4433
4464	4466	4433
4466	4459	4433
4466	4511	4459
4511	4471	4459
4471	4422	4459
4422	4352	4459
4422	4361	4352
4422	4402	4361
4402	4284	4361
4402	4391	4284
4391	4374	4284
4391	4470	4374
4470	4397	4374
4391	4435	4470
4435	4504	4470
4504	4529	4470
4504	4548	4529
4504	4584	4548
4584	4635	4548
4584	4653	4635
4584	4659	4653
4584	4595	4659
4595	4607	4659
4607	4700	4659
4607	4695	4700
4695	4754	4700
4754	4826	4700
4754	4827	4826
4754	4840	4827
4695	4694	4754
4694	4718	4754
4694	4703	4718
4694	4668	4703
4694	4639	4668
4639	4623	4668
4623	4603	4668
4623	4574	4603
4574	4599	4603
4574	4559	4599
4559	4568	4599
4568	4598	4599
4568	4609	4598
4568	4559	4609
4574	4483	4559
4574	4541	4483
4541	4473	4483
4473	4434	4483
4473	4453	4434
4453	4408	4434
4453	4489	4408
4489	4464	4408
4464	4410	4408
4410	4365	4408
4365	4319	4408
4365	4341	4319
4341	4313	4319
4313	4246	4319
4313	4237	4246
4313	4240	4237
4240	4191	4237
4240	4193	4191
4193	4113	4191
4240	4206	4193
4489	4503	4464
4503	4466	4464
4503	4511	4466
4503	4549	4511
4549	4538	4511
4538	4471	4511
4538	4504	4471
4504	4435	4471
4435	4422	4471
4435	4402	4422
4435	4391	4402
4538	4584	4504
4538	4549	4584
4549	4595	4584
4549	4607	4595
4549	4573	4607
4573	4639	4607
4639	4695	4607
4639	4694	4695
4573	4623	4639
4573	4541	4623
4541	4574	4623
4573	4489	4541
4489	4473	4541
4489	4453	4473
4573	4503	4489
4573	4549	4503
4844	4912	4840
4844	4860	4912
4860	4885	4912
4885	4920	4912
4920	4917	4912
4885	4921	4920
4885	4958	4921
4860	4822	4885
4957	4975	4958
4957	4960	4975
4988	5003	5017
5003	5018	5017
5087	5114	5064
5114	5103	5064
5103	5089	5064
5089	5081	5064
5103	5116	5089
5116	5119	5089
5116	5123	5119
5123	5136	5119
5136	5110	5119
5136	5126	5110
5126	5111	5110
5126	5106	5111
5126	5127	5106
5127	5093	5106
5123	5141	5136
5141	5146	5136
5123	5103	5141
5103	5114	5141
5114	5154	5141
5114	5115	5154
5115	5153	5154
5115	5107	5153
5115	5087	5107
5087	5082	5107
5082	5097	5107
5115	5114	5087
5123	5116	5103
5080	5098	5097
5098	5140	5097
5098	5118	5140
5118	5137	5140
5137	5148	5140
5137	5125	5148
5125	5147	5148
5147	5166	5148
5147	5162	5166
5125	5108	5147
5125	5112	5108
5112	5085	5108
5112	5096	5085
5096	5078	5085
5096	5080	5078
5096	5092	5080
5092	5098	5080
5092	5118	5098
5092	5096	5118
5096	5137	5118
5096	5125	5137
5096	5112	5125
5013	5008	5026
5175	5177	5162
5172	5179	5175
5179	5189	5175
5179	5186	5189
5186	5194	5189
5194	5191	5189
5194	5190	5191
5194	5193	5190
5193	5192	5190
5194	5180	5193
5194	5181	5180
5194	5186	5181
5186	5185	5181
5185	5165	5181
5185	5171	5165
5185	5179	5171
5179	5176	5171
5176	5167	5171
5167	5161	5171
5176	5173	5167
5176	5172	5173
5172	5170	5173
5176	5179	5172
5185	5186	5179
5074	5054	5081
4224	4291	4355
3764	3673	3672
3673	3576	3672
3576	3556	3672
3556	3598	3672
3556	3532	3598
3532	3544	3598
3544	3557	3598
3544	3504	3557
3504	3549	3557
3504	3527	3549
3527	3558	3549
3558	3696	3549
3544	3450	3504
3544	3532	3450
3532	3361	3450
3532	3388	3361
3388	3331	3361
3532	3467	3388
3532	3556	3467
3556	3576	3467
3576	3563	3467
3576	3588	3563
3576	3673	3588
4679	4686	4774
4686	4768	4774
4768	4812	4774
4812	4891	4774
4768	4793	4812
5045	5052	5060
4902	4903	4922
4902	4858	4903
4858	4832	4903
4858	4811	4832
4811	4759	4832
4858	4869	4811
4858	4902	4869
3868	3893	3969
3868	3797	3893
3108	3166	3149
3108	3148	3166
3148	3170	3166
3115	3294	3264
3264	3123	3115
3264	3353	3123
3146	3209	3347
3209	3261	3347
3261	3316	3347
3161	3296	3278
3167	3197	3222
3197	3324	3222
3222	3200	3167
3168	3298	3358
3298	3435	3358
3298	3332	3435
3332	3490	3435
3358	3313	3168
3171	3360	3356
3360	3458	3356
3187	3314	3214
3221	3376	3339
3376	3445	3339
3445	3472	3339
3472	3370	3339
3472	3474	3370
3474	3506	3370
3506	3391	3370
3391	3256	3370
3391	3232	3256
3506	3411	3391
3376	3470	3445
3229	3371	3400
3371	3553	3400
3553	3406	3400
3371	3479	3553
3479	3611	3553
3479	3464	3611
3479	3419	3464
3479	3371	3419
3371	3324	3419
3231	3330	3262
3244	3315	3329
3315	3409	3329
3254	3346	3377
3346	3379	3377
3285	3396	3394
3394	3408	3285
3396	3582	3394
3396	3441	3582
3441	3447	3582
3396	3382	3441
3396	3285	3382
3289	3318	3417
3289	3173	3318
3417	3487	3289
3487	3341	3289
3417	3545	3487
3417	3562	3545
3290	3337	3413
3337	3466	3413
3466	3525	3413
3337	3522	3466
3291	3393	3300
3297	3384	3342
3301	3385	3392
3302	3311	3387
3302	3220	3311
3220	3275	3311
3302	3154	3220
3319	3374	3497
3374	3569	3497
3569	3671	3497
3569	3723	3671
3497	3257	3319
3359	3439	3403
3364	3398	3397
3397	3401	3364
3368	3422	3484
3368	3325	3422
3422	3519	3484
3422	3489	3519
3489	3603	3519
3489	3524	3603
3524	3660	3603
3660	3722	3603
3722	3728	3603
3524	3602	3660
3390	3559	3601
3390	3392	3559
3423	3452	3541
3423	3314	3452
3314	3426	3452
3425	3499	3465
3425	3520	3499
3520	3619	3499
3520	3627	3619
3627	3726	3619
3726	3659	3619
3627	3697	3726
3697	3796	3726
3796	3832	3726
3796	3876	3832
3796	3821	3876
3821	3841	3876
3841	3863	3876
3863	4007	3876
3863	4045	4007
3841	3821	3863
3796	3697	3821
3627	3614	3697
3627	3520	3614
3520	3460	3614
3520	3495	3460
3520	3425	3495
3429	3473	3457
3443	3498	3500
3446	3587	3564
3451	3617	3491
3469	3502	3552
3469	3410	3502
3552	3630	3469
3630	3521	3469
3552	3640	3630
3640	3716	3630
3471	3547	3507
3547	3651	3507
3547	3692	3651
3692	3712	3651
3692	3854	3712
3854	3753	3712
3854	3872	3753
3872	3799	3753
3872	3926	3799
3872	4006	3926
3872	3854	4006
3854	3925	4006
3925	3940	4006
3940	4025	4006
4025	4082	4006
3940	3903	4025
3903	3968	4025
3476	3560	3572
3478	3585	3550
3482	3657	3633
3657	3816	3633
3483	3535	3594
3492	3512	3687
3492	3279	3512
3492	3367	3279
3512	3555	3687
3496	3589	3536
3589	3656	3536
3656	3551	3536
3656	3757	3551
3656	3780	3757
3656	3791	3780
3656	3783	3791
3656	3644	3783
3656	3589	3644
3505	3529	3643
3514	3537	3580
3523	3573	3686
3573	3739	3686
3739	3779	3686
3739	3822	3779
3822	3957	3779
3739	3887	3822
3739	3733	3887
3739	3573	3733
3573	3729	3733
3542	3708	3616
3548	3654	3579
3548	3642	3654
3642	3665	3654
3574	3592	3597
3597	3638	3574
3597	3749	3638
3597	3592	3749
3592	3732	3749
3605	3714	3621
3714	3766	3621
3714	3879	3766
3714	3774	3879
3714	3605	3774
3610	3689	3735
3620	3741	3812
3741	3767	3812
3741	3790	3767
3623	3685	3710
3685	3792	3710
3685	3806	3792
3632	3768	3688
3635	3823	3649
3679	3700	3752
3752	3837	3679
3705	3920	3811
3920	4003	3811
3717	3765	3914
3717	3638	3765
3724	3798	3839
3724	3776	3798
3724	3601	3776
3731	3734	3861
3734	3842	3861
3842	3916	3861
3734	3746	3842
3736	3855	3886
3736	3837	3855
3837	3964	3855
3964	3886	3855
3750	3800	3760
3750	3866	3800
3754	3813	3759
3754	3907	3813
3907	3975	3813
3907	4034	3975
3907	4048	4034
3907	4015	4048
3762	3773	3838
3771	3817	3845
3845	3810	3771
3777	3955	3789
3789	3827	3777
3795	3870	3913
3870	4001	3913
4001	3948	3913
3870	3883	4001
3805	3898	3853
3853	3820	3805
3853	3944	3820
3805	3894	3898
3829	3878	3960
3878	4032	3960
3878	3975	4032
3960	3908	3829
3834	3835	3902
3835	3937	3902
3835	3881	3937
3864	3911	3999
3911	3973	3999
3911	3861	3973
3999	3941	3864
3880	3938	3891
3890	3896	3981
3890	3812	3896
3981	4022	3890
3981	4079	4022
3904	4080	3919
3919	3823	3904
3919	3982	3823
3919	4027	3982
3919	4080	4027
3923	3985	3942
3985	4102	3942
4102	4137	3942
4137	3950	3942
3950	3879	3942
4102	4161	4137
3928	4031	4111
3934	3998	4008
3998	4026	4008
4008	4005	3934
4008	4061	4005
4061	4053	4005
3935	3953	3980
3979	4037	4038
3979	4035	4037
4035	4104	4037
4104	4038	4037
4016	4068	4088
4020	4083	4044
4083	4250	4044
4250	4169	4044
4083	4122	4250
4036	4129	4103
4129	4171	4103
4171	4112	4103
4171	4176	4112
4129	4192	4171
4042	4058	4239
4058	4121	4239
4049	4177	4060
4054	4210	4162
4210	4248	4162
4248	4183	4162
4248	4338	4183
4338	4161	4183
4248	4293	4338
4248	4210	4293
4057	4123	4145
4123	4174	4145
4123	4211	4174
4123	4153	4211
4153	4286	4211
4286	4324	4211
4286	4424	4324
4424	4331	4324
4424	4442	4331
4442	4379	4331
4442	4467	4379
4442	4526	4467
4442	4424	4526
4153	4233	4286
4069	4109	4182
4109	4275	4182
4275	4354	4182
4275	4348	4354
4348	4451	4354
4451	4431	4354
4451	4501	4431
4501	4516	4431
4451	4436	4501
4451	4337	4436
4337	4428	4436
4337	4316	4428
4316	4303	4428
4303	4430	4428
4316	4292	4303
4292	4297	4303
4292	4205	4297
4292	4195	4205
4292	4212	4195
4212	4109	4195
4212	4275	4109
4212	4316	4275
4316	4337	4275
4337	4348	4275
4337	4451	4348
4212	4292	4316
4077	4266	4118
4266	4332	4118
4266	4378	4332
4378	4474	4332
4266	4382	4378
4118	3957	4077
4086	4138	4235
4138	4238	4235
4238	4376	4235
4087	4159	4157
4159	4232	4157
4232	4260	4157
4260	4221	4157
4232	4285	4260
4285	4380	4260
4285	4311	4380
4285	4232	4311
4232	4244	4311
4244	4363	4311
4232	4159	4244
4159	4094	4244
4094	4105	4244
4094	4032	4105
4134	4136	4163
4136	4186	4163
4186	4271	4163
4163	4122	4134
4141	4170	4318
4170	4181	4318
4318	4323	4141
4318	4367	4323
4367	4326	4323
4326	4185	4323
4367	4362	4326
4144	4214	4160
4154	4259	4194
4259	4350	4194
4259	4387	4350
4259	4308	4387
4308	4417	4387
4417	4517	4387
4156	4255	4321
4255	4322	4321
4322	4490	4321
4490	4340	4321
4322	4334	4490
4334	4400	4490
4334	4312	4400
4312	4364	4400
4334	4255	4312
4255	4218	4312
4334	4322	4255
4189	4256	4261
4256	4330	4261
4330	4393	4261
4330	4420	4393
4420	4441	4393
4420	4542	4441
4542	4561	4441
4420	4545	4542
4420	4421	4545
4421	4596	4545
4420	4330	4421
4189	4169	4256
4189	4079	4169
4079	4130	4169
4189	4173	4079
4304	4418	4405
4307	4447	4370
4307	4405	4447
4314	4315	4384
4344	4351	4515
4368	4377	4448
4448	4488	4368
4488	4445	4368
4445	4271	4368
4445	4369	4271
4448	4613	4488
4372	4409	4480
4396	4465	4419
4419	4382	4396
4396	4438	4465
4412	4616	4485
4413	4437	4427
4437	4575	4427
4575	4498	4427
4413	4423	4437
4481	4486	4544
4486	4569	4544
4569	4656	4544
4496	4518	4604
4518	4527	4604
4540	4649	4625
4649	4736	4625
4736	4704	4625
4704	4667	4625
4704	4719	4667
4719	4790	4667
4719	4785	4790
4785	4874	4790
4719	4704	4785
4704	4736	4785
4649	4707	4736
4707	4761	4736
4707	4779	4761
4707	4660	4779
4707	4628	4660
4707	4649	4628
4540	4576	4649
4547	4619	4556
4619	4643	4556
4547	4567	4619
4567	4717	4619
4564	4579	4645
4578	4647	4610
4583	4728	4589
4593	4611	4632
4632	4760	4593
4597	4606	4629
4627	4637	4680
4638	4765	4750
4765	4798	4750
4641	4655	4674
4674	4666	4641
4674	4802	4666
4802	4792	4666
4792	4751	4666
4650	4662	4797
4673	4739	4677
4709	4795	4801
4713	4778	4748
4713	4746	4778
4721	4847	4730
4770	4834	4833
4770	4801	4834
4800	4897	4899
4897	4978	4899
4806	4916	4880
4880	4863	4806
4818	4893	4887
4893	4928	4887
4928	4877	4887
4818	4866	4893
4818	4728	4866
4820	4933	4938
4823	4900	4846
4900	4866	4846
4831	4894	4937
4894	4940	4937
4907	4962	4982
4910	4961	4943
4961	5023	4943
5023	4936	4943
4963	5027	4971
628	549	438
549	367	438
367	337	438
549	349	367
675	638	610
35	39	21
35	43	39
35	44	43
51	42	44
57	66	45
66	53	45
829	852	693
348	291	423
348	206	291
348	204	206
348	278	204
537	528	495
682	838	732
449	618	590
1196	1219	1096
1196	1279	1219
1250	1534	1394
1250	1341	1534
957	1118	1085
1125	1178	1118
1457	1325	1271
356	574	353
566	657	502
657	574	502
1290	1535	1299
1535	1552	1299
1552	1344	1299
1290	1487	1535
687	642	780
997	954	925
997	919	954
849	615	691
868	805	797
795	771	877
771	929	877
685	723	771
738	744	685
559	542	647
589	622	542
227	355	286
148	77	164
77	108	164
1129	1143	1086
1143	1080	1086
1143	1048	1080
91	128	145
128	176	145
451	259	368
405	326	527
613	341	486
851	914	712
621	663	671
621	541	663
541	526	663
621	332	541
621	536	332
846	700	753
651	847	833
1606	1685	1537
1458	1409	1606
1409	1461	1606
1461	1711	1606
1233	1337	1288
1243	1081	1224
1167	1252	1246
828	947	1065
983	836	873
927	845	984
1648	1691	1838
1691	1903	1838
1903	1971	1838
1903	2036	1971
1471	1689	1691
1508	1614	1449
1298	1336	1127
1408	1335	1218
1335	1104	1218
1335	988	1104
988	975	1104
1335	1253	988
1555	1825	1611
1673	1936	1712
1673	1735	1936
1735	1942	1936
1735	1906	1942
1257	1451	1412
1474	1750	1485
1750	1688	1485
1474	1754	1750
1600	1739	1589
1827	2081	1805
1733	1689	1484
1866	2087	2056
1866	2052	2087
1488	1336	1613
1336	1493	1613
1493	1731	1687
2114	2273	2029
2114	2224	2273
2224	2442	2273
2442	2454	2273
2454	2502	2273
2502	2270	2273
1951	1963	2051
1695	1869	1668
1645	1661	1532
1690	1764	1757
1651	1717	1420
1834	2118	1846
1770	1986	1807
1770	1926	1986
2075	1896	1985
1896	1865	1985
1865	1824	1985
2075	2063	1896
2063	1798	1896
2075	2253	2063
2075	2272	2253
2515	2589	2359
2515	2671	2589
2203	2343	2080
1744	1539	1710
1852	1944	1743
2001	2050	1812
2050	1820	1812
2001	2158	2050
2020	2021	1874
1784	1677	1779
1784	1692	1677
1835	1892	1988
1987	2244	2189
2244	2277	2189
1764	1853	1946
1853	1887	1946
1914	1950	1997
2225	2367	2251
2367	2345	2251
2178	1988	2027
2143	2358	2220
2358	2383	2220
2132	2274	2133
2274	2293	2133
2274	2347	2293
2347	2302	2293
2347	2439	2302
2347	2658	2439
2347	2396	2658
2396	2494	2658
2347	2274	2396
2181	1919	2096
1919	1847	2096
1847	1993	2096
2181	1994	1919
1994	1991	1919
2218	2301	2231
2258	2073	2201
2255	2173	2209
2714	2970	2899
2714	2801	2970
2801	3078	2970
3078	3133	2970
2801	2798	3078
2798	2826	3078
2798	2603	2826
2603	2536	2826
2536	2762	2826
2353	2302	2386
2497	2661	2395
2311	2226	2339
2342	2200	2322
2564	2584	2448
2368	2683	2499
2460	2712	2526
2460	2713	2712
2713	2855	2712
2855	2930	2712
2930	2998	2712
2998	2929	2712
2775	2527	2510
2586	2569	2410
2569	2329	2410
3066	3087	2856
3243	3428	3241
3243	3543	3428
3243	3531	3543
3243	3284	3531
2759	2728	3015
2728	2889	3015
2650	2757	2741
2650	2570	2757
2650	2518	2570
2556	2328	2538
2852	2920	2787
3860	3909	3994
3921	4154	3909
3941	3999	3936
3029	3137	3118
3137	3340	3118
3137	3395	3340
3137	3334	3395
3137	3071	3334
3071	3139	3334
3137	3072	3071
2825	2863	2748
2825	3016	2863
2825	2984	3016
2776	2819	2832
3043	3056	2953
3056	2958	2953
3056	3073	2958
3586	3350	3554
3350	3258	3554
3852	4122	3827
4122	4083	3827
3852	3949	4122
3949	4134	4122
3949	4136	4134
3949	4186	4136
3852	3859	3949
3037	3122	3019
3037	3129	3122
3037	3105	3129
2959	2973	2828
2950	2994	2892
3631	3747	3480
3207	3322	3402
3322	3510	3402
3075	3231	3094
3178	3151	3373
3228	3432	3235
3742	3901	3867
3742	3836	3901
3990	4065	4018
4065	4133	4018
3802	3718	3844
4098	3914	4074
3914	3910	4074
4098	3972	3914
4098	4072	3972
5135	5050	5077
5050	5038	5077
5066	5047	4998
4839	4808	4914
4968	4888	4839
4399	4346	4375
4346	4262	4375
4734	4871	4828
4871	4856	4828
4734	4868	4871
4734	4720	4868
4720	4809	4868
4720	4732	4809
5039	4977	5029
5039	4995	4977
5039	5053	4995
5053	5059	4995
5059	5041	4995
5041	4985	4995
5069	5071	5053
5069	5104	5071
5104	5100	5071
5069	5091	5104
5069	5072	5091
5149	5184	5160
5149	5158	5184
5158	5187	5184
5187	5188	5184
5158	5157	5187
5157	5169	5187
5169	5182	5187
5169	5178	5182
5157	5152	5169
5151	5174	5169
5168	5142	5129
5142	5113	5129
4950	5035	4925
5035	4934	4925
5035	4955	4934
4950	5036	5035
5036	5048	5035
5048	5055	5035
4944	4788	4891
4788	4774	4891
4944	4876	4788
4944	4929	4876
5017	5064	5054
5064	5081	5054
5017	5018	5064
4817	4825	4749
4825	4737	4749
4342	4459	4352
4342	4433	4459
3337	3350	3522
3385	3559	3392
3550	3398	3478
3605	3561	3774
3561	3803	3774
3700	3825	3752
4003	3949	3811
3842	4014	3916
3734	3618	3746
3773	3766	3838
4022	4173	3890
4005	3958	3934
3953	4141	3980
4104	4116	4038
4104	4156	4116
4088	3880	4016
4054	4281	4210
4077	4075	4266
4474	4582	4332
4582	4351	4332
4582	4515	4351
4271	4369	4163
4369	4122	4163
4144	4228	4214
4144	4048	4228
4048	4155	4228
4447	4430	4370
4544	4566	4481
4728	4818	4589
4629	4644	4597
