289.719100 229.491698 37.322697 255 0 0
301.369570 216.662001 43.547859 255 0 0
314.190426 205.295480 50.095172 255 0 0
328.181667 195.392134 56.964638 255 0 0
343.343293 186.951964 64.156254 255 0 0
359.675304 179.974970 71.670023 255 0 0
377.177701 174.461151 79.505944 255 0 0
395.850483 170.410508 87.664016 255 0 0
415.693650 167.823040 96.144240 0 255 0
394.831411 166.402082 106.478611 0 255 0
375.231757 166.559565 117.160512 0 255 0
356.894688 168.295488 128.189943 0 255 0
339.820204 171.609852 139.566904 0 255 0
324.008305 176.502657 151.291395 0 255 0
309.458991 182.973902 163.363416 0 255 0
296.172262 191.023587 175.782967 0 255 0
284.148117 200.651713 188.550047 0 255 0
