26.309368 36.620775 12.002135 255 0 0
26.630530 36.453253 11.002849 255 0 0
27.039745 36.167237 10.003282 255 0 0
27.537010 35.762727 9.003436 255 0 0
28.122327 35.239722 8.003309 255 0 0
28.795696 34.598224 7.002902 255 0 0
29.557116 33.838231 6.002215 255 0 0
30.406587 32.959745 5.001248 255 0 0
31.344110 31.962764 4.000000 0 255 0
30.806366 30.699939 4.998752 0 255 0
30.310550 29.578527 5.997784 0 255 0
29.856661 28.598527 6.997096 0 255 0
29.444701 27.759941 7.996689 0 255 0
29.074668 27.062768 8.996561 0 255 0
28.746562 26.507007 9.996715 0 255 0
28.460384 26.092659 10.997148 0 255 0
28.216134 25.819724 11.997861 0 255 0
