   3.1509938e+02   9.4080745e+01   1.0800000e+02
   3.1545963e+02   9.6031056e+01   1.0000000e+02
   3.1263975e+02   8.6850932e+01   9.2000000e+01
   3.0981988e+02   9.0391304e+01   8.4000000e+01
   3.1636025e+02   8.1031056e+01   8.0000000e+01
   3.2785093e+02   8.7751553e+01   7.2000000e+01
   3.2662112e+02   8.6521739e+01   6.4000000e+01
   3.3157143e+02   9.3062112e+01   6.2000000e+01
   3.3193168e+02   9.5012422e+01   5.8000000e+01
   3.3865217e+02   1.0332298e+02   5.4000000e+01
   3.3247205e+02   1.0191304e+02   5.2000000e+01
   3.3106211e+02   1.0368323e+02   5.0000000e+01
   3.2824224e+02   1.1994410e+02   4.6000000e+01
   3.3355280e+02   1.3161491e+02   4.2000000e+01
   3.3761801e+02   1.4999068e+02   4.0000000e+01
