   2.8981194e+01   2.5658732e+01   1.2000000e+01
   2.9208189e+01   2.6104236e+01   1.0500000e+01
   2.9435184e+01   2.6549739e+01   9.5000000e+00
   2.7837565e+01   2.7914235e+01   9.0000000e+00
   2.7914116e+01   2.8743306e+01   7.5000000e+00
   2.8359619e+01   2.8970301e+01   6.5000000e+00
   2.8624972e+01   2.9632217e+01   5.5000000e+00
   2.9710375e+01   3.2327035e+01   5.0000000e+00
   2.9662180e+01   3.4123294e+01   6.0000000e+00
   2.9435184e+01   3.4568798e+01   7.0000000e+00
   2.9208189e+01   3.5014301e+01   8.0000000e+00
   2.8539215e+01   3.4604353e+01   8.5000000e+00
   2.8981194e+01   3.5459804e+01   1.0000000e+01
   2.8981194e+01   3.5459804e+01   1.1000000e+01
   2.8754199e+01   3.5905307e+01   1.2000000e+01
