223.087644 231.756080 33.111565 255 0 0
234.192095 213.706967 39.528842 255 0 0
247.594495 196.641419 46.047161 255 0 0
263.294842 180.559434 52.666522 255 0 0
281.293136 165.461015 59.386925 255 0 0
301.589378 151.346159 66.208371 255 0 0
324.183568 138.214868 73.130858 255 0 0
349.075705 126.067142 80.154388 255 0 0
376.265790 114.902980 87.278960 0 255 0
347.526815 125.654050 98.815446 0 255 0
321.304006 137.482086 110.462569 0 255 0
297.597363 150.387089 122.220329 0 255 0
276.406886 164.369057 134.088727 0 255 0
257.732575 179.427991 146.067762 0 255 0
241.574430 195.563892 158.157434 0 255 0
227.932452 212.776758 170.357744 0 255 0
216.806639 231.066590 182.668691 0 255 0
