2.358590595808959733e+02 1.719190691513936144e+02 2.175361513826268833e+02
2.398449689231085245e+02 1.548334665747232748e+02 2.123150833325756253e+02
2.339770084525366656e+02 1.422097924424858775e+02 1.857861522393380369e+02
2.215024241674184395e+02 1.313379606790400658e+02 1.472309225664614587e+02
2.256285514126607836e+02 1.188377977158220347e+02 1.338388376980379348e+02
2.416387964475565013e+02 1.138184391751281055e+02 1.226994381814048154e+02
2.524556925350640881e+02 1.023177087657127231e+02 1.164310405688676440e+02
2.634408498033370734e+02 9.631949598789867650e+01 1.003574404236659916e+02
2.743699202637469625e+02 8.848711892000198986e+01 8.755222641486739121e+01
2.858879053616200281e+02 9.991357007027886539e+01 4.042877412610602050e+01
2.907632155470596445e+02 1.345267368130138266e+02 2.554738910315120393e+01
2.748651590700101224e+02 1.432144565482357166e+02 3.014997687392093439e+01
2.590231757206639145e+02 1.537363492281001527e+02 3.148414444225255693e+01
2.585368899628936106e+02 1.763656343235217037e+02 3.127896850645623772e+01
2.477760811880333449e+02 1.897005455305886699e+02 3.427895056695348330e+01
2.455399693269019963e+02 2.095579773867331141e+02 3.678689932759209569e+01
2.346670003640832078e+02 2.192245431052905360e+02 4.632370243474900917e+01
2.391497008753446494e+02 2.409984937871713555e+02 5.432113802916308032e+01
2.385512409970640419e+02 2.599594337948586826e+02 6.065276378180993788e+01
