26.598115 36.359826 10.725257 255 0 0
26.973629 36.139787 9.748234 255 0 0
27.436986 35.798525 8.774458 255 0 0
27.988187 35.336040 7.803929 255 0 0
28.627230 34.752331 6.836649 255 0 0
29.354117 34.047399 5.872615 255 0 0
30.168846 33.221243 4.911829 255 0 0
31.071419 32.273864 3.954291 255 0 0
32.061835 31.205261 3.000000 0 255 0
31.468777 29.923873 3.983139 0 255 0
30.920518 28.787097 4.963030 0 255 0
30.417058 27.794932 5.939673 0 255 0
29.958396 26.947380 6.913069 0 255 0
29.544533 26.244439 7.883218 0 255 0
29.175468 25.686110 8.850119 0 255 0
28.851202 25.272392 9.813772 0 255 0
28.571735 25.003287 10.774178 0 255 0
