1	3	5
3	27	5
3	23	27
23	60	27
3	13	23
3	20	13
20	30	13
30	21	13
21	31	13
31	46	13
31	43	46
43	81	46
81	99	46
81	166	99
166	154	99
43	50	81
50	41	81
41	45	81
41	26	45
26	24	45
24	11	45
11	59	45
11	18	59
11	14	18
14	33	18
33	52	18
52	53	18
52	76	53
76	64	53
64	51	53
64	88	51
64	90	88
90	120	88
64	76	90
52	79	76
79	95	76
95	106	76
95	118	106
118	129	106
129	139	106
139	147	106
147	148	106
147	161	148
161	173	148
161	191	173
191	193	173
191	217	193
217	237	193
237	228	193
237	296	228
296	327	228
296	347	327
347	424	327
424	384	327
384	337	327
384	364	337
384	407	364
407	414	364
414	352	364
414	399	352
414	442	399
442	433	399
433	380	399
433	480	380
480	497	380
497	381	380
497	516	381
516	462	381
462	359	381
516	576	462
576	438	462
433	442	480
442	531	480
531	546	480
546	568	480
546	594	568
546	590	594
546	531	590
531	644	590
644	661	590
644	708	661
708	754	661
708	752	754
752	813	754
813	798	754
752	734	813
734	863	813
863	833	813
863	907	833
907	975	833
907	993	975
907	917	993
917	1034	993
1034	1024	993
917	958	1034
958	1078	1034
1078	1115	1034
1078	1143	1115
1143	1165	1115
1165	1132	1115
1132	1024	1115
1165	1146	1132
1165	1312	1146
1312	1224	1146
1224	1117	1146
1117	996	1146
996	975	1146
1117	1084	996
1084	1011	996
1011	893	996
1084	1126	1011
1126	1087	1011
1126	1123	1087
1123	1129	1087
1129	1006	1087
1006	963	1087
1006	938	963
938	874	963
938	902	874
902	821	874
821	743	874
743	705	874
821	800	743
800	707	743
821	923	800
923	905	800
923	941	905
923	1006	941
1006	1072	941
1006	1119	1072
1006	1129	1119
1129	1194	1119
1129	1167	1194
1167	1212	1194
1167	1206	1212
1206	1346	1212
1206	1264	1346
1264	1389	1346
1389	1450	1346
1450	1439	1346
1450	1489	1439
1450	1448	1489
1448	1504	1489
1504	1566	1489
1566	1506	1489
1566	1642	1506
1642	1622	1506
1622	1501	1506
1501	1472	1506
1472	1396	1506
1396	1413	1506
1396	1301	1413
1301	1335	1413
1335	1359	1413
1359	1398	1413
1359	1344	1398
1344	1394	1398
1394	1380	1398
1380	1356	1398
1380	1287	1356
1287	1242	1356
1287	1196	1242
1196	1172	1242
1196	1063	1172
1063	1072	1172
1196	1047	1063
1287	1289	1196
1289	1266	1196
1266	1155	1196
1155	1124	1196
1155	1166	1124
1166	1051	1124
1051	1065	1124
1051	990	1065
1051	916	990
916	796	990
796	828	990
916	768	796
916	719	768
1051	1085	916
1051	1099	1085
1099	1121	1085
1121	1093	1085
1121	1137	1093
1137	1097	1093
1097	1054	1093
1097	1040	1054
1097	1061	1040
1061	983	1040
1061	1009	983
1009	944	983
944	900	983
900	932	983
1009	928	944
928	886	944
886	870	944
928	814	886
814	793	886
814	792	793
792	758	793
814	848	792
848	809	792
848	929	809
848	933	929
848	881	933
881	908	933
908	959	933
959	999	933
999	1135	933
999	1056	1135
1056	1173	1135
1173	1237	1135
1237	1191	1135
1237	1317	1191
999	943	1056
999	959	943
959	908	943
908	901	943
901	967	943
901	989	967
989	1019	967
1019	1046	967
1046	1100	967
1100	966	967
966	965	967
1100	1089	966
1089	1053	966
1053	985	966
1100	1188	1089
1188	1164	1089
1188	1269	1164
1269	1142	1164
1100	1114	1188
1100	1046	1114
1046	1116	1114
1116	1137	1114
1116	1097	1137
1116	1061	1097
1116	1046	1061
1046	956	1061
956	1009	1061
956	969	1009
969	928	1009
969	956	928
956	912	928
912	814	928
912	848	814
912	887	848
887	881	848
887	892	881
892	908	881
892	901	908
892	887	901
887	989	901
887	912	989
912	1019	989
912	956	1019
956	1046	1019
1099	1166	1121
1099	1051	1166
1155	1266	1166
1289	1318	1266
1289	1348	1318
1348	1328	1318
1328	1269	1318
1348	1374	1328
1374	1344	1328
1374	1392	1344
1392	1394	1344
1392	1380	1394
1392	1374	1380
1374	1287	1380
1374	1348	1287
1348	1289	1287
1359	1282	1344
1359	1335	1282
1396	1334	1301
1396	1414	1334
1414	1454	1334
1414	1670	1454
1414	1631	1670
1631	1737	1670
1737	1719	1670
1396	1368	1414
1368	1412	1414
1368	1396	1412
1396	1472	1412
1622	1546	1501
1546	1534	1501
1622	1648	1546
1648	1697	1546
1648	1704	1697
1704	1737	1697
1704	1819	1737
1819	1858	1737
1858	1934	1737
1648	1729	1704
1648	1644	1729
1644	1722	1729
1722	1761	1729
1722	1723	1761
1723	1764	1761
1764	1848	1761
1764	1866	1848
1764	1749	1866
1749	1782	1866
1782	1842	1866
1842	1941	1866
1842	1874	1941
1874	1914	1941
1914	1969	1941
1969	2075	1941
2075	2083	1941
2083	2094	1941
2083	2175	2094
2083	2075	2175
1874	1793	1914
1793	1792	1914
1792	1901	1914
1792	1795	1901
1795	1807	1901
1807	1869	1901
1807	1757	1869
1757	1857	1869
1857	1986	1869
1857	1879	1986
1857	1812	1879
1812	1754	1879
1754	1760	1879
1760	1884	1879
1760	1747	1884
1747	1714	1884
1714	1893	1884
1747	1683	1714
1683	1654	1714
1654	1597	1714
1597	1685	1714
1685	1768	1714
1768	1801	1714
1597	1581	1685
1597	1548	1581
1548	1461	1581
1548	1520	1461
1520	1460	1461
1460	1338	1461
1338	1402	1461
1338	1257	1402
1257	1361	1402
1361	1423	1402
1423	1476	1402
1476	1581	1402
1423	1422	1476
1422	1479	1476
1479	1577	1476
1577	1602	1476
1479	1555	1577
1422	1390	1479
1390	1430	1479
1390	1355	1430
1355	1377	1430
1355	1324	1377
1324	1299	1377
1324	1244	1299
1324	1288	1244
1288	1168	1244
1168	1184	1244
1168	1055	1184
1168	1163	1055
1168	1288	1163
1288	1257	1163
1257	1186	1163
1186	1042	1163
1186	1074	1042
1074	909	1042
1074	1078	909
1078	958	909
1074	1109	1078
1109	1179	1078
1179	1181	1078
1181	1143	1078
1181	1263	1143
1263	1165	1143
1263	1312	1165
1263	1326	1312
1326	1351	1312
1351	1373	1312
1373	1224	1312
1373	1313	1224
1313	1233	1224
1233	1117	1224
1233	1159	1117
1159	1084	1117
1159	1126	1084
1159	1192	1126
1192	1206	1126
1206	1123	1126
1206	1167	1123
1167	1129	1123
1192	1264	1206
1192	1215	1264
1215	1347	1264
1347	1448	1264
1448	1389	1264
1448	1450	1389
1347	1431	1448
1431	1504	1448
1431	1550	1504
1431	1471	1550
1471	1592	1550
1592	1637	1550
1592	1604	1637
1604	1674	1637
1674	1733	1637
1674	1749	1733
1749	1764	1733
1764	1723	1733
1674	1743	1749
1743	1782	1749
1743	1779	1782
1779	1842	1782
1779	1874	1842
1779	1793	1874
1779	1675	1793
1675	1667	1793
1667	1688	1793
1688	1766	1793
1766	1792	1793
1766	1795	1792
1766	1728	1795
1728	1807	1795
1728	1721	1807
1721	1757	1807
1728	1664	1721
1664	1584	1721
1664	1562	1584
1562	1518	1584
1518	1582	1584
1518	1595	1582
1595	1621	1582
1595	1654	1621
1654	1754	1621
1654	1683	1754
1683	1747	1754
1747	1760	1754
1595	1565	1654
1565	1597	1654
1565	1548	1597
1565	1520	1548
1565	1518	1520
1518	1447	1520
1447	1424	1520
1424	1460	1520
1424	1308	1460
1308	1338	1460
1308	1278	1338
1278	1271	1338
1271	1257	1338
1271	1179	1257
1179	1186	1257
1179	1109	1186
1109	1074	1186
1271	1236	1179
1236	1181	1179
1236	1305	1181
1305	1263	1181
1305	1326	1263
1305	1404	1326
1404	1357	1326
1357	1351	1326
1357	1451	1351
1451	1443	1351
1443	1373	1351
1443	1458	1373
1458	1420	1373
1420	1313	1373
1420	1471	1313
1471	1321	1313
1321	1233	1313
1321	1215	1233
1215	1159	1233
1215	1192	1159
1321	1347	1215
1321	1471	1347
1471	1431	1347
1420	1464	1471
1464	1580	1471
1580	1592	1471
1580	1604	1592
1580	1675	1604
1675	1674	1604
1675	1779	1674
1779	1743	1674
1580	1603	1675
1603	1667	1675
1603	1649	1667
1649	1688	1667
1649	1620	1688
1620	1664	1688
1664	1728	1688
1728	1766	1688
1620	1563	1664
1563	1562	1664
1563	1451	1562
1451	1404	1562
1404	1518	1562
1404	1447	1518
1404	1424	1447
1404	1367	1424
1367	1308	1424
1367	1305	1308
1305	1278	1308
1305	1236	1278
1236	1271	1278
1367	1404	1305
1451	1357	1404
1563	1544	1451
1544	1458	1451
1458	1443	1451
1544	1464	1458
1464	1420	1458
1544	1580	1464
1544	1603	1580
1544	1649	1603
1544	1620	1649
1544	1563	1620
1565	1595	1518
1288	1361	1257
1288	1355	1361
1355	1390	1361
1390	1422	1361
1422	1423	1361
1288	1324	1355
1812	1757	1754
1812	1857	1757
1722	1644	1723
1644	1642	1723
1644	1622	1642
1644	1648	1622
923	938	1006
923	902	938
923	821	902
917	839	958
839	818	958
839	738	818
839	845	738
845	864	738
864	742	738
864	863	742
863	734	742
734	589	742
589	577	742
577	586	742
577	509	586
509	510	586
509	411	510
411	374	510
411	347	374
411	424	347
411	509	424
509	562	424
509	577	562
577	589	562
734	708	589
708	597	589
708	644	597
734	752	708
864	907	863
864	917	907
864	845	917
845	839	917
442	414	531
384	424	407
237	280	296
237	253	280
253	256	280
256	314	280
256	308	314
308	373	314
308	336	373
336	375	373
336	330	375
330	416	375
416	403	375
416	556	403
556	538	403
556	614	538
614	626	538
556	619	614
330	365	416
365	417	416
365	372	417
372	428	417
372	432	428
432	458	428
458	476	428
476	477	428
477	506	428
477	543	506
543	558	506
558	572	506
572	640	506
572	599	640
599	687	640
687	699	640
699	715	640
715	619	640
699	781	715
781	840	715
840	818	715
699	687	781
687	713	781
713	791	781
713	805	791
713	696	805
696	776	805
696	731	776
696	673	731
673	741	731
696	638	673
638	583	673
638	572	583
572	558	583
558	543	583
543	542	583
543	477	542
477	504	542
477	476	504
476	580	504
476	458	580
458	493	580
458	475	493
475	473	493
473	529	493
473	512	529
512	570	529
570	635	529
570	658	635
570	669	658
669	775	658
669	766	775
669	645	766
669	570	645
570	569	645
569	587	645
587	655	645
587	604	655
570	512	569
473	461	512
473	445	461
445	405	461
405	439	461
439	434	461
439	401	434
401	396	434
401	370	396
370	377	396
377	418	396
418	453	396
418	398	453
398	410	453
410	498	453
498	524	453
524	571	453
410	451	498
451	564	498
451	501	564
501	623	564
410	385	451
370	325	377
370	326	325
326	278	325
278	287	325
278	242	287
242	249	287
249	260	287
249	176	260
249	189	176
189	147	176
147	142	176
142	174	176
142	139	174
139	129	174
129	132	174
132	197	174
197	210	174
197	235	210
235	272	210
197	220	235
220	269	235
269	284	235
284	290	235
284	358	290
284	321	358
321	355	358
355	397	358
397	421	358
397	456	421
355	392	397
355	351	392
351	363	392
363	391	392
363	368	391
368	429	391
368	404	429
404	490	429
404	496	490
368	333	404
333	324	404
333	263	324
263	288	324
288	300	324
288	247	300
247	227	300
247	165	227
247	200	165
200	156	165
156	108	165
108	109	165
108	89	109
89	77	109
77	72	109
72	121	109
72	57	121
57	100	121
100	119	121
119	151	121
119	149	151
149	168	151
149	162	168
162	181	168
181	208	168
181	219	208
219	224	208
219	285	224
285	318	224
219	279	285
219	238	279
238	293	279
293	307	279
238	274	293
238	259	274
238	222	259
222	240	259
240	248	259
248	311	259
248	266	311
266	328	311
328	346	311
248	232	266
232	246	266
232	192	246
192	184	246
192	183	184
183	134	184
134	122	184
134	127	122
183	179	134
183	214	179
214	182	179
214	222	182
222	169	182
169	124	182
124	127	182
169	131	124
131	113	124
131	114	113
114	67	113
114	65	67
65	30	67
30	20	67
65	57	30
65	100	57
65	97	100
97	101	100
101	119	100
101	149	119
101	114	149
114	131	149
131	162	149
131	169	162
169	181	162
169	222	181
222	238	181
238	219	181
101	97	114
97	65	114
214	240	222
214	248	240
214	232	248
214	183	232
183	192	232
72	56	57
56	37	57
56	32	37
32	17	37
17	22	37
22	21	37
22	31	21
22	16	31
16	50	31
50	43	31
16	41	50
16	26	41
16	12	26
12	24	26
12	8	24
8	11	24
8	14	11
8	28	14
28	38	14
38	33	14
38	49	33
49	52	33
49	70	52
70	79	52
70	105	79
105	95	79
105	118	95
105	132	118
132	125	118
125	129	118
125	132	129
105	136	132
136	197	132
136	203	197
203	215	197
215	220	197
215	310	220
310	269	220
310	319	269
319	321	269
321	284	269
319	351	321
351	355	321
319	310	351
310	363	351
310	322	363
322	331	363
331	368	363
331	333	368
331	322	333
322	276	333
276	270	333
270	263	333
270	205	263
205	196	263
205	188	196
188	156	196
188	135	156
135	107	156
107	110	156
110	108	156
110	83	108
83	89	108
83	77	89
83	48	77
48	56	77
56	72	77
48	29	56
29	32	56
29	16	32
16	17	32
16	22	17
29	12	16
29	28	12
28	8	12
29	34	28
34	38	28
34	66	38
66	49	38
66	75	49
75	70	49
75	105	70
75	112	105
112	136	105
112	135	136
135	203	136
135	188	203
188	205	203
205	215	203
205	276	215
276	310	215
276	322	310
205	270	276
112	107	135
112	75	107
75	66	107
66	110	107
66	48	110
48	83	110
66	34	48
34	29	48
142	147	139
189	194	147
194	161	147
194	198	161
198	191	161
198	213	191
213	217	191
213	239	217
239	241	217
241	253	217
253	237	217
241	256	253
241	239	256
239	289	256
289	308	256
289	295	308
295	336	308
295	330	336
295	332	330
332	365	330
332	372	365
332	350	372
350	432	372
350	376	432
376	445	432
445	475	432
475	458	432
445	473	475
376	405	445
376	338	405
338	382	405
382	439	405
382	401	439
382	371	401
371	326	401
326	370	401
371	338	326
338	297	326
297	254	326
254	278	326
254	229	278
229	242	278
229	213	242
213	194	242
194	189	242
189	249	242
213	198	194
229	231	213
231	239	213
231	254	239
254	297	239
297	289	239
297	332	289
332	295	289
297	350	332
297	338	350
338	376	350
231	229	254
371	382	338
638	599	572
638	682	599
682	713	599
713	687	599
682	696	713
682	638	696
3	1	20
4	9	6
6	62	4
62	25	4
25	15	4
15	9	4
62	71	25
71	39	25
39	35	25
35	54	25
54	63	25
54	96	63
96	85	63
85	82	63
82	94	63
82	91	94
82	85	91
54	39	96
39	71	96
71	157	96
54	35	39
62	78	71
78	158	71
78	140	158
62	58	78
62	6	58
7	44	10
44	40	10
40	55	10
40	44	55
19	61	42
61	86	42
86	80	42
86	111	80
111	130	80
47	92	69
128	186	152
186	216	152
133	150	145
150	178	145
178	175	145
175	81	145
178	187	175
178	233	187
233	302	187
178	218	233
218	273	233
218	252	273
252	359	273
359	320	273
252	317	359
252	268	317
178	150	218
141	143	163
146	211	245
155	255	171
159	195	170
195	209	170
164	180	190
199	261	204
204	157	199
157	158	199
158	234	199
234	277	199
277	261	199
277	301	261
277	341	301
158	257	234
158	201	257
261	226	204
226	211	204
265	344	267
281	315	367
315	366	367
282	354	334
294	329	348
329	447	348
304	425	343
304	440	425
339	353	395
353	413	395
413	437	395
437	339	395
413	465	437
465	575	437
575	483	437
360	444	383
386	388	454
388	435	454
388	367	435
389	455	427
455	526	427
526	518	427
518	471	427
518	521	471
521	522	471
518	557	521
518	526	557
526	620	557
620	650	557
650	608	557
650	641	608
650	659	641
659	702	641
702	722	641
722	726	641
726	692	641
722	802	726
722	702	802
702	815	802
815	852	802
852	994	802
994	849	802
852	981	994
981	1200	994
1200	1083	994
981	1162	1200
1162	1296	1200
1162	1227	1296
1162	1012	1227
852	997	981
702	735	815
735	774	815
735	712	774
712	745	774
735	678	712
678	650	712
678	659	650
678	702	659
678	735	702
620	668	650
620	653	668
653	736	668
736	695	668
695	694	668
695	736	694
653	683	736
683	753	736
653	618	683
618	578	683
578	499	683
618	620	578
620	526	578
526	455	578
618	653	620
427	341	389
341	369	389
408	467	481
408	419	467
419	463	467
463	494	467
494	481	467
494	530	481
530	555	481
530	648	555
648	680	555
648	664	680
664	723	680
723	720	680
720	799	680
799	797	680
797	728	680
797	780	728
780	732	728
780	746	732
797	842	780
797	894	842
894	927	842
927	911	842
927	962	911
962	1004	911
962	1031	1004
962	992	1031
992	1091	1031
992	1013	1091
992	927	1013
927	894	1013
992	962	927
664	665	723
665	684	723
664	648	665
648	530	665
443	487	448
452	474	552
457	502	535
502	533	535
533	613	535
533	555	613
485	573	596
596	536	485
596	651	536
651	670	536
651	844	670
844	725	670
844	830	725
830	643	725
573	630	596
573	582	630
486	559	514
514	392	486
559	606	514
486	550	559
550	631	559
550	560	631
560	621	631
560	554	621
560	550	554
550	523	554
523	551	554
523	513	551
513	540	551
513	490	540
550	486	523
508	615	544
544	499	508
499	459	508
544	671	499
544	615	671
534	574	592
592	617	534
534	483	574
537	716	693
541	611	593
611	666	593
666	607	593
611	750	666
611	719	750
541	612	611
545	601	730
601	747	730
601	677	747
547	609	628
609	637	628
637	717	628
717	688	628
637	751	717
751	825	717
751	826	825
826	884	825
884	895	825
826	911	884
826	824	911
826	767	824
767	749	824
826	751	767
637	609	751
548	565	676
676	575	548
676	724	575
724	679	575
724	771	679
724	836	771
676	698	724
676	709	698
549	561	600
561	595	600
600	584	549
600	632	584
632	610	584
610	551	584
632	727	610
727	711	610
711	703	610
727	769	711
727	765	769
765	808	769
727	632	765
553	647	639
639	598	553
563	642	566
563	662	642
662	786	642
567	591	675
591	667	675
588	649	629
649	700	629
700	686	629
686	634	629
686	701	634
649	605	700
605	762	700
762	866	700
762	940	866
940	1018	866
940	1076	1018
1076	1182	1018
1076	1240	1182
1240	1303	1182
1303	1210	1182
1303	1302	1210
1302	1204	1210
1302	1239	1204
1239	1230	1204
1239	1260	1230
1260	1122	1230
1260	1187	1122
1187	1057	1122
1057	1030	1122
1239	1302	1260
1302	1415	1260
1302	1554	1415
1554	1510	1415
1240	1397	1303
1397	1449	1303
1397	1478	1449
1397	1314	1478
1314	1507	1478
1507	1596	1478
1507	1690	1596
1690	1739	1596
1690	1860	1739
1860	1852	1739
1860	2059	1852
1690	1806	1860
1806	1896	1860
1806	1814	1896
1806	1797	1814
1797	1720	1814
1797	1715	1720
1797	1806	1715
1806	1655	1715
1806	1690	1655
1690	1558	1655
1690	1507	1558
1507	1330	1558
1330	1369	1558
1369	1551	1558
1330	1252	1369
1252	1208	1369
1208	1185	1369
1185	1354	1369
1330	1256	1252
1330	1323	1256
1330	1507	1323
1507	1314	1323
1397	1279	1314
1397	1248	1279
1397	1240	1248
1240	1076	1248
616	714	744
714	761	744
627	759	681
759	785	681
785	677	681
785	820	677
759	876	785
876	906	785
876	973	906
759	831	876
697	729	882
729	926	882
729	788	926
737	817	846
846	765	737
772	811	806
772	812	811
812	865	811
865	896	811
896	806	811
896	950	806
865	931	896
773	857	779
777	835	794
784	851	843
789	960	834
807	899	890
899	952	890
807	856	899
822	847	879
847	1007	879
847	1041	1007
823	853	878
853	977	878
853	854	977
854	976	977
841	885	915
885	947	915
947	883	915
883	841	915
883	745	841
947	1012	883
947	1032	1012
947	885	1032
885	1068	1032
1068	1110	1032
1068	1222	1110
1068	1226	1222
1226	1320	1222
1320	1386	1222
1386	1378	1222
1386	1638	1378
1386	1473	1638
1386	1320	1473
860	904	968
861	913	982
862	922	1003
922	936	1003
936	986	1003
986	1134	1003
1134	1149	1003
1149	1025	1003
1025	889	1003
1025	904	889
1149	1138	1025
1149	1273	1138
1273	1258	1138
1258	1219	1138
1219	1062	1138
1219	1198	1062
1198	1077	1062
1077	991	1062
991	968	1062
1077	970	991
970	903	991
1077	1185	970
1185	1022	970
1022	960	970
1219	1353	1198
1353	1433	1198
1433	1354	1198
1353	1514	1433
1219	1258	1353
1273	1411	1258
1273	1391	1411
1391	1475	1411
1475	1508	1411
1475	1522	1508
1391	1340	1475
1340	1531	1475
1340	1403	1531
1391	1273	1340
1273	1149	1340
986	1043	1134
1043	1147	1134
1147	1201	1134
1147	1365	1201
1365	1345	1201
1365	1406	1345
1365	1419	1406
1419	1470	1406
1419	1438	1470
1438	1502	1470
1438	1360	1502
1438	1419	1360
1419	1365	1360
1365	1255	1360
1043	1125	1147
877	910	984
880	951	942
914	935	1005
914	779	935
1005	1027	914
919	1060	1102
919	1057	1060
920	954	937
920	980	954
954	1001	937
1001	1023	937
937	805	920
937	939	805
921	987	1026
921	844	987
844	924	987
924	957	987
924	1102	957
930	948	934
948	856	934
945	961	1096
1096	974	945
949	1036	1160
953	1010	1028
953	974	1010
974	1106	1010
1106	1028	1010
955	1158	979
979	931	955
972	1066	1000
972	1033	1066
1033	1153	1066
972	895	1033
988	1008	1058
1008	1101	1058
1101	1300	1058
1300	1107	1058
1101	1295	1300
1101	1275	1295
1002	1133	1139
1133	1247	1139
1133	1171	1247
1017	1050	1157
1050	1161	1157
1161	1243	1157
1157	1108	1017
1157	1234	1108
1021	1136	1029
1136	1177	1029
1049	1216	1059
1216	1088	1059
1216	1254	1088
1069	1075	1217
1069	1092	1075
1092	1105	1075
1217	1267	1069
1267	1245	1069
1245	1189	1069
1245	1319	1189
1245	1267	1319
1267	1499	1319
1217	1337	1267
1071	1199	1291
1199	1362	1291
1362	1436	1291
1090	1178	1131
1103	1195	1241
1195	1352	1241
1195	1307	1352
1307	1382	1352
1120	1152	1141
1144	1311	1197
1197	1106	1144
1311	1265	1197
1151	1223	1193
1223	1329	1193
1329	1178	1193
1151	1229	1223
1174	1183	1262
1174	1105	1183
1203	1310	1366
1310	1409	1366
1409	1553	1366
1553	1503	1366
1553	1671	1503
1671	1701	1503
1701	1457	1503
1701	1611	1457
1611	1446	1457
1701	1787	1611
1787	1786	1611
1786	1758	1611
1758	1740	1611
1786	1907	1758
1786	1817	1907
1786	1787	1817
1787	1888	1817
1214	1280	1298
1225	1452	1363
1452	1556	1363
1238	1336	1383
1259	1372	1261
1270	1316	1294
1270	1284	1316
1316	1395	1294
1395	1331	1294
1395	1315	1331
1316	1533	1395
1533	1540	1395
1540	1579	1395
1579	1552	1395
1552	1493	1395
1552	1587	1493
1552	1707	1587
1707	1724	1587
1724	1765	1587
1552	1579	1707
1540	1568	1579
1568	1712	1579
1568	1636	1712
1568	1533	1636
1568	1540	1533
1297	1388	1417
1388	1539	1417
1306	1481	1427
1306	1524	1481
1524	1650	1481
1650	1474	1481
1474	1427	1481
1650	1624	1474
1524	1672	1650
1672	1826	1650
1672	1880	1826
1880	1875	1826
1880	1899	1875
1880	1910	1899
1524	1589	1672
1589	1666	1672
1325	1371	1350
1371	1370	1350
1333	1358	1462
1358	1483	1462
1483	1588	1462
1339	1400	1432
1432	1407	1339
1432	1491	1407
1491	1456	1407
1384	1418	1494
1418	1482	1494
1482	1594	1494
1482	1560	1594
1393	1543	1529
1410	1469	1465
1469	1660	1465
1660	1527	1465
1416	1541	1442
1541	1509	1442
1425	1559	1497
1426	1538	1585
1435	1445	1486
1445	1610	1486
1486	1444	1435
1444	1262	1435
1444	1337	1262
1441	1576	1500
1441	1456	1576
1441	1385	1456
1459	1523	1467
1467	1469	1459
1463	1477	1517
1517	1564	1463
1517	1628	1564
1628	1668	1564
1668	1694	1564
1628	1700	1668
1517	1528	1628
1517	1477	1528
1466	1488	1629
1488	1682	1629
1488	1626	1682
1488	1490	1626
1490	1571	1626
1571	1608	1626
1608	1777	1626
1608	1788	1777
1788	1902	1777
1902	1833	1777
1902	1983	1833
1983	2006	1833
2006	1885	1833
1983	2176	2006
2176	2206	2006
2206	2033	2006
1983	2048	2176
2048	2213	2176
2213	2252	2176
2048	2167	2213
2167	2241	2213
2167	2215	2241
2167	2214	2215
1983	1902	2048
1788	1770	1902
1788	1608	1770
1608	1705	1770
1705	1789	1770
1705	1725	1789
1725	1870	1789
1705	1678	1725
1705	1516	1678
1516	1498	1678
1705	1608	1516
1608	1571	1516
1480	1547	1512
1547	1452	1512
1487	1607	1526
1526	1400	1487
1400	1387	1487
1487	1561	1607
1492	1496	1549
1495	1633	1593
1633	1680	1593
1515	1647	1545
1647	1783	1545
1783	1800	1545
1800	1803	1545
1803	1775	1545
1775	1572	1545
1572	1499	1545
1803	1873	1775
1783	1830	1800
1830	1990	1800
1530	1575	1542
1567	1623	1663
1578	1738	1586
1586	1372	1578
1586	1513	1372
1599	1716	1635
1716	1727	1635
1716	1829	1727
1599	1653	1716
1653	1741	1716
1600	1634	1614
1600	1740	1634
1740	1798	1634
1798	1681	1634
1605	1703	1711
1703	1850	1711
1850	1862	1711
1862	1930	1711
1930	1804	1711
1930	1979	1804
1930	2003	1979
2003	2168	1979
2003	2158	2168
2158	2317	2168
2317	2327	2168
2327	2302	2168
2302	2172	2168
2172	2114	2168
2114	2090	2168
2114	2065	2090
2114	2072	2065
2072	2026	2065
2026	1903	2065
2072	2046	2026
2072	2119	2046
2327	2325	2302
2327	2490	2325
2490	2449	2325
2490	2553	2449
2553	2503	2449
2553	2620	2503
2620	2608	2503
2608	2523	2503
2523	2481	2503
2523	2537	2481
2537	2408	2481
2537	2540	2408
2540	2379	2408
2537	2667	2540
2667	2658	2540
2667	2723	2658
2667	2727	2723
2667	2749	2727
2749	2803	2727
2803	2945	2727
2803	2941	2945
2941	3069	2945
3069	3054	2945
3054	3062	2945
3062	2918	2945
3062	3049	2918
3049	2871	2918
3049	2849	2871
3049	3074	2849
2749	2841	2803
2749	2620	2841
2749	2608	2620
2749	2667	2608
2667	2523	2608
2667	2537	2523
2327	2497	2490
2327	2436	2497
2327	2317	2436
2003	2031	2158
2003	1930	2031
1703	1696	1850
1696	1808	1850
1696	1731	1808
1731	1816	1808
1696	1645	1731
1645	1734	1731
1703	1665	1696
1630	1838	1773
1773	1514	1630
1838	1890	1773
1838	1913	1890
1913	2030	1890
1913	2019	2030
1913	2077	2019
1643	1684	1679
1651	1717	1898
1717	1945	1898
1945	1942	1898
1942	1909	1898
1945	2130	1942
1945	2140	2130
2140	2245	2130
2140	2228	2245
2228	2278	2245
2140	2143	2228
2143	2289	2228
2143	2182	2289
2182	2342	2289
2342	2363	2289
2342	2323	2363
2323	2350	2363
2323	2225	2350
2225	2321	2350
2225	2230	2321
2230	2417	2321
2230	2205	2417
2205	2460	2417
2460	2581	2417
2460	2693	2581
2693	2816	2581
2693	2904	2816
2693	2675	2904
2693	2630	2675
2205	2299	2460
2299	2404	2460
2299	2407	2404
2407	2630	2404
2407	2430	2630
2407	2381	2430
2381	2238	2430
2238	2389	2430
2389	2496	2430
2496	2567	2430
2496	2603	2567
2496	2601	2603
2496	2441	2601
2441	2482	2601
2482	2619	2601
2619	2756	2601
2619	2609	2756
2619	2482	2609
2482	2495	2609
2482	2333	2495
2441	2239	2482
2441	2389	2239
2389	2197	2239
2197	2177	2239
2177	2161	2239
2161	2195	2239
2195	2212	2239
2212	2333	2239
2212	2336	2333
2212	2165	2336
2165	2142	2336
2142	2235	2336
2235	2399	2336
2235	2386	2399
2386	2459	2399
2212	2195	2165
2195	2132	2165
2195	2161	2132
2161	2120	2132
2161	2177	2120
2197	2116	2177
2116	2101	2177
2116	2074	2101
2074	1896	2101
2116	2238	2074
2116	2197	2238
2197	2389	2238
2441	2496	2389
2407	2217	2381
2407	2299	2217
2225	2056	2230
2323	2244	2225
2244	2163	2225
2244	2182	2163
2244	2342	2182
2244	2323	2342
1945	2041	2140
2041	2062	2140
1659	1843	1794
1843	1883	1794
1883	1823	1794
1823	1661	1794
1883	1877	1823
1883	1925	1877
1883	1843	1925
1843	1904	1925
1904	2035	1925
1904	1938	2035
1677	1831	1695
1831	1771	1695
1689	1755	1736
1755	1818	1736
1818	1846	1736
1846	1784	1736
1691	1753	1767
1753	1828	1767
1693	1706	1791
1706	1863	1791
1706	1835	1863
1709	1853	1763
1853	1856	1763
1853	1892	1856
1892	2068	1856
2068	1984	1856
1984	1881	1856
1984	1970	1881
1984	2105	1970
1984	2124	2105
2124	2171	2105
2171	2118	2105
2118	2178	2105
2118	2191	2178
2124	2287	2171
2124	2122	2287
2124	2078	2122
2078	2068	2122
2068	2201	2122
2078	1984	2068
2078	2124	1984
1732	1832	1950
1832	1886	1950
1886	2038	1950
1886	1937	2038
1937	1963	2038
1963	2086	2038
1937	1855	1963
1855	1944	1963
1886	1742	1937
1886	1832	1742
1746	1865	1796
1865	1854	1796
1854	1781	1796
1746	1752	1865
1752	1951	1865
1951	2027	1865
1751	1837	1827
1837	1996	1827
1756	1805	1825
1805	1889	1825
1889	1927	1825
1756	1780	1805
1780	1919	1805
1759	1839	1769
1839	1882	1769
1774	1936	1926
1776	1809	1802
1776	1719	1809
1809	1965	1802
1965	1830	1802
1809	1947	1965
1799	1967	1878
1815	1822	1894
1820	1939	1821
1939	1931	1821
1840	1922	1932
1864	1955	1977
1955	1980	1977
1980	2034	1977
2034	1995	1977
1867	1872	1900
1871	2032	2024
2032	2126	2024
2126	2170	2024
2170	2109	2024
2126	2232	2170
2232	2410	2170
2410	2328	2170
2232	2427	2410
2427	2545	2410
2126	2021	2232
2021	2129	2232
2126	2032	2021
2032	1871	2021
1876	1891	1917
1891	1923	1917
1923	1988	1917
1988	2047	1917
2047	1940	1917
1940	1928	1917
1928	1895	1917
1895	1876	1917
1908	1973	2004
1973	2069	2004
1915	2052	1968
1916	1943	1933
1933	1924	1916
1933	1964	1924
1964	1959	1924
1964	2001	1959
1964	1975	2001
1975	2023	2001
2023	2039	2001
1975	1943	2023
1975	1933	1943
1975	1964	1933
1921	1960	1997
1929	2022	2036
1953	1998	1982
1956	2071	2011
2071	2058	2011
2058	2053	2011
1962	1993	1978
1962	2056	1993
1962	1991	2056
1978	1910	1962
1966	1971	2081
1971	1990	2081
1990	2080	2081
2080	2255	2081
2255	2268	2081
2268	2111	2081
2111	1966	2081
2111	2088	1966
2111	2226	2088
2111	2268	2226
2268	2366	2226
2268	2393	2366
2393	2474	2366
2080	2231	2255
2080	2139	2231
2080	2049	2139
2049	2141	2139
2049	2096	2141
2080	1990	2049
1990	1965	2049
1985	2100	2044
2100	2121	2044
2121	2067	2044
2100	2194	2121
2100	2028	2194
2100	1985	2028
1985	1934	2028
1989	1999	2092
1992	2149	2112
2149	2222	2112
2112	2029	1992
2112	2023	2029
2002	2066	2009
2066	2217	2009
2217	2151	2009
2151	2104	2009
2104	2007	2009
2151	2205	2104
2010	2091	2014
2012	2193	2061
2193	2265	2061
2193	2367	2265
2193	2269	2367
2025	2190	2131
2037	2133	2160
2133	2166	2160
2166	2188	2160
2166	2340	2188
2340	2246	2188
2340	2416	2246
2416	2402	2246
2402	2376	2246
2376	2227	2246
2376	2183	2227
2376	2175	2183
2376	2396	2175
2376	2418	2396
2418	2628	2396
2418	2444	2628
2418	2402	2444
2402	2416	2444
2416	2559	2444
2418	2376	2402
2340	2387	2416
2166	2181	2340
2181	2361	2340
2181	2290	2361
2290	2304	2361
2304	2320	2361
2304	2154	2320
2304	2290	2154
2043	2196	2221
2043	1996	2196
2196	2258	2221
2221	2155	2043
2045	2097	2218
2218	2076	2045
2055	2220	2169
2057	2060	2174
2085	2136	2147
2147	2103	2085
2147	2208	2103
2147	2338	2208
2147	2348	2338
2348	2443	2338
2348	2274	2443
2274	2461	2443
2274	2339	2461
2348	2223	2274
2348	2147	2223
2147	2136	2223
2093	2233	2173
2233	2316	2173
2233	2384	2316
2384	2527	2316
2384	2507	2527
2507	2596	2527
2596	2668	2527
2668	2663	2527
2663	2607	2527
2668	2753	2663
2668	2794	2753
2794	2781	2753
2781	2820	2753
2781	2959	2820
2959	2986	2820
2781	2794	2959
2794	2972	2959
2794	2930	2972
2794	2736	2930
2736	2851	2930
2851	2915	2930
2915	3081	2930
2736	2812	2851
2736	2682	2812
2736	2571	2682
2736	2596	2571
2596	2507	2571
2736	2668	2596
2736	2794	2668
2384	2431	2507
2384	2414	2431
2384	2368	2414
2368	2509	2414
2368	2312	2509
2312	2292	2509
2312	2293	2292
2368	2233	2312
2368	2384	2233
2107	2273	2242
2242	1997	2107
2107	2257	2273
2107	2180	2257
2180	2266	2257
2110	2157	2113
2113	2027	2110
2157	2284	2113
2115	2150	2148
2150	2277	2148
2123	2164	2236
2125	2209	2134
2153	2313	2318
2313	2486	2318
2486	2415	2318
2486	2476	2415
2318	2129	2153
2162	2211	2216
2211	2309	2216
2309	2250	2216
2309	2372	2250
2162	2052	2211
2162	2084	2052
2189	2294	2272
2294	2314	2272
2294	2447	2314
2200	2234	2392
2234	2270	2392
2202	2405	2406
2405	2432	2406
2405	2589	2432
2589	2453	2432
2589	2666	2453
2666	2647	2453
2647	2456	2453
2647	2614	2456
2614	2500	2456
2589	2748	2666
2748	2910	2666
2203	2353	2283
2240	2260	2331
2260	2343	2331
2260	2439	2343
2439	2518	2343
2439	2498	2518
2498	2590	2518
2498	2536	2590
2536	2696	2590
2696	2722	2590
2439	2448	2498
2249	2297	2373
2297	2359	2373
2359	2471	2373
2471	2473	2373
2471	2605	2473
2605	2624	2473
2624	2578	2473
2471	2639	2605
2253	2324	2256
2324	2291	2256
2261	2288	2303
2288	2468	2303
2468	2454	2303
2288	2500	2468
2500	2563	2468
2264	2469	2319
2264	2392	2469
2392	2577	2469
2577	2487	2469
2392	2606	2577
2606	2621	2577
2267	2341	2271
2267	2390	2341
2390	2385	2341
2275	2305	2370
2276	2286	2409
2281	2354	2332
2281	2434	2354
2434	2332	2354
2434	2345	2332
2434	2547	2345
2298	2344	2472
2306	2352	2398
2310	2394	2369
2394	2465	2369
2329	2477	2446
2477	2514	2446
2477	2533	2514
2334	2483	2362
2483	2502	2362
2502	2491	2362
2335	2522	2422
2522	2530	2422
2522	2613	2530
2613	2562	2530
2613	2637	2562
2637	2535	2562
2637	2546	2535
2637	2746	2546
2746	2533	2546
2746	2776	2533
2746	2969	2776
2746	2952	2969
2952	3022	2969
2952	2883	3022
2883	2846	3022
2846	3064	3022
2883	2815	2846
2815	2669	2846
2883	2746	2815
2746	2637	2815
2883	2952	2746
2522	2526	2613
2526	2680	2613
2680	2669	2613
2526	2672	2680
2672	2805	2680
2347	2403	2433
2403	2378	2433
2378	2401	2433
2433	2397	2347
2397	2258	2347
2433	2470	2397
2470	2484	2397
2484	2592	2397
2592	2437	2397
2592	2646	2437
2646	2635	2437
2484	2561	2592
2484	2636	2561
2351	2442	2395
2442	2560	2395
2560	2510	2395
2560	2584	2510
2584	2557	2510
2560	2632	2584
2560	2611	2632
2358	2587	2421
2421	2236	2358
2587	2623	2421
2623	2573	2421
2573	2452	2421
2573	2506	2452
2506	2478	2452
2506	2501	2478
2573	2707	2506
2573	2701	2707
2573	2623	2701
2358	2569	2587
2358	2488	2569
2371	2516	2428
2371	2517	2516
2517	2591	2516
2591	2764	2516
2764	2713	2516
2713	2575	2516
2764	2864	2713
2864	2768	2713
2764	2853	2864
2764	2822	2853
2764	2767	2822
2764	2591	2767
2517	2505	2591
2375	2539	2525
2539	2583	2525
2388	2466	2513
2466	2519	2513
2519	2531	2513
2519	2706	2531
2706	2543	2531
2706	2771	2543
2391	2504	2534
2504	2691	2534
2691	2532	2534
2691	2689	2532
2689	2565	2532
2689	2589	2565
2691	2800	2689
2800	2828	2689
2828	2829	2689
2800	2884	2828
2800	2691	2884
2400	2570	2429
2412	2435	2419
2435	2551	2419
2551	2515	2419
2450	2492	2564
2464	2493	2485
2494	2556	2631
2499	2572	2685
2572	2752	2685
2752	2810	2685
2752	2891	2810
2752	2855	2891
2855	2980	2891
2512	2548	2568
2568	2715	2512
2568	2673	2715
2673	2857	2715
2857	2818	2715
2818	2777	2715
2818	2877	2777
2877	2926	2777
2926	2845	2777
2926	2979	2845
2926	3068	2979
3068	3126	2979
3068	3258	3126
3258	3372	3126
2926	3008	3068
3008	3043	3068
3008	3102	3043
3008	2999	3102
2999	3139	3102
2999	2937	3139
2937	3157	3139
3157	3253	3139
3157	3302	3253
2937	2967	3157
2999	2907	2937
2907	2865	2937
2907	2903	2865
2903	2857	2865
2857	2673	2865
2673	2782	2865
2903	2999	2857
2999	3008	2857
3008	2818	2857
3008	2877	2818
3008	2926	2877
2903	2907	2999
2568	2548	2673
2541	2742	2674
2742	2751	2674
2751	2725	2674
2725	2740	2674
2725	2825	2740
2825	2802	2740
2802	2705	2740
2802	2763	2705
2763	2634	2705
2634	2544	2705
2802	2893	2763
2893	2858	2763
2893	3090	2858
2802	2970	2893
2725	2751	2825
2751	2742	2825
2742	2895	2825
2742	2831	2895
2831	3026	2895
3026	3059	2895
2831	3001	3026
2831	2870	3001
2549	2726	2709
2726	2747	2709
2726	2860	2747
2860	3012	2747
3012	2902	2747
2550	2659	2654
2654	2651	2550
2654	2698	2651
2654	2826	2698
2550	2594	2659
2594	2642	2659
2554	2734	2652
2734	2778	2652
2778	2769	2652
2769	2787	2652
2734	2799	2778
2734	2717	2799
2717	2887	2799
2717	2790	2887
2558	2585	2703
2582	2638	2744
2638	2721	2744
2604	2653	2670
2653	2695	2670
2617	2671	2690
2690	2645	2617
2629	2730	2665
2665	2495	2629
2650	2735	2833
2656	2728	2770
2728	2775	2770
2728	2786	2775
2786	2953	2775
2728	2766	2786
2656	2545	2728
2656	2585	2545
2679	2791	2948
2791	2965	2948
2965	3149	2948
3149	2984	2948
2704	2758	2774
2774	2570	2704
2570	2710	2704
2710	2758	2704
2708	2898	2804
2712	2732	2813
2732	2788	2813
2714	2738	2808
2724	2920	2890
2920	2929	2890
2920	3033	2929
2731	2733	2876
2733	2906	2876
2906	2916	2876
2906	3014	2916
3014	3057	2916
2906	2971	3014
2971	3038	3014
2971	3159	3038
3159	3070	3038
3070	3077	3038
3070	3096	3077
3070	3159	3096
2971	2910	3159
2760	2811	2835
2779	2973	2880
2973	3029	2880
2973	3229	3029
3229	3224	3029
2780	2956	2824
2956	3039	2824
2956	3098	3039
2780	2768	2956
2785	2819	2885
2793	2892	2856
2856	2801	2793
2856	2925	2801
2925	2913	2801
2925	3040	2913
3040	2968	2913
2968	2889	2913
3040	3105	2968
3040	3203	3105
2925	3114	3040
2925	3021	3114
2925	2896	3021
2896	2892	3021
2896	2856	2892
2896	2925	2856
2795	2814	2964
2814	2874	2964
2814	2866	2874
2964	2863	2795
2863	2837	2795
2863	3034	2837
3034	3000	2837
3000	2872	2837
3000	2882	2872
2882	2909	2872
2882	2850	2909
2850	2796	2909
2882	2911	2850
2911	2924	2850
2924	2899	2850
2882	2966	2911
2798	2868	2867
2798	2774	2868
2806	2842	2843
2806	2942	2842
2823	2991	2854
2991	2982	2854
2991	3089	2982
3089	3083	2982
3083	3009	2982
3083	3117	3009
3117	2954	3009
3083	3172	3117
3172	3147	3117
3089	3193	3083
2823	2804	2991
2823	2741	2804
2827	2996	2997
2996	3075	2997
3075	3256	2997
3075	3236	3256
3075	3099	3236
3099	3161	3236
3161	3326	3236
3161	3307	3326
3161	3130	3307
3130	3158	3307
3158	3325	3307
3130	2884	3158
3161	3099	3130
3075	2996	3099
2827	2829	2996
2832	2939	2897
2939	3060	2897
2832	2826	2939
2826	2960	2939
2960	3037	2939
2847	2988	2949
2988	3076	2949
3076	2868	2949
3076	3111	2868
3076	3182	3111
3076	2988	3182
2949	2758	2847
2848	2905	2931
2859	2879	2992
2879	2867	2992
2869	2923	3032
2873	2921	2935
2881	2963	3035
2886	3044	2900
2886	2968	3044
2912	2981	2978
2912	2947	2981
2947	3141	2981
3141	3142	2981
2947	2917	3141
2947	2912	2917
2912	2707	2917
2927	2977	2998
2932	2958	3011
3011	2962	2932
2958	3079	3011
2958	3055	3079
2958	2985	3055
2985	3006	3055
3006	3066	3055
3006	3084	3066
2957	3162	2994
3162	3082	2994
3162	3233	3082
3162	3356	3233
3356	3421	3233
3356	3534	3421
3534	3544	3421
3356	3539	3534
3539	3570	3534
3539	3695	3570
3695	3720	3570
3539	3579	3695
3162	3213	3356
3213	3275	3356
3213	3126	3275
2983	3095	3046
2989	3024	3003
3003	3010	2989
3003	3071	3010
3071	3056	3010
3003	3024	3071
3024	3178	3071
2989	2887	3024
2990	3023	3031
3007	3017	3078
3017	3154	3078
3154	3121	3078
3121	3110	3078
3015	3093	3048
3093	3127	3048
3127	3058	3048
3058	3025	3048
3093	3164	3127
3016	3097	3047
3018	3091	3155
3091	3223	3155
3223	3238	3155
3223	3300	3238
3300	3312	3238
3312	3279	3238
3279	3204	3238
3279	3346	3204
3346	3323	3204
3279	3331	3346
3331	3391	3346
3331	3442	3391
3442	3466	3391
3331	3312	3442
3312	3352	3442
3312	3300	3352
3300	3223	3352
3331	3279	3312
3028	3061	3088
3061	3092	3088
3092	3281	3088
3092	3101	3281
3101	3313	3281
3313	3390	3281
3390	3364	3281
3390	3552	3364
3552	3383	3364
3552	3520	3383
3520	3440	3383
3520	3515	3440
3515	3447	3440
3515	3537	3447
3515	3590	3537
3590	3547	3537
3515	3520	3590
3520	3784	3590
3390	3506	3552
3390	3313	3506
3030	3170	3053
3170	3209	3053
3030	2984	3170
3030	2904	2984
3051	3176	3228
3176	3345	3228
3176	3169	3345
3169	3339	3345
3169	3177	3339
3228	3241	3051
3106	3137	3208
3106	2931	3137
2931	3152	3137
3152	3208	3137
3152	3288	3208
3288	3366	3208
3366	3422	3208
3107	3136	3249
3109	3257	3168
3168	2964	3109
2964	3033	3109
3115	3143	3218
3118	3131	3240
3120	3160	3266
3160	3277	3266
3160	3196	3277
3196	3382	3277
3382	3438	3277
3438	3483	3277
3438	3512	3483
3512	3546	3483
3382	3406	3438
3406	3448	3438
3382	3301	3406
3382	3264	3301
3122	3226	3306
3306	3187	3122
3306	3369	3187
3369	3375	3187
3369	3499	3375
3499	3525	3375
3499	3655	3525
3306	3343	3369
3132	3200	3222
3132	3188	3200
3200	3349	3222
3349	3271	3222
3271	3195	3222
3195	3189	3222
3189	3132	3222
3349	3396	3271
3349	3432	3396
3432	3463	3396
3463	3543	3396
3543	3424	3396
3424	3330	3396
3543	3497	3424
3349	3405	3432
3135	3175	3212
3212	3276	3135
3212	3290	3276
3290	3314	3276
3314	3427	3276
3314	3429	3427
3314	3430	3429
3212	3245	3290
3144	3332	3206
3206	3098	3144
3206	3293	3098
3206	3309	3293
3309	3355	3293
3355	3370	3293
3355	3458	3370
3458	3403	3370
3458	3457	3403
3309	3434	3355
3309	3332	3434
3332	3419	3434
3332	3214	3419
3214	3398	3419
3214	3241	3398
3332	3144	3214
3309	3206	3332
3148	3267	3185
3267	3273	3185
3267	3381	3273
3267	3336	3381
3336	3460	3381
3336	3365	3460
3150	3191	3163
3150	3262	3191
3262	3283	3191
3262	3376	3283
3376	3361	3283
3262	3330	3376
3153	3263	3237
3153	3315	3263
3315	3436	3263
3436	3452	3263
3452	3354	3263
3452	3433	3354
3452	3561	3433
3561	3556	3433
3556	3412	3433
3556	3502	3412
3502	3418	3412
3561	3643	3556
3643	3657	3556
3643	3731	3657
3731	3737	3657
3737	3710	3657
3710	3599	3657
3737	3793	3710
3793	3806	3710
3806	3721	3710
3806	3831	3721
3831	3773	3721
3831	3798	3773
3831	3937	3798
3937	3920	3798
3920	3775	3798
3920	3782	3775
3920	3923	3782
3920	3940	3923
3940	3990	3923
3990	4006	3923
3990	4087	4006
4087	4017	4006
4017	3902	4006
4087	4040	4017
4087	4182	4040
4182	4129	4040
4129	3989	4040
4129	4143	3989
4143	4079	3989
4079	3999	3989
3999	3932	3989
4079	4015	3999
4079	4120	4015
4079	4099	4120
4099	4160	4120
4099	4150	4160
4150	4262	4160
4262	4214	4160
4262	4308	4214
4308	4322	4214
4308	4371	4322
4371	4417	4322
4417	4482	4322
4482	4475	4322
4475	4460	4322
4460	4398	4322
4460	4411	4398
4460	4526	4411
4526	4457	4411
4526	4514	4457
4514	4500	4457
4514	4589	4500
4514	4526	4589
4526	4571	4589
4571	4603	4589
4603	4693	4589
4693	4666	4589
4666	4643	4589
4666	4672	4643
4666	4693	4672
4693	4772	4672
4772	4757	4672
4772	4801	4757
4801	4791	4757
4801	4880	4791
4880	4930	4791
4930	4790	4791
4790	4724	4791
4790	4747	4724
4790	4860	4747
4860	4775	4747
4860	4867	4775
4867	4854	4775
4867	4940	4854
4940	4942	4854
4942	4928	4854
4928	4893	4854
4893	4821	4854
4893	4900	4821
4893	4928	4900
4942	4976	4928
4942	4940	4976
4940	5020	4976
5020	5067	4976
5020	5085	5067
5085	5101	5067
5101	5109	5067
5109	5054	5067
5109	5055	5054
5109	5130	5055
5130	5095	5055
5095	5080	5055
5080	5017	5055
5017	4934	5055
5017	4924	4934
5017	4858	4924
5017	4855	4858
4855	4811	4858
4811	4810	4858
4811	4640	4810
4640	4777	4810
4640	4670	4777
4670	4705	4777
4705	4821	4777
4670	4663	4705
4670	4504	4663
4670	4640	4504
4640	4563	4504
4563	4540	4504
4540	4339	4504
4563	4572	4540
4572	4568	4540
4568	4489	4540
4489	4342	4540
4342	4298	4540
4342	4297	4298
4297	4159	4298
4297	4100	4159
4297	4029	4100
4297	4239	4029
4239	4049	4029
4049	4030	4029
4030	3941	4029
3941	3795	4029
3941	3756	3795
3941	3887	3756
3887	3770	3756
3770	3575	3756
3575	3591	3756
3770	3589	3575
3589	3456	3575
3589	3509	3456
3887	3888	3770
3888	3843	3770
3888	3821	3843
3821	3705	3843
3821	3823	3705
3823	3824	3705
3824	3772	3705
3823	4018	3824
3823	3821	4018
3821	3888	4018
3888	4009	4018
3888	3998	4009
3998	4227	4009
3998	4049	4227
4049	4239	4227
4239	4351	4227
4239	4297	4351
4297	4489	4351
4297	4342	4489
3998	4030	4049
3998	3887	4030
3887	3941	4030
3998	3888	3887
4572	4640	4568
4572	4563	4640
4855	4769	4811
4769	4753	4811
4769	4737	4753
4737	4568	4753
4769	4797	4737
4769	4879	4797
4879	4824	4797
4769	4855	4879
4855	4912	4879
4855	5017	4912
5017	5025	4912
5025	4986	4912
5025	5052	4986
5052	5061	4986
5061	4996	4986
4996	4885	4986
4996	4897	4885
4897	4838	4885
4838	4778	4885
4838	4734	4778
4838	4648	4734
4648	4564	4734
4648	4553	4564
4553	4490	4564
4553	4439	4490
4553	4547	4439
4547	4428	4439
4553	4625	4547
4553	4648	4625
4648	4667	4625
4648	4776	4667
4776	4788	4667
4776	4897	4788
4897	4869	4788
4776	4838	4897
4776	4648	4838
5061	5016	4996
5016	5006	4996
5016	5036	5006
5036	5028	5006
5028	4983	5006
4983	4966	5006
4966	4869	5006
4966	4848	4869
4848	4829	4869
4848	4834	4829
4834	4743	4829
4743	4704	4829
4704	4710	4829
4743	4686	4704
4743	4642	4686
4743	4761	4642
4761	4717	4642
4717	4627	4642
4717	4641	4627
4641	4566	4627
4641	4673	4566
4641	4685	4673
4685	4708	4673
4685	4751	4708
4751	4785	4708
4751	4787	4785
4787	4823	4785
4823	4859	4785
4859	4814	4785
4859	4839	4814
4839	4813	4814
4813	4716	4814
4716	4683	4814
4716	4669	4683
4669	4610	4683
4610	4579	4683
4579	4617	4683
4579	4531	4617
4531	4442	4617
4442	4485	4617
4442	4436	4485
4436	4414	4485
4414	4450	4485
4450	4566	4485
4450	4467	4566
4467	4533	4566
4450	4437	4467
4450	4432	4437
4436	4391	4414
4391	4277	4414
4391	4204	4277
4391	4396	4204
4396	4183	4204
4183	4080	4204
4391	4436	4396
4436	4442	4396
4442	4425	4396
4425	4252	4396
4425	4271	4252
4271	4237	4252
4271	4272	4237
4442	4454	4425
4442	4531	4454
4531	4462	4454
4531	4610	4462
4531	4579	4610
4669	4623	4610
4623	4573	4610
4623	4630	4573
4630	4565	4573
4630	4544	4565
4544	4404	4565
4630	4631	4544
4631	4548	4544
4548	4529	4544
4548	4512	4529
4512	4477	4529
4512	4311	4477
4311	4290	4477
4311	4291	4290
4291	4230	4290
4230	4304	4290
4291	4083	4230
4083	4031	4230
4083	4036	4031
4083	4046	4036
4046	4035	4036
4548	4631	4512
4631	4687	4512
4631	4684	4687
4684	4714	4687
4714	4712	4687
4714	4873	4712
4714	4758	4873
4623	4669	4630
4716	4813	4669
4813	4758	4669
4839	4898	4813
4839	4908	4898
4908	4968	4898
4968	4989	4898
4989	4936	4898
4936	4910	4898
4936	4948	4910
4948	4873	4910
4948	4938	4873
4938	4878	4873
4938	4902	4878
4902	4863	4878
4863	4804	4878
4863	4876	4804
4876	4783	4804
4783	4740	4804
4783	4720	4740
4783	4774	4720
4774	4638	4720
4774	4636	4638
4636	4541	4638
4636	4494	4541
4494	4326	4541
4494	4273	4326
4273	4243	4326
4243	4310	4326
4310	4327	4326
4310	4255	4327
4255	4267	4327
4267	4302	4327
4255	4152	4267
4255	4108	4152
4108	4043	4152
4043	4026	4152
4043	3847	4026
4043	4044	3847
4044	3984	3847
4044	4108	3984
4108	4039	3984
4039	4020	3984
4020	3980	3984
4020	4014	3980
4014	3950	3980
4014	4063	3950
4063	4010	3950
4010	3960	3950
4063	4149	4010
4063	4241	4149
4241	4205	4149
4241	4316	4205
4316	4336	4205
4336	4233	4205
4336	4263	4233
4063	4231	4241
4063	4014	4231
4044	4043	4108
4255	4243	4108
4255	4310	4243
4494	4472	4273
4494	4505	4472
4505	4510	4472
4510	4435	4472
4510	4546	4435
4510	4657	4546
4657	4682	4546
4682	4696	4546
4682	4721	4696
4721	4665	4696
4665	4633	4696
4665	4597	4633
4721	4739	4665
4721	4760	4739
4760	4800	4739
4800	4803	4739
4803	4805	4739
4803	4888	4805
4888	4904	4805
4904	4845	4805
4904	4939	4845
4939	4890	4845
4939	4937	4890
4937	4907	4890
4907	4840	4890
4907	4842	4840
4842	4812	4840
4842	4789	4812
4789	4732	4812
4789	4752	4732
4789	4755	4752
4789	4853	4755
4853	4816	4755
4789	4842	4853
4842	4874	4853
4937	4947	4907
4947	4987	4907
4904	4957	4939
4957	5000	4939
4957	5008	5000
5008	5049	5000
5049	5046	5000
5049	5081	5046
5081	5096	5046
5096	5042	5046
5042	5037	5046
5042	4987	5037
5096	5099	5042
5096	5124	5099
5124	5151	5099
5151	5143	5099
5151	5201	5143
5201	5202	5143
5202	5178	5143
5178	5161	5143
5161	5100	5143
5100	5038	5143
5100	5041	5038
5041	5013	5038
5013	4980	5038
4980	4941	5038
4941	4960	5038
4941	4874	4960
4980	4954	4941
4980	5013	4954
5013	4984	4954
4984	4923	4954
4923	4899	4954
4899	4857	4954
4899	4871	4857
4871	4766	4857
4871	4807	4766
4871	4827	4807
4871	4932	4827
4932	4953	4827
4932	4978	4953
4978	4985	4953
4985	4911	4953
4911	4868	4953
4911	4841	4868
4911	4819	4841
4819	4742	4841
4819	4700	4742
4700	4644	4742
4700	4538	4644
4819	4773	4700
4819	4809	4773
4809	4786	4773
4809	4794	4786
4794	4744	4786
4794	4733	4744
4733	4676	4744
4733	4629	4676
4629	4607	4676
4607	4664	4676
4607	4577	4664
4577	4578	4664
4577	4545	4578
4545	4410	4578
4545	4427	4410
4427	4372	4410
4372	4347	4410
4347	4341	4410
4347	4324	4341
4347	4244	4324
4347	4254	4244
4254	4201	4244
4254	4190	4201
4254	4300	4190
4300	4245	4190
4300	4354	4245
4354	4299	4245
4299	4219	4245
4299	4286	4219
4286	4184	4219
4184	4151	4219
4151	4097	4219
4151	4048	4097
4151	4096	4048
4096	4000	4048
4299	4346	4286
4346	4348	4286
4348	4212	4286
4348	4335	4212
4348	4423	4335
4423	4469	4335
4469	4330	4335
4330	4307	4335
4330	4206	4307
4330	4234	4206
4234	4168	4206
4168	4134	4206
4168	4071	4134
4168	4137	4071
4137	4032	4071
4032	4016	4071
4032	3943	4016
3943	3935	4016
3935	3928	4016
4137	4093	4032
4137	4132	4093
4132	4066	4093
4132	4189	4066
4189	4052	4066
4052	3963	4066
4189	4197	4052
4189	4215	4197
4215	4280	4197
4280	4329	4197
4329	4224	4197
4329	4353	4224
4353	4251	4224
4251	4123	4224
4251	4213	4123
4213	4106	4123
4106	4013	4123
4013	4058	4123
4213	4200	4106
4213	4202	4200
4213	4282	4202
4282	4177	4202
4282	4171	4177
4171	4146	4177
4171	4117	4146
4117	4062	4146
4117	4027	4062
4027	3938	4062
4027	3913	3938
3913	3859	3938
3913	3818	3859
3913	3947	3818
3947	3806	3818
3806	3793	3818
3793	3737	3818
3737	3731	3818
3947	3946	3806
3946	3831	3806
3946	3958	3831
3958	3937	3831
3958	3971	3937
3971	3940	3937
3940	3920	3937
3971	4069	3940
4069	3990	3940
4069	4089	3990
4089	4087	3990
4089	4118	4087
4118	4158	4087
4158	4182	4087
4158	4210	4182
4210	4266	4182
4266	4242	4182
4266	4296	4242
4296	4318	4242
4318	4262	4242
4262	4188	4242
4188	4143	4242
4188	4150	4143
4150	4079	4143
4150	4099	4079
4188	4262	4150
4318	4384	4262
4384	4431	4262
4431	4371	4262
4371	4308	4262
4431	4417	4371
4431	4523	4417
4523	4558	4417
4558	4482	4417
4558	4534	4482
4534	4475	4482
4534	4554	4475
4554	4478	4475
4478	4460	4475
4478	4571	4460
4571	4526	4460
4478	4554	4571
4554	4620	4571
4620	4603	4571
4620	4626	4603
4626	4693	4603
4626	4723	4693
4723	4756	4693
4756	4763	4693
4763	4772	4693
4763	4872	4772
4872	4801	4772
4872	4875	4801
4875	4880	4801
4875	4930	4880
4875	4925	4930
4925	4977	4930
4977	4973	4930
4973	4967	4930
4973	4992	4967
4992	5027	4967
5027	4959	4967
4959	4860	4967
4959	4955	4860
4955	4867	4860
4955	4940	4867
4955	5020	4940
4955	5033	5020
5033	5083	5020
5083	5085	5020
5083	5112	5085
5112	5101	5085
5112	5149	5101
5149	5150	5101
5150	5141	5101
5141	5109	5101
5141	5130	5109
5141	5155	5130
5155	5189	5130
5155	5208	5189
5155	5186	5208
5155	5150	5186
5150	5149	5186
5149	5158	5186
5149	5144	5158
5144	5132	5158
5132	5142	5158
5132	5104	5142
5104	5129	5142
5129	5147	5142
5147	5164	5142
5147	5160	5164
5160	5179	5164
5160	5190	5179
5190	5195	5179
5190	5204	5195
5204	5213	5195
5213	5207	5195
5204	5209	5213
5209	5218	5213
5209	5202	5218
5202	5215	5218
5202	5201	5215
5201	5210	5215
5210	5211	5215
5211	5216	5215
5211	5217	5216
5211	5206	5217
5206	5214	5217
5214	5221	5217
5221	5223	5217
5221	5224	5223
5221	5199	5224
5199	5222	5224
5222	5219	5224
5222	5220	5219
5220	5203	5219
5203	5196	5219
5203	5168	5196
5168	5172	5196
5172	5189	5196
5172	5146	5189
5172	5165	5146
5165	5156	5146
5156	5118	5146
5118	5107	5146
5107	5130	5146
5107	5095	5130
5107	5077	5095
5077	5080	5095
5077	5017	5080
5077	5025	5017
5077	5052	5025
5077	5118	5052
5118	5140	5052
5140	5061	5052
5140	5082	5061
5082	5036	5061
5036	5016	5061
5082	5068	5036
5068	5028	5036
5082	5170	5068
5082	5159	5170
5159	5187	5170
5187	5200	5170
5200	5171	5170
5171	5111	5170
5171	5121	5111
5121	5088	5111
5088	5029	5111
5088	5079	5029
5079	5044	5029
5044	4981	5029
4981	4935	5029
4935	4950	5029
4950	4991	5029
4991	4983	5029
4991	4966	4983
4991	4909	4966
4909	4848	4966
4909	4834	4848
4909	4919	4834
4919	4798	4834
4798	4743	4834
4798	4761	4743
4798	4782	4761
4782	4808	4761
4808	4717	4761
4808	4736	4717
4736	4641	4717
4736	4685	4641
4736	4751	4685
4736	4808	4751
4808	4787	4751
4808	4884	4787
4884	4823	4787
4884	4877	4823
4877	4859	4823
4877	4908	4859
4908	4839	4859
4877	4968	4908
4877	4964	4968
4964	4990	4968
4990	4989	4968
4990	5026	4989
5026	5010	4989
5010	5011	4989
5011	4936	4989
5011	4974	4936
4974	4948	4936
4974	4971	4948
4971	4938	4948
4971	4975	4938
4975	4902	4938
4971	5035	4975
5035	5056	4975
5056	5069	4975
5069	5014	4975
5014	4969	4975
5014	4944	4969
4944	4914	4969
4944	4876	4914
4876	4863	4914
4944	4847	4876
4847	4783	4876
4847	4822	4783
4822	4774	4783
4822	4784	4774
4784	4636	4774
4784	4653	4636
4653	4552	4636
4552	4494	4636
4552	4505	4494
4552	4510	4505
4552	4657	4510
4552	4653	4657
4653	4682	4657
4653	4802	4682
4653	4784	4802
4784	4862	4802
4862	4870	4802
4870	4835	4802
4870	4866	4835
4866	4800	4835
4800	4760	4835
4866	4891	4800
4891	4803	4800
4891	4888	4803
4891	4946	4888
4946	4957	4888
4957	4904	4888
4946	4995	4957
4995	5008	4957
4995	5084	5008
5084	5049	5008
5084	5081	5049
5084	5127	5081
5127	5120	5081
5120	5096	5081
5120	5124	5096
5120	5139	5124
5139	5177	5124
5177	5151	5124
5177	5210	5151
5210	5201	5151
5177	5211	5210
5177	5181	5211
5181	5183	5211
5183	5206	5211
5183	5192	5206
5192	5193	5206
5193	5214	5206
5193	5212	5214
5212	5221	5214
5212	5198	5221
5198	5199	5221
5198	5194	5199
5194	5200	5199
5200	5222	5199
5200	5220	5222
5194	5166	5200
5166	5148	5200
5148	5171	5200
5148	5133	5171
5133	5121	5171
5133	5088	5121
5133	5115	5088
5115	5079	5088
5115	5066	5079
5066	5044	5079
5066	5050	5044
5050	4981	5044
5050	5004	4981
5004	4965	4981
4965	4906	4981
4906	4935	4981
4906	4882	4935
4882	4846	4935
4846	4919	4935
4919	4950	4935
4919	4991	4950
4919	4909	4991
4846	4798	4919
4846	4782	4798
4846	4808	4782
4846	4882	4808
4882	4906	4808
4906	4884	4808
4906	4965	4884
4965	4964	4884
4964	4877	4884
4965	4990	4964
4965	5021	4990
5021	5024	4990
5024	5026	4990
5024	5048	5026
5048	5043	5026
5043	5010	5026
5043	5011	5010
5043	5034	5011
5034	4974	5011
5034	5035	4974
5035	4971	4974
5034	5056	5035
5034	5043	5056
5043	5102	5056
5102	5072	5056
5072	5069	5056
5072	5091	5069
5091	5075	5069
5075	5040	5069
5040	5014	5069
5040	4994	5014
4994	4958	5014
4958	4944	5014
4958	4933	4944
4933	4847	4944
4933	4822	4847
4933	4920	4822
4920	4862	4822
4862	4784	4822
4920	4870	4862
4920	4951	4870
4951	4918	4870
4918	4866	4870
4918	4891	4866
4918	4946	4891
4918	5012	4946
5012	4995	4946
5012	5062	4995
5062	5084	4995
5062	5106	5084
5106	5127	5084
5106	5126	5127
5126	5167	5127
5167	5193	5127
5193	5192	5127
5192	5183	5127
5183	5139	5127
5139	5120	5127
5183	5181	5139
5181	5177	5139
5167	5184	5193
5184	5212	5193
5184	5197	5212
5197	5198	5212
5184	5188	5197
5188	5182	5197
5188	5157	5182
5157	5176	5182
5176	5180	5182
5176	5137	5180
5137	5135	5180
5135	5185	5180
5135	5154	5185
5154	5145	5185
5145	5122	5185
5145	5102	5122
5102	5048	5122
5048	5078	5122
5048	5051	5078
5051	5050	5078
5050	5066	5078
5066	5115	5078
5051	5004	5050
5051	5021	5004
5021	4965	5004
5051	5024	5021
5051	5048	5024
5102	5043	5048
5145	5110	5102
5110	5072	5102
5110	5091	5072
5110	5154	5091
5154	5135	5091
5135	5075	5091
5135	5098	5075
5098	5045	5075
5045	4994	5075
4994	5040	5075
5045	5005	4994
5005	4951	4994
4951	4920	4994
4920	4933	4994
4933	4958	4994
5005	5009	4951
5009	5012	4951
5012	4918	4951
5009	5030	5012
5030	5062	5012
5030	5070	5062
5070	5106	5062
5070	5071	5106
5071	5119	5106
5119	5157	5106
5157	5126	5106
5157	5167	5126
5157	5184	5167
5157	5188	5184
5119	5176	5157
5119	5137	5176
5119	5045	5137
5045	5098	5137
5098	5135	5137
5119	5071	5045
5071	5005	5045
5071	5053	5005
5053	5009	5005
5053	5030	5009
5053	5070	5030
5053	5071	5070
5110	5145	5154
5133	5148	5115
5148	5166	5115
5194	5198	5166
5159	5169	5187
5169	5203	5187
5169	5168	5203
5169	5165	5168
5165	5172	5168
5169	5156	5165
5169	5159	5156
5159	5140	5156
5140	5118	5156
5159	5082	5140
5077	5107	5118
5209	5205	5202
5205	5178	5202
5205	5173	5178
5173	5161	5178
5173	5138	5161
5138	5100	5161
5138	5074	5100
5074	5041	5100
5074	5019	5041
5019	5013	5041
5019	4984	5013
5019	5074	4984
5074	5064	4984
5064	5031	4984
5031	4932	4984
4932	4923	4984
4932	4871	4923
4871	4899	4923
5031	4978	4932
5031	5002	4978
5002	4985	4978
5002	5039	4985
5002	5031	5039
5031	5087	5039
5087	5076	5039
5087	5108	5076
5108	5114	5076
5114	5073	5076
5114	5105	5073
5105	5089	5073
5089	5065	5073
5065	5032	5073
5065	5059	5032
5059	5001	5032
5001	4997	5032
4997	4993	5032
4993	5007	5032
4993	4949	5007
4949	4943	5007
4943	4979	5007
4979	5015	5007
5015	5073	5007
4979	4945	5015
4945	4985	5015
4945	4911	4985
4945	4915	4911
4915	4809	4911
4809	4819	4911
4915	4851	4809
4851	4794	4809
4851	4796	4794
4796	4764	4794
4764	4733	4794
4764	4748	4733
4748	4677	4733
4677	4650	4733
4650	4615	4733
4615	4629	4733
4615	4596	4629
4596	4584	4629
4584	4607	4629
4584	4545	4607
4545	4577	4607
4584	4455	4545
4455	4427	4545
4455	4372	4427
4455	4393	4372
4393	4328	4372
4328	4254	4372
4254	4347	4372
4328	4300	4254
4328	4354	4300
4328	4393	4354
4393	4299	4354
4393	4471	4299
4471	4468	4299
4468	4346	4299
4468	4423	4346
4423	4348	4346
4468	4539	4423
4539	4555	4423
4555	4522	4423
4522	4469	4423
4522	4511	4469
4511	4379	4469
4379	4330	4469
4379	4312	4330
4312	4234	4330
4312	4268	4234
4268	4132	4234
4132	4137	4234
4137	4168	4234
4268	4189	4132
4268	4287	4189
4287	4215	4189
4287	4280	4215
4287	4329	4280
4287	4379	4329
4379	4445	4329
4445	4453	4329
4453	4443	4329
4443	4353	4329
4443	4419	4353
4419	4413	4353
4413	4340	4353
4340	4334	4353
4334	4251	4353
4334	4213	4251
4334	4340	4213
4340	4282	4213
4340	4313	4282
4313	4222	4282
4222	4171	4282
4222	4211	4171
4211	4117	4171
4211	4145	4117
4145	4086	4117
4086	4027	4117
4086	3947	4027
3947	3913	4027
4086	3994	3947
3994	3946	3947
3994	3958	3946
3994	3973	3958
3973	3971	3958
3973	4114	3971
4114	4069	3971
4114	4119	4069
4119	4089	4069
4119	4118	4089
4119	4238	4118
4238	4210	4118
4210	4158	4118
4238	4249	4210
4249	4266	4210
4249	4296	4266
4249	4412	4296
4412	4433	4296
4433	4384	4296
4384	4318	4296
4433	4451	4384
4451	4431	4384
4451	4498	4431
4498	4523	4431
4498	4537	4523
4537	4601	4523
4601	4611	4523
4611	4602	4523
4602	4558	4523
4602	4609	4558
4609	4554	4558
4554	4534	4558
4609	4604	4554
4604	4620	4554
4604	4655	4620
4655	4689	4620
4689	4626	4620
4689	4723	4626
4689	4725	4723
4725	4768	4723
4768	4826	4723
4826	4756	4723
4826	4763	4756
4826	4872	4763
4826	4895	4872
4895	4925	4872
4925	4875	4872
4895	4916	4925
4916	4970	4925
4970	4999	4925
4999	4977	4925
4999	4992	4977
4992	4973	4977
4999	5057	4992
5057	5027	4992
5057	5060	5027
5060	5063	5027
5063	5047	5027
5047	5033	5027
5033	4959	5027
5033	4955	4959
5047	5083	5033
5047	5063	5083
5063	5092	5083
5092	5112	5083
5092	5131	5112
5131	5149	5112
5131	5144	5149
5131	5132	5144
5131	5113	5132
5113	5103	5132
5103	5104	5132
5103	5093	5104
5093	5094	5104
5094	5117	5104
5117	5129	5104
5117	5123	5129
5123	5147	5129
5123	5160	5147
5123	5125	5160
5125	5136	5160
5136	5153	5160
5153	5162	5160
5162	5190	5160
5162	5175	5190
5175	5191	5190
5191	5204	5190
5191	5174	5204
5174	5173	5204
5173	5205	5204
5205	5209	5204
5174	5134	5173
5134	5138	5173
5134	5074	5138
5134	5064	5074
5134	5128	5064
5128	5087	5064
5087	5031	5064
5128	5108	5087
5128	5152	5108
5152	5163	5108
5163	5162	5108
5162	5153	5108
5153	5114	5108
5153	5116	5114
5116	5105	5114
5116	5136	5105
5136	5089	5105
5136	5090	5089
5090	5065	5089
5090	5059	5065
5090	5058	5059
5058	5018	5059
5018	5003	5059
5003	4998	5059
4998	5001	5059
4998	4982	5001
4982	4997	5001
4982	4962	4997
4962	4993	4997
4962	4949	4993
4962	4929	4949
4929	4896	4949
4896	4905	4949
4905	4921	4949
4921	4943	4949
4921	4915	4943
4915	4945	4943
4945	4979	4943
4921	4851	4915
4921	4905	4851
4905	4832	4851
4832	4796	4851
4832	4793	4796
4793	4748	4796
4748	4764	4796
4793	4795	4748
4795	4677	4748
4795	4806	4677
4795	4825	4806
4825	4843	4806
4843	4833	4806
4833	4817	4806
4817	4749	4806
4749	4681	4806
4749	4674	4681
4674	4645	4681
4645	4581	4681
4581	4606	4681
4606	4650	4681
4650	4677	4681
4606	4615	4650
4606	4596	4615
4581	4585	4606
4581	4555	4585
4555	4539	4585
4539	4521	4585
4521	4471	4585
4521	4468	4471
4521	4539	4468
4581	4522	4555
4581	4536	4522
4536	4511	4522
4536	4542	4511
4542	4516	4511
4516	4445	4511
4445	4379	4511
4516	4483	4445
4483	4453	4445
4483	4517	4453
4517	4501	4453
4501	4443	4453
4501	4419	4443
4501	4480	4419
4480	4448	4419
4448	4413	4419
4448	4382	4413
4382	4358	4413
4358	4340	4413
4358	4333	4340
4333	4313	4340
4333	4222	4313
4333	4359	4222
4359	4283	4222
4283	4211	4222
4283	4145	4211
4283	4178	4145
4178	4142	4145
4142	4109	4145
4109	4086	4145
4109	3994	4086
4109	3973	3994
4109	4114	3973
4109	4142	4114
4142	4179	4114
4179	4119	4114
4179	4250	4119
4250	4238	4119
4250	4412	4238
4412	4249	4238
4250	4295	4412
4295	4430	4412
4430	4446	4412
4446	4498	4412
4498	4433	4412
4498	4451	4433
4446	4537	4498
4446	4570	4537
4570	4594	4537
4594	4601	4537
4594	4651	4601
4651	4668	4601
4668	4692	4601
4692	4635	4601
4635	4611	4601
4635	4602	4611
4635	4609	4602
4635	4719	4609
4719	4713	4609
4713	4659	4609
4659	4604	4609
4659	4655	4604
4659	4694	4655
4694	4722	4655
4722	4689	4655
4722	4725	4689
4722	4768	4725
4722	4781	4768
4781	4836	4768
4836	4856	4768
4856	4852	4768
4852	4826	4768
4852	4916	4826
4916	4895	4826
4852	4901	4916
4901	4952	4916
4952	4970	4916
4952	4988	4970
4988	5023	4970
5023	5022	4970
5022	4999	4970
5022	5086	4999
5086	5057	4999
5086	5092	5057
5092	5060	5057
5092	5063	5060
5086	5103	5092
5103	5113	5092
5113	5131	5092
5086	5093	5103
5086	5023	5093
5023	5058	5093
5058	5094	5093
5058	5090	5094
5090	5125	5094
5125	5117	5094
5125	5123	5117
5090	5136	5125
5023	5018	5058
5023	4988	5018
4988	5003	5018
4988	4956	5003
4956	4961	5003
4961	4998	5003
4961	4917	4998
4917	4982	4998
4917	4962	4982
4917	4927	4962
4927	4929	4962
4927	4896	4929
4927	4892	4896
4892	4832	4896
4832	4905	4896
4892	4825	4832
4825	4793	4832
4825	4795	4793
4892	4886	4825
4886	4843	4825
4886	4865	4843
4865	4833	4843
4865	4864	4833
4864	4828	4833
4828	4799	4833
4799	4817	4833
4799	4749	4817
4799	4741	4749
4741	4688	4749
4688	4699	4749
4699	4674	4749
4699	4660	4674
4660	4599	4674
4599	4542	4674
4542	4536	4674
4536	4645	4674
4536	4581	4645
4599	4516	4542
4599	4593	4516
4593	4575	4516
4575	4527	4516
4527	4483	4516
4527	4517	4483
4527	4582	4517
4582	4543	4517
4543	4501	4517
4543	4480	4501
4543	4506	4480
4506	4497	4480
4497	4440	4480
4440	4448	4480
4440	4395	4448
4395	4382	4448
4395	4359	4382
4359	4358	4382
4359	4333	4358
4395	4283	4359
4395	4370	4283
4370	4305	4283
4305	4178	4283
4305	4179	4178
4179	4142	4178
4305	4295	4179
4295	4250	4179
4305	4381	4295
4381	4418	4295
4418	4430	4295
4418	4444	4430
4444	4446	4430
4444	4515	4446
4515	4570	4446
4515	4513	4570
4513	4614	4570
4614	4594	4570
4614	4654	4594
4654	4649	4594
4649	4651	4594
4649	4678	4651
4678	4668	4651
4678	4726	4668
4726	4706	4668
4706	4692	4668
4706	4754	4692
4754	4679	4692
4679	4635	4692
4679	4719	4635
4679	4754	4719
4754	4781	4719
4781	4713	4719
4781	4722	4713
4722	4694	4713
4694	4659	4713
4754	4837	4781
4837	4849	4781
4849	4836	4781
4849	4856	4836
4849	4861	4856
4861	4913	4856
4913	4901	4856
4901	4852	4856
4913	4931	4901
4931	4952	4901
4931	4956	4952
4956	4988	4952
4931	4922	4956
4922	4961	4956
4922	4903	4961
4903	4917	4961
4903	4850	4917
4850	4864	4917
4864	4865	4917
4865	4886	4917
4886	4892	4917
4892	4927	4917
4850	4828	4864
4850	4844	4828
4844	4837	4828
4844	4861	4837
4861	4849	4837
4844	4903	4861
4903	4922	4861
4922	4913	4861
4922	4931	4913
4844	4850	4903
4706	4726	4754
4726	4735	4754
4726	4678	4735
4678	4738	4735
4738	4750	4735
4738	4792	4750
4792	4828	4750
4792	4799	4828
4792	4741	4799
4792	4731	4741
4731	4661	4741
4661	4688	4741
4661	4660	4688
4660	4699	4688
4661	4593	4660
4593	4599	4660
4661	4619	4593
4619	4575	4593
4619	4582	4575
4582	4527	4575
4619	4590	4582
4590	4561	4582
4561	4543	4582
4561	4556	4543
4556	4506	4543
4556	4574	4506
4574	4497	4506
4574	4513	4497
4513	4476	4497
4476	4440	4497
4476	4370	4440
4370	4395	4440
4476	4513	4370
4513	4381	4370
4381	4305	4370
4513	4418	4381
4513	4515	4418
4515	4444	4418
4574	4614	4513
4574	4608	4614
4608	4654	4614
4608	4600	4654
4600	4731	4654
4731	4680	4654
4680	4678	4654
4678	4649	4654
4680	4738	4678
4680	4731	4738
4731	4792	4738
4600	4619	4731
4619	4661	4731
4600	4590	4619
4600	4561	4590
4600	4556	4561
4600	4574	4556
4600	4608	4574
5086	5022	5023
5116	5153	5136
5163	5175	5162
5163	5174	5175
5174	5191	5175
5163	5152	5174
5152	5134	5174
5152	5128	5134
4287	4312	4379
4287	4268	4312
4393	4455	4471
4455	4584	4471
5155	5141	5150
3452	3580	3561
3156	3231	3215
3231	3367	3215
3367	3385	3215
3367	3563	3385
3367	3551	3563
3551	3704	3563
3551	3626	3704
3626	3723	3704
3723	3741	3704
3626	3792	3723
3626	3547	3792
3626	3558	3547
3558	3498	3547
3558	3626	3498
3626	3551	3498
3551	3311	3498
3311	3272	3498
3272	3265	3498
3272	3182	3265
3551	3367	3311
3367	3231	3311
3156	3111	3231
3156	2992	3111
3156	3104	2992
3165	3192	3174
3165	3252	3192
3252	3340	3192
3252	3392	3340
3166	3179	3243
3243	3400	3166
3243	3445	3400
3445	3468	3400
3445	3475	3468
3475	3646	3468
3475	3679	3646
3445	3453	3475
3167	3329	3285
3167	3210	3329
3210	3308	3329
3183	3251	3297
3211	3303	3289
3289	3333	3211
3333	3280	3211
3280	3178	3211
3230	3357	3294
3294	3292	3230
3292	3060	3230
3294	3472	3292
3472	3305	3292
3472	3415	3305
3294	3357	3472
3357	3536	3472
3357	3360	3536
3360	3519	3536
3360	3327	3519
3360	3254	3327
3360	3230	3254
3360	3357	3230
3244	3255	3304
3247	3274	3378
3378	3308	3247
3250	3291	3377
3377	3401	3250
3260	3380	3318
3260	3439	3380
3269	3379	3321
3282	3286	3441
3286	3423	3441
3286	3328	3423
3328	3507	3423
3310	3347	3394
3347	3335	3394
3335	3397	3394
3335	3316	3397
3316	3342	3397
3316	3209	3342
3394	3444	3310
3394	3518	3444
3518	3554	3444
3554	3523	3444
3554	3717	3523
3717	3550	3523
3550	3467	3523
3717	3769	3550
3769	3641	3550
3769	3832	3641
3832	3839	3641
3839	3674	3641
3832	3884	3839
3884	3892	3839
3717	3885	3769
3717	3901	3885
3901	4034	3885
4034	4054	3885
3901	4008	4034
3901	3857	4008
3901	3763	3857
3901	3717	3763
3717	3637	3763
3637	3711	3763
3717	3554	3637
3554	3518	3637
3317	3319	3337
3350	3530	3388
3359	3395	3564
3395	3542	3564
3395	3387	3542
3362	3489	3437
3489	3481	3437
3481	3409	3437
3409	3302	3437
3481	3548	3409
3489	3508	3481
3489	3504	3508
3489	3389	3504
3389	3443	3504
3443	3636	3504
3443	3595	3636
3595	3631	3636
3631	3766	3636
3766	3728	3636
3766	3808	3728
3766	3903	3808
3903	3964	3808
3964	3997	3808
3964	4042	3997
3964	3966	4042
3766	3807	3903
3766	3742	3807
3742	3805	3807
3766	3631	3742
3631	3653	3742
3631	3595	3653
3443	3449	3595
3449	3487	3595
3449	3415	3487
3489	3362	3389
3374	3486	3490
3486	3647	3490
3384	3393	3446
3393	3586	3446
3393	3588	3586
3393	3454	3588
3402	3492	3471
3492	3577	3471
3577	3459	3471
3577	3609	3459
3577	3604	3609
3577	3658	3604
3577	3492	3658
3408	3526	3505
3420	3562	3426
3431	3634	3649
3634	3662	3649
3634	3613	3662
3613	3740	3662
3740	3819	3662
3470	3566	3628
3566	3707	3628
3566	3630	3707
3476	3485	3651
3485	3628	3651
3477	3524	3592
3524	3612	3592
3524	3669	3612
3524	3517	3669
3517	3601	3669
3517	3533	3601
3533	3516	3601
3516	3545	3601
3511	3692	3622
3692	3625	3622
3511	3624	3692
3514	3596	3689
3689	3528	3514
3689	3706	3528
3706	3654	3528
3706	3754	3654
3754	3659	3654
3522	3623	3617
3623	3753	3617
3753	3746	3617
3753	3850	3746
3753	3948	3850
3948	4088	3850
4088	3944	3850
3944	3896	3850
3944	3915	3896
4088	4216	3944
4088	4269	4216
4269	4366	4216
4269	4459	4366
4459	4493	4366
4459	4618	4493
4269	4386	4459
4269	4264	4386
4269	4088	4264
4088	4074	4264
4088	3948	4074
3948	3945	4074
3948	3753	3945
3753	3852	3945
3753	3730	3852
3730	3815	3852
3815	3983	3852
3815	3982	3983
3982	4095	3983
3815	3762	3982
3753	3623	3730
3623	3582	3730
3549	3573	3687
3549	3466	3573
3573	3750	3687
3750	3803	3687
3750	3830	3803
3830	3833	3803
3553	3614	3611
3553	3700	3614
3700	3691	3614
3691	3611	3614
3691	3618	3611
3700	3862	3691
3862	3795	3691
3571	3632	3603
3572	3722	3663
3722	3743	3663
3743	3745	3663
3722	3783	3743
3594	3760	3686
3686	3530	3594
3594	3749	3760
3597	3619	3661
3598	3734	3699
3734	3921	3699
3602	3645	3666
3645	3747	3666
3605	3670	3656
3670	3736	3656
3670	3797	3736
3670	3672	3797
3672	3816	3797
3610	3640	3642
3615	3845	3629
3629	3546	3615
3620	3716	3693
3693	3648	3620
3693	3733	3648
3620	3676	3716
3676	3744	3716
3676	3639	3744
3676	3620	3639
3620	3458	3639
3621	3677	3703
3677	3761	3703
3660	3813	3790
3665	3759	3758
3759	3853	3758
3853	3789	3758
3759	3777	3853
3671	3708	3709
3708	3762	3709
3678	3738	3764
3738	3876	3764
3683	3767	3684
3683	3544	3767
3690	3788	3822
3694	3799	3696
3799	3804	3696
3697	3809	3719
3809	3752	3719
3726	3851	3768
3755	3914	3812
3812	3747	3755
3812	3771	3747
3914	3959	3812
3959	3978	3812
3959	4098	3978
3765	3867	3787
3765	3891	3867
3781	3849	3863
3863	3805	3781
3785	3881	3814
3785	3855	3881
3855	3954	3881
3785	3840	3855
3785	3800	3840
3786	3817	3856
3796	3880	4007
3880	4073	4007
4073	4028	4007
3802	3841	3890
3890	3875	3802
3890	3889	3875
3841	3967	3890
3825	3836	3900
3844	3985	3957
3844	4005	3985
4005	4176	3985
4005	4094	4176
4094	4207	4176
4207	4332	4176
4005	3927	4094
3854	3918	3942
3918	4037	3942
3942	3928	3854
3864	3981	3955
3865	3868	3975
3868	3993	3975
3882	4003	3907
3883	3976	3924
3883	3909	3976
3909	4012	3976
3894	3987	3996
3897	3953	3904
3898	3986	4001
3986	4078	4001
3916	4024	3962
3962	3849	3916
4024	4033	3962
3916	4070	4024
3916	3921	4070
3934	4125	3952
4125	4155	3952
4125	4153	4155
4125	4181	4153
3949	4111	3988
3956	3995	4055
3995	4135	4055
3995	4025	4135
3969	4053	4067
3970	4060	4065
3977	4019	4045
3977	3792	4019
3792	3834	4019
4038	4105	4170
4038	4061	4105
4041	4064	4107
4056	4084	4115
4056	3975	4084
4084	4247	4115
4077	4173	4136
4173	4226	4136
4226	4232	4136
4232	4185	4136
4232	4319	4185
4101	4131	4169
4169	4257	4101
4257	4053	4101
4169	4314	4257
4101	3996	4131
4104	4196	4218
4196	4278	4218
4278	4364	4218
4364	4217	4218
4110	4289	4209
4289	4303	4209
4303	4320	4209
4320	4357	4209
4303	4343	4320
4343	4402	4320
4303	4289	4343
4110	4292	4289
4112	4113	4161
4113	4165	4161
4121	4265	4360
4121	4111	4265
4265	4387	4360
4124	4133	4306
4124	4070	4133
4133	4288	4306
4288	4325	4306
4325	4350	4306
4288	4317	4325
4306	4248	4124
4248	4139	4124
4154	4274	4191
4274	4356	4191
4356	4361	4191
4361	4198	4191
4361	4281	4198
4361	4409	4281
4409	4380	4281
4166	4187	4225
4187	4223	4225
4175	4246	4293
4193	4261	4338
4261	4397	4338
4261	4355	4397
4355	4408	4397
4338	4095	4193
4256	4363	4270
4270	4170	4256
4256	4400	4363
4259	4375	4385
4375	4464	4385
4279	4376	4374
4279	4357	4376
4357	4429	4376
4374	4301	4279
4301	4135	4279
4344	4368	4403
4344	4349	4368
4349	4424	4368
4424	4492	4368
4492	4507	4368
4507	4502	4368
4502	4403	4368
4424	4452	4492
4403	4400	4344
4369	4496	4388
4369	4530	4496
4373	4420	4415
4420	4520	4415
4520	4557	4415
4557	4383	4415
4520	4591	4557
4377	4422	4491
4377	4338	4422
4422	4562	4491
4562	4595	4491
4562	4612	4595
4562	4551	4612
4392	4394	4441
4399	4486	4587
4486	4559	4587
4486	4549	4559
4416	4509	4461
4509	4616	4461
4438	4528	4487
4470	4499	4519
4473	4592	4525
4481	4580	4524
4550	4586	4560
4569	4702	4671
4576	4709	4634
4588	4613	4637
4613	4698	4637
4588	4519	4613
4632	4675	4690
4639	4765	4718
4656	4697	4745
4701	4759	4746
4762	4771	4830
4762	4612	4771
4771	4779	4830
4830	4881	4762
81	175	166
175	187	166
187	212	166
187	291	212
173	120	148
798	893	754
1034	1115	1024
1132	1146	1024
1439	1356	1346
1489	1506	1439
1398	1439	1413
768	757	796
1056	1363	1173
1056	1225	1363
1164	1189	1089
1188	1318	1269
1188	1166	1318
1166	1266	1318
1188	1137	1166
1137	1121	1166
1188	1114	1137
1737	1934	1719
1934	1985	1719
1985	1947	1719
1947	1809	1719
1985	2044	1947
2044	2067	1947
1819	1729	1858
1941	2042	1866
1941	2094	2042
1163	1042	1055
1042	939	1055
939	1023	1055
1023	1001	1055
1550	1566	1504
1550	1642	1566
1550	1733	1642
1733	1723	1642
1550	1637	1733
1582	1754	1584
1754	1757	1584
562	589	424
589	407	424
644	531	597
531	414	597
414	407	597
416	417	556
325	287	377
176	174	260
174	210	260
210	272	260
272	313	260
397	392	456
37	21	57
128	202	186
145	45	133
341	427	301
329	469	447
329	356	469
575	574	483
575	679	574
522	517	471
802	849	726
852	815	997
650	668	712
736	793	694
793	748	694
748	885	694
885	841	694
748	793	885
499	671	683
671	718	683
671	777	718
671	755	777
684	810	723
810	829	723
665	530	684
408	378	419
552	579	452
540	584	551
617	507	534
693	472	537
472	488	537
700	866	686
1449	1554	1303
1478	1596	1449
1596	1677	1449
1860	2074	2059
2074	2238	2059
2238	2381	2059
2381	2066	2059
1860	1896	2074
1814	2120	1896
2120	2177	1896
2177	2101	1896
1814	1890	2120
1890	2132	2120
1890	2030	2132
2030	2165	2132
2030	2142	2165
1814	1773	1890
1814	1720	1773
1720	1569	1773
1185	1077	1354
1077	1198	1354
1365	1147	1255
1147	1125	1255
987	1310	1026
1310	1203	1026
1203	1111	1026
987	1205	1310
1205	1474	1310
1106	1171	1028
1106	1292	1171
1247	1379	1139
1247	1426	1379
1243	1234	1157
1234	1112	1108
1291	1160	1071
1291	1251	1160
1265	1364	1197
1265	1530	1364
1265	1311	1530
1259	1283	1372
1880	1672	1910
1672	1666	1910
1770	1789	1902
1571	1490	1516
1680	1502	1593
1830	1965	1990
1738	1748	1586
1727	1708	1635
2046	1824	2026
1816	1881	1808
1913	2109	2077
2109	2184	2077
2184	2235	2077
1913	2024	2109
1838	1630	1913
1630	1679	1913
1909	1651	1898
1909	1868	1651
1868	1671	1651
2363	2529	2289
2529	2541	2289
2363	2610	2529
2363	2549	2610
2816	2726	2581
2816	2860	2726
2675	2984	2904
2693	2460	2630
2460	2404	2630
1717	1875	1945
1717	1718	1875
1717	1624	1718
1925	1974	1877
1831	1962	1771
1831	1991	1962
1831	2007	1991
1732	1633	1832
1865	2095	1854
1865	2027	2095
1752	1810	1951
1810	2012	1951
2012	2061	1951
1810	1878	2012
1752	1574	1810
1799	1952	1967
1952	2051	1967
2023	2112	2039
1997	2202	1921
2202	2060	1921
1997	2242	2202
2011	1897	1956
2268	2255	2393
2527	2607	2316
2607	2486	2316
2292	2279	2509
2292	2247	2279
2257	2532	2273
2266	2534	2257
2266	2391	2534
2157	2265	2284
2265	2424	2284
2234	2283	2270
2319	2218	2264
2533	2776	2514
2776	2782	2514
2782	2548	2514
2782	2673	2548
2815	2637	2669
2637	2613	2669
2522	2335	2526
2517	2371	2505
2828	3099	2829
3099	2996	2829
2828	3130	3099
2828	2884	3130
3372	3275	3126
3157	3437	3302
3090	2884	2858
3090	3158	2884
2802	2825	2970
2825	2895	2970
2895	3020	2970
2895	3166	3020
2895	3179	3166
2895	3059	3179
3059	3220	3179
2651	2367	2550
2654	2659	2826
2550	2364	2594
2948	2675	2679
2774	2798	2570
3159	3358	3096
3358	3313	3096
3313	3057	3096
3313	3101	3057
3358	3506	3313
3358	3576	3506
2760	2559	2811
2973	3146	3229
2973	3039	3146
3039	3098	3146
3098	3293	3146
2973	2824	3039
2973	2779	2824
2868	3111	2867
3111	2992	2867
3147	3100	3117
3147	3131	3100
2939	3230	3060
2939	3037	3230
2905	2888	2931
2888	3138	2931
3138	3152	2931
2905	2789	2888
2923	3197	3032
2923	3067	3197
3534	3767	3544
3534	3720	3767
3534	3570	3720
3590	3834	3547
3834	3792	3547
3590	3865	3834
3590	3868	3865
3590	3784	3868
3168	2837	2964
3240	3073	3118
3438	3448	3512
3382	3120	3264
3375	3173	3187
3525	3526	3375
3525	3645	3526
3191	3133	3163
3782	3727	3775
4411	4321	4398
4747	4524	4724
4524	4580	4724
4854	4705	4775
4854	4821	4705
4928	5054	4900
5054	4934	4900
5054	5055	4934
4928	4976	5054
4976	5067	5054
4540	4253	4339
4253	4199	4339
4199	4228	4339
4540	4298	4253
4029	3862	4100
3862	4023	4100
4029	3795	3862
3589	3705	3509
3705	3576	3509
3589	3843	3705
3589	3770	3843
4489	4463	4351
4640	4753	4568
4640	4811	4753
4428	4275	4439
4785	4814	4708
4814	4617	4708
4814	4683	4617
4873	4878	4712
4263	4072	4233
4263	4235	4072
4816	4707	4755
5042	5099	4987
5099	4960	4987
5099	5038	4960
5099	5143	5038
4341	4401	4410
5189	5146	5130
5158	5164	5186
5158	5142	5164
5179	5207	5164
5213	5225	5207
5213	5218	5225
5218	5216	5225
5216	5223	5225
5223	5224	5225
5200	5187	5220
5187	5203	5220
5197	5182	5198
5182	5166	5198
5182	5180	5166
5180	5185	5166
5185	5115	5166
5185	5122	5115
5122	5078	5115
5039	5015	4985
5039	5076	5015
5076	5073	5015
5032	5007	5073
4471	4596	4585
4471	4584	4596
4837	4750	4828
4837	4754	4750
4754	4735	4750
3723	3905	3741
3905	3926	3741
3926	3931	3741
3679	3874	3646
3808	3997	3728
3997	3762	3728
3762	3708	3728
3997	3982	3762
3592	3542	3477
3944	4216	3915
4386	4491	4459
3830	3906	3833
3830	3873	3906
3666	3505	3602
3978	3936	3812
4005	3844	3927
3844	3720	3927
4247	4331	4115
4247	4449	4331
4247	4484	4449
4165	4285	4161
4350	4248	4306
4530	4652	4496
