328.805612 196.888066 35.194223 255 0 0
339.901428 187.017069 40.699764 255 0 0
351.864435 178.506035 46.472503 255 0 0
364.694633 171.354963 52.512440 255 0 0
378.392021 165.563855 58.819576 255 0 0
392.956600 161.132709 65.393909 255 0 0
408.388369 158.061526 72.235441 255 0 0
424.687329 156.350307 79.344172 255 0 0
441.853480 155.999050 86.720100 0 255 0
423.277690 153.230960 95.593239 0 255 0
405.673179 151.986068 104.765648 0 255 0
389.039947 152.264375 114.237327 0 255 0
373.377995 154.065881 124.008276 0 255 0
358.687321 157.390585 134.078495 0 255 0
344.967927 162.238488 144.447984 0 255 0
332.219811 168.609589 155.116743 0 255 0
320.442975 176.503890 166.084772 0 255 0
