27.596271 36.717077 12.000000 255 0 0
27.907592 36.480155 11.062500 255 0 0
28.282813 36.115435 10.125000 255 0 0
28.721933 35.622916 9.187500 255 0 0
29.224953 35.002598 8.250000 255 0 0
29.791872 34.254482 7.312500 255 0 0
30.422690 33.378567 6.375000 255 0 0
31.117408 32.374853 5.437500 255 0 0
31.876025 31.243340 4.500000 0 255 0
31.117408 30.111827 5.437500 0 255 0
30.422690 29.108113 6.375000 0 255 0
29.791872 28.232198 7.312500 0 255 0
29.224953 27.484082 8.250000 0 255 0
28.721933 26.863764 9.187500 0 255 0
28.282813 26.371245 10.125000 0 255 0
27.907592 26.006525 11.062500 0 255 0
27.596271 25.769603 12.000000 0 255 0
