1	7	4
7	22	4
7	11	22
11	9	22
9	5	22
9	31	5
31	3	5
31	22	3
31	28	22
31	117	28
117	113	28
113	38	28
117	153	113
153	122	113
153	126	122
153	157	126
153	182	157
182	210	157
182	267	210
182	269	267
182	285	269
285	291	269
285	303	291
303	377	291
377	392	291
392	371	291
303	367	377
367	409	377
367	418	409
418	552	409
552	581	409
581	569	409
581	598	569
598	667	569
667	588	569
667	809	588
598	647	667
598	581	647
581	552	647
552	649	647
649	743	647
743	757	647
743	847	757
743	828	847
743	728	828
728	844	828
844	905	828
844	929	905
929	921	905
929	979	921
979	1008	921
1008	1001	921
1008	1051	1001
929	969	979
969	1064	979
1064	1071	979
1064	1088	1071
969	999	1064
999	1188	1064
1188	1249	1064
1188	1342	1249
1342	1384	1249
1384	1358	1249
1384	1429	1358
1429	1326	1358
1429	1443	1326
1443	1435	1326
1435	1349	1326
1349	1309	1326
1349	1207	1309
1349	1236	1207
1349	1338	1236
1338	1304	1236
1304	1185	1236
1185	1051	1236
1185	1122	1051
1185	1228	1122
1228	1128	1122
1128	1002	1122
1002	954	1122
1002	917	954
1128	1027	1002
1128	1164	1027
1164	1159	1027
1164	1163	1159
1163	1086	1159
1086	1023	1159
1086	980	1023
980	918	1023
980	785	918
785	809	918
980	896	785
980	970	896
970	964	896
964	863	896
964	870	863
970	1043	964
1043	943	964
970	980	1043
980	1086	1043
1086	1091	1043
1086	1163	1091
1163	1081	1091
1163	1140	1081
1140	1092	1081
1140	1144	1092
1140	1163	1144
1163	1164	1144
1164	1245	1144
1245	1138	1144
1164	1228	1245
1228	1259	1245
1259	1274	1245
1274	1328	1245
1274	1282	1328
1282	1331	1328
1331	1361	1328
1361	1293	1328
1361	1420	1293
1420	1404	1293
1420	1494	1404
1494	1477	1404
1477	1366	1404
1477	1347	1366
1347	1335	1366
1477	1508	1347
1508	1552	1347
1552	1504	1347
1552	1624	1504
1624	1639	1504
1639	1425	1504
1425	1354	1504
1354	1335	1504
1639	1705	1425
1705	1677	1425
1677	1559	1425
1559	1454	1425
1454	1165	1425
1559	1488	1454
1488	1465	1454
1559	1687	1488
1687	1753	1488
1753	1642	1488
1753	1747	1642
1747	1698	1642
1698	1609	1642
1609	1457	1642
1457	1377	1642
1698	1615	1609
1753	1829	1747
1559	1677	1687
1552	1578	1624
1552	1544	1578
1552	1508	1544
1477	1534	1508
1534	1616	1508
1534	1570	1616
1570	1565	1616
1565	1577	1616
1577	1659	1616
1577	1649	1659
1649	1776	1659
1649	1709	1776
1709	1748	1776
1748	1787	1776
1787	1866	1776
1866	1805	1776
1866	1852	1805
1852	1888	1805
1888	1835	1805
1888	1869	1835
1869	1883	1835
1869	2015	1883
2015	2144	1883
2144	1948	1883
1948	1757	1883
2144	2163	1948
2163	2087	1948
2163	2179	2087
2179	2267	2087
1869	2007	2015
1869	1888	2007
1787	1830	1866
1830	1930	1866
1830	1954	1930
1954	2105	1930
1830	1922	1954
1830	1784	1922
1784	1886	1922
1886	1923	1922
1886	2063	1923
2063	2024	1923
2063	2141	2024
1886	1861	2063
1886	1843	1861
1843	1786	1861
1786	1799	1861
1799	1856	1861
1799	1789	1856
1789	1882	1856
1882	1908	1856
1882	1841	1908
1841	1975	1908
1841	1840	1975
1840	2042	1975
2042	2079	1975
2079	2103	1975
2103	2074	1975
2079	2100	2103
2079	2114	2100
2079	2042	2114
2042	2174	2114
1840	1880	2042
1880	1884	2042
1884	2066	2042
1884	1990	2066
1990	2121	2066
1990	2062	2121
2062	2199	2121
1990	1860	2062
1990	1807	1860
1807	1746	1860
1746	1731	1860
1746	1657	1731
1657	1631	1731
1631	1699	1731
1699	1891	1731
1631	1617	1699
1631	1528	1617
1528	1517	1617
1517	1667	1617
1517	1558	1667
1517	1441	1558
1441	1417	1558
1441	1370	1417
1441	1466	1370
1466	1379	1370
1379	1300	1370
1300	1178	1370
1300	1197	1178
1197	1157	1178
1157	1090	1178
1090	1108	1178
1108	1160	1178
1160	1174	1178
1160	1216	1174
1160	1074	1216
1074	1268	1216
1268	1280	1216
1268	1323	1280
1268	1237	1323
1237	1390	1323
1390	1574	1323
1390	1582	1574
1582	1594	1574
1594	1660	1574
1660	1606	1574
1660	1629	1606
1660	1850	1629
1850	1650	1629
1850	1878	1650
1878	1688	1650
1237	1313	1390
1313	1312	1390
1313	1193	1312
1313	1237	1193
1237	1056	1193
1237	1074	1056
1074	1034	1056
1074	1009	1034
1009	871	1034
1009	897	871
897	748	871
897	744	748
744	722	748
722	685	748
685	646	748
646	700	748
646	642	700
642	718	700
642	595	718
642	459	595
459	450	595
685	676	646
676	594	646
594	525	646
525	459	646
594	578	525
578	596	525
578	692	596
692	650	596
650	665	596
650	689	665
689	714	665
714	693	665
714	772	693
772	854	693
772	853	854
853	882	854
882	805	854
882	901	805
901	881	805
881	845	805
845	756	805
756	688	805
756	687	688
756	678	687
756	739	678
739	675	678
675	660	678
660	491	678
660	472	491
472	372	491
372	413	491
413	439	491
413	341	439
341	378	439
341	342	378
341	290	342
290	332	342
290	314	332
314	355	332
314	328	355
328	374	355
328	324	374
324	375	374
375	385	374
385	433	374
433	450	374
385	437	433
385	434	437
434	489	437
489	587	437
587	585	437
587	607	585
607	595	585
587	696	607
587	636	696
636	713	696
636	612	713
636	553	612
553	520	612
553	458	520
458	427	520
427	498	520
427	381	498
427	385	381
385	375	381
375	324	381
324	320	381
320	348	381
320	315	348
315	357	348
357	395	348
357	387	395
387	465	395
465	462	395
465	590	462
590	579	462
579	563	462
579	703	563
703	628	563
579	590	703
465	567	590
567	638	590
465	387	567
387	618	567
387	414	618
414	580	618
387	363	414
363	364	414
364	412	414
364	339	412
364	322	339
322	317	339
317	310	339
317	308	310
308	275	310
308	271	275
271	257	275
271	220	257
220	241	257
220	211	241
211	253	241
211	200	253
200	233	253
233	333	253
233	301	333
301	329	333
329	396	333
329	403	396
403	492	396
403	478	492
478	597	492
597	547	492
478	622	597
622	663	597
663	680	597
663	711	680
711	737	680
711	780	737
711	759	780
759	802	780
759	798	802
798	891	802
798	910	891
910	1028	891
798	923	910
759	709	798
759	603	709
603	695	709
603	629	695
629	632	695
629	497	632
497	561	632
561	613	632
561	645	613
561	617	645
617	738	645
617	727	738
727	792	738
792	793	738
793	804	738
793	865	804
793	941	865
941	1015	865
1015	1033	865
1033	967	865
967	930	865
967	985	930
985	923	930
967	1101	985
1033	1125	967
1033	1083	1125
1083	1126	1125
1126	1141	1125
1141	1251	1125
1251	1150	1125
1141	1255	1251
1255	1269	1251
1269	1298	1251
1255	1310	1269
1255	1225	1310
1225	1291	1310
1225	1200	1291
1200	1229	1291
1229	1396	1291
1229	1397	1396
1397	1502	1396
1502	1507	1396
1502	1519	1507
1519	1603	1507
1603	1608	1507
1608	1446	1507
1608	1450	1446
1450	1310	1446
1603	1723	1608
1603	1713	1723
1713	1780	1723
1713	1792	1780
1792	1953	1780
1792	1949	1953
1792	1962	1949
1713	1773	1792
1713	1653	1773
1653	1795	1773
1795	1873	1773
1713	1614	1653
1614	1581	1653
1614	1519	1581
1519	1513	1581
1513	1536	1581
1513	1474	1536
1474	1546	1536
1474	1372	1546
1372	1409	1546
1409	1437	1546
1409	1386	1437
1386	1364	1437
1364	1569	1437
1364	1509	1569
1509	1592	1569
1592	1597	1569
1597	1627	1569
1627	1630	1569
1630	1658	1569
1630	1730	1658
1630	1627	1730
1627	1819	1730
1819	1839	1730
1819	1875	1839
1875	1939	1839
1939	1946	1839
1627	1597	1819
1597	1592	1819
1592	1729	1819
1592	1551	1729
1551	1676	1729
1551	1670	1676
1551	1444	1670
1551	1448	1444
1448	1365	1444
1365	1350	1444
1365	1256	1350
1256	1299	1350
1299	1308	1350
1299	1248	1308
1248	1234	1308
1234	1357	1308
1357	1426	1308
1426	1468	1308
1468	1523	1308
1468	1567	1523
1567	1545	1523
1545	1444	1523
1567	1722	1545
1722	1645	1545
1645	1646	1545
1645	1734	1646
1645	1722	1734
1468	1499	1567
1499	1611	1567
1611	1695	1567
1611	1728	1695
1728	1845	1695
1845	1817	1695
1817	1781	1695
1817	1846	1781
1817	1915	1846
1915	2025	1846
2025	1972	1846
2025	2050	1972
2050	2076	1972
2076	2058	1972
2058	1995	1972
1995	1952	1972
1995	1931	1952
1995	1986	1931
1986	1941	1931
1995	2060	1986
1995	2058	2060
2058	2125	2060
2058	2166	2125
2166	2215	2125
2215	2247	2125
2247	2169	2125
2247	2359	2169
2215	2234	2247
2215	2166	2234
2166	2246	2234
2166	2231	2246
2231	2327	2246
2231	2350	2327
2350	2352	2327
2350	2419	2352
2419	2460	2352
2419	2458	2460
2458	2582	2460
2231	2360	2350
2231	2258	2360
2258	2295	2360
2295	2451	2360
2258	2151	2295
2151	2294	2295
2151	2180	2294
2151	2027	2180
2151	2064	2027
2064	2025	2027
2025	2000	2027
2025	1915	2000
1915	1988	2000
1915	1947	1988
1947	1945	1988
1945	1987	1988
1945	1845	1987
1845	1910	1987
1845	1900	1910
1845	1771	1900
1771	1823	1900
1771	1706	1823
1706	1874	1823
1706	1766	1874
1766	1844	1874
1844	1896	1874
1896	1958	1874
1896	2009	1958
2009	2014	1958
2014	2031	1958
2031	2051	1958
2051	1900	1958
2031	2109	2051
1896	1813	2009
1896	1844	1813
1844	1766	1813
1706	1685	1766
1706	1626	1685
1626	1635	1685
1626	1539	1635
1539	1547	1635
1547	1591	1635
1547	1492	1591
1547	1424	1492
1424	1510	1492
1547	1434	1424
1434	1355	1424
1355	1265	1424
1265	1250	1424
1265	1152	1250
1152	1131	1250
1152	1052	1131
1052	959	1131
959	1005	1131
959	936	1005
936	957	1005
936	827	957
827	864	957
864	948	957
864	912	948
912	993	948
912	1061	993
1061	1075	993
1075	1103	993
1075	1080	1103
1080	1142	1103
1142	1206	1103
1080	1061	1142
1061	1191	1142
1191	1232	1142
1080	1075	1061
827	799	864
827	749	799
749	751	799
749	625	751
625	542	751
749	717	625
717	720	625
720	657	625
657	511	625
511	571	625
720	682	657
682	573	657
573	456	657
456	474	657
456	421	474
421	404	474
421	359	404
359	350	404
350	386	404
350	362	386
362	420	386
420	511	386
350	304	362
304	297	362
297	294	362
294	343	362
297	276	294
276	318	294
276	279	318
279	281	318
279	248	281
248	234	281
234	240	281
279	276	248
297	273	276
297	304	273
350	335	304
350	359	335
359	421	335
573	488	456
573	519	488
519	513	488
513	463	488
463	402	488
463	419	402
419	376	402
419	321	376
321	352	376
321	307	352
321	265	307
265	277	307
277	335	307
277	239	335
277	217	239
277	265	217
265	235	217
235	199	217
199	179	217
199	152	179
152	176	179
152	108	176
199	169	152
169	143	152
169	156	143
169	171	156
171	107	156
171	162	107
162	131	107
131	98	107
98	86	107
86	94	107
86	75	94
75	74	94
74	97	94
75	59	74
59	34	74
34	27	74
34	10	27
10	8	27
8	14	27
14	18	27
14	19	18
19	23	18
19	29	23
29	20	23
20	37	23
37	64	23
64	68	23
64	70	68
70	121	68
70	112	121
112	134	121
134	170	121
170	176	121
134	135	170
134	112	135
112	148	135
70	63	112
63	88	112
63	44	88
44	84	88
84	100	88
100	175	88
100	185	175
44	32	84
32	35	84
35	83	84
35	53	83
35	29	53
29	71	53
29	19	71
19	40	71
19	14	40
14	38	40
35	32	29
32	21	29
21	20	29
21	32	20
32	37	20
32	44	37
44	63	37
63	70	37
70	64	37
8	6	14
8	10	6
10	2	6
10	12	2
12	7	2
7	1	2
12	11	7
10	34	12
34	59	12
75	86	59
86	60	59
86	82	60
82	79	60
79	78	60
78	56	60
56	41	60
56	33	41
33	16	41
33	30	16
30	26	16
26	15	16
15	13	16
13	17	16
17	9	16
17	31	9
17	13	31
15	24	13
15	26	24
30	36	26
36	39	26
36	47	39
47	51	39
51	65	39
65	45	39
65	66	45
51	77	65
51	47	77
47	46	77
46	52	77
52	95	77
95	124	77
95	90	124
90	120	124
120	125	124
120	111	125
111	208	125
111	115	208
111	105	115
105	130	115
105	119	130
119	155	130
155	178	130
178	195	130
195	197	130
195	231	197
231	216	197
231	290	216
290	256	216
256	250	216
256	302	250
302	323	250
323	251	250
251	206	250
251	286	206
286	208	206
251	323	286
323	372	286
372	408	286
372	472	408
472	515	408
515	460	408
515	506	460
515	545	506
515	660	545
660	739	545
739	782	545
782	584	545
584	514	545
584	485	514
485	449	514
449	391	514
449	406	391
406	382	391
382	264	391
382	305	264
305	299	264
305	330	299
305	423	330
423	354	330
354	334	330
354	367	334
367	303	334
354	418	367
354	426	418
426	552	418
426	467	552
426	423	467
426	354	423
305	400	423
400	406	423
400	382	406
400	305	382
449	485	406
485	546	406
546	614	406
546	621	614
621	728	614
728	649	614
728	743	649
621	669	728
669	777	728
777	794	728
794	844	728
794	860	844
860	929	844
860	969	929
860	999	969
860	1000	999
1000	1188	999
1000	1095	1188
1095	1223	1188
1223	1342	1188
1223	1378	1342
1378	1421	1342
1421	1436	1342
1436	1384	1342
1436	1429	1384
1436	1554	1429
1554	1557	1429
1557	1443	1429
1557	1503	1443
1503	1494	1443
1494	1455	1443
1455	1435	1443
1455	1394	1435
1394	1349	1435
1394	1338	1349
1394	1331	1338
1331	1304	1338
1331	1282	1304
1282	1185	1304
1282	1228	1185
1282	1259	1228
1282	1274	1259
1394	1361	1331
1394	1420	1361
1394	1455	1420
1455	1494	1420
1503	1477	1494
1503	1534	1477
1503	1570	1534
1503	1557	1570
1557	1565	1570
1557	1554	1565
1554	1577	1565
1554	1436	1577
1436	1542	1577
1542	1649	1577
1542	1571	1649
1571	1700	1649
1700	1709	1649
1700	1748	1709
1700	1784	1748
1784	1787	1748
1784	1830	1787
1700	1619	1784
1619	1751	1784
1751	1786	1784
1786	1843	1784
1843	1886	1784
1751	1733	1786
1733	1799	1786
1733	1789	1799
1733	1769	1789
1769	1882	1789
1769	1794	1882
1794	1841	1882
1794	1779	1841
1779	1840	1841
1779	1783	1840
1783	1880	1840
1783	1802	1880
1802	1884	1880
1802	1807	1884
1807	1990	1884
1802	1746	1807
1802	1783	1746
1783	1725	1746
1725	1623	1746
1623	1657	1746
1623	1585	1657
1585	1631	1657
1585	1528	1631
1585	1466	1528
1466	1517	1528
1466	1441	1517
1585	1527	1466
1527	1398	1466
1398	1379	1466
1398	1333	1379
1333	1300	1379
1333	1197	1300
1333	1202	1197
1202	1173	1197
1173	1107	1197
1107	1157	1197
1107	1090	1157
1107	977	1090
977	961	1090
961	1108	1090
961	1009	1108
1009	1074	1108
1074	1160	1108
961	897	1009
961	977	897
977	932	897
932	841	897
841	752	897
752	744	897
752	676	744
676	685	744
685	722	744
752	702	676
702	594	676
702	692	594
692	578	594
702	801	692
801	829	692
829	689	692
689	650	692
829	772	689
772	714	689
829	895	772
895	853	772
895	991	853
991	1076	853
991	1037	1076
1037	1194	1076
1194	1231	1076
1231	1097	1076
1097	1060	1076
1097	1087	1060
1087	1040	1060
1040	901	1060
901	882	1060
1040	947	901
947	881	901
947	845	881
947	963	845
963	832	845
832	756	845
832	739	756
832	835	739
832	963	835
947	996	963
947	1042	996
1042	1082	996
1042	1147	1082
1147	1134	1082
1134	1079	1082
1134	1130	1079
1130	1054	1079
1130	1095	1054
1095	987	1054
1095	1000	987
1000	860	987
1130	1199	1095
1199	1223	1095
1199	1254	1223
1254	1378	1223
1254	1395	1378
1395	1439	1378
1439	1421	1378
1439	1436	1421
1439	1542	1436
1439	1506	1542
1506	1571	1542
1506	1576	1571
1576	1700	1571
1576	1619	1700
1576	1562	1619
1562	1548	1619
1548	1568	1619
1568	1637	1619
1637	1751	1619
1637	1733	1751
1637	1586	1733
1586	1724	1733
1724	1769	1733
1724	1745	1769
1745	1794	1769
1745	1779	1794
1745	1725	1779
1725	1783	1779
1745	1638	1725
1638	1527	1725
1638	1512	1527
1512	1406	1527
1406	1398	1527
1406	1333	1398
1406	1252	1333
1252	1202	1333
1252	1194	1202
1194	1153	1202
1153	1173	1202
1153	1107	1173
1153	1072	1107
1072	994	1107
994	977	1107
994	932	977
994	949	932
949	841	932
949	872	841
872	801	841
801	752	841
801	702	752
872	829	801
872	889	829
889	895	829
889	991	895
889	949	991
949	994	991
994	1037	991
994	1072	1037
1072	1194	1037
1072	1153	1194
889	872	949
1252	1281	1194
1281	1231	1194
1281	1391	1231
1391	1339	1231
1339	1217	1231
1217	1097	1231
1217	1087	1097
1217	1158	1087
1158	1147	1087
1147	1040	1087
1147	1042	1040
1042	947	1040
1158	1273	1147
1273	1263	1147
1263	1134	1147
1263	1287	1134
1287	1130	1134
1287	1199	1130
1287	1297	1199
1297	1306	1199
1306	1314	1199
1314	1254	1199
1314	1395	1254
1314	1408	1395
1408	1485	1395
1485	1506	1395
1506	1439	1395
1485	1562	1506
1562	1576	1506
1485	1505	1562
1505	1548	1562
1505	1568	1548
1505	1422	1568
1422	1535	1568
1535	1586	1568
1586	1637	1568
1535	1543	1586
1543	1599	1586
1599	1724	1586
1599	1638	1724
1638	1745	1724
1599	1607	1638
1607	1512	1638
1607	1478	1512
1478	1391	1512
1391	1406	1512
1391	1281	1406
1281	1252	1406
1478	1376	1391
1376	1339	1391
1376	1368	1339
1368	1273	1339
1273	1217	1339
1273	1158	1217
1368	1263	1273
1368	1287	1263
1368	1297	1287
1607	1599	1478
1599	1543	1478
1505	1408	1422
1408	1306	1422
1306	1297	1422
1408	1314	1306
1505	1485	1408
1623	1725	1585
794	788	860
794	777	788
777	669	788
669	584	788
584	782	788
782	843	788
669	546	584
546	485	584
669	621	546
660	675	739
515	472	660
323	413	372
323	302	413
302	341	413
302	256	341
256	290	341
231	314	290
231	237	314
237	328	314
231	195	237
195	204	237
204	221	237
221	254	237
254	324	237
254	262	324
262	320	324
262	284	320
284	315	320
284	293	315
293	316	315
316	357	315
316	363	357
363	387	357
316	322	363
322	364	363
316	317	322
316	293	317
293	283	317
283	308	317
283	271	308
283	230	271
230	220	271
230	190	220
230	229	190
229	187	190
187	168	190
187	163	168
163	144	168
144	138	168
144	133	138
133	99	138
99	101	138
101	137	138
137	149	138
149	164	138
149	200	164
200	211	164
211	220	164
149	165	200
165	212	200
212	233	200
212	244	233
244	287	233
287	301	233
287	329	301
244	270	287
244	236	270
236	313	270
236	259	313
259	312	313
312	410	313
259	289	312
289	336	312
289	300	336
300	347	336
300	360	347
300	298	360
298	331	360
331	394	360
298	278	331
278	268	331
268	272	331
268	243	272
243	245	272
245	280	272
245	252	280
245	222	252
222	242	252
242	249	252
249	327	252
249	292	327
292	319	327
319	349	327
349	346	327
292	321	319
321	419	319
249	242	292
222	201	242
222	202	201
202	180	201
180	198	201
198	199	201
198	169	199
198	171	169
198	180	171
180	162	171
180	202	162
202	181	162
181	177	162
177	150	162
150	131	162
150	123	131
123	98	131
123	96	98
96	79	98
79	82	98
82	86	98
96	78	79
96	81	78
81	56	78
81	61	56
61	58	56
58	48	56
48	36	56
36	33	56
36	30	33
48	47	36
48	46	47
48	43	46
43	52	46
43	50	52
50	49	52
49	95	52
49	90	95
49	69	90
69	111	90
111	120	90
69	105	111
69	106	105
106	119	105
106	139	119
139	155	119
139	163	155
163	178	155
163	187	178
187	194	178
194	195	178
194	204	195
194	221	204
194	187	221
187	232	221
232	254	221
232	262	254
232	261	262
261	284	262
261	293	284
261	274	293
274	283	293
274	230	283
274	229	230
274	261	229
261	232	229
232	187	229
139	106	163
106	133	163
133	144	163
106	99	133
106	73	99
73	101	99
73	67	101
67	102	101
102	118	101
118	127	101
127	137	101
127	146	137
146	165	137
165	149	137
146	160	165
160	191	165
191	212	165
191	244	212
191	207	244
207	236	244
207	224	236
224	259	236
207	172	224
207	160	172
160	151	172
151	136	172
136	192	172
136	167	192
167	177	192
177	181	192
181	278	192
181	268	278
181	243	268
181	202	243
202	245	243
202	222	245
167	150	177
167	123	150
167	136	123
136	109	123
109	96	123
109	81	96
109	136	81
136	91	81
91	72	81
72	61	81
72	58	61
72	55	58
55	54	58
54	48	58
54	55	48
55	43	48
55	57	43
57	50	43
57	67	50
67	73	50
73	49	50
73	69	49
73	106	69
57	55	67
55	102	67
55	72	102
72	92	102
92	146	102
146	118	102
146	127	118
92	160	146
92	151	160
92	91	151
91	136	151
92	72	91
207	191	160
289	259	300
265	321	235
463	466	419
466	503	419
466	513	503
513	589	503
589	577	503
589	616	577
616	671	577
671	653	577
653	658	577
653	671	658
671	750	658
750	741	658
750	858	741
858	760	741
760	732	741
732	605	741
732	727	605
727	617	605
617	559	605
559	540	605
540	535	605
540	518	535
540	559	518
559	483	518
483	361	518
483	394	361
483	497	394
483	561	497
483	617	561
483	559	617
732	760	727
760	792	727
760	806	792
806	869	792
869	793	792
869	941	793
869	942	941
942	1049	941
1049	1015	941
1049	1180	1015
1180	1083	1015
1083	1033	1015
1180	1141	1083
1141	1126	1083
1180	1255	1141
1180	1225	1255
1180	1200	1225
1180	1049	1200
1049	1113	1200
1113	1229	1200
1113	1145	1229
1145	1296	1229
1296	1397	1229
1145	1264	1296
1264	1372	1296
1264	1284	1372
1284	1276	1372
1276	1409	1372
1276	1344	1409
1344	1386	1409
1344	1364	1386
1344	1353	1364
1353	1495	1364
1495	1509	1364
1495	1592	1509
1495	1551	1592
1495	1464	1551
1464	1448	1551
1464	1362	1448
1362	1365	1448
1362	1256	1365
1362	1270	1256
1270	1213	1256
1213	1248	1256
1248	1299	1256
1213	1234	1248
1213	1133	1234
1133	1184	1234
1184	1214	1234
1214	1357	1234
1214	1240	1357
1240	1329	1357
1329	1460	1357
1460	1452	1357
1452	1426	1357
1452	1453	1426
1453	1468	1426
1453	1499	1468
1453	1452	1499
1452	1460	1499
1460	1593	1499
1593	1611	1499
1593	1728	1611
1593	1706	1728
1706	1771	1728
1771	1845	1728
1593	1553	1706
1553	1626	1706
1553	1511	1626
1511	1481	1626
1481	1539	1626
1481	1434	1539
1434	1547	1539
1481	1355	1434
1481	1346	1355
1346	1267	1355
1267	1265	1355
1267	1240	1265
1240	1152	1265
1240	1214	1152
1214	1184	1152
1184	1098	1152
1098	1052	1152
1098	1032	1052
1032	958	1052
958	908	1052
908	959	1052
908	846	959
846	936	959
846	819	936
819	827	936
819	749	827
819	720	749
720	717	749
819	766	720
766	682	720
766	787	682
787	715	682
715	573	682
715	641	573
641	574	573
574	519	573
574	513	519
574	641	513
641	589	513
641	644	589
644	616	589
644	724	616
724	671	616
644	735	724
644	694	735
694	755	735
755	776	735
755	831	776
831	877	776
831	902	877
902	975	877
975	976	877
975	1022	976
1022	1012	976
1012	989	976
989	981	976
989	1029	981
1029	1067	981
1067	986	981
1067	1017	986
1067	1124	1017
1124	1109	1017
1109	1045	1017
1109	1077	1045
1077	1039	1045
1077	1129	1039
1129	1021	1039
1021	915	1039
1021	960	915
960	858	915
858	750	915
960	884	858
884	806	858
806	760	858
884	869	806
884	890	869
890	942	869
890	966	942
966	1049	942
966	1113	1049
966	1063	1113
1063	1118	1113
1118	1145	1113
1118	1264	1145
1118	1241	1264
1241	1284	1264
1241	1276	1284
1241	1227	1276
1227	1344	1276
1227	1246	1344
1246	1233	1344
1233	1353	1344
1233	1318	1353
1318	1495	1353
1318	1317	1495
1317	1464	1495
1317	1362	1464
1317	1270	1362
1317	1257	1270
1257	1176	1270
1176	1168	1270
1168	1213	1270
1168	1078	1213
1078	1117	1213
1117	1133	1213
1117	1111	1133
1111	1184	1133
1111	1098	1184
1111	1032	1098
1111	958	1032
1111	975	958
975	902	958
902	851	958
851	908	958
851	815	908
815	846	908
815	765	846
765	787	846
787	819	846
787	766	819
765	715	787
765	755	715
755	694	715
694	641	715
694	644	641
765	816	755
816	831	755
816	851	831
851	902	831
816	815	851
816	765	815
1111	1022	975
1111	1117	1022
1117	1078	1022
1078	1012	1022
1078	1026	1012
1026	989	1012
1026	1029	989
1026	1078	1029
1078	1149	1029
1149	1067	1029
1149	1124	1067
1149	1224	1124
1224	1233	1124
1233	1109	1124
1233	1129	1109
1129	1077	1109
1233	1154	1129
1154	1021	1129
1154	1035	1021
1035	960	1021
1035	1016	960
1016	1044	960
1044	966	960
966	884	960
966	890	884
1044	1063	966
1044	1118	1063
1044	1035	1118
1035	1154	1118
1154	1241	1118
1154	1227	1241
1154	1246	1227
1154	1233	1246
1044	1016	1035
1224	1318	1233
1224	1317	1318
1224	1257	1317
1224	1176	1257
1224	1149	1176
1149	1078	1176
1078	1168	1176
1267	1329	1240
1267	1346	1329
1346	1511	1329
1511	1460	1329
1511	1529	1460
1529	1593	1460
1529	1553	1593
1529	1511	1553
1346	1481	1511
466	463	513
1945	1817	1845
1945	1947	1817
1947	1915	1817
2064	2091	2025
2091	2061	2025
2061	2050	2025
2061	2137	2050
2137	2076	2050
2137	2156	2076
2156	2058	2076
2156	2166	2058
2156	2231	2166
2156	2137	2231
2137	2258	2231
2137	2091	2258
2091	2151	2258
2091	2064	2151
2137	2061	2091
1513	1397	1474
1513	1502	1397
1513	1519	1502
1614	1603	1519
1614	1713	1603
759	622	603
622	500	603
622	478	500
759	711	622
711	663	622
427	436	385
436	434	385
436	489	434
436	458	489
458	553	489
553	636	489
636	587	489
436	427	458
1237	1268	1074
1164	1128	1228
117	129	153
11	41	9
42	89	104
42	76	89
80	140	93
80	159	140
159	147	140
147	145	140
110	166	183
128	142	158
173	189	193
189	219	193
219	246	193
246	266	193
219	225	246
219	213	225
213	189	225
189	203	225
213	219	189
174	215	263
215	296	263
186	247	209
205	227	226
340	373	383
373	443	383
443	384	383
384	340	383
384	344	340
384	379	344
379	424	344
379	451	424
451	550	424
550	549	424
549	510	424
510	380	424
510	397	380
549	601	510
549	550	601
550	637	601
637	712	601
637	699	712
699	813	712
813	797	712
637	555	699
555	560	699
560	623	699
623	691	699
691	859	699
691	770	859
691	668	770
691	623	668
623	560	668
555	521	560
521	431	560
431	445	560
521	451	431
451	379	431
521	555	451
555	550	451
555	637	550
373	554	443
373	417	554
417	626	554
417	539	626
353	366	415
368	390	398
398	405	368
405	339	368
398	442	405
398	438	442
438	473	442
473	493	442
473	551	493
551	523	493
551	606	523
606	548	523
606	580	548
551	609	606
609	639	606
609	654	639
609	710	654
609	672	710
672	726	710
672	679	726
679	701	726
701	834	726
834	875	726
834	952	875
952	992	875
992	903	875
903	861	875
952	1050	992
952	955	1050
955	1031	1050
955	973	1031
973	1057	1031
973	1048	1057
973	978	1048
978	1018	1048
978	931	1018
978	973	931
973	876	931
973	955	876
955	842	876
842	796	876
842	834	796
834	701	796
842	952	834
842	955	952
679	610	701
610	655	701
610	547	655
610	562	547
562	543	547
543	438	547
543	473	438
543	592	473
592	627	473
627	551	473
627	609	551
627	672	609
627	679	672
627	610	679
627	592	610
592	562	610
592	543	562
398	390	438
399	479	537
479	615	537
615	620	537
620	635	537
620	716	635
411	416	435
411	470	416
470	422	416
422	541	416
541	484	416
484	435	416
484	425	435
425	411	435
425	428	411
428	481	411
481	470	411
481	557	470
557	530	470
530	448	470
448	422	470
448	432	422
432	572	422
572	541	422
572	666	541
666	624	541
624	484	541
624	533	484
533	425	484
533	428	425
533	453	428
453	481	428
453	495	481
495	532	481
532	631	481
631	557	481
532	517	631
532	501	517
501	508	517
508	461	517
461	528	517
528	586	517
528	593	586
461	445	528
461	509	445
461	508	509
508	570	509
570	634	509
634	668	509
508	501	570
501	495	570
495	526	570
526	564	570
564	630	570
564	662	630
526	512	564
526	453	512
453	533	512
526	495	453
501	532	495
666	807	624
666	856	807
856	1073	807
856	944	1073
666	721	856
666	572	721
448	487	432
487	454	432
454	440	432
440	455	432
440	504	455
504	429	455
429	524	455
524	558	455
429	464	524
464	480	524
480	705	524
705	690	524
705	892	690
705	762	892
762	898	892
898	925	892
925	1036	892
925	1059	1036
1059	1235	1036
1235	1143	1036
1235	1220	1143
1220	1242	1143
1220	1345	1242
1345	1277	1242
1277	1151	1242
1277	1230	1151
1220	1389	1345
480	499	705
499	534	705
499	538	534
538	602	534
538	600	602
499	556	538
499	457	556
457	490	556
490	611	556
490	504	611
504	575	611
504	454	575
454	487	575
504	440	454
490	447	504
447	429	504
447	464	429
447	490	464
490	457	464
457	480	464
457	499	480
448	530	487
446	576	494
494	539	446
446	371	576
505	536	633
536	664	633
633	542	505
633	704	542
507	583	522
599	719	707
707	656	599
719	771	707
771	839	707
648	674	790
790	763	648
763	729	648
790	810	763
652	823	747
823	926	747
926	719	747
823	867	926
823	652	867
652	758	867
758	862	867
758	838	862
838	1003	862
661	734	708
734	803	708
734	914	803
914	1055	803
914	982	1055
914	934	982
934	971	982
934	852	971
852	764	971
764	983	971
934	914	852
914	734	852
677	830	686
830	833	686
830	939	833
830	974	939
830	850	974
850	965	974
830	677	850
677	768	850
730	826	789
730	631	826
731	887	746
887	900	746
887	940	900
887	1084	940
736	825	836
825	911	836
911	906	836
911	998	906
767	824	786
767	808	824
778	946	837
778	791	946
781	811	821
821	855	781
855	784	781
811	814	821
811	927	814
811	894	927
795	880	945
800	817	873
873	888	800
812	848	935
848	849	935
935	909	812
818	972	883
822	1025	938
1025	1038	938
1025	1115	1038
1115	1201	1038
1201	1189	1038
1201	1363	1189
1201	1211	1363
1201	1115	1211
1115	1062	1211
1062	1212	1211
1212	1327	1211
1212	1423	1327
1115	1025	1062
840	962	886
962	904	886
878	951	899
878	1004	951
916	950	956
950	1011	956
928	1006	1066
937	990	1198
937	900	990
990	1283	1198
990	1205	1283
1205	1393	1283
953	984	1065
995	1156	1020
995	1114	1156
1010	1169	1186
1013	1139	1093
1139	1221	1093
1221	1253	1093
1014	1181	1243
1024	1070	1175
1024	909	1070
909	1085	1070
1085	1285	1070
1285	1175	1070
1085	1295	1285
1085	1089	1295
1089	1119	1295
1119	1324	1295
1324	1375	1295
1324	1430	1375
1430	1604	1375
1089	935	1119
1104	1258	1247
1258	1489	1247
1247	1192	1104
1116	1187	1303
1187	1414	1303
1187	1348	1414
1348	1419	1414
1120	1123	1292
1123	1294	1292
1292	1239	1120
1121	1260	1137
1137	946	1121
946	1099	1121
946	1019	1099
1260	1315	1137
1315	1166	1137
1148	1311	1271
1271	1161	1148
1271	1177	1161
1271	1373	1177
1167	1262	1203
1262	1222	1203
1262	1400	1222
1170	1461	1204
1204	983	1170
1461	1486	1204
1461	1727	1486
1727	1754	1486
1727	1806	1754
1179	1209	1330
1209	1302	1330
1302	1388	1330
1388	1479	1330
1388	1515	1479
1388	1302	1515
1302	1462	1515
1302	1288	1462
1210	1337	1340
1215	1286	1320
1219	1359	1279
1359	1412	1279
1412	1325	1279
1226	1275	1480
1226	1073	1275
1226	1127	1073
1244	1371	1341
1272	1381	1411
1411	1433	1272
1289	1445	1490
1289	1303	1445
1289	1208	1303
1316	1402	1428
1428	1476	1316
1476	1467	1316
1428	1501	1476
1402	1459	1428
1402	1550	1459
1336	1343	1416
1374	1521	1472
1521	1566	1472
1566	1449	1472
1449	1320	1472
1521	1672	1566
1385	1432	1590
1432	1538	1590
1392	1413	1531
1531	1518	1392
1518	1381	1392
1518	1483	1381
1518	1500	1483
1518	1602	1500
1602	1610	1500
1602	1684	1610
1684	1756	1610
1684	1822	1756
1684	1809	1822
1684	1749	1809
1684	1602	1749
1602	1595	1749
1602	1518	1595
1518	1531	1595
1407	1526	1415
1407	1596	1526
1596	1674	1526
1674	1669	1526
1596	1759	1674
1596	1707	1759
1707	1857	1759
1857	1859	1759
1857	1944	1859
1707	1821	1857
1447	1563	1572
1563	1800	1572
1563	1816	1800
1816	2003	1800
1451	1692	1473
1692	1640	1473
1692	1798	1640
1692	1943	1798
1943	1927	1798
1927	1778	1798
1943	2026	1927
2026	2080	1927
2080	1991	1927
2080	2065	1991
2080	2296	2065
2080	2312	2296
2312	2469	2296
2469	2329	2296
2469	2519	2329
2519	2417	2329
2519	2514	2417
2519	2598	2514
2519	2469	2598
2469	2670	2598
2080	2197	2312
2080	2026	2197
2026	2189	2197
2026	2012	2189
2026	1943	2012
1943	1928	2012
1928	1989	2012
1928	1818	1989
1818	1716	1989
1928	1692	1818
1928	1943	1692
1469	1520	1605
1475	1620	1573
1620	1696	1573
1696	1583	1573
1496	1651	1744
1496	1615	1651
1615	1742	1651
1742	1744	1651
1615	1834	1742
1522	1697	1524
1522	1712	1697
1712	1770	1697
1530	1717	1560
1717	1621	1560
1530	1681	1717
1681	1666	1717
1533	1636	1580
1580	1531	1533
1636	1656	1580
1636	1791	1656
1791	1740	1656
1740	1664	1656
1791	1820	1740
1791	1899	1820
1899	1916	1820
1791	1961	1899
1636	1694	1791
1636	1575	1694
1575	1680	1694
1636	1533	1575
1555	1579	1689
1689	1591	1555
1689	1741	1591
1625	1632	1790
1628	1643	1762
1641	1761	1661
1644	1686	1690
1644	1669	1686
1647	1889	1812
1647	1920	1889
1647	1862	1920
1862	1894	1920
1668	1763	1797
1683	1752	1704
1691	1833	1720
1720	1469	1691
1711	1893	1895
1718	1919	1732
1721	1938	1890
1938	2004	1890
1726	1885	1973
1885	2045	1973
2045	2052	1973
2052	2011	1973
2011	1868	1973
2011	2072	1868
2072	2047	1868
2047	1981	1868
2047	1984	1981
2047	2216	1984
2047	2254	2216
2047	2194	2254
2194	2299	2254
2047	2072	2194
2011	2052	2072
2045	2130	2052
2045	1980	2130
2045	1885	1980
1885	1957	1980
1885	1790	1957
1790	1838	1957
1736	1863	1737
1739	1803	1914
1803	1942	1914
1803	1984	1942
1984	2037	1942
1743	1832	1777
1785	1901	1963
1796	1810	1906
1808	1905	1826
1815	1999	2046
1815	1812	1999
1999	2070	2046
2070	2085	2046
2085	2128	2046
2128	1996	2046
1996	1815	2046
2128	2086	1996
2128	2285	2086
2070	2220	2085
2220	2269	2085
1824	1825	1977
1825	1854	1977
1825	1828	1854
1828	1966	1854
1828	1797	1966
1831	1897	1849
1849	1893	1831
1849	2038	1893
1849	1897	2038
1847	2139	1976
1870	2029	1879
1879	1705	1870
2029	1907	1879
1870	1985	2029
1985	2145	2029
1985	2124	2145
2124	2260	2145
2260	2316	2145
1903	2143	1951
1903	2153	2143
1909	2123	1921
1918	2059	1933
1918	2084	2059
2084	2212	2059
2212	2171	2059
2212	2223	2171
1926	2033	2055
1926	2028	2033
2055	2016	1926
1932	2107	2049
2107	2069	2049
2107	2155	2069
2155	2165	2069
1934	1955	2096
2096	2147	1934
2096	2208	2147
2208	2225	2147
2208	2273	2225
2208	2096	2273
2096	2326	2273
2326	2416	2273
2096	2123	2326
2123	2206	2326
2206	2402	2326
2206	2229	2402
2229	2351	2402
2229	2205	2351
2206	2036	2229
2206	2123	2036
1937	2138	1982
2138	2041	1982
1937	1967	2138
1959	1969	2083
1971	2160	2140
2160	2204	2140
2204	2202	2140
2204	2399	2202
2204	2356	2399
2204	2160	2356
1978	2135	2119
2135	2240	2119
1998	2040	2043
1998	2019	2040
2019	2023	2040
2002	2131	2168
2131	2293	2168
2293	2259	2168
2259	2081	2168
2081	2002	2168
2259	2256	2081
2293	2443	2259
2005	2116	2017
2116	2244	2017
2008	2078	2207
2008	1919	2078
2008	1806	1919
2020	2106	2092
2022	2098	2044
2039	2232	2095
2039	2235	2232
2235	2320	2232
2320	2300	2232
2300	2257	2232
2320	2505	2300
2320	2514	2505
2514	2631	2505
2631	2622	2505
2631	2791	2622
2791	2723	2622
2723	2693	2622
2693	2600	2622
2791	2987	2723
2791	2981	2987
2981	3149	2987
2791	2843	2981
2843	2866	2981
2791	2774	2843
2774	2679	2843
2774	2631	2679
2631	2514	2679
2774	2791	2631
2235	2281	2320
2057	2108	2113
2108	2172	2113
2108	2090	2172
2090	2165	2172
2165	2241	2172
2241	2276	2172
2241	2306	2276
2306	2340	2276
2306	2397	2340
2397	2348	2340
2397	2476	2348
2476	2467	2348
2467	2423	2348
2423	2303	2348
2423	2302	2303
2302	2193	2303
2193	2190	2303
2302	2182	2193
2423	2461	2302
2397	2507	2476
2397	2366	2507
2366	2471	2507
2471	2558	2507
2558	2625	2507
2625	2623	2507
2625	2697	2623
2697	2743	2623
2743	2708	2623
2708	2581	2623
2708	2687	2581
2708	2728	2687
2708	2743	2728
2743	2818	2728
2818	2820	2728
2818	2901	2820
2901	2930	2820
2930	2842	2820
2930	2941	2842
2625	2672	2697
2672	2800	2697
2672	2685	2800
2685	2754	2800
2754	2836	2800
2685	2644	2754
2685	2562	2644
2562	2553	2644
2562	2496	2553
2562	2465	2496
2562	2566	2465
2566	2558	2465
2558	2471	2465
2471	2434	2465
2471	2366	2434
2566	2672	2558
2672	2625	2558
2566	2685	2672
2566	2562	2685
2397	2306	2366
2306	2242	2366
2306	2241	2242
2241	2165	2242
2071	2309	2115
2309	2305	2115
2305	2345	2115
2305	2357	2345
2071	2285	2309
2285	2347	2309
2077	2136	2263
2082	2270	2211
2211	2195	2082
2195	2153	2082
2153	2068	2082
2211	2270	2195
2270	2401	2195
2401	2319	2195
2401	2452	2319
2452	2363	2319
2363	2143	2319
2401	2427	2452
2427	2587	2452
2401	2270	2427
2088	2198	2148
2093	2289	2292
2099	2184	2110
2184	2135	2110
2102	2245	2310
2117	2265	2210
2265	2290	2210
2290	2158	2210
2290	2317	2158
2290	2429	2317
2429	2444	2317
2429	2556	2444
2265	2432	2290
2127	2291	2142
2291	2183	2142
2291	2362	2183
2362	2344	2183
2344	2315	2183
2315	2230	2183
2315	2301	2230
2315	2384	2301
2384	2431	2301
2431	2395	2301
2315	2344	2384
2344	2362	2384
2133	2188	2288
2149	2346	2275
2157	2238	2237
2162	2364	2375
2364	2608	2375
2375	2353	2162
2375	2435	2353
2435	2378	2353
2170	2282	2255
2282	2287	2255
2175	2178	2203
2203	2261	2175
2203	2264	2261
2203	2178	2264
2178	2389	2264
2178	2268	2389
2176	2209	2187
2181	2372	2324
2372	2506	2324
2506	2299	2324
2506	2531	2299
2531	2512	2299
2372	2437	2506
2437	2696	2506
2696	2648	2506
2696	2918	2648
2437	2494	2696
2437	2438	2494
2437	2372	2438
2372	2181	2438
2181	2225	2438
2191	2213	2228
2228	2214	2191
2192	2224	2355
2221	2286	2323
2221	2261	2286
2261	2365	2286
2365	2334	2286
2334	2323	2286
2334	2374	2323
2236	2322	2272
2322	2457	2272
2457	2318	2272
2272	2139	2236
2239	2266	2283
2283	2376	2239
2376	2253	2239
2271	2405	2331
2405	2447	2331
2447	2485	2331
2274	2473	2377
2277	2385	2279
2278	2439	2418
2439	2468	2418
2325	2379	2354
2328	2373	2484
2373	2393	2484
2393	2495	2484
2393	2503	2495
2393	2318	2503
2330	2343	2446
2343	2336	2446
2336	2508	2446
2333	2464	2403
2337	2369	2408
2369	2442	2408
2369	2406	2442
2337	2240	2369
2368	2433	2479
2433	2573	2479
2383	2557	2411
2391	2421	2425
2392	2490	2470
2470	2414	2392
2490	2695	2470
2490	2709	2695
2709	2895	2695
2895	2869	2695
2869	2817	2695
2869	3018	2817
3018	3014	2817
3014	2798	2817
3014	2875	2798
2875	2713	2798
2713	2513	2798
2713	2670	2513
2713	2936	2670
2713	2875	2936
2875	3073	2936
3073	3127	2936
3127	3114	2936
2875	3045	3073
3045	3166	3073
3045	3018	3166
3018	3198	3166
3198	3249	3166
3249	3311	3166
3311	3390	3166
3311	3544	3390
3311	3504	3544
3504	3596	3544
3596	3698	3544
3698	3653	3544
3653	3629	3544
3653	3654	3629
3653	3864	3654
3596	3676	3698
3676	3711	3698
3711	3844	3698
3711	3883	3844
3883	3989	3844
3989	3955	3844
3883	3998	3989
3998	4040	3989
4040	4098	3989
4098	4134	3989
4134	4135	3989
4134	4232	4135
4232	4146	4135
4146	4052	4135
4052	3955	4135
4052	3996	3955
3996	3910	3955
3996	3951	3910
3951	3832	3910
3832	3864	3910
3951	3766	3832
3766	3691	3832
3951	3973	3766
3973	3789	3766
3973	3833	3789
3973	3853	3833
3973	4043	3853
4232	4244	4146
4244	4162	4146
4162	4149	4146
4162	4244	4149
4244	4195	4149
4244	4266	4195
4266	4224	4195
4266	4342	4224
4266	4308	4342
4266	4244	4308
4244	4297	4308
4244	4232	4297
4134	4269	4232
4098	4159	4134
3883	3931	3998
3931	3978	3998
3931	3786	3978
3786	3819	3978
3819	3900	3978
3931	3692	3786
3676	3590	3711
3590	3692	3711
3311	3249	3504
3249	3395	3504
3249	3229	3395
3229	3369	3395
3369	3432	3395
3229	3238	3369
3249	3198	3229
3198	2952	3229
3198	3018	2952
3018	2869	2952
2869	2895	2952
3045	3014	3018
3045	2875	3014
2709	2770	2895
2709	2763	2770
2763	2810	2770
2709	2529	2763
2709	2490	2529
2398	2500	2450
2500	2527	2450
2404	2428	2564
2428	2426	2564
2426	2612	2564
2426	2441	2612
2564	2602	2404
2602	2614	2404
2602	2646	2614
2646	2674	2614
2674	2595	2614
2646	2876	2674
2876	2837	2674
2646	2602	2876
2410	2459	2440
2412	2501	2472
2501	2647	2472
2501	2583	2647
2583	2580	2647
2580	2733	2647
2422	2424	2481
2424	2530	2481
2448	2651	2571
2448	2616	2651
2616	2768	2651
2616	2559	2768
2559	2601	2768
2601	2809	2768
2809	2894	2768
2601	2714	2809
2453	2585	2572
2456	2650	2607
2462	2618	2528
2528	2529	2462
2528	2617	2529
2528	2618	2617
2618	2641	2617
2641	2661	2617
2661	2810	2617
2641	2684	2661
2641	2664	2684
2664	2680	2684
2664	2642	2680
2664	2634	2642
2634	2579	2642
2579	2637	2642
2637	2750	2642
2634	2618	2579
2634	2664	2618
2664	2641	2618
2463	2526	2678
2475	2486	2630
2486	2683	2630
2683	2801	2630
2801	2737	2630
2737	2666	2630
2801	2796	2737
2486	2604	2683
2486	2477	2604
2477	2552	2604
2552	2698	2604
2478	2488	2516
2516	2497	2478
2488	2613	2516
2613	2627	2516
2488	2606	2613
2488	2499	2606
2499	2624	2606
2499	2577	2624
2577	2699	2624
2699	2840	2624
2699	2890	2840
2890	2859	2840
2890	3032	2859
3032	3008	2859
3008	2921	2859
3008	3036	2921
3036	2916	2921
3036	2961	2916
2961	2870	2916
2961	2969	2870
2969	2922	2870
2961	3036	2969
3032	3023	3008
3032	3144	3023
3144	3211	3023
3032	3167	3144
3032	3178	3167
3178	3207	3167
3178	3216	3207
3178	3108	3216
3108	3181	3216
3178	3027	3108
3178	3032	3027
3032	2907	3027
3032	2890	2907
2489	2605	2621
2605	2720	2621
2720	2785	2621
2785	2536	2621
2785	2565	2536
2785	2828	2565
2828	2570	2565
2570	2365	2565
2720	2764	2785
2720	2605	2764
2605	2887	2764
2887	2954	2764
2887	2989	2954
2491	2493	2628
2493	2638	2628
2492	2545	2655
2504	2626	2567
2504	2619	2626
2504	2571	2619
2509	2568	2620
2568	2767	2620
2767	2775	2620
2767	2966	2775
2767	2778	2966
2778	2920	2966
2920	2995	2966
2995	3123	2966
3123	3063	2966
3123	3217	3063
3123	3282	3217
3282	3361	3217
3361	3335	3217
3123	3061	3282
3061	3182	3282
3182	3240	3282
3182	3287	3240
3182	3139	3287
3182	3100	3139
3100	3025	3139
3100	2993	3025
3182	3061	3100
3061	2920	3100
3061	2995	2920
3061	3123	2995
2767	2568	2778
2517	2635	2692
2635	2717	2692
2520	2532	2632
2538	2609	2593
2609	2812	2593
2812	2717	2593
2543	2704	2597
2543	2663	2704
2663	2782	2704
2663	2600	2782
2547	2561	2716
2561	2701	2716
2561	2586	2701
2586	2681	2701
2586	2660	2681
2660	2702	2681
2660	2594	2702
2660	2586	2594
2549	2744	2668
2744	2689	2668
2689	2578	2668
2550	2569	2659
2569	2686	2659
2686	2807	2659
2807	2756	2659
2807	2994	2756
2994	2975	2756
2975	2904	2756
2904	2790	2756
2975	3065	2904
2994	3140	2975
2994	2953	3140
2994	2807	2953
2659	2603	2550
2574	2707	2662
2707	2703	2662
2703	2610	2662
2707	2799	2703
2576	2589	2792
2589	2860	2792
2860	2905	2792
2589	2649	2860
2649	2906	2860
2906	3052	2860
3052	3117	2860
3052	3209	3117
3209	3171	3117
3171	3111	3117
3171	3377	3111
3377	3299	3111
3299	3243	3111
3243	3003	3111
3243	3196	3003
3196	3112	3003
3112	3029	3003
3112	3106	3029
3106	3088	3029
3088	2942	3029
2942	2819	3029
3243	3431	3196
3431	3416	3196
3431	3581	3416
3581	3399	3416
3581	3607	3399
3607	3562	3399
3562	3475	3399
3562	3472	3475
3562	3644	3472
3644	3550	3472
3644	3690	3550
3562	3754	3644
3562	3607	3754
3431	3490	3581
3490	3684	3581
3490	3592	3684
3431	3299	3490
3299	3366	3490
3299	3377	3366
3377	3482	3366
3431	3243	3299
3171	3209	3377
2906	2956	3052
2584	2783	2735
2735	2650	2584
2588	2640	2832
2611	2747	2645
2747	2787	2645
2611	2746	2747
2633	2682	2734
2682	2815	2734
2815	2753	2734
2753	2633	2734
2753	2776	2633
2753	2815	2776
2815	2959	2776
2815	3080	2959
3080	3157	2959
3157	3103	2959
3103	3007	2959
3103	3034	3007
3034	3011	3007
3011	2826	3007
3034	3074	3011
3157	3259	3103
2815	2946	3080
2946	2983	3080
2983	3255	3080
2983	3189	3255
2815	2780	2946
2780	2725	2946
2780	2682	2725
2780	2815	2682
2639	2822	2813
2643	2749	2758
2749	2831	2758
2831	2874	2758
2874	2903	2758
2831	2931	2874
2652	2827	2745
2827	2856	2745
2827	2881	2856
2881	2880	2856
2827	2865	2881
2827	2833	2865
2653	2762	2841
2667	2781	2850
2781	2910	2850
2669	2757	2835
2694	2760	2742
2700	2789	2724
2700	2842	2789
2789	2830	2724
2830	2722	2724
2722	2638	2724
2727	2857	2891
2730	2824	2823
2824	3053	2823
2824	2889	3053
2732	2911	2853
2769	2829	3054
2772	2945	2997
2779	2879	2846
2811	2964	2883
2814	2957	2985
2957	3097	2985
3097	3083	2985
3097	3201	3083
2957	3188	3097
2855	2998	2992
2998	3194	2992
3194	3016	2992
3194	3189	3016
3189	2946	3016
2862	3093	2900
3093	3002	2900
3002	2873	2900
3002	2967	2873
3002	3091	2967
2871	2963	3039
2963	3076	3039
3076	3156	3039
3156	3158	3039
2878	2973	3069
2973	3084	3069
3069	3121	2878
2885	2996	3067
2937	2999	3048
2948	3050	2960
2962	3068	3044
3044	3138	2962
2962	2987	3068
2987	3098	3068
2977	3026	3015
3026	3152	3015
3026	3247	3152
3026	3109	3247
3109	3278	3247
3278	3270	3247
3278	3329	3270
3329	3492	3270
3492	3477	3270
3492	3497	3477
3497	3448	3477
3492	3582	3497
3492	3623	3582
3492	3436	3623
3492	3329	3436
3329	3295	3436
3329	3278	3295
3278	3109	3295
3005	3128	3134
3006	3102	3038
3102	3195	3038
3195	3187	3038
3187	3168	3038
3187	3396	3168
3396	3254	3168
3254	3142	3168
3254	3126	3142
3254	3312	3126
3312	3224	3126
3224	3210	3126
3224	3359	3210
3254	3341	3312
3254	3347	3341
3347	3445	3341
3347	3254	3445
3254	3396	3445
3396	3541	3445
3541	3615	3445
3541	3580	3615
3541	3480	3580
3541	3396	3480
3396	3444	3480
3187	3302	3396
3187	3195	3302
3195	3338	3302
3010	3263	3064
3263	3245	3064
3245	3203	3064
3245	3412	3203
3040	3075	3085
3075	3199	3085
3199	3175	3085
3175	3041	3085
3041	3040	3085
3199	3294	3175
3047	3154	3185
3057	3161	3304
3071	3072	3334
3081	3266	3104
3266	3344	3104
3344	3340	3104
3081	3234	3266
3082	3120	3213
3082	2918	3120
2918	3004	3120
3120	3280	3213
3280	3370	3213
3370	3318	3213
3318	3190	3213
3280	3326	3370
3326	3378	3370
3326	3280	3378
3280	3385	3378
3385	3533	3378
3533	3638	3378
3533	3642	3638
3533	3661	3642
3661	3756	3642
3087	3129	3227
3227	3235	3087
3235	3205	3087
3235	3241	3205
3235	3439	3241
3129	3223	3227
3223	3323	3227
3223	3321	3323
3321	3515	3323
3223	3130	3321
3130	3293	3321
3293	3330	3321
3223	3129	3130
3129	3050	3130
3096	3215	3202
3215	3460	3202
3215	3389	3460
3215	3352	3389
3107	3150	3193
3150	3219	3193
3219	3218	3193
3218	3170	3193
3170	3107	3193
3170	3143	3107
3143	2911	3107
2911	2884	3107
3219	3362	3218
3150	3172	3219
3172	3233	3219
3110	3303	3232
3303	3234	3232
3113	3163	3236
3116	3173	3309
3309	3244	3116
3244	3164	3116
3164	2964	3116
3309	3331	3244
3309	3506	3331
3506	3392	3331
3309	3430	3506
3430	3591	3506
3591	3548	3506
3430	3534	3591
3118	3132	3320
3132	3288	3320
3288	3428	3320
3428	3394	3320
3394	3333	3320
3333	3118	3320
3428	3485	3394
3428	3543	3485
3428	3420	3543
3428	3288	3420
3288	3400	3420
3400	3512	3420
3400	3404	3512
3400	3307	3404
3307	3290	3404
3400	3288	3307
3135	3222	3231
3222	3381	3231
3145	3184	3252
3151	3336	3281
3336	3423	3281
3336	3525	3423
3153	3372	3230
3153	3134	3372
3155	3162	3317
3180	3204	3351
3351	3226	3180
3197	3292	3365
3212	3228	3272
3214	3262	3328
3262	3474	3328
3474	3402	3328
3474	3577	3402
3246	3434	3343
3434	3465	3343
3465	3285	3343
3434	3595	3465
3260	3409	3301
3409	3342	3301
3260	3273	3409
3291	3346	3466
3298	3521	3539
3315	3358	3440
3327	3585	3374
3339	3355	3508
3355	3556	3508
3355	3518	3556
3355	3363	3518
3363	3433	3518
3433	3669	3518
3433	3628	3669
3628	3760	3669
3357	3479	3633
3479	3614	3633
3479	3437	3614
3437	3651	3614
3360	3424	3371
3371	3304	3360
3371	3275	3304
3379	3454	3495
3380	3468	3406
3384	3471	3489
3489	3574	3384
3574	3408	3384
3574	3622	3408
3622	3616	3408
3622	3753	3616
3622	3735	3753
3622	3574	3735
3489	3567	3574
3489	3471	3567
3386	3425	3603
3386	3359	3425
3425	3663	3603
3663	3781	3603
3781	3826	3603
3781	3871	3826
3781	3663	3871
3663	3740	3871
3740	3904	3871
3388	3627	3572
3407	3551	3507
3507	3452	3407
3507	3528	3452
3528	3612	3452
3612	3429	3452
3507	3551	3528
3407	3476	3551
3407	3440	3476
3413	3546	3516
3414	3526	3606
3606	3514	3414
3514	3303	3414
3303	3251	3414
3251	3236	3414
3606	3714	3514
3606	3733	3714
3733	3916	3714
3916	3752	3714
3916	3940	3752
3940	3780	3752
3940	3922	3780
3922	3797	3780
3922	3777	3797
3777	3537	3797
3940	3999	3922
3999	4071	3922
3999	4181	4071
3999	4111	4181
4111	4176	4181
4176	4267	4181
4111	4022	4176
4111	3985	4022
3985	3916	4022
3985	3940	3916
3985	3999	3940
3985	4111	3999
3733	3779	3916
3733	3606	3779
3415	3491	3668
3491	3573	3668
3573	3785	3668
3785	3771	3668
3771	3829	3668
3771	3865	3829
3865	4059	3829
4059	3952	3829
3865	3982	4059
3771	3785	3865
3422	3443	3553
3422	3272	3443
3463	3530	3647
3481	3640	3527
3483	3710	3625
3710	3772	3625
3710	3843	3772
3510	3569	3598
3510	3466	3569
3466	3575	3569
3575	3678	3569
3678	3719	3569
3719	3598	3569
3719	3630	3598
3630	3593	3598
3719	3770	3630
3770	3830	3630
3830	3602	3630
3830	3791	3602
3791	3727	3602
3727	3542	3602
3791	3708	3727
3708	3495	3727
3708	3645	3495
3708	3738	3645
3738	3750	3645
3750	3623	3645
3738	3869	3750
3738	3791	3869
3791	3974	3869
3791	3830	3974
3830	3886	3974
3886	4017	3974
4017	4044	3974
4017	4033	4044
4033	4106	4044
4106	4132	4044
4106	4157	4132
4157	4155	4132
4157	4259	4155
4259	4272	4155
4272	4253	4155
4253	4203	4155
4203	4090	4155
4203	4196	4090
4196	4178	4090
4178	4117	4090
4117	4067	4090
4067	4042	4090
4067	3969	4042
4117	4093	4067
4117	4138	4093
4138	4016	4093
4117	4218	4138
4218	4166	4138
4218	4234	4166
4234	4255	4166
4234	4307	4255
4307	4332	4255
4332	4210	4255
4332	4209	4210
4332	4356	4209
4356	4180	4209
4356	4380	4180
4356	4404	4380
4404	4491	4380
4491	4471	4380
4471	4346	4380
4346	4139	4380
4346	4164	4139
4164	4108	4139
4164	4270	4108
4270	4035	4108
4491	4510	4471
4510	4501	4471
4501	4463	4471
4501	4539	4463
4539	4554	4463
4554	4413	4463
4539	4584	4554
4584	4582	4554
4584	4634	4582
4634	4588	4582
4634	4711	4588
4711	4690	4588
4690	4581	4588
4711	4812	4690
4812	4790	4690
4790	4700	4690
4790	4756	4700
4790	4807	4756
4807	4855	4756
4855	4845	4756
4855	4944	4845
4855	4874	4944
4874	4916	4944
4916	5006	4944
5006	4979	4944
4979	4921	4944
4979	4970	4921
4970	4904	4921
4970	4901	4904
4970	4990	4901
4990	4879	4901
4990	4964	4879
4964	4931	4879
4931	4869	4879
4869	4850	4879
4869	4817	4850
4817	4804	4850
4817	4717	4804
4717	4680	4804
4680	4741	4804
4680	4640	4741
4640	4655	4741
4655	4736	4741
4736	4785	4741
4655	4667	4736
4655	4496	4667
4496	4512	4667
4512	4595	4667
4496	4475	4512
4475	4434	4512
4434	4397	4512
4434	4318	4397
4434	4362	4318
4362	4205	4318
4205	4277	4318
4362	4293	4205
4362	4364	4293
4496	4527	4475
4496	4655	4527
4655	4640	4527
4640	4562	4527
4640	4717	4562
4640	4680	4717
4817	4865	4717
4865	4775	4717
4817	4869	4865
4869	4900	4865
4900	4952	4865
4952	4941	4865
4952	4959	4941
4959	4965	4941
4965	4949	4941
4949	4889	4941
4889	4802	4941
4802	4775	4941
4802	4688	4775
4949	4877	4889
4949	4953	4877
4953	4923	4877
4953	4954	4923
4954	4911	4923
4954	4907	4911
4907	4846	4911
4907	4885	4846
4885	4814	4846
4814	4660	4846
4814	4642	4660
4885	4852	4814
4852	4822	4814
4852	4867	4822
4867	4816	4822
4867	4933	4816
4933	4844	4816
4933	4897	4844
4867	5020	4933
5020	5033	4933
5020	5076	5033
5020	5095	5076
5095	5127	5076
5095	5138	5127
5138	5163	5127
5138	5153	5163
5153	5181	5163
5138	5116	5153
5138	5095	5116
5095	5074	5116
5074	5104	5116
5074	5052	5104
5052	5112	5104
5074	5044	5052
5044	4954	5052
4954	4953	5052
5044	4983	4954
4983	4907	4954
4983	4885	4907
4983	5020	4885
4983	5095	5020
4983	5044	5095
5044	5074	5095
4852	4885	4867
4949	4972	4953
4949	4965	4972
4965	5004	4972
4965	5023	5004
5023	5087	5004
5087	5112	5004
5087	5148	5112
5087	5123	5148
5087	5048	5123
5087	5023	5048
5023	4965	5048
4965	4959	5048
4952	4974	4959
4952	4900	4974
4900	4931	4974
4931	4964	4974
4964	4988	4974
4964	4990	4988
4990	5047	4988
5047	5071	4988
5047	5086	5071
5086	5152	5071
5152	5126	5071
5152	5170	5126
5170	5143	5126
5143	5131	5126
5131	5123	5126
5143	5158	5131
5143	5160	5158
5160	5174	5158
5160	5172	5174
5172	5183	5174
5183	5179	5174
5183	5187	5179
5183	5186	5187
5186	5189	5187
5186	5184	5189
5184	5185	5189
5184	5175	5185
5175	5155	5185
5155	5169	5185
5155	5129	5169
5129	5176	5169
5176	5190	5169
5176	5180	5190
5180	5182	5190
5180	5164	5182
5164	5173	5182
5173	5168	5182
5173	5166	5168
5166	5141	5168
5141	5134	5168
5134	5151	5168
5151	5154	5168
5154	5171	5168
5154	5150	5171
5154	5135	5150
5135	5127	5150
5135	5119	5127
5135	5140	5119
5140	5145	5119
5140	5154	5145
5154	5151	5145
5140	5135	5154
5141	5130	5134
5130	5053	5134
5130	5080	5053
5080	4993	5053
4993	4987	5053
4987	5027	5053
4987	4984	5027
4984	4975	5027
4984	4917	4975
4917	4966	4975
4966	4999	4975
4966	4934	4999
4934	4997	4999
4997	5059	4999
5059	5068	4999
5059	5119	5068
5059	5033	5119
4997	4971	5059
4997	4934	4971
4934	4937	4971
4937	5033	4971
4934	4897	4937
4966	4917	4934
4984	4910	4917
4910	4828	4917
4984	4987	4910
4987	4881	4910
4881	4803	4910
4803	4759	4910
4803	4731	4759
4731	4694	4759
4694	4780	4759
4780	4828	4759
4780	4703	4828
4731	4639	4694
4639	4603	4694
4639	4530	4603
4530	4486	4603
4639	4523	4530
4523	4423	4530
4523	4415	4423
4523	4534	4415
4534	4498	4415
4498	4373	4415
4373	4322	4415
4322	4148	4415
4148	4303	4415
4148	4191	4303
4148	4113	4191
4322	4275	4148
4322	4373	4275
4523	4704	4534
4523	4639	4704
4639	4731	4704
4731	4803	4704
4803	4695	4704
4803	4701	4695
4803	4881	4701
4987	4915	4881
4915	4898	4881
4915	4849	4898
4849	4801	4898
4849	4808	4801
4808	4766	4801
4766	4685	4801
4685	4697	4801
4685	4624	4697
4624	4701	4697
4766	4745	4685
4745	4599	4685
4745	4616	4599
4616	4597	4599
4597	4580	4599
4597	4614	4580
4614	4451	4580
4451	4422	4580
4451	4398	4422
4451	4344	4398
4597	4616	4614
4616	4745	4614
4745	4674	4614
4674	4578	4614
4674	4737	4578
4737	4754	4578
4737	4784	4754
4784	4863	4754
4863	4857	4754
4857	4796	4754
4796	4675	4754
4796	4768	4675
4768	4725	4675
4725	4672	4675
4725	4723	4672
4723	4666	4672
4723	4797	4666
4797	4733	4666
4733	4592	4666
4733	4641	4592
4641	4446	4592
4446	4467	4592
4446	4455	4467
4446	4274	4455
4733	4758	4641
4758	4662	4641
4662	4628	4641
4662	4758	4628
4758	4722	4628
4722	4619	4628
4722	4610	4619
4733	4818	4758
4818	4854	4758
4818	4894	4854
4894	4947	4854
4894	4973	4947
4973	5037	4947
5037	4960	4947
4960	4887	4947
4960	4860	4887
4860	4824	4887
4824	4760	4887
4860	4826	4824
4826	4720	4824
4720	4739	4824
4720	4565	4739
4720	4535	4565
4535	4506	4565
4506	4538	4565
4538	4610	4565
4538	4465	4610
4506	4456	4538
4506	4393	4456
4393	4389	4456
4506	4535	4393
4720	4607	4535
4720	4665	4607
4665	4600	4607
4665	4648	4600
4648	4542	4600
4648	4540	4542
4648	4630	4540
4630	4480	4540
4630	4661	4480
4630	4719	4661
4719	4728	4661
4728	4721	4661
4721	4647	4661
4647	4618	4661
4647	4613	4618
4613	4521	4618
4613	4568	4521
4568	4543	4521
4543	4478	4521
4478	4386	4521
4386	4414	4521
4414	4425	4521
4386	4330	4414
4330	4286	4414
4386	4366	4330
4386	4478	4366
4478	4437	4366
4478	4508	4437
4478	4606	4508
4606	4586	4508
4586	4503	4508
4586	4623	4503
4586	4652	4623
4652	4734	4623
4734	4779	4623
4779	4773	4623
4779	4842	4773
4842	4838	4773
4838	4757	4773
4838	4787	4757
4787	4709	4757
4787	4798	4709
4787	4838	4798
4838	4882	4798
4779	4835	4842
4835	4856	4842
4856	4925	4842
4856	4906	4925
4906	4928	4925
4928	4978	4925
4978	5002	4925
5002	5005	4925
5005	4939	4925
5005	5046	4939
5046	5018	4939
5018	4963	4939
4963	4882	4939
4963	4891	4882
4891	4868	4882
4891	4946	4868
4946	4888	4868
4888	4847	4868
4847	4748	4868
4847	4770	4748
4770	4732	4748
4732	4727	4748
4732	4646	4727
4646	4644	4727
4644	4681	4727
4646	4587	4644
4587	4541	4644
4541	4511	4644
4541	4430	4511
4541	4412	4430
4541	4507	4412
4507	4416	4412
4416	4352	4412
4416	4444	4352
4416	4507	4444
4507	4497	4444
4497	4390	4444
4390	4359	4444
4359	4328	4444
4497	4555	4390
4555	4483	4390
4483	4429	4390
4483	4472	4429
4472	4341	4429
4472	4406	4341
4406	4331	4341
4406	4419	4331
4419	4334	4331
4419	4484	4334
4484	4379	4334
4379	4310	4334
4310	4279	4334
4310	4370	4279
4370	4258	4279
4258	4198	4279
4198	4207	4279
4370	4384	4258
4384	4325	4258
4325	4245	4258
4325	4285	4245
4285	4120	4245
4325	4357	4285
4357	4276	4285
4357	4388	4276
4388	4368	4276
4368	4290	4276
4290	4241	4276
4290	4141	4241
4141	4075	4241
4141	4094	4075
4094	4041	4075
4041	4011	4075
4041	3962	4011
3962	3993	4011
3993	4036	4011
3962	3872	3993
3962	3896	3872
3896	3747	3872
3896	3773	3747
3773	3673	3747
3773	3670	3673
3670	3604	3673
3670	3700	3604
3700	3571	3604
3670	3773	3700
3962	3935	3896
3962	4041	3935
4041	4094	3935
4290	4278	4141
4290	4350	4278
4350	4298	4278
4350	4314	4298
4350	4440	4314
4440	4385	4314
4385	4238	4314
4238	4217	4314
4238	4190	4217
4238	4257	4190
4257	4184	4190
4184	4125	4190
4125	4057	4190
4057	4048	4190
4057	3950	4048
4057	3943	3950
3943	3802	3950
3802	3784	3950
3784	3941	3950
3943	3810	3802
3810	3746	3802
4057	4029	3943
4029	3949	3943
3949	3907	3943
3949	3984	3907
3984	3994	3907
3994	3889	3907
3889	3806	3907
3889	3849	3806
3849	3748	3806
3748	3757	3806
3757	3783	3806
3748	3646	3757
3748	3558	3646
3748	3570	3558
3570	3557	3558
3570	3522	3557
3570	3610	3522
3610	3468	3522
3610	3667	3468
3610	3689	3667
3689	3721	3667
3721	3730	3667
3730	3751	3667
3730	3827	3751
3827	3798	3751
3798	3666	3751
3666	3540	3751
3666	3578	3540
3666	3682	3578
3666	3688	3682
3688	3744	3682
3744	3695	3682
3695	3631	3682
3695	3678	3631
3678	3611	3631
3611	3579	3631
3611	3575	3579
3611	3678	3575
3695	3809	3678
3809	3765	3678
3765	3719	3678
3765	3770	3719
3765	3887	3770
3887	3886	3770
3886	3830	3770
3887	3975	3886
3975	4003	3886
4003	4017	3886
4003	4033	4017
4003	4072	4033
4072	4106	4033
4072	4136	4106
4136	4154	4106
4154	4157	4106
4154	4240	4157
4240	4259	4157
4240	4311	4259
4311	4382	4259
4382	4272	4259
4382	4407	4272
4407	4383	4272
4383	4253	4272
4383	4243	4253
4243	4203	4253
4243	4196	4203
4243	4256	4196
4256	4178	4196
4256	4218	4178
4218	4117	4178
4256	4234	4218
4256	4304	4234
4304	4307	4234
4304	4426	4307
4426	4408	4307
4408	4332	4307
4408	4395	4332
4395	4356	4332
4395	4447	4356
4447	4404	4356
4447	4491	4404
4447	4533	4491
4447	4395	4533
4395	4453	4533
4453	4545	4533
4545	4585	4533
4585	4645	4533
4645	4653	4533
4645	4659	4653
4659	4740	4653
4740	4608	4653
4608	4571	4653
4608	4596	4571
4596	4537	4571
4537	4510	4571
4510	4491	4571
4537	4501	4510
4537	4539	4501
4537	4605	4539
4605	4584	4539
4605	4651	4584
4651	4634	4584
4651	4696	4634
4696	4711	4634
4696	4753	4711
4753	4812	4711
4753	4793	4812
4793	4884	4812
4884	4895	4812
4895	4892	4812
4892	4866	4812
4866	4807	4812
4807	4790	4812
4866	4874	4807
4874	4855	4807
4866	4916	4874
4866	4892	4916
4892	4982	4916
4982	5021	4916
5021	5006	4916
5021	5019	5006
5019	4979	5006
5019	5009	4979
5009	4970	4979
5009	5008	4970
5008	5038	4970
5038	5024	4970
5024	5007	4970
5007	4990	4970
5007	5047	4990
5007	5024	5047
5024	5081	5047
5081	5086	5047
5024	5054	5081
5054	5105	5081
5054	5089	5105
5089	5100	5105
5100	5110	5105
5110	5144	5105
5110	5137	5144
5137	5142	5144
5142	5147	5144
5147	5162	5144
5162	5167	5144
5167	5152	5144
5167	5170	5152
5167	5178	5170
5178	5177	5170
5177	5172	5170
5172	5160	5170
5160	5143	5170
5177	5183	5172
5177	5186	5183
5177	5184	5186
5178	5165	5177
5178	5162	5165
5162	5146	5165
5162	5147	5146
5147	5142	5146
5142	5128	5146
5128	5121	5146
5121	5125	5146
5125	5133	5146
5125	5106	5133
5106	5120	5133
5120	5149	5133
5120	5118	5149
5118	5157	5149
5157	5161	5149
5157	5184	5161
5118	5122	5157
5118	5103	5122
5103	5090	5122
5090	5101	5122
5090	5085	5101
5085	5136	5101
5085	5093	5136
5093	5139	5136
5139	5155	5136
5155	5175	5136
5093	5078	5139
5078	5069	5139
5069	5070	5139
5069	5031	5070
5031	5037	5070
5037	5129	5070
5037	5098	5129
5098	5164	5129
5164	5180	5129
5180	5176	5129
5098	5107	5164
5107	5159	5164
5159	5173	5164
5159	5166	5173
5159	5141	5166
5159	5113	5141
5113	5108	5141
5108	5130	5141
5108	5080	5130
5108	5082	5080
5108	5113	5082
5113	5109	5082
5109	5013	5082
5109	5099	5013
5099	5034	5013
5034	4961	5013
4961	4926	5013
4926	4880	5013
4880	4929	5013
4880	4863	4929
4863	4905	4929
4905	4932	4929
4905	4919	4932
4919	4993	4932
4919	4915	4993
4915	4987	4993
4919	4849	4915
4919	4905	4849
4905	4821	4849
4821	4808	4849
4821	4766	4808
4821	4745	4766
4821	4776	4745
4776	4674	4745
4776	4737	4674
4776	4784	4737
4776	4830	4784
4830	4863	4784
4830	4905	4863
4830	4821	4905
4830	4776	4821
4880	4857	4863
4880	4796	4857
4961	4893	4926
4961	4948	4893
4948	4870	4893
4948	4894	4870
4894	4818	4870
4818	4797	4870
4818	4733	4797
4948	4955	4894
4955	4973	4894
4955	5022	4973
5022	5037	4973
5022	5098	5037
5022	5079	5098
5079	5107	5098
5079	5111	5107
5111	5132	5107
5132	5159	5107
5132	5113	5159
5132	5109	5113
5132	5111	5109
5111	5099	5109
5111	5079	5099
5079	5034	5099
5079	5003	5034
5003	4961	5034
5003	4981	4961
4981	4948	4961
4981	4955	4948
4981	5022	4955
4981	5003	5022
5003	5079	5022
5031	4960	5037
5031	4985	4960
4985	4930	4960
4930	4860	4960
4930	4826	4860
4930	4899	4826
4930	4951	4899
4951	4913	4899
4913	4841	4899
4913	4890	4841
4890	4873	4841
4873	4791	4841
4791	4728	4841
4728	4719	4841
4791	4721	4728
4791	4755	4721
4755	4647	4721
4755	4744	4647
4744	4682	4647
4682	4613	4647
4682	4617	4613
4617	4568	4613
4617	4543	4568
4617	4606	4543
4606	4478	4543
4617	4652	4606
4652	4586	4606
4617	4664	4652
4664	4734	4652
4664	4682	4734
4682	4744	4734
4744	4799	4734
4799	4769	4734
4769	4779	4734
4769	4835	4779
4769	4799	4835
4799	4862	4835
4862	4856	4835
4862	4906	4856
4862	4861	4906
4861	4922	4906
4922	4928	4906
4922	4978	4928
4922	5012	4978
5012	5055	4978
5055	5065	4978
5065	5002	4978
5065	5084	5002
5084	5005	5002
5065	5083	5084
5083	5106	5084
5106	5096	5084
5106	5125	5096
5125	5121	5096
5121	5077	5096
5077	5060	5096
5060	5046	5096
5060	5043	5046
5043	5018	5046
5043	5060	5018
5060	5017	5018
5017	4963	5018
5017	4976	4963
4976	4891	4963
4976	4946	4891
4976	4991	4946
4991	4977	4946
4977	4957	4946
4957	4936	4946
4936	4914	4946
4914	4888	4946
4914	4883	4888
4883	4847	4888
4883	4800	4847
4800	4770	4847
4800	4654	4770
4800	4752	4654
4752	4693	4654
4693	4591	4654
4591	4555	4654
4555	4564	4654
4555	4497	4564
4497	4556	4564
4556	4602	4564
4556	4552	4602
4552	4587	4602
4587	4646	4602
4646	4732	4602
4552	4541	4587
4552	4507	4541
4552	4556	4507
4556	4497	4507
4591	4566	4555
4566	4483	4555
4566	4514	4483
4514	4472	4483
4514	4466	4472
4466	4406	4472
4466	4419	4406
4466	4481	4419
4481	4484	4419
4481	4519	4484
4519	4520	4484
4520	4379	4484
4520	4370	4379
4370	4310	4379
4520	4449	4370
4449	4384	4370
4449	4450	4384
4450	4367	4384
4367	4325	4384
4367	4357	4325
4367	4479	4357
4479	4388	4357
4479	4553	4388
4553	4515	4388
4515	4368	4388
4515	4369	4368
4369	4290	4368
4369	4350	4290
4553	4620	4515
4620	4594	4515
4594	4551	4515
4594	4604	4551
4604	4589	4551
4589	4509	4551
4509	4502	4551
4502	4440	4551
4502	4500	4440
4500	4385	4440
4500	4469	4385
4469	4394	4385
4394	4336	4385
4336	4302	4385
4302	4238	4385
4302	4257	4238
4302	4237	4257
4237	4184	4257
4237	4192	4184
4192	4112	4184
4112	4125	4184
4112	4045	4125
4045	4029	4125
4029	4057	4125
4045	3994	4029
3994	3984	4029
3984	3949	4029
4045	3899	3994
3899	3889	3994
3899	3849	3889
3899	3898	3849
3898	3814	3849
3814	3721	3849
3721	3689	3849
3689	3748	3849
3689	3570	3748
3689	3610	3570
3814	3730	3721
3814	3827	3730
3814	3898	3827
3898	3870	3827
3870	3798	3827
3870	3857	3798
3857	3856	3798
3856	3744	3798
3744	3688	3798
3688	3666	3798
3856	3808	3744
3808	3695	3744
3808	3809	3695
3808	3835	3809
3835	3836	3809
3836	3765	3809
3836	3887	3765
3836	3835	3887
3835	3915	3887
3915	4014	3887
4014	3977	3887
3977	3975	3887
3977	4091	3975
4091	4003	3975
4091	4072	4003
4091	4136	4072
4091	4185	4136
4185	4227	4136
4185	4179	4227
4179	4292	4227
4292	4315	4227
4315	4311	4227
4292	4358	4315
4358	4470	4315
4358	4461	4470
4461	4492	4470
4492	4531	4470
4531	4474	4470
4492	4505	4531
4505	4572	4531
4572	4590	4531
4572	4615	4590
4615	4627	4590
4615	4691	4627
4691	4668	4627
4668	4636	4627
4636	4532	4627
4636	4560	4532
4560	4490	4532
4490	4441	4532
4441	4474	4532
4441	4411	4474
4441	4382	4411
4382	4311	4411
4441	4407	4382
4441	4490	4407
4490	4477	4407
4477	4383	4407
4477	4409	4383
4409	4326	4383
4326	4243	4383
4326	4256	4243
4326	4304	4256
4326	4426	4304
4326	4409	4426
4409	4477	4426
4477	4499	4426
4499	4453	4426
4453	4408	4426
4453	4395	4408
4499	4545	4453
4499	4575	4545
4575	4585	4545
4575	4622	4585
4622	4650	4585
4650	4645	4585
4650	4716	4645
4716	4724	4645
4724	4659	4645
4724	4740	4659
4724	4789	4740
4789	4811	4740
4811	4792	4740
4792	4743	4740
4743	4608	4740
4743	4632	4608
4632	4596	4608
4632	4605	4596
4605	4537	4596
4632	4651	4605
4632	4735	4651
4735	4718	4651
4718	4696	4651
4718	4753	4696
4718	4764	4753
4764	4793	4753
4764	4820	4793
4820	4884	4793
4820	4853	4884
4853	4871	4884
4871	4935	4884
4935	4895	4884
4935	4982	4895
4982	4892	4895
4935	4994	4982
4994	5036	4982
5036	5032	4982
5032	5021	4982
5032	5075	5021
5032	5036	5075
5036	5072	5075
5036	5015	5072
5015	5042	5072
5015	5000	5042
5000	5030	5042
5000	4969	5030
4969	4995	5030
4969	4956	4995
4956	4962	4995
4962	4989	4995
4989	4998	4995
4989	4968	4998
4968	5040	4998
5040	5058	4998
5040	5057	5058
5057	5061	5058
5057	5026	5061
5026	5045	5061
5045	5056	5061
5045	5028	5056
5028	5051	5056
5051	5064	5056
5064	5088	5056
5064	5066	5088
5066	5077	5088
5077	5115	5088
5115	5117	5088
5117	5094	5088
5117	5124	5094
5117	5128	5124
5128	5137	5124
5137	5114	5124
5114	5097	5124
5137	5110	5114
5110	5100	5114
5128	5142	5137
5117	5115	5128
5115	5121	5128
5115	5077	5121
5064	5049	5066
5049	5039	5066
5049	5001	5039
5001	4977	5039
4977	4991	5039
4991	5017	5039
5017	5060	5039
4991	4976	5017
5001	4957	4977
5049	5028	5001
5028	4996	5001
5028	5010	4996
5010	5014	4996
5014	4986	4996
4986	4943	4996
4986	4942	4943
4942	4902	4943
4902	4924	4943
4902	4836	4924
4836	4843	4924
4836	4752	4843
4752	4800	4843
4800	4883	4843
4836	4761	4752
4761	4751	4752
4751	4693	4752
4751	4713	4693
4713	4635	4693
4635	4579	4693
4579	4591	4693
4579	4566	4591
4579	4514	4566
4579	4544	4514
4544	4466	4514
4544	4481	4466
4544	4519	4481
4544	4635	4519
4635	4669	4519
4669	4657	4519
4657	4547	4519
4547	4520	4519
4547	4561	4520
4561	4449	4520
4561	4528	4449
4528	4479	4449
4479	4450	4449
4479	4367	4450
4528	4569	4479
4569	4553	4479
4569	4601	4553
4601	4620	4553
4601	4683	4620
4683	4678	4620
4678	4594	4620
4678	4629	4594
4629	4604	4594
4629	4589	4604
4629	4684	4589
4684	4615	4589
4615	4570	4589
4570	4504	4589
4504	4509	4589
4504	4500	4509
4500	4502	4509
4504	4469	4500
4504	4473	4469
4473	4458	4469
4458	4394	4469
4458	4452	4394
4452	4340	4394
4340	4312	4394
4312	4336	4394
4312	4299	4336
4299	4302	4336
4299	4237	4302
4299	4163	4237
4163	4192	4237
4163	4112	4192
4163	4151	4112
4151	4063	4112
4063	4045	4112
4063	3899	4045
4063	3898	3899
4151	4066	4063
4151	4109	4066
4109	4092	4066
4092	3967	4066
4092	4002	3967
4002	3915	3967
3915	3913	3967
3913	3870	3967
3913	3857	3870
3913	3856	3857
3913	3915	3856
3915	3808	3856
3915	3835	3808
4002	4013	3915
4013	4014	3915
4013	4051	4014
4051	4091	4014
4091	3977	4014
4051	4185	4091
4051	4118	4185
4118	4179	4185
4118	4156	4179
4156	4271	4179
4271	4292	4179
4271	4305	4292
4305	4358	4292
4305	4374	4358
4374	4461	4358
4374	4452	4461
4452	4492	4461
4452	4493	4492
4493	4505	4492
4493	4572	4505
4493	4570	4572
4570	4615	4572
4493	4504	4570
4493	4473	4504
4493	4452	4473
4452	4458	4473
4374	4340	4452
4374	4305	4340
4305	4271	4340
4271	4312	4340
4271	4236	4312
4236	4299	4312
4236	4163	4299
4236	4151	4163
4236	4219	4151
4219	4109	4151
4219	4156	4109
4156	4092	4109
4156	4118	4092
4118	4002	4092
4118	4051	4002
4051	4013	4002
4219	4271	4156
4219	4236	4271
4684	4702	4615
4702	4707	4615
4707	4691	4615
4707	4783	4691
4783	4774	4691
4783	4825	4774
4783	4809	4825
4809	4851	4825
4809	4832	4851
4832	4858	4851
4858	4876	4851
4858	4903	4876
4903	4918	4876
4858	4872	4903
4872	4912	4903
4912	4945	4903
4945	4968	4903
4968	4962	4903
4968	4967	4962
4967	4989	4962
4967	4968	4989
4945	5040	4968
4945	5011	5040
5011	5026	5040
5026	5057	5040
5011	4986	5026
4986	5014	5026
5014	5045	5026
5014	5010	5045
5010	5028	5045
5011	4942	4986
5011	4945	4942
4945	4912	4942
4912	4908	4942
4908	4902	4942
4908	4886	4902
4886	4805	4902
4886	4810	4805
4810	4781	4805
4781	4747	4805
4747	4750	4805
4747	4749	4750
4749	4713	4750
4713	4761	4750
4713	4751	4761
4749	4669	4713
4669	4635	4713
4749	4747	4669
4747	4689	4669
4689	4657	4669
4689	4593	4657
4593	4547	4657
4593	4561	4547
4593	4576	4561
4576	4528	4561
4576	4569	4528
4576	4601	4569
4576	4631	4601
4631	4687	4601
4687	4683	4601
4687	4778	4683
4778	4813	4683
4813	4763	4683
4763	4678	4683
4763	4698	4678
4698	4629	4678
4698	4684	4629
4698	4702	4684
4698	4742	4702
4742	4715	4702
4715	4707	4702
4715	4783	4707
4715	4786	4783
4786	4809	4783
4786	4767	4809
4767	4795	4809
4795	4832	4809
4795	4827	4832
4827	4858	4832
4827	4864	4858
4864	4872	4858
4864	4859	4872
4859	4912	4872
4859	4908	4912
4859	4834	4908
4834	4886	4908
4834	4810	4886
4834	4788	4810
4788	4679	4810
4679	4781	4810
4679	4689	4781
4689	4747	4781
4679	4593	4689
4679	4671	4593
4671	4576	4593
4671	4631	4576
4671	4687	4631
4671	4788	4687
4788	4778	4687
4788	4806	4778
4806	4813	4778
4806	4833	4813
4833	4831	4813
4831	4819	4813
4819	4763	4813
4819	4827	4763
4827	4795	4763
4795	4767	4763
4767	4742	4763
4742	4698	4763
4767	4786	4742
4786	4715	4742
4819	4831	4827
4831	4864	4827
4831	4833	4864
4833	4859	4864
4833	4834	4859
4833	4788	4834
4833	4806	4788
4671	4679	4788
4544	4579	4635
5049	5051	5028
5049	5064	5051
4956	4940	4962
4940	4918	4962
4940	4909	4918
4940	4896	4909
4940	4969	4896
4969	4927	4896
4927	4875	4896
4875	4829	4896
4927	4878	4875
4927	4871	4878
4871	4853	4878
4853	4764	4878
4853	4820	4764
4927	4935	4871
4927	4958	4935
4958	4994	4935
4958	5015	4994
5015	5036	4994
4958	5000	5015
4958	4927	5000
4927	4969	5000
4940	4956	4969
4718	4735	4764
4632	4743	4735
4743	4829	4735
4743	4792	4829
4792	4811	4829
4789	4837	4811
4789	4772	4837
4772	4825	4837
4789	4724	4772
4724	4716	4772
4716	4658	4772
4658	4686	4772
4658	4656	4686
4656	4668	4686
4656	4633	4668
4633	4636	4668
4633	4560	4636
4633	4567	4560
4567	4490	4560
4567	4477	4490
4567	4499	4477
4567	4575	4499
4567	4622	4575
4567	4656	4622
4656	4658	4622
4658	4650	4622
4658	4716	4650
4567	4633	4656
4914	4936	4883
4936	4957	4883
5083	5120	5106
5083	5102	5120
5102	5118	5120
5102	5103	5118
5102	5067	5103
5067	5073	5103
5073	5090	5103
5073	5085	5090
5073	5029	5085
5029	5050	5085
5050	5078	5085
5078	5093	5085
5050	5069	5078
5050	5041	5069
5041	5031	5069
5041	4985	5031
5041	5016	4985
5016	4992	4985
4992	4951	4985
4951	4930	4985
4992	4950	4951
4950	4938	4951
4938	4913	4951
4938	4920	4913
4920	4890	4913
4920	4873	4890
4920	4922	4873
4922	4861	4873
4861	4791	4873
4861	4771	4791
4771	4755	4791
4771	4744	4755
4771	4799	4744
4771	4861	4799
4861	4862	4799
4920	4980	4922
4980	5012	4922
4980	5025	5012
5025	5035	5012
5035	5055	5012
5035	5067	5055
5067	5102	5055
5102	5083	5055
5083	5065	5055
5035	5073	5067
5035	5029	5073
5035	5025	5029
5025	4980	5029
4980	4950	5029
4950	4992	5029
4992	5016	5029
5016	5050	5029
5016	5041	5050
4980	4920	4950
4920	4938	4950
4664	4617	4682
5178	5167	5162
5089	5063	5100
5089	5054	5063
5054	5038	5063
5038	5008	5063
5008	5009	5063
5009	5019	5063
5054	5024	5038
4154	4136	4240
4720	4708	4665
4720	4826	4708
4900	4869	4931
3738	3708	3791
3511	3568	3589
3589	3722	3511
3568	3807	3589
3513	3617	3619
3538	3672	3605
3672	3657	3605
3657	3658	3605
3658	3553	3605
3658	3583	3553
3658	3660	3583
3658	3746	3660
3538	3571	3672
3571	3715	3672
3549	3677	3659
3659	3595	3549
3566	3731	3815
3731	3823	3815
3823	3942	3815
3942	3945	3815
3942	3997	3945
3997	4085	3945
4085	4084	3945
4084	3888	3945
4084	4127	3888
4084	4197	4127
4197	4251	4127
3942	3995	3997
3995	4150	3997
3942	3823	3995
3823	3923	3995
3923	3946	3995
3923	3859	3946
3859	3854	3946
3854	3959	3946
3854	4006	3959
3584	3681	3675
3675	3460	3584
3609	3726	3635
3626	3745	3702
3634	3737	3901
3737	3882	3901
3882	3969	3901
3882	3855	3969
3882	3737	3855
3636	3877	3707
3637	3761	3639
3637	3685	3761
3685	3758	3761
3758	3848	3761
3848	3891	3761
3758	3911	3848
3758	3825	3911
3637	3572	3685
3643	3680	3741
3741	3764	3643
3741	3796	3764
3796	3846	3764
3846	3845	3764
3846	3965	3845
3965	3908	3845
3908	3794	3845
3846	3796	3965
3741	3885	3796
3885	3919	3796
3919	4015	3796
3919	4115	4015
4115	4212	4015
4115	4327	4212
4327	4263	4212
4263	4214	4212
4263	4193	4214
3885	3853	3919
3741	3680	3885
3650	3762	3805
3655	3716	3801
3655	3612	3716
3665	3717	3671
3694	3696	3787
3694	3585	3696
3585	3621	3696
3585	3478	3621
3701	3874	3912
3874	3968	3912
3874	3930	3968
3705	3816	3821
3709	3850	3795
3723	3831	3769
3769	3726	3723
3769	3822	3726
3769	3894	3822
3894	3933	3822
3933	3961	3822
3933	4026	3961
4026	4047	3961
4047	4036	3961
4047	4120	4036
3933	3953	4026
3953	4012	4026
3953	3903	4012
3953	3894	3903
3894	3769	3903
3769	3831	3903
3831	4001	3903
3831	3834	4001
3953	3933	3894
3736	3749	3847
3749	3851	3847
3851	3987	3847
3851	3991	3987
3991	4100	3987
3991	4116	4100
4116	4119	4100
4116	4167	4119
4116	4174	4167
4174	4213	4167
3991	3960	4116
3991	3851	3960
3851	3820	3960
3820	3868	3960
3868	3925	3960
3851	3749	3820
3768	3928	3892
3928	3979	3892
3979	3881	3892
3979	4027	3881
4027	3918	3881
3979	4076	4027
3892	3754	3768
3776	3817	3924
3817	4000	3924
3817	4007	4000
4007	4180	4000
3924	3866	3776
3804	3927	3860
3837	3932	4031
3842	4105	3980
4105	4182	3980
4105	4183	4182
4105	4225	4183
4225	4296	4183
3852	4050	3873
4050	3956	3873
3956	3929	3873
3929	3675	3873
3956	3982	3929
3956	4050	3982
4050	4189	3982
4050	4127	4189
3858	3905	3906
3895	3936	3958
3895	3760	3936
3936	4168	3958
3936	3990	4168
3990	4061	4168
4061	4201	4168
4201	4194	4168
4201	4313	4194
4061	4079	4201
3966	4021	4030
4021	4131	4030
4131	4172	4030
4131	4231	4172
4231	4389	4172
3983	3992	4069
4069	4078	3983
4069	4248	4078
4069	4249	4248
4249	4348	4248
4348	4294	4248
4069	4199	4249
3986	4147	4074
4074	3927	3986
4147	4170	4074
4004	4145	4081
4145	4087	4081
4004	4096	4145
4096	4188	4145
4096	4070	4188
4096	4004	4070
4008	4064	4103
4019	4068	4123
4123	4101	4019
4024	4046	4065
4046	4152	4065
4152	4161	4065
4025	4107	4056
4056	4001	4025
4039	4208	4160
4208	4265	4160
4265	4173	4160
4208	4239	4265
4239	4320	4265
4320	4355	4265
4320	4372	4355
4320	4301	4372
4301	4460	4372
4301	4468	4460
4320	4239	4301
4239	4211	4301
4239	4208	4211
4208	4039	4211
4077	4288	4114
4104	4110	4222
4110	4220	4222
4220	4284	4222
4110	4142	4220
4126	4427	4171
4427	4339	4171
4129	4200	4229
4169	4247	4221
4247	4319	4221
4247	4405	4319
4405	4410	4319
4410	4433	4319
4247	4361	4405
4216	4268	4324
4223	4428	4347
4428	4424	4347
4424	4465	4347
4465	4417	4347
4228	4459	4235
4233	4281	4260
4260	4101	4233
4252	4264	4335
4295	4343	4329
4295	4294	4343
4306	4351	4376
4316	4464	4454
4464	4518	4454
4518	4526	4454
4464	4516	4518
4464	4448	4516
4448	4399	4516
4399	4442	4516
4464	4316	4448
4317	4323	4418
4323	4413	4418
4333	4353	4403
4353	4488	4403
4353	4365	4488
4337	4421	4381
4337	4349	4421
4349	4439	4421
4439	4558	4421
4349	4400	4439
4349	4145	4400
4371	4577	4396
4377	4482	4524
4524	4485	4377
4524	4626	4485
4626	4548	4485
4626	4670	4548
4670	4637	4548
4670	4703	4637
4401	4494	4559
4494	4692	4559
4489	4643	4612
4583	4712	4676
4712	4730	4676
4730	4714	4676
4609	4673	4746
4673	4706	4746
4706	4815	4746
4706	4726	4815
4746	4677	4609
4705	4794	4762
4762	4692	4705
38	59	28
59	41	28
59	60	41
269	311	267
921	1001	905
1358	1326	1249
1159	1023	1027
1023	918	1027
1043	1091	943
1144	1138	1092
1698	1834	1615
1835	1659	1805
1954	2146	2105
1923	2024	1922
1660	1998	1850
459	374	450
374	452	355
437	585	433
462	563	395
414	412	580
737	796	680
910	923	1028
798	930	923
798	865	930
1653	1774	1795
1781	1722	1695
2125	2169	2060
2350	2360	2419
1685	1635	1766
1005	1196	1131
1005	957	1196
957	993	1196
993	1206	1196
1206	1238	1196
1206	1244	1238
993	1103	1206
957	948	993
864	868	912
281	380	318
380	397	318
397	389	318
488	402	456
121	108	68
108	97	68
77	128	65
77	142	128
1076	1060	853
860	788	987
788	843	987
1527	1585	1725
1376	1478	1368
190	168	220
168	164	220
168	138	164
1039	915	1045
285	153	303
153	129	303
285	182	153
215	210	296
344	258	340
560	445	668
431	586	445
384	443	379
417	296	539
296	446	539
417	260	296
523	548	493
668	528	509
856	721	944
576	706	494
446	311	371
707	648	656
862	919	867
808	1010	824
837	764	778
1198	1105	937
1187	1136	1348
1806	2008	1754
2008	1847	1754
1847	1760	1754
2008	2139	1847
2008	2236	2139
2008	2207	2236
1302	1055	1288
1302	1209	1055
1209	1084	1055
2296	2126	2065
1620	1726	1696
1726	1973	1696
1973	1868	1696
1620	1671	1726
1620	1438	1671
1697	1862	1524
1862	1647	1524
1984	2268	2037
2268	2178	2037
2273	2416	2225
2416	2438	2225
2416	2517	2438
2140	1938	1971
2202	2226	2140
2040	2336	2043
2505	2622	2300
2622	2371	2300
2371	2304	2300
2366	2242	2434
2345	2032	2115
2452	2466	2363
2452	2587	2466
2587	2719	2466
2587	2751	2719
2088	2067	2198
2067	2339	2198
2067	2152	2339
2152	2338	2339
2338	2579	2339
2579	2462	2339
2148	1989	2088
2264	2565	2261
2264	2389	2565
2389	2536	2565
2365	2550	2334
2414	2189	2392
3073	3166	3127
3166	3390	3127
3390	3264	3127
3390	3405	3264
3989	4135	3955
4043	4115	3853
4115	3919	3853
3931	3711	3692
3931	3883	3711
2763	2529	2810
2456	2584	2650
2642	2750	2680
2678	2808	2463
2678	2883	2808
2922	2797	2870
3144	3297	3211
3181	3332	3216
2605	2769	2887
2605	2592	2769
3100	2920	2993
2953	3275	3140
3275	3308	3140
3308	3271	3140
3275	3371	3308
2953	3057	3275
3057	3304	3275
2953	2913	3057
3209	3455	3377
2725	2855	2946
3016	2946	2992
3194	3437	3189
3158	2841	3039
3294	3576	3175
3340	3280	3104
3280	3004	3104
3004	3030	3104
3280	3120	3004
3340	3385	3280
3107	2884	3150
2884	3172	3150
2884	2894	3172
2894	3046	3172
3163	3237	3236
3145	2908	3184
3145	3038	2908
3328	3062	3214
3328	3289	3062
3328	3383	3289
3355	3011	3363
3616	3297	3408
3826	3842	3603
3826	3871	3842
3603	3486	3386
3916	3918	4022
3918	4027	4022
3916	3779	3918
3843	4083	3772
3843	4055	4083
4044	4042	3974
4044	4155	4042
4155	4090	4042
4044	4132	4155
4471	4463	4346
4690	4700	4581
4397	4563	4512
4293	4202	4205
4717	4775	4562
4775	4517	4562
4775	4688	4517
4865	4941	4775
4923	4911	4877
4911	4846	4877
4660	4612	4846
4933	5033	4897
5033	4937	4897
5076	5127	5033
5127	5119	5033
5163	5150	5127
5163	5171	5150
4953	5004	5052
4953	4972	5004
5020	4867	4885
5123	5131	5148
5131	5158	5148
5158	5174	5148
5174	5179	5148
4959	4974	5048
5169	5190	5185
5190	5191	5185
5191	5187	5185
5145	5068	5119
5145	5134	5068
5134	5027	5068
5027	4975	5068
4975	4999	5068
5134	5053	5027
5145	5151	5134
5059	4971	5033
4917	4828	4934
4910	4759	4828
4373	4250	4275
4801	4697	4898
4697	4701	4898
4947	4887	4854
4661	4618	4480
4618	4521	4480
4521	4425	4480
4623	4757	4503
4757	4681	4503
4681	4511	4503
4511	4462	4503
4681	4644	4511
4757	4709	4681
4709	4727	4681
4709	4798	4727
4798	4748	4727
4798	4882	4748
4882	4868	4748
4623	4773	4757
4838	4939	4882
4838	4842	4939
4842	4925	4939
4533	4571	4491
4533	4653	4571
5144	5152	5105
5177	5165	5184
5165	5161	5184
5165	5146	5161
5146	5149	5161
5146	5133	5149
5157	5175	5184
5157	5122	5175
5122	5101	5175
5101	5136	5175
5139	5070	5155
5070	5129	5155
5082	4929	5080
4929	4932	5080
4932	4993	5080
5082	5013	4929
5084	5046	5005
5084	5096	5046
4654	4732	4770
4654	4564	4732
4564	4602	4732
4369	4440	4350
4369	4515	4440
4515	4551	4440
4227	4240	4136
4227	4311	4240
4315	4470	4311
4470	4474	4311
4474	4411	4311
4531	4532	4474
4531	4590	4532
4590	4627	4532
5075	5019	5021
5075	5063	5019
4998	5058	4995
5061	5091	5058
5091	5092	5058
5092	5030	5058
5091	5097	5092
5061	5056	5091
5056	5094	5091
5094	5124	5091
5056	5088	5094
5060	5077	5039
4943	4957	4996
4943	4924	4957
4924	4883	4957
4924	4843	4883
4063	4066	3898
4066	3870	3898
4066	3967	3870
4851	4918	4825
4918	4909	4825
4909	4837	4825
4909	4896	4837
4896	4811	4837
4896	4829	4811
4851	4876	4918
4903	4962	4918
4805	4836	4902
4805	4750	4836
4750	4761	4836
4875	4878	4829
4878	4764	4829
4764	4735	4829
3945	3652	3815
3460	3352	3584
3901	3876	3634
3877	3742	3707
3908	3972	3794
3908	4199	3972
4199	3992	3972
3908	3965	4199
3965	4175	4199
4212	4214	4015
3834	4025	4001
4007	4037	4180
4007	3876	4037
4183	4420	4182
4183	4296	4420
4145	4349	4087
4349	4337	4087
4337	4288	4087
4288	4077	4087
4077	4018	4087
4337	4375	4288
4372	4460	4355
4460	4675	4355
4284	4300	4222
4284	4360	4300
4169	4361	4247
4448	4316	4399
4396	4150	4371
