356.921440 194.165633 38.341956 255 0 0
353.024372 176.808862 40.557816 255 0 0
350.806750 159.369087 43.521883 255 0 0
350.268574 141.846307 47.234157 255 0 0
351.409844 124.240522 51.694637 255 0 0
354.230561 106.551733 56.903323 255 0 0
358.730724 88.779939 62.860216 255 0 0
364.910334 70.925141 69.565315 255 0 0
372.769390 52.987338 77.018620 0 255 0
356.523369 66.581226 86.184709 0 255 0
342.139560 80.083076 96.180428 0 255 0
329.617963 93.492889 107.005777 0 255 0
318.958577 106.810664 118.660756 0 255 0
310.161403 120.036401 131.145364 0 255 0
303.226440 133.170102 144.459603 0 255 0
298.153689 146.211764 158.603470 0 255 0
294.943150 159.161390 173.576968 0 255 0
