3.353242774120437275e+02 1.153290351292796174e+02 1.745289922214615217e+02
3.301306343452952774e+02 1.009597937116919155e+02 1.571636269765817815e+02
3.289281971824852917e+02 8.575012522615679700e+01 1.517720230224488205e+02
3.228749408557478660e+02 7.174904382797107871e+01 1.260647735825756968e+02
3.263931134179717901e+02 5.636415753169457332e+01 1.096216220385468318e+02
3.328663577713564905e+02 4.047399528779240541e+01 9.844181726759148887e+01
3.510528145274460599e+02 2.412928830812487035e+01 6.044892715128571581e+01
3.669235511108685728e+02 3.837913433509742589e+01 4.429079414501171641e+01
3.627223503645714686e+02 5.416518306910502645e+01 5.076056762058465210e+01
3.655137708388322721e+02 6.967190372285220690e+01 4.146877430895074212e+01
3.611360019014362592e+02 8.542494857332671643e+01 4.957002794804503765e+01
3.602661506377338014e+02 1.013049201447742576e+02 4.154084722039533517e+01
3.576539196342110358e+02 1.173880231321330569e+02 3.332720649652014799e+01
