27.799406 36.798311 10.750000 255 0 0
28.080556 36.595063 9.781250 255 0 0
28.413542 36.260662 8.812500 255 0 0
28.798363 35.795105 7.843750 255 0 0
29.235020 35.198393 6.875000 255 0 0
29.723512 34.470527 5.906250 255 0 0
30.263839 33.611506 4.937500 255 0 0
30.856002 32.621331 3.968750 255 0 0
31.500000 31.500000 3.000000 0 255 0
30.671069 30.507534 3.968750 0 255 0
29.915960 29.635229 4.937500 0 255 0
29.234674 28.883086 5.906250 0 255 0
28.627211 28.251103 6.875000 0 255 0
28.093570 27.739282 7.843750 0 255 0
27.633752 27.347621 8.812500 0 255 0
27.247757 27.076122 9.781250 0 255 0
26.935584 26.924784 10.750000 0 255 0
