   2.8937220e+01   2.6310892e+01   1.2000000e+01
   2.8703575e+01   2.6825597e+01   1.1000000e+01
   2.8625694e+01   2.7046186e+01   1.0000000e+01
   2.8158404e+01   2.8002068e+01   9.0000000e+00
   2.7379588e+01   2.9546186e+01   8.0000000e+00
   2.7613233e+01   3.0502068e+01   7.0000000e+00
   2.7768996e+01   3.1899127e+01   6.0000000e+00
   2.8392049e+01   3.4325597e+01   5.0000000e+00
   2.8625694e+01   3.6310892e+01   6.0000000e+00
   2.8625694e+01   3.6531480e+01   7.0000000e+00
   2.8547812e+01   3.7046186e+01   8.0000000e+00
   2.8158404e+01   3.6531480e+01   9.0000000e+00
   2.7846877e+01   3.6825597e+01   1.0000000e+01
   2.7846877e+01   3.6605009e+01   1.1000000e+01
   2.7613233e+01   3.6605009e+01   1.2000000e+01
