1	3	2
3	4	2
4	11	2
11	12	2
12	19	2
12	22	19
22	35	19
35	44	19
44	26	19
26	16	19
26	20	16
20	14	16
20	79	14
79	46	14
46	34	14
34	5	14
5	1	14
5	3	1
5	6	3
6	24	3
6	27	24
27	58	24
27	70	58
70	89	58
89	84	58
84	130	58
27	28	70
28	57	70
28	49	57
49	102	57
49	30	102
30	46	102
46	108	102
46	103	108
46	79	103
79	93	103
79	73	93
73	122	93
122	180	93
122	172	180
122	123	172
123	171	172
123	144	171
144	176	171
176	207	171
207	271	171
207	224	271
224	285	271
224	254	285
254	281	285
254	252	281
252	302	281
252	239	302
239	339	302
339	361	302
361	416	302
361	480	416
480	463	416
463	442	416
463	512	442
512	492	442
492	449	442
492	460	449
460	457	449
460	526	457
526	455	457
526	522	455
522	380	455
460	556	526
460	492	556
463	499	512
463	480	499
339	363	361
339	357	363
339	311	357
311	310	357
310	344	357
344	370	357
344	347	370
347	397	370
397	444	370
397	473	444
473	475	444
475	472	444
475	519	472
519	513	472
519	576	513
576	502	513
502	486	513
576	531	502
519	627	576
519	611	627
611	650	627
611	637	650
637	672	650
672	705	650
705	749	650
705	795	749
795	834	749
705	801	795
801	860	795
801	798	860
798	797	860
797	816	860
816	883	860
816	907	883
798	695	797
695	729	797
695	646	729
646	679	729
679	734	729
734	764	729
679	698	734
679	600	698
600	656	698
656	743	698
656	723	743
723	742	743
742	833	743
833	868	743
833	889	868
889	865	868
889	940	865
940	965	865
940	988	965
988	989	965
989	969	965
940	990	988
990	1103	988
990	1036	1103
1036	1174	1103
1174	1242	1103
1242	1239	1103
1239	1232	1103
1232	1171	1103
1171	1115	1103
1171	1143	1115
1171	1211	1143
1211	1180	1143
1180	1165	1143
1180	1264	1165
1264	1156	1165
1264	1172	1156
1172	1138	1156
1172	1125	1138
1125	1008	1138
1008	967	1138
1008	954	967
1008	942	954
1125	1154	1008
1125	1172	1154
1180	1211	1264
1211	1365	1264
1365	1368	1264
1368	1295	1264
1295	1322	1264
1295	1389	1322
1389	1369	1322
1295	1368	1389
1368	1395	1389
1368	1365	1395
1211	1363	1365
1211	1232	1363
1232	1420	1363
1232	1378	1420
1232	1239	1378
1211	1171	1232
1036	1067	1174
1067	1078	1174
1078	1109	1174
1078	945	1109
945	993	1109
993	1112	1109
993	1025	1112
1025	1113	1112
1113	1176	1112
1113	1146	1176
1146	1196	1176
1146	1179	1196
1113	1025	1146
1025	1048	1146
1048	1130	1146
1048	1118	1130
993	927	1025
993	945	927
945	894	927
894	890	927
890	880	927
880	963	927
880	887	963
887	958	963
887	910	958
887	796	910
796	793	910
796	781	793
781	724	793
781	815	724
815	742	724
742	711	724
711	675	724
675	633	724
633	610	724
633	591	610
591	621	610
591	620	621
591	541	620
591	564	541
564	537	541
537	459	541
459	424	541
424	425	541
425	452	541
425	427	452
427	428	452
428	387	452
387	396	452
396	501	452
501	585	452
501	584	585
584	597	585
501	557	584
557	567	584
557	501	567
501	484	567
484	503	567
501	396	484
428	338	387
338	365	387
338	322	365
338	265	322
265	335	322
265	268	335
265	195	268
195	175	268
195	160	175
160	161	175
160	146	161
160	152	146
152	133	146
133	166	146
152	163	133
163	147	133
147	128	133
128	81	133
128	124	81
124	71	81
124	80	71
80	75	71
75	60	71
75	41	60
75	40	41
40	37	41
40	31	37
75	61	40
61	64	40
64	69	40
64	74	69
74	107	69
107	83	69
83	68	69
68	52	69
68	44	52
44	45	52
45	35	52
45	44	35
68	83	44
83	62	44
62	29	44
29	26	44
29	20	26
29	62	20
62	73	20
73	79	20
62	94	73
94	123	73
123	122	73
94	144	123
94	116	144
116	134	144
134	143	144
143	176	144
143	207	176
143	224	207
143	134	224
134	194	224
194	237	224
237	254	224
237	252	254
237	239	252
237	212	239
212	227	239
227	273	239
227	215	273
215	240	273
240	310	273
310	311	273
311	339	273
240	344	310
240	347	344
240	270	347
270	315	347
315	397	347
315	307	397
307	372	397
372	409	397
409	436	397
436	473	397
436	447	473
447	543	473
543	586	473
586	518	473
518	475	473
518	519	475
518	611	519
518	608	611
608	637	611
608	638	637
638	695	637
695	672	637
695	798	672
798	705	672
798	801	705
638	646	695
638	608	646
608	586	646
586	600	646
600	679	646
586	543	600
543	536	600
536	549	600
549	601	600
601	656	600
601	631	656
631	723	656
631	711	723
711	742	723
631	602	711
602	675	711
602	633	675
602	564	633
564	591	633
602	537	564
602	583	537
583	530	537
530	459	537
530	491	459
491	402	459
402	374	459
374	404	459
404	424	459
404	413	424
413	425	424
413	427	425
413	338	427
338	428	427
413	358	338
358	277	338
277	265	338
277	222	265
222	195	265
222	160	195
222	163	160
163	152	160
222	238	163
238	199	163
199	147	163
199	168	147
168	135	147
135	124	147
124	128	147
135	106	124
106	80	124
106	77	80
77	75	80
77	61	75
77	85	61
85	64	61
85	92	64
92	74	64
92	107	74
92	125	107
125	121	107
121	96	107
96	83	107
96	97	83
97	91	83
91	62	83
91	94	62
91	116	94
91	97	116
97	121	116
121	159	116
159	194	116
194	134	116
159	198	194
198	212	194
212	237	194
198	227	212
198	215	227
198	185	215
185	193	215
193	192	215
192	240	215
192	187	240
187	210	240
210	270	240
210	241	270
241	291	270
291	303	270
303	307	270
307	315	270
303	372	307
303	298	372
298	346	372
346	348	372
348	402	372
402	447	372
447	409	372
447	436	409
402	471	447
471	549	447
549	536	447
536	543	447
471	491	549
491	569	549
569	601	549
569	631	601
569	583	631
583	602	631
569	530	583
569	491	530
471	402	491
348	374	402
348	314	374
314	312	374
312	359	374
359	404	374
359	358	404
358	413	404
359	316	358
316	288	358
288	277	358
288	222	277
288	238	222
288	316	238
316	297	238
297	228	238
228	199	238
228	190	199
190	168	199
190	135	168
190	210	135
210	141	135
141	106	135
141	140	106
140	110	106
110	77	106
110	85	77
110	118	85
118	92	85
118	173	92
173	159	92
159	125	92
159	121	125
173	185	159
185	198	159
173	193	185
173	192	193
173	170	192
170	187	192
170	140	187
140	141	187
141	210	187
170	118	140
118	110	140
170	173	118
190	241	210
190	264	241
264	291	241
264	298	291
298	303	291
264	314	298
314	346	298
314	348	346
264	297	314
297	312	314
297	316	312
316	359	312
264	262	297
262	228	297
262	264	228
264	190	228
97	96	121
608	518	586
815	846	742
846	832	742
832	833	742
832	894	833
894	945	833
945	889	833
945	944	889
944	940	889
944	990	940
944	1036	990
944	1067	1036
944	945	1067
945	1078	1067
832	890	894
832	880	890
832	846	880
846	887	880
846	847	887
847	815	887
815	796	887
815	781	796
847	846	815
30	34	46
30	5	34
30	28	5
28	6	5
28	27	6
30	49	28
22	25	35
12	9	22
12	11	9
11	10	9
10	18	9
10	51	18
51	53	18
53	56	18
56	36	18
56	111	36
111	99	36
99	39	36
39	21	36
21	25	36
39	38	21
38	43	21
43	31	21
38	99	43
38	39	99
56	88	111
88	112	111
112	203	111
88	109	112
88	51	109
51	76	109
76	66	109
66	182	109
66	142	182
142	154	182
142	153	154
153	246	154
142	145	153
142	100	145
100	90	145
90	136	145
90	127	136
127	191	136
90	63	127
63	65	127
65	104	127
104	114	127
114	178	127
178	208	127
178	183	208
183	256	208
256	230	208
256	282	230
282	263	230
256	287	282
287	337	282
287	360	337
287	290	360
290	321	360
321	393	360
321	415	393
415	458	393
458	479	393
415	405	458
405	514	458
514	560	458
560	548	458
560	571	548
571	495	548
571	562	495
562	498	495
571	680	562
571	655	680
571	560	655
560	559	655
559	653	655
653	702	655
653	693	702
693	760	702
693	757	760
653	619	693
653	539	619
539	540	619
540	614	619
540	604	614
604	645	614
645	692	614
645	714	692
714	757	692
714	780	757
714	739	780
739	783	780
739	750	783
739	685	750
739	714	685
714	645	685
645	667	685
645	604	667
604	648	667
648	694	667
648	643	694
643	612	694
643	623	612
623	488	612
488	523	612
488	497	523
497	487	523
487	534	523
497	410	487
410	429	487
410	349	429
349	376	429
376	408	429
408	510	429
376	391	408
391	524	408
391	412	524
391	325	412
325	305	412
305	368	412
325	294	305
325	284	294
284	260	294
260	196	294
260	257	196
257	255	196
255	167	196
167	149	196
149	174	196
149	117	174
117	126	174
126	157	174
126	131	157
131	139	157
139	181	157
139	129	181
129	158	181
158	218	181
129	105	158
129	82	105
82	130	105
129	78	82
78	48	82
78	47	48
47	23	48
23	33	48
33	24	48
33	23	24
47	42	23
42	8	23
42	15	8
15	7	8
15	17	7
17	13	7
13	4	7
13	10	4
10	11	4
13	54	10
54	66	10
66	76	10
76	51	10
54	87	66
87	142	66
87	100	142
87	32	100
32	55	100
55	67	100
67	90	100
67	63	90
67	59	63
59	50	63
50	65	63
50	42	65
42	47	65
47	72	65
72	104	65
72	98	104
98	114	104
98	115	114
115	178	114
115	149	178
149	183	178
149	167	183
167	255	183
255	256	183
255	287	256
255	290	287
255	293	290
293	321	290
293	276	321
276	350	321
350	415	321
350	362	415
362	405	415
362	410	405
410	422	405
422	434	405
434	514	405
434	464	514
464	539	514
539	559	514
559	560	514
539	653	559
464	540	539
464	488	540
464	434	488
434	410	488
410	497	488
434	422	410
362	343	410
343	332	410
332	349	410
332	327	349
327	300	349
300	376	349
300	391	376
300	325	391
300	284	325
300	269	284
269	257	284
257	260	284
269	276	257
276	255	257
276	293	255
269	299	276
299	350	276
299	343	350
343	362	350
299	332	343
299	327	332
299	269	327
269	300	327
115	117	149
115	101	117
101	119	117
119	126	117
119	101	126
101	131	126
101	72	131
72	78	131
78	129	131
129	139	131
72	47	78
101	98	72
101	115	98
50	15	42
50	55	15
55	32	15
32	17	15
32	13	17
32	54	13
32	87	54
50	59	55
59	67	55
643	648	623
648	604	623
88	53	51
88	56	53
120	150	200
200	164	120
200	202	164
137	225	189
148	250	156
179	229	188
229	289	188
289	352	188
352	278	188
184	211	245
197	226	201
226	204	201
205	283	214
206	272	253
209	223	274
223	286	274
286	331	274
216	296	221
296	280	221
216	324	296
217	261	319
261	333	319
261	251	333
220	320	328
220	263	320
220	191	263
320	389	328
389	371	328
320	337	389
234	248	267
235	243	308
236	336	275
242	318	341
318	392	341
341	313	242
279	417	295
295	246	279
279	379	417
379	508	417
379	371	508
323	423	329
330	378	369
340	453	373
453	490	373
453	489	490
489	616	490
616	546	490
546	507	490
546	535	507
535	423	507
535	433	423
433	426	423
546	580	535
546	616	580
489	575	616
489	538	575
489	453	538
453	485	538
485	516	538
516	649	538
516	630	649
630	762	649
762	799	649
799	674	649
762	830	799
762	773	830
773	857	830
857	974	830
857	922	974
922	1047	974
1047	1116	974
1116	992	974
1116	1127	992
1127	1031	992
1127	1045	1031
1127	1236	1045
1116	1241	1127
922	1037	1047
922	946	1037
946	930	1037
946	851	930
851	758	930
758	752	930
752	806	930
806	1007	930
752	746	806
752	699	746
946	922	851
922	857	851
762	666	773
762	593	666
593	594	666
593	508	594
508	542	594
542	615	594
508	528	542
485	448	516
448	417	516
485	453	448
342	407	367
407	435	367
435	476	367
476	439	367
351	431	406
431	443	406
431	511	443
511	561	443
561	527	443
561	558	527
561	613	558
613	566	558
566	529	558
613	640	566
640	574	566
640	632	574
640	700	632
640	822	700
822	802	700
640	779	822
779	838	822
838	949	822
838	921	949
921	1019	949
1019	971	949
1019	1205	971
1019	1215	1205
1215	1360	1205
1360	1246	1205
1360	1532	1246
1532	1515	1246
1532	1676	1515
1532	1599	1676
1532	1510	1599
1510	1586	1599
1532	1360	1510
1019	1167	1215
838	779	921
640	613	779
613	703	779
613	561	703
561	624	703
624	696	703
561	511	624
431	419	511
431	351	419
375	386	401
401	430	375
377	381	440
377	335	381
381	450	440
382	390	398
394	403	468
468	467	394
399	400	470
414	506	456
421	438	520
438	532	520
532	629	520
629	577	520
446	451	525
451	399	525
469	603	550
603	617	550
603	725	617
603	791	725
791	866	725
496	547	555
547	635	555
547	677	635
677	676	635
517	572	587
517	476	572
551	662	663
662	727	663
727	767	663
727	811	767
811	849	767
849	845	767
849	862	845
849	905	862
849	909	905
909	982	905
909	1039	982
1039	1084	982
1084	1014	982
1084	1028	1014
1084	1041	1028
1084	1095	1041
1095	1069	1041
1069	1051	1041
1069	1073	1051
1069	1129	1073
1129	1107	1073
1107	1122	1073
1122	1168	1073
1122	1268	1168
1268	1438	1168
1438	1259	1168
1259	1140	1168
1140	1068	1168
1068	1034	1168
1068	1032	1034
1259	1183	1140
1438	1471	1259
1438	1731	1471
1268	1481	1438
1481	1688	1438
1122	1266	1268
1122	1331	1266
1122	1186	1331
1186	1340	1331
1340	1374	1331
1374	1538	1331
1374	1476	1538
1476	1545	1538
1476	1589	1545
1476	1375	1589
1122	1107	1186
1107	1105	1186
1105	1119	1186
1119	1108	1186
1108	1162	1186
1162	1238	1186
1162	1255	1238
1162	1121	1255
1121	1145	1255
1145	1277	1255
1145	1152	1277
1145	1237	1152
1145	1362	1237
1362	1258	1237
1258	1267	1237
1267	1277	1237
1267	1413	1277
1267	1425	1413
1267	1285	1425
1267	1200	1285
1200	1290	1285
1200	1258	1290
1258	1344	1290
1258	1439	1344
1439	1491	1344
1439	1522	1491
1522	1555	1491
1522	1594	1555
1594	1658	1555
1658	1656	1555
1658	1704	1656
1704	1708	1656
1708	1581	1656
1708	1666	1581
1666	1642	1581
1642	1533	1581
1533	1596	1581
1642	1680	1533
1642	1666	1680
1666	1722	1680
1666	1791	1722
1666	1708	1791
1708	1728	1791
1728	1817	1791
1817	1833	1791
1817	1885	1833
1817	1886	1885
1886	1964	1885
1886	1926	1964
1926	2004	1964
2004	2035	1964
2035	1986	1964
1986	1975	1964
2035	2097	1986
2035	2119	2097
2119	2199	2097
2035	2109	2119
2035	2091	2109
2091	2147	2109
2147	2241	2109
2147	2214	2241
2214	2330	2241
2091	2081	2147
2081	2155	2147
2155	2177	2147
2155	2206	2177
2206	2251	2177
2155	2089	2206
2089	2098	2206
2098	2258	2206
2098	2230	2258
2230	2239	2258
2089	2021	2098
2021	1987	2098
2021	1945	1987
2021	2000	1945
2021	2089	2000
2089	1974	2000
2089	2042	1974
2042	1962	1974
2042	1996	1962
2042	2091	1996
2091	2001	1996
2001	1992	1996
2001	2004	1992
2004	1927	1992
2004	1926	1927
1926	1881	1927
1881	1856	1927
1856	1744	1927
1856	1664	1744
1664	1618	1744
1618	1660	1744
1660	1814	1744
1856	1789	1664
1789	1721	1664
1721	1574	1664
1721	1633	1574
1633	1550	1574
1721	1751	1633
1721	1789	1751
1789	1817	1751
1817	1757	1751
1817	1728	1757
1789	1844	1817
1844	1886	1817
1844	1926	1886
1844	1881	1926
1844	1856	1881
1844	1789	1856
2001	2091	2004
2091	2035	2004
2042	2081	2091
2042	2089	2081
2089	2155	2081
1708	1704	1728
1704	1696	1728
1696	1647	1728
1696	1645	1647
1696	1704	1645
1704	1658	1645
1658	1580	1645
1580	1557	1645
1580	1546	1557
1546	1443	1557
1546	1458	1443
1546	1514	1458
1514	1472	1458
1472	1411	1458
1411	1310	1458
1411	1329	1310
1329	1287	1310
1287	1223	1310
1287	1222	1223
1287	1327	1222
1327	1272	1222
1272	1163	1222
1163	1110	1222
1110	1111	1222
1110	976	1111
1110	1000	976
1110	1064	1000
1064	1039	1000
1039	909	1000
1064	1077	1039
1077	1084	1039
1077	1095	1084
1077	1198	1095
1198	1142	1095
1142	1069	1095
1142	1153	1069
1153	1129	1069
1153	1119	1129
1119	1107	1129
1119	1105	1107
1142	1219	1153
1142	1198	1219
1198	1272	1219
1198	1163	1272
1198	1086	1163
1086	1110	1163
1086	1064	1110
1086	1077	1064
1086	1198	1077
1327	1362	1272
1327	1411	1362
1411	1439	1362
1439	1258	1362
1411	1472	1439
1472	1514	1439
1514	1522	1439
1514	1594	1522
1514	1546	1594
1546	1580	1594
1580	1658	1594
1327	1336	1411
1336	1329	1411
1336	1287	1329
1336	1327	1287
1200	1267	1258
1121	1108	1145
1108	1119	1145
1121	1162	1108
849	811	909
727	665	811
727	662	665
563	652	565
652	661	565
652	715	661
652	731	715
582	670	697
598	735	720
735	864	720
735	824	864
622	751	709
622	721	751
626	671	639
626	676	671
634	717	690
717	754	690
754	731	690
754	805	731
754	813	805
813	875	805
651	712	716
712	777	716
712	728	777
682	740	810
682	709	740
682	642	709
740	861	810
861	955	810
687	761	747
687	744	761
744	772	761
744	753	772
689	732	792
701	706	850
706	787	850
704	826	719
710	788	818
818	748	710
818	877	748
877	870	748
818	904	877
713	789	737
737	745	713
736	768	821
768	807	821
807	953	821
953	898	821
807	975	953
975	1082	953
975	1003	1082
1003	1178	1082
1178	1185	1082
1178	1270	1185
1178	1235	1270
1235	1316	1270
1316	1407	1270
1407	1457	1270
1457	1466	1270
1235	1296	1316
1178	1203	1235
975	934	1003
934	941	1003
934	855	941
855	804	941
855	844	804
855	807	844
855	928	807
928	975	807
928	934	975
928	855	934
759	784	839
784	903	839
903	977	839
903	1017	977
1017	1074	977
1017	1117	1074
1117	1381	1074
1117	1226	1381
1226	1394	1381
1394	1422	1381
1422	1220	1381
1422	1426	1220
1422	1496	1426
1496	1665	1426
1496	1540	1665
1540	1759	1665
1759	1799	1665
1799	1711	1665
1711	1637	1665
1711	1763	1637
1711	1801	1763
1801	1950	1763
1950	1862	1763
1950	1954	1862
1954	1823	1862
1950	2008	1954
2008	2128	1954
2128	2107	1954
2008	2086	2128
2086	2211	2128
2086	2269	2211
2269	2399	2211
2269	2307	2399
2307	2441	2399
2441	2470	2399
2441	2500	2470
2441	2532	2500
2441	2578	2532
2441	2499	2578
2499	2587	2578
2587	2680	2578
2499	2708	2587
2499	2542	2708
2542	2709	2708
2709	2812	2708
2709	2801	2812
2801	2910	2812
2801	2945	2910
2709	2713	2801
2709	2542	2713
2542	2491	2713
1711	1799	1801
1799	1967	1801
1496	1518	1540
1496	1394	1518
1394	1485	1518
1485	1499	1518
1485	1483	1499
1485	1394	1483
1394	1226	1483
1496	1422	1394
1117	1221	1226
1117	1201	1221
1117	1017	1201
1017	984	1201
1017	903	984
784	888	903
784	863	888
863	1040	888
784	697	863
771	841	785
775	872	893
786	854	825
794	836	867
836	918	867
794	747	836
803	859	884
859	936	884
859	1005	936
859	911	1005
911	968	1005
968	1100	1005
859	871	911
819	957	964
957	1012	964
957	1085	1012
957	1147	1085
957	1013	1147
957	899	1013
899	1001	1013
1001	1016	1013
1001	1094	1016
1001	1131	1094
1131	1136	1094
1131	1343	1136
1343	1260	1136
1343	1294	1260
1294	1352	1260
1352	1208	1260
1208	1147	1260
1294	1470	1352
1470	1437	1352
1470	1592	1437
1470	1609	1592
1609	1657	1592
1294	1343	1470
957	819	899
829	916	939
829	802	916
837	843	914
840	913	952
913	1018	952
952	874	840
952	991	874
952	1021	991
853	892	908
891	1061	956
1061	1062	956
1062	933	956
933	925	956
895	997	960
997	1083	960
1083	1063	960
1083	1249	1063
1249	1167	1063
1083	1191	1249
1083	997	1191
997	1070	1191
1070	1192	1191
1192	1348	1191
1070	1011	1192
1070	997	1011
917	920	1098
919	970	1024
970	1050	1024
1050	1120	1024
926	995	1044
995	1149	1044
1149	1234	1044
1234	1173	1044
1173	1157	1044
1234	1390	1173
1390	1351	1173
1234	1321	1390
1321	1392	1390
1321	1403	1392
1403	1525	1392
1403	1590	1525
1234	1149	1321
947	999	1124
951	1015	972
1015	1056	972
1056	1027	972
1027	981	972
981	918	972
1027	1023	981
978	1004	1058
1058	1049	978
1058	1132	1049
1058	1212	1132
985	1020	1066
1020	1183	1066
1183	1257	1066
1257	1253	1066
1253	1053	1066
1183	1377	1257
1377	1477	1257
998	1093	1052
1093	1133	1052
1133	1166	1052
1133	1151	1166
1133	1093	1151
1010	1076	1030
1033	1081	1099
1035	1195	1090
1195	1338	1090
1338	1271	1090
1271	1148	1090
1195	1309	1338
1195	1317	1309
1317	1566	1309
1317	1463	1566
1317	1253	1463
1317	1195	1253
1035	1053	1195
1043	1155	1097
1155	1079	1097
1155	1243	1079
1243	1286	1079
1286	1223	1079
1243	1433	1286
1243	1297	1433
1055	1177	1080
1177	1150	1080
1177	1314	1150
1055	1123	1177
1055	1075	1123
1057	1169	1065
1169	1225	1065
1169	1269	1225
1169	1228	1269
1228	1345	1269
1228	1299	1345
1299	1408	1345
1169	1104	1228
1104	1141	1228
1087	1265	1158
1265	1334	1158
1334	1245	1158
1334	1315	1245
1315	1328	1245
1328	1218	1245
1328	1330	1218
1328	1475	1330
1475	1387	1330
1475	1467	1387
1089	1096	1194
1106	1313	1273
1106	1135	1313
1135	1199	1313
1199	1240	1313
1199	1148	1240
1114	1278	1261
1126	1292	1298
1128	1137	1247
1134	1188	1144
1188	1224	1144
1224	1216	1144
1224	1304	1216
1224	1454	1304
1454	1347	1304
1454	1453	1347
1224	1424	1454
1424	1556	1454
1556	1732	1454
1556	1611	1732
1611	1679	1732
1679	1871	1732
1679	1899	1871
1899	1957	1871
1679	1773	1899
1679	1614	1773
1614	1619	1773
1619	1823	1773
1614	1393	1619
1393	1414	1619
1393	1357	1414
1393	1323	1357
1393	1250	1323
1250	1189	1323
1189	1161	1323
1250	1193	1189
1250	1424	1193
1424	1188	1193
1188	1134	1193
1424	1224	1188
1250	1393	1424
1393	1614	1424
1614	1611	1424
1611	1556	1424
1614	1679	1611
1164	1262	1206
1262	1318	1206
1262	1335	1318
1202	1367	1376
1367	1417	1376
1417	1524	1376
1417	1447	1524
1417	1367	1447
1207	1288	1319
1207	1282	1288
1282	1353	1288
1353	1319	1288
1282	1339	1353
1339	1444	1353
1339	1400	1444
1207	1099	1282
1319	1217	1207
1319	1289	1217
1210	1263	1356
1263	1391	1356
1391	1432	1356
1263	1307	1391
1251	1284	1256
1252	1275	1311
1311	1349	1252
1349	1265	1252
1311	1473	1349
1311	1486	1473
1486	1489	1473
1489	1455	1473
1486	1568	1489
1276	1383	1333
1303	1371	1342
1306	1399	1397
1312	1409	1324
1409	1404	1324
1409	1427	1404
1337	1501	1523
1337	1427	1501
1523	1507	1337
1523	1572	1507
1358	1509	1469
1370	1497	1428
1370	1578	1497
1578	1605	1497
1578	1659	1605
1578	1689	1659
1578	1644	1689
1644	1749	1689
1644	1694	1749
1380	1446	1416
1446	1442	1416
1446	1585	1442
1585	1512	1442
1446	1583	1585
1583	1673	1585
1446	1539	1583
1446	1495	1539
1495	1569	1539
1569	1593	1539
1569	1551	1593
1569	1495	1551
1386	1423	1462
1423	1498	1462
1498	1548	1462
1548	1494	1462
1494	1386	1462
1396	1544	1536
1398	1418	1531
1406	1461	1484
1410	1431	1429
1431	1610	1429
1415	1460	1451
1419	1464	1488
1464	1582	1488
1430	1604	1456
1449	1482	1542
1465	1640	1702
1640	1794	1702
1794	1830	1702
1794	1979	1830
1702	1521	1465
1474	1588	1508
1588	1615	1508
1588	1703	1615
1479	1480	1634
1520	1632	1570
1529	1607	1621
1621	1643	1529
1643	1475	1529
1621	1750	1643
1750	1746	1643
1746	1742	1643
1746	1854	1742
1854	1907	1742
1746	1750	1854
1750	1781	1854
1781	1809	1854
1781	1766	1809
1766	1821	1809
1821	1969	1809
1821	1860	1969
1860	2017	1969
2017	2039	1969
1860	2048	2017
1766	1685	1821
1766	1607	1685
1766	1621	1607
1766	1781	1621
1781	1750	1621
1529	1455	1607
1537	1697	1662
1697	1698	1662
1547	1612	1627
1627	1575	1547
1627	1715	1575
1715	1598	1575
1715	1690	1598
1690	1736	1598
1736	1595	1598
1736	1723	1595
1723	1601	1595
1690	1715	1736
1715	1935	1736
1715	1857	1935
1715	1627	1857
1627	1612	1857
1612	1824	1857
1612	1825	1824
1612	1560	1825
1612	1444	1560
1612	1547	1444
1549	1693	1686
1559	1624	1668
1624	1720	1668
1720	1872	1668
1720	1925	1872
1925	1895	1872
1895	1916	1872
1895	1990	1916
1895	2020	1990
1895	1925	2020
1925	1984	2020
1720	1760	1925
1720	1695	1760
1720	1624	1695
1624	1453	1695
1624	1452	1453
1564	1677	1667
1565	1653	1707
1573	1779	1678
1779	1843	1678
1843	1868	1678
1868	1936	1678
1868	2075	1936
2075	2100	1936
2075	2164	2100
2164	2166	2100
2166	2141	2100
2164	2287	2166
2287	2430	2166
2075	2087	2164
1573	1731	1779
1731	1761	1779
1761	1937	1779
1731	1688	1761
1688	1747	1761
1577	1672	1587
1672	1780	1587
1780	1804	1587
1780	1970	1804
1970	1977	1804
1977	1820	1804
1977	2009	1820
2009	2014	1820
1977	2123	2009
1977	2067	2123
2067	2217	2123
2217	2197	2123
2067	2266	2217
2266	2369	2217
2369	2456	2217
2369	2547	2456
2369	2512	2547
2512	2583	2547
2583	2775	2547
2583	2730	2775
2730	2852	2775
2730	2862	2852
2862	2903	2852
2730	2830	2862
2830	2909	2862
2730	2658	2830
2658	2700	2830
2700	2761	2830
2700	2577	2761
2700	2658	2577
2369	2425	2512
2369	2266	2425
2266	2227	2425
2227	2372	2425
2372	2418	2425
2227	2212	2372
2266	2178	2227
2266	2067	2178
2067	1970	2178
2067	1977	1970
1672	1726	1780
1602	1635	1681
1635	1764	1681
1764	1850	1681
1850	1759	1681
1603	1608	1841
1603	1477	1608
1608	1678	1841
1625	1705	1709
1705	1748	1709
1705	1692	1748
1628	1639	1684
1684	1629	1628
1684	1718	1629
1718	1674	1629
1638	1769	1713
1769	1792	1713
1792	1807	1713
1769	1852	1792
1650	1788	1855
1788	1880	1855
1880	1923	1855
1923	1898	1855
1923	2032	1898
1923	2120	2032
2120	2111	2032
2120	2203	2111
1923	2116	2120
1923	1880	2116
1880	1875	2116
1880	1788	1875
1855	1692	1650
1652	1796	1741
1652	1701	1796
1796	1775	1741
1775	1733	1741
1700	1785	1743
1743	1653	1700
1785	1834	1743
1785	1816	1834
1785	1700	1816
1706	1725	1784
1706	1610	1725
1610	1710	1725
1710	1784	1725
1710	1740	1784
1710	1719	1740
1710	1610	1719
1727	1765	1782
1782	1896	1727
1782	1938	1896
1938	1988	1896
1729	1786	1884
1737	1762	1812
1745	1829	1770
1770	1703	1745
1753	1768	1777
1778	1869	1828
1869	1853	1828
1869	1933	1853
1787	1848	1902
1848	1958	1902
1848	2031	1958
1848	1810	2031
1810	1953	2031
1810	1876	1953
1793	1859	1849
1802	1968	1839
1803	1822	1879
1815	1873	1913
1818	1835	1908
1827	1932	1940
1832	1906	1912
1906	1998	1912
1837	1878	1887
1837	1939	1878
1939	1887	1878
1939	1934	1887
1840	1846	1917
1917	2010	1840
2010	1894	1840
2010	2103	1894
2103	1965	1894
2010	2137	2103
2137	2240	2103
2240	2260	2103
2240	2343	2260
2137	2158	2240
2137	2083	2158
2083	2112	2158
2112	2218	2158
2112	2196	2218
2196	2412	2218
2083	1917	2112
2083	2010	1917
2083	2137	2010
1840	1693	1846
1842	1874	1966
1866	1978	1942
1882	1949	1982
1982	2025	1882
1982	2101	2025
2101	2149	2025
2149	2212	2025
2101	2186	2149
2101	2326	2186
2326	2357	2186
2357	2401	2186
2326	2350	2357
2326	2076	2350
2076	2151	2350
2076	2061	2151
2061	2126	2151
2076	1982	2061
2076	2101	1982
2076	2326	2101
1888	2022	2045
2022	2051	2045
2022	1941	2051
2022	1911	1941
1889	1995	2005
1995	2044	2005
2044	2096	2005
1897	2054	2037
2054	2220	2037
2220	2127	2037
1903	1955	1910
1955	2018	1910
1955	2057	2018
1904	1999	2002
1905	2065	2040
2040	1993	1905
1993	1852	1905
1993	2024	1852
2024	2073	1852
2024	2152	2073
2024	2165	2152
1921	2068	1980
2068	2046	1980
2068	2256	2046
2256	2179	2046
2256	2257	2179
2257	2173	2179
2173	2048	2179
2068	2223	2256
2223	2273	2256
2223	2285	2273
2285	2410	2273
2285	2308	2410
2308	2328	2410
2328	2481	2410
2481	2548	2410
2481	2534	2548
2534	2666	2548
2666	2685	2548
2666	2819	2685
2666	2706	2819
2666	2641	2706
2641	2747	2706
2747	2796	2706
2666	2534	2641
2534	2580	2641
2308	2080	2328
2308	2285	2080
2285	2084	2080
2084	2011	2080
2084	1921	2011
1921	1884	2011
2084	2068	1921
2084	2223	2068
2084	2285	2223
1922	2038	1972
1922	2030	2038
1928	2094	2136
2094	2255	2136
2255	2222	2136
2222	2189	2136
2189	2116	2136
2189	2222	2116
2094	2247	2255
2094	2160	2247
2160	2271	2247
1944	2194	2015
2015	1937	1944
2015	2087	1937
2015	2184	2087
2015	2194	2184
2194	2297	2184
1960	2142	1976
2142	2019	1976
2142	2167	2019
2167	2201	2019
2167	2195	2201
2195	2215	2201
2215	2272	2201
2272	2274	2201
2272	2345	2274
2215	2195	2272
2195	2168	2272
2195	2167	2168
2167	2142	2168
2142	2078	2168
1961	2028	2062
1963	2105	1994
1973	2050	2007
1989	2145	2058
2145	2248	2058
2248	2079	2058
2079	1967	2058
2027	2047	2243
2047	2085	2243
2029	2071	2148
2033	2221	2193
2221	2367	2193
2034	2064	2090
2064	2161	2090
2043	2175	2246
2246	2194	2043
2246	2254	2194
2246	2379	2254
2052	2224	2092
2052	2228	2224
2055	2209	2056
2056	1966	2055
2070	2207	2150
2095	2159	2163
2159	2219	2163
2219	2182	2163
2099	2121	2108
2099	2146	2121
2146	2315	2121
2113	2267	2192
2267	2263	2192
2263	2190	2192
2118	2305	2162
2125	2205	2157
2205	2279	2157
2279	2270	2157
2270	2232	2157
2205	2280	2279
2132	2244	2213
2133	2233	2231
2231	2191	2133
2231	2230	2191
2143	2249	2277
2249	2386	2277
2249	2342	2386
2342	2513	2386
2342	2447	2513
2342	2361	2447
2172	2278	2204
2180	2234	2281
2234	2363	2281
2363	2405	2281
2180	2039	2234
2039	2173	2234
2180	2074	2039
2183	2264	2382
2264	2414	2382
2414	2491	2382
2264	2277	2414
2198	2460	2202
2200	2229	2335
2200	2204	2229
2335	2208	2200
2210	2338	2340
2216	2355	2226
2238	2259	2302
2252	2253	2309
2309	2300	2252
2309	2373	2300
2265	2353	2310
2353	2284	2310
2282	2296	2322
2296	2349	2322
2349	2477	2322
2349	2396	2477
2349	2296	2396
2296	2400	2396
2400	2590	2396
2400	2422	2590
2422	2455	2590
2422	2367	2455
2422	2400	2367
2286	2320	2329
2320	2419	2329
2419	2365	2329
2365	2315	2329
2320	2385	2419
2320	2314	2385
2288	2449	2291
2449	2407	2291
2288	2311	2449
2295	2378	2359
2378	2444	2359
2298	2371	2383
2371	2442	2383
2371	2517	2442
2383	2339	2298
2306	2402	2333
2313	2404	2403
2404	2463	2403
2318	2387	2364
2318	2209	2387
2387	2471	2364
2321	2325	2376
2325	2403	2376
2332	2415	2497
2415	2509	2497
2509	2582	2497
2582	2576	2497
2337	2406	2423
2337	2405	2406
2423	2398	2337
2398	2360	2337
2398	2457	2360
2398	2423	2457
2423	2537	2457
2341	2504	2466
2352	2434	2445
2352	2482	2434
2482	2538	2434
2538	2445	2434
2538	2610	2445
2482	2649	2538
2356	2490	2486
2490	2526	2486
2526	2622	2486
2526	2647	2622
2647	2654	2622
2654	2655	2622
2654	2711	2655
2711	2767	2655
2767	2566	2655
2767	2695	2566
2767	2854	2695
2767	2846	2854
2846	2914	2854
2914	3047	2854
2846	2813	2914
2846	2767	2813
2767	2711	2813
2711	2654	2813
2654	2647	2813
2526	2623	2647
2526	2490	2623
2490	2572	2623
2572	2632	2623
2572	2631	2632
2631	2789	2632
2631	2675	2789
2675	2799	2789
2799	2990	2789
2990	2984	2789
2799	2895	2990
2799	2725	2895
2725	2829	2895
2799	2675	2725
2675	2527	2725
2675	2631	2527
2490	2460	2572
2460	2428	2572
2362	2464	2465
2464	2569	2465
2569	2570	2465
2569	2620	2570
2620	2668	2570
2668	2656	2570
2366	2515	2554
2515	2561	2554
2515	2518	2561
2518	2672	2561
2672	2756	2561
2672	2769	2756
2515	2430	2518
2430	2553	2518
2554	2458	2366
2554	2608	2458
2368	2459	2461
2459	2703	2461
2368	2219	2459
2375	2426	2429
2426	2593	2429
2380	2393	2496
2496	2508	2380
2508	2343	2380
2496	2604	2508
2604	2580	2508
2496	2667	2604
2496	2731	2667
2496	2510	2731
2510	2720	2731
2720	2778	2731
2720	2867	2778
2720	2787	2867
2787	2899	2867
2899	3032	2867
3032	3071	2867
3071	3124	2867
3124	2994	2867
2994	2892	2867
2994	2954	2892
3032	3066	3071
3066	3270	3071
3066	3118	3270
3118	3303	3270
3303	3307	3270
3307	3476	3270
3307	3541	3476
3541	3535	3476
3535	3501	3476
3535	3572	3501
3572	3580	3501
3572	3775	3580
3572	3541	3775
3541	3736	3775
3736	3770	3775
3770	3907	3775
3770	3952	3907
3952	4059	3907
3770	3748	3952
3748	3987	3952
3770	3736	3748
3736	3719	3748
3572	3535	3541
3303	3548	3307
3032	2899	3066
2787	2770	2899
2770	2870	2899
2787	2726	2770
2787	2720	2726
2720	2556	2726
2720	2528	2556
2528	2412	2556
2528	2510	2412
2528	2720	2510
2381	2453	2511
2453	2550	2511
2453	2446	2550
2388	2476	2420
2391	2436	2503
2503	2480	2391
2392	2421	2411
2421	2474	2411
2474	2562	2411
2424	2478	2472
2424	2516	2478
2516	2609	2478
2427	2485	2443
2485	2594	2443
2485	2563	2594
2563	2717	2594
2563	2781	2717
2563	2605	2781
2605	2779	2781
2605	2642	2779
2642	2851	2779
2851	2973	2779
2973	3034	2779
3034	3024	2779
3034	3213	3024
3213	3021	3024
3213	3238	3021
3238	3150	3021
3150	3112	3021
3238	3278	3150
3278	3225	3150
3238	3213	3278
3213	3394	3278
3394	3448	3278
3034	3142	3213
3034	2973	3142
2563	2479	2605
2563	2485	2479
2485	2379	2479
2379	2397	2479
2440	2552	2454
2462	2519	2551
2519	2736	2551
2736	2727	2551
2736	2864	2727
2736	2934	2864
2736	2754	2934
2754	2944	2934
2944	3088	2934
2944	2983	3088
2983	3046	3088
2983	2938	3046
2938	3101	3046
2983	2763	2938
2983	2944	2763
2944	2744	2763
2744	2644	2763
2644	2687	2763
2944	2754	2744
2754	2736	2744
2736	2519	2744
2462	2263	2519
2468	2541	2483
2488	2618	2498
2494	2636	2653
2514	2696	2698
2696	2797	2698
2797	2761	2698
2696	2751	2797
2751	2947	2797
2751	2890	2947
2890	3056	2947
2890	3051	3056
3051	3179	3056
3179	3237	3056
3179	3192	3237
3192	3370	3237
3192	3152	3370
3152	3350	3370
3350	3467	3370
3467	3489	3370
3467	3534	3489
3534	3463	3489
3534	3587	3463
3587	3553	3463
3553	3353	3463
3553	3577	3353
3577	3388	3353
3553	3631	3577
3631	3648	3577
3553	3587	3631
3587	3685	3631
3587	3611	3685
3587	3534	3611
3152	3240	3350
3192	3102	3152
3192	3051	3102
3192	3179	3051
2890	2863	3051
2863	2916	3051
2863	2897	2916
2522	2601	2626
2601	2619	2626
2523	2533	2638
2523	2405	2533
2405	2501	2533
2530	2699	2671
2699	2882	2671
2699	2827	2882
2827	2943	2882
2943	2972	2882
2972	2951	2882
2951	2841	2882
2951	2907	2841
2907	2845	2841
2907	2975	2845
2907	2997	2975
2997	3063	2975
2997	3153	3063
2907	2951	2997
2951	3045	2997
2951	2972	3045
2827	2904	2943
2904	3012	2943
2904	3004	3012
2904	2849	3004
2904	2827	2849
2531	2686	2560
2686	2665	2560
2531	2739	2686
2545	2628	2648
2545	2471	2628
2471	2656	2628
2656	2765	2628
2549	2684	2729
2558	2657	2559
2567	2571	2693
2574	2659	2606
2659	2633	2606
2574	2682	2659
2682	2850	2659
2682	2807	2850
2807	2941	2850
2807	2823	2941
2823	3058	2941
2807	2588	2823
2588	2746	2823
2746	2837	2823
2746	2697	2837
2746	2585	2697
2746	2588	2585
2588	2444	2585
2807	2629	2588
2807	2682	2629
2682	2574	2629
2591	2748	2689
2748	2766	2689
2748	2857	2766
2857	2920	2766
2596	2707	2734
2707	2773	2734
2773	2876	2734
2876	2942	2734
2942	2826	2734
2707	2691	2773
2707	2593	2691
2593	2611	2691
2611	2635	2691
2599	2777	2716
2716	2552	2599
2777	2803	2716
2803	2824	2716
2824	2772	2716
2772	2735	2716
2772	2840	2735
2840	2798	2735
2840	2858	2798
2858	2831	2798
2831	2757	2798
2831	2906	2757
2906	2724	2757
2724	2649	2757
2906	2897	2724
2772	2824	2840
2803	3054	2824
3054	3061	2824
2803	2940	3054
2599	2795	2777
2612	2715	2683
2715	2856	2683
2613	2651	2645
2651	2810	2645
2613	2443	2651
2617	2630	2677
2621	2652	2762
2652	2802	2762
2802	2790	2762
2652	2783	2802
2783	2834	2802
2834	2963	2802
2834	2817	2963
2834	2783	2817
2627	2741	2714
2634	2723	2705
2634	2780	2723
2780	2800	2723
2780	2832	2800
2832	2957	2800
2957	3000	2800
2832	2955	2957
2780	2722	2832
2640	2663	2650
2640	2590	2663
2590	2646	2663
2646	2690	2663
2643	2681	2776
2660	2853	2887
2853	2919	2887
2919	3001	2887
2853	2883	2919
2853	2764	2883
2661	2860	2811
2860	2880	2811
2860	3026	2880
2860	2884	3026
2884	2974	3026
2974	3085	3026
2974	2884	3085
2679	2825	2794
2688	2743	2753
2753	2687	2688
2702	2893	2881
2881	2739	2702
2881	2922	2739
2881	3044	2922
2881	2893	3044
2893	3122	3044
3122	3236	3044
3122	3155	3236
3122	3130	3155
2712	2719	2835
2719	2732	2835
2835	2786	2712
2835	2966	2786
2721	2804	2820
2804	2836	2820
2836	2964	2820
2964	2931	2820
2804	2776	2836
2737	2875	2745
2875	2960	2745
2737	2816	2875
2750	2925	2844
2750	2959	2925
2752	2988	2838
2988	2885	2838
2755	2871	2859
2760	2952	2782
2768	2861	2877
2788	3002	2814
2788	2844	3002
2793	2932	2924
2932	2979	2924
2932	2930	2979
2930	3068	2979
3068	3062	2979
2930	3020	3068
3020	3172	3068
2815	2865	2927
2865	2923	2927
2839	2843	2918
2843	3015	2918
2866	3048	3018
2874	3050	3094
3050	3127	3094
3050	3125	3127
3125	3233	3127
3233	3374	3127
3050	3062	3125
2886	2980	2908
2980	3025	2908
2980	3132	3025
3132	3136	3025
3136	3065	3025
3136	3162	3065
3162	3143	3065
3143	3035	3065
3162	3220	3143
3132	3273	3136
3273	3276	3136
2886	2905	2980
2905	2912	2980
2905	2894	2912
2888	2889	2965
2889	2971	2965
2971	3072	2965
2971	3106	3072
3106	3206	3072
3206	3117	3072
2891	3040	2953
2953	2856	2891
2953	2995	2856
2953	3064	2995
3064	3123	2995
3064	3168	3123
3064	3138	3168
3064	3040	3138
3064	2953	3040
2896	2902	3027
3027	2939	2896
2939	2913	2896
3027	3096	2939
3096	3076	2939
3027	3078	3096
2915	3089	3074
3089	3166	3074
2928	3069	3043
2933	3077	3075
3077	3107	3075
3107	3134	3075
3134	3105	3075
3077	3208	3107
2948	3157	3115
2956	2976	3214
2976	3111	3214
3111	3280	3214
3111	3144	3280
3144	3180	3280
3180	3337	3280
3337	3400	3280
3180	3332	3337
3332	3493	3337
3180	3186	3332
3180	3084	3186
3084	3052	3186
3052	3140	3186
3140	3228	3186
3228	3283	3186
3052	2984	3140
3084	3010	3052
3084	3028	3010
3028	2813	3010
3028	2976	2813
3028	3111	2976
3028	3144	3111
3028	3084	3144
3084	3180	3144
2958	3014	2962
2962	2756	2958
3014	2829	2962
2958	3165	3014
2967	2989	2968
2967	2922	2989
2985	3121	3154
3121	3167	3154
2985	2931	3121
2985	2898	2931
2998	3070	3003
3005	3041	3229
3229	3098	3005
3007	3119	3095
3119	3177	3095
3119	3221	3177
3221	3324	3177
3221	3295	3324
3221	3191	3295
3191	3269	3295
3191	3170	3269
3191	3131	3170
3191	3116	3131
3191	3221	3116
3221	3119	3116
3008	3147	3059
3147	3160	3059
3147	3274	3160
3274	3275	3160
3275	3234	3160
3234	3197	3160
3234	3218	3197
3059	2952	3008
3009	3194	3091
3194	3260	3091
3260	3159	3091
3260	3279	3159
3279	3231	3159
3279	3348	3231
3279	3386	3348
3386	3478	3348
3386	3563	3478
3563	3490	3478
3563	3591	3490
3386	3477	3563
3386	3356	3477
3356	3395	3477
3395	3445	3477
3386	3260	3356
3386	3279	3260
3009	3042	3194
3039	3151	3103
3151	3196	3103
3196	3106	3103
3151	3253	3196
3253	3306	3196
3306	3286	3196
3253	3369	3306
3253	3257	3369
3257	3392	3369
3392	3460	3369
3086	3227	3334
3227	3391	3334
3391	3373	3334
3227	3366	3391
3113	3217	3245
3217	3296	3245
3296	3378	3245
3378	3292	3245
3292	3242	3245
3242	3201	3245
3201	3113	3245
3292	3357	3242
3292	3372	3357
3372	3398	3357
3372	3568	3398
3568	3567	3398
3567	3503	3398
3567	3722	3503
3372	3554	3568
3554	3594	3568
3554	3378	3594
3378	3570	3594
3570	3725	3594
3570	3640	3725
3640	3871	3725
3871	3964	3725
3964	3977	3725
3977	3931	3725
3964	4015	3977
3871	3906	3964
3871	3831	3906
3871	3640	3831
3640	3764	3831
3554	3372	3378
3372	3292	3378
3296	3449	3378
3296	3217	3449
3146	3158	3189
3189	3226	3146
3149	3319	3232
3161	3268	3212
3212	3181	3161
3174	3302	3351
3185	3329	3209
3187	3250	3248
3250	3431	3248
3431	3465	3248
3465	3259	3248
3248	3101	3187
3188	3299	3294
3294	3264	3188
3202	3288	3254
3202	3379	3288
3379	3513	3288
3513	3469	3288
3204	3377	3404
3377	3470	3404
3205	3289	3314
3289	3352	3314
3352	3230	3314
3230	3205	3314
3352	3447	3230
3244	3383	3320
3244	3362	3383
3362	3474	3383
3247	3252	3313
3252	3519	3313
3519	3429	3313
3249	3367	3382
3367	3422	3382
3367	3453	3422
3453	3556	3422
3453	3616	3556
3453	3607	3616
3607	3705	3616
3705	3723	3616
3705	3741	3723
3741	3767	3723
3741	3705	3767
3705	3708	3767
3708	3747	3767
3747	3888	3767
3747	3854	3888
3747	3827	3854
3827	3874	3854
3874	3943	3854
3747	3651	3827
3651	3738	3827
3747	3708	3651
3708	3607	3651
3607	3560	3651
3708	3705	3607
3453	3411	3607
3453	3363	3411
3453	3367	3363
3249	3134	3367
3258	3364	3365
3364	3405	3365
3405	3423	3365
3405	3419	3423
3419	3596	3423
3419	3633	3596
3419	3597	3633
3597	3653	3633
3653	3755	3633
3755	3745	3633
3419	3426	3597
3419	3364	3426
3419	3405	3364
3267	3315	3481
3315	3515	3481
3315	3393	3515
3393	3437	3515
3393	3461	3437
3461	3574	3437
3461	3571	3574
3461	3582	3571
3393	3317	3461
3393	3315	3317
3277	3287	3333
3287	3301	3333
3281	3293	3471
3281	3214	3293
3471	3402	3281
3471	3496	3402
3471	3557	3496
3557	3624	3496
3624	3581	3496
3290	3385	3418
3385	3507	3418
3290	3226	3385
3297	3406	3361
3361	3236	3297
3297	3401	3406
3321	3354	3345
3326	3435	3390
3343	3516	3518
3343	3459	3516
3516	3590	3518
3590	3479	3518
3590	3538	3479
3538	3417	3479
3538	3540	3417
3516	3673	3590
3673	3782	3590
3782	3786	3590
3786	3813	3590
3786	3961	3813
3786	3782	3961
3782	3805	3961
3805	3885	3961
3885	3992	3961
3992	4115	3961
4115	4123	3961
3885	3974	3992
3885	3867	3974
3867	3895	3974
3895	4086	3974
3895	3957	4086
3895	3929	3957
3867	3722	3895
3867	3673	3722
3867	3885	3673
3885	3805	3673
3805	3782	3673
3346	3532	3384
3532	3475	3384
3475	3354	3384
3368	3387	3420
3420	3385	3368
3371	3428	3414
3375	3537	3514
3537	3625	3514
3625	3636	3514
3625	3737	3636
3737	3823	3636
3823	3692	3636
3692	3615	3636
3692	3693	3615
3737	3771	3823
3737	3721	3771
3737	3625	3721
3389	3545	3491
3396	3511	3457
3403	3434	3410
3412	3584	3576
3421	3458	3487
3458	3564	3487
3564	3559	3487
3564	3661	3559
3661	3627	3559
3564	3655	3661
3655	3758	3661
3564	3458	3655
3458	3448	3655
3448	3621	3655
3424	3425	3525
3424	3429	3425
3436	3566	3440
3566	3583	3440
3583	3450	3440
3450	3319	3440
3319	3436	3440
3319	3336	3436
3583	3512	3450
3439	3517	3555
3555	3543	3439
3444	3482	3536
3451	3561	3701
3451	3447	3561
3561	3820	3701
3452	3579	3601
3455	3485	3547
3547	3558	3455
3558	3548	3455
3558	3610	3548
3558	3547	3610
3547	3728	3610
3547	3485	3728
3485	3729	3728
3456	3539	3542
3542	3523	3456
3464	3521	3483
3521	3677	3483
3677	3498	3483
3677	3691	3498
3677	3788	3691
3492	3663	3522
3492	3666	3663
3666	3783	3663
3783	3893	3663
3494	3703	3526
3703	3620	3526
3509	3713	3533
3713	3709	3533
3509	3605	3713
3605	3687	3713
3687	3881	3713
3687	3861	3881
3861	4061	3881
3687	3810	3861
3810	3830	3861
3830	3979	3861
3830	4017	3979
3830	3944	4017
3944	4080	4017
3830	3758	3944
3758	3921	3944
3687	3627	3810
3687	3605	3627
3529	3619	3669
3619	3712	3669
3712	3878	3669
3544	3649	3546
3649	3603	3546
3551	3585	3726
3726	3544	3551
3552	3592	3600
3592	3602	3600
3592	3733	3602
3562	3746	3654
3654	3557	3562
3557	3473	3562
3562	3727	3746
3573	3647	3588
3573	3667	3647
3667	3735	3647
3667	3777	3735
3777	3844	3735
3844	3808	3735
3777	3838	3844
3838	3984	3844
3838	3919	3984
3838	3795	3919
3795	3942	3919
3942	3996	3919
3942	4051	3996
3942	3998	4051
3795	3792	3942
3838	3777	3795
3777	3689	3795
3777	3667	3689
3667	3604	3689
3589	3593	3675
3593	3595	3675
3675	3690	3589
3690	3697	3589
3697	3646	3589
3646	3507	3589
3697	3724	3646
3697	3806	3724
3697	3690	3806
3690	3711	3806
3690	3675	3711
3599	3674	3659
3674	3750	3659
3674	3781	3750
3608	3749	3740
3608	3717	3749
3717	3760	3749
3760	3902	3749
3902	3896	3749
3896	3842	3749
3842	3740	3749
3896	3954	3842
3954	3868	3842
3954	4029	3868
4029	4022	3868
4022	3869	3868
4022	3935	3869
3935	3801	3869
3935	3917	3801
3917	3794	3801
3917	3807	3794
3807	3638	3794
3917	3837	3807
3837	3679	3807
3837	3798	3679
3837	3901	3798
3901	3918	3798
3901	3999	3918
3999	4013	3918
4013	4049	3918
4049	3981	3918
3981	3951	3918
3999	4060	4013
4022	4054	3935
4022	4166	4054
4022	4186	4166
4186	4252	4166
4186	4290	4252
4186	4259	4290
4186	4159	4259
4186	4029	4159
4029	4056	4159
4056	4082	4159
4029	4008	4056
4029	3954	4008
4186	4022	4029
3717	3681	3760
3681	3793	3760
3622	3639	3710
3626	3815	3686
3686	3519	3626
3519	3540	3626
3815	3932	3686
3932	3819	3686
3819	3845	3686
3845	3849	3686
3845	4087	3849
4087	4023	3849
4087	4251	4023
4087	4146	4251
4087	3939	4146
4087	3845	3939
3845	3819	3939
3819	3932	3939
3628	3835	3772
3835	3800	3772
3800	3732	3772
3732	3734	3772
3835	4037	3800
3835	3928	4037
3928	4011	4037
4011	4179	4037
3928	4004	4011
3634	3684	3694
3694	3672	3634
3684	3822	3694
3822	3811	3694
3822	4003	3811
4003	3930	3811
4003	4075	3930
4075	3937	3930
4075	3985	3937
3985	3825	3937
3985	3843	3825
3843	3789	3825
3789	3672	3825
3822	4012	4003
4012	4034	4003
3684	3744	3822
3744	3839	3822
3644	3753	3698
3644	3739	3753
3739	3829	3753
3829	3814	3753
3829	3960	3814
3960	3965	3814
3829	3955	3960
3955	4072	3960
4072	4085	3960
4072	4078	4085
4078	4111	4085
4111	4173	4085
4173	4209	4085
4209	4128	4085
4173	4223	4209
4173	4257	4223
4257	4292	4223
4257	4339	4292
4173	4212	4257
4173	4111	4212
4072	3955	4078
3829	3903	3955
3829	3768	3903
3768	3851	3903
3829	3739	3768
3739	3658	3768
3739	3644	3658
3676	3714	3776
3714	3818	3776
3818	3883	3776
3883	3821	3776
3683	3730	3875
3730	3784	3875
3875	3855	3683
3875	3947	3855
3696	3756	3803
3696	3698	3756
3803	3826	3696
3700	3765	3860
3715	3731	3787
3731	3841	3787
3841	3862	3787
3751	3762	3809
3809	3653	3751
3762	3971	3809
3751	3724	3762
3752	3905	3799
3905	3832	3799
3905	3976	3832
3763	3824	3877
3763	3723	3824
3824	3866	3877
3877	3726	3763
3773	3882	3791
3882	3946	3791
3946	3912	3791
3946	3972	3912
3882	3980	3946
3796	3982	3953
3982	4016	3953
4016	4001	3953
4016	4100	4001
4016	3982	4100
3982	4064	4100
4064	4133	4100
4133	4160	4100
4160	4152	4100
4160	4255	4152
4255	4202	4152
4255	4289	4202
4255	4315	4289
4315	4389	4289
4389	4340	4289
4340	4303	4289
4340	4321	4303
4340	4409	4321
4409	4408	4321
4408	4274	4321
4408	4444	4274
4444	4349	4274
4349	4283	4274
4283	4210	4274
4210	4122	4274
4210	4065	4122
4065	4066	4122
4066	4076	4122
4076	4106	4122
4076	3943	4106
4065	3888	4066
4065	4067	3888
4067	3940	3888
4065	4147	4067
4147	4079	4067
4065	4210	4147
4210	4194	4147
4194	4158	4147
4210	4250	4194
4210	4283	4250
4283	4349	4250
4444	4422	4349
4422	4433	4349
4422	4531	4433
4531	4488	4433
4488	4407	4433
4488	4515	4407
4515	4421	4407
4515	4431	4421
4431	4320	4421
4431	4403	4320
4403	4372	4320
4372	4291	4320
4291	4234	4320
4372	4381	4291
4381	4328	4291
4328	4180	4291
4381	4457	4328
4457	4375	4328
4375	4353	4328
4353	4309	4328
4353	4391	4309
4353	4375	4391
4375	4446	4391
4446	4521	4391
4521	4331	4391
4446	4497	4521
4497	4517	4521
4517	4586	4521
4586	4599	4521
4599	4500	4521
4599	4564	4500
4599	4592	4564
4599	4648	4592
4599	4636	4648
4636	4705	4648
4705	4749	4648
4749	4677	4648
4749	4791	4677
4791	4695	4677
4695	4650	4677
4650	4551	4677
4650	4639	4551
4639	4588	4551
4588	4506	4551
4588	4615	4506
4615	4468	4506
4615	4624	4468
4615	4662	4624
4662	4715	4624
4715	4734	4624
4715	4789	4734
4789	4775	4734
4789	4825	4775
4789	4881	4825
4881	4854	4825
4881	4909	4854
4909	4892	4854
4909	4939	4892
4939	4931	4892
4939	4965	4931
4939	5012	4965
5012	4992	4965
4992	4952	4965
4992	4923	4952
4923	4874	4952
4923	4728	4874
4923	4833	4728
4923	4930	4833
4930	4882	4833
4882	4826	4833
4882	4814	4826
4930	4976	4882
4930	4953	4976
4953	5034	4976
5034	5030	4976
5030	5015	4976
5015	4947	4976
5015	4998	4947
4998	4891	4947
4891	4841	4947
4841	4814	4947
4841	4811	4814
4841	4785	4811
4998	4948	4891
4948	4904	4891
4948	4962	4904
4962	4988	4904
4988	4956	4904
4956	4908	4904
4908	4860	4904
4908	4834	4860
4834	4787	4860
4787	4793	4860
4834	4771	4787
4834	4900	4771
4900	4853	4771
4853	4742	4771
4742	4701	4771
4701	4589	4771
4589	4584	4771
4853	4809	4742
4853	4836	4809
4853	4889	4836
4889	4898	4836
4898	4884	4836
4884	4810	4836
4884	4778	4810
4884	4786	4778
4884	4905	4786
4905	4903	4786
4903	4760	4786
4903	4862	4760
4862	4774	4760
4774	4708	4760
4708	4694	4760
4708	4642	4694
4642	4570	4694
4642	4595	4570
4774	4678	4708
4774	4770	4678
4770	4659	4678
4659	4557	4678
4770	4725	4659
4770	4780	4725
4780	4716	4725
4780	4849	4716
4849	4850	4716
4850	4797	4716
4797	4741	4716
4741	4709	4716
4709	4600	4716
4709	4634	4600
4634	4596	4600
4596	4499	4600
4499	4530	4600
4530	4527	4600
4530	4442	4527
4530	4388	4442
4530	4395	4388
4395	4225	4388
4225	4207	4388
4225	4176	4207
4225	4171	4176
4530	4499	4395
4634	4643	4596
4643	4609	4596
4643	4653	4609
4653	4661	4609
4661	4611	4609
4611	4581	4609
4581	4483	4609
4611	4614	4581
4614	4575	4581
4614	4606	4575
4614	4693	4606
4693	4690	4606
4690	4598	4606
4690	4672	4598
4690	4733	4672
4733	4729	4672
4729	4704	4672
4729	4644	4704
4729	4768	4644
4768	4635	4644
4635	4552	4644
4552	4474	4644
4552	4491	4474
4491	4402	4474
4402	4329	4474
4491	4316	4402
4491	4509	4316
4491	4623	4509
4623	4649	4509
4649	4558	4509
4558	4455	4509
4558	4456	4455
4649	4647	4558
4649	4674	4647
4674	4784	4647
4674	4768	4784
4768	4852	4784
4852	4868	4784
4868	4848	4784
4868	4969	4848
4969	4936	4848
4936	4879	4848
4879	4813	4848
4936	4967	4879
4936	4971	4967
4936	4969	4971
4868	4907	4969
4868	4895	4907
4895	4906	4907
4906	4929	4907
4906	4915	4929
4915	4910	4929
4910	5003	4929
5003	5018	4929
4910	4983	5003
4983	5029	5003
4983	4986	5029
4986	5041	5029
5041	5097	5029
5041	5056	5097
5056	5115	5097
5115	5116	5097
5116	5117	5097
5116	5136	5117
5136	5119	5117
5136	5139	5119
5139	5084	5119
5084	5074	5119
5084	5080	5074
5080	5069	5074
5080	5078	5069
5078	5055	5069
5078	4964	5055
4964	4933	5055
4933	4994	5055
4933	4941	4994
4941	4967	4994
5078	5033	4964
5033	4972	4964
4972	4896	4964
4972	4902	4896
4902	4824	4896
4902	4823	4824
4823	4776	4824
4902	4864	4823
4864	4779	4823
4864	4901	4779
4901	4883	4779
4883	4751	4779
4751	4752	4779
4751	4631	4752
4631	4681	4752
4751	4626	4631
4751	4737	4626
4751	4798	4737
4798	4711	4737
4798	4772	4711
4772	4712	4711
4772	4663	4712
4772	4702	4663
4772	4738	4702
4738	4689	4702
4689	4652	4702
4689	4732	4652
4732	4562	4652
4562	4533	4652
4562	4508	4533
4508	4461	4533
4461	4425	4533
4461	4406	4425
4461	4385	4406
4385	4318	4406
4385	4310	4318
4310	4240	4318
4240	4246	4318
4240	4174	4246
4240	4132	4174
4132	4172	4174
4132	4041	4172
4310	4208	4240
4310	4373	4208
4385	4416	4310
4385	4511	4416
4385	4461	4511
4461	4508	4511
4508	4562	4511
4689	4746	4732
4746	4807	4732
4807	4773	4732
4773	4769	4732
4773	4842	4769
4842	4790	4769
4842	4887	4790
4887	4818	4790
4818	4788	4790
4788	4665	4790
4788	4680	4665
4680	4582	4665
4788	4763	4680
4763	4721	4680
4763	4796	4721
4796	4707	4721
4796	4736	4707
4736	4714	4707
4714	4613	4707
4613	4578	4707
4613	4467	4578
4467	4487	4578
4487	4545	4578
4487	4501	4545
4487	4413	4501
4413	4463	4501
4413	4368	4463
4368	4405	4463
4487	4467	4413
4613	4486	4467
4736	4759	4714
4736	4871	4759
4871	4839	4759
4839	4753	4759
4839	4800	4753
4800	4718	4753
4718	4685	4753
4718	4696	4685
4696	4628	4685
4696	4597	4628
4597	4568	4628
4696	4607	4597
4607	4430	4597
4607	4529	4430
4529	4493	4430
4529	4514	4493
4529	4645	4514
4645	4667	4514
4667	4580	4514
4580	4478	4514
4580	4523	4478
4580	4629	4523
4629	4569	4523
4569	4512	4523
4580	4668	4629
4668	4670	4629
4668	4706	4670
4706	4727	4670
4727	4719	4670
4727	4802	4719
4802	4757	4719
4802	4782	4757
4782	4764	4757
4764	4710	4757
4764	4740	4710
4740	4660	4710
4740	4619	4660
4619	4587	4660
4619	4608	4587
4608	4480	4587
4480	4542	4587
4480	4453	4542
4453	4502	4542
4453	4418	4502
4418	4445	4502
4445	4496	4502
4496	4553	4502
4496	4498	4553
4498	4512	4553
4498	4476	4512
4476	4370	4512
4476	4415	4370
4415	4346	4370
4346	4267	4370
4267	4238	4370
4238	4358	4370
4238	4230	4358
4230	4214	4358
4230	4191	4214
4191	4114	4214
4114	4143	4214
4143	4204	4214
4143	4193	4204
4143	4125	4193
4125	4137	4193
4137	4219	4193
4219	4326	4193
4137	4169	4219
4169	4239	4219
4169	4151	4239
4143	4058	4125
4058	3976	4125
4143	4081	4058
4081	4048	4058
4081	4114	4048
4114	4071	4048
4071	3925	4048
4071	3915	3925
3915	3894	3925
4071	3959	3915
3959	3899	3915
4114	4191	4071
4081	4143	4114
4230	4238	4191
4346	4281	4267
4346	4254	4281
4346	4363	4254
4363	4366	4254
4366	4336	4254
4336	4248	4254
4248	4196	4254
4196	4149	4254
4196	4103	4149
4103	4104	4149
4103	4025	4104
4103	4064	4025
4064	3967	4025
3967	3950	4025
4064	3927	3967
4064	3892	3927
4103	4133	4064
4103	4222	4133
4222	4236	4133
4236	4160	4133
4236	4255	4160
4236	4315	4255
4236	4222	4315
4222	4248	4315
4248	4336	4315
4336	4387	4315
4387	4389	4315
4387	4453	4389
4453	4409	4389
4409	4340	4389
4453	4480	4409
4480	4408	4409
4480	4444	4408
4480	4549	4444
4549	4528	4444
4528	4422	4444
4528	4531	4422
4528	4547	4531
4547	4548	4531
4548	4516	4531
4516	4488	4531
4516	4515	4488
4516	4561	4515
4561	4651	4515
4651	4676	4515
4676	4566	4515
4566	4431	4515
4566	4526	4431
4526	4403	4431
4526	4381	4403
4381	4372	4403
4526	4457	4381
4526	4572	4457
4572	4567	4457
4567	4559	4457
4559	4517	4457
4517	4497	4457
4497	4446	4457
4446	4375	4457
4559	4655	4517
4655	4586	4517
4655	4698	4586
4698	4636	4586
4636	4599	4586
4698	4726	4636
4726	4705	4636
4726	4749	4705
4726	4846	4749
4846	4872	4749
4872	4791	4749
4872	4935	4791
4935	4808	4791
4808	4695	4791
4808	4744	4695
4744	4662	4695
4662	4639	4695
4639	4650	4695
4662	4588	4639
4662	4615	4588
4744	4715	4662
4744	4789	4715
4744	4817	4789
4817	4881	4789
4817	4963	4881
4963	4909	4881
4963	5017	4909
5017	5027	4909
5027	5008	4909
5008	4939	4909
5008	5012	4939
5008	5023	5012
5023	5048	5012
5048	4992	5012
5048	5035	4992
5035	4953	4992
4953	4923	4992
4953	4930	4923
5035	5046	4953
5046	5034	4953
5046	5079	5034
5079	5071	5034
5071	5030	5034
5071	5045	5030
5045	5015	5030
5045	5061	5015
5061	4998	5015
5061	5038	4998
5038	4948	4998
5038	4962	4948
5038	4988	4962
5038	5062	4988
5062	4980	4988
4980	4956	4988
4980	4900	4956
4900	4908	4956
4900	4834	4908
4980	4977	4900
4977	4960	4900
4960	4889	4900
4889	4853	4900
4960	4898	4889
4960	5019	4898
5019	4946	4898
4946	4884	4898
4946	4905	4884
4946	4973	4905
4973	4903	4905
4973	4913	4903
4913	4862	4903
4913	4849	4862
4849	4780	4862
4780	4770	4862
4770	4774	4862
4913	4937	4849
4937	4850	4849
4913	5002	4937
5002	4968	4937
5002	5010	4968
5010	4993	4968
4993	4986	4968
4986	4914	4968
4986	4945	4914
4945	4932	4914
4932	4858	4914
4858	4843	4914
4843	4840	4914
4840	4850	4914
4840	4797	4850
4840	4843	4797
4843	4758	4797
4758	4766	4797
4766	4741	4797
4766	4661	4741
4661	4653	4741
4653	4709	4741
4653	4634	4709
4653	4643	4634
4766	4758	4661
4758	4611	4661
4758	4693	4611
4693	4614	4611
4758	4830	4693
4830	4733	4693
4733	4690	4693
4758	4843	4830
4843	4858	4830
4858	4888	4830
4858	4910	4888
4910	4915	4888
4915	4869	4888
4915	4851	4869
4915	4906	4851
4906	4852	4851
4852	4799	4851
4799	4729	4851
4729	4733	4851
4799	4768	4729
4799	4852	4768
4906	4895	4852
4895	4868	4852
4858	4932	4910
4932	4951	4910
4951	4983	4910
4951	4945	4983
4945	4986	4983
4951	4932	4945
4993	5041	4986
4993	5056	5041
4993	5010	5056
5010	5065	5056
5065	5109	5056
5109	5115	5056
5109	5128	5115
5128	5136	5115
5136	5116	5115
5128	5153	5136
5153	5156	5136
5156	5139	5136
5156	5159	5139
5159	5138	5139
5138	5107	5139
5107	5084	5139
5107	5094	5084
5094	5080	5084
5094	5107	5080
5107	5132	5080
5132	5078	5080
5132	5140	5078
5140	5095	5078
5095	5072	5078
5072	5033	5078
5072	5032	5033
5032	4972	5033
5032	4979	4972
4979	4902	4972
4979	4978	4902
4978	4864	4902
4978	4928	4864
4928	4901	4864
4928	4938	4901
4938	4883	4901
4938	4855	4883
4855	4751	4883
4855	4798	4751
4855	4831	4798
4831	4772	4798
4831	4805	4772
4805	4738	4772
4805	4746	4738
4746	4689	4738
4805	4829	4746
4829	4807	4746
4829	4886	4807
4886	4773	4807
4886	4842	4773
4886	4927	4842
4927	4919	4842
4919	4887	4842
4919	4942	4887
4942	4943	4887
4943	4922	4887
4922	4827	4887
4827	4818	4887
4827	4788	4818
4827	4815	4788
4815	4763	4788
4815	4796	4763
4827	4922	4815
4943	4966	4922
4966	4924	4922
4966	4995	4924
4995	4996	4924
4996	4912	4924
4912	4871	4924
4912	4839	4871
4996	4985	4912
4996	5031	4985
5031	4997	4985
4996	5006	5031
5006	5028	5031
5028	5043	5031
5043	5050	5031
5050	5047	5031
5047	5005	5031
5047	5007	5005
5007	4984	5005
5007	4989	4984
4989	4961	4984
4961	4975	4984
4961	4950	4975
4950	4957	4975
4957	4997	4975
4957	4917	4997
4957	4916	4917
4916	4878	4917
4878	4844	4917
4844	4839	4917
4844	4800	4839
4844	4822	4800
4822	4755	4800
4755	4718	4800
4755	4696	4718
4755	4656	4696
4656	4607	4696
4656	4529	4607
4656	4645	4529
4656	4687	4645
4687	4717	4645
4717	4667	4645
4717	4668	4667
4668	4580	4667
4717	4706	4668
4717	4781	4706
4781	4803	4706
4803	4727	4706
4803	4802	4727
4803	4837	4802
4837	4821	4802
4821	4782	4802
4821	4838	4782
4838	4764	4782
4838	4828	4764
4828	4731	4764
4731	4740	4764
4731	4622	4740
4622	4619	4740
4622	4608	4619
4622	4549	4608
4549	4480	4608
4622	4528	4549
4622	4547	4528
4622	4621	4547
4621	4561	4547
4561	4548	4547
4561	4516	4548
4621	4651	4561
4621	4703	4651
4703	4720	4651
4720	4723	4651
4723	4676	4651
4723	4745	4676
4745	4666	4676
4666	4566	4676
4666	4574	4566
4574	4526	4566
4574	4572	4526
4574	4683	4572
4683	4567	4572
4683	4559	4567
4683	4692	4559
4692	4655	4559
4692	4724	4655
4724	4698	4655
4724	4747	4698
4747	4726	4698
4747	4846	4726
4747	4863	4846
4863	4921	4846
4921	4872	4846
4921	4940	4872
4940	4935	4872
4940	5020	4935
5020	4991	4935
4991	4963	4935
4963	4817	4935
4817	4808	4935
4817	4744	4808
4991	5017	4963
4991	5052	5017
5052	5092	5017
5092	5057	5017
5057	5027	5017
5057	5023	5027
5023	5008	5027
5057	5076	5023
5076	5048	5023
5076	5035	5048
5076	5068	5035
5068	5046	5035
5068	5100	5046
5100	5079	5046
5100	5098	5079
5098	5071	5079
5098	5102	5071
5102	5073	5071
5073	5045	5071
5073	5061	5045
5073	5103	5061
5103	5141	5061
5141	5112	5061
5112	5038	5061
5112	5077	5038
5077	5062	5038
5112	5165	5077
5112	5141	5165
5141	5182	5165
5182	5175	5165
5175	5169	5165
5175	5176	5169
5176	5174	5169
5176	5202	5174
5176	5175	5202
5175	5206	5202
5206	5213	5202
5213	5205	5202
5213	5212	5205
5212	5203	5205
5212	5199	5203
5212	5211	5199
5212	5214	5211
5214	5197	5211
5212	5213	5214
5206	5181	5213
5181	5192	5213
5192	5197	5213
5181	5177	5192
5177	5185	5192
5185	5193	5192
5185	5196	5193
5196	5204	5193
5204	5209	5193
5209	5207	5193
5209	5208	5207
5209	5195	5208
5195	5200	5208
5200	5201	5208
5200	5189	5201
5189	5190	5201
5190	5194	5201
5194	5199	5201
5190	5161	5194
5161	5167	5194
5167	5166	5194
5166	5164	5194
5166	5126	5164
5126	5140	5164
5140	5152	5164
5152	5160	5164
5152	5142	5160
5142	5138	5160
5138	5159	5160
5142	5130	5138
5130	5107	5138
5130	5132	5107
5130	5142	5132
5142	5152	5132
5152	5140	5132
5126	5095	5140
5126	5096	5095
5096	5032	5095
5032	5072	5095
5096	5037	5032
5037	4979	5032
5037	4978	4979
5037	4982	4978
4982	4928	4978
4982	4938	4928
4982	5036	4938
5036	4981	4938
4981	4920	4938
4920	4855	4938
4920	4877	4855
4877	4831	4855
4877	4829	4831
4829	4805	4831
4877	4918	4829
4918	4958	4829
4918	4970	4958
4970	5039	4958
5039	5009	4958
5009	5004	4958
5009	5067	5004
5067	5022	5004
5022	4949	5004
5022	5011	4949
5011	4927	4949
4927	4886	4949
4886	4829	4949
5011	4942	4927
4942	4919	4927
5011	4990	4942
4990	4943	4942
4990	5014	4943
5014	4966	4943
5014	4995	4966
5014	5024	4995
5024	5043	4995
5043	5028	4995
5028	5006	4995
5006	4996	4995
5024	5081	5043
5081	5075	5043
5075	5066	5043
5066	5050	5043
5066	5070	5050
5070	5047	5050
5070	5051	5047
5051	5007	5047
5070	5082	5051
5082	5064	5051
5082	5127	5064
5082	5106	5127
5106	5123	5127
5123	5144	5127
5123	5146	5144
5146	5154	5144
5154	5180	5144
5154	5187	5180
5187	5183	5180
5154	5186	5187
5186	5210	5187
5186	5188	5210
5188	5191	5210
5191	5195	5210
5195	5209	5210
5209	5204	5210
5204	5198	5210
5204	5196	5198
5196	5184	5198
5184	5170	5198
5184	5171	5170
5171	5151	5170
5171	5137	5151
5137	5121	5151
5121	5147	5151
5121	5104	5147
5104	5145	5147
5104	5101	5145
5101	5143	5145
5101	5120	5143
5120	5127	5143
5101	5049	5120
5049	5063	5120
5049	5053	5063
5053	5044	5063
5053	5001	5044
5001	5025	5044
5025	5021	5044
5021	5064	5044
5025	4934	5021
5025	5001	4934
5001	4921	4934
4921	4926	4934
4926	4897	4934
4897	4955	4934
4897	4925	4955
4925	4959	4955
4959	5000	4955
4959	4974	5000
4974	4989	5000
4989	5007	5000
4974	4961	4989
4974	4954	4961
4954	4911	4961
4911	4950	4961
4911	4944	4950
4944	4957	4950
4944	4899	4957
4944	4880	4899
4880	4866	4899
4866	4876	4899
4876	4865	4899
4865	4916	4899
4865	4878	4916
4865	4832	4878
4832	4794	4878
4794	4822	4878
4822	4844	4878
4794	4755	4822
4794	4656	4755
4794	4820	4656
4820	4687	4656
4794	4832	4820
4832	4865	4820
4866	4803	4876
4803	4781	4876
4866	4837	4803
4866	4859	4837
4859	4838	4837
4838	4821	4837
4859	4828	4838
4859	4870	4828
4859	4866	4870
4866	4880	4870
4880	4847	4870
4880	4890	4847
4890	4867	4847
4867	4795	4847
4795	4767	4847
4767	4745	4847
4767	4666	4745
4767	4795	4666
4795	4765	4666
4765	4700	4666
4700	4683	4666
4683	4574	4666
4700	4692	4683
4700	4754	4692
4754	4724	4692
4754	4762	4724
4762	4747	4724
4762	4863	4747
4762	4875	4863
4875	4894	4863
4894	4897	4863
4897	4926	4863
4926	4921	4863
4894	4925	4897
4894	4835	4925
4835	4954	4925
4954	4959	4925
4954	4974	4959
4835	4873	4954
4873	4911	4954
4873	4867	4911
4867	4890	4911
4890	4944	4911
4890	4880	4944
4873	4795	4867
4873	4819	4795
4819	4765	4795
4819	4835	4765
4835	4743	4765
4743	4739	4765
4739	4700	4765
4739	4743	4700
4743	4754	4700
4743	4875	4754
4875	4762	4754
4743	4835	4875
4835	4894	4875
4819	4873	4835
5001	4940	4921
5001	5020	4940
5001	5049	5020
5049	5052	5020
5052	4991	5020
5049	5101	5052
5101	5092	5052
5101	5104	5092
5104	5121	5092
5121	5057	5092
5121	5076	5057
5121	5137	5076
5137	5133	5076
5133	5113	5076
5113	5068	5076
5113	5100	5068
5113	5134	5100
5134	5098	5100
5134	5148	5098
5148	5102	5098
5148	5131	5102
5131	5103	5102
5103	5073	5102
5131	5149	5103
5149	5141	5103
5149	5168	5141
5168	5182	5141
5168	5181	5182
5181	5206	5182
5206	5175	5182
5168	5163	5181
5163	5158	5181
5158	5177	5181
5158	5157	5177
5157	5162	5177
5162	5185	5177
5162	5179	5185
5179	5184	5185
5184	5196	5185
5179	5171	5184
5179	5162	5171
5162	5137	5171
5162	5133	5137
5162	5157	5133
5157	5134	5133
5134	5113	5133
5157	5158	5134
5158	5148	5134
5158	5163	5148
5163	5131	5148
5163	5149	5131
5163	5168	5149
5001	5053	5049
5191	5172	5195
5172	5178	5195
5178	5200	5195
5178	5189	5200
5178	5155	5189
5155	5190	5189
5155	5161	5190
5155	5122	5161
5122	5093	5161
5093	5167	5161
5093	5096	5167
5096	5126	5167
5126	5166	5167
5093	5037	5096
5093	5036	5037
5036	4982	5037
5093	5085	5036
5085	5042	5036
5042	5016	5036
5016	4981	5036
5016	4970	4981
4970	4920	4981
4970	4918	4920
4918	4877	4920
5016	5042	4970
5042	5058	4970
5058	5039	4970
5058	5118	5039
5118	5067	5039
5067	5009	5039
5118	5124	5067
5124	5088	5067
5088	5022	5067
5088	5040	5022
5040	5011	5022
5040	4990	5011
5040	5024	4990
5024	5014	4990
5040	5060	5024
5060	5081	5024
5060	5114	5081
5114	5125	5081
5125	5090	5081
5090	5075	5081
5090	5066	5075
5090	5089	5066
5089	5070	5066
5089	5082	5070
5089	5106	5082
5089	5123	5106
5089	5090	5123
5090	5125	5123
5125	5146	5123
5125	5114	5146
5114	5154	5146
5060	5040	5114
5040	5088	5114
5088	5135	5114
5088	5124	5135
5124	5150	5135
5150	5173	5135
5150	5188	5173
5188	5186	5173
5186	5154	5173
5150	5172	5188
5172	5191	5188
5150	5124	5172
5124	5118	5172
5042	5099	5058
5042	5085	5099
5085	5122	5099
5122	5155	5099
5085	5093	5122
5178	5172	5155
4723	4828	4745
4723	4720	4828
4720	4731	4828
4720	4703	4731
4703	4622	4731
4703	4621	4622
4717	4687	4781
5156	5203	5159
5128	5129	5153
5128	5111	5129
5111	5110	5129
5110	5174	5129
5111	5091	5110
5091	5086	5110
5091	5026	5086
5026	4999	5086
4999	5062	5086
4999	4980	5062
4999	4977	4980
4999	5026	4977
5026	4960	4977
5026	5019	4960
5026	5091	5019
5091	5054	5019
5054	4946	5019
5054	4987	4946
4987	4973	4946
4987	5002	4973
5002	4913	4973
4987	5013	5002
5013	5059	5002
5059	5065	5002
5065	5010	5002
5059	5083	5065
5083	5105	5065
5105	5109	5065
5105	5128	5109
5105	5108	5128
5108	5111	5128
5108	5087	5111
5087	5054	5111
5054	5091	5111
5087	5059	5054
5059	5013	5054
5013	4987	5054
5087	5083	5059
5087	5108	5083
5108	5105	5083
4387	4418	4453
4387	4392	4418
4392	4366	4418
4366	4384	4418
4384	4445	4418
4384	4371	4445
4371	4415	4445
4415	4496	4445
4415	4476	4496
4476	4498	4496
4371	4346	4415
4371	4363	4346
4371	4384	4363
4384	4366	4363
4392	4336	4366
4392	4387	4336
4222	4196	4248
4222	4103	4196
4736	4796	4871
4674	4635	4768
4674	4623	4635
4623	4552	4635
4623	4491	4552
4674	4649	4623
3816	3988	3920
3836	3913	3850
3859	4000	3934
4000	4021	3934
4021	4032	3934
3876	4062	3938
4062	4018	3938
3876	4032	4062
3879	3956	3911
3956	4010	3911
4010	3880	3911
3911	3788	3879
3908	3910	4099
3910	4124	4099
4124	4163	4099
4163	4162	4099
4124	4211	4163
3910	3969	4124
3969	4039	4124
4099	3921	3908
3962	3990	4020
4020	3906	3962
3990	4247	4020
4247	4206	4020
4247	4258	4206
4258	4242	4206
4258	4459	4242
4258	4469	4459
4469	4540	4459
4540	4519	4459
4540	4594	4519
4594	4555	4519
4540	4730	4594
4730	4793	4594
4258	4287	4469
4287	4458	4469
4287	4399	4458
4399	4462	4458
4287	4263	4399
4263	4378	4399
4378	4504	4399
4504	4522	4399
4504	4571	4522
4504	4466	4571
4466	4601	4571
4466	4538	4601
4466	4404	4538
4404	4439	4538
4439	4470	4538
4404	4410	4439
4410	4237	4439
4504	4378	4466
4378	4256	4466
4378	4263	4256
4263	4188	4256
4188	4037	4256
4263	4247	4188
4263	4287	4247
4287	4258	4247
3968	3986	4036
4036	4094	3968
4094	4068	3968
4068	3983	3968
3973	4088	4055
4088	4126	4055
4088	4217	4126
4217	4144	4126
4144	4101	4126
4144	4205	4101
4144	4350	4205
4088	4161	4217
4161	4324	4217
3991	4156	4140
4156	4203	4140
4203	4270	4140
4270	4286	4140
4270	4434	4286
4270	4401	4434
4401	4471	4434
4401	4536	4471
4401	4563	4536
4563	4605	4536
4401	4532	4563
4270	4203	4401
4203	4233	4401
4203	4156	4233
4156	4190	4233
4156	4154	4190
4154	4284	4190
4030	4107	4047
4030	4098	4107
4043	4052	4168
4052	4120	4168
4052	4090	4120
4090	4112	4120
4090	4070	4112
4070	4195	4112
4195	4245	4112
4070	4044	4195
4090	4052	4070
4083	4102	4192
4093	4181	4228
4093	4059	4181
4181	4334	4228
4334	4237	4228
4181	4285	4334
4285	4382	4334
4105	4165	4301
4165	4306	4301
4306	4354	4301
4165	4304	4306
4304	4441	4306
4304	4335	4441
4335	4351	4441
4351	4484	4441
4351	4380	4484
4380	4560	4484
4560	4573	4484
4560	4603	4573
4351	4280	4380
4351	4335	4280
4335	4304	4280
4304	4199	4280
4304	4165	4199
4165	4060	4199
4118	4311	4153
4136	4187	4277
4187	4261	4277
4187	4241	4261
4157	4272	4305
4272	4352	4305
4175	4275	4200
4275	4276	4200
4175	4316	4275
4175	4108	4316
4182	4308	4367
4185	4215	4338
4338	4232	4185
4338	4262	4232
4338	4329	4262
4189	4216	4265
4197	4231	4279
4197	4268	4231
4201	4226	4213
4218	4220	4288
4221	4323	4224
4229	4296	4266
4296	4452	4266
4452	4364	4266
4452	4383	4364
4383	4377	4364
4235	4278	4253
4278	4347	4253
4293	4294	4489
4489	4343	4293
4489	4417	4343
4417	4374	4343
4374	4302	4343
4297	4448	4379
4448	4473	4379
4448	4557	4473
4448	4447	4557
4448	4297	4447
4297	4367	4447
4299	4435	4419
4435	4432	4419
4435	4534	4432
4435	4535	4534
4535	4616	4534
4314	4337	4356
4322	4423	4390
4341	4424	4427
4341	4436	4424
4436	4494	4424
4341	4311	4436
4311	4398	4436
4345	4369	4361
4369	4479	4361
4479	4472	4361
4472	4397	4361
4472	4503	4397
4503	4428	4397
4503	4537	4428
4503	4679	4537
4679	4612	4537
4612	4577	4537
4679	4671	4612
4503	4625	4679
4625	4630	4679
4369	4456	4479
4348	4464	4451
4394	4475	4460
4426	4490	4437
4490	4513	4437
4490	4524	4513
4429	4550	4604
4550	4583	4604
4438	4482	4518
4440	4449	4495
4449	4450	4495
4505	4618	4632
4618	4750	4632
4750	4673	4632
4750	4735	4673
4735	4675	4673
4735	4691	4675
4735	4806	4691
4618	4697	4750
4618	4576	4697
4576	4657	4697
4576	4507	4657
4618	4505	4576
4590	4658	4699
4658	4777	4699
4658	4682	4777
4610	4669	4633
4638	4801	4783
4801	4885	4783
4885	4816	4783
4885	4861	4816
4861	4756	4816
4664	4804	4792
4845	4856	4893
2	14	1
2	19	14
19	16	14
24	8	3
8	7	3
7	4	3
58	130	24
130	48	24
130	82	48
492	512	556
734	743	764
743	868	764
868	808	764
868	865	808
734	698	743
954	969	967
1154	1009	1008
1154	1159	1009
1154	1231	1159
793	979	910
793	790	979
790	966	979
452	585	541
584	713	597
713	708	597
37	95	41
52	25	69
25	31	69
25	21	31
52	35	25
22	9	25
127	263	191
127	230	263
226	244	204
226	406	244
389	508	371
389	528	508
389	478	528
478	570	528
336	411	275
426	333	423
806	884	1007
802	829	700
822	1006	802
1006	916	802
822	949	1006
949	971	1006
971	1205	1006
1205	1246	1006
1246	1190	1006
511	609	624
511	521	609
511	437	521
437	578	521
437	550	578
845	789	767
789	713	767
845	848	789
845	901	848
905	982	862
1028	1032	1014
1028	1034	1032
1041	1068	1028
1051	1168	1041
1656	1806	1555
1806	1726	1555
1833	1982	1791
1982	1949	1791
1949	1882	1791
1885	2061	1833
1885	2126	2061
2119	2109	2199
2098	2191	2230
2098	1987	2191
1458	1310	1443
1219	1362	1153
1219	1272	1362
701	556	706
1296	1214	1316
1214	1236	1316
2399	2331	2211
2399	2573	2331
2573	2495	2331
2495	2402	2331
2542	2499	2491
2269	2079	2307
2079	2248	2307
2269	1967	2079
2269	2086	1967
2086	2008	1967
2008	1801	1967
2008	1950	1801
854	842	825
854	1081	842
997	826	1011
826	876	1011
917	908	920
1157	932	1044
1309	1566	1338
1087	1252	1265
1475	1643	1467
1643	1649	1467
1643	1716	1649
1096	1229	1194
1454	1695	1453
1454	1760	1695
1447	1506	1524
1489	1607	1455
1539	1593	1583
1615	1613	1508
1697	1845	1698
2020	2115	1990
1677	1712	1667
2014	1819	1820
2009	2123	2014
2217	2456	2197
2456	2397	2197
2775	2642	2547
2775	2851	2642
2658	2401	2577
2658	2418	2401
2658	2730	2418
2730	2425	2418
2730	2583	2425
2583	2512	2425
1748	1905	1709
1905	1852	1709
1852	1769	1709
2116	2222	2120
1786	2011	1884
1786	1965	2011
1869	2052	1933
2052	2092	1933
1839	1846	1802
1839	2112	1846
2112	1917	1846
1839	1968	2112
1939	2125	1934
2125	1847	1934
2274	2161	2201
2161	2064	2201
2274	2181	2161
2168	2429	2272
2034	2019	2064
2159	2462	2219
2462	2459	2219
2462	2703	2459
2462	2551	2703
2159	2190	2462
2190	2263	2462
2267	2519	2263
2267	2348	2519
2205	2208	2280
2460	2356	2202
2460	2490	2356
2402	2531	2333
2531	2377	2333
2341	2539	2504
2539	2625	2504
2341	2319	2539
2319	2438	2539
2465	2209	2362
2461	2556	2368
2461	2703	2556
2703	2726	2556
2703	2770	2726
3307	3548	3541
3303	3455	3548
2552	2716	2454
2716	2735	2454
2440	2409	2552
2644	2688	2687
2744	2519	2644
2483	2385	2468
3577	3648	3388
3648	3499	3388
3499	3381	3388
3534	3467	3611
2863	2724	2897
2863	2649	2724
3063	3153	2975
2997	3045	3153
3045	3261	3153
2739	2922	2686
2633	2447	2606
2633	2591	2447
2823	2837	3058
2876	3115	2942
3115	3109	2942
2593	2674	2611
2707	2492	2593
2707	2596	2492
2798	2521	2735
2840	3171	2858
2824	3061	2840
2803	2777	2940
2630	2774	2677
2780	2634	2722
2702	2573	2893
2750	2685	2959
2750	2581	2685
2814	2509	2788
3127	3374	3094
3233	3423	3374
3233	3365	3423
3143	3220	3035
3220	3004	3035
3276	3346	3136
3276	3273	3346
2985	3073	2898
3373	3289	3334
3289	3086	3334
3391	3628	3373
3628	3441	3373
3628	3734	3441
3734	3732	3441
3732	3495	3441
3732	3800	3495
3800	3820	3495
3820	3561	3495
3800	3870	3820
3800	4188	3870
4188	3990	3870
4188	4247	3990
3800	4037	4188
3628	3772	3734
3391	3613	3628
3391	3578	3613
3578	3580	3613
3722	3486	3503
3722	3673	3486
3594	3929	3568
3929	3895	3568
3895	3722	3568
3594	3725	3929
3725	3931	3929
3931	3977	3929
3964	4206	4015
3964	4020	4206
3964	3906	4020
3640	3701	3764
3640	3528	3701
3528	3449	3701
3449	3451	3701
3449	3217	3451
3217	3230	3451
3230	3447	3451
3217	3120	3230
3161	3343	3268
3187	3414	3250
3204	3148	3377
3519	3686	3429
3854	4066	3888
3854	4076	4066
3651	3560	3738
3367	3134	3363
3301	3552	3333
3450	3512	3319
3512	3488	3319
3542	3658	3523
3492	3491	3666
3795	3689	3792
3843	3834	3789
3946	3980	3972
3980	4197	3972
3980	4268	4197
3980	4018	4268
4018	4198	4268
4198	4295	4268
4018	4129	4198
4018	4062	4129
4062	4110	4129
3980	3989	4018
4433	4407	4349
4521	4500	4331
4825	4854	4775
4882	4947	4814
4882	4976	4947
4904	4860	4891
4606	4598	4575
4967	4941	4879
4971	5069	4967
5069	5055	4967
4971	4969	5069
4969	5074	5069
4969	5018	5074
5018	5097	5074
5097	5117	5074
5117	5119	5074
5018	5003	5097
5003	5029	5097
4969	4929	5018
4969	4907	4929
4502	4660	4542
4502	4553	4660
3959	3993	3899
4937	4968	4850
4968	4914	4850
4830	4869	4733
4869	4851	4733
4830	4888	4869
4815	4922	4796
4922	4871	4796
4922	4924	4871
4912	4917	4839
4912	4985	4917
4985	4997	4917
5077	5165	5062
5165	5169	5062
5169	5086	5062
5169	5110	5086
5169	5174	5110
5202	5153	5174
5153	5129	5174
5202	5205	5153
5205	5203	5153
5203	5156	5153
5199	5159	5203
5199	5160	5159
5199	5164	5160
5199	5194	5164
5211	5201	5199
5211	5207	5201
5207	5208	5201
4958	4949	4829
4958	5004	4949
5051	5000	5007
5051	5064	5000
5064	5021	5000
5127	5120	5064
5120	5063	5064
5063	5044	5064
5144	5180	5127
5180	5143	5127
5180	5183	5143
5183	5145	5143
5183	5170	5145
5170	5151	5145
5151	5147	5145
5183	5198	5170
5183	5210	5198
5183	5187	5210
4934	4955	5021
4899	4916	4957
4820	4781	4687
4820	4865	4781
4870	4847	4828
4847	4745	4828
5135	5173	5114
5118	5155	5172
5118	5058	5155
5058	5099	5155
4032	3876	3934
4124	4330	4211
4330	4307	4211
4124	4039	4330
4466	4256	4404
4205	3963	4101
4434	4435	4286
4435	4299	4286
4434	4471	4435
4471	4535	4435
3991	3887	4156
4044	3997	4195
4070	4052	4044
4118	4183	4311
4367	4297	4182
4216	4414	4265
4323	4264	4224
4323	4483	4264
4293	4086	4294
4322	4141	4423
4348	4543	4464
