263.026520 233.234394 47.205684 255 0 0
275.011891 220.279639 50.530926 255 0 0
288.285482 208.687506 53.968434 255 0 0
302.847293 198.457995 57.518207 255 0 0
318.697324 189.591105 61.180246 255 0 0
335.835575 182.086836 64.954551 255 0 0
354.262047 175.945189 68.841122 255 0 0
373.976738 171.166164 72.839958 255 0 0
394.979650 167.749760 76.951060 0 255 0
374.483886 167.775810 90.919694 0 255 0
355.478344 169.378150 105.018198 0 255 0
337.963024 172.556779 119.246571 0 255 0
321.937925 177.311699 133.604815 0 255 0
307.403049 183.642908 148.092927 0 255 0
294.358394 191.550407 162.710910 0 255 0
282.803960 201.034196 177.458762 0 255 0
272.739748 212.094274 192.336484 0 255 0
