3.156382365894671693e+02 1.895080830178876852e+02 1.933732298425697422e+02
3.175039349467538727e+02 1.766248573880609740e+02 1.774797540246915446e+02
3.157692216036862192e+02 1.610477000931470286e+02 1.665718627099179230e+02
3.165545959451084173e+02 1.485155366862598783e+02 1.483788459493194409e+02
3.267994826995912376e+02 1.416910458536383715e+02 1.215726324960750730e+02
3.367829082729372772e+02 1.321413670486724357e+02 1.034094611422082721e+02
3.536076846488621754e+02 1.242324139509281906e+02 8.715935618138883001e+01
3.568804975218817503e+02 1.144046006936706874e+02 6.276161432407241136e+01
3.742924727549066120e+02 1.333350391949606149e+02 1.932847911331566593e+01
3.600204802188896451e+02 1.446296336743528457e+02 2.721309603149717304e+01
3.506579874585990524e+02 1.606516280032774660e+02 2.484902182844194840e+01
3.377604287893701667e+02 1.746609869348026507e+02 2.530975321171507630e+01
3.318676251336551104e+02 1.920143212470694323e+02 2.228161652367424495e+01
3.326854496847398650e+02 2.096457895848127748e+02 2.548806824679996907e+01
3.378571705172269048e+02 2.262136288712939916e+02 3.681230952282993485e+01
3.282659132143231773e+02 2.398510877571646063e+02 4.201089885148331859e+01
