27.488038 35.327003 10.750000 255 0 0
27.777162 35.210981 9.843750 255 0 0
28.134372 34.984136 8.937500 255 0 0
28.559666 34.646469 8.031250 255 0 0
29.053047 34.197980 7.125000 255 0 0
29.614512 33.638668 6.218750 255 0 0
30.244063 32.968533 5.312500 255 0 0
30.941699 32.187576 4.406250 255 0 0
31.707421 31.295796 3.500000 0 255 0
31.108188 30.284598 4.406250 0 255 0
30.556763 29.394362 5.312500 0 255 0
30.053144 28.625088 6.218750 0 255 0
29.597331 27.976776 7.125000 0 255 0
29.189326 27.449425 8.031250 0 255 0
28.829128 27.043036 8.937500 0 255 0
28.516736 26.757609 9.843750 0 255 0
28.252151 26.593144 10.750000 0 255 0
