   3.1283085e+02   4.5368159e+01   1.3300000e+02
   3.1209453e+02   4.2084577e+01   1.2500000e+02
   3.1390547e+02   3.3706468e+01   1.1700000e+02
   3.0298010e+02   3.0422886e+01   1.0900000e+02
   3.0733831e+02   3.2233831e+01   1.0100000e+02
   3.0914925e+02   4.1686567e+01   9.3000000e+01
   2.9567662e+02   4.3497512e+01   8.5000000e+01
   3.0258209e+02   4.5308458e+01   7.7000000e+01
   3.2222388e+02   4.7119403e+01   6.9000000e+01
   3.2403483e+02   6.4213930e+01   6.1000000e+01
   3.2389303e+02   7.8082090e+01   5.3000000e+01
   3.0830348e+02   1.1398507e+02   5.3000000e+01
   2.8645274e+02   1.4523134e+02   6.1000000e+01
