1	12	2
12	30	2
30	62	2
30	111	62
111	142	62
142	104	62
111	216	142
111	181	216
181	212	216
212	293	216
293	225	216
293	345	225
212	353	293
111	115	181
115	100	181
100	159	181
100	156	159
100	66	156
66	70	156
70	154	156
66	3	70
3	57	70
3	10	57
10	52	57
10	28	52
28	41	52
41	152	52
41	46	152
41	28	46
28	5	46
5	37	46
5	13	37
13	40	37
13	27	40
13	17	27
13	22	17
22	45	17
45	23	17
45	56	23
56	53	23
53	48	23
53	51	48
51	94	48
94	49	48
94	90	49
90	40	49
94	107	90
51	118	94
51	87	118
87	113	118
113	161	118
161	214	118
113	125	161
125	131	161
125	113	131
113	102	131
102	123	131
123	155	131
123	138	155
138	169	155
169	189	155
169	201	189
201	266	189
201	217	266
217	280	266
280	332	266
332	327	266
332	386	327
386	364	327
386	433	364
433	453	364
453	378	364
378	348	364
348	282	364
348	341	282
341	309	282
309	251	282
309	236	251
236	189	251
348	444	341
348	378	444
378	453	444
453	540	444
540	594	444
594	596	444
540	586	594
586	704	594
586	672	704
672	721	704
721	755	704
755	758	704
721	733	755
721	672	733
672	683	733
683	873	733
683	754	873
754	827	873
827	909	873
909	914	873
909	951	914
909	1017	951
1017	1094	951
1094	1103	951
1103	1039	951
1094	1220	1103
1220	1226	1103
1220	1325	1226
1325	1257	1226
1257	1142	1226
1257	1228	1142
1228	1208	1142
1208	1107	1142
1208	1162	1107
1162	1035	1107
1162	1084	1035
1084	882	1035
1084	889	882
889	845	882
845	840	882
889	900	845
900	745	845
900	762	745
900	884	762
884	775	762
775	716	762
775	635	716
775	679	635
679	608	635
775	853	679
853	823	679
853	954	823
853	863	954
863	984	954
984	1060	954
1060	1123	954
1123	1069	954
984	1175	1060
863	884	984
884	900	984
863	775	884
863	853	775
1162	1212	1084
1162	1250	1212
1250	1379	1212
1250	1372	1379
1372	1466	1379
1372	1435	1466
1435	1478	1466
1478	1674	1466
1435	1340	1478
1340	1447	1478
1447	1460	1478
1447	1414	1460
1414	1402	1460
1402	1429	1460
1429	1516	1460
1516	1566	1460
1516	1591	1566
1591	1645	1566
1591	1744	1645
1744	1680	1645
1591	1668	1744
1668	1687	1744
1668	1580	1687
1580	1599	1687
1599	1768	1687
1580	1553	1599
1553	1594	1599
1553	1592	1594
1553	1464	1592
1464	1652	1592
1553	1393	1464
1393	1455	1464
1393	1392	1455
1392	1365	1455
1392	1381	1365
1392	1393	1381
1393	1261	1381
1393	1330	1261
1393	1369	1330
1369	1220	1330
1369	1325	1220
1369	1402	1325
1402	1414	1325
1414	1340	1325
1340	1257	1325
1340	1305	1257
1305	1228	1257
1305	1250	1228
1250	1208	1228
1250	1162	1208
1305	1372	1250
1305	1435	1372
1305	1340	1435
1414	1447	1340
1369	1429	1402
1369	1393	1429
1393	1516	1429
1393	1553	1516
1553	1580	1516
1580	1591	1516
1580	1668	1591
1017	1048	1094
1017	1049	1048
1017	970	1049
970	1086	1049
1086	1184	1049
1086	1122	1184
1017	909	970
909	827	970
827	839	970
827	722	839
722	834	839
834	842	839
722	718	834
718	815	834
718	781	815
781	854	815
781	871	854
781	816	871
816	937	871
937	1045	871
937	969	1045
937	893	969
937	816	893
816	788	893
816	736	788
816	781	736
781	674	736
674	637	736
674	611	637
611	571	637
571	595	637
571	588	595
571	554	588
554	524	588
554	532	524
554	542	532
542	538	532
538	479	532
479	433	532
479	457	433
457	453	433
457	484	453
484	495	453
495	540	453
495	541	540
541	586	540
541	598	586
598	672	586
598	683	672
598	661	683
661	663	683
663	754	683
663	714	754
714	722	754
722	827	754
661	598	663
541	495	598
495	479	598
479	538	598
495	484	479
484	457	479
542	611	538
542	571	611
542	554	571
674	718	611
674	781	718
332	381	386
332	357	381
357	423	381
357	390	423
390	425	423
425	507	423
507	494	423
425	523	507
523	584	507
523	551	584
551	645	584
551	613	645
551	555	613
555	567	613
555	536	567
555	461	536
461	445	536
445	497	536
497	574	536
445	454	497
445	391	454
391	363	454
391	303	363
303	311	363
303	289	311
289	249	311
249	272	311
272	334	311
272	263	334
263	321	334
263	265	321
265	310	321
265	300	310
265	274	300
274	270	300
274	233	270
233	227	270
227	269	270
269	288	270
288	340	270
288	328	340
328	314	340
314	380	340
314	317	380
317	351	380
351	384	380
384	424	380
384	388	424
388	399	424
399	462	424
399	440	462
440	459	462
440	456	459
440	431	456
431	465	456
465	490	456
465	511	490
465	485	511
485	533	511
485	529	533
529	604	533
485	483	529
485	396	483
396	389	483
396	350	389
350	323	389
323	362	389
323	322	362
322	320	362
322	244	320
244	260	320
260	297	320
297	397	320
297	325	397
325	371	397
371	411	397
371	372	411
372	420	411
372	339	420
339	387	420
387	458	420
458	481	420
481	545	420
481	561	545
561	593	545
593	550	545
593	573	550
593	644	573
644	589	573
644	692	589
692	665	589
665	604	589
665	678	604
665	723	678
723	757	678
757	742	678
742	691	678
742	726	691
742	813	726
742	821	813
821	881	813
881	850	813
881	967	850
881	949	967
881	898	949
898	902	949
902	959	949
902	892	959
892	936	959
936	1000	959
892	838	936
892	777	838
777	806	838
806	855	838
806	832	855
832	891	855
891	997	855
832	833	891
832	797	833
832	795	797
795	670	797
795	675	670
675	593	670
593	561	670
561	640	670
561	581	640
561	481	581
675	644	593
675	697	644
697	692	644
697	710	692
710	665	692
710	723	665
710	806	723
806	777	723
777	757	723
777	868	757
868	837	757
868	898	837
898	881	837
881	821	837
868	902	898
868	892	902
868	777	892
710	795	806
795	832	806
710	697	795
697	675	795
339	343	387
339	333	343
333	349	343
333	331	349
331	359	349
359	447	349
359	354	447
354	430	447
430	517	447
517	547	447
517	562	547
562	603	547
603	609	547
603	668	609
603	618	668
603	562	618
562	583	618
583	627	618
627	695	618
627	676	695
676	708	695
708	750	695
708	740	750
708	730	740
730	870	740
730	846	870
730	766	846
766	825	846
825	860	846
825	820	860
820	830	860
830	887	860
887	961	860
961	993	860
961	1040	993
1040	1023	993
1040	1215	1023
1040	1180	1215
1180	1313	1215
1180	1166	1313
1166	1223	1313
1166	1211	1223
1211	1240	1223
1211	1156	1240
1156	1233	1240
1233	1281	1240
1281	1399	1240
1281	1387	1399
1387	1442	1399
1442	1453	1399
1442	1472	1453
1442	1513	1472
1513	1613	1472
1442	1441	1513
1441	1507	1513
1441	1468	1507
1468	1439	1507
1468	1441	1439
1441	1400	1439
1400	1456	1439
1456	1612	1439
1456	1603	1612
1603	1625	1612
1625	1815	1612
1815	1750	1612
1815	1864	1750
1625	1741	1815
1741	1869	1815
1869	1916	1815
1741	1797	1869
1797	1816	1869
1741	1726	1797
1741	1624	1726
1624	1633	1726
1633	1736	1726
1624	1603	1633
1603	1593	1633
1603	1456	1593
1456	1503	1593
1503	1595	1593
1503	1550	1595
1550	1691	1595
1503	1421	1550
1421	1410	1550
1421	1310	1410
1310	1373	1410
1310	1364	1373
1364	1385	1373
1310	1234	1364
1234	1341	1364
1234	1196	1341
1196	1159	1341
1196	1085	1159
1196	1195	1085
1195	1074	1085
1074	1012	1085
1074	958	1012
958	941	1012
941	904	1012
904	973	1012
941	908	904
908	817	904
817	849	904
908	761	817
761	699	817
699	706	817
699	643	706
643	617	706
617	686	706
699	600	643
600	518	643
518	475	643
518	429	475
518	368	429
368	394	429
368	305	394
600	559	518
600	599	559
600	641	599
641	534	599
641	612	534
612	548	534
548	455	534
455	442	534
442	450	534
442	409	450
409	375	450
409	308	375
409	306	308
306	259	308
306	246	259
246	193	259
246	219	193
219	195	193
195	174	193
174	173	193
173	140	193
140	127	193
127	128	193
127	60	128
60	98	128
98	126	128
98	135	126
98	109	135
109	187	135
98	80	109
80	84	109
84	133	109
84	106	133
84	81	106
81	114	106
114	136	106
136	166	106
136	192	166
192	213	166
213	224	166
213	243	224
243	254	224
254	284	224
284	261	224
261	198	224
198	177	224
261	257	198
213	253	243
213	287	253
136	165	192
165	210	192
165	221	210
221	275	210
275	301	210
275	313	301
313	338	301
165	182	221
182	208	221
182	172	208
172	225	208
182	153	172
182	114	153
114	54	153
54	104	153
54	20	104
114	32	54
32	4	54
4	7	54
7	8	54
8	33	54
7	4	8
4	6	8
4	15	6
15	42	6
15	32	42
32	35	42
35	80	42
80	98	42
98	60	42
32	81	35
32	114	81
15	4	32
182	165	114
165	136	114
127	105	60
127	140	105
140	96	105
96	76	105
96	75	76
75	36	76
75	61	36
61	38	36
38	19	36
38	31	19
31	11	19
11	3	19
3	29	19
3	66	29
11	9	3
9	10	3
9	5	10
5	28	10
9	14	5
14	26	5
26	22	5
22	13	5
26	44	22
44	55	22
55	45	22
55	71	45
71	56	45
71	78	56
78	53	56
78	86	53
86	69	53
69	51	53
69	87	51
69	91	87
91	113	87
91	102	113
91	116	102
116	123	102
116	138	123
116	130	138
130	171	138
171	169	138
171	191	169
191	201	169
191	217	201
191	239	217
239	249	217
249	289	217
289	292	217
292	280	217
292	357	280
357	332	280
292	303	357
303	390	357
303	373	390
373	425	390
373	461	425
461	523	425
461	555	523
555	551	523
373	445	461
373	391	445
373	303	391
292	289	303
239	272	249
239	207	272
207	263	272
207	206	263
207	176	206
176	170	206
170	183	206
183	200	206
200	229	206
200	209	229
209	240	229
240	265	229
240	274	265
240	233	274
240	209	233
209	227	233
209	205	227
205	232	227
232	269	227
232	234	269
232	203	234
203	248	234
203	184	248
184	199	248
199	244	248
244	323	248
323	350	248
244	322	323
199	260	244
199	218	260
218	271	260
271	297	260
271	325	297
271	339	325
339	372	325
372	371	325
271	295	339
295	333	339
295	331	333
295	267	331
267	329	331
329	359	331
329	354	359
329	344	354
344	430	354
344	330	430
330	422	430
422	448	430
448	496	430
496	517	430
496	583	517
583	562	517
496	590	583
590	627	583
590	576	627
576	698	627
698	676	627
698	708	676
698	730	708
698	766	730
698	709	766
709	734	766
734	825	766
734	820	825
734	794	820
794	830	820
794	879	830
879	887	830
879	961	887
879	946	961
946	972	961
972	1059	961
1059	1040	961
1059	1166	1040
1166	1180	1040
1059	1147	1166
1147	1211	1166
1147	1156	1211
1147	1116	1156
1116	1119	1156
1119	1157	1156
1157	1177	1156
1177	1233	1156
1177	1231	1233
1231	1281	1233
1231	1266	1281
1266	1307	1281
1307	1387	1281
1307	1363	1387
1363	1441	1387
1441	1442	1387
1363	1323	1441
1323	1320	1441
1320	1400	1441
1320	1312	1400
1312	1401	1400
1401	1445	1400
1445	1456	1400
1445	1503	1456
1445	1421	1503
1445	1401	1421
1401	1310	1421
1401	1312	1310
1312	1288	1310
1288	1234	1310
1288	1195	1234
1195	1196	1234
1288	1231	1195
1231	1157	1195
1157	1119	1195
1119	1088	1195
1088	1074	1195
1088	1027	1074
1027	958	1074
1027	947	958
947	925	958
925	941	958
925	908	941
1027	943	947
943	922	947
943	946	922
946	879	922
879	787	922
787	796	922
879	794	787
794	701	787
794	734	701
734	709	701
709	685	701
685	612	701
685	576	612
576	548	612
685	698	576
685	709	698
943	1027	946
1027	972	946
1027	1029	972
1027	1088	1029
1088	1116	1029
1088	1119	1116
1231	1177	1157
1288	1266	1231
1288	1312	1266
1312	1307	1266
1312	1323	1307
1323	1363	1307
1312	1320	1323
448	441	496
448	422	441
422	370	441
370	455	441
370	442	455
370	403	442
403	409	442
403	306	409
403	370	306
370	294	306
294	246	306
294	247	246
247	219	246
247	245	219
245	228	219
228	195	219
245	298	228
245	296	298
296	344	298
344	329	298
296	330	344
296	285	330
285	326	330
326	370	330
370	422	330
326	294	370
326	285	294
285	247	294
285	245	247
285	296	245
295	283	267
283	258	267
283	222	258
283	271	222
283	295	271
199	163	218
163	188	218
163	158	188
158	164	188
158	139	164
139	162	164
139	110	162
110	72	162
72	122	162
122	148	162
122	121	148
121	150	148
121	146	150
146	195	150
146	174	195
146	140	174
140	173	174
146	96	140
146	121	96
121	85	96
85	75	96
85	61	75
85	82	61
82	77	61
77	38	61
77	63	38
63	47	38
47	31	38
47	34	31
34	25	31
25	11	31
25	9	11
25	21	9
21	14	9
21	16	14
16	39	14
39	26	14
39	73	26
73	44	26
73	99	44
99	55	44
99	101	55
101	71	55
101	117	71
117	93	71
93	78	71
93	97	78
97	92	78
92	86	78
92	143	86
143	103	86
103	69	86
103	116	69
116	91	69
103	130	116
103	157	130
157	171	130
157	176	171
176	239	171
239	191	171
176	207	239
157	170	176
157	143	170
143	183	170
157	103	143
92	97	143
93	124	97
93	120	124
120	145	124
145	178	124
145	175	178
175	205	178
205	209	178
209	200	178
200	183	178
175	203	205
203	232	205
175	184	203
175	144	184
144	141	184
141	149	184
149	194	184
194	199	184
194	163	199
194	151	163
151	134	163
134	158	163
134	108	158
108	139	158
108	110	139
108	89	110
89	43	110
43	72	110
43	34	72
34	50	72
50	64	72
50	47	64
47	63	64
50	34	47
43	21	34
21	25	34
43	16	21
43	39	16
43	59	39
59	73	39
59	67	73
67	95	73
95	99	73
95	112	99
112	119	99
119	101	99
119	117	101
119	141	117
141	144	117
144	120	117
120	93	117
144	145	120
144	175	145
119	129	141
129	149	141
129	151	149
151	194	149
129	134	151
129	112	134
112	108	134
112	95	108
95	67	108
67	89	108
67	43	89
67	59	43
129	119	112
82	121	77
121	122	77
82	85	121
600	770	641
770	796	641
600	699	770
699	761	770
761	780	770
761	908	780
1624	1625	1603
1624	1741	1625
396	377	350
377	374	350
374	324	350
324	312	350
324	317	312
317	314	312
314	269	312
314	288	269
314	328	288
324	351	317
324	374	351
374	379	351
379	399	351
399	388	351
388	384	351
379	440	399
379	431	440
379	385	431
385	377	431
377	396	431
396	485	431
485	465	431
385	374	377
385	379	374
115	111	100
111	30	100
30	29	100
30	18	29
30	36	18
30	12	36
1	24	12
24	60	12
1	20	24
79	137	132
137	215	132
215	179	132
167	231	180
231	190	180
190	168	180
186	250	268
202	220	235
220	335	235
335	360	235
360	273	235
273	230	235
273	281	230
273	342	281
273	383	342
273	360	383
335	500	360
226	264	252
226	256	264
256	361	264
226	214	256
237	262	242
242	154	237
154	152	237
279	319	318
291	398	304
291	404	398
302	434	436
434	642	436
642	530	436
530	486	436
486	413	436
413	302	436
413	355	302
355	284	302
413	412	355
412	473	355
412	487	473
487	557	473
557	543	473
543	522	473
543	620	522
620	638	522
638	504	522
638	617	504
617	563	504
620	655	638
655	677	638
677	785	638
677	743	785
743	829	785
829	843	785
743	844	829
844	864	829
743	741	844
741	885	844
741	948	885
948	978	885
948	1004	978
741	763	948
763	903	948
763	812	903
812	835	903
835	1028	903
1028	1041	903
835	919	1028
919	930	1028
919	918	930
741	712	763
712	647	763
712	662	647
662	620	647
620	621	647
621	629	647
621	557	629
557	623	629
557	654	623
557	530	654
530	642	654
557	487	530
487	486	530
487	412	486
412	413	486
621	543	557
621	620	543
662	655	620
662	677	655
662	743	677
662	712	743
712	741	743
307	376	369
307	287	376
336	443	352
336	407	443
336	262	407
347	417	415
417	471	415
356	428	392
392	313	356
356	439	428
356	358	439
358	426	439
426	472	439
472	501	439
501	516	439
501	585	516
585	610	516
610	582	516
582	527	516
582	572	527
572	499	527
499	427	527
427	428	527
499	452	427
452	376	427
452	460	376
452	499	460
499	476	460
499	570	476
499	572	570
572	591	570
591	606	570
606	652	570
652	619	570
652	717	619
717	667	619
717	773	667
773	764	667
764	642	667
717	771	773
771	878	773
717	724	771
717	652	724
606	648	652
591	624	606
591	572	624
572	582	624
582	659	624
659	703	624
703	705	624
703	753	705
753	783	705
783	774	705
774	727	705
727	715	705
727	804	715
727	774	804
774	783	804
783	872	804
753	800	783
800	862	783
800	852	862
852	926	862
926	939	862
926	1019	939
852	927	926
852	886	927
852	876	886
876	929	886
929	935	886
935	934	886
935	980	934
980	983	934
980	1008	983
1008	1031	983
1031	1010	983
1031	1047	1010
1047	1096	1010
1096	1067	1010
1067	991	1010
1067	1178	991
1178	986	991
986	964	991
1031	1200	1047
1031	1182	1200
1031	1146	1182
1146	1158	1182
1031	1148	1146
1148	1275	1146
1275	1247	1146
1275	1327	1247
1327	1302	1247
1302	1242	1247
1302	1350	1242
1302	1375	1350
1375	1427	1350
1427	1461	1350
1461	1366	1350
1461	1437	1366
1437	1488	1366
1488	1535	1366
1488	1597	1535
1597	1660	1535
1660	1588	1535
1660	1634	1588
1634	1573	1588
1634	1681	1573
1681	1778	1573
1778	1743	1573
1743	1637	1573
1637	1505	1573
1505	1457	1573
1505	1485	1457
1485	1272	1457
1505	1637	1485
1637	1483	1485
1743	1684	1637
1634	1660	1681
1660	1875	1681
1660	1773	1875
1773	1950	1875
1950	1982	1875
1982	2065	1875
1982	2005	2065
1982	1950	2005
1950	1788	2005
1788	2043	2005
1788	1843	2043
1843	2009	2043
2009	2132	2043
1843	1905	2009
1905	1940	2009
1843	1781	1905
1843	1808	1781
1808	1662	1781
1662	1721	1781
1662	1614	1721
1614	1720	1721
1614	1659	1720
1659	1730	1720
1730	1789	1720
1730	1775	1789
1775	1801	1789
1775	1803	1801
1803	1965	1801
1965	1964	1801
1965	2080	1964
2080	1998	1964
1965	2094	2080
1965	2013	2094
2013	2046	2094
2046	2083	2094
2046	2022	2083
2046	1926	2022
1926	1888	2022
1888	1853	2022
1853	1937	2022
1937	2120	2022
1937	2078	2120
1853	1812	1937
1812	1854	1937
1854	1836	1937
1854	1800	1836
1800	1777	1836
1777	1756	1836
1756	1755	1836
1755	1834	1836
1834	1887	1836
1756	1710	1755
1710	1674	1755
1674	1706	1755
1710	1672	1674
1710	1756	1672
1756	1705	1672
1705	1651	1672
1651	1557	1672
1651	1585	1557
1585	1512	1557
1585	1523	1512
1523	1425	1512
1523	1395	1425
1395	1370	1425
1395	1339	1370
1339	1260	1370
1395	1283	1339
1395	1378	1283
1378	1271	1283
1271	1253	1283
1271	1140	1253
1271	1225	1140
1225	1135	1140
1135	1069	1140
1135	1020	1069
1020	945	1069
1020	981	945
1020	1032	981
1032	1024	981
1024	933	981
1024	1026	933
1026	932	933
932	875	933
932	931	875
931	818	875
818	744	875
818	729	744
818	769	729
769	653	729
653	601	729
769	778	653
778	658	653
778	822	658
778	888	822
778	769	888
769	931	888
931	942	888
942	861	888
942	917	861
917	836	861
836	720	861
836	792	720
792	688	720
688	693	720
792	660	688
792	752	660
752	659	660
659	610	660
659	582	610
752	703	659
752	753	703
752	814	753
814	793	753
793	800	753
793	841	800
841	852	800
841	876	852
841	865	876
865	899	876
899	916	876
916	929	876
916	955	929
916	899	955
899	848	955
848	938	955
938	1038	955
938	917	1038
938	836	917
938	831	836
831	792	836
831	752	792
831	848	752
848	814	752
848	847	814
847	793	814
847	841	793
847	865	841
847	899	865
847	848	899
831	938	848
931	968	942
968	985	942
968	1083	985
1083	1126	985
1126	1125	985
1125	1038	985
1125	1063	1038
1125	1100	1063
1100	1079	1063
1100	1111	1079
1111	1008	1079
1008	957	1079
1008	980	957
980	935	957
935	929	957
1111	1148	1008
1148	1031	1008
1111	1132	1148
1132	1275	1148
1132	1187	1275
1187	1314	1275
1314	1327	1275
1314	1331	1327
1331	1375	1327
1375	1302	1327
1331	1390	1375
1390	1427	1375
1390	1473	1427
1473	1461	1427
1473	1520	1461
1520	1437	1461
1520	1524	1437
1524	1518	1437
1518	1471	1437
1471	1488	1437
1471	1495	1488
1471	1518	1495
1518	1560	1495
1518	1581	1560
1581	1554	1560
1581	1614	1554
1581	1659	1614
1581	1558	1659
1558	1666	1659
1666	1675	1659
1675	1730	1659
1675	1782	1730
1782	1775	1730
1782	1803	1775
1782	1784	1803
1784	1825	1803
1825	1879	1803
1879	1965	1803
1879	1926	1965
1926	2013	1965
1926	2046	2013
1879	1888	1926
1879	1825	1888
1825	1853	1888
1825	1812	1853
1825	1749	1812
1749	1682	1812
1682	1705	1812
1705	1732	1812
1732	1800	1812
1800	1854	1812
1732	1777	1800
1732	1756	1777
1732	1705	1756
1682	1632	1705
1632	1651	1705
1632	1622	1651
1622	1585	1651
1622	1632	1585
1632	1607	1585
1607	1523	1585
1607	1515	1523
1515	1395	1523
1515	1384	1395
1384	1378	1395
1384	1406	1378
1406	1271	1378
1406	1304	1271
1304	1252	1271
1252	1225	1271
1252	1207	1225
1207	1153	1225
1153	1135	1225
1153	1110	1135
1110	1020	1135
1110	1032	1020
1110	1153	1032
1153	1024	1032
1153	1026	1024
1153	1057	1026
1057	932	1026
1057	968	932
968	931	932
1057	1083	968
1057	1127	1083
1057	1153	1127
1153	1207	1127
1252	1311	1207
1311	1293	1207
1311	1345	1293
1345	1417	1293
1417	1360	1293
1417	1383	1360
1383	1321	1360
1383	1390	1321
1390	1331	1321
1331	1314	1321
1383	1417	1390
1417	1473	1390
1417	1481	1473
1481	1520	1473
1481	1558	1520
1558	1524	1520
1558	1581	1524
1581	1518	1524
1481	1542	1558
1542	1579	1558
1579	1666	1558
1579	1571	1666
1571	1623	1666
1623	1675	1666
1571	1541	1623
1541	1607	1623
1607	1661	1623
1661	1682	1623
1682	1749	1623
1749	1782	1623
1749	1784	1782
1749	1825	1784
1661	1632	1682
1661	1607	1632
1541	1515	1607
1541	1384	1515
1541	1406	1384
1541	1571	1406
1571	1418	1406
1418	1345	1406
1345	1304	1406
1345	1311	1304
1311	1252	1304
1418	1417	1345
1418	1481	1417
1418	1542	1481
1418	1571	1542
1571	1579	1542
1132	1100	1187
1100	1125	1187
1125	1126	1187
1132	1111	1100
769	818	931
1808	1733	1662
1808	1843	1733
1843	1788	1733
1950	1773	1788
501	506	585
506	526	585
506	472	526
472	435	526
472	426	435
426	358	435
506	501	472
414	477	537
477	519	537
477	509	519
509	650	519
537	407	414
421	432	568
438	470	525
470	569	525
569	592	525
525	514	438
514	404	438
514	491	404
514	544	491
449	467	489
466	549	552
508	575	558
531	646	546
539	626	607
560	580	616
560	489	580
580	636	616
636	713	616
565	597	651
597	615	651
577	711	690
690	633	577
690	681	633
579	656	680
622	669	630
669	682	630
682	687	630
664	746	772
746	883	772
883	856	772
883	944	856
671	803	819
684	767	859
859	798	684
798	696	684
859	907	798
907	857	798
732	866	809
809	737	732
809	810	737
809	877	810
735	776	808
808	788	735
747	791	923
789	910	867
910	963	867
789	802	910
802	858	910
858	976	910
858	894	976
894	1011	976
1011	1077	976
858	802	894
811	826	851
826	911	851
911	1043	851
911	966	1043
966	1089	1043
1089	1235	1043
1235	1036	1043
1235	1075	1036
1235	1222	1075
1222	1076	1075
1222	1243	1076
1243	1051	1076
1243	1113	1051
1235	1358	1222
1235	1297	1358
1297	1416	1358
1416	1532	1358
1235	1089	1297
1089	1167	1297
911	826	966
826	987	966
987	1102	966
826	824	987
824	1044	987
901	924	977
905	1018	1174
1018	1238	1174
1018	1090	1238
1090	1241	1238
1241	1264	1238
1264	1446	1238
1264	1296	1446
1264	1214	1296
1264	1241	1214
1241	1090	1214
1174	1114	905
1174	1129	1114
913	1003	1072
1003	995	1072
915	965	928
965	1107	928
965	992	1107
921	1013	1007
1013	1165	1007
1165	990	1007
1013	1124	1165
950	1022	1014
950	994	1022
952	1015	1050
962	1037	1001
1001	924	962
1037	1128	1001
1037	1065	1128
1037	962	1065
971	982	1097
971	872	982
982	1095	1097
1095	1150	1097
1095	1171	1150
1095	982	1171
988	1191	1106
1191	1258	1106
998	1034	1058
1058	997	998
1034	1087	1058
1087	1134	1058
1134	1145	1058
1145	1133	1058
1133	1099	1058
1145	1185	1133
1145	1251	1185
1251	1254	1185
1145	1134	1251
1134	1218	1251
1218	1282	1251
1282	1337	1251
1282	1328	1337
1328	1409	1337
1328	1343	1409
1343	1448	1409
1448	1491	1409
1491	1549	1409
1491	1504	1549
1491	1547	1504
1547	1572	1504
1547	1604	1572
1604	1692	1572
1604	1658	1692
1658	1747	1692
1658	1804	1747
1658	1664	1804
1664	1718	1804
1718	1848	1804
1848	1866	1804
1848	1931	1866
1931	1988	1866
1988	1865	1866
1988	1997	1865
1997	1890	1865
1890	1747	1865
1988	2049	1997
1988	2056	2049
2056	2158	2049
2158	2163	2049
2056	2116	2158
2116	2172	2158
2116	2150	2172
2150	2269	2172
2269	2295	2172
2269	2310	2295
2310	2363	2295
2269	2358	2310
2269	2302	2358
2302	2287	2358
2287	2368	2358
2368	2409	2358
2368	2421	2409
2421	2482	2409
2421	2392	2482
2421	2368	2392
2368	2287	2392
2287	2316	2392
2316	2318	2392
2316	2277	2318
2277	2330	2318
2277	2195	2330
2195	2185	2330
2185	2314	2330
2314	2348	2330
2185	2266	2314
2266	2298	2314
2298	2372	2314
2298	2331	2372
2331	2455	2372
2455	2405	2372
2266	2175	2298
2266	2185	2175
2316	2287	2277
2302	2274	2287
2302	2269	2274
2116	2061	2150
2061	2059	2150
2059	2106	2150
2059	2029	2106
2029	2102	2106
2102	2149	2106
2102	2195	2149
2029	2015	2102
2059	1970	2029
2059	2061	1970
2061	1995	1970
1995	1911	1970
1911	1870	1970
1911	1835	1870
1835	1758	1870
1835	1718	1758
1718	1647	1758
1647	1626	1758
1647	1546	1626
1647	1561	1546
1647	1664	1561
1664	1601	1561
1601	1545	1561
1601	1616	1545
1616	1547	1545
1547	1506	1545
1547	1448	1506
1448	1426	1506
1448	1344	1426
1344	1270	1426
1344	1343	1270
1343	1282	1270
1282	1218	1270
1218	1164	1270
1218	1143	1164
1143	1016	1164
1016	1014	1164
1143	1034	1016
1143	1087	1034
1143	1134	1087
1143	1218	1134
1343	1328	1282
1344	1448	1343
1547	1491	1448
1616	1604	1547
1616	1658	1604
1616	1664	1658
1616	1601	1664
1647	1673	1664
1673	1718	1664
1673	1647	1718
1835	1848	1718
1835	1931	1848
1835	1911	1931
1911	1995	1931
1995	2011	1931
2011	1988	1931
2011	2056	1988
2011	1995	2056
1995	2061	2056
2061	2116	2056
1025	1091	1230
1230	1108	1025
1230	1334	1108
1230	1489	1334
1230	1324	1489
1030	1232	1209
1232	1287	1209
1232	1411	1287
1030	1062	1232
1062	1227	1232
1062	1168	1227
1168	1388	1227
1168	1380	1388
1380	1552	1388
1380	1458	1552
1168	1284	1380
1168	1141	1284
1030	878	1062
1030	975	878
1042	1131	1139
1070	1092	1081
1081	1197	1070
1081	1183	1197
1081	1092	1183
1098	1117	1144
1117	1213	1144
1112	1290	1152
1290	1276	1152
1276	1137	1152
1276	1169	1137
1169	1118	1137
1290	1371	1276
1290	1354	1371
1120	1199	1229
1229	1124	1120
1229	1279	1124
1136	1280	1248
1280	1262	1248
1136	1292	1280
1292	1438	1280
1438	1450	1280
1450	1475	1280
1450	1519	1475
1519	1528	1475
1528	1630	1475
1450	1438	1519
1292	1376	1438
1292	1245	1376
1245	1176	1376
1176	1422	1376
1292	1136	1245
1155	1173	1273
1160	1309	1217
1309	1335	1217
1335	1277	1217
1172	1367	1285
1367	1451	1285
1451	1255	1285
1367	1527	1451
1527	1526	1451
1527	1713	1526
1713	1636	1526
1527	1598	1713
1598	1742	1713
1742	1860	1713
1742	1862	1860
1742	1704	1862
1704	1946	1862
1704	1828	1946
1742	1598	1704
1598	1667	1704
1188	1322	1374
1322	1536	1374
1322	1474	1536
1474	1643	1536
1474	1493	1643
1474	1349	1493
1474	1300	1349
1300	1193	1349
1300	1188	1193
1300	1322	1188
1300	1474	1322
1189	1198	1201
1198	1342	1201
1194	1267	1265
1267	1404	1265
1404	1412	1265
1412	1278	1265
1202	1221	1249
1203	1298	1259
1203	1254	1298
1259	1099	1203
1259	1161	1099
1161	1000	1099
1161	1061	1000
1206	1239	1294
1216	1263	1405
1263	1420	1405
1263	1436	1420
1263	1169	1436
1263	1224	1169
1286	1444	1351
1444	1467	1351
1444	1539	1467
1539	1510	1467
1510	1476	1467
1539	1569	1510
1539	1765	1569
1765	1642	1569
1765	1787	1642
1787	1690	1642
1765	1925	1787
1765	2014	1925
1765	2004	2014
2004	2030	2014
2004	2035	2030
2004	1763	2035
1763	1994	2035
1994	2126	2035
1994	2205	2126
2205	2206	2126
2206	2281	2126
2206	2205	2281
2205	2362	2281
2362	2428	2281
2428	2398	2281
2428	2469	2398
2428	2579	2469
2579	2659	2469
2659	2728	2469
2428	2519	2579
2519	2591	2579
2519	2582	2591
2519	2385	2582
2519	2373	2385
2519	2362	2373
2362	2335	2373
2519	2428	2362
2205	2188	2362
1763	1900	1994
1900	1984	1994
1900	1842	1984
1842	1896	1984
1842	1770	1896
1842	1794	1770
1794	1714	1770
1714	1600	1770
1714	1605	1600
1605	1434	1600
1605	1463	1434
1463	1299	1434
1463	1286	1299
1605	1521	1463
1605	1639	1521
1639	1712	1521
1712	1716	1521
1716	1539	1521
1539	1444	1521
1716	1765	1539
1712	1763	1716
1763	2004	1716
1712	1900	1763
1712	1794	1900
1794	1842	1900
1712	1714	1794
1712	1639	1714
1639	1605	1714
1291	1332	1346
1306	1308	1353
1306	1165	1308
1347	1407	1394
1394	1355	1347
1357	1424	1377
1362	1492	1386
1386	1178	1362
1382	1578	1423
1578	1619	1423
1382	1514	1578
1514	1648	1578
1382	1346	1514
1428	1465	1529
1529	1533	1428
1529	1628	1533
1431	1608	1482
1432	1477	1555
1443	1563	1470
1459	1531	1494
1531	1696	1494
1531	1823	1696
1531	1779	1823
1779	1852	1823
1852	1917	1823
1496	1540	1620
1498	1499	1577
1577	1615	1498
1499	1534	1577
1499	1500	1534
1508	1649	1650
1511	1551	1644
1522	1564	1596
1596	1695	1522
1695	1663	1522
1663	1638	1522
1638	1544	1522
1663	1783	1638
1663	1695	1783
1543	1725	1719
1548	1610	1617
1548	1532	1610
1562	1722	1700
1722	1826	1700
1722	1761	1826
1761	1796	1826
1796	1979	1826
1796	1837	1979
1565	1795	1688
1795	1786	1688
1786	1731	1688
1786	1822	1731
1822	1833	1731
1833	1757	1731
1795	1920	1786
1795	1968	1920
1568	1656	1703
1568	1492	1656
1492	1739	1656
1739	1703	1656
1739	1807	1703
1807	1805	1703
1805	1802	1703
1739	1883	1807
1739	1830	1883
1830	1934	1883
1934	2041	1883
1830	1814	1934
1814	1813	1934
1813	2010	1934
1813	1947	2010
1703	1493	1568
1582	1738	1767
1586	1678	1711
1678	1702	1711
1711	1631	1586
1590	1827	1665
1827	1818	1665
1602	1635	1850
1635	1845	1850
1635	1686	1845
1686	1759	1845
1759	1894	1845
1759	1857	1894
1857	1974	1894
1857	1855	1974
1857	1819	1855
1857	1759	1819
1759	1685	1819
1759	1686	1685
1635	1611	1686
1606	1669	1693
1693	1613	1606
1609	1670	1689
1670	1751	1689
1621	1867	1640
1867	1646	1640
1646	1648	1640
1648	1462	1640
1646	1774	1648
1774	1764	1648
1646	1867	1774
1654	1748	1760
1748	1861	1760
1748	1818	1861
1655	1734	1727
1676	1708	1729
1708	1696	1729
1677	1957	1844
1957	1971	1844
1957	2067	1971
1677	1939	1957
1701	1846	1962
1846	2048	1962
2048	1967	1962
1967	1909	1962
1967	1969	1909
1967	2171	1969
1967	2048	2171
1707	1776	1882
1882	1858	1707
1882	1884	1858
1709	1897	1780
1897	1908	1780
1908	1856	1780
1856	1754	1780
1897	1942	1908
1897	1958	1942
1958	2058	1942
1897	1952	1958
1709	1723	1897
1723	1771	1897
1753	1899	1799
1799	1617	1753
1899	1873	1799
1873	1914	1799
1873	1899	1914
1899	2091	1914
2091	1963	1914
2091	1990	1963
1990	1943	1963
1990	1993	1943
1993	2072	1943
2072	2086	1943
2091	2166	1990
2091	2259	2166
2259	2359	2166
2359	2218	2166
2259	2340	2359
2340	2553	2359
2340	2542	2553
2542	2671	2553
2671	2644	2553
2644	2501	2553
2644	2769	2501
2644	2813	2769
2644	2859	2813
2859	3075	2813
3075	3074	2813
3075	3156	3074
3156	3197	3074
3156	3255	3197
2859	3008	3075
2859	2892	3008
2859	2671	2892
2859	2644	2671
2542	2609	2671
2609	2708	2671
2542	2462	2609
2259	2345	2340
1899	2008	2091
2008	2087	2091
2008	2006	2087
2006	2105	2087
2105	2265	2087
2105	2292	2265
2292	2327	2265
2327	2345	2265
2327	2462	2345
2327	2506	2462
2327	2468	2506
2468	2517	2506
2517	2675	2506
2517	2652	2675
2652	2799	2675
2799	2792	2675
2652	2865	2799
2865	2909	2799
2909	2932	2799
2652	2689	2865
2652	2518	2689
2652	2517	2518
2517	2473	2518
2517	2468	2473
2327	2292	2468
2006	2069	2105
2069	2115	2105
1762	1906	1902
1762	1872	1906
1769	1930	1945
1930	1973	1945
1930	2118	1973
1769	1880	1930
1772	1871	1885
1772	1783	1871
1792	1892	1921
1892	1986	1921
1798	1918	1913
1918	2053	1913
2053	1924	1913
1918	1977	2053
1977	1961	2053
1977	1918	1961
1806	1889	1933
1933	1938	1806
1938	1928	1806
1938	1953	1928
1938	2037	1953
1938	1933	2037
1933	2082	2037
2082	2224	2037
2082	2139	2224
2139	2315	2224
2139	2384	2315
2384	2395	2315
2384	2466	2395
2466	2580	2395
2384	2495	2466
2139	2248	2384
2139	2154	2248
2154	2221	2248
2154	2036	2221
2036	2125	2221
2125	2178	2221
2036	2002	2125
2036	1829	2002
1829	1948	2002
1948	2040	2002
1948	1915	2040
1948	1829	1915
1829	1809	1915
2036	1944	1829
2036	2154	1944
2154	2139	1944
2139	1933	1944
1933	1889	1944
2139	2082	1933
1824	2000	1868
1832	1851	1959
1839	2070	2051
1840	1980	1972
1980	2077	1972
2077	2229	1972
2229	2092	1972
2092	2024	1972
2092	2074	2024
2074	1896	2024
2092	2135	2074
2092	2229	2135
2229	2278	2135
2229	2337	2278
2337	2387	2278
2387	2385	2278
2387	2564	2385
2229	2332	2337
1980	2133	2077
1847	1863	1849
1849	1650	1847
1891	1907	1927
1891	1960	1907
1960	2054	1907
2054	2031	1907
2031	1927	1907
2054	2127	2031
2054	2098	2127
2098	2268	2127
2054	1960	2098
1960	2038	2098
2038	2117	2098
2038	2019	2117
2038	1904	2019
2038	1960	1904
1960	1891	1904
1893	2060	1987
2060	2039	1987
2039	1975	1987
1975	1949	1987
1949	1887	1987
1887	1893	1987
1903	2121	2063
2063	2057	1903
2121	2203	2063
1922	1989	2055
1989	2110	2055
2110	2123	2055
1989	2103	2110
2103	2197	2110
1936	1956	2104
1956	2111	2104
1956	1999	2111
1941	1985	2113
2113	1941	2223
2223	2234	2113
1954	2045	2012
1954	2064	2045
2064	2081	2045
2081	2134	2045
2081	2144	2134
2081	2164	2144
2081	2107	2164
2107	2070	2164
2081	2051	2107
2064	2001	2081
2001	2027	2081
2064	1954	2001
1978	2129	2201
1992	2007	2062
2062	2108	1992
2016	2165	2028
2165	2210	2028
2032	2199	2214
2199	2336	2214
2336	2402	2214
2402	2430	2214
2402	2456	2430
2456	2593	2430
2593	2471	2430
2471	2290	2430
2593	2683	2471
2593	2816	2683
2816	2772	2683
2772	2702	2683
2772	2743	2702
2772	2905	2743
2905	2802	2743
2905	3007	2802
2905	3037	3007
3037	3101	3007
3101	3202	3007
3202	3143	3007
3202	3240	3143
3202	3306	3240
3306	3371	3240
2905	2994	3037
2994	3015	3037
2772	2816	2905
2593	2825	2816
2593	2595	2825
2595	2697	2825
2697	2824	2825
2824	2872	2825
2872	3015	2825
2595	2599	2697
2599	2627	2697
2627	2669	2697
2599	2583	2627
2599	2595	2583
2595	2456	2583
2595	2593	2456
2042	2179	2130
2130	1986	2042
2179	2285	2130
2179	2312	2285
2044	2151	2250
2250	2242	2044
2250	2341	2242
2250	2303	2341
2050	2225	2237
2076	2153	2211
2095	2146	2109
2095	2157	2146
2131	2296	2219
2296	2338	2219
2141	2238	2196
2238	2251	2196
2155	2227	2189
2227	2231	2189
2162	2280	2198
2174	2230	2294
2230	2353	2294
2294	2220	2174
2294	2308	2220
2184	2288	2350
2187	2371	2317
2317	2151	2187
2371	2460	2317
2371	2479	2460
2479	2559	2460
2559	2499	2460
2559	2681	2499
2681	2654	2499
2654	2544	2499
2681	2714	2654
2681	2738	2714
2559	2698	2681
2559	2641	2698
2559	2543	2641
2559	2479	2543
2479	2413	2543
2413	2441	2543
2413	2390	2441
2390	2584	2441
2413	2371	2390
2371	2313	2390
2313	2315	2390
2413	2479	2371
2191	2339	2270
2191	2217	2339
2207	2263	2247
2263	2418	2247
2418	2434	2247
2434	2342	2247
2434	2355	2342
2355	2222	2342
2418	2545	2434
2545	2557	2434
2545	2723	2557
2723	2741	2557
2741	2695	2557
2695	2597	2557
2741	2812	2695
2812	2849	2695
2849	2765	2695
2849	2853	2765
2853	2866	2765
2866	2721	2765
2866	2926	2721
2866	2997	2926
2997	3010	2926
3010	3021	2926
3010	3080	3021
3010	2997	3080
2997	3107	3080
2997	3114	3107
3114	3280	3107
3114	3241	3280
3241	3439	3280
3439	3345	3280
3345	3266	3280
3345	3338	3266
3338	3233	3266
3338	3407	3233
3407	3201	3233
3407	3290	3201
3290	3131	3201
3290	3154	3131
3338	3420	3407
3420	3494	3407
3338	3388	3420
3338	3345	3388
2866	2853	2997
2853	2849	2997
2545	2704	2723
2704	2880	2723
2704	2761	2880
2704	2634	2761
2634	2633	2761
2634	2492	2633
2634	2474	2492
2474	2444	2492
2474	2418	2444
2418	2263	2444
2263	2375	2444
2474	2545	2418
2474	2704	2545
2474	2634	2704
2207	2104	2263
2212	2399	2233
2233	2132	2212
2399	2475	2233
2232	2411	2245
2235	2304	2301
2235	2300	2304
2235	2070	2300
2304	2357	2301
2301	2164	2235
2239	2293	2344
2239	2267	2293
2267	2324	2293
2324	2344	2293
2324	2528	2344
2324	2521	2528
2521	2809	2528
2809	2665	2528
2665	2646	2528
2665	2696	2646
2696	2622	2646
2696	2624	2622
2696	2752	2624
2752	2676	2624
2676	2540	2624
2752	2920	2676
2920	2692	2676
2920	2956	2692
2956	2955	2692
2955	2715	2692
2715	2534	2692
2715	2562	2534
2562	2452	2534
2562	2464	2452
2464	2333	2452
2333	2291	2452
2333	2305	2291
2464	2458	2333
2464	2497	2458
2497	2498	2458
2497	2571	2498
2464	2562	2497
2955	2886	2715
2955	2984	2886
2920	2950	2956
2950	3138	2956
3138	3163	2956
3138	3182	3163
3182	3264	3163
3264	3333	3163
2950	3142	3138
2950	2920	3142
2920	3072	3142
3072	3188	3142
3072	3164	3188
3164	3367	3188
3367	3362	3188
3367	3563	3362
3563	3586	3362
3586	3368	3362
3586	3545	3368
3545	3453	3368
3545	3542	3453
3563	3639	3586
3367	3522	3563
2696	2979	2752
2696	2977	2979
2977	3045	2979
3045	3072	2979
2977	2971	3045
2521	2650	2809
2521	2414	2650
2521	2324	2414
2324	2267	2414
2246	2431	2347
2431	2558	2347
2558	2383	2347
2383	2323	2347
2558	2538	2383
2538	2399	2383
2256	2260	2311
2257	2271	2264
2258	2273	2365
2258	2211	2273
2211	2275	2273
2275	2365	2273
2279	2376	2320
2376	2404	2320
2404	2361	2320
2297	2321	2366
2322	2416	2443
2416	2493	2443
2325	2419	2438
2334	2447	2374
2447	2507	2374
2352	2459	2436
2352	2420	2459
2420	2516	2459
2356	2397	2527
2356	2210	2397
2397	2539	2527
2539	2657	2527
2527	2505	2356
2505	2370	2356
2505	2410	2370
2410	2381	2370
2410	2484	2381
2484	2389	2381
2410	2505	2484
2367	2548	2445
2367	2490	2548
2490	2547	2548
2547	2661	2548
2490	2484	2547
2378	2575	2504
2575	2724	2504
2724	2550	2504
2550	2438	2504
2724	2636	2550
2724	2767	2636
2767	2759	2636
2759	2748	2636
2748	2601	2636
2748	2706	2601
2706	2655	2601
2655	2637	2601
2706	2710	2655
2706	2748	2710
2748	2736	2710
2748	2891	2736
2891	2975	2736
2975	2729	2736
2975	2991	2729
2991	2763	2729
2763	2722	2729
2722	2648	2729
2648	2637	2729
2763	2776	2722
2991	3020	2763
2991	3036	3020
3036	3077	3020
3077	3258	3020
3036	3016	3077
3036	2975	3016
3036	2991	2975
2748	2759	2891
2724	2793	2767
2724	2631	2793
2631	2662	2793
2631	2513	2662
2631	2575	2513
2575	2378	2513
2631	2724	2575
2379	2457	2470
2380	2433	2494
2494	2426	2380
2494	2570	2426
2570	2572	2426
2570	2685	2572
2494	2588	2570
2382	2451	2603
2388	2425	2502
2391	2476	2442
2422	2508	2423
2453	2524	2512
2478	2509	2561
2478	2568	2509
2568	2611	2509
2611	2561	2509
2568	2688	2611
2478	2535	2568
2488	2615	2546
2615	2610	2546
2610	2640	2546
2640	2533	2546
2533	2455	2546
2640	2705	2533
2705	2629	2533
2705	2768	2629
2768	2670	2629
2768	2817	2670
2817	2787	2670
2787	2674	2670
2674	2639	2670
2639	2573	2670
2639	2482	2573
2787	2850	2674
2768	2928	2817
2640	2791	2705
2640	2737	2791
2640	2610	2737
2610	2615	2737
2511	2617	2536
2511	2590	2617
2515	2576	2620
2515	2554	2576
2523	2606	2602
2602	2526	2523
2531	2596	2585
2532	2566	2592
2532	2565	2566
2565	2770	2566
2770	2766	2566
2766	2592	2566
2549	2645	2786
2560	2656	2651
2656	2672	2651
2574	2621	2605
2574	2751	2621
2751	2756	2621
2756	2605	2621
2756	2606	2605
2577	2635	2643
2635	2703	2643
2703	2667	2643
2667	2608	2643
2703	2742	2667
2742	2726	2667
2742	2796	2726
2796	2913	2726
2913	2896	2726
2913	2967	2896
2742	2703	2796
2635	2758	2703
2581	2707	2677
2586	2717	2623
2623	2475	2586
2604	2747	2835
2604	2580	2747
2747	2898	2835
2747	2762	2898
2612	2614	2732
2614	2691	2732
2732	2750	2612
2750	2658	2612
2750	2718	2658
2718	2690	2658
2626	2647	2746
2746	2755	2626
2628	2814	2666
2663	2782	2798
2663	2739	2782
2739	2805	2782
2805	2831	2782
2831	2798	2782
2739	2803	2805
2803	2921	2805
2673	2730	2821
2701	2744	2893
2744	2908	2893
2908	2992	2893
2908	3079	2992
3079	3149	2992
3149	3141	2992
3079	3191	3149
2744	2783	2908
2709	2753	2901
2753	2900	2901
2900	2948	2901
2948	3011	2901
2948	3125	3011
2948	3042	3125
3042	3122	3125
3042	2968	3122
2968	3116	3122
3116	3217	3122
3116	3181	3217
3181	3315	3217
3181	3172	3315
3181	3116	3172
3042	2948	2968
2948	2855	2968
2855	2830	2968
2830	2857	2968
2948	2900	2855
2900	2753	2855
2711	2874	2777
2874	2885	2777
2874	2947	2885
2947	2960	2885
2960	2907	2885
2960	3087	2907
3087	3097	2907
3097	2990	2907
2990	2828	2907
3087	3219	3097
2711	2822	2874
2822	3025	2874
2713	2807	2789
2789	2754	2713
2789	2810	2754
2789	2807	2810
2807	2895	2810
2895	2871	2810
2807	2998	2895
2716	2784	2834
2784	2851	2834
2731	2778	2877
2877	2800	2731
2877	2884	2800
2877	2987	2884
2987	3026	2884
2987	3094	3026
3094	3144	3026
3144	3025	3026
3094	3205	3144
3205	3212	3144
3205	3376	3212
3376	3423	3212
3423	3394	3212
3376	3484	3423
3376	3428	3484
3428	3559	3484
3428	3429	3559
3429	3536	3559
3429	3370	3536
3429	3272	3370
3272	3299	3370
3299	3447	3370
3299	3395	3447
3395	3578	3447
3578	3626	3447
3578	3615	3626
3299	3242	3395
3242	3297	3395
3242	3257	3297
3257	3252	3297
3257	3083	3252
3083	3056	3252
3056	3057	3252
3057	3051	3252
3051	3103	3252
3103	3321	3252
3051	3014	3103
3056	2889	3057
3056	2936	2889
3056	2946	2936
3056	3083	2946
3083	3012	2946
3083	3242	3012
3242	3137	3012
3242	3247	3137
3247	3272	3137
3247	3299	3272
3247	3242	3299
3083	3257	3242
3094	3128	3205
3128	3159	3205
3128	3070	3159
3070	3105	3159
3105	3207	3159
3105	3098	3207
3105	3070	3098
3070	2989	3098
3070	2987	2989
2987	2877	2989
2877	2904	2989
2877	2778	2904
3070	3094	2987
3070	3128	3094
2733	2735	2780
2780	2970	2733
2780	2854	2970
2785	2965	2856
2965	3085	2856
2965	3022	3085
3022	3048	3085
3022	3019	3048
3019	3110	3048
2794	2837	2930
2804	2911	2845
2911	3005	2845
3005	2869	2845
3005	3039	2869
3039	2899	2869
3039	2923	2899
3039	3071	2923
3039	3248	3071
3248	3130	3071
2808	3004	2826
2815	2843	2917
2917	2954	2815
2954	2916	2815
2954	3145	2916
3145	2969	2916
2969	2873	2916
2954	3192	3145
3192	3179	3145
2820	2861	2827
2820	2766	2861
2833	2919	2840
2919	2944	2840
2944	2939	2840
2944	3044	2939
2944	2919	3044
2833	2890	2919
2858	2978	2988
2978	3073	2988
2978	3013	3073
2978	3006	3013
2860	2963	2973
2863	2952	2882
2863	3018	2952
2863	2982	3018
2982	3054	3018
2867	2868	2981
2878	2986	3035
2883	2894	2941
2897	3033	2927
3033	2962	2927
2962	2925	2927
2912	3090	3041
3090	3113	3041
3090	3151	3113
3151	3180	3113
3151	3177	3180
3151	3090	3177
3090	3115	3177
3090	3011	3115
2929	2966	2933
2966	2964	2933
2964	2892	2933
2934	2935	3081
2940	3038	2999
3038	3055	2999
3055	3040	2999
3038	3092	3055
2943	3117	3148
2945	2983	3084
2957	3146	3031
2974	3135	3068
2976	3129	3066
3129	3089	3066
2980	3193	3050
2995	3028	3009
2995	3082	3028
2995	3099	3082
3099	3127	3082
3099	3189	3127
3099	3198	3189
3099	3030	3198
3099	2970	3030
3099	2995	2970
2996	3108	3032
2996	3133	3108
2996	3067	3133
3067	3186	3133
3000	3091	3047
3091	3265	3047
3265	3268	3047
3265	3292	3268
3265	3327	3292
3327	3381	3292
3265	3187	3327
3187	3337	3327
3337	3560	3327
3187	3200	3337
3200	3378	3337
3200	3385	3378
3200	3162	3385
3162	3245	3385
3245	3434	3385
3434	3555	3385
3434	3487	3555
3487	3588	3555
3588	3657	3555
3657	3752	3555
3588	3666	3657
3666	3751	3657
3666	3798	3751
3588	3539	3666
3539	3568	3666
3539	3542	3568
3539	3333	3542
3539	3383	3333
3383	3309	3333
3383	3245	3309
3265	3091	3187
3023	3155	3111
3111	3004	3023
3029	3064	3220
3064	3152	3220
3049	3175	3157
3157	3171	3049
3157	3251	3171
3251	3214	3171
3251	3296	3214
3296	3284	3214
3296	3443	3284
3251	3229	3296
3229	3274	3296
3229	3166	3274
3229	3175	3166
3175	3123	3166
3175	3049	3123
3229	3251	3175
3251	3157	3175
3061	3065	3210
3065	3140	3210
3140	3256	3210
3062	3253	3063
3069	3243	3211
3211	3192	3069
3211	3425	3192
3076	3136	3183
3136	3278	3183
3278	3387	3183
3136	3216	3278
3216	3409	3278
3216	3262	3409
3262	3424	3409
3424	3519	3409
3519	3623	3409
3519	3622	3623
3622	3655	3623
3078	3126	3231
3126	3301	3231
3301	3273	3231
3273	3190	3231
3190	3078	3231
3273	3152	3190
3273	3347	3152
3273	3377	3347
3377	3503	3347
3377	3547	3503
3547	3640	3503
3547	3766	3640
3766	3733	3640
3733	3712	3640
3766	3841	3733
3766	3770	3841
3770	3785	3841
3785	3945	3841
3945	4002	3841
3945	4035	4002
4035	4143	4002
3785	3784	3945
3784	3896	3945
3896	4012	3945
3896	3964	4012
3896	3941	3964
3941	3961	3964
3896	3895	3941
3896	3844	3895
3896	3786	3844
3785	3597	3784
3785	3770	3597
3770	3766	3597
3766	3547	3597
3126	3304	3301
3126	3275	3304
3100	3239	3223
3102	3254	3238
3254	3464	3238
3153	3160	3341
3341	3405	3153
3405	3357	3153
3357	3168	3153
3405	3450	3357
3450	3373	3357
3405	3451	3450
3405	3412	3451
3405	3341	3412
3176	3221	3269
3221	3232	3269
3232	3350	3269
3350	3349	3269
3349	3302	3269
3302	3176	3269
3349	3351	3302
3351	3195	3302
3349	3535	3351
3535	3404	3351
3535	3593	3404
3535	3696	3593
3696	3746	3593
3696	3876	3746
3696	3728	3876
3728	3908	3876
3728	3700	3908
3728	3675	3700
3728	3638	3675
3728	3696	3638
3696	3535	3638
3535	3361	3638
3535	3350	3361
3350	3232	3361
3232	3218	3361
3535	3349	3350
3178	3228	3442
3228	3473	3442
3184	3194	3308
3199	3276	3340
3199	3127	3276
3276	3298	3340
3340	3215	3199
3340	3343	3215
3340	3393	3343
3204	3209	3319
3206	3300	3237
3300	3354	3237
3354	3287	3237
3354	3455	3287
3455	3408	3287
3455	3518	3408
3518	3456	3408
3456	3306	3408
3456	3561	3306
3456	3518	3561
3518	3596	3561
3596	3710	3561
3710	3584	3561
3584	3444	3561
3444	3371	3561
3584	3654	3444
3654	3445	3444
3596	3689	3710
3596	3518	3689
3518	3688	3689
3518	3455	3688
3455	3468	3688
3455	3389	3468
3455	3354	3389
3354	3300	3389
3300	3270	3389
3270	3491	3389
3270	3449	3491
3449	3530	3491
3530	3616	3491
3616	3663	3491
3616	3701	3663
3701	3868	3663
3868	3850	3663
3701	3747	3868
3701	3667	3747
3449	3466	3530
3222	3288	3356
3234	3303	3307
3235	3250	3460
3250	3435	3460
3435	3490	3460
3490	3488	3460
3488	3418	3460
3418	3235	3460
3418	3379	3235
3490	3553	3488
3553	3656	3488
3435	3562	3490
3250	3305	3435
3250	3111	3305
3259	3325	3352
3259	3313	3325
3313	3352	3325
3313	3399	3352
3259	3285	3313
3259	3135	3285
3135	3173	3285
3267	3440	3471
3267	3253	3440
3267	3147	3253
3281	3374	3293
3281	3384	3374
3384	3441	3374
3281	3355	3384
3355	3364	3384
3286	3500	3505
3500	3540	3505
3500	3464	3540
3291	3415	3344
3415	3479	3344
3479	3476	3344
3476	3321	3344
3476	3467	3321
3479	3628	3476
3320	3397	3446
3323	3469	3458
3469	3538	3458
3469	3512	3538
3512	3576	3538
3576	3669	3538
3576	3695	3669
3695	3745	3669
3745	3813	3669
3745	3834	3813
3834	3858	3813
3858	3822	3813
3822	3787	3813
3822	3839	3787
3839	3774	3787
3774	3612	3787
3612	3595	3787
3612	3571	3595
3612	3554	3571
3554	3517	3571
3554	3566	3517
3566	3501	3517
3501	3392	3517
3392	3416	3517
3392	3334	3416
3334	3437	3416
3334	3403	3437
3554	3612	3566
3839	3777	3774
3822	3858	3839
3512	3520	3576
3326	3386	3372
3372	3308	3326
3372	3329	3308
3386	3521	3372
3386	3510	3521
3330	3533	3413
3413	3315	3330
3330	3526	3533
3526	3660	3533
3526	3671	3660
3671	3861	3660
3671	3713	3861
3713	3809	3861
3809	3848	3861
3848	4038	3861
3848	4006	4038
3848	3926	4006
3671	3499	3713
3671	3478	3499
3478	3425	3499
3671	3526	3478
3526	3330	3478
3342	3475	3359
3359	3186	3342
3359	3363	3186
3359	3475	3363
3475	3483	3363
3483	3466	3363
3475	3650	3483
3475	3581	3650
3581	3725	3650
3725	3715	3650
3725	3783	3715
3581	3703	3725
3581	3591	3703
3591	3606	3703
3606	3694	3703
3694	3815	3703
3694	3806	3815
3806	4019	3815
4019	3894	3815
3591	3507	3606
3507	3494	3606
3591	3496	3507
3496	3353	3507
3591	3556	3496
3556	3581	3496
3581	3475	3496
3475	3342	3496
3556	3591	3581
3406	3485	3599
3485	3729	3599
3485	3647	3729
3647	3719	3729
3719	3739	3729
3739	3853	3729
3853	3836	3729
3853	3897	3836
3853	3987	3897
3987	4033	3897
3987	4055	4033
4055	4155	4033
4155	4169	4033
4169	4073	4033
4169	4215	4073
4169	4246	4215
4246	4263	4215
4169	4183	4246
4183	4189	4246
4183	4155	4189
4155	4312	4189
4183	4169	4155
3987	4041	4055
3987	3983	4041
3987	3853	3983
3739	3748	3853
3739	3647	3748
3739	3719	3647
3410	3549	3452
3419	3548	3457
3419	3495	3548
3436	3587	3461
3459	3609	3598
3463	3572	3525
3465	3498	3506
3498	3523	3506
3523	3714	3506
3523	3665	3714
3523	3544	3665
3544	3630	3665
3523	3498	3544
3474	3546	3577
3546	3723	3577
3546	3604	3723
3482	3699	3685
3489	3531	3637
3637	3573	3489
3637	3743	3573
3637	3717	3743
3493	3589	3575
3589	3677	3575
3677	3644	3575
3589	3618	3677
3497	3524	3624
3497	3255	3524
3255	3452	3524
3497	3331	3255
3497	3399	3331
3497	3565	3399
3515	3608	3580
3608	3707	3580
3608	3652	3707
3652	3691	3707
3652	3570	3691
3570	3704	3691
3704	3799	3691
3799	3873	3691
3704	3795	3799
3652	3608	3570
3528	3594	3541
3551	3670	3697
3670	3804	3697
3552	3659	3629
3659	3726	3629
3659	3755	3726
3755	3820	3726
3820	3727	3726
3727	3645	3726
3820	3875	3727
3820	3826	3875
3826	3882	3875
3882	3935	3875
3935	3957	3875
3957	3969	3875
3957	3967	3969
3967	4127	3969
4127	4119	3969
4119	3959	3969
4119	4051	3959
4051	4014	3959
4014	3979	3959
4127	4208	4119
4127	4256	4208
4256	4225	4208
4127	4232	4256
4232	4275	4256
4232	4304	4275
4232	4309	4304
4309	4398	4304
4309	4372	4398
4372	4417	4398
4417	4500	4398
4417	4552	4500
4552	4564	4500
4564	4551	4500
4551	4505	4500
4505	4450	4500
4450	4363	4500
4450	4347	4363
4347	4283	4363
4283	4225	4363
4283	4272	4225
4272	4139	4225
4283	4347	4272
4450	4421	4347
4421	4380	4347
4450	4505	4421
4505	4512	4421
4505	4574	4512
4574	4598	4512
4598	4556	4512
4556	4460	4512
4556	4515	4460
4515	4497	4460
4515	4603	4497
4603	4525	4497
4525	4373	4497
4525	4485	4373
4485	4371	4373
4371	4331	4373
4331	4326	4373
4331	4179	4326
4179	4143	4326
4179	4103	4143
4331	4217	4179
4331	4343	4217
4343	4268	4217
4268	4218	4217
4268	4241	4218
4241	4219	4218
4219	4049	4218
4219	4088	4049
4219	4188	4088
4219	4334	4188
4219	4241	4334
4268	4301	4241
4268	4343	4301
4331	4371	4343
4371	4455	4343
4455	4471	4343
4455	4583	4471
4583	4546	4471
4583	4640	4546
4640	4610	4546
4610	4530	4546
4530	4413	4546
4610	4627	4530
4610	4690	4627
4690	4689	4627
4689	4619	4627
4689	4678	4619
4678	4570	4619
4678	4662	4570
4662	4594	4570
4594	4513	4570
4594	4578	4513
4578	4540	4513
4540	4457	4513
4540	4445	4457
4445	4359	4457
4359	4416	4457
4359	4324	4416
4359	4152	4324
4152	4098	4324
4098	4202	4324
4202	4206	4324
4206	4350	4324
4202	4100	4206
4202	4108	4100
4202	4098	4108
4098	4034	4108
4098	4152	4034
4540	4514	4445
4514	4441	4445
4540	4576	4514
4576	4543	4514
4543	4581	4514
4543	4692	4581
4692	4628	4581
4628	4588	4581
4588	4473	4581
4588	4461	4473
4588	4470	4461
4470	4432	4461
4470	4520	4432
4520	4403	4432
4470	4588	4520
4588	4592	4520
4592	4659	4520
4659	4613	4520
4659	4625	4613
4592	4719	4659
4592	4736	4719
4736	4788	4719
4736	4853	4788
4736	4867	4853
4867	4890	4853
4890	4914	4853
4914	4969	4853
4969	4948	4853
4969	4990	4948
4990	5003	4948
5003	4915	4948
4915	4775	4948
4915	4765	4775
5003	4973	4915
4973	4916	4915
4973	4980	4916
4980	4929	4916
4980	4959	4929
4959	4954	4929
4954	4923	4929
4923	4904	4929
4904	4803	4929
4803	4807	4929
4904	4870	4803
4870	4755	4803
4870	4735	4755
4870	4834	4735
4870	4856	4834
4870	4904	4856
4904	4923	4856
4923	4992	4856
4992	4936	4856
4936	4831	4856
4936	4908	4831
4908	4833	4831
4833	4770	4831
4833	4721	4770
4833	4825	4721
4825	4722	4721
4825	4855	4722
4855	4794	4722
4794	4745	4722
4745	4694	4722
4694	4631	4722
4694	4630	4631
4694	4685	4630
4685	4510	4630
4685	4605	4510
4685	4741	4605
4741	4568	4605
4741	4602	4568
4602	4494	4568
4602	4422	4494
4602	4415	4422
4415	4307	4422
4415	4265	4307
4265	4242	4307
4415	4298	4265
4415	4419	4298
4415	4602	4419
4741	4764	4602
4764	4624	4602
4624	4521	4602
4741	4799	4764
4799	4792	4764
4799	4861	4792
4861	4858	4792
4858	4781	4792
4781	4723	4792
4781	4747	4723
4747	4637	4723
4637	4663	4723
4747	4702	4637
4702	4633	4637
4633	4566	4637
4566	4584	4637
4584	4565	4637
4584	4566	4565
4566	4354	4565
4633	4526	4566
4633	4650	4526
4650	4655	4526
4650	4702	4655
4702	4772	4655
4772	4658	4655
4772	4796	4658
4796	4778	4658
4778	4632	4658
4778	4699	4632
4699	4555	4632
4699	4614	4555
4614	4558	4555
4558	4390	4555
4390	4465	4555
4390	4384	4465
4384	4400	4465
4400	4340	4465
4400	4315	4340
4315	4303	4340
4315	4196	4303
4196	4222	4303
4222	4205	4303
4400	4384	4315
4558	4548	4390
4548	4423	4390
4423	4392	4390
4423	4406	4392
4406	4271	4392
4406	4356	4271
4406	4420	4356
4420	4426	4356
4420	4516	4426
4516	4504	4426
4504	4429	4426
4429	4310	4426
4429	4328	4310
4328	4316	4310
4429	4463	4328
4429	4504	4463
4504	4538	4463
4538	4480	4463
4480	4389	4463
4480	4401	4389
4401	4276	4389
4504	4590	4538
4590	4597	4538
4590	4641	4597
4641	4651	4597
4641	4712	4651
4712	4740	4651
4740	4667	4651
4667	4604	4651
4667	4634	4604
4634	4518	4604
4634	4560	4518
4560	4476	4518
4476	4386	4518
4476	4375	4386
4634	4691	4560
4634	4667	4691
4667	4727	4691
4727	4656	4691
4727	4756	4656
4756	4728	4656
4728	4649	4656
4728	4707	4649
4707	4623	4649
4623	4595	4649
4707	4743	4623
4743	4683	4623
4743	4729	4683
4729	4726	4683
4726	4600	4683
4726	4682	4600
4682	4572	4600
4572	4487	4600
4682	4617	4572
4617	4522	4572
4682	4676	4617
4676	4705	4617
4676	4717	4705
4717	4793	4705
4793	4800	4705
4800	4666	4705
4666	4559	4705
4666	4599	4559
4599	4484	4559
4484	4481	4559
4481	4508	4559
4481	4440	4508
4481	4484	4440
4484	4394	4440
4484	4439	4394
4439	4383	4394
4484	4478	4439
4484	4599	4478
4666	4657	4599
4800	4809	4666
4800	4841	4809
4841	4847	4809
4841	4932	4847
4932	4906	4847
4906	4840	4847
4840	4817	4847
4840	4839	4817
4839	4773	4817
4773	4657	4817
4773	4704	4657
4773	4750	4704
4750	4709	4704
4709	4542	4704
4709	4591	4542
4591	4452	4542
4452	4496	4542
4709	4688	4591
4688	4661	4591
4688	4749	4661
4749	4677	4661
4677	4533	4661
4677	4608	4533
4608	4490	4533
4490	4418	4533
4418	4447	4533
4447	4438	4533
4447	4418	4438
4418	4365	4438
4365	4397	4438
4397	4452	4438
4397	4318	4452
4318	4364	4452
4318	4248	4364
4397	4358	4318
4358	4319	4318
4358	4349	4319
4349	4365	4319
4349	4358	4365
4358	4397	4365
4490	4453	4418
4490	4529	4453
4490	4608	4529
4608	4644	4529
4644	4607	4529
4607	4544	4529
4544	4437	4529
4437	4367	4529
4437	4408	4367
4437	4472	4408
4437	4498	4472
4498	4573	4472
4573	4580	4472
4573	4660	4580
4660	4646	4580
4646	4554	4580
4646	4593	4554
4593	4606	4554
4606	4523	4554
4606	4647	4523
4647	4524	4523
4524	4493	4523
4524	4430	4493
4524	4466	4430
4466	4387	4430
4524	4507	4466
4507	4425	4466
4606	4665	4647
4665	4738	4647
4665	4720	4738
4720	4763	4738
4763	4776	4738
4776	4742	4738
4776	4822	4742
4822	4744	4742
4744	4714	4742
4714	4696	4742
4714	4642	4696
4714	4621	4642
4621	4585	4642
4585	4532	4642
4585	4575	4532
4575	4491	4532
4491	4425	4532
4575	4458	4491
4458	4370	4491
4458	4338	4370
4338	4277	4370
4277	4266	4370
4277	4191	4266
4191	4175	4266
4175	4190	4266
4175	4112	4190
4112	4194	4190
4194	4228	4190
4175	3992	4112
4175	4168	3992
4175	4191	4168
4191	4210	4168
4210	4203	4168
4203	4137	4168
4137	4050	4168
4050	4026	4168
4026	4016	4168
4026	3951	4016
3951	3904	4016
3904	3992	4016
3951	3892	3904
3892	3888	3904
4026	3966	3951
3966	3934	3951
3966	3974	3934
3974	3944	3934
3944	3882	3934
3944	3935	3882
3944	3998	3935
3998	4020	3935
4020	3967	3935
3967	3957	3935
4020	4127	3967
4020	4121	4127
4121	4232	4127
4121	4176	4232
4176	4227	4232
4227	4309	4232
4227	4344	4309
4344	4372	4309
4344	4427	4372
4427	4417	4372
4427	4552	4417
4427	4469	4552
4469	4547	4552
4547	4620	4552
4620	4668	4552
4668	4706	4552
4706	4713	4552
4713	4675	4552
4675	4564	4552
4675	4579	4564
4579	4551	4564
4579	4505	4551
4579	4574	4505
4579	4586	4574
4586	4598	4574
4586	4671	4598
4671	4622	4598
4622	4556	4598
4622	4603	4556
4603	4515	4556
4671	4730	4622
4671	4687	4730
4687	4789	4730
4789	4791	4730
4791	4768	4730
4791	4801	4768
4801	4779	4768
4801	4813	4779
4813	4771	4779
4771	4732	4779
4771	4751	4732
4751	4618	4732
4618	4601	4732
4618	4571	4601
4571	4525	4601
4571	4545	4525
4545	4485	4525
4545	4455	4485
4455	4371	4485
4545	4583	4455
4545	4571	4583
4571	4618	4583
4618	4638	4583
4638	4640	4583
4638	4648	4640
4648	4684	4640
4684	4690	4640
4690	4610	4640
4684	4708	4690
4708	4689	4690
4708	4785	4689
4785	4757	4689
4757	4678	4689
4757	4761	4678
4761	4662	4678
4761	4710	4662
4710	4652	4662
4652	4594	4662
4652	4578	4594
4652	4540	4578
4652	4643	4540
4643	4576	4540
4643	4629	4576
4629	4543	4576
4629	4692	4543
4629	4762	4692
4762	4820	4692
4820	4821	4692
4821	4808	4692
4808	4628	4692
4808	4736	4628
4736	4588	4628
4736	4592	4588
4808	4867	4736
4808	4821	4867
4821	4945	4867
4945	4991	4867
4991	4914	4867
4914	4890	4867
4991	5011	4914
5011	5053	4914
5053	4969	4914
5053	5016	4969
5016	4990	4969
5016	5045	4990
5045	5003	4990
5045	4997	5003
4997	4973	5003
4997	4980	4973
4997	5034	4980
5034	4959	4980
5034	5057	4959
5057	5012	4959
5012	4954	4959
5012	4992	4954
4992	4923	4954
5012	5049	4992
5049	5064	4992
5064	5071	4992
5064	5114	5071
5114	5089	5071
5089	5041	5071
5089	5040	5041
5040	4988	5041
4988	4964	5041
4988	4928	4964
4928	4936	4964
4928	4908	4936
4928	4988	4908
4988	4855	4908
4855	4833	4908
4855	4825	4833
4988	4960	4855
4960	4935	4855
4935	4903	4855
4903	4794	4855
4903	4767	4794
4767	4745	4794
4767	4694	4745
4767	4685	4694
4767	4782	4685
4782	4741	4685
4782	4799	4741
4782	4865	4799
4865	4861	4799
4865	4930	4861
4930	4967	4861
4967	4979	4861
4979	4884	4861
4884	4858	4861
4884	4781	4858
4884	4752	4781
4752	4747	4781
4752	4702	4747
4752	4772	4702
4752	4884	4772
4884	4796	4772
4979	4977	4884
4979	5007	4977
5007	5024	4977
5024	5032	4977
5032	4971	4977
4971	4835	4977
4971	4832	4835
4832	4810	4835
4810	4796	4835
4810	4778	4796
4810	4832	4778
4832	4784	4778
4784	4699	4778
4784	4715	4699
4715	4737	4699
4737	4614	4699
4715	4784	4737
4784	4875	4737
4875	4814	4737
4814	4769	4737
4769	4734	4737
4769	4862	4734
4862	4766	4734
4862	4849	4766
4849	4851	4766
4851	4797	4766
4797	4712	4766
4712	4711	4766
4712	4641	4711
4641	4590	4711
4590	4612	4711
4590	4563	4612
4563	4587	4612
4587	4626	4612
4587	4553	4626
4553	4548	4626
4553	4423	4548
4553	4563	4423
4563	4420	4423
4420	4406	4423
4563	4516	4420
4563	4590	4516
4590	4504	4516
4553	4587	4563
4797	4740	4712
4797	4780	4740
4780	4754	4740
4754	4667	4740
4754	4727	4667
4754	4777	4727
4777	4845	4727
4845	4756	4727
4845	4897	4756
4897	4838	4756
4838	4786	4756
4786	4728	4756
4786	4707	4728
4786	4743	4707
4786	4830	4743
4830	4729	4743
4830	4804	4729
4804	4726	4729
4804	4793	4726
4793	4717	4726
4717	4682	4726
4717	4676	4682
4804	4848	4793
4848	4888	4793
4888	4841	4793
4841	4800	4793
4888	4879	4841
4879	4893	4841
4893	4932	4841
4893	4931	4932
4931	4981	4932
4981	4944	4932
4944	4906	4932
4944	4933	4906
4933	4839	4906
4839	4840	4906
4933	4891	4839
4933	4942	4891
4942	4871	4891
4942	4898	4871
4898	4816	4871
4816	4749	4871
4816	4677	4749
4816	4806	4677
4806	4669	4677
4669	4608	4677
4669	4644	4608
4669	4724	4644
4724	4653	4644
4653	4607	4644
4653	4573	4607
4573	4544	4607
4573	4498	4544
4498	4437	4544
4653	4695	4573
4695	4660	4573
4695	4746	4660
4746	4753	4660
4753	4716	4660
4716	4646	4660
4716	4635	4646
4635	4593	4646
4635	4606	4593
4635	4720	4606
4720	4665	4606
4635	4716	4720
4716	4763	4720
4716	4783	4763
4783	4802	4763
4802	4823	4763
4823	4776	4763
4823	4837	4776
4837	4822	4776
4837	4899	4822
4899	4896	4822
4896	4815	4822
4815	4744	4822
4815	4725	4744
4725	4714	4744
4725	4621	4714
4725	4668	4621
4668	4620	4621
4620	4575	4621
4575	4585	4621
4620	4547	4575
4547	4482	4575
4482	4458	4575
4482	4469	4458
4469	4344	4458
4344	4338	4458
4344	4240	4338
4240	4210	4338
4210	4277	4338
4210	4191	4277
4240	4203	4210
4240	4185	4203
4185	4137	4203
4185	4077	4137
4077	4053	4137
4053	4050	4137
4053	3966	4050
3966	4026	4050
4053	3974	3966
4053	3998	3974
3998	3944	3974
4053	4028	3998
4028	4020	3998
4028	4054	4020
4054	4121	4020
4054	4077	4121
4077	4176	4121
4077	4185	4176
4185	4227	4176
4185	4240	4227
4240	4344	4227
4054	4028	4077
4028	4053	4077
4469	4427	4344
4482	4486	4469
4486	4547	4469
4486	4482	4547
4725	4706	4668
4725	4815	4706
4815	4824	4706
4824	4713	4706
4815	4892	4824
4892	4860	4824
4892	4863	4860
4863	4789	4860
4863	4791	4789
4863	4850	4791
4850	4801	4791
4850	4813	4801
4850	4883	4813
4883	4881	4813
4881	4829	4813
4829	4771	4813
4829	4751	4771
4829	4795	4751
4795	4684	4751
4684	4648	4751
4648	4618	4751
4648	4638	4618
4795	4812	4684
4812	4708	4684
4812	4785	4708
4812	4880	4785
4812	4882	4880
4882	4911	4880
4882	4956	4911
4956	4972	4911
4956	5017	4972
4956	5004	5017
5004	5021	5017
5021	5088	5017
5004	5005	5021
5005	5010	5021
5010	5022	5021
5010	4949	5022
4949	4982	5022
4982	4985	5022
4985	5042	5022
4985	5028	5042
5028	5068	5042
5028	5043	5068
5043	5061	5068
5061	5073	5068
5073	5098	5068
5073	5105	5098
5105	5155	5098
5105	5111	5155
5105	5060	5111
5060	5090	5111
5090	5106	5111
5090	5110	5106
5110	5130	5106
5110	5080	5130
5080	5091	5130
5091	5129	5130
5129	5144	5130
5144	5152	5130
5129	5138	5144
5138	5153	5144
5138	5115	5153
5115	5158	5153
5115	5101	5158
5115	5108	5101
5108	5076	5101
5076	5092	5101
5092	5131	5101
5092	5109	5131
5109	5135	5131
5135	5159	5131
5159	5158	5131
5159	5171	5158
5171	5188	5158
5171	5189	5188
5189	5194	5188
5194	5200	5188
5194	5193	5200
5193	5187	5200
5187	5192	5200
5192	5195	5200
5192	5172	5195
5172	5169	5195
5169	5179	5195
5179	5186	5195
5179	5181	5186
5181	5174	5186
5174	5162	5186
5162	5152	5186
5174	5155	5162
5174	5173	5155
5173	5121	5155
5173	5126	5121
5126	5039	5121
5039	5046	5121
5046	5113	5121
5113	5095	5121
5113	5046	5095
5039	4993	5046
4993	4961	5046
4993	4984	4961
4984	4934	4961
4984	4976	4934
4976	4970	4934
4970	4886	4934
4886	4868	4934
4886	4866	4868
4866	4760	4868
4760	4787	4868
4760	4710	4787
4710	4761	4787
4760	4652	4710
4760	4718	4652
4718	4643	4652
4718	4629	4643
4718	4762	4629
4718	4760	4762
4760	4869	4762
4869	4873	4762
4873	4820	4762
4873	4854	4820
4854	4821	4820
4854	4945	4821
4854	4924	4945
4924	5033	4945
5033	5035	4945
5035	4991	4945
5035	5011	4991
5035	5052	5011
5052	5053	5011
5052	5103	5053
5103	5107	5053
5107	5062	5053
5062	5016	5053
5062	5045	5016
5062	5066	5045
5066	5094	5045
5094	5077	5045
5077	5034	5045
5034	4997	5045
5077	5065	5034
5065	5069	5034
5069	5057	5034
5069	5096	5057
5096	5087	5057
5087	5038	5057
5038	5012	5057
5038	5049	5012
5038	5087	5049
5087	5064	5049
5087	5114	5064
5087	5116	5114
5116	5124	5114
5124	5125	5114
5125	5089	5114
5125	5112	5089
5112	5040	5089
5112	5081	5040
5081	5029	5040
5029	5009	5040
5009	4988	5040
5009	4960	4988
5009	4989	4960
4989	4935	4960
4989	5029	4935
5029	4930	4935
4930	4919	4935
4919	4903	4935
4919	4865	4903
4865	4782	4903
4782	4767	4903
4919	4930	4865
5029	4974	4930
4974	4967	4930
4974	5006	4967
5006	4979	4967
5006	5007	4979
5006	5024	5007
5006	5067	5024
5067	5102	5024
5102	5075	5024
5075	5032	5024
5075	5078	5032
5078	5019	5032
5019	4971	5032
5078	5083	5019
5083	5030	5019
5030	5002	5019
5002	4939	5019
4939	4875	5019
4939	4874	4875
4874	4814	4875
4874	4769	4814
4874	4862	4769
4874	4939	4862
4939	4851	4862
4851	4849	4862
4939	4962	4851
4962	4876	4851
4876	4797	4851
4876	4819	4797
4819	4780	4797
4819	4872	4780
4872	4777	4780
4777	4754	4780
4872	4846	4777
4846	4845	4777
4846	4938	4845
4938	4912	4845
4912	4897	4845
4912	4994	4897
4912	4938	4994
4938	5018	4994
5018	5050	4994
5050	5000	4994
5050	5051	5000
5051	4926	5000
5051	5044	4926
5044	4952	4926
4952	4946	4926
4946	4877	4926
4877	4901	4926
4877	4830	4901
4830	4838	4901
4838	4878	4901
4838	4897	4878
4830	4786	4838
4877	4836	4830
4836	4804	4830
4836	4848	4804
4836	4877	4848
4877	4946	4848
4946	4888	4848
4946	4931	4888
4931	4893	4888
4893	4879	4888
4946	4952	4931
4952	4987	4931
4987	4981	4931
4987	4995	4981
4995	5020	4981
5020	5027	4981
5027	5054	4981
5054	5031	4981
5031	5013	4981
5013	4950	4981
4950	4944	4981
4950	4933	4944
4950	4968	4933
4968	4942	4933
4968	5015	4942
5015	5072	4942
5072	5059	4942
5059	5037	4942
5037	4958	4942
4958	4898	4942
4958	4887	4898
4887	4816	4898
4887	4859	4816
4859	4806	4816
4859	4826	4806
4826	4724	4806
4724	4669	4806
4826	4758	4724
4758	4731	4724
4731	4653	4724
4731	4695	4653
4731	4746	4695
4731	4798	4746
4798	4783	4746
4783	4753	4746
4783	4716	4753
4798	4828	4783
4828	4827	4783
4827	4802	4783
4827	4823	4802
4827	4857	4823
4857	4837	4823
4857	4899	4837
4857	4918	4899
4857	4895	4918
4895	4943	4918
4943	4978	4918
4978	4955	4918
4978	4982	4955
4982	4949	4955
4949	4941	4955
4949	4920	4941
4920	4913	4941
4920	4902	4913
4902	4892	4913
4892	4909	4913
4892	4896	4909
4896	4899	4909
4892	4815	4896
4902	4863	4892
4902	4883	4863
4883	4850	4863
4902	4920	4883
4920	4922	4883
4922	4881	4883
4922	4885	4881
4885	4829	4881
4885	4882	4829
4882	4795	4829
4882	4812	4795
4885	4922	4882
4922	4953	4882
4953	4956	4882
4953	5004	4956
4953	5005	5004
4953	4947	5005
4947	4949	5005
4949	5010	5005
4947	4920	4949
4947	4922	4920
4947	4953	4922
4978	4985	4982
4978	4998	4985
4998	5028	4985
4998	5001	5028
5001	5043	5028
5001	5023	5043
5023	5061	5043
5023	5060	5061
5060	5073	5061
5060	5105	5073
5023	5055	5060
5055	5090	5060
5055	5048	5090
5048	5085	5090
5085	5110	5090
5085	5072	5110
5072	5080	5110
5072	5015	5080
5085	5070	5072
5070	5059	5072
5070	5085	5059
5085	5048	5059
5048	5037	5059
5048	5025	5037
5025	4957	5037
4957	4958	5037
4957	4887	4958
4957	4983	4887
4983	4859	4887
4983	4925	4859
4925	4842	4859
4842	4826	4859
4842	4758	4826
4842	4805	4758
4805	4798	4758
4798	4731	4758
4805	4852	4798
4852	4828	4798
4852	4889	4828
4889	4900	4828
4900	4864	4828
4864	4844	4828
4844	4827	4828
4844	4857	4827
4844	4895	4857
4844	4864	4895
4864	4905	4895
4905	4943	4895
4905	4900	4943
4900	4937	4943
4937	4963	4943
4963	5001	4943
5001	4998	4943
4998	4978	4943
4963	5023	5001
4963	4965	5023
4965	4975	5023
4975	5055	5023
4975	5025	5055
5025	5048	5055
4975	4983	5025
4983	4957	5025
4975	4925	4983
4975	4940	4925
4940	4889	4925
4889	4843	4925
4843	4842	4925
4843	4805	4842
4843	4852	4805
4843	4889	4852
4940	4937	4889
4937	4900	4889
4940	4965	4937
4965	4963	4937
4940	4975	4965
4905	4864	4900
5031	5091	5013
5031	5099	5091
5099	5129	5091
5099	5108	5129
5108	5115	5129
5115	5138	5129
5099	5031	5108
5031	5054	5108
5054	5076	5108
5054	5027	5076
5027	5092	5076
5027	5044	5092
5044	5109	5092
5044	5074	5109
5074	5100	5109
5100	5135	5109
5100	5142	5135
5142	5156	5135
5156	5167	5135
5167	5159	5135
5167	5175	5159
5175	5171	5159
5175	5196	5171
5196	5184	5171
5184	5189	5171
5184	5198	5189
5198	5194	5189
5198	5193	5194
5198	5190	5193
5190	5183	5193
5183	5187	5193
5183	5177	5187
5177	5192	5187
5177	5172	5192
5177	5160	5172
5160	5127	5172
5127	5143	5172
5143	5169	5172
5143	5084	5169
5084	5119	5169
5119	5126	5169
5126	5176	5169
5176	5179	5169
5176	5181	5179
5176	5173	5181
5173	5174	5181
5176	5126	5173
5119	5063	5126
5063	5047	5126
5047	5039	5126
5047	4976	5039
4976	4993	5039
4976	4984	4993
5047	4970	4976
5047	4996	4970
4996	4917	4970
4917	4866	4970
4866	4886	4970
4917	4869	4866
4869	4760	4866
4917	4873	4869
4917	4924	4873
4924	4854	4873
4917	4996	4924
4996	5026	4924
5026	5033	4924
5026	5084	5033
5084	5058	5033
5058	5035	5033
5058	5143	5035
5143	5127	5035
5127	5052	5035
5127	5103	5052
5127	5140	5103
5140	5145	5103
5145	5107	5103
5145	5122	5107
5122	5062	5107
5122	5086	5062
5086	5066	5062
5086	5094	5066
5086	5133	5094
5133	5132	5094
5132	5077	5094
5132	5118	5077
5118	5065	5077
5118	5069	5065
5118	5096	5069
5118	5116	5096
5116	5087	5096
5118	5154	5116
5154	5157	5116
5157	5137	5116
5137	5124	5116
5137	5125	5124
5137	5147	5125
5147	5139	5125
5139	5112	5125
5139	5136	5112
5136	5104	5112
5104	5081	5112
5104	5067	5081
5067	5029	5081
5067	5006	5029
5006	4974	5029
5104	5102	5067
5104	5136	5102
5139	5146	5136
5146	5128	5136
5146	5120	5128
5120	5079	5128
5079	5083	5128
5079	5030	5083
5079	5008	5030
5008	5002	5030
5008	4999	5002
4999	4962	5002
4962	4939	5002
4999	4927	4962
4927	4876	4962
4927	4872	4876
4872	4819	4876
4927	4910	4872
4910	4894	4872
4894	4846	4872
4894	4951	4846
4951	4938	4846
4951	5018	4938
4951	5014	5018
5014	5036	5018
5036	5056	5018
5056	5050	5018
5056	5097	5050
5097	5074	5050
5074	5051	5050
5074	5044	5051
5097	5100	5074
5097	5117	5100
5117	5142	5100
5117	5156	5142
5117	5170	5156
5170	5167	5156
5170	5178	5167
5178	5175	5167
5178	5196	5175
5178	5197	5196
5197	5199	5196
5199	5184	5196
5199	5198	5184
5199	5190	5198
5199	5180	5190
5180	5163	5190
5163	5183	5190
5163	5151	5183
5163	5154	5151
5154	5132	5151
5132	5133	5151
5133	5122	5151
5133	5086	5122
5154	5118	5132
5163	5180	5154
5180	5157	5154
5199	5197	5180
5197	5191	5180
5197	5182	5191
5182	5185	5191
5182	5150	5185
5150	5164	5185
5164	5166	5185
5166	5168	5185
5166	5147	5168
5147	5149	5168
5149	5165	5168
5149	5161	5165
5149	5137	5161
5137	5157	5161
5149	5147	5137
5166	5146	5147
5146	5139	5147
5166	5164	5146
5164	5120	5146
5164	5141	5120
5141	5082	5120
5082	5079	5120
5082	5008	5079
5082	4966	5008
4966	4999	5008
4966	4927	4999
4966	4921	4927
4921	4910	4927
4921	4894	4910
4921	4951	4894
4921	4966	4951
4966	5014	4951
4966	5036	5014
4966	5093	5036
5093	5134	5036
5134	5123	5036
5123	5056	5036
5123	5097	5056
5123	5117	5097
5123	5148	5117
5148	5170	5117
5148	5182	5170
5182	5178	5170
5182	5197	5178
5148	5150	5182
5148	5134	5150
5134	5141	5150
5141	5164	5150
5134	5093	5141
5093	5082	5141
5093	4966	5082
5148	5123	5134
5145	5183	5122
5145	5177	5183
5145	5160	5177
5145	5140	5160
5140	5127	5160
5058	5084	5143
5026	5063	5084
5063	5119	5084
5026	5047	5063
5026	4996	5047
5027	5020	5044
5020	4995	5044
4995	4987	5044
4987	4952	5044
5075	5102	5078
4989	5009	5029
4784	4832	4875
4687	4693	4789
4693	4700	4789
4693	4586	4700
4586	4579	4700
4579	4675	4700
4675	4713	4700
4693	4687	4586
4687	4671	4586
4709	4748	4688
4709	4750	4748
4750	4839	4748
4750	4773	4839
4558	4614	4548
4650	4633	4702
3820	3755	3826
3755	3802	3826
3755	3758	3802
3758	3757	3802
3564	3651	3625
3651	3735	3625
3735	3682	3625
3651	3731	3735
3582	3627	3592
3582	3626	3627
3626	3641	3627
3641	3592	3627
3626	3724	3641
3582	3579	3626
3602	3673	3633
3673	3767	3633
3767	3674	3633
3607	3617	3693
3617	3720	3693
3617	3741	3720
3617	3664	3741
3614	3698	3718
3636	3668	3760
3668	3690	3760
3690	3781	3760
3781	3933	3760
3781	3856	3933
3653	3686	3830
3679	3889	3722
3889	3764	3722
3889	3805	3764
3805	3762	3764
3679	3854	3889
3679	3738	3854
3738	3742	3854
3742	3915	3854
3742	3790	3915
3790	3865	3915
3742	3692	3790
3692	3697	3790
3742	3738	3692
3681	3773	3711
3773	3833	3711
3833	3796	3711
3833	3919	3796
3919	3931	3796
3919	4061	3931
4061	3948	3931
4061	4075	3948
4075	4015	3948
4075	4094	4015
4094	4074	4015
4061	4157	4075
4061	4138	4157
4138	4209	4157
4209	4250	4157
4250	4280	4157
4250	4320	4280
4320	4279	4280
4320	4385	4279
4385	4409	4279
4409	4294	4279
4294	4160	4279
4409	4448	4294
4448	4467	4294
4448	4506	4467
4506	4554	4467
4448	4409	4506
4409	4435	4506
4409	4385	4435
4209	4285	4250
3702	3807	3862
3862	3771	3702
3771	3624	3702
3862	3899	3771
3721	3736	3749
3749	3695	3721
3730	3921	3788
3734	3761	3860
3737	3750	3846
3744	3819	3759
3759	3656	3744
3819	3925	3759
3744	3816	3819
3765	3950	3808
3950	4008	3808
4008	3989	3808
3950	4159	4008
3950	4140	4159
3950	3932	4140
3932	4004	4140
4004	4136	4140
4136	4332	4140
4004	4084	4136
4084	4197	4136
4084	4085	4197
4084	4023	4085
4023	4070	4085
4084	3872	4023
3872	3798	4023
3950	3752	3932
3950	3765	3752
3782	3912	3811
3803	3840	3922
3840	3965	3922
3922	3828	3803
3922	3920	3828
3920	3913	3828
3920	3946	3913
3920	4048	3946
4048	4011	3946
4048	4134	4011
4134	4165	4011
4165	4043	4011
3810	3867	3954
3867	4027	3954
4027	4164	3954
4164	4105	3954
4027	4213	4164
4213	4252	4164
4213	4269	4252
4269	4353	4252
4213	4172	4269
4213	4027	4172
3867	3972	4027
3867	3929	3972
3867	3837	3929
3837	3847	3929
3954	3918	3810
3817	4009	3864
4009	4064	3864
4064	3962	3864
4064	3978	3962
3978	3911	3962
3911	3846	3962
3978	4148	3911
3978	4149	4148
4149	4200	4148
4200	4282	4148
4282	4174	4148
4282	4335	4174
4335	4234	4174
4335	4388	4234
4200	4302	4282
3978	4064	4149
4009	4092	4064
3818	3843	3886
3843	3902	3886
3902	3973	3886
3902	3879	3973
3902	3843	3879
3831	3930	4057
3930	3949	4057
3930	3850	3949
4057	3879	3831
3851	3955	3878
3955	4013	3878
3955	4087	4013
3955	3958	4087
3955	3851	3958
3859	3906	3898
3866	3887	3916
3887	3909	3916
3866	3685	3887
3866	3800	3685
3800	3621	3685
3869	3942	4044
3869	3767	3942
3869	3806	3767
3942	4065	4044
4044	4058	3869
3874	3976	3994
3976	4029	3994
3893	4052	3943
4052	4005	3943
4005	3988	3943
4005	4017	3988
4017	3990	3988
3900	3999	4021
3900	3982	3999
3905	3980	3907
3936	4032	3977
4032	4106	3977
3936	3995	4032
3939	3984	4037
3953	4078	3986
3986	3830	3953
3830	3891	3953
4078	4095	3986
4078	4192	4095
4192	4273	4095
4273	4317	4095
4192	4235	4273
3971	4083	4122
4122	3976	3971
3975	4129	3981
3975	4142	4129
3975	4063	4142
4063	4231	4142
3996	4042	4115
4010	4079	4182
4024	4030	4109
4024	3805	4030
4031	4173	4114
4031	4021	4173
4046	4060	4123
4123	4201	4046
4056	4135	4072
4062	4151	4262
4080	4229	4161
4229	4267	4161
4267	4237	4161
4096	4162	4156
4096	4107	4162
4107	4177	4162
4177	4212	4162
4156	4110	4096
4156	4158	4110
4158	4133	4110
4158	4207	4133
4207	4254	4133
4104	4239	4154
4239	4319	4154
4319	4186	4154
4319	4233	4186
4104	4166	4239
4166	4248	4239
4166	4118	4248
4128	4259	4230
4132	4238	4260
4260	4199	4132
4144	4311	4249
4144	4308	4311
4171	4198	4257
4198	4274	4257
4274	4281	4257
4281	4253	4257
4181	4306	4211
4181	4403	4306
4187	4297	4220
4297	4296	4220
4296	4197	4220
4297	4346	4296
4195	4243	4329
4243	4396	4329
4396	4407	4329
4396	4539	4407
4329	4259	4195
4204	4327	4288
4327	4442	4288
4442	4377	4288
4377	4261	4288
4327	4366	4442
4224	4313	4381
4313	4368	4381
4313	4361	4368
4361	4475	4368
4313	4230	4361
4381	4382	4224
4382	4360	4224
4382	4444	4360
4251	4292	4299
4251	4234	4292
4292	4348	4299
4255	4290	4362
4290	4436	4362
4290	4393	4436
4290	4237	4393
4284	4321	4395
4286	4342	4357
4305	4428	4468
4468	4487	4305
4428	4446	4468
4446	4595	4468
4428	4405	4446
4330	4451	4336
4337	4479	4351
4337	4391	4479
4345	4414	4456
4414	4474	4456
4474	4527	4456
4352	4374	4369
4411	4424	4431
4424	4503	4431
4424	4519	4503
4519	4636	4503
4519	4611	4636
4611	4703	4636
4703	4759	4636
4611	4701	4703
4701	4739	4703
4701	4811	4739
4701	4674	4811
4674	4790	4811
4674	4698	4790
4674	4616	4698
4616	4615	4698
4615	4681	4698
4615	4589	4681
4615	4561	4589
4615	4488	4561
4615	4616	4488
4701	4611	4674
4611	4537	4674
4433	4454	4550
4459	4536	4567
4464	4582	4557
4549	4672	4654
4549	4609	4672
4609	4673	4672
954	945	823
945	805	823
805	725	823
954	1069	945
1379	1237	1212
1674	1672	1466
871	1045	854
532	494	524
532	381	494
532	386	381
310	395	321
691	632	678
838	855	936
855	997	936
997	1099	936
997	1058	1099
668	640	609
740	897	750
1869	2141	1916
973	1080	1012
429	418	475
418	463	475
463	504	475
429	394	418
394	299	418
599	450	559
599	534	450
76	142	105
206	265	263
206	229	265
234	350	269
350	312	269
234	248	350
922	796	947
787	641	796
787	612	641
298	329	228
143	124	183
124	178	183
143	97	124
361	393	264
919	764	918
369	254	307
443	353	352
773	878	764
878	975	764
606	705	648
705	694	648
705	715	694
606	624	705
783	939	872
1019	1193	939
964	934	991
964	986	934
1789	2009	1720
1937	1836	2078
1836	1975	2078
1836	1949	1975
1836	1887	1949
1755	1706	1834
888	861	822
955	1079	929
1079	957	929
955	1063	1079
955	1038	1063
917	985	1038
917	942	985
1314	1187	1321
568	646	421
646	531	421
568	657	646
690	801	681
690	711	801
711	1036	801
1036	1075	801
1075	1076	801
1076	1051	801
711	1043	1036
711	851	1043
579	628	656
628	649	656
798	857	696
866	1046	809
866	1136	1046
791	920	923
920	953	923
1416	1690	1532
1003	857	995
915	992	965
982	1188	1171
982	939	1188
2482	2716	2409
2269	2150	2274
1545	1506	1561
878	1021	1062
1118	1006	1137
1176	1129	1422
1451	1526	1255
1526	1338	1255
1367	1484	1527
1367	1287	1484
1536	1289	1374
1787	2006	1690
1994	1984	2205
1770	2024	1896
1770	1608	2024
1716	2004	1765
1346	1462	1514
1883	2041	1807
1914	1725	1799
1914	1943	1725
1914	1963	1943
2813	2974	2769
2974	2779	2769
2813	3059	2974
2813	3074	3059
2671	2708	2892
2708	2933	2892
2542	2345	2462
2259	2091	2345
2091	2265	2345
2091	2087	2265
2909	3152	2932
2909	3190	3152
1872	1936	1906
1936	2104	1906
2104	2207	1906
1880	1902	1930
1880	1821	1902
1880	1769	1821
2037	2224	1953
2224	2168	1953
2168	1979	1953
2395	2580	2315
2580	2390	2315
2580	2584	2390
2221	2495	2248
2221	2178	2495
2000	1939	1868
1972	1608	1840
1904	1734	2019
2028	1860	2016
2430	2290	2214
3306	3561	3371
2627	2583	2669
2456	2336	2583
2456	2402	2336
2355	2319	2222
2319	2118	2222
2319	2156	2118
2355	2417	2319
2997	2849	3114
2849	2880	3114
2849	2812	2880
2528	2622	2344
2622	2624	2344
2624	2394	2344
2394	2244	2344
2624	2463	2394
2624	2540	2463
2528	2646	2622
3563	3852	3639
2920	2752	3072
2752	2979	3072
2414	2623	2650
2414	2475	2623
2256	2096	2260
2376	2637	2404
2637	2648	2404
2376	2601	2637
2297	2050	2321
2297	2223	2050
2223	1955	2050
2459	2516	2436
2356	2084	2210
2356	2169	2084
2356	2370	2169
2547	2815	2661
2547	2484	2815
2636	2601	2550
2722	2720	2648
3258	3209	3020
2425	2731	2502
2423	2225	2422
2225	2427	2422
2488	2679	2615
2679	2771	2615
2771	2737	2615
2771	2883	2737
2883	2876	2737
2771	2894	2883
2850	2784	2674
2515	2299	2554
2766	2820	2592
2565	2833	2770
2833	2840	2770
2913	3148	2967
2913	2943	3148
2586	2740	2717
2740	2902	2717
2902	2897	2717
2740	2828	2902
2821	2783	2673
2783	2744	2673
3011	2709	2901
3011	2912	2709
3011	3090	2912
3315	3413	3217
2810	2647	2754
2871	2879	2810
2879	2746	2810
2871	2953	2879
3085	3126	2856
3126	2870	2856
3126	3078	2870
3022	2712	3019
2712	3003	3019
3192	3425	3179
3054	3162	3018
3189	3276	3127
3133	3270	3108
3220	3271	3029
3271	2966	3029
3253	3263	3063
3263	3044	3063
3263	3160	3044
3263	3341	3160
3253	3332	3263
3076	2875	3136
2875	2878	3136
3597	3577	3784
3273	3301	3377
3464	3203	3238
3203	3118	3238
3118	3109	3238
3118	3033	3109
3464	3286	3203
3464	3500	3286
3218	3283	3361
3283	3537	3361
3283	3445	3537
3218	3208	3283
3208	3148	3283
3308	3329	3184
3408	3306	3287
3584	3818	3654
3818	3763	3654
3584	3710	3818
3710	3843	3818
3656	3713	3488
3713	3499	3488
3499	3425	3488
3656	3809	3713
3656	3759	3809
3505	3522	3286
3478	3330	3425
3806	3869	4019
3869	4058	4019
3853	3748	3983
3548	3676	3457
3676	3686	3457
3686	3439	3457
3676	3734	3686
3734	3891	3686
3891	3830	3686
3461	3217	3436
3570	3532	3704
4256	4363	4225
4256	4275	4363
4275	4304	4363
4304	4398	4363
4398	4500	4363
4241	4301	4334
4108	4034	4100
4034	3899	4100
3899	3862	4100
3862	3991	4100
4359	4445	4152
4445	4235	4152
4445	4441	4235
4853	4948	4788
4948	4775	4788
4915	4916	4765
4602	4521	4419
4666	4847	4657
4666	4809	4847
4591	4438	4452
4591	4533	4438
4591	4661	4533
4580	4435	4472
4580	4506	4435
4580	4554	4506
4523	4467	4554
4738	4742	4647
4168	4016	3992
5071	4936	4992
5071	5041	4936
5041	4964	4936
4884	4835	4796
4824	4700	4713
4824	4789	4700
4824	4860	4789
5017	5088	4972
5088	5095	4972
5095	5046	4972
5046	4961	4972
5088	5098	5095
5098	5121	5095
5098	5155	5121
5088	5042	5098
5042	5068	5098
5088	5022	5042
5088	5021	5022
5111	5162	5155
5111	5106	5162
5106	5130	5162
5130	5152	5162
5144	5186	5152
5144	5153	5186
5101	5131	5158
5200	5153	5188
5200	5195	5153
4787	4761	4868
5019	4875	4971
4875	4832	4971
4926	4901	5000
4941	4909	4955
4909	4899	4955
4941	4913	4909
5015	4968	5080
4968	4950	5080
4950	5013	5080
5013	5091	5080
5136	5128	5102
5128	5078	5102
5151	5122	5183
5180	5161	5157
5185	5168	5191
5168	5165	5191
5165	5161	5191
3673	3942	3767
3673	3830	3942
3673	3653	3830
3760	3789	3636
3889	4030	3805
3761	3899	3860
4136	4341	4332
4136	4197	4341
4388	4348	4234
4388	4449	4348
4449	4462	4348
4021	3985	3900
4021	4031	3985
4095	4120	3986
4095	4181	4120
4095	4317	4181
4317	4403	4181
4078	3953	4192
4024	4003	3805
4060	4147	4123
