291.507955 179.406398 9.858085 255 0 0
300.265629 167.394678 14.720267 255 0 0
310.240180 156.458677 19.858303 255 0 0
321.431606 146.598395 25.272192 255 0 0
333.839909 137.813832 30.961935 255 0 0
347.465087 130.104988 36.927531 255 0 0
362.307142 123.471863 43.168981 255 0 0
378.366073 117.914457 49.686284 255 0 0
395.641880 113.432770 56.479440 0 255 0
376.473764 114.485570 66.435023 0 255 0
358.698157 116.769349 76.706273 0 255 0
342.315060 120.284106 87.293191 0 255 0
327.324471 125.029842 98.195777 0 255 0
313.726392 131.006556 109.414030 0 255 0
301.520821 138.214249 120.947951 0 255 0
290.707760 146.652921 132.797540 0 255 0
281.287208 156.322571 144.962796 0 255 0
