28.744831 36.321894 11.500000 255 0 0
28.987067 36.143667 10.500000 255 0 0
29.292561 35.838923 9.500000 255 0 0
29.661313 35.407662 8.500000 255 0 0
30.093324 34.849885 7.500000 255 0 0
30.588593 34.165591 6.500000 255 0 0
31.147121 33.354780 5.500000 255 0 0
31.768907 32.417453 4.500000 255 0 0
32.453951 31.353609 3.500000 0 255 0
31.768907 30.289765 4.500000 0 255 0
31.147121 29.352438 5.500000 0 255 0
30.588593 28.541627 6.500000 0 255 0
30.093324 27.857333 7.500000 0 255 0
29.661313 27.299556 8.500000 0 255 0
29.292561 26.868295 9.500000 0 255 0
28.987067 26.563551 10.500000 0 255 0
28.744831 26.385324 11.500000 0 255 0
