252.339891 171.025640 47.069490 255 0 0
262.403590 160.410489 49.470444 255 0 0
273.779388 150.763908 51.672894 255 0 0
286.467284 142.085899 53.676840 255 0 0
300.467278 134.376460 55.482281 255 0 0
315.779371 127.635591 57.089217 255 0 0
332.403562 121.863294 58.497649 255 0 0
350.339852 117.059566 59.707577 255 0 0
369.588240 113.224410 60.719000 0 255 0
352.914934 115.378456 74.919359 0 255 0
337.729996 118.631193 88.894546 0 255 0
324.033425 122.982618 102.644562 0 255 0
311.825222 128.432734 116.169405 0 255 0
301.105386 134.981539 129.469077 0 255 0
291.873918 142.629034 142.543577 0 255 0
284.130817 151.375219 155.392905 0 255 0
277.876084 161.220093 168.017062 0 255 0
