2.834178192542319721e+02 1.542859390286429857e+02 1.591122860249819837e+02
2.818752452313995036e+02 1.424749571306097096e+02 1.522791469409023364e+02
2.788031195318162077e+02 1.315401182763247334e+02 1.409609800375920656e+02
2.772824852865326761e+02 1.204021344182442306e+02 1.312031820937621376e+02
2.817145662680142095e+02 1.102420042664242317e+02 1.197706322210502492e+02
2.843418801775383713e+02 1.020754433509061982e+02 9.886151610951418434e+01
2.913265459740982806e+02 9.374388212022108746e+01 8.056661300560261907e+01
3.080269958873411156e+02 8.711402485844189414e+01 5.907744872421946525e+01
3.094698213688512283e+02 1.054264226695485149e+02 3.752173262623165328e+01
3.045092613835624320e+02 1.184944034096744474e+02 3.604655131050628825e+01
3.045441994890790056e+02 1.318545260649170245e+02 3.546999469460541832e+01
3.036438438877386261e+02 1.452019316971592389e+02 3.454216300314766386e+01
3.042730563115950417e+02 1.576731975574624585e+02 3.809935197543381946e+01
3.089844172363376060e+02 1.710968894583981523e+02 3.927922004625077079e+01
3.077650027118638150e+02 1.842157256930260587e+02 3.920918118619943016e+01
