26.466348 36.158206 11.500000 255 0 0
26.788497 35.989911 10.500000 255 0 0
27.198377 35.703335 9.500000 255 0 0
27.695988 35.298479 8.500000 255 0 0
28.281329 34.775343 7.500000 255 0 0
28.954401 34.133928 6.500000 255 0 0
29.715203 33.374232 5.500000 255 0 0
30.563736 32.496256 4.500000 255 0 0
31.500000 31.500000 3.500000 0 255 0
30.960940 30.243605 4.500000 0 255 0
30.463865 29.128362 5.500000 0 255 0
30.008776 28.154272 6.500000 0 255 0
29.595672 27.321334 7.500000 0 255 0
29.224554 26.629548 8.500000 0 255 0
28.895422 26.078916 9.500000 0 255 0
28.608275 25.669435 10.500000 0 255 0
28.363114 25.401107 11.500000 0 255 0
