1	5	4
5	9	4
5	6	9
6	3	9
6	12	3
12	37	3
37	16	3
6	8	12
8	18	12
18	49	12
18	61	49
18	40	61
18	27	40
18	8	27
8	21	27
21	30	27
21	14	30
14	28	30
28	79	30
79	104	30
104	122	30
79	89	104
89	137	104
89	103	137
103	121	137
121	162	137
162	220	137
220	214	137
220	249	214
249	277	214
277	240	214
220	248	249
248	284	249
248	325	284
325	377	284
248	257	325
248	227	257
248	220	227
220	162	227
121	127	162
127	125	162
127	96	125
96	70	125
70	88	125
88	109	125
88	100	109
100	165	109
100	98	165
98	115	165
115	159	165
159	177	165
177	228	165
228	216	165
177	195	228
195	268	228
195	202	268
202	252	268
202	208	252
208	250	252
250	333	252
250	294	333
294	360	333
294	345	360
345	434	360
345	381	434
381	439	434
439	544	434
439	530	544
439	447	530
447	536	530
447	453	536
453	495	536
495	531	536
453	454	495
453	408	454
408	415	454
408	381	415
381	328	415
328	356	415
356	425	415
356	452	425
452	451	425
452	538	451
356	387	452
356	348	387
356	283	348
283	261	348
261	316	348
261	298	316
283	191	261
191	212	261
191	161	212
161	138	212
161	133	138
133	106	138
106	131	138
106	97	131
97	135	131
97	101	135
101	144	135
144	184	135
97	77	101
77	84	101
84	163	101
84	92	163
77	67	84
77	69	67
69	57	67
57	42	67
42	38	67
42	34	38
34	23	38
23	36	38
36	46	38
36	59	46
36	53	59
53	86	59
86	92	59
86	134	92
86	123	134
86	53	123
36	25	53
25	19	53
25	17	19
25	23	17
23	13	17
23	29	13
29	33	13
33	20	13
20	10	13
20	11	10
11	5	10
11	8	5
8	6	5
11	21	8
11	14	21
11	20	14
20	28	14
20	33	28
33	79	28
33	45	79
45	66	79
66	89	79
66	103	89
66	96	103
96	121	103
96	127	121
66	45	96
33	29	45
23	34	29
34	42	29
42	70	29
42	57	70
57	62	70
62	88	70
62	100	88
62	98	100
62	94	98
94	115	98
94	99	115
99	132	115
132	159	115
132	195	159
195	177	159
132	179	195
179	202	195
179	208	202
179	196	208
196	211	208
211	250	208
211	243	250
243	274	250
274	294	250
243	264	274
264	328	274
211	210	243
211	196	210
196	191	210
196	179	191
179	152	191
152	161	191
152	133	161
152	132	133
132	99	133
99	106	133
99	85	106
85	97	106
85	69	97
69	77	97
85	75	69
75	74	69
74	62	69
62	57	69
74	94	62
74	99	94
74	75	99
75	85	99
152	179	132
25	36	23
408	439	381
408	447	439
408	453	447
7	15	26
26	39	7
26	47	39
47	54	39
47	60	54
60	110	54
60	130	110
130	167	110
47	68	60
68	91	60
91	139	60
91	126	139
126	189	139
189	201	139
189	238	201
189	217	238
217	251	238
251	312	238
251	336	312
126	128	189
126	91	128
91	105	128
105	140	128
140	176	128
105	90	140
90	136	140
136	160	140
136	218	160
218	233	160
90	119	136
119	148	136
148	206	136
119	108	148
108	116	148
116	154	148
154	187	148
187	199	148
187	197	199
197	223	199
197	269	223
197	253	269
253	306	269
306	322	269
322	339	269
322	431	339
431	437	339
437	398	339
398	357	339
398	433	357
433	414	357
414	353	357
353	260	357
353	237	260
237	206	260
237	213	206
237	258	213
258	225	213
237	308	258
308	319	258
308	341	319
341	368	319
308	350	341
308	353	350
353	391	350
353	414	391
414	485	391
414	515	485
414	433	515
433	511	515
511	580	515
580	547	515
580	625	547
580	649	625
649	714	625
714	660	625
660	627	625
714	731	660
731	689	660
714	860	731
860	888	731
888	794	731
860	885	888
885	910	888
910	925	888
910	1004	925
1004	987	925
1004	1087	987
1087	1168	987
1168	1033	987
1168	1165	1033
1087	1152	1168
1087	1115	1152
1115	1170	1152
1115	1195	1170
1115	1133	1195
1133	1210	1195
1210	1303	1195
1210	1310	1303
1310	1325	1303
1325	1352	1303
1352	1343	1303
1352	1475	1343
1475	1470	1343
1470	1341	1343
1341	1299	1343
1475	1577	1470
1475	1508	1577
1475	1414	1508
1475	1352	1414
1352	1325	1414
1325	1330	1414
1330	1428	1414
1428	1485	1414
1428	1489	1485
1489	1542	1485
1542	1566	1485
1542	1620	1566
1620	1668	1566
1620	1645	1668
1645	1728	1668
1645	1620	1728
1489	1563	1542
1330	1349	1428
1330	1273	1349
1273	1180	1349
1273	1172	1180
1172	1155	1180
1155	1174	1180
1155	1128	1174
1128	1103	1174
1103	1202	1174
1103	1138	1202
1138	1150	1202
1138	1125	1150
1125	1063	1150
1063	1157	1150
1157	1214	1150
1157	1216	1214
1216	1254	1214
1254	1317	1214
1317	1365	1214
1317	1410	1365
1410	1389	1365
1389	1350	1365
1389	1433	1350
1433	1400	1350
1433	1525	1400
1433	1560	1525
1410	1429	1389
1410	1476	1429
1476	1572	1429
1572	1605	1429
1476	1529	1572
1476	1467	1529
1467	1606	1529
1467	1601	1606
1467	1579	1601
1467	1559	1579
1559	1584	1579
1559	1532	1584
1559	1467	1532
1467	1442	1532
1442	1500	1532
1442	1419	1500
1442	1377	1419
1377	1368	1419
1368	1439	1419
1368	1339	1439
1368	1333	1339
1333	1189	1339
1189	1200	1339
1189	1159	1200
1159	1175	1200
1159	1056	1175
1056	1077	1175
1056	992	1077
992	999	1077
992	955	999
955	889	999
889	907	999
889	872	907
872	841	907
872	839	841
839	768	841
839	791	768
791	776	768
791	843	776
843	808	776
808	803	776
803	748	776
803	799	748
799	737	748
737	673	748
673	626	748
673	632	626
632	579	626
579	560	626
560	562	626
562	605	626
562	566	605
566	594	605
566	572	594
566	524	572
524	564	572
524	462	564
462	514	564
514	654	564
514	653	654
514	496	653
496	646	653
496	499	646
499	529	646
496	396	499
496	365	396
365	370	396
370	402	396
402	490	396
402	494	490
494	557	490
557	592	490
494	487	557
487	506	557
506	537	557
537	624	557
537	615	624
615	640	624
640	641	624
640	683	641
683	763	641
683	780	763
780	825	763
825	824	763
825	873	824
873	915	824
873	1010	915
1010	951	915
873	881	1010
881	890	1010
881	825	890
825	813	890
825	780	813
780	796	813
796	805	813
805	861	813
805	807	861
807	863	861
863	903	861
863	896	903
863	870	896
870	900	896
900	939	896
900	887	939
887	882	939
882	937	939
937	1014	939
1014	995	939
1014	1022	995
1022	968	995
968	963	995
963	971	995
963	950	971
950	948	971
950	959	948
959	1116	948
1116	989	948
989	965	948
989	1032	965
1032	1060	965
1060	890	965
1032	1139	1060
1139	1151	1060
1151	1088	1060
1151	1208	1088
1151	1139	1208
1032	1116	1139
1116	1177	1139
1116	1153	1177
1153	1232	1177
1153	1108	1232
1108	1117	1232
1117	1270	1232
1270	1391	1232
1108	1104	1117
1104	1043	1117
1043	1059	1117
1043	940	1059
1043	978	940
978	969	940
969	1054	940
1054	952	940
1054	1067	952
1067	1065	952
1065	1013	952
1013	944	952
944	927	952
927	998	952
944	976	927
944	892	976
892	898	976
898	964	976
964	1011	976
1011	1154	976
1011	1217	1154
1011	1118	1217
1118	1167	1217
1118	1126	1167
1126	1259	1167
1259	1302	1167
1118	964	1126
964	1061	1126
964	1039	1061
1039	1119	1061
1039	1091	1119
1091	1143	1119
1091	1230	1143
1091	1196	1230
1196	1235	1230
1235	1327	1230
1235	1281	1327
1281	1408	1327
1408	1447	1327
1408	1460	1447
1408	1469	1460
1408	1384	1469
1384	1397	1469
1397	1420	1469
1420	1472	1469
1420	1415	1472
1415	1446	1472
1446	1523	1472
1523	1567	1472
1523	1581	1567
1581	1617	1567
1581	1650	1617
1650	1776	1617
1776	1796	1617
1796	1666	1617
1666	1635	1617
1666	1636	1635
1776	1936	1796
1936	1937	1796
1581	1609	1650
1609	1715	1650
1609	1707	1715
1707	1727	1715
1727	1764	1715
1727	1719	1764
1719	1830	1764
1719	1770	1830
1770	1980	1830
1719	1751	1770
1751	1726	1770
1726	1732	1770
1732	1803	1770
1732	1704	1803
1704	1828	1803
1704	1807	1828
1807	1833	1828
1833	2015	1828
2015	1963	1828
2015	2063	1963
2063	2106	1963
2106	1980	1963
2106	2000	1980
2015	2099	2063
2015	2107	2099
2015	2017	2107
2015	1969	2017
2015	1833	1969
1833	1807	1969
1704	1706	1807
1706	1785	1807
1706	1673	1785
1706	1680	1673
1706	1704	1680
1704	1582	1680
1704	1598	1582
1598	1580	1582
1580	1480	1582
1480	1462	1582
1480	1445	1462
1445	1381	1462
1445	1395	1381
1395	1277	1381
1277	1285	1381
1285	1265	1381
1265	1374	1381
1374	1393	1381
1374	1366	1393
1366	1505	1393
1505	1502	1393
1505	1522	1502
1522	1586	1502
1522	1621	1586
1621	1637	1586
1637	1646	1586
1646	1588	1586
1646	1673	1588
1621	1699	1637
1621	1520	1699
1621	1522	1520
1522	1493	1520
1522	1505	1493
1505	1354	1493
1505	1360	1354
1360	1321	1354
1321	1328	1354
1360	1366	1321
1366	1253	1321
1366	1265	1253
1265	1203	1253
1203	1206	1253
1203	1160	1206
1160	1158	1206
1158	1127	1206
1158	1029	1127
1029	1070	1127
1070	1081	1127
1081	1113	1127
1081	1070	1113
1070	1078	1113
1070	1023	1078
1070	1029	1023
1029	957	1023
1029	982	957
982	869	957
869	850	957
869	862	850
862	784	850
862	744	784
744	671	784
744	685	671
685	585	671
744	690	685
744	809	690
809	800	690
800	659	690
800	721	659
721	597	659
597	583	659
597	563	583
563	551	583
563	507	551
507	556	551
507	482	556
507	432	482
432	470	482
432	359	470
507	458	432
597	635	563
635	574	563
574	543	563
635	697	574
697	623	574
623	589	574
623	582	589
623	733	582
733	736	582
736	587	582
736	618	587
736	668	618
668	642	618
642	576	618
576	476	618
642	688	576
688	590	576
590	518	576
590	504	518
504	429	518
429	409	518
429	317	409
317	303	409
429	352	317
352	318	317
352	231	318
352	375	231
590	628	504
642	668	688
668	704	688
668	736	704
736	819	704
819	847	704
819	921	847
819	820	921
819	736	820
736	733	820
733	856	820
733	754	856
754	750	856
750	877	856
877	962	856
962	996	856
996	911	856
996	997	911
996	1072	997
1072	1169	997
1169	1188	997
1188	1171	997
1171	1020	997
1171	1028	1020
1028	921	1020
1171	1084	1028
1084	1006	1028
1084	1109	1006
1109	1051	1006
1109	1140	1051
1140	1097	1051
1097	1052	1051
1052	1019	1051
1019	979	1051
1019	993	979
993	906	979
993	937	906
937	882	906
882	779	906
993	988	937
988	1014	937
988	1019	1014
1019	1052	1014
1052	1022	1014
1052	1017	1022
1017	968	1022
1017	1000	968
1000	1018	968
1018	960	968
960	963	968
960	950	963
960	1018	950
1000	978	1018
978	1043	1018
1043	1104	1018
1104	1108	1018
1000	969	978
1000	1054	969
1000	1097	1054
1097	1067	1054
1097	1132	1067
1132	1065	1067
1132	1134	1065
1134	1013	1065
1134	1204	1013
1204	980	1013
980	944	1013
980	892	944
1204	1161	980
1161	1038	980
1204	1215	1161
1215	1306	1161
1306	1255	1161
1255	1196	1161
1255	1256	1196
1256	1235	1196
1256	1269	1235
1269	1281	1235
1269	1296	1281
1296	1408	1281
1296	1384	1408
1296	1282	1384
1282	1378	1384
1378	1397	1384
1378	1415	1397
1415	1420	1397
1378	1446	1415
1378	1407	1446
1407	1474	1446
1474	1528	1446
1528	1523	1446
1528	1564	1523
1564	1581	1523
1564	1609	1581
1564	1618	1609
1618	1707	1609
1618	1719	1707
1719	1727	1707
1618	1619	1719
1619	1700	1719
1700	1718	1719
1718	1751	1719
1718	1726	1751
1718	1700	1726
1700	1705	1726
1705	1732	1726
1705	1704	1732
1705	1598	1704
1705	1610	1598
1610	1580	1598
1610	1619	1580
1619	1488	1580
1488	1480	1580
1488	1466	1480
1466	1445	1480
1466	1395	1445
1466	1451	1395
1451	1375	1395
1375	1342	1395
1342	1323	1395
1323	1277	1395
1323	1262	1277
1262	1249	1277
1249	1285	1277
1249	1265	1285
1249	1248	1265
1248	1203	1265
1248	1222	1203
1222	1124	1203
1124	1160	1203
1124	1029	1160
1029	1158	1160
1124	1069	1029
1069	982	1029
1069	990	982
990	862	982
862	869	982
990	836	862
836	744	862
836	809	744
836	829	809
829	800	809
829	935	800
935	974	800
974	821	800
821	721	800
821	833	721
833	693	721
693	635	721
635	597	721
693	697	635
693	722	697
722	750	697
750	754	697
754	623	697
754	733	623
722	877	750
722	693	877
693	833	877
833	899	877
899	962	877
899	991	962
991	1024	962
1024	996	962
1024	1072	996
1024	1110	1072
1110	1144	1072
1144	1169	1072
1144	1218	1169
1218	1271	1169
1271	1188	1169
1271	1287	1188
1287	1301	1188
1301	1213	1188
1213	1171	1188
1213	1084	1171
1213	1181	1084
1181	1109	1084
1181	1163	1109
1163	1140	1109
1163	1164	1140
1164	1132	1140
1132	1097	1140
1164	1134	1132
1164	1181	1134
1181	1243	1134
1243	1204	1134
1243	1215	1204
1243	1306	1215
1243	1288	1306
1288	1359	1306
1359	1347	1306
1347	1282	1306
1282	1255	1306
1282	1256	1255
1282	1296	1256
1296	1269	1256
1347	1378	1282
1347	1407	1378
1347	1359	1407
1359	1362	1407
1362	1413	1407
1413	1474	1407
1413	1425	1474
1425	1513	1474
1513	1528	1474
1513	1536	1528
1536	1564	1528
1536	1618	1564
1536	1524	1618
1524	1511	1618
1511	1492	1618
1492	1619	1618
1492	1488	1619
1492	1451	1488
1451	1466	1488
1492	1382	1451
1382	1375	1451
1382	1357	1375
1357	1342	1375
1357	1326	1342
1326	1293	1342
1293	1323	1342
1293	1260	1323
1260	1262	1323
1260	1252	1262
1252	1146	1262
1146	1105	1262
1105	1249	1262
1105	1222	1249
1222	1248	1249
1105	1124	1222
1105	1057	1124
1057	1069	1124
1057	990	1069
1057	1037	990
1037	949	990
949	836	990
949	935	836
935	829	836
949	974	935
949	1074	974
1074	1031	974
1031	1012	974
1012	821	974
1012	1003	821
1003	833	821
1003	899	833
1003	991	899
1003	1024	991
1074	1146	1031
1146	1131	1031
1146	1211	1131
1211	1173	1131
1211	1240	1173
1240	1244	1173
1244	1229	1173
1229	1110	1173
1110	1024	1173
1229	1218	1110
1218	1144	1110
1229	1291	1218
1291	1278	1218
1278	1271	1218
1278	1287	1271
1278	1291	1287
1291	1362	1287
1362	1301	1287
1362	1359	1301
1359	1288	1301
1288	1267	1301
1267	1213	1301
1267	1181	1213
1267	1243	1181
1267	1288	1243
1291	1413	1362
1291	1425	1413
1291	1332	1425
1332	1382	1425
1382	1511	1425
1511	1524	1425
1524	1513	1425
1524	1536	1513
1382	1492	1511
1332	1326	1382
1326	1357	1382
1332	1240	1326
1240	1293	1326
1240	1211	1293
1211	1260	1293
1211	1146	1260
1146	1252	1260
1332	1244	1240
1332	1291	1244
1291	1229	1244
1074	1105	1146
1074	1037	1105
1037	1057	1105
1074	949	1037
1164	1163	1181
1610	1700	1619
1610	1705	1700
1000	1017	1097
1017	1052	1097
988	993	1019
1366	1374	1265
1360	1505	1366
1039	1038	1091
964	898	1039
1118	1011	964
1116	959	1153
1032	989	1116
887	851	882
887	864	851
864	778	851
864	827	778
864	900	827
900	870	827
870	832	827
832	771	827
870	863	832
863	761	832
863	807	761
807	674	761
674	694	761
674	655	694
674	578	655
578	521	655
521	513	655
513	616	655
513	457	616
457	555	616
457	441	555
457	355	441
457	367	355
367	314	355
314	297	355
314	200	297
200	188	297
188	290	297
200	181	188
367	331	314
457	513	367
513	486	367
513	521	486
521	558	486
558	537	486
537	506	486
506	420	486
420	400	486
420	373	400
373	304	400
373	311	304
311	255	304
255	242	304
242	259	304
259	331	304
242	207	259
242	180	207
180	175	207
180	168	175
168	141	175
141	200	175
168	129	141
168	143	129
143	118	129
118	111	129
118	102	111
102	78	111
78	93	111
78	58	93
58	63	93
58	50	63
58	78	50
78	80	50
78	102	80
102	113	80
113	81	80
81	32	80
81	71	32
71	44	32
44	31	32
31	22	32
22	24	32
24	50	32
22	16	24
44	43	31
43	35	31
35	15	31
35	51	15
51	48	15
48	26	15
48	47	26
48	68	47
48	52	68
52	82	68
82	91	68
82	105	91
82	90	105
82	76	90
76	119	90
76	108	119
76	72	108
72	87	108
87	116	108
87	114	116
114	154	116
114	113	154
113	156	154
156	187	154
156	197	187
156	157	197
157	153	197
153	185	197
185	253	197
185	193	253
193	246	253
246	292	253
246	278	292
278	288	292
288	343	292
343	344	292
344	371	292
371	358	292
371	384	358
384	394	358
394	306	358
306	253	358
394	322	306
394	431	322
394	423	431
423	444	431
444	443	431
443	437	431
443	445	437
445	398	437
445	450	398
450	433	398
450	511	433
450	501	511
501	534	511
534	580	511
534	522	580
522	609	580
609	649	580
609	667	649
667	714	649
667	831	714
831	860	714
831	885	860
831	822	885
822	910	885
831	745	822
745	760	822
760	755	822
755	772	822
772	844	822
772	781	844
781	751	844
781	772	751
772	753	751
753	745	751
745	637	751
637	727	751
637	716	727
716	720	727
720	757	727
720	737	757
737	756	757
756	826	757
756	874	826
874	893	826
893	891	826
893	928	891
928	954	891
954	924	891
924	844	891
924	956	844
956	936	844
936	922	844
936	930	922
930	994	922
994	822	922
930	1040	994
1040	1100	994
1100	1036	994
1036	910	994
1036	1004	910
1036	1115	1004
1115	1087	1004
1036	1095	1115
1095	1133	1115
1095	1100	1133
1100	1210	1133
1100	1155	1210
1155	1172	1210
1172	1273	1210
1273	1310	1210
1273	1330	1310
1330	1325	1310
1100	1128	1155
1100	1040	1128
1040	1103	1128
1040	1015	1103
1015	1025	1103
1025	1053	1103
1053	1049	1103
1049	1125	1103
1125	1138	1103
1049	1063	1125
1049	954	1063
954	1035	1063
1035	1079	1063
1079	1156	1063
1156	1157	1063
1156	1216	1157
1156	1263	1216
1263	1254	1216
1263	1317	1254
1263	1344	1317
1344	1410	1317
1344	1476	1410
1344	1467	1476
1344	1355	1467
1355	1376	1467
1376	1442	1467
1376	1377	1442
1376	1333	1377
1333	1368	1377
1376	1355	1333
1355	1283	1333
1283	1189	1333
1283	1209	1189
1209	1159	1189
1209	1042	1159
1042	1034	1159
1034	1056	1159
1034	973	1056
973	992	1056
973	955	992
973	919	955
919	889	955
919	808	889
808	843	889
843	872	889
843	839	872
843	791	839
919	908	808
908	803	808
908	858	803
858	799	803
858	756	799
756	737	799
858	874	756
858	880	874
880	905	874
905	970	874
970	893	874
970	934	893
934	928	893
934	1008	928
1008	1035	928
1035	954	928
1008	1079	1035
1008	1044	1079
1044	1209	1079
1209	1156	1079
1209	1263	1156
1209	1283	1263
1283	1344	1263
1283	1355	1344
1044	1042	1209
1044	970	1042
970	1034	1042
970	973	1034
970	919	973
970	908	919
970	905	908
905	880	908
880	858	908
1044	1008	970
1008	934	970
1049	956	954
956	924	954
1049	1007	956
1007	936	956
1007	1025	936
1025	1015	936
1015	930	936
1015	1040	930
1007	1053	1025
1007	1049	1053
1095	1036	1100
720	638	737
638	673	737
638	632	673
638	631	632
631	579	632
631	561	579
561	540	579
540	560	579
540	527	560
527	535	560
535	562	560
535	524	562
524	566	562
535	459	524
459	462	524
459	440	462
440	422	462
422	496	462
496	514	462
440	404	422
404	354	422
354	365	422
354	370	365
354	323	370
323	330	370
330	402	370
323	311	330
323	255	311
323	286	255
286	262	255
262	180	255
180	242	255
262	173	180
173	168	180
173	143	168
173	193	143
193	185	143
185	153	143
153	124	143
124	118	143
124	120	118
120	102	118
120	113	102
120	156	113
120	157	156
120	153	157
120	124	153
262	273	173
262	286	273
286	305	273
305	285	273
305	288	285
288	246	285
246	193	285
288	278	246
305	343	288
305	337	343
337	390	343
390	411	343
411	344	343
411	416	344
416	371	344
416	384	371
416	505	384
505	412	384
412	394	384
412	423	394
412	505	423
505	444	423
505	545	444
545	526	444
526	443	444
526	522	443
522	445	443
522	501	445
501	450	445
522	534	501
526	571	522
571	609	522
571	584	609
584	593	609
593	667	609
593	678	667
678	831	667
678	745	831
678	637	745
678	593	637
593	599	637
599	680	637
680	716	637
680	679	716
679	720	716
679	631	720
631	638	720
679	680	631
680	561	631
680	599	561
599	545	561
545	523	561
523	540	561
523	455	540
455	527	540
455	459	527
459	535	527
455	411	459
411	404	459
404	440	459
411	390	404
390	354	404
390	337	354
337	323	354
337	286	323
337	305	286
455	416	411
545	505	523
599	565	545
565	526	545
565	575	526
575	593	526
593	584	526
584	571	526
575	599	593
575	565	599
753	755	745
755	760	745
753	772	755
114	107	113
107	81	113
107	71	81
107	87	71
87	72	71
72	55	71
55	44	71
55	43	44
55	35	43
55	51	35
55	52	51
52	48	51
55	64	52
64	76	52
76	82	52
64	72	76
64	55	72
107	114	87
506	424	420
506	487	424
487	494	424
494	402	424
558	615	537
558	674	615
674	640	615
674	683	640
674	805	683
805	796	683
796	780	683
674	807	805
558	578	674
558	521	578
864	887	900
881	873	825
308	237	353
7	1	15
112	226	142
226	171	142
171	146	142
226	266	171
226	231	266
145	215	172
215	236	172
145	232	215
147	229	150
190	205	301
194	204	263
263	198	194
263	209	198
263	272	209
272	247	209
247	235	209
247	309	235
309	241	235
241	239	235
239	222	235
222	163	235
239	282	222
247	310	309
247	272	310
224	293	276
293	379	276
293	397	379
293	335	397
335	419	397
419	517	397
419	438	517
419	335	438
244	254	321
254	281	321
281	332	321
281	301	332
321	302	244
287	349	385
385	303	287
385	413	303
385	476	413
289	351	338
338	282	289
338	307	282
338	346	307
289	324	351
296	383	376
329	475	342
329	362	475
362	488	475
488	600	475
362	473	488
361	427	380
427	460	380
460	363	380
460	430	363
460	528	430
528	539	430
539	510	430
539	672	510
672	581	510
672	740	581
672	790	740
790	765	740
765	686	740
765	746	686
746	692	686
692	639	686
639	516	686
639	525	516
692	724	639
765	902	746
765	790	902
790	953	902
953	1071	902
1071	1183	902
1183	1182	902
1183	1353	1182
1353	1276	1182
1276	1021	1182
1276	1064	1021
1276	1121	1064
1183	1184	1353
1184	1435	1353
1435	1495	1353
1435	1592	1495
1592	1570	1495
1570	1544	1495
1435	1527	1592
1527	1696	1592
1527	1723	1696
1527	1758	1723
1435	1405	1527
1405	1379	1527
1379	1380	1527
1435	1184	1405
1183	1071	1184
1071	1130	1184
1071	953	1130
953	985	1130
985	1129	1130
985	984	1129
984	1046	1129
984	879	1046
879	1047	1046
879	853	1047
853	983	1047
983	1045	1047
983	917	1045
983	853	917
853	700	917
700	730	917
730	786	917
730	758	786
758	981	786
981	1048	786
730	645	758
853	732	700
953	895	985
953	878	895
953	790	878
790	672	878
528	703	539
528	656	703
656	705	703
656	657	705
657	682	705
682	732	705
656	481	657
656	528	481
528	460	481
460	446	481
460	427	446
364	449	386
386	336	364
449	474	386
364	421	449
421	508	449
508	595	449
366	469	389
469	477	389
372	468	418
372	472	468
472	516	468
472	581	516
382	417	405
405	421	382
405	417	421
382	368	417
388	463	399
463	503	399
463	520	503
520	606	503
606	573	503
606	630	573
606	695	630
388	392	463
403	410	498
407	484	489
484	509	489
456	532	465
532	517	465
541	620	552
549	567	586
550	601	633
553	636	608
554	629	676
629	728	676
728	742	676
728	811	742
728	801	811
559	602	612
602	627	612
627	702	612
569	687	738
687	785	738
687	701	785
701	818	785
818	834	785
834	958	785
818	1064	834
588	723	699
591	607	648
603	675	698
617	717	804
617	698	717
634	662	734
734	708	634
734	788	708
788	759	708
734	798	788
734	838	798
838	866	798
838	931	866
838	916	931
838	830	916
830	883	916
883	1030	916
883	909	1030
883	802	909
802	775	909
775	854	909
775	713	854
713	823	854
713	709	823
709	770	823
883	837	802
837	830	802
837	883	830
838	734	830
643	789	684
647	669	706
706	773	647
650	715	783
715	815	783
652	707	712
712	666	652
658	766	677
677	620	658
658	699	766
699	817	766
661	806	735
735	696	661
735	762	696
735	810	762
810	749	762
810	894	749
810	835	894
810	806	835
806	897	835
806	876	897
810	735	806
665	846	814
846	941	814
846	875	941
875	977	941
977	1055	941
846	665	875
670	752	725
681	741	726
681	749	741
718	812	848
747	857	769
857	842	769
857	929	842
929	841	842
857	918	929
764	852	792
852	828	792
767	913	797
913	923	797
795	867	816
816	702	795
795	794	867
795	777	794
849	972	933
855	920	1107
871	886	1135
871	804	886
886	1162	1135
1135	904	871
1135	1093	904
1093	943	904
943	811	904
932	961	1089
961	1076	1089
1076	1114	1089
1114	932	1089
1114	1192	932
961	1016	1076
938	1090	1009
1090	1186	1009
1186	1026	1009
938	1141	1090
945	946	1002
986	1001	1178
1001	1194	1178
1194	1361	1178
1361	1292	1178
1292	1111	1178
1361	1314	1292
1361	1338	1314
1338	1322	1314
1194	1412	1361
1005	1062	1145
1062	1099	1145
1099	1193	1145
1099	1198	1193
1198	1308	1193
1099	1050	1198
1050	1068	1198
1099	1062	1050
1058	1092	1136
1086	1142	1106
1142	1247	1106
1142	1261	1247
1261	1300	1247
1261	1309	1300
1309	1370	1300
1261	1268	1309
1268	1251	1309
1251	1319	1309
1268	1123	1251
1268	1142	1123
1142	1086	1123
1268	1261	1142
1094	1096	1185
1094	1048	1096
1094	1045	1048
1094	1185	1045
1096	1220	1185
1220	1406	1185
1220	1438	1406
1112	1201	1264
1148	1257	1187
1148	1289	1257
1289	1455	1257
1455	1371	1257
1371	1187	1257
1455	1478	1371
1478	1401	1371
1401	1424	1371
1176	1294	1250
1294	1356	1250
1356	1280	1250
1294	1453	1356
1294	1443	1453
1176	1275	1294
1179	1295	1272
1295	1390	1272
1295	1334	1390
1334	1483	1390
1334	1421	1483
1421	1504	1483
1421	1583	1504
1190	1258	1233
1190	1093	1258
1191	1274	1312
1312	1236	1191
1199	1290	1219
1221	1394	1305
1221	1316	1394
1226	1311	1227
1241	1386	1335
1246	1471	1431
1471	1548	1431
1548	1501	1431
1548	1622	1501
1622	1540	1501
1471	1549	1548
1471	1473	1549
1473	1481	1549
1481	1575	1549
1471	1246	1473
1279	1396	1373
1284	1509	1313
1509	1337	1313
1509	1412	1337
1509	1550	1412
1550	1554	1412
1509	1607	1550
1607	1709	1550
1709	1777	1550
1709	1909	1777
1709	1885	1909
1885	1935	1909
1935	1987	1909
1709	1746	1885
1709	1607	1746
1607	1745	1746
1509	1533	1607
1533	1599	1607
1509	1284	1533
1286	1482	1503
1298	1497	1423
1497	1600	1423
1600	1512	1423
1298	1264	1497
1264	1403	1497
1403	1496	1497
1403	1521	1496
1403	1383	1521
1307	1448	1315
1318	1441	1372
1318	1432	1441
1318	1346	1432
1346	1422	1432
1346	1398	1422
1320	1399	1459
1320	1411	1399
1320	1208	1411
1399	1608	1459
1608	1556	1459
1556	1369	1459
1369	1320	1459
1556	1457	1369
1556	1510	1457
1556	1663	1510
1663	1573	1510
1663	1738	1573
1738	1778	1573
1778	1740	1573
1740	1521	1573
1556	1682	1663
1345	1519	1449
1519	1616	1449
1519	1629	1616
1629	1653	1616
1629	1794	1653
1519	1569	1629
1364	1418	1516
1418	1477	1516
1477	1633	1516
1633	1630	1516
1633	1744	1630
1633	1721	1744
1721	1772	1744
1772	1929	1744
1929	1904	1744
1904	1850	1744
1929	2070	1904
2070	2115	1904
2070	2260	2115
2260	2333	2115
2260	2384	2333
2384	2423	2333
2260	2433	2384
2260	2240	2433
2240	2417	2433
2260	2114	2240
2114	2036	2240
2036	2030	2240
2036	1955	2030
1955	1829	2030
1829	2014	2030
1955	1864	1829
1864	1693	1829
1864	1789	1693
1789	1721	1693
1789	1772	1721
1789	1986	1772
1986	1929	1772
1986	2049	1929
2049	2070	1929
2049	2060	2070
2060	2114	2070
2114	2260	2070
2060	1986	2114
1986	2036	2114
1986	1955	2036
1986	1864	1955
1986	1789	1864
2060	2049	1986
1633	1558	1721
1558	1506	1721
1558	1427	1506
1427	1391	1506
1558	1477	1427
1558	1633	1477
1516	1514	1364
1514	1411	1364
1367	1426	1454
1385	1392	1517
1388	1452	1402
1388	1341	1452
1404	1571	1543
1571	1615	1543
1444	1490	1589
1490	1574	1589
1589	1498	1444
1479	1518	1557
1557	1569	1479
1557	1649	1569
1518	1602	1557
1491	1685	1658
1507	1562	1552
1552	1438	1507
1562	1749	1552
1562	1664	1749
1562	1537	1664
1537	1531	1664
1531	1661	1664
1531	1454	1661
1454	1644	1661
1562	1507	1537
1515	1657	1553
1657	1669	1553
1535	1670	1647
1535	1725	1670
1725	1848	1670
1848	1872	1670
1872	1655	1670
1655	1647	1670
1655	1546	1647
1546	1535	1647
1655	1594	1546
1725	1856	1848
1545	1698	1697
1698	1983	1697
1983	1876	1697
1983	1985	1876
1985	1927	1876
1927	1875	1876
1875	1758	1876
1875	1927	1758
1985	2112	1927
2112	2068	1927
2112	2169	2068
2169	2139	2068
2169	2168	2139
2169	2330	2168
2330	2256	2168
2256	2034	2168
2256	2096	2034
2096	1984	2034
2096	2067	1984
2067	1926	1984
2067	2035	1926
2096	2254	2067
2096	2256	2254
2256	2366	2254
2366	2439	2254
2366	2461	2439
2366	2438	2461
2438	2570	2461
2438	2509	2570
2509	2567	2570
2567	2716	2570
2716	2720	2570
2716	2858	2720
2858	2828	2720
2828	2736	2720
2828	2760	2736
2760	2653	2736
2828	2998	2760
2828	2953	2998
2953	3041	2998
3041	3105	2998
3041	3133	3105
3041	2953	3133
2953	3017	3133
2716	2833	2858
2716	2802	2833
2802	2984	2833
2984	3017	2833
2984	3180	3017
2984	3025	3180
3025	3231	3180
3025	3072	3231
3072	3295	3231
3072	3287	3295
3287	3381	3295
3287	3431	3381
3431	3460	3381
3431	3527	3460
3431	3534	3527
3534	3664	3527
3025	3043	3072
3025	2984	3043
2984	2955	3043
2955	2999	3043
2955	2853	2999
2716	2567	2802
2509	2526	2567
2526	2642	2567
2526	2528	2642
2528	2662	2642
2366	2330	2438
2366	2256	2330
2169	2386	2330
2386	2528	2330
2386	2457	2528
2386	2364	2457
2364	2363	2457
2363	2411	2457
2411	2486	2457
2411	2300	2486
2411	2329	2300
2411	2363	2329
2363	2112	2329
2363	2364	2112
2364	2169	2112
2364	2386	2169
1698	1843	1983
1843	2012	1983
1843	2013	2012
1843	1821	2013
1821	1982	2013
1982	2105	2013
1551	1747	1737
1737	1574	1551
1555	1641	1667
1641	1675	1667
1675	1782	1667
1675	1692	1782
1692	1720	1782
1720	1767	1782
1767	1812	1782
1812	1900	1782
1812	1906	1900
1906	1967	1900
1967	1951	1900
1967	1997	1951
1967	1988	1997
1967	1906	1988
1906	2023	1988
1906	1846	2023
1846	1886	2023
1886	1947	2023
1947	2145	2023
1886	1918	1947
1918	1939	1947
1939	1971	1947
1939	1934	1971
1934	2018	1971
1934	1801	2018
1801	1808	2018
1801	1686	1808
1686	1799	1808
1799	1831	1808
1831	1913	1808
1934	1771	1801
1934	1903	1771
1934	1939	1903
1939	1918	1903
1918	1886	1903
1886	1823	1903
1886	1846	1823
1846	1791	1823
1791	1767	1823
1791	1812	1767
1791	1846	1812
1846	1906	1812
1692	1560	1720
1667	1563	1555
1667	1689	1563
1667	1788	1689
1788	1760	1689
1788	1841	1760
1788	1839	1841
1839	1878	1841
1878	1953	1841
1878	1981	1953
1981	2050	1953
1981	2007	2050
2007	2081	2050
2007	2090	2081
2007	1997	2090
1878	1859	1981
1878	1839	1859
1839	1788	1859
1565	1593	1628
1593	1730	1628
1593	1753	1730
1753	1779	1730
1576	1631	1703
1631	1679	1703
1590	1665	1711
1590	1512	1665
1665	1702	1711
1591	1640	1614
1640	1674	1614
1674	1613	1614
1674	1698	1613
1596	1690	1639
1604	1691	1624
1691	1818	1624
1691	1750	1818
1750	1910	1818
1750	1813	1910
1813	1867	1910
1867	1960	1910
1813	1857	1867
1623	1743	1806
1662	1694	1814
1694	1845	1814
1845	1974	1814
1974	2062	1814
2062	1911	1814
1974	1995	2062
1995	2020	2062
1995	1974	2020
1974	1925	2020
1925	1928	2020
1925	1773	1928
1925	1845	1773
1845	1694	1773
1925	1974	1845
1814	1683	1662
1814	1735	1683
1672	1754	1736
1672	1809	1754
1809	1874	1754
1678	1780	1781
1678	1731	1780
1731	1858	1780
1678	1669	1731
1688	1822	1811
1708	1802	1854
1802	1861	1854
1861	1920	1854
1920	2041	1854
1920	1978	2041
1920	1861	1978
1861	2086	1978
1712	1762	1729
1762	1765	1729
1765	1714	1729
1762	1863	1765
1722	1775	1761
1761	1866	1722
1761	1895	1866
1895	1914	1866
1914	1958	1866
1761	1775	1895
1775	1817	1895
1775	1816	1817
1752	1768	1915
1759	1917	1769
1759	1962	1917
1962	2117	1917
1962	2092	2117
2092	2193	2117
1783	1810	1893
1783	1740	1810
1740	1840	1810
1840	1893	1810
1840	2080	1893
2080	1993	1893
1993	1933	1893
1993	2021	1933
1993	2189	2021
1993	2154	2189
2154	2308	2189
2308	2290	2189
2290	2232	2189
2154	2315	2308
2315	2499	2308
2499	2516	2308
2499	2680	2516
2680	2641	2516
2154	2181	2315
2181	2376	2315
2181	2258	2376
2258	2380	2376
2380	2416	2376
2416	2413	2376
2416	2467	2413
2416	2643	2467
2154	2080	2181
2080	2053	2181
2080	1840	2053
1840	2046	2053
1840	1961	2046
1961	2055	2046
1961	1877	2055
1877	2088	2055
2154	1993	2080
1786	1888	1902
1795	1892	1891
1797	1855	1849
1819	1973	1842
1973	1998	1842
1820	2005	1964
1820	1850	2005
1825	1959	1992
1826	1996	1870
1826	1991	1996
1991	2111	1996
2111	2101	1996
2111	2206	2101
2111	2231	2206
2231	2349	2206
2231	2436	2349
2436	2501	2349
2501	2440	2349
2501	2558	2440
2558	2563	2440
2563	2555	2440
2555	2357	2440
2563	2639	2555
2639	2636	2555
2636	2630	2555
2630	2634	2555
2634	2511	2555
2630	2699	2634
2630	2844	2699
2630	2636	2844
2563	2735	2639
2563	2558	2735
2231	2278	2436
2231	2200	2278
2231	2111	2200
2111	1991	2200
1991	1965	2200
1965	2066	2200
1991	1826	1965
1826	1806	1965
1834	2006	1837
1834	1879	2006
1851	1956	1897
1897	1794	1851
1794	1793	1851
1897	1890	1794
1897	2027	1890
2027	2077	1890
2027	2120	2077
1897	1956	2027
1851	1946	1956
1946	2103	1956
1862	1931	1943
1931	2065	1943
1931	1966	2065
1966	2047	2065
2047	2216	2065
2216	2209	2065
2209	2198	2065
2198	2135	2065
2047	2072	2216
2072	2082	2216
2082	2219	2216
2047	1966	2072
1869	1972	2118
1972	2129	2118
1871	1932	1922
1932	1968	1922
1932	2078	1968
1887	1912	2019
2019	1924	1887
2019	1977	1924
1977	1896	1924
2019	2131	1977
2019	2188	2131
1898	2052	1940
1898	2093	2052
1908	2109	2128
2109	2232	2128
1923	2033	2042
2033	2146	2042
1942	2143	2170
2143	2156	2170
1975	2083	2022
1975	1858	2083
1979	2073	2084
2073	2133	2084
2133	2102	2084
2073	2159	2133
2159	2241	2133
2159	2227	2241
2227	2350	2241
2350	2378	2241
2378	2313	2241
2227	2292	2350
2227	2264	2292
2264	2288	2292
2264	2272	2288
2264	2208	2272
2208	2119	2272
2119	2153	2272
2264	2227	2208
2227	2159	2208
1999	2056	2207
2207	2176	1999
2207	2334	2176
2334	2269	2176
2269	2166	2176
2001	2121	2075
2121	2110	2075
2002	2104	2162
2162	2037	2002
2162	2184	2037
2004	2064	2130
2009	2123	2026
2123	2218	2026
2218	2161	2026
2009	1911	2123
2009	1905	1911
2010	2038	2011
2038	2160	2011
2160	2125	2011
2038	2205	2160
2205	2233	2160
2205	2305	2233
2305	2389	2233
2389	2382	2233
2389	2447	2382
2205	2212	2305
2205	2038	2212
2043	2061	2197
2043	2005	2061
2061	2087	2197
2087	2253	2197
2069	2171	2134
2171	2179	2134
2074	2243	2271
2243	2452	2271
2452	2342	2271
2243	2351	2452
2351	2383	2452
2383	2506	2452
2506	2560	2452
2560	2595	2452
2560	2678	2595
2678	2688	2595
2688	2806	2595
2806	2629	2595
2629	2586	2595
2586	2443	2595
2629	2670	2586
2688	2818	2806
2818	2933	2806
2933	2964	2806
2933	3008	2964
3008	3119	2964
3119	3124	2964
3124	3097	2964
3124	3303	3097
3303	3325	3097
3325	3256	3097
3256	3114	3097
3114	3048	3097
3048	2880	3097
3114	3068	3048
3114	3193	3068
3114	3256	3193
3256	3353	3193
3256	3462	3353
3462	3487	3353
3487	3372	3353
3372	3148	3353
3372	3324	3148
3372	3440	3324
3372	3487	3440
3462	3625	3487
3303	3345	3325
3345	3576	3325
3345	3548	3576
3548	3760	3576
3760	3782	3576
3782	3632	3576
3760	3881	3782
3760	3812	3881
3812	3916	3881
3916	4046	3881
4046	3985	3881
4046	4051	3985
4046	4219	4051
4046	4087	4219
4046	3997	4087
3997	4058	4087
4046	3916	3997
3812	3810	3916
3812	3754	3810
3754	3638	3810
3638	3784	3810
3754	3568	3638
3568	3599	3638
3568	3458	3599
3458	3505	3599
3754	3523	3568
3754	3760	3523
3760	3548	3523
3548	3488	3523
3548	3345	3488
3345	3315	3488
3315	3354	3488
3345	3303	3315
3303	3124	3315
3754	3812	3760
3008	3087	3119
3008	2927	3087
3008	2933	2927
2933	2842	2927
2842	2822	2927
2842	2678	2822
2842	2688	2678
2842	2818	2688
2842	2933	2818
2506	2551	2560
2351	2262	2383
2262	2291	2383
2243	2213	2351
2089	2273	2238
2091	2195	2190
2113	2122	2178
2122	2225	2178
2124	2228	2185
2124	2304	2228
2304	2428	2228
2127	2173	2191
2140	2235	2174
2174	2090	2140
2140	2230	2235
2230	2302	2235
2147	2335	2229
2148	2286	2183
2152	2187	2244
2187	2266	2244
2266	2352	2244
2352	2375	2244
2375	2186	2244
2352	2405	2375
2405	2462	2375
2462	2522	2375
2405	2477	2462
2405	2352	2477
2187	2270	2266
2187	2247	2270
2157	2201	2268
2201	2320	2268
2320	2284	2268
2284	2105	2268
2105	2157	2268
2320	2314	2284
2314	2285	2284
2320	2500	2314
2320	2354	2500
2354	2505	2500
2505	2657	2500
2505	2541	2657
2541	2651	2657
2541	2529	2651
2541	2401	2529
2541	2505	2401
2505	2354	2401
2320	2201	2354
2158	2295	2323
2295	2393	2323
2393	2427	2323
2427	2316	2323
2427	2418	2316
2418	2279	2316
2418	2371	2279
2427	2599	2418
2599	2543	2418
2599	2612	2543
2612	2686	2543
2612	2841	2686
2612	2669	2841
2612	2599	2669
2295	2511	2393
2199	2252	2214
2210	2236	2255
2220	2359	2261
2359	2395	2261
2359	2471	2395
2359	2455	2471
2359	2317	2455
2317	2424	2455
2317	2298	2424
2298	2297	2424
2297	2385	2424
2385	2589	2424
2385	2592	2589
2592	2718	2589
2592	2653	2718
2297	2221	2385
2221	2281	2385
2359	2220	2317
2220	2062	2317
2226	2346	2408
2226	2161	2346
2161	2360	2346
2360	2601	2346
2360	2561	2601
2360	2498	2561
2498	2615	2561
2226	2103	2161
2234	2426	2249
2426	2504	2249
2426	2547	2504
2246	2294	2275
2251	2430	2309
2265	2332	2377
2277	2362	2368
2362	2487	2368
2487	2445	2368
2362	2473	2487
2362	2441	2473
2362	2404	2441
2282	2358	2381
2381	2341	2282
2381	2402	2341
2402	2343	2341
2289	2463	2429
2429	2273	2289
2429	2397	2273
2429	2412	2397
2303	2307	2453
2453	2353	2303
2311	2394	2337
2394	2407	2337
2394	2442	2407
2442	2456	2407
2456	2388	2407
2388	2191	2407
2388	2177	2191
2456	2564	2388
2456	2590	2564
2456	2442	2590
2442	2632	2590
2442	2536	2632
2442	2394	2536
2312	2514	2502
2514	2640	2502
2514	2576	2640
2576	2744	2640
2576	2771	2744
2576	2658	2771
2658	2812	2771
2576	2559	2658
2559	2531	2658
2531	2535	2658
2559	2428	2531
2559	2514	2428
2559	2576	2514
2326	2450	2344
2326	2399	2450
2399	2446	2450
2399	2408	2446
2408	2584	2446
2408	2601	2584
2601	2656	2584
2601	2820	2656
2820	2737	2656
2820	2915	2737
2915	2824	2737
2915	2939	2824
2939	2932	2824
2932	2936	2824
2936	2914	2824
2936	3019	2914
2936	3178	3019
2936	3064	3178
2936	2932	3064
2932	2939	3064
2820	2976	2915
2820	2901	2976
2901	2878	2976
2340	2361	2422
2361	2485	2422
2361	2434	2485
2434	2519	2485
2434	2521	2519
2521	2667	2519
2521	2588	2667
2367	2370	2448
2379	2507	2491
2507	2591	2491
2591	2594	2491
2594	2479	2491
2594	2478	2479
2594	2689	2478
2689	2709	2478
2709	2631	2478
2631	2523	2478
2631	2577	2523
2577	2515	2523
2577	2551	2515
2551	2503	2515
2631	2685	2577
2685	2805	2577
2631	2709	2685
2709	2750	2685
2750	2795	2685
2750	2909	2795
2909	2920	2795
2909	2970	2920
2970	2926	2920
2970	3031	2926
2970	2980	3031
2980	3186	3031
2980	3014	3186
3014	3253	3186
3253	3366	3186
3366	3416	3186
3416	3338	3186
3416	3357	3338
3416	3505	3357
3505	3351	3357
3366	3520	3416
3014	3108	3253
2980	2918	3014
2918	2813	3014
2918	2724	2813
2724	2788	2813
2788	2845	2813
2724	2591	2788
2724	2594	2591
2724	2689	2594
2724	2725	2689
2725	2709	2689
2725	2918	2709
2918	2909	2709
2909	2750	2709
2918	2980	2909
2980	2970	2909
2725	2724	2918
2390	2392	2474
2400	2420	2415
2414	2419	2518
2431	2435	2597
2432	2620	2608
2437	2579	2480
2437	2611	2579
2579	2619	2480
2619	2635	2480
2619	2711	2635
2711	2728	2635
2728	2746	2635
2728	2852	2746
2852	2816	2746
2728	2947	2852
2711	2727	2728
2711	2619	2727
2619	2748	2727
2748	2838	2727
2748	2742	2838
2748	2619	2742
2458	2566	2540
2540	2582	2458
2582	2434	2458
2458	2448	2566
2448	2494	2566
2494	2569	2566
2569	2684	2566
2684	2676	2566
2448	2522	2494
2468	2496	2572
2572	2598	2468
2470	2565	2625
2472	2646	2633
2646	2792	2633
2792	2819	2633
2792	2908	2819
2792	2781	2908
2781	3026	2908
3026	3042	2908
3026	3200	3042
3026	3129	3200
3129	3204	3200
3026	2985	3129
2792	2646	2781
2646	2777	2781
2483	2693	2706
2488	2681	2603
2681	2719	2603
2492	2539	2524
2539	2602	2524
2602	2533	2524
2602	2578	2533
2517	2552	2673
2552	2714	2673
2714	2850	2673
2520	2556	2683
2527	2571	2550
2553	2607	2554
2607	2616	2554
2583	2712	2796
2585	2648	2696
2593	2679	2717
2717	2693	2593
2717	2763	2693
2604	2702	2731
2610	2762	2637
2637	2486	2610
2610	2668	2762
2621	2759	2677
2759	2829	2677
2626	2707	2779
2626	2616	2707
2707	2879	2779
2707	2808	2879
2647	2650	2814
2814	2669	2647
2659	2704	2776
2776	2785	2659
2671	2747	2729
2747	2867	2729
2747	2869	2867
2869	3049	2867
3049	3104	2867
3104	2906	2867
3049	3126	3104
3126	3176	3104
3126	3142	3176
2869	3050	3049
2747	2797	2869
2797	2816	2869
2672	2904	2890
2672	2706	2904
2904	2912	2890
2912	2843	2890
2843	2672	2890
2843	2643	2672
2904	3002	2912
3002	3059	2912
3059	3123	2912
3123	2963	2912
3002	3223	3059
3002	3051	3223
3051	3112	3223
3112	3284	3223
3051	3075	3112
3051	2968	3075
3002	2983	3051
3002	2904	2983
2691	2705	2770
2705	2769	2770
2769	2870	2770
2770	2782	2691
2692	2694	2765
2694	2754	2765
2700	2900	2817
2900	2929	2817
2929	2881	2817
2881	2854	2817
2881	2966	2854
2966	2959	2854
2959	2883	2854
2959	2899	2883
2959	3013	2899
3013	2913	2899
2959	3168	3013
3168	3165	3013
2959	3138	3168
2959	2966	3138
2900	2962	2929
2900	2942	2962
2708	2837	2825
2708	2847	2837
2715	2751	2873
2715	2547	2751
2547	2721	2751
2721	2784	2751
2784	2871	2751
2871	2873	2751
2871	2993	2873
2993	2921	2873
2921	2739	2873
2739	2715	2873
2921	2985	2739
2985	2777	2739
2921	2993	2985
2871	3069	2993
3069	3130	2993
3130	3175	2993
3130	3343	3175
3343	3248	3175
3343	3344	3248
3344	3204	3248
3343	3383	3344
3383	3400	3344
3383	3457	3400
3457	3555	3400
3457	3579	3555
3383	3469	3457
3383	3291	3469
3383	3343	3291
3343	3202	3291
3202	3092	3291
3092	3118	3291
3092	3073	3118
3073	2994	3118
3073	3020	2994
3073	3032	3020
3032	2793	3020
2793	2774	3020
2793	2758	2774
2793	2721	2758
2793	2784	2721
2793	2871	2784
2793	3032	2871
3032	3069	2871
3032	3092	3069
3092	3107	3069
3107	3130	3069
3107	3202	3130
3202	3343	3130
3107	3092	3202
3032	3073	3092
2733	2767	2859
2740	2887	2799
2741	2798	2811
2749	2804	2761
2757	2836	2835
2764	2954	2945
2954	3006	2945
2772	2903	2889
2903	2948	2889
2772	2778	2903
2778	2864	2903
2773	2862	2874
2874	2856	2773
2874	2907	2856
2907	2924	2856
2924	2857	2856
2924	2997	2857
2997	2942	2857
2942	2700	2857
2874	2886	2907
2874	2862	2886
2862	2944	2886
2862	2868	2944
2862	2785	2868
2862	2773	2785
2775	2855	2875
2855	3039	2875
3039	2934	2875
2789	2861	2876
2861	2888	2876
2790	2910	2974
2910	3098	2974
2910	2971	3098
2971	3058	3098
3058	3127	3098
2800	2823	2991
2810	3009	2990
3009	3166	2990
2839	2978	2956
2978	3062	2956
2978	3035	3062
3035	3115	3062
3115	3277	3062
3277	3262	3062
3262	3197	3062
2840	2961	2935
2935	2960	2840
2866	2972	2995
2882	3011	3024
2882	3001	3011
3024	2870	2882
3024	3036	2870
2895	3018	3022
3022	2888	2895
2888	2772	2895
3018	3148	3022
2897	3088	3079
3079	3033	2897
3079	3071	3033
3071	2923	3033
3071	3070	2923
3071	3232	3070
3232	3140	3070
3071	3270	3232
3270	3403	3232
3270	3468	3403
3468	3610	3403
3468	3595	3610
3071	3250	3270
3071	3079	3250
2898	2952	2986
2898	2718	2952
2905	3016	2911
2911	2844	2905
2911	2946	2844
2911	3106	2946
3106	3134	2946
3134	3085	2946
2911	3016	3106
3016	3141	3106
2905	2916	3016
2905	2735	2916
2937	3063	2938
2938	2812	2937
2940	3116	3154
2943	3007	3034
2951	3080	2958
2958	2887	2951
2965	2982	3155
2977	3122	3083
2987	3081	3095
3081	3201	3095
3201	3157	3095
3157	2987	3095
3201	3246	3157
3005	3216	3174
3010	3139	3162
3139	3163	3162
3163	3182	3162
3182	3238	3162
3238	3208	3162
3015	3135	3044
3135	3131	3044
3052	3190	3192
3190	3314	3192
3190	3189	3314
3053	3054	3185
3054	3149	3185
3149	3172	3185
3060	3244	3137
3061	3187	3145
3066	3279	3120
3074	3111	3109
3077	3220	3213
3094	3296	3136
3296	3349	3136
3349	3195	3136
3195	3108	3136
3099	3147	3259
3147	3317	3259
3317	3374	3259
3147	3272	3317
3147	3102	3272
3259	3181	3099
3113	3170	3211
3170	3234	3211
3113	3201	3170
3117	3237	3257
3117	3289	3237
3289	3257	3237
3289	3371	3257
3371	3398	3257
3144	3218	3276
3158	3194	3242
3194	3167	3242
3167	3196	3242
3196	3210	3242
3210	3361	3242
3361	3415	3242
3361	3375	3415
3375	3439	3415
3439	3494	3415
3494	3531	3415
3494	3570	3531
3494	3439	3570
3439	3430	3570
3430	3561	3570
3439	3395	3430
3439	3375	3395
3196	3161	3210
3196	3167	3161
3167	2997	3161
3164	3306	3293
3293	3169	3164
3171	3359	3373
3359	3424	3373
3184	3286	3241
3241	3274	3184
3241	3316	3274
3316	3228	3274
3316	3377	3228
3241	3286	3316
3286	3305	3316
3286	3367	3305
3286	3326	3367
3326	3410	3367
3286	3184	3326
3184	3283	3326
3283	3300	3326
3188	3254	3299
3254	3252	3299
3252	3464	3299
3252	3340	3464
3340	3473	3464
3473	3503	3464
3503	3514	3464
3514	3540	3464
3540	3539	3464
3539	3515	3464
3539	3553	3515
3553	3636	3515
3636	3581	3515
3581	3432	3515
3581	3477	3432
3553	3657	3636
3657	3744	3636
3657	3749	3744
3749	3817	3744
3817	3740	3744
3817	3743	3740
3743	3679	3740
3743	3680	3679
3680	3621	3679
3621	3558	3679
3621	3591	3558
3591	3492	3558
3591	3541	3492
3591	3606	3541
3606	3543	3541
3606	3542	3543
3606	3662	3542
3606	3711	3662
3711	3793	3662
3793	3776	3662
3793	3872	3776
3793	3911	3872
3911	3939	3872
3939	3952	3872
3952	3889	3872
3889	3788	3872
3889	3844	3788
3844	3773	3788
3773	3720	3788
3720	3737	3788
3773	3687	3720
3844	3787	3773
3844	3878	3787
3878	3774	3787
3774	3681	3787
3774	3765	3681
3844	4040	3878
3952	4040	3889
3952	4043	4040
4043	4093	4040
4093	4083	4040
4093	4153	4083
4153	4205	4083
4205	4096	4083
4205	4094	4096
4205	4156	4094
4205	4230	4156
4230	4155	4156
4153	4225	4205
4225	4273	4205
4273	4341	4205
4341	4352	4205
4341	4436	4352
4436	4481	4352
4436	4512	4481
4512	4546	4481
4546	4535	4481
4535	4491	4481
4535	4560	4491
4535	4585	4560
4585	4636	4560
4636	4614	4560
4614	4520	4560
4614	4513	4520
4614	4621	4513
4621	4532	4513
4532	4443	4513
4532	4442	4443
4532	4496	4442
4496	4464	4442
4464	4393	4442
4496	4519	4464
4519	4547	4464
4547	4515	4464
4547	4608	4515
4608	4541	4515
4541	4455	4515
4547	4612	4608
4612	4641	4608
4641	4673	4608
4641	4684	4673
4684	4722	4673
4722	4667	4673
4722	4727	4667
4722	4773	4727
4773	4805	4727
4805	4767	4727
4767	4723	4727
4767	4791	4723
4791	4764	4723
4764	4721	4723
4721	4657	4723
4721	4753	4657
4721	4764	4753
4764	4778	4753
4764	4816	4778
4816	4877	4778
4877	4818	4778
4877	4897	4818
4897	4817	4818
4897	4936	4817
4936	4860	4817
4860	4783	4817
4783	4690	4817
4783	4699	4690
4783	4757	4699
4783	4812	4757
4812	4800	4757
4800	4737	4757
4812	4858	4800
4858	4865	4800
4865	4711	4800
4711	4674	4800
4711	4645	4674
4645	4629	4674
4711	4752	4645
4752	4654	4645
4654	4628	4645
4628	4507	4645
4654	4668	4628
4668	4599	4628
4668	4595	4599
4668	4627	4595
4627	4576	4595
4627	4670	4576
4627	4668	4670
4668	4763	4670
4668	4654	4763
4654	4752	4763
4858	4896	4865
4896	4956	4865
4956	4907	4865
4907	4861	4865
4907	4949	4861
4907	4956	4949
4956	5023	4949
5023	5016	4949
5016	4958	4949
4958	4887	4949
4958	4908	4887
4958	4962	4908
4962	4926	4908
4962	4906	4926
4962	4969	4906
4969	4905	4906
4969	4932	4905
4932	4923	4905
4932	4968	4923
4968	4892	4923
4892	4843	4923
4843	4774	4923
4892	4928	4843
4928	4856	4843
4856	4824	4843
4928	4890	4856
4890	4900	4856
4890	4940	4900
4940	4950	4900
4950	4893	4900
4893	4829	4900
4829	4771	4900
4829	4746	4771
4746	4678	4771
4678	4689	4771
4678	4597	4689
4597	4640	4689
4640	4697	4689
4640	4646	4697
4646	4701	4697
4597	4450	4640
4450	4480	4640
4480	4506	4640
4597	4522	4450
4829	4747	4746
4747	4653	4746
4653	4643	4746
4829	4893	4747
4950	4963	4893
4963	4977	4893
4963	5006	4977
5006	5036	4977
5036	4985	4977
4985	4959	4977
4985	4996	4959
4996	4957	4959
4957	4873	4959
4873	4862	4959
4873	4794	4862
4794	4777	4862
4794	4732	4777
4873	4841	4794
4873	4864	4841
4864	4867	4841
4867	4848	4841
4867	4880	4848
4880	4909	4848
4909	4828	4848
4909	4876	4828
4876	4849	4828
4876	4913	4849
4876	4943	4913
4943	4910	4913
4910	4853	4913
4853	4825	4913
4853	4826	4825
4853	4894	4826
4853	4910	4894
4910	4925	4894
4910	4943	4925
4943	5022	4925
5022	5005	4925
5022	5029	5005
5029	5041	5005
5041	5002	5005
5041	5038	5002
5038	4973	5002
4973	4889	5002
4973	4898	4889
4973	4916	4898
4916	4878	4898
4878	4790	4898
4878	4784	4790
4784	4765	4790
4765	4735	4790
4973	4990	4916
4973	5052	4990
5052	5042	4990
5042	4953	4990
4953	4845	4990
4953	4851	4845
4953	4895	4851
4895	4801	4851
4895	4857	4801
4857	4741	4801
4857	4840	4741
4840	4706	4741
4706	4624	4741
4706	4635	4624
4635	4596	4624
4706	4748	4635
4748	4688	4635
4748	4756	4688
4756	4712	4688
4756	4754	4712
4754	4658	4712
4756	4802	4754
4756	4782	4802
4756	4748	4782
4748	4813	4782
4748	4706	4813
4706	4840	4813
4857	4917	4840
4917	4891	4840
4917	4966	4891
4966	4933	4891
4933	4915	4891
4915	4802	4891
4933	4946	4915
4933	4966	4946
4966	4986	4946
4986	4947	4946
4986	4978	4947
4978	4951	4947
4951	4819	4947
4978	4975	4951
4975	4912	4951
4912	4854	4951
4912	4904	4854
4904	4820	4854
4904	4822	4820
4822	4743	4820
4822	4804	4743
4804	4772	4743
4772	4707	4743
4772	4669	4707
4804	4855	4772
4855	4810	4772
4810	4731	4772
4810	4776	4731
4776	4745	4731
4776	4798	4745
4798	4680	4745
4680	4661	4745
4680	4611	4661
4611	4567	4661
4611	4602	4567
4611	4680	4602
4680	4613	4602
4613	4566	4602
4613	4479	4566
4680	4696	4613
4696	4652	4613
4652	4553	4613
4652	4578	4553
4578	4531	4553
4578	4564	4531
4564	4476	4531
4476	4449	4531
4476	4414	4449
4414	4403	4449
4476	4430	4414
4430	4351	4414
4430	4325	4351
4430	4454	4325
4430	4499	4454
4499	4536	4454
4536	4456	4454
4456	4370	4454
4456	4468	4370
4468	4402	4370
4402	4349	4370
4349	4256	4370
4402	4366	4349
4366	4245	4349
4366	4367	4245
4367	4354	4245
4367	4409	4354
4409	4387	4354
4387	4339	4354
4387	4369	4339
4369	4338	4339
4338	4241	4339
4338	4280	4241
4280	4239	4241
4239	4214	4241
4239	4172	4214
4172	4124	4214
4124	4110	4214
4124	4021	4110
4172	4122	4124
4172	4126	4122
4126	3984	4122
4126	4050	3984
4050	3957	3984
3957	3926	3984
3926	3908	3984
3926	3839	3908
3839	3753	3908
3926	3957	3839
3957	3809	3839
3957	3875	3809
3875	3853	3809
3853	3778	3809
3853	3725	3778
3725	3708	3778
3725	3684	3708
3684	3665	3708
3684	3602	3665
3602	3623	3665
3725	3658	3684
3658	3524	3684
3658	3612	3524
3612	3455	3524
3455	3451	3524
3451	3481	3524
3481	3502	3524
3481	3436	3502
3436	3418	3502
3418	3445	3502
3445	3501	3502
3445	3392	3501
3392	3521	3501
3521	3602	3501
3445	3418	3392
3481	3451	3436
3612	3473	3455
3473	3340	3455
3612	3503	3473
3612	3630	3503
3612	3658	3630
3658	3707	3630
3707	3655	3630
3707	3751	3655
3751	3721	3655
3721	3657	3655
3657	3553	3655
3553	3539	3655
3539	3540	3655
3540	3514	3655
3514	3503	3655
3721	3749	3657
3721	3751	3749
3751	3850	3749
3850	3817	3749
3850	3931	3817
3931	3917	3817
3917	3901	3817
3901	3816	3817
3816	3743	3817
3816	3680	3743
3816	3711	3680
3711	3621	3680
3711	3591	3621
3711	3606	3591
3816	3811	3711
3816	3901	3811
3917	3959	3901
3959	3932	3901
3959	3981	3932
3981	3940	3932
3981	4002	3940
4002	3922	3940
3922	3829	3940
3922	3911	3829
3911	3793	3829
3793	3711	3829
3922	3939	3911
3922	4002	3939
4002	4030	3939
4030	4034	3939
4034	3952	3939
4034	4043	3952
4034	4143	4043
4143	4093	4043
4143	4206	4093
4206	4153	4093
4206	4225	4153
4206	4271	4225
4271	4273	4225
4271	4360	4273
4360	4385	4273
4385	4341	4273
4385	4412	4341
4412	4436	4341
4412	4512	4436
4360	4413	4385
4360	4283	4413
4283	4334	4413
4334	4447	4413
4447	4484	4413
4447	4483	4484
4483	4524	4484
4524	4548	4484
4524	4523	4548
4523	4607	4548
4523	4540	4607
4540	4615	4607
4540	4571	4615
4571	4639	4615
4571	4631	4639
4631	4676	4639
4676	4716	4639
4676	4729	4716
4729	4761	4716
4761	4769	4716
4769	4766	4716
4766	4717	4716
4766	4740	4717
4740	4725	4717
4725	4663	4717
4725	4686	4663
4686	4656	4663
4656	4589	4663
4656	4572	4589
4572	4512	4589
4512	4545	4589
4572	4546	4512
4572	4579	4546
4579	4535	4546
4579	4585	4535
4579	4681	4585
4681	4677	4585
4677	4636	4585
4677	4651	4636
4651	4621	4636
4621	4614	4636
4651	4713	4621
4713	4720	4621
4720	4620	4621
4620	4532	4621
4620	4612	4532
4612	4547	4532
4547	4519	4532
4519	4496	4532
4620	4694	4612
4694	4641	4612
4694	4698	4641
4698	4685	4641
4685	4684	4641
4685	4751	4684
4751	4738	4684
4738	4722	4684
4738	4773	4722
4738	4770	4773
4770	4837	4773
4837	4831	4773
4831	4805	4773
4831	4866	4805
4866	4821	4805
4821	4779	4805
4779	4767	4805
4779	4791	4767
4779	4821	4791
4821	4833	4791
4833	4816	4791
4816	4764	4791
4833	4877	4816
4833	4881	4877
4881	4938	4877
4938	4929	4877
4929	4897	4877
4929	4936	4897
4929	4961	4936
4961	4945	4936
4945	4860	4936
4945	4939	4860
4939	4902	4860
4902	4812	4860
4812	4783	4860
4902	4858	4812
4902	4896	4858
4902	4992	4896
4992	4956	4896
4902	4939	4992
4939	5000	4992
5000	5051	4992
5051	5063	4992
5051	5087	5063
5087	5086	5063
5086	5034	5063
5034	4956	5063
5034	5023	4956
5034	5047	5023
5047	5016	5023
5047	5061	5016
5061	5031	5016
5031	4958	5016
5031	4962	4958
5031	5008	4962
5008	4969	4962
5008	4997	4969
4997	4932	4969
4997	4968	4932
4997	4980	4968
4980	4892	4968
4980	4982	4892
4982	4928	4892
4982	4940	4928
4940	4890	4928
4982	5020	4940
5020	5006	4940
5006	4950	4940
5006	4963	4950
5020	5036	5006
5020	5065	5036
5065	5071	5036
5065	5083	5071
5083	5094	5071
5094	5113	5071
5094	5095	5113
5095	5102	5113
5102	5105	5113
5105	5128	5113
5128	5137	5113
5137	5108	5113
5137	5127	5108
5127	5124	5108
5124	5090	5108
5090	5049	5108
5049	5062	5108
5062	5072	5108
5062	5018	5072
5018	5039	5072
5039	5040	5072
5039	4996	5040
4996	4985	5040
4985	5036	5040
5039	4976	4996
4976	4957	4996
4976	4954	4957
4954	4880	4957
4880	4867	4957
4867	4864	4957
4864	4873	4957
4954	4909	4880
4954	4971	4909
4971	4876	4909
4971	4943	4876
4971	5022	4943
4971	5049	5022
5049	5029	5022
5049	5068	5029
5068	5041	5029
5068	5064	5041
5064	5038	5041
5064	5054	5038
5054	5058	5038
5058	5057	5038
5057	4973	5038
5057	5052	4973
5057	5096	5052
5096	5100	5052
5100	5042	5052
5100	5091	5042
5091	5059	5042
5059	4989	5042
4989	4953	5042
4989	4935	4953
4935	4895	4953
4935	4918	4895
4918	4857	4895
4918	4917	4857
4918	5010	4917
5010	4966	4917
5010	5028	4966
5028	4986	4966
5028	5001	4986
5001	4978	4986
5001	5013	4978
5013	4975	4978
5013	4981	4975
4981	4912	4975
4981	4967	4912
4967	4927	4912
4927	4904	4912
4927	4920	4904
4920	4822	4904
4920	4899	4822
4899	4855	4822
4855	4804	4822
4899	4882	4855
4882	4810	4855
4882	4798	4810
4798	4776	4810
4882	4875	4798
4875	4835	4798
4835	4793	4798
4793	4781	4798
4781	4680	4798
4781	4742	4680
4742	4696	4680
4742	4726	4696
4726	4662	4696
4662	4652	4696
4662	4578	4652
4662	4606	4578
4606	4564	4578
4606	4601	4564
4601	4575	4564
4575	4499	4564
4499	4476	4564
4499	4430	4476
4575	4536	4499
4575	4510	4536
4510	4490	4536
4490	4456	4536
4490	4468	4456
4490	4510	4468
4510	4402	4468
4606	4650	4601
4606	4662	4650
4662	4726	4650
4742	4797	4726
4797	4760	4726
4742	4781	4797
4781	4793	4797
4793	4835	4797
4835	4832	4797
4832	4844	4797
4832	4872	4844
4872	4870	4844
4870	4847	4844
4870	4863	4847
4863	4807	4847
4807	4785	4847
4807	4766	4785
4766	4769	4785
4769	4761	4785
4807	4787	4766
4787	4740	4766
4787	4714	4740
4714	4725	4740
4714	4686	4725
4714	4656	4686
4714	4681	4656
4681	4579	4656
4579	4572	4656
4714	4702	4681
4702	4677	4681
4702	4704	4677
4704	4651	4677
4704	4713	4651
4704	4768	4713
4768	4720	4713
4704	4702	4768
4702	4789	4768
4789	4811	4768
4789	4806	4811
4806	4836	4811
4806	4814	4836
4814	4850	4836
4850	4869	4836
4850	4874	4869
4874	4901	4869
4874	4919	4901
4919	4924	4901
4919	4930	4924
4930	4972	4924
4919	4914	4930
4914	4937	4930
4937	4974	4930
4974	5007	4930
4974	4988	5007
4988	5021	5007
5021	5035	5007
5035	5027	5007
5027	5014	5007
5014	4972	5007
5014	5015	4972
5015	4960	4972
5015	5004	4960
5004	4942	4960
4942	4903	4960
4903	4911	4960
4903	4886	4911
4886	4883	4911
4883	4852	4911
4883	4839	4852
4839	4780	4852
4839	4837	4780
4837	4770	4780
4770	4751	4780
4751	4698	4780
4698	4715	4780
4698	4694	4715
4694	4720	4715
4694	4620	4720
4751	4685	4698
4770	4738	4751
4839	4883	4837
4883	4831	4837
4883	4886	4831
4886	4871	4831
4871	4866	4831
4871	4884	4866
4884	4942	4866
4942	4948	4866
4948	4885	4866
4885	4821	4866
4885	4881	4821
4881	4833	4821
4885	4938	4881
4885	4948	4938
4948	5012	4938
4948	4970	5012
4970	4984	5012
4984	5053	5012
5053	5080	5012
5053	5066	5080
5066	5104	5080
5104	5101	5080
5104	5142	5101
5142	5076	5101
5142	5085	5076
5085	5048	5076
5048	5050	5076
5048	5009	5050
5048	5003	5009
5003	4961	5009
4961	4929	5009
5003	4995	4961
4995	4945	4961
4995	5000	4945
5000	4939	4945
4995	5073	5000
5073	5051	5000
5073	5087	5051
5073	5111	5087
5111	5086	5087
5073	5117	5111
5117	5149	5111
5117	5121	5149
5121	5109	5149
5109	5141	5149
5141	5162	5149
5162	5157	5149
5109	5092	5141
5092	5142	5141
5092	5085	5142
5092	5077	5085
5077	5048	5085
5077	4995	5048
4995	5003	5048
5077	5073	4995
5077	5109	5073
5109	5117	5073
5109	5121	5117
5077	5092	5109
5104	5131	5142
5104	5129	5131
5129	5132	5131
5132	5136	5131
5132	5115	5136
5115	5110	5136
5110	5133	5136
5133	5169	5136
5110	5070	5133
5070	5112	5133
5112	5122	5133
5112	5089	5122
5089	5138	5122
5138	5169	5122
5138	5155	5169
5155	5166	5169
5166	5173	5169
5166	5174	5173
5174	5172	5173
5172	5168	5173
5172	5162	5168
5166	5171	5174
5171	5170	5174
5171	5165	5170
5165	5167	5170
5167	5163	5170
5163	5160	5170
5160	5164	5170
5160	5161	5164
5161	5159	5164
5161	5152	5159
5161	5144	5152
5144	5135	5152
5135	5123	5152
5123	5116	5152
5123	5107	5116
5107	5082	5116
5082	5047	5116
5047	5086	5116
5047	5034	5086
5082	5061	5047
5082	5107	5061
5107	5114	5061
5114	5056	5061
5056	5031	5061
5056	5037	5031
5037	5008	5031
5037	4997	5008
5037	5024	4997
5024	4980	4997
5024	5019	4980
5019	4982	4980
5019	5020	4982
5019	5065	5020
5019	5024	5065
5024	5083	5065
5024	5102	5083
5102	5095	5083
5095	5094	5083
5024	5105	5102
5024	5079	5105
5079	5098	5105
5098	5106	5105
5106	5128	5105
5106	5119	5128
5119	5143	5128
5143	5146	5128
5146	5137	5128
5146	5145	5137
5145	5140	5137
5140	5127	5137
5140	5124	5127
5140	5120	5124
5120	5090	5124
5120	5084	5090
5084	5064	5090
5064	5068	5090
5068	5049	5090
5084	5054	5064
5084	5078	5054
5078	5058	5054
5078	5057	5058
5078	5103	5057
5103	5096	5057
5103	5125	5096
5125	5100	5096
5125	5130	5100
5130	5091	5100
5130	5097	5091
5097	5060	5091
5060	5059	5091
5060	4994	5059
4994	4989	5059
4994	4979	4989
4979	4935	4989
4979	4965	4935
4965	4918	4935
4965	5010	4918
4965	5030	5010
4965	4979	5030
4979	4994	5030
4994	5060	5030
5130	5126	5097
5130	5171	5126
5171	5139	5126
5171	5166	5139
5166	5155	5139
5155	5138	5139
5125	5165	5130
5125	5148	5165
5148	5153	5165
5153	5167	5165
5153	5156	5167
5156	5163	5167
5156	5158	5163
5158	5160	5163
5158	5143	5160
5143	5144	5160
5144	5161	5160
5143	5135	5144
5143	5114	5135
5114	5123	5135
5114	5107	5123
5143	5119	5114
5119	5074	5114
5074	5056	5114
5074	5037	5056
5074	5079	5037
5079	5024	5037
5074	5098	5079
5074	5106	5098
5074	5119	5106
5158	5151	5143
5151	5146	5143
5151	5145	5146
5151	5147	5145
5147	5140	5145
5147	5120	5140
5147	5118	5120
5118	5084	5120
5118	5099	5084
5099	5078	5084
5099	5103	5078
5099	5125	5103
5099	5118	5125
5118	5148	5125
5118	5147	5148
5147	5150	5148
5150	5153	5148
5150	5156	5153
5150	5147	5156
5147	5151	5156
5151	5158	5156
5112	5070	5089
5070	5046	5089
5046	5045	5089
5046	5028	5045
5046	5017	5028
5017	5001	5028
5017	5013	5001
5046	5070	5017
5115	5088	5110
5115	5093	5088
5093	5069	5088
5069	5044	5088
5069	5033	5044
5033	5011	5044
5011	4991	5044
4991	4993	5044
4993	5013	5044
4993	4981	5013
4993	4967	4981
4993	4991	4967
4991	5011	4967
5011	4999	4967
4999	4920	4967
4920	4927	4967
4999	4952	4920
4952	4921	4920
4921	4899	4920
4921	4882	4899
4921	4941	4882
4941	4922	4882
4922	4888	4882
4888	4875	4882
4888	4872	4875
4872	4835	4875
4872	4832	4835
4888	4922	4872
4922	4944	4872
4944	4937	4872
4937	4870	4872
4937	4914	4870
4914	4874	4870
4874	4863	4870
4874	4850	4863
4850	4807	4863
4850	4814	4807
4814	4787	4807
4814	4806	4787
4806	4786	4787
4786	4714	4787
4786	4702	4714
4786	4789	4702
4786	4806	4789
4914	4919	4874
4944	4955	4937
4955	4974	4937
4955	4988	4974
4955	4934	4988
4934	4964	4988
4964	5021	4988
4934	4941	4964
4941	4952	4964
4952	4987	4964
4952	4999	4987
4999	5055	4987
4999	5033	5055
5033	5069	5055
5069	5093	5055
4999	5011	5033
4941	4921	4952
4934	4922	4941
4934	4944	4922
4934	4955	4944
5115	5081	5093
5081	5075	5093
5081	5066	5075
5066	5067	5075
5067	5035	5075
5067	5043	5035
5043	5027	5035
5043	5015	5027
5015	5014	5027
5043	5026	5015
5026	5004	5015
5026	5032	5004
5032	4983	5004
4983	4942	5004
4983	4970	4942
4970	4948	4942
4983	4984	4970
4983	5032	4984
5032	5053	4984
5032	5066	5053
5032	5043	5066
5043	5067	5066
5032	5026	5043
5081	5104	5066
5081	5129	5104
5081	5115	5129
5115	5132	5129
4884	4903	4942
4884	4886	4903
4884	4871	4886
4971	5062	5049
4971	5018	5062
4971	4998	5018
4998	4976	5018
4976	5039	5018
4998	4954	4976
4998	4971	4954
4729	4759	4761
4759	4847	4761
4729	4749	4759
4749	4760	4759
4749	4729	4760
4729	4705	4760
4729	4676	4705
4571	4544	4631
4544	4549	4631
4549	4574	4631
4549	4533	4574
4533	4510	4574
4549	4469	4533
4469	4409	4533
4469	4415	4409
4415	4387	4409
4415	4369	4387
4415	4338	4369
4415	4373	4338
4373	4355	4338
4355	4280	4338
4355	4277	4280
4277	4239	4280
4277	4215	4239
4215	4172	4239
4215	4126	4172
4215	4145	4126
4145	4097	4126
4097	4078	4126
4078	4050	4126
4078	4097	4050
4097	4009	4050
4009	3957	4050
4009	3980	3957
3980	3891	3957
3891	3875	3957
3891	3853	3875
3891	3815	3853
3815	3725	3853
3815	3775	3725
3775	3658	3725
3775	3779	3658
3779	3707	3658
3779	3854	3707
3854	3856	3707
3856	3751	3707
3856	3820	3751
3820	3869	3751
3869	3850	3751
3869	3960	3850
3960	3931	3850
3960	4015	3931
4015	3959	3931
3959	3917	3931
4015	4057	3959
4057	3981	3959
4057	4102	3981
4102	4082	3981
4082	4002	3981
4082	4030	4002
4082	4034	4030
4082	4143	4034
4082	4176	4143
4176	4199	4143
4199	4247	4143
4247	4206	4143
4247	4258	4206
4258	4271	4206
4258	4360	4271
4258	4283	4360
4258	4247	4283
4247	4199	4283
4199	4238	4283
4238	4334	4283
4238	4289	4334
4289	4375	4334
4375	4447	4334
4375	4431	4447
4431	4483	4447
4431	4422	4483
4422	4540	4483
4540	4523	4483
4523	4524	4483
4422	4529	4540
4529	4543	4540
4543	4571	4540
4543	4544	4571
4543	4529	4544
4529	4469	4544
4469	4549	4544
4431	4365	4422
4365	4359	4422
4359	4388	4422
4388	4399	4422
4388	4372	4399
4372	4344	4399
4344	4355	4399
4355	4373	4399
4373	4415	4399
4415	4469	4399
4344	4277	4355
4344	4264	4277
4264	4215	4277
4264	4221	4215
4221	4145	4215
4221	4147	4145
4147	4114	4145
4114	4097	4145
4114	4009	4097
4114	4080	4009
4080	3980	4009
4080	4089	3980
4089	4036	3980
4089	4158	4036
4158	4025	4036
4025	3902	4036
3902	3886	4036
3902	3856	3886
3856	3854	3886
3854	3808	3886
3808	3815	3886
3815	3891	3886
3891	3980	3886
3808	3775	3815
3808	3779	3775
3808	3854	3779
3902	3820	3856
3902	3869	3820
3902	3979	3869
3979	3960	3869
3979	4015	3960
3979	4025	4015
4025	4125	4015
4125	4057	4015
4125	4142	4057
4142	4115	4057
4115	4102	4057
4115	4176	4102
4176	4082	4102
4115	4226	4176
4226	4238	4176
4238	4199	4176
4226	4289	4238
4226	4243	4289
4243	4260	4289
4260	4340	4289
4340	4375	4289
4340	4365	4375
4365	4431	4375
4340	4359	4365
4340	4306	4359
4306	4331	4359
4331	4388	4359
4331	4323	4388
4323	4372	4388
4323	4344	4372
4323	4267	4344
4267	4264	4344
4267	4221	4264
4267	4196	4221
4196	4147	4221
4196	4191	4147
4191	4089	4147
4089	4080	4147
4080	4114	4147
4191	4195	4089
4195	4158	4089
4195	4213	4158
4213	4243	4158
4243	4125	4158
4125	4025	4158
4243	4142	4125
4243	4226	4142
4226	4115	4142
4213	4260	4243
4213	4278	4260
4278	4306	4260
4306	4340	4260
4278	4331	4306
4278	4323	4331
4278	4248	4323
4248	4267	4323
4248	4196	4267
4248	4191	4196
4248	4195	4191
4248	4213	4195
4248	4278	4213
3979	3902	4025
4367	4402	4409
4367	4366	4402
3198	3346	3312
3346	3392	3312
3198	3347	3346
3198	3230	3347
3205	3260	3227
3221	3368	3251
3368	3285	3251
3225	3435	3247
3435	3486	3247
3486	3408	3247
3486	3530	3408
3530	3504	3408
3229	3269	3342
3239	3352	3278
3352	3290	3278
3240	3391	3320
3320	3272	3240
3320	3391	3272
3240	3401	3391
3401	3537	3391
3537	3519	3391
3537	3652	3519
3652	3598	3519
3243	3417	3313
3243	3246	3417
3246	3508	3417
3508	3532	3417
3532	3593	3417
3532	3697	3593
3697	3726	3593
3697	3862	3726
3862	3897	3726
3532	3626	3697
3532	3508	3626
3508	3592	3626
3592	3667	3626
3508	3535	3592
3535	3617	3592
3535	3528	3617
3528	3479	3617
3479	3650	3617
3479	3545	3650
3535	3467	3528
3535	3405	3467
3405	3365	3467
3405	3261	3365
3261	3294	3365
3261	3127	3294
3405	3201	3261
3405	3355	3201
3405	3508	3355
3405	3535	3508
3249	3341	3369
3266	3267	3339
3267	3134	3339
3339	3475	3266
3475	3426	3266
3475	3522	3426
3522	3386	3426
3268	3275	3379
3275	3376	3379
3379	3429	3268
3429	3302	3268
3302	3154	3268
3302	3217	3154
3429	3390	3302
3429	3533	3390
3429	3582	3533
3582	3644	3533
3582	3671	3644
3671	3718	3644
3282	3298	3465
3298	3437	3465
3437	3583	3465
3583	3676	3465
3298	3333	3437
3333	3554	3437
3333	3504	3554
3465	3407	3282
3309	3311	3380
3310	3363	3493
3310	3200	3363
3319	3421	3414
3378	3482	3433
3399	3428	3438
3425	3538	3498
3538	3575	3498
3446	3624	3447
3456	3526	3512
3526	3646	3512
3526	3611	3646
3611	3692	3646
3526	3496	3611
3496	3562	3611
3496	3589	3562
3476	3603	3594
3483	3536	3601
3536	3490	3601
3495	3597	3640
3597	3643	3640
3643	3719	3640
3643	3716	3719
3716	3768	3719
3716	3865	3768
3643	3691	3716
3510	3672	3563
3563	3398	3510
3511	3661	3572
3513	3560	3559
3513	3424	3560
3560	3616	3559
3560	3732	3616
3732	3786	3616
3786	3822	3616
3732	3864	3786
3732	3777	3864
3516	3557	3544
3517	3550	3648
3550	3669	3648
3669	3714	3648
3529	3547	3682
3546	3649	3704
3649	3734	3704
3564	3596	3627
3627	3674	3564
3596	3689	3627
3580	3695	3584
3695	3691	3584
3695	3741	3691
3741	3746	3691
3741	3827	3746
3827	3865	3746
3741	3852	3827
3852	3912	3827
3852	3857	3912
3741	3712	3852
3741	3695	3712
3695	3580	3712
3580	3619	3712
3585	3764	3791
3585	3702	3764
3702	3792	3764
3585	3634	3702
3764	3975	3791
3975	3797	3791
3797	3585	3791
3975	4052	3797
4052	3840	3797
3840	3745	3797
3840	3894	3745
3840	4052	3894
3975	4020	4052
3975	4027	4020
4027	4150	4020
4027	4123	4150
3604	3653	3696
3613	3629	3654
3654	3619	3613
3629	3705	3654
3705	3748	3654
3705	3675	3748
3675	3758	3748
3758	3841	3748
3618	3727	3821
3727	3826	3821
3727	3799	3826
3799	3877	3826
3877	3991	3826
3799	3688	3877
3688	3772	3877
3688	3666	3772
3799	3727	3688
3821	3798	3618
3798	3664	3618
3798	3870	3664
3870	3780	3664
3798	3832	3870
3798	3821	3832
3637	3668	3722
3641	3703	3647
3642	3755	3770
3645	3660	3735
3660	3710	3735
3651	3736	3762
3670	3731	3690
3678	3863	3842
3678	3927	3863
3683	3699	3700
3699	3757	3700
3699	3835	3757
3835	3861	3757
3693	3785	3813
3785	3874	3813
3874	3899	3813
3899	3742	3813
3742	3652	3813
3899	3955	3742
3955	3982	3742
3982	3956	3742
3982	4074	3956
4074	3986	3956
3986	3771	3956
3986	3795	3771
3986	3824	3795
4074	4066	3986
4074	4185	4066
4185	4235	4066
4074	4008	4185
4074	3982	4008
3982	3955	4008
3694	3738	3767
3694	3676	3738
3738	3766	3767
3766	3970	3767
3767	3736	3694
3767	3814	3736
3701	3802	3836
3836	3920	3701
3802	3883	3836
3706	3804	3819
3804	4003	3819
3804	3921	4003
3804	3801	3921
3713	3796	3724
3713	3747	3796
3747	3761	3796
3723	3882	3858
3882	3934	3858
3934	3903	3858
3934	4041	3903
3783	3966	3944
3783	3845	3966
3845	3995	3966
3845	3946	3995
3946	4111	3995
4111	4168	3995
4168	4179	3995
4179	4166	3995
4168	4276	4179
3946	3913	4111
3913	4062	4111
3946	3876	3913
3876	3823	3913
3876	3692	3823
3946	3845	3876
3790	3915	3924
3915	4044	3924
4044	4073	3924
4044	4131	4073
3800	3951	3843
3951	3851	3843
3951	3910	3851
3910	3867	3851
3867	3838	3851
3838	3755	3851
3867	3910	3838
3951	3990	3910
3951	4035	3990
3825	3929	3933
3830	4017	3868
4017	3938	3868
3938	3914	3868
3830	4001	4017
4001	4081	4017
3830	3936	4001
3936	3944	4001
3849	3905	3963
3855	4029	4047
4047	3927	3855
3873	3942	4028
3942	3989	4028
3942	3935	3989
3885	3947	3964
3947	4053	3964
4053	4103	3964
4103	3999	3964
3947	4018	4053
3947	4011	4018
3887	4107	3973
3887	4128	4107
4128	4133	4107
4128	4197	4133
4197	4279	4133
4197	4305	4279
3887	4069	4128
3887	3904	4069
3909	3928	4000
3928	4010	4000
3918	3925	4077
3923	4159	4130
3923	4152	4159
3923	4016	4152
4016	4224	4152
4016	4171	4224
4171	4220	4224
4220	4295	4224
4171	4192	4220
4192	4350	4220
4171	4072	4192
4072	4113	4192
4072	4073	4113
4072	3974	4073
4072	3970	3974
3923	3814	4016
3923	3860	3814
3930	3992	4004
4004	4042	3930
4004	4067	4042
3937	3969	3941
3969	4006	3941
3949	3976	4056
3976	4055	4056
4055	4200	4056
4055	4274	4200
4274	4282	4200
4055	4177	4274
4177	4321	4274
3976	4007	4055
4056	4033	3949
3950	4013	4118
4013	4129	4118
4129	4183	4118
4183	4186	4118
3958	4032	4117
4032	4141	4117
4141	4208	4117
3965	3987	4065
3977	4090	4116
4090	4237	4116
3993	4188	4064
4064	4003	3993
4064	4098	4003
4064	4146	4098
4064	4188	4146
4023	4038	4095
4038	4137	4095
4038	4049	4137
4039	4164	4075
4164	4216	4075
4164	4312	4216
4164	4335	4312
4335	4374	4312
4335	4346	4374
4335	4164	4346
4039	4061	4164
4061	4071	4164
4054	4099	4092
4054	4112	4099
4070	4154	4182
4154	4184	4182
4184	4203	4182
4203	4263	4182
4263	4296	4182
4296	4231	4182
4231	4160	4182
4160	4070	4182
4160	3991	4070
4231	4181	4160
4296	4290	4231
4203	4204	4263
4203	4154	4204
4154	4155	4204
4203	4184	4154
4088	4234	4169
4091	4104	4233
4106	4149	4167
4167	4148	4106
4119	4198	4161
4132	4134	4157
4157	4151	4132
4151	4112	4132
4135	4232	4240
4232	4242	4240
4138	4285	4201
4144	4300	4297
4162	4301	4253
4301	4428	4253
4301	4376	4428
4165	4236	4175
4236	4256	4175
4256	4141	4175
4170	4229	4244
4189	4302	4326
4202	4209	4358
4209	4333	4358
4223	4401	4315
4401	4404	4315
4404	4356	4315
4404	4444	4356
4404	4401	4444
4249	4383	4316
4255	4328	4329
4266	4313	4284
4313	4332	4284
4313	4381	4332
4381	4378	4332
4378	4350	4332
4378	4511	4350
4511	4486	4350
4511	4559	4486
4378	4381	4511
4381	4516	4511
4516	4580	4511
4516	4604	4580
4604	4633	4580
4604	4657	4633
4516	4517	4604
4517	4502	4604
4517	4488	4502
4488	4487	4502
4488	4438	4487
4516	4381	4517
4269	4320	4357
4320	4463	4357
4463	4440	4357
4463	4565	4440
4463	4568	4565
4463	4459	4568
4459	4541	4568
4463	4320	4459
4320	4294	4459
4294	4408	4459
4294	4244	4408
4272	4343	4337
4272	4424	4343
4424	4371	4343
4371	4337	4343
4371	4425	4337
4425	4397	4337
4397	4275	4337
4371	4558	4425
4371	4424	4558
4424	4485	4558
4485	4610	4558
4610	4642	4558
4642	4603	4558
4610	4691	4642
4610	4555	4691
4610	4462	4555
4462	4474	4555
4474	4576	4555
4462	4433	4474
4462	4336	4433
4610	4485	4462
4485	4424	4462
4424	4377	4462
4424	4272	4377
4272	4235	4377
4291	4363	4437
4363	4452	4437
4452	4503	4437
4503	4461	4437
4503	4616	4461
4503	4665	4616
4452	4389	4503
4389	4418	4503
4452	4363	4389
4299	4410	4392
4410	4489	4392
4299	4391	4410
4299	4318	4391
4318	4398	4391
4308	4342	4426
4342	4505	4426
4505	4526	4426
4505	4561	4526
4342	4411	4505
4310	4395	4319
4395	4417	4319
4310	4453	4395
4322	4348	4427
4348	4507	4427
4348	4504	4507
4348	4537	4504
4348	4295	4537
4327	4419	4460
4460	4492	4327
4347	4448	4416
4448	4569	4416
4569	4542	4416
4448	4514	4569
4448	4439	4514
4382	4432	4394
4432	4407	4394
4432	4458	4407
4384	4495	4498
4384	4472	4495
4472	4552	4495
4552	4573	4495
4573	4498	4495
4552	4649	4573
4552	4587	4649
4587	4700	4649
4700	4825	4649
4552	4501	4587
4552	4472	4501
4472	4374	4501
4498	4435	4384
4498	4453	4435
4386	4475	4494
4386	4316	4475
4475	4521	4494
4521	4583	4494
4420	4582	4482
4482	4398	4420
4582	4590	4482
4590	4554	4482
4423	4445	4556
4556	4451	4423
4556	4577	4451
4556	4623	4577
4623	4683	4577
4623	4718	4683
4556	4598	4623
4429	4446	4557
4465	4600	4592
4592	4509	4465
4592	4584	4509
4470	4525	4527
4518	4632	4562
4632	4586	4562
4528	4563	4538
4528	4644	4563
4550	4551	4609
4550	4428	4551
4428	4609	4551
4581	4605	4617
4594	4622	4626
4622	4655	4626
4622	4658	4655
4675	4796	4744
4744	4617	4675
4708	4815	4795
4815	4879	4795
4730	4775	4808
4775	4842	4808
3	22	9
22	31	9
249	284	277
162	125	227
268	359	228
38	92	67
38	46	92
46	59	92
19	54	53
19	39	54
19	7	39
17	10	19
5	1	10
328	294	356
328	345	294
148	260	206
148	223	260
223	339	260
339	357	260
223	269	339
148	199	223
794	777	731
1150	1214	1202
1214	1350	1202
1350	1349	1202
1350	1400	1349
1214	1365	1350
1429	1560	1389
1429	1605	1560
1605	1720	1560
626	768	748
572	654	594
654	769	594
572	564	654
890	1088	1010
890	1060	1088
813	861	890
939	995	896
971	903	995
965	903	948
965	890	903
1139	1364	1208
1364	1411	1208
1139	1177	1364
1617	1635	1567
2063	2099	2106
2107	2242	2099
1253	1206	1321
583	551	659
1028	1006	921
292	358	253
844	922	822
751	727	844
826	891	757
365	499	422
285	193	273
455	505	416
455	523	505
307	265	282
475	374	342
740	686	581
686	516	581
1758	2068	1723
1758	1927	2068
1527	1545	1758
1545	1697	1758
1697	1876	1758
1379	1130	1380
1130	1129	1380
1129	1331	1380
1379	1405	1130
1405	1184	1130
917	1048	1045
917	786	1048
758	814	981
388	340	392
498	502	403
498	554	502
498	500	554
814	651	665
977	1322	1055
1322	1197	1055
1322	1367	1197
977	1314	1322
977	1292	1314
977	1111	1292
665	684	875
752	849	725
849	793	725
886	932	1162
932	1192	1162
1114	1279	1192
1186	1284	1026
1284	942	1026
1186	1239	1284
1220	1205	1438
1205	1507	1438
1550	1777	1554
1497	1783	1600
1497	1496	1783
1496	1740	1783
1496	1521	1740
1653	1652	1616
2014	2263	2030
2014	2222	2263
1454	1531	1367
1856	1942	1848
1942	2132	1848
2132	2025	1848
1942	2170	2132
2170	2299	2132
2170	2373	2299
2373	2426	2299
2170	2468	2373
2570	2720	2461
2720	2653	2461
2720	2736	2653
2760	2718	2653
2760	2952	2718
2760	2998	2952
3072	2999	3287
2999	3229	3287
3229	3342	3287
3072	3043	2999
2528	2457	2662
2457	2695	2662
2457	2637	2695
2457	2486	2637
2105	2285	2013
2105	2284	2285
1782	1788	1667
1782	1859	1788
1782	1900	1859
1808	2044	2018
1801	1771	1686
1903	1701	1771
1903	1823	1701
1563	1525	1555
2090	2167	2081
1702	1836	1711
1836	1908	1711
1702	1665	1836
2020	2298	2062
2298	2317	2062
2020	2297	2298
2020	2221	2297
1861	1958	2086
1958	2089	2086
1861	1802	1958
2117	1990	1917
2232	2109	2189
2416	2672	2643
2416	2483	2672
2416	2380	2483
1795	1741	1892
1795	1747	1741
1747	1648	1741
1972	2135	2129
2078	2028	1968
2078	2279	2028
2279	2215	2028
2215	2064	2028
2342	2245	2271
2245	2074	2271
2452	2595	2342
2595	2443	2342
3097	2880	2964
3068	2948	3048
3068	3018	2948
3068	3193	3018
3193	3148	3018
3193	3353	3148
3462	3632	3625
3632	3656	3625
3656	3678	3625
3656	3855	3678
3855	3927	3678
3462	3325	3632
3325	3576	3632
3462	3256	3325
2678	2551	2822
2551	2809	2822
2809	2830	2822
2809	2926	2830
2809	2805	2926
2809	2577	2805
2809	2551	2577
2173	2407	2191
2173	2337	2407
2375	2239	2186
2375	2448	2239
2448	2370	2239
2375	2522	2448
2187	2245	2247
2245	2293	2247
2599	2647	2669
2599	2427	2647
2427	2650	2647
2395	2218	2261
2601	2408	2346
2561	2820	2601
2561	2615	2820
2615	2901	2820
2615	2878	2901
2615	2738	2878
2738	2851	2878
2851	2981	2878
2408	2399	2226
2251	2480	2430
2480	2635	2430
2402	2435	2343
2514	2312	2428
2479	2338	2491
3014	2813	3108
2813	3136	3108
2813	3094	3136
2813	2845	3094
2746	2546	2635
2746	2816	2546
2816	2797	2546
2728	2838	2947
2838	3010	2947
2838	3139	3010
2728	2727	2838
2569	2789	2684
2789	2846	2684
2470	2489	2565
3200	3310	3042
3310	3160	3042
3310	3245	3160
3204	3344	3200
3026	2777	2985
3026	2781	2777
2679	2840	2717
2679	2756	2840
2854	2596	2817
2900	2700	2942
3291	3249	3469
3249	3369	3469
3369	3544	3469
3544	3587	3469
2888	3022	2876
3022	3148	2876
3009	3140	3166
3140	3232	3166
3182	3340	3238
3182	3451	3340
3182	3212	3451
3212	3436	3451
3212	3418	3436
3182	3139	3212
3139	3082	3212
3182	3163	3139
3272	3598	3317
3598	3577	3317
3272	3391	3598
3391	3519	3598
3144	2935	3218
3171	3091	3359
3464	3515	3299
3720	3522	3737
3844	3889	4040
4513	4466	4520
4608	4673	4541
4673	4667	4541
4667	4568	4541
4667	4565	4568
4667	4727	4565
4727	4723	4565
4723	4657	4565
4657	4487	4565
4487	4440	4565
4487	4438	4440
4657	4502	4487
4657	4604	4502
4753	4690	4657
4690	4633	4657
4753	4817	4690
4753	4818	4817
4753	4778	4818
4908	4763	4887
4856	4900	4824
4450	4305	4480
4450	4279	4305
4977	4959	4893
4990	4845	4916
4596	4634	4624
4802	4915	4754
4915	4819	4754
4915	4947	4819
4915	4946	4947
4772	4731	4669
4745	4661	4731
3602	3521	3623
3684	3501	3602
3684	3502	3501
3684	3524	3502
3392	3346	3521
3630	3655	3503
3901	3932	3811
4412	4385	4512
4385	4413	4512
4413	4545	4512
4413	4484	4545
4484	4548	4545
4548	4589	4545
4548	4663	4589
4548	4607	4663
4607	4717	4663
4607	4615	4717
4615	4639	4717
4639	4716	4717
4992	5063	4956
5071	5040	5036
5071	5072	5040
5071	5108	5072
5071	5113	5108
4510	4533	4402
4533	4409	4402
4575	4574	4510
4575	4601	4574
4601	4705	4574
4705	4676	4574
4676	4631	4574
4601	4650	4705
4650	4760	4705
4650	4726	4760
4797	4844	4760
4844	4847	4760
4847	4759	4760
4924	4972	4901
4972	4960	4901
4852	4901	4911
5162	5172	5157
5172	5174	5157
5174	5170	5157
5170	5159	5157
5136	5154	5131
5136	5169	5154
5030	5028	5010
5030	5045	5028
5030	5139	5045
5139	5089	5045
5139	5138	5089
5030	5097	5139
5097	5126	5139
5030	5060	5097
5130	5165	5171
5017	5070	5013
5070	5044	5013
5070	5110	5044
5110	5088	5044
4964	4987	5021
4987	5055	5021
5055	5035	5021
5055	5093	5035
5093	5075	5035
4529	4399	4469
4529	4422	4399
4036	3886	3980
3312	3183	3198
3183	3080	3198
3530	3554	3504
3537	3813	3652
3537	3693	3813
3433	3435	3378
3526	3284	3496
3526	3456	3284
3456	3385	3284
3719	3628	3640
3674	3307	3564
3307	3318	3564
4052	4048	3894
3975	3897	4027
3975	3792	3897
3651	3463	3736
3651	3411	3463
4008	4286	4185
4286	4364	4185
4364	4336	4185
4008	4092	4286
4003	3972	3819
3972	3837	3819
4003	4108	3972
4003	4170	4108
4003	4229	4170
4003	4098	4229
3800	3803	3951
3947	3988	4011
4130	4134	3923
4350	4486	4220
4004	3992	4067
3958	3912	4032
3987	4272	4065
4272	4086	4065
4272	4190	4086
4272	4337	4190
3987	4235	4272
4428	4234	4253
4428	4434	4234
4428	4550	4434
4326	4259	4189
4488	4313	4438
4488	4517	4313
4517	4381	4313
4475	4581	4521
4429	4311	4446
4525	4703	4527
4703	4719	4527
4525	4648	4703
4525	4625	4648
4525	4534	4625
4428	4526	4609
4795	4637	4708
4795	4679	4637
