258.060176 111.021019 57.365155 255 0 0
271.738636 99.374194 63.172009 255 0 0
286.750600 89.052032 68.311960 255 0 0
303.096068 80.054533 72.785007 255 0 0
320.775041 72.381696 76.591152 255 0 0
339.787517 66.033522 79.730394 255 0 0
360.133497 61.010010 82.202732 255 0 0
381.812982 57.311161 84.008168 255 0 0
404.825970 54.936975 85.146700 0 255 0
386.785048 60.151826 100.953681 0 255 0
370.164584 66.777717 116.050271 0 255 0
354.964579 74.814650 130.436471 0 255 0
341.185032 84.262623 144.112281 0 255 0
328.825944 95.121636 157.077701 0 255 0
317.887315 107.391690 169.332731 0 255 0
308.369144 121.072785 180.877371 0 255 0
300.271432 136.164921 191.711620 0 255 0
