29.300364 37.045635 10.746930 255 0 0
29.459118 36.824692 9.777158 255 0 0
29.656529 36.473259 8.807787 255 0 0
29.892597 35.991336 7.838818 255 0 0
30.167321 35.378923 6.870251 255 0 0
30.480703 34.636019 5.902086 255 0 0
30.832741 33.762626 4.934322 255 0 0
31.223437 32.758742 3.966960 255 0 0
31.652789 31.624368 3.000000 0 255 0
30.861231 30.713236 3.970539 0 255 0
30.150961 29.911444 4.940676 0 255 0
29.521980 29.218992 5.910411 0 255 0
28.974287 28.635881 6.879744 0 255 0
28.507883 28.162111 7.848676 0 255 0
28.122768 27.797681 8.817207 0 255 0
27.818941 27.542592 9.785335 0 255 0
27.596403 27.396843 10.753062 0 255 0
