1	5	3
1	10	5
10	14	5
14	3	5
14	6	3
6	23	3
23	1	3
23	9	1
9	4	1
4	10	1
4	16	10
16	21	10
21	26	10
26	28	10
28	14	10
28	19	14
19	13	14
13	15	14
15	6	14
15	17	6
17	23	6
17	22	23
17	15	22
13	29	15
29	89	15
29	93	89
93	123	89
123	174	89
123	250	174
250	294	174
294	303	174
303	311	174
250	278	294
250	241	278
250	189	241
250	123	189
123	93	189
93	61	189
61	90	189
90	111	189
90	51	111
51	103	111
103	125	111
103	104	125
104	122	125
122	182	125
122	156	182
156	186	182
186	201	182
201	223	182
122	77	156
77	124	156
124	152	156
124	175	152
122	88	77
88	58	77
58	79	77
79	96	77
96	98	77
96	130	98
130	136	98
136	140	98
136	157	140
157	164	140
164	153	140
164	214	153
214	200	153
200	205	153
200	215	205
215	219	205
219	226	205
226	175	205
219	282	226
282	281	226
219	336	282
336	359	282
336	355	359
355	434	359
434	462	359
434	507	462
507	573	462
434	461	507
461	488	507
461	443	488
443	572	488
443	433	572
443	412	433
461	355	443
461	434	355
336	258	355
258	295	355
258	239	295
258	224	239
224	221	239
221	246	239
221	304	246
304	305	246
304	346	305
304	312	346
312	351	346
312	330	351
330	386	351
386	378	351
386	404	378
404	408	378
404	531	408
531	516	408
304	306	312
304	266	306
266	269	306
266	245	269
245	206	269
206	251	269
206	170	251
206	181	170
181	172	170
172	157	170
157	136	170
136	130	170
130	193	170
193	265	170
130	132	193
132	150	193
132	118	150
118	99	150
118	96	99
96	79	99
118	130	96
118	132	130
172	164	157
172	191	164
191	214	164
191	224	214
224	258	214
258	215	214
215	200	214
258	336	215
336	219	215
191	221	224
191	185	221
185	245	221
245	304	221
245	266	304
185	206	245
185	181	206
185	172	181
185	191	172
58	72	79
58	50	72
58	51	50
51	37	50
37	38	50
38	39	50
38	34	39
34	24	39
24	48	39
48	59	39
48	82	59
82	78	59
82	85	78
82	94	85
82	109	94
109	137	94
137	162	94
109	163	137
109	113	163
113	151	163
151	161	163
151	116	161
116	160	161
116	133	160
133	190	160
133	159	190
159	204	190
204	209	190
209	253	190
204	256	209
204	261	256
261	284	256
284	279	256
284	309	279
284	286	309
284	261	286
261	285	286
261	216	285
216	283	285
283	318	285
318	335	285
335	344	285
318	357	335
357	389	335
357	396	389
396	437	389
396	490	437
490	474	437
490	514	474
396	432	490
396	407	432
396	373	407
373	354	407
373	353	354
353	255	354
255	302	354
255	267	302
267	299	302
299	345	302
299	361	345
361	370	345
361	392	370
361	422	392
361	405	422
405	510	422
510	534	422
510	521	534
521	631	534
631	586	534
586	545	534
586	566	545
566	542	545
542	524	545
542	544	524
544	432	524
542	616	544
616	637	544
637	588	544
637	668	588
668	624	588
668	660	624
668	776	660
776	826	660
776	941	826
776	778	941
776	668	778
668	771	778
668	731	771
668	637	731
616	641	637
616	643	641
643	674	641
616	566	643
566	593	643
593	648	643
593	586	648
593	566	586
616	542	566
521	589	631
589	618	631
589	592	618
592	703	618
592	602	703
592	503	602
503	597	602
597	671	602
671	693	602
671	663	693
671	636	663
636	730	663
636	613	730
613	681	730
681	701	730
701	761	730
761	799	730
761	764	799
764	897	799
897	895	799
895	940	799
895	969	940
969	1010	940
969	996	1010
996	1088	1010
1088	1121	1010
1121	1007	1010
1121	1167	1007
1167	1084	1007
1084	966	1007
1084	1060	966
1084	1189	1060
1084	1183	1189
1183	1211	1189
1183	1167	1211
1167	1314	1211
1183	1084	1167
1121	1190	1167
1121	1178	1190
1121	1088	1178
1088	1255	1178
1255	1266	1178
996	1061	1088
1061	1181	1088
1061	1058	1181
1058	1213	1181
1213	1223	1181
1213	1272	1223
1061	907	1058
1061	996	907
996	948	907
948	897	907
897	824	907
824	835	907
824	741	835
824	764	741
764	726	741
726	701	741
726	761	701
726	764	761
824	897	764
948	969	897
969	895	897
948	996	969
613	606	681
606	570	681
570	577	681
570	537	577
537	536	577
536	582	577
570	457	537
570	489	457
489	402	457
402	413	457
402	348	413
348	319	413
319	381	413
381	421	413
381	332	421
381	319	332
348	291	319
291	270	319
291	259	270
259	243	270
243	225	270
225	229	270
225	196	229
196	217	229
196	213	217
196	154	213
154	176	213
176	238	213
238	322	213
238	298	322
298	341	322
341	379	322
379	363	322
363	394	322
379	450	363
379	498	450
498	505	450
498	529	505
529	522	505
529	561	522
561	684	522
561	652	684
561	580	652
580	632	652
632	715	652
632	704	715
632	659	704
659	667	704
667	711	704
711	754	704
667	720	711
720	727	711
727	746	711
727	807	746
807	831	746
727	788	807
788	810	807
788	766	810
766	789	810
789	806	810
789	861	806
861	842	806
861	917	842
917	905	842
861	1009	917
861	959	1009
959	971	1009
971	1075	1009
1075	1092	1009
1092	1115	1009
1092	1207	1115
1207	1123	1115
1207	1270	1123
1270	1271	1123
1270	1297	1271
1297	1251	1271
1251	1237	1271
1251	1186	1237
1186	1179	1237
1297	1359	1251
1359	1351	1251
1351	1321	1251
1321	1265	1251
1351	1429	1321
1297	1349	1359
1349	1392	1359
1349	1412	1392
1297	1322	1349
1322	1300	1349
1322	1276	1300
1322	1297	1276
1297	1229	1276
1297	1270	1229
1270	1207	1229
1092	1169	1207
1092	1075	1169
959	795	971
795	880	971
880	913	971
880	868	913
959	825	795
825	792	795
792	763	795
763	700	795
763	647	700
763	691	647
691	571	647
571	509	647
509	610	647
509	526	610
526	518	610
526	454	518
454	520	518
520	583	518
454	410	520
410	399	520
399	416	520
416	456	520
416	409	456
409	388	456
388	390	456
390	470	456
390	471	470
471	603	470
603	614	470
603	680	614
603	601	680
601	716	680
716	737	680
737	749	680
737	834	749
834	812	749
812	796	749
812	849	796
812	834	849
737	753	834
753	862	834
862	972	834
862	946	972
946	1027	972
1027	1052	972
1052	1071	972
1052	1103	1071
1103	1111	1071
1103	1210	1111
1103	1220	1210
1220	1319	1210
1220	1420	1319
1103	1150	1220
1150	1214	1220
1150	1147	1214
1147	1303	1214
1147	1185	1303
1185	1242	1303
1242	1294	1303
1294	1330	1303
1294	1372	1330
1372	1418	1330
1418	1424	1330
1418	1472	1424
1372	1500	1418
1372	1447	1500
1447	1479	1500
1479	1592	1500
1592	1649	1500
1649	1661	1500
1649	1728	1661
1728	1833	1661
1833	1715	1661
1715	1671	1661
1715	1675	1671
1715	1745	1675
1745	1718	1675
1718	1628	1675
1628	1610	1675
1628	1541	1610
1628	1452	1541
1452	1503	1541
1503	1448	1541
1503	1452	1448
1628	1620	1452
1620	1420	1452
1620	1554	1420
1620	1557	1554
1557	1429	1554
1429	1464	1554
1429	1412	1464
1412	1413	1464
1557	1427	1429
1557	1489	1427
1489	1403	1427
1403	1365	1427
1403	1373	1365
1403	1478	1373
1403	1489	1478
1489	1485	1478
1485	1525	1478
1485	1547	1525
1547	1635	1525
1547	1690	1635
1690	1721	1635
1690	1745	1721
1745	1774	1721
1774	1776	1721
1774	1820	1776
1774	1809	1820
1809	1872	1820
1872	1897	1820
1897	1933	1820
1872	1969	1897
1872	1853	1969
1853	1975	1969
1975	2018	1969
2018	2053	1969
2018	2113	2053
1975	2064	2018
1975	1905	2064
1905	1953	2064
1953	2103	2064
2103	2096	2064
1953	2114	2103
2114	2175	2103
2114	2118	2175
2114	1953	2118
1953	1929	2118
1929	2091	2118
2091	2164	2118
2091	2104	2164
2104	2020	2164
2104	2091	2020
2091	1929	2020
1929	1865	2020
1865	1907	2020
1907	1974	2020
1907	1904	1974
1904	1900	1974
1900	2017	1974
1900	2041	2017
1900	1993	2041
1993	2132	2041
1993	2039	2132
1993	1972	2039
1993	1881	1972
1993	1900	1881
1900	1813	1881
1813	1769	1881
1813	1754	1769
1754	1637	1769
1754	1683	1637
1683	1571	1637
1571	1511	1637
1571	1482	1511
1482	1422	1511
1482	1433	1422
1433	1409	1422
1433	1360	1409
1360	1286	1409
1286	1279	1409
1286	1245	1279
1286	1142	1245
1142	1062	1245
1286	1335	1142
1335	1216	1142
1216	1085	1142
1216	1205	1085
1205	1063	1085
1063	1023	1085
1063	980	1023
980	938	1023
938	869	1023
869	816	1023
816	896	1023
869	767	816
767	712	816
869	818	767
869	871	818
871	745	818
871	760	745
760	717	745
760	851	717
760	863	851
760	882	863
760	871	882
871	953	882
871	938	953
938	980	953
980	1037	953
980	1063	1037
1063	1048	1037
1063	1135	1048
1063	1172	1135
1063	1218	1172
1218	1281	1172
1281	1292	1172
1281	1325	1292
1325	1328	1292
1325	1368	1328
1368	1354	1328
1354	1306	1328
1306	1238	1328
1306	1298	1238
1298	1224	1238
1224	1184	1238
1224	1076	1184
1076	1068	1184
1224	1188	1076
1224	1242	1188
1242	1185	1188
1224	1298	1242
1298	1294	1242
1298	1372	1294
1298	1334	1372
1334	1447	1372
1334	1354	1447
1354	1473	1447
1473	1543	1447
1543	1479	1447
1543	1592	1479
1543	1591	1592
1591	1647	1592
1647	1649	1592
1647	1696	1649
1696	1728	1649
1647	1669	1696
1647	1591	1669
1591	1590	1669
1590	1564	1669
1590	1544	1564
1544	1490	1564
1490	1505	1564
1505	1597	1564
1597	1698	1564
1698	1717	1564
1698	1744	1717
1744	1734	1717
1744	1787	1734
1787	1781	1734
1781	1749	1734
1781	1821	1749
1781	1806	1821
1806	1841	1821
1841	1953	1821
1953	1876	1821
1953	1905	1876
1905	1894	1876
1894	1851	1876
1894	1919	1851
1919	1853	1851
1919	1975	1853
1919	1905	1975
1919	1894	1905
1841	1887	1953
1887	1929	1953
1887	1865	1929
1887	1834	1865
1834	1907	1865
1834	1812	1907
1812	1904	1907
1812	1813	1904
1813	1900	1904
1812	1798	1813
1798	1794	1813
1794	1779	1813
1779	1754	1813
1779	1683	1754
1779	1743	1683
1743	1692	1683
1692	1571	1683
1692	1656	1571
1656	1597	1571
1597	1482	1571
1597	1492	1482
1492	1433	1482
1492	1505	1433
1505	1457	1433
1457	1388	1433
1388	1371	1433
1371	1360	1433
1371	1421	1360
1421	1335	1360
1335	1286	1360
1421	1368	1335
1368	1325	1335
1325	1218	1335
1218	1216	1335
1218	1205	1216
1218	1063	1205
1325	1281	1218
1421	1473	1368
1473	1354	1368
1421	1490	1473
1490	1544	1473
1544	1539	1473
1539	1543	1473
1539	1590	1543
1590	1591	1543
1539	1544	1590
1421	1457	1490
1457	1505	1490
1421	1388	1457
1421	1371	1388
1492	1597	1505
1656	1698	1597
1656	1743	1698
1743	1744	1698
1743	1798	1744
1798	1812	1744
1812	1787	1744
1812	1834	1787
1834	1806	1787
1806	1781	1787
1834	1887	1806
1887	1841	1806
1743	1794	1798
1743	1779	1794
1656	1692	1743
1334	1306	1354
1334	1298	1306
871	869	938
1872	1833	1853
1872	1809	1833
1809	1715	1833
1809	1745	1715
1809	1774	1745
1690	1718	1745
1690	1657	1718
1657	1628	1718
1657	1620	1628
1657	1557	1620
1657	1587	1557
1587	1489	1557
1587	1547	1489
1547	1485	1489
1587	1690	1547
1587	1657	1690
1147	1024	1185
1147	1074	1024
1074	1027	1024
1027	906	1024
906	958	1024
906	759	958
759	881	958
759	855	881
855	857	881
759	728	855
759	742	728
906	874	759
906	946	874
946	862	874
906	1027	946
1074	1052	1027
1074	1103	1052
1074	1150	1103
1074	1147	1150
737	716	753
601	565	716
565	574	716
454	374	410
374	326	410
374	341	326
341	298	326
298	233	326
233	187	326
233	176	187
176	135	187
135	107	187
135	121	107
121	84	107
84	64	107
64	62	107
62	165	107
64	53	62
53	54	62
54	56	62
56	42	62
56	67	42
67	18	42
67	41	18
41	8	18
8	12	18
8	25	12
8	2	25
2	44	25
44	101	25
44	112	101
2	9	44
9	35	44
9	23	35
23	69	35
2	4	9
2	11	4
11	7	4
7	16	4
7	32	16
32	30	16
30	21	16
30	26	21
30	45	26
45	28	26
45	46	28
46	49	28
49	27	28
27	20	28
20	19	28
20	13	19
20	24	13
20	27	24
27	31	24
31	48	24
31	47	48
31	27	47
27	49	47
49	87	47
49	76	87
76	128	87
128	110	87
110	95	87
110	116	95
116	108	95
108	82	95
108	113	82
113	109	82
108	151	113
108	116	151
110	133	116
110	128	133
128	159	133
128	117	159
117	143	159
143	216	159
216	204	159
216	261	204
143	192	216
192	199	216
192	188	199
188	147	199
147	158	199
147	115	158
115	139	158
139	184	158
184	255	158
184	234	255
234	267	255
234	252	267
252	299	267
252	232	299
232	230	299
230	276	299
276	334	299
334	337	299
337	361	299
337	405	361
337	334	405
334	342	405
342	347	405
347	383	405
347	369	383
369	452	383
369	350	452
350	402	452
402	455	452
455	472	452
455	489	472
489	495	472
495	503	472
495	576	503
576	597	503
576	613	597
613	636	597
636	671	597
576	606	613
576	570	606
576	489	570
576	495	489
455	402	489
350	338	402
338	348	402
338	317	348
317	292	348
292	291	348
292	259	291
292	227	259
227	243	259
227	168	243
168	225	243
168	196	225
168	129	196
129	126	196
126	154	196
126	148	154
148	176	154
148	135	176
148	126	135
126	121	135
126	129	121
129	142	121
142	84	121
142	120	84
120	100	84
100	75	84
75	54	84
54	64	84
54	53	64
75	56	54
75	67	56
75	100	67
100	106	67
106	91	67
91	41	67
91	33	41
33	8	41
33	11	8
11	2	8
33	32	11
32	7	11
33	52	32
52	66	32
66	30	32
66	57	30
57	45	30
57	60	45
60	46	45
60	68	46
68	49	46
68	76	49
68	80	76
80	128	76
80	117	128
80	86	117
86	105	117
105	143	117
105	92	143
92	147	143
147	192	143
147	188	192
92	102	147
102	115	147
102	97	115
97	139	115
97	91	139
91	146	139
146	184	139
146	144	184
144	167	184
167	228	184
228	234	184
228	252	234
228	232	252
228	167	232
167	230	232
167	207	230
207	257	230
257	276	230
257	317	276
317	347	276
347	342	276
342	334	276
317	350	347
350	369	347
317	338	350
207	202	257
202	227	257
202	177	227
177	145	227
145	149	227
149	155	227
155	168	227
155	129	168
155	142	129
155	149	142
149	120	142
149	145	120
145	138	120
138	100	120
138	141	100
141	106	100
141	131	106
131	91	106
131	144	91
144	146	91
131	167	144
131	141	167
141	177	167
177	207	167
177	202	207
141	138	177
138	145	177
97	70	91
70	33	91
70	52	33
70	73	52
73	71	52
71	66	52
71	73	66
73	97	66
97	102	66
102	92	66
92	65	66
65	57	66
65	60	57
65	86	60
86	80	60
80	68	60
65	92	86
92	105	86
73	70	97
233	238	176
233	298	238
374	420	341
420	379	341
420	509	379
509	498	379
509	571	498
571	561	498
561	529	498
571	580	561
571	632	580
571	659	632
571	691	659
691	699	659
699	667	659
699	720	667
699	736	720
736	727	720
736	757	727
757	756	727
756	788	727
756	766	788
756	789	766
756	833	789
833	861	789
833	858	861
858	959	861
858	825	959
858	757	825
757	736	825
736	785	825
785	792	825
785	691	792
691	763	792
785	736	691
736	699	691
858	833	757
833	756	757
420	526	509
420	454	526
420	374	454
521	511	589
521	510	511
510	405	511
373	396	353
396	357	353
357	320	353
357	318	320
318	283	320
34	36	24
34	37	36
37	51	36
34	38	37
58	88	51
88	103	51
88	104	103
88	122	104
93	29	61
63	74	127
178	195	208
178	162	195
178	150	162
179	248	222
248	260	222
248	310	260
310	368	260
310	406	368
406	449	368
449	471	368
310	311	406
222	112	179
183	194	210
194	220	210
197	236	198
197	211	236
211	290	236
211	247	290
211	231	247
231	275	247
231	203	275
212	268	249
212	235	268
242	277	288
277	301	288
277	395	301
395	419	301
289	297	323
300	362	316
324	327	377
325	384	385
384	414	385
329	358	438
340	382	460
460	477	340
477	428	340
477	468	428
468	492	428
468	562	492
562	604	492
604	560	492
604	587	560
562	619	604
619	685	604
619	705	685
468	477	562
364	372	445
393	528	466
528	543	466
543	483	466
543	535	483
535	473	483
473	424	483
473	395	424
473	538	395
473	535	538
535	639	538
639	563	538
639	634	563
634	532	563
634	733	532
733	678	532
678	513	532
678	504	513
504	451	513
504	475	451
504	512	475
504	555	512
555	646	512
555	504	646
733	709	678
733	872	709
634	758	733
634	639	758
639	683	758
683	732	758
732	894	758
894	967	758
967	957	758
957	926	758
957	1057	926
1057	1073	926
1057	1318	1073
1318	1194	1073
1318	1353	1194
1353	1247	1194
1353	1355	1247
1355	1326	1247
1326	1126	1247
1326	1143	1126
1143	1098	1126
1098	1045	1126
1098	904	1045
1098	942	904
1098	1143	942
1355	1608	1326
1608	1440	1326
1608	1607	1440
1608	1867	1607
1318	1439	1353
1439	1577	1353
957	967	1057
894	922	967
922	1051	967
683	665	732
683	535	665
535	543	665
683	639	535
400	458	435
435	358	400
358	352	400
458	584	435
411	463	417
425	539	467
539	556	467
556	547	467
556	568	547
556	605	568
605	675	568
556	569	605
569	629	605
556	539	569
539	436	569
539	481	436
539	425	481
439	444	585
440	480	499
480	501	499
501	557	499
501	600	557
600	628	557
628	599	557
599	661	557
599	617	661
617	725	661
617	657	725
657	719	725
657	679	719
679	747	719
657	640	679
640	600	679
600	627	679
640	628	600
640	657	628
657	617	628
617	599	628
501	494	600
501	480	494
480	487	494
448	515	517
464	479	493
479	508	493
497	549	609
609	502	497
609	622	502
609	635	622
635	702	622
702	722	622
702	875	722
875	887	722
635	672	702
672	755	702
672	698	755
523	621	581
527	656	594
594	553	527
548	590	654
548	508	590
564	615	645
564	578	615
578	638	615
596	713	688
612	695	670
695	830	670
644	734	798
649	689	729
649	658	689
658	677	689
677	714	689
714	819	689
819	729	689
819	809	729
809	696	729
696	649	729
819	853	809
853	889	809
889	927	809
853	955	889
955	988	889
955	1041	988
1041	1157	988
1157	1095	988
955	898	1041
955	893	898
955	853	893
853	819	893
676	784	774
784	925	774
925	974	774
974	854	774
676	661	784
676	572	661
572	567	661
567	552	661
567	572	552
682	873	781
873	860	781
860	841	781
860	1022	841
860	920	1022
920	1101	1022
920	1137	1101
1137	1250	1101
1137	1206	1250
920	1021	1137
920	873	1021
873	910	1021
920	860	873
707	721	817
708	735	780
723	813	814
765	782	808
772	802	876
777	837	787
837	878	787
837	961	878
961	970	878
970	890	878
961	1000	970
777	800	837
794	797	847
797	918	847
918	944	847
944	951	847
944	994	951
944	918	994
918	1187	994
918	1128	1187
1128	1217	1187
1217	1249	1187
1249	1240	1187
1240	1291	1187
1291	1305	1187
1291	1432	1305
1432	1465	1305
1465	1324	1305
1324	1257	1305
1324	1199	1257
1324	1280	1199
1280	1161	1199
1161	1138	1199
1324	1528	1280
1528	1506	1280
1528	1645	1506
1528	1583	1645
1583	1686	1645
1583	1838	1686
1838	1782	1686
1838	1973	1782
1973	2010	1782
1838	1884	1973
1528	1533	1583
1533	1678	1583
1533	1465	1678
1465	1432	1678
1432	1674	1678
1674	1756	1678
1674	1706	1756
1706	1837	1756
1706	1845	1837
1845	1913	1837
1845	1875	1913
1875	2050	1913
2050	2123	1913
2123	2119	1913
2123	2166	2119
2166	2290	2119
2290	2316	2119
2316	2278	2119
2278	2220	2119
2278	2261	2220
2261	2195	2220
2261	2202	2195
2202	2178	2195
2178	2071	2195
2178	2159	2071
2178	2291	2159
2291	2371	2159
2291	2406	2371
2291	2520	2406
2178	2202	2291
2202	2261	2291
2316	2364	2278
2316	2534	2364
2534	2542	2364
2542	2520	2364
2542	2581	2520
2542	2592	2581
2592	2752	2581
2752	2766	2581
2766	2763	2581
2766	2989	2763
2989	2802	2763
2989	3032	2802
3032	2814	2802
2989	3098	3032
3098	3148	3032
3098	3112	3148
3098	2989	3112
2752	2984	2766
2752	2781	2984
2781	2903	2984
2752	2592	2781
2542	2534	2592
2534	2561	2592
2166	2185	2290
2166	2050	2185
2050	2117	2185
2117	2273	2185
2117	2150	2273
2150	2205	2273
2150	2081	2205
2166	2123	2050
1845	1868	1875
1845	1681	1868
1706	1572	1845
1706	1674	1572
1533	1528	1465
1528	1324	1465
1291	1249	1432
1249	1386	1432
1249	1217	1386
1291	1240	1249
797	848	918
805	962	924
805	826	962
820	856	845
822	916	977
916	1069	977
1069	1099	977
916	1070	1069
828	914	929
914	1108	929
914	1066	1108
1066	1248	1108
1248	1284	1108
1284	1267	1108
832	934	939
850	888	1049
888	973	1049
973	990	1049
990	1097	1049
973	911	990
911	1018	990
911	866	1018
911	879	866
911	888	879
911	973	888
864	884	928
884	989	928
989	1086	928
989	1046	1086
1046	1148	1086
1148	1165	1086
1148	1261	1165
1046	1055	1148
1055	1110	1148
1046	989	1055
867	1005	1014
902	935	1019
903	943	932
932	982	903
932	1012	982
932	943	1012
908	984	1016
984	1096	1016
1096	1182	1016
1182	1130	1016
1096	1107	1182
1096	984	1107
919	1120	1077
919	1163	1120
1163	1202	1120
1202	1241	1120
1202	1370	1241
1370	1350	1241
1202	1233	1370
1233	1288	1370
1288	1304	1370
1304	1408	1370
1304	1227	1408
1227	1415	1408
1415	1529	1408
1529	1570	1408
1529	1740	1570
1740	1707	1570
1707	1563	1570
1707	1565	1563
1565	1370	1563
1707	1796	1565
1796	1705	1565
1796	1783	1705
1783	1702	1705
1783	1856	1702
1856	1731	1702
1856	1799	1731
1799	1760	1731
1760	1586	1731
1760	1650	1586
1650	1540	1586
1540	1470	1586
1650	1602	1540
1602	1348	1540
1760	1803	1650
1760	1799	1803
1783	1906	1856
1906	1991	1856
1906	1949	1991
1906	1864	1949
1864	1964	1949
1864	1883	1964
1883	1966	1964
1883	1912	1966
1912	2083	1966
1912	1886	2083
1912	1740	1886
1740	1742	1886
1740	1529	1742
1529	1664	1742
1664	1888	1742
1529	1415	1664
1415	1521	1664
1415	1329	1521
1415	1227	1329
1912	1707	1740
1912	1883	1707
1883	1796	1707
1883	1864	1796
1864	1783	1796
1864	1906	1783
1304	1174	1227
1174	1056	1227
1288	1201	1304
1288	1233	1201
1233	1002	1201
1002	998	1201
1002	954	998
954	956	998
1233	1166	1002
1166	1153	1002
1153	919	1002
1153	1163	919
1153	1166	1163
1166	1202	1163
1166	1233	1202
949	1102	1011
949	1030	1102
1030	1162	1102
1030	1044	1162
1044	1299	1162
1030	993	1044
952	1028	1001
952	1050	1028
1050	1152	1028
1050	1136	1152
1028	1040	1001
1040	985	1001
985	952	1001
1040	991	985
960	1132	1170
1132	1337	1170
1337	1379	1170
1379	1290	1170
1290	1206	1170
1337	1419	1379
1419	1624	1379
1419	1633	1624
1633	1703	1624
1703	1819	1624
1703	1828	1819
1828	1980	1819
1980	1823	1819
1703	1719	1828
1719	1818	1828
1818	1846	1828
1818	2033	1846
1719	1835	1818
1719	1711	1835
1170	1021	960
964	968	1064
1064	1033	964
1064	1067	1033
1064	1225	1067
1064	1273	1225
978	1013	1042
1013	1169	1042
992	1072	1171
1072	1093	1171
1093	1078	1171
1078	1197	1171
1197	1164	1171
1164	1302	1171
1302	1309	1171
1302	1481	1309
1481	1383	1309
1383	1357	1309
1357	1273	1309
1383	1493	1357
1383	1575	1493
1575	1636	1493
1575	1789	1636
1575	1713	1789
1713	1791	1789
1481	1558	1383
1481	1582	1558
1582	1714	1558
1714	1663	1558
1714	1827	1663
1582	1613	1714
1613	1842	1714
1842	1869	1714
1613	1768	1842
1582	1478	1613
1582	1455	1478
1582	1446	1455
1446	1310	1455
1446	1302	1310
1302	1164	1310
1446	1481	1302
1446	1582	1481
1078	1093	1197
1093	1265	1197
1015	1114	1149
1114	1235	1149
1029	1156	1173
1029	1032	1156
1035	1168	1160
1160	1065	1035
1039	1232	1192
1232	1264	1192
1264	1209	1192
1264	1315	1209
1043	1116	1109
1059	1105	1195
1059	1019	1105
1105	1212	1195
1195	1083	1059
1195	1131	1083
1131	1100	1083
1079	1283	1203
1283	1426	1203
1283	1289	1426
1289	1514	1426
1514	1538	1426
1289	1513	1514
1289	1524	1513
1524	1568	1513
1524	1652	1568
1652	1811	1568
1811	1723	1568
1811	1885	1723
1811	1967	1885
1811	2001	1967
2001	2112	1967
2112	2183	1967
2183	2009	1967
2112	2152	2183
2152	2345	2183
2345	2258	2183
2345	2321	2258
2345	2447	2321
2345	2522	2447
2522	2566	2447
2566	2529	2447
2566	2579	2529
2579	2614	2529
2614	2508	2529
2614	2517	2508
2517	2319	2508
2517	2305	2319
2305	2246	2319
2305	2120	2246
2305	2269	2120
2269	2079	2120
2269	2169	2079
2269	2251	2169
2579	2669	2614
2579	2759	2669
2579	2566	2759
2566	2677	2759
2677	2920	2759
2920	2817	2759
2920	2975	2817
2975	2947	2817
2920	2968	2975
2968	3042	2975
3042	3129	2975
2920	2938	2968
2566	2568	2677
2568	2726	2677
2726	2859	2677
2726	2912	2859
2912	2938	2859
2726	2697	2912
2697	2831	2912
2831	2964	2912
2964	3114	2912
2831	2943	2964
2831	2743	2943
2743	2800	2943
2726	2527	2697
2527	2526	2697
2526	2582	2697
2526	2435	2582
2435	2550	2582
2435	2432	2550
2432	2580	2550
2526	2314	2435
2526	2527	2314
2527	2325	2314
2527	2366	2325
2366	2152	2325
2366	2345	2152
2366	2522	2345
2366	2568	2522
2568	2566	2522
2366	2527	2568
2527	2726	2568
1811	1956	2001
1652	1677	1811
1081	1243	1146
1081	1193	1243
1193	1259	1243
1259	1340	1243
1340	1445	1243
1340	1496	1445
1496	1468	1445
1496	1665	1468
1665	1477	1468
1477	1443	1468
1477	1497	1443
1477	1534	1497
1534	1567	1497
1567	1323	1497
1567	1352	1323
1567	1428	1352
1534	1621	1567
1340	1471	1496
1340	1341	1471
1341	1498	1471
1498	1614	1471
1498	1538	1614
1538	1700	1614
1538	1693	1700
1693	1773	1700
1773	1720	1700
1773	1932	1720
1932	1847	1720
1847	1815	1720
1847	1862	1815
1847	1962	1862
1962	1944	1862
1773	2009	1932
2009	2027	1932
1693	1723	1773
1693	1639	1723
1693	1538	1639
1340	1254	1341
1340	1259	1254
1259	1193	1254
1090	1200	1230
1091	1104	1133
1106	1113	1258
1113	1378	1258
1113	1244	1378
1244	1435	1378
1435	1546	1378
1244	1410	1435
1244	1440	1410
1112	1118	1158
1134	1180	1191
1154	1369	1231
1231	1136	1154
1136	1053	1154
1219	1268	1393
1226	1278	1296
1296	1339	1226
1236	1274	1347
1274	1287	1347
1253	1343	1311
1256	1396	1375
1275	1461	1406
1461	1491	1406
1491	1487	1406
1487	1386	1406
1275	1250	1461
1285	1460	1380
1460	1437	1380
1437	1346	1380
1346	1299	1380
1437	1484	1346
1484	1526	1346
1437	1460	1484
1460	1576	1484
1460	1469	1576
1460	1285	1469
1316	1381	1385
1316	1315	1381
1381	1423	1385
1381	1531	1423
1317	1363	1454
1363	1361	1454
1361	1394	1454
1327	1382	1377
1327	1404	1382
1404	1430	1382
1430	1515	1382
1515	1377	1382
1430	1596	1515
1430	1536	1596
1536	1655	1596
1430	1444	1536
1430	1404	1444
1377	1366	1327
1366	1261	1327
1331	1475	1336
1336	1267	1331
1336	1263	1267
1475	1483	1336
1475	1502	1483
1502	1711	1483
1502	1616	1711
1374	1573	1523
1387	1458	1453
1387	1537	1458
1387	1411	1537
1411	1549	1537
1411	1518	1549
1518	1666	1549
1666	1673	1549
1397	1527	1417
1527	1551	1417
1401	1476	1431
1449	1520	1450
1451	1622	1463
1622	1667	1463
1622	1623	1667
1462	1643	1604
1604	1439	1462
1507	1640	1631
1507	1526	1640
1507	1416	1526
1631	1598	1507
1631	1672	1598
1672	1562	1598
1672	1630	1562
1672	1765	1630
1765	1660	1630
1765	1730	1660
1765	1817	1730
1765	1816	1817
1765	1672	1816
1672	1830	1816
1830	1902	1816
1902	1901	1816
1902	1947	1901
1902	2073	1947
2073	1997	1947
1902	1951	2073
1951	2044	2073
2044	2129	2073
2044	2177	2129
2177	2235	2129
2177	2303	2235
2303	2441	2235
2303	2483	2441
2483	2454	2441
2044	2006	2177
2044	1951	2006
1902	1830	1951
1516	1545	1553
1516	1517	1545
1517	1646	1545
1522	1651	1699
1530	1638	1550
1638	1606	1550
1532	1601	1585
1601	1659	1585
1659	1662	1585
1662	1594	1585
1594	1548	1585
1594	1561	1548
1662	1759	1594
1662	1770	1759
1770	1836	1759
1770	1843	1836
1662	1659	1770
1535	1559	1634
1559	1581	1634
1542	1712	1629
1712	1726	1629
1726	1733	1629
1712	1850	1726
1552	1641	1611
1560	1727	1778
1560	1551	1727
1727	1920	1778
1920	1976	1778
1920	1946	1976
1946	2087	1976
2087	2125	1976
2125	2124	1976
2124	2031	1976
2124	2121	2031
2124	2184	2121
2184	2148	2121
2184	2229	2148
2229	2196	2148
2229	2204	2196
2204	1999	2196
2184	2342	2229
2342	2397	2229
2342	2403	2397
2342	2450	2403
2125	2192	2124
2192	2181	2124
1920	1942	1946
1920	1857	1942
1920	1727	1857
1727	1697	1857
1697	1792	1857
1778	1751	1560
1778	1777	1751
1569	1752	1735
1752	1807	1735
1584	1701	1653
1584	1670	1701
1593	1694	1682
1694	1772	1682
1694	1764	1772
1764	1832	1772
1832	1848	1772
1848	1860	1772
1694	1685	1764
1609	1679	1612
1615	1855	1767
1618	1738	1761
1654	1729	1704
1729	1748	1704
1748	1695	1704
1748	1677	1695
1668	1724	1708
1724	1793	1708
1710	1802	1824
1802	1959	1824
1959	1808	1824
1808	1737	1824
1737	1710	1824
1808	1831	1737
1808	1959	1831
1959	2021	1831
1959	1992	2021
1992	2040	2021
2040	2206	2021
1992	2002	2040
2002	1990	2040
1990	2043	2040
2043	2138	2040
2043	2128	2138
2128	2224	2138
2128	2180	2224
2180	2275	2224
2180	2203	2275
2203	2300	2275
2203	2194	2300
2203	2144	2194
2144	2153	2194
2153	2115	2194
2115	2163	2194
2115	1991	2163
1991	2197	2163
2197	2232	2163
2197	2333	2232
2197	2311	2333
2153	2100	2115
2153	2144	2100
2203	2180	2144
2180	2128	2144
2043	1890	2128
2043	1990	1890
1990	1802	1890
1990	1959	1802
1990	1992	1959
1990	2002	1992
1722	1766	1873
1747	1771	1757
1771	1877	1757
1750	1826	1790
1753	1924	1858
1924	1986	1858
1924	1928	1986
1924	1922	1928
1858	1793	1753
1858	1882	1793
1758	1879	1923
1879	1943	1923
1943	1963	1923
1963	1895	1923
1963	1998	1895
1879	1898	1943
1898	1935	1943
1935	2055	1943
1935	2005	2055
1935	1937	2005
1935	1839	1937
1775	1825	1784
1775	1918	1825
1918	1871	1825
1786	1861	1915
1861	1938	1915
1861	1934	1938
1934	2127	1938
1934	1936	2127
1934	1861	1936
1795	1954	1880
1954	1921	1880
1921	1835	1880
1921	1957	1835
1957	2022	1835
1957	2035	2022
1957	2143	2035
1957	1954	2143
1957	1921	1954
1854	1952	1965
1952	2080	1965
1965	1945	1854
1945	1874	1854
1945	1896	1874
1896	1878	1874
1863	1925	1977
1925	1889	1977
1889	2046	1977
2046	2063	1977
2046	2218	2063
2218	2157	2063
1977	1994	1863
1977	2061	1994
2061	2003	1994
2061	2176	2003
2176	2108	2003
2176	2174	2108
2061	2126	2176
1866	1914	1939
1914	2004	1939
2004	2139	1939
2139	2107	1939
2139	2237	2107
2237	2208	2107
2208	2056	2107
2237	2281	2208
2281	2437	2208
2437	2265	2208
2139	2216	2237
1893	2032	1931
2032	2105	1931
2032	2116	2105
2116	2260	2105
2116	2353	2260
2353	2413	2260
2413	2407	2260
2407	2256	2260
2413	2506	2407
2506	2587	2407
2587	2392	2407
2413	2513	2506
2413	2353	2513
2032	2042	2116
2042	2140	2116
2140	2346	2116
2140	2317	2346
2317	2414	2346
2414	2429	2346
2414	2455	2429
2455	2513	2429
2414	2481	2455
2317	2343	2414
2317	2352	2343
2317	2272	2352
2317	2113	2272
2113	2190	2272
2042	2076	2140
2032	1933	2042
2032	1893	1933
1893	1849	1933
1908	1961	1917
1961	2011	1917
2011	1956	1917
1961	2110	2011
1917	1748	1908
1909	2059	2052
1911	1968	2054
2054	2057	1911
1940	2008	1958
1948	1960	1981
1983	2094	2013
2013	1987	1983
2013	2045	1987
2013	2094	2045
1996	2025	2098
2012	2149	2099
2149	2171	2099
2171	2049	2099
2171	2146	2049
2149	2271	2171
2149	2130	2271
2130	2288	2271
2288	2357	2271
2288	2318	2357
2288	2320	2318
2320	2451	2318
2288	2263	2320
2263	2392	2320
2288	2186	2263
2288	2130	2186
2149	2012	2130
2015	2088	2092
2088	2254	2092
2088	2255	2254
2255	2449	2254
2449	2390	2254
2449	2497	2390
2255	2359	2449
2359	2475	2449
2359	2459	2475
2459	2511	2475
2511	2681	2475
2459	2478	2511
2478	2509	2511
2478	2422	2509
2422	2547	2509
2422	2374	2547
2478	2459	2422
2459	2359	2422
2255	2170	2359
2255	2141	2170
2141	2028	2170
2255	2088	2141
2016	2133	2142
2133	2189	2142
2133	2168	2189
2168	2243	2189
2243	2242	2189
2243	2302	2242
2302	2299	2242
2302	2391	2299
2391	2356	2299
2243	2322	2302
2243	2274	2322
2036	2155	2047
2155	2101	2047
2155	2193	2101
2193	2145	2101
2193	2222	2145
2222	2234	2145
2038	2211	2067
2211	2078	2067
2211	2217	2078
2217	2156	2078
2038	2212	2211
2051	2102	2134
2102	2214	2134
2058	2093	2191
2060	2219	2135
2065	2122	2131
2075	2230	2215
2075	2151	2230
2077	2167	2200
2167	2248	2200
2154	2334	2360
2334	2384	2360
2158	2198	2262
2158	2045	2198
2161	2253	2283
2253	2340	2283
2340	2504	2283
2504	2421	2283
2504	2554	2421
2554	2434	2421
2554	2621	2434
2621	2612	2434
2612	2583	2434
2583	2399	2434
2504	2556	2554
2340	2425	2504
2425	2605	2504
2425	2638	2605
2165	2228	2259
2228	2332	2259
2332	2368	2259
2332	2387	2368
2387	2476	2368
2476	2472	2368
2172	2245	2249
2245	2323	2249
2323	2257	2249
2257	2231	2249
2231	2172	2249
2257	2386	2231
2386	2295	2231
2386	2415	2295
2182	2207	2284
2207	2293	2284
2207	2252	2293
2210	2383	2289
2383	2424	2289
2226	2337	2270
2337	2350	2270
2350	2306	2270
2306	2282	2270
2306	2485	2282
2485	2339	2282
2485	2436	2339
2436	2312	2339
2306	2519	2485
2306	2516	2519
2306	2444	2516
2306	2350	2444
2350	2458	2444
2350	2337	2458
2247	2313	2301
2279	2287	2376
2287	2329	2376
2376	2309	2279
2376	2423	2309
2423	2433	2309
2285	2372	2375
2372	2448	2375
2294	2377	2385
2315	2524	2328
2326	2394	2393
2349	2404	2488
2488	2300	2349
2354	2367	2461
2367	2378	2461
2378	2452	2461
2452	2500	2461
2500	2493	2461
2500	2558	2493
2500	2590	2558
2500	2452	2590
2378	2439	2452
2355	2438	2495
2495	2446	2355
2363	2382	2428
2428	2477	2363
2477	2431	2363
2477	2533	2431
2533	2496	2431
2496	2492	2431
2492	2456	2431
2496	2569	2492
2496	2533	2569
2533	2578	2569
2533	2477	2578
2477	2532	2578
2532	2673	2578
2673	2719	2578
2719	2735	2578
2719	2793	2735
2719	2673	2793
2673	2762	2793
2673	2610	2762
2477	2428	2532
2428	2510	2532
2373	2589	2538
2381	2466	2482
2381	2393	2466
2466	2559	2482
2398	2512	2491
2512	2588	2491
2512	2643	2588
2643	2693	2588
2693	2723	2588
2723	2665	2588
2693	2799	2723
2799	2829	2723
2400	2505	2552
2505	2537	2552
2409	2479	2480
2410	2602	2440
2410	2557	2602
2557	2655	2602
2418	2642	2442
2642	2545	2442
2545	2467	2442
2545	2503	2467
2503	2427	2467
2545	2704	2503
2704	2645	2503
2704	2670	2645
2670	2561	2645
2704	2801	2670
2704	2906	2801
2704	2892	2906
2892	2965	2906
2965	2981	2906
2965	3058	2981
2965	2986	3058
2986	3250	3058
3250	3222	3058
2986	3102	3250
3102	3254	3250
2986	2972	3102
2972	2911	3102
2986	2965	2972
2965	2742	2972
2965	2892	2742
2892	2704	2742
2704	2648	2742
2648	2654	2742
2648	2642	2654
2648	2545	2642
2648	2704	2545
2418	2577	2642
2577	2652	2642
2577	2597	2652
2597	2692	2652
2420	2528	2565
2528	2675	2565
2430	2536	2501
2443	2490	2570
2457	2544	2514
2460	2470	2667
2462	2591	2551
2468	2515	2572
2468	2498	2515
2498	2530	2515
2469	2593	2635
2593	2686	2635
2593	2584	2686
2507	2700	2650
2507	2601	2700
2525	2616	2531
2531	2488	2525
2616	2555	2531
2539	2630	2636
2630	2730	2636
2730	2741	2636
2630	2733	2730
2539	2524	2630
2540	2543	2676
2543	2731	2676
2731	2862	2676
2862	2806	2676
2862	2915	2806
2915	2933	2806
2933	2825	2806
2825	2796	2806
2825	2797	2796
2797	2646	2796
2933	2913	2825
2933	3154	2913
3154	3142	2913
3154	3271	3142
3271	3290	3142
3290	3171	3142
3171	2985	3142
3171	3080	2985
3080	2807	2985
2807	2778	2985
3080	2881	2807
3080	3123	2881
3123	3037	2881
3037	2855	2881
2855	2734	2881
2855	2740	2734
2855	2815	2740
2855	3037	2815
3080	3172	3123
3172	3181	3123
3080	3171	3172
3171	3408	3172
3271	3365	3290
2731	2812	2862
2548	2617	2754
2617	2768	2754
2571	2750	2640
2640	2617	2571
2571	2618	2750
2618	2685	2750
2685	2779	2750
2779	2838	2750
2779	2946	2838
2779	2883	2946
2618	2595	2685
2595	2665	2685
2665	2765	2685
2665	2792	2765
2573	2606	2647
2606	2737	2647
2606	2572	2737
2574	2620	2683
2574	2495	2620
2594	2710	2658
2710	2857	2658
2857	2761	2658
2857	2782	2761
2598	2712	2631
2599	2622	2661
2661	2770	2599
2770	2557	2599
2557	2451	2599
2607	2728	2701
2613	2674	2637
2619	2662	2668
2641	2653	2788
2641	2437	2653
2649	2702	2684
2649	2835	2702
2835	2914	2702
2835	3021	2914
3021	3046	2914
3046	2874	2914
3046	2810	2874
2810	2789	2874
3046	3002	2810
3046	3068	3002
3068	3141	3002
3141	3023	3002
3141	3103	3023
3068	3244	3141
3244	3375	3141
3244	3401	3375
3068	3046	3244
2835	2901	3021
2901	3134	3021
2901	2982	3134
2982	3095	3134
3095	3189	3134
3189	3179	3134
3095	3074	3189
3095	2982	3074
2651	2688	2660
2671	2680	2753
2753	2780	2671
2753	2893	2780
2893	2822	2780
2753	2841	2893
2753	2680	2841
2679	2690	2736
2687	2784	2691
2696	2895	2794
2699	2890	2861
2890	2940	2861
2890	2884	2940
2884	3047	2940
3047	3077	2940
2703	2856	2775
2775	2686	2703
2775	2727	2686
2775	2819	2727
2775	2904	2819
2775	2856	2904
2703	2660	2856
2725	2791	2773
2791	2854	2773
2854	2882	2773
2854	2979	2882
2854	2794	2979
2854	2791	2794
2738	2757	2887
2757	2823	2887
2823	3011	2887
3011	3105	2887
3105	2929	2887
3105	3106	2929
3106	3014	2929
3014	2971	2929
3106	3138	3014
3106	3143	3138
3106	3105	3143
3105	3176	3143
3105	3011	3176
3011	3120	3176
3120	3213	3176
3120	3253	3213
3253	3331	3213
3331	3374	3213
3331	3406	3374
3331	3380	3406
3380	3461	3406
3461	3494	3406
3461	3536	3494
3380	3422	3461
3331	3253	3380
3253	3268	3380
3120	3078	3253
3120	3041	3078
3041	2967	3078
2967	3016	3078
3041	2934	2967
3041	3011	2934
3011	2850	2934
2850	2776	2934
2776	2735	2934
2850	2824	2776
2824	2823	2776
2823	2757	2776
2824	2850	2823
2850	3011	2823
3041	3120	3011
2739	2818	2927
2818	2832	2927
2744	2820	2867
2820	2899	2867
2867	2827	2744
2747	2748	2839
2749	2790	2798
2755	2954	2777
2758	2760	2847
2760	2894	2847
2767	2844	2871
2844	2926	2871
2926	2919	2871
2919	2916	2871
2919	2997	2916
2871	2733	2767
2774	2816	2795
2816	2868	2795
2783	2840	2860
2783	2754	2840
2840	3022	2860
3022	3038	2860
3038	2878	2860
2878	2783	2860
3038	3081	2878
3022	3083	3038
3022	3004	3083
2787	2978	2960
2803	2949	2826
2809	2908	2863
2908	3057	2863
3057	2937	2863
3057	3075	2937
3075	3003	2937
3075	3033	3003
3033	2943	3003
2811	2941	2843
2843	2655	2811
2843	2813	2655
2828	3017	3043
3017	3091	3043
3091	3157	3043
3017	3018	3091
3018	3048	3091
3018	2998	3048
3018	2999	2998
3018	3017	2999
2834	2909	2880
2834	2944	2909
2846	2853	2959
2853	2983	2959
2983	3116	2959
3116	3000	2959
3000	2846	2959
2983	3101	3116
3101	3214	3116
3214	3208	3116
3101	3217	3214
2848	2917	3012
2917	3064	3012
3064	3133	3012
3133	3071	3012
3133	3186	3071
3186	3217	3071
3186	3315	3217
3186	3280	3315
3280	3416	3315
3280	3348	3416
3348	3532	3416
3064	3226	3133
3064	3097	3226
3097	3261	3226
3261	3288	3226
3288	3377	3226
3377	3348	3226
3288	3351	3377
3288	3261	3351
3097	3190	3261
3190	3266	3261
3190	3245	3266
3245	3335	3266
3245	3202	3335
3202	3312	3335
3312	3445	3335
3445	3417	3335
3417	3451	3335
3312	3455	3445
3312	3303	3455
3303	3425	3455
3303	3342	3425
3303	3227	3342
3227	3352	3342
3227	3237	3352
3303	3076	3227
3303	3115	3076
3115	2936	3076
3115	3165	2936
3115	3312	3165
3312	3202	3165
3115	3303	3312
3190	3153	3245
3190	3097	3153
2866	2948	2966
2870	2877	2942
2942	2908	2870
2877	2925	2942
2900	3096	2924
3096	3006	2924
3096	3178	3006
3096	3151	3178
3096	3203	3151
3096	3032	3203
2921	3118	3059
3118	3145	3059
3145	3052	3059
3052	2932	3059
3052	3045	2932
3052	3110	3045
3110	3161	3045
3052	3210	3110
3052	3145	3210
3145	3241	3210
3241	3247	3210
3247	3398	3210
3247	3241	3398
3241	3282	3398
3241	3118	3282
3118	3298	3282
3118	3221	3298
3221	3338	3298
3221	3274	3338
3274	3383	3338
3383	3386	3338
3386	3475	3338
3386	3610	3475
3610	3553	3475
3553	3473	3475
3553	3611	3473
3553	3734	3611
3553	3684	3734
3553	3610	3684
3386	3530	3610
3530	3549	3610
3530	3383	3549
3530	3386	3383
3274	3236	3383
3236	3286	3383
3274	3158	3236
3274	3221	3158
3221	3070	3158
3241	3145	3118
2931	3126	3001
3126	2925	3001
2925	2888	3001
2925	2788	2888
2931	3198	3126
3198	3292	3126
3198	3276	3292
3276	3424	3292
3276	3457	3424
3198	3187	3276
3187	3178	3276
2950	3107	2994
2955	3029	2976
2955	3090	3029
3090	3205	3029
3205	2987	3029
2987	2976	3029
3205	3117	2987
3117	3093	2987
3117	3167	3093
3117	3300	3167
3117	3205	3300
3205	3270	3300
2963	3121	3036
3121	3180	3036
2963	3072	3121
3072	3167	3121
2970	3170	3040
2970	3155	3170
3155	3322	3170
2970	3013	3155
2990	3125	2992
2991	3051	3050
2991	3008	3051
3008	3175	3051
3175	3194	3051
3194	3050	3051
3015	3137	3139
3137	3173	3139
3137	3136	3173
3019	3132	3146
3146	3147	3019
3039	3061	3089
3089	3109	3039
3109	3044	3039
3109	3144	3044
3054	3128	3238
3056	3162	3232
3062	3200	3079
3063	3188	3150
3063	3130	3188
3188	3334	3150
3334	3323	3150
3334	3378	3323
3378	3369	3323
3369	3311	3323
3369	3464	3311
3369	3486	3464
3369	3378	3486
3378	3540	3486
3378	3334	3540
3334	3354	3540
3354	3568	3540
3568	3643	3540
3568	3667	3643
3094	3149	3281
3094	3037	3149
3149	3181	3281
3181	3411	3281
3135	3182	3240
3182	3230	3240
3230	3330	3240
3330	3302	3240
3182	3194	3230
3159	3287	3196
3287	3344	3196
3344	3309	3196
3287	3402	3344
3163	3308	3193
3164	3256	3278
3164	3147	3256
3168	3275	3264
3275	3371	3264
3371	3279	3264
3371	3353	3279
3371	3428	3353
3428	3510	3353
3510	3343	3353
3510	3481	3343
3371	3446	3428
3371	3275	3446
3275	3460	3446
3275	3449	3460
3168	3222	3275
3177	3285	3262
3285	3329	3262
3329	3379	3262
3379	3327	3262
3285	3360	3329
3183	3284	3293
3206	3435	3395
3219	3341	3316
3341	3388	3316
3388	3272	3316
3388	3286	3272
3341	3400	3388
3400	3556	3388
3556	3587	3388
3341	3340	3400
3340	3375	3400
3341	3219	3340
3219	3103	3340
3231	3324	3364
3231	3180	3324
3324	3454	3364
3243	3296	3314
3314	3319	3243
3314	3462	3319
3314	3413	3462
3314	3296	3413
3296	3318	3413
3318	3444	3413
3444	3564	3413
3564	3585	3413
3444	3578	3564
3444	3442	3578
3444	3318	3442
3251	3294	3363
3291	3436	3520
3291	3372	3436
3372	3387	3436
3372	3421	3387
3304	3321	3414
3310	3472	3419
3472	3467	3419
3313	3546	3443
3320	3423	3367
3320	3339	3423
3325	3459	3381
3333	3430	3487
3430	3529	3487
3529	3527	3487
3527	3382	3487
3382	3333	3487
3529	3569	3527
3430	3609	3529
3430	3481	3609
3345	3552	3420
3346	3470	3407
3470	3503	3407
3503	3558	3407
3558	3516	3407
3558	3618	3516
3358	3477	3441
3441	3345	3358
3361	3412	3524
3412	3517	3524
3412	3431	3517
3431	3521	3517
3384	3399	3476
3399	3476	3607
3476	3541	3607
3607	3468	3399
3389	3594	3545
3390	3409	3565
3392	3496	3404
3404	3232	3392
3404	3325	3232
3496	3512	3404
3496	3641	3512
3641	3704	3512
3641	3690	3704
3690	3870	3704
3690	3852	3870
3690	3736	3852
3736	3869	3852
3736	3826	3869
3736	3674	3826
3736	3683	3674
3736	3690	3683
3690	3641	3683
3641	3507	3683
3641	3496	3507
3496	3415	3507
3496	3392	3415
3397	3405	3439
3439	3483	3397
3439	3543	3483
3543	3597	3483
3543	3617	3597
3439	3570	3543
3439	3534	3570
3439	3405	3534
3405	3452	3534
3427	3438	3471
3471	3429	3427
3471	3440	3429
3471	3463	3440
3432	3513	3465
3513	3519	3465
3519	3501	3465
3513	3635	3519
3450	3555	3580
3555	3680	3580
3458	3497	3544
3497	3479	3544
3482	3613	3488
3613	3615	3488
3615	3489	3488
3615	3634	3489
3615	3685	3634
3615	3679	3685
3679	3816	3685
3679	3741	3816
3741	3835	3816
3835	3888	3816
3888	3943	3816
3943	3867	3816
3943	3959	3867
3959	3960	3867
3960	3853	3867
3853	3756	3867
3853	3837	3756
3959	4076	3960
3959	3943	4076
3835	3988	3888
3835	3961	3988
3961	4072	3988
3961	3993	4072
3961	3925	3993
3925	3861	3993
3925	3840	3861
3840	3729	3861
3840	3715	3729
3715	3624	3729
3715	3613	3624
3613	3515	3624
3613	3482	3515
3715	3741	3613
3741	3679	3613
3679	3615	3613
3715	3819	3741
3819	3835	3741
3819	3840	3835
3840	3961	3835
3840	3925	3961
3819	3715	3840
3511	3577	3669
3577	3705	3669
3705	3744	3669
3518	3526	3757
3526	3694	3757
3694	3836	3757
3836	3848	3757
3848	3788	3757
3788	3673	3757
3673	3518	3757
3673	3546	3518
3788	3771	3673
3771	3707	3673
3848	3948	3788
3848	3836	3948
3836	4002	3948
3836	3849	4002
3836	3720	3849
3720	3799	3849
3720	3681	3799
3681	3713	3799
3713	3865	3799
3713	3718	3865
3718	3891	3865
3713	3628	3718
3720	3694	3681
3694	3629	3681
3694	3526	3629
3720	3836	3694
3523	3603	3682
3603	3706	3682
3706	3728	3682
3728	3772	3682
3706	3727	3728
3727	3798	3728
3727	3913	3798
3913	3896	3798
3913	3975	3896
3975	4057	3896
3727	3652	3913
3652	3803	3913
3652	3746	3803
3746	3733	3803
3733	3880	3803
3880	3942	3803
3880	4040	3942
4040	4082	3942
4082	3979	3942
4040	4102	4082
4040	4134	4102
4040	4154	4134
4154	4272	4134
4154	4292	4272
4292	4386	4272
4386	4311	4272
4386	4457	4311
4457	4427	4311
4427	4389	4311
4427	4519	4389
4519	4350	4389
4519	4523	4350
4523	4431	4350
4523	4480	4431
4427	4561	4519
4427	4457	4561
4457	4595	4561
4595	4651	4561
4651	4672	4561
4651	4752	4672
4752	4724	4672
4724	4677	4672
4724	4749	4677
4749	4745	4677
4745	4613	4677
4745	4713	4613
4713	4617	4613
4713	4658	4617
4658	4600	4617
4600	4487	4617
4658	4685	4600
4685	4606	4600
4606	4483	4600
4606	4512	4483
4606	4620	4512
4620	4570	4512
4620	4681	4570
4620	4686	4681
4620	4679	4686
4679	4769	4686
4679	4844	4769
4620	4606	4679
4606	4685	4679
4685	4832	4679
4685	4817	4832
4817	4891	4832
4891	4903	4832
4903	4908	4832
4908	4844	4832
4908	4921	4844
4921	4919	4844
4919	4912	4844
4919	4924	4912
4919	4962	4924
4962	4979	4924
4979	4939	4924
4979	4978	4939
4978	4961	4939
4961	4915	4939
4978	4965	4961
4978	5005	4965
5005	5042	4965
5005	5026	5042
5026	5089	5042
5089	5077	5042
5077	5071	5042
5077	5100	5071
5100	5079	5071
5100	5087	5079
5087	5034	5079
5087	5074	5034
5074	5035	5034
5035	4876	5034
4876	4938	5034
4938	4953	5034
4938	4887	4953
4887	4901	4953
4938	4835	4887
4938	4876	4835
5035	4998	4876
4998	4910	4876
4910	4795	4876
4910	4936	4795
5035	5069	4998
5035	5074	5069
5074	5143	5069
5143	5125	5069
5125	5078	5069
5125	5104	5078
5104	5053	5078
5104	5047	5053
5047	5033	5053
5047	5016	5033
5104	5057	5047
5104	5088	5057
5088	5012	5057
5088	5056	5012
5088	5086	5056
5086	5045	5056
5086	5044	5045
5044	5010	5045
5010	5024	5045
5044	4966	5010
5044	4990	4966
4990	4995	4966
4995	4880	4966
4880	4892	4966
4880	4833	4892
4833	4852	4892
4852	4865	4892
4852	4772	4865
4772	4838	4865
4838	4913	4865
4838	4845	4913
4845	4970	4913
4845	4925	4970
4845	4803	4925
4803	4782	4925
4782	4849	4925
4849	4863	4925
4863	4923	4925
4782	4760	4849
4760	4775	4849
4760	4638	4775
4760	4612	4638
4760	4670	4612
4760	4782	4670
4782	4702	4670
4782	4803	4702
4803	4845	4702
4845	4838	4702
4838	4644	4702
4838	4772	4644
4772	4692	4644
4692	4573	4644
4573	4529	4644
4573	4471	4529
4471	4408	4529
4471	4330	4408
4330	4423	4408
4330	4342	4423
4342	4380	4423
4342	4186	4380
4186	4209	4380
4209	4359	4380
4209	4326	4359
4326	4459	4359
4326	4407	4459
4209	4187	4326
4209	4186	4187
4186	4041	4187
4041	3934	4187
3934	4004	4187
4004	4066	4187
4004	4065	4066
4004	3791	4065
3791	4034	4065
3934	3893	4004
3934	3709	3893
3709	3656	3893
3934	3949	3709
3949	3790	3709
3949	3915	3790
3915	3828	3790
3828	3747	3790
3747	3665	3790
3747	3660	3665
3747	3635	3660
3915	3926	3828
3926	3903	3828
3903	3811	3828
3915	4093	3926
3915	4041	4093
4041	4186	4093
4186	4342	4093
3915	3949	4041
3949	3934	4041
4772	4852	4692
4880	4842	4833
4995	4853	4880
4995	4860	4853
4860	4746	4853
4860	4836	4746
4836	4771	4746
4771	4725	4746
4725	4740	4746
4725	4710	4740
4725	4639	4710
4725	4717	4639
4725	4771	4717
4771	4783	4717
4783	4748	4717
4748	4668	4717
4748	4691	4668
4691	4619	4668
4619	4572	4668
4619	4537	4572
4537	4506	4572
4537	4451	4506
4619	4486	4537
4619	4599	4486
4599	4464	4486
4464	4312	4486
4312	4321	4486
4619	4652	4599
4652	4737	4599
4737	4682	4599
4737	4741	4682
4741	4723	4682
4741	4804	4723
4804	4808	4723
4808	4773	4723
4808	4820	4773
4820	4787	4773
4808	4895	4820
4808	4812	4895
4812	4894	4895
4894	4956	4895
4956	4906	4895
4956	4957	4906
4957	4955	4906
4955	4934	4906
4955	4954	4934
4954	4952	4934
4952	4946	4934
4946	4907	4934
4946	4909	4907
4909	4872	4907
4946	4993	4909
4946	4952	4993
4952	5032	4993
5032	5041	4993
5041	5029	4993
5029	5018	4993
5029	5097	5018
5097	5051	5018
5051	4992	5018
4992	4922	5018
4992	4888	4922
4888	4866	4922
4888	4774	4866
4774	4768	4866
4768	4877	4866
4774	4716	4768
4774	4699	4716
4699	4618	4716
4618	4625	4716
4992	5014	4888
4992	5051	5014
5051	5025	5014
5051	5059	5025
5059	4985	5025
5059	5066	4985
5066	4996	4985
4996	4944	4985
4996	4941	4944
4996	5008	4941
5008	5021	4941
5021	4977	4941
4977	4940	4941
4940	4855	4941
4855	4828	4941
4855	4743	4828
4743	4731	4828
4743	4711	4731
4711	4642	4731
4642	4704	4731
4642	4608	4704
4608	4667	4704
4667	4728	4704
4667	4693	4728
4693	4757	4728
4693	4665	4757
4665	4627	4757
4665	4551	4627
4551	4535	4627
4535	4571	4627
4571	4598	4627
4571	4505	4598
4571	4535	4505
4535	4492	4505
4492	4444	4505
4492	4426	4444
4492	4551	4426
4551	4497	4426
4551	4593	4497
4593	4540	4497
4593	4608	4540
4608	4605	4540
4605	4548	4540
4548	4420	4540
4608	4642	4605
4593	4667	4608
4593	4665	4667
4665	4693	4667
4593	4551	4665
4492	4535	4551
4711	4694	4642
4694	4616	4642
4694	4661	4616
4661	4607	4616
4607	4586	4616
4607	4609	4586
4609	4500	4586
4500	4548	4586
4609	4509	4500
4609	4562	4509
4562	4495	4509
4495	4452	4509
4452	4399	4509
4452	4439	4399
4452	4495	4439
4495	4528	4439
4528	4507	4439
4507	4490	4439
4507	4563	4490
4563	4521	4490
4521	4440	4490
4521	4538	4440
4538	4458	4440
4538	4516	4458
4516	4520	4458
4520	4461	4458
4520	4576	4461
4576	4481	4461
4481	4383	4461
4383	4302	4461
4383	4363	4302
4383	4388	4363
4383	4413	4388
4413	4432	4388
4432	4442	4388
4442	4449	4388
4449	4403	4388
4403	4275	4388
4403	4337	4275
4337	4261	4275
4261	4221	4275
4261	4190	4221
4261	4248	4190
4248	4197	4190
4248	4228	4197
4248	4337	4228
4248	4261	4337
4403	4390	4337
4403	4425	4390
4425	4455	4390
4455	4508	4390
4508	4436	4390
4508	4543	4436
4543	4443	4436
4443	4369	4436
4443	4447	4369
4447	4470	4369
4470	4373	4369
4373	4331	4369
4331	4305	4369
4305	4268	4369
4305	4243	4268
4243	4171	4268
4171	4150	4268
4171	4140	4150
4140	4091	4150
4091	4114	4150
4114	4125	4150
4091	4016	4114
4091	3983	4016
4305	4336	4243
4336	4290	4243
4336	4314	4290
4314	4315	4290
4315	4254	4290
4254	4229	4290
4254	4124	4229
4124	4054	4229
4124	4006	4054
4006	3999	4054
4006	3878	3999
3878	3863	3999
3878	3833	3863
3833	3762	3863
3762	3808	3863
3833	3692	3762
3833	3732	3692
3732	3654	3692
3654	3576	3692
3654	3550	3576
3833	3818	3732
3818	3802	3732
3818	3882	3802
3882	3907	3802
3907	3866	3802
3866	3703	3802
3907	3964	3866
3907	4014	3964
4014	4005	3964
4014	4053	4005
4053	4078	4005
4078	4011	4005
4011	3973	4005
3973	3944	4005
3973	3845	3944
3973	3955	3845
3955	3868	3845
3868	3820	3845
3868	3875	3820
3875	3789	3820
3789	3730	3820
3730	3689	3820
3689	3699	3820
3689	3632	3699
3632	3571	3699
3571	3572	3699
3572	3702	3699
3572	3562	3702
3562	3666	3702
3666	3766	3702
3666	3823	3766
3572	3537	3562
3572	3571	3537
3689	3539	3632
3689	3730	3539
3730	3661	3539
3661	3638	3539
3661	3696	3638
3730	3722	3661
3875	3877	3789
3875	3956	3877
3956	3945	3877
3956	4033	3945
4033	4043	3945
4043	3924	3945
4043	4045	3924
4045	4003	3924
4003	3898	3924
3898	3864	3924
4003	4023	3898
4003	4045	4023
4045	4068	4023
4068	4086	4023
4086	4130	4023
4086	4164	4130
4164	4146	4130
4146	4098	4130
4098	3957	4130
4146	4207	4098
4207	4129	4098
4207	4195	4129
4195	4168	4129
4168	4077	4129
4168	4088	4077
4088	3994	4077
4088	4064	3994
4064	3947	3994
3947	3971	3994
3947	3927	3971
4088	4120	4064
4120	4089	4064
4120	4156	4089
4120	4217	4156
4217	4227	4156
4227	4193	4156
4193	4154	4156
4193	4283	4154
4283	4292	4154
4283	4344	4292
4344	4386	4292
4344	4364	4386
4364	4482	4386
4482	4525	4386
4525	4467	4386
4467	4457	4386
4467	4595	4457
4467	4532	4595
4532	4632	4595
4632	4633	4595
4633	4645	4595
4645	4651	4595
4645	4738	4651
4738	4752	4651
4738	4754	4752
4754	4780	4752
4754	4763	4780
4763	4805	4780
4805	4868	4780
4868	4851	4780
4868	4879	4851
4879	4885	4851
4885	4848	4851
4885	4840	4848
4840	4753	4848
4753	4752	4848
4753	4724	4752
4753	4749	4724
4753	4809	4749
4809	4745	4749
4809	4788	4745
4788	4765	4745
4765	4713	4745
4765	4733	4713
4733	4658	4713
4733	4685	4658
4733	4817	4685
4733	4854	4817
4854	4891	4817
4854	4890	4891
4890	4951	4891
4951	4968	4891
4968	4903	4891
4968	4964	4903
4964	4908	4903
4964	4971	4908
4971	4921	4908
4971	4962	4921
4962	4919	4921
4971	4981	4962
4981	5000	4962
5000	4979	4962
5000	5026	4979
5026	4978	4979
5026	5005	4978
5000	5064	5026
5000	5037	5064
5037	5067	5064
5067	5080	5064
5080	5111	5064
5111	5108	5064
5108	5089	5064
5108	5119	5089
5108	5117	5119
5117	5127	5119
5127	5147	5119
5127	5138	5147
5138	5146	5147
5146	5163	5147
5163	5152	5147
5163	5160	5152
5160	5148	5152
5148	5100	5152
5148	5107	5100
5107	5087	5100
5107	5074	5087
5107	5143	5074
5160	5143	5148
5160	5158	5143
5158	5140	5143
5140	5137	5143
5137	5125	5143
5137	5140	5125
5140	5121	5125
5121	5104	5125
5121	5088	5104
5121	5086	5088
5121	5094	5086
5094	5044	5086
5094	5054	5044
5054	5007	5044
5007	4995	5044
4995	4990	5044
5007	4945	4995
4945	4860	4995
4945	4836	4860
4945	4896	4836
4896	4861	4836
4861	4824	4836
4824	4786	4836
4786	4771	4836
4786	4792	4771
4792	4783	4771
4792	4839	4783
4839	4813	4783
4813	4748	4783
4813	4777	4748
4777	4691	4748
4777	4737	4691
4737	4652	4691
4652	4619	4691
4777	4778	4737
4778	4741	4737
4778	4804	4741
4778	4807	4804
4807	4812	4804
4812	4808	4804
4807	4878	4812
4878	4894	4812
4878	4929	4894
4929	4956	4894
4929	4999	4956
4999	4991	4956
4991	4980	4956
4980	4972	4956
4972	4957	4956
4972	4955	4957
4972	4973	4955
4973	4954	4955
4973	4952	4954
4973	5027	4952
5027	5032	4952
5027	5048	5032
5048	5041	5032
5048	5103	5041
5103	5091	5041
5091	5083	5041
5083	5029	5041
5083	5097	5029
5083	5153	5097
5153	5142	5097
5142	5110	5097
5110	5051	5097
5110	5096	5051
5096	5059	5051
5096	5066	5059
5096	5105	5066
5105	5085	5066
5085	5049	5066
5049	4996	5066
5049	5013	4996
5013	5008	4996
5013	5021	5008
5013	5049	5021
5049	5040	5021
5040	4977	5021
5040	5015	4977
5015	4940	4977
5015	4988	4940
4988	4963	4940
4963	4882	4940
4882	4841	4940
4841	4855	4940
4841	4743	4855
4841	4779	4743
4779	4661	4743
4661	4694	4743
4694	4711	4743
4779	4680	4661
4680	4607	4661
4680	4609	4607
4680	4621	4609
4621	4562	4609
4621	4588	4562
4588	4528	4562
4528	4495	4562
4588	4563	4528
4563	4507	4528
4588	4604	4563
4604	4521	4563
4604	4538	4521
4604	4659	4538
4659	4629	4538
4629	4539	4538
4539	4516	4538
4539	4520	4516
4539	4568	4520
4568	4576	4520
4568	4624	4576
4624	4574	4576
4574	4481	4576
4574	4531	4481
4531	4432	4481
4432	4413	4481
4413	4383	4481
4531	4442	4432
4531	4553	4442
4553	4449	4442
4553	4549	4449
4549	4455	4449
4455	4425	4449
4425	4403	4449
4549	4508	4455
4549	4543	4508
4549	4637	4543
4637	4660	4543
4637	4701	4660
4701	4712	4660
4712	4674	4660
4674	4626	4660
4674	4662	4626
4662	4584	4626
4662	4646	4584
4646	4581	4584
4581	4550	4584
4550	4485	4584
4550	4484	4485
4484	4478	4485
4484	4530	4478
4530	4473	4478
4473	4450	4478
4473	4462	4450
4462	4422	4450
4422	4405	4450
4422	4375	4405
4375	4348	4405
4348	4367	4405
4348	4361	4367
4348	4298	4361
4298	4319	4361
4319	4322	4361
4322	4415	4361
4319	4281	4322
4319	4298	4281
4298	4266	4281
4266	4188	4281
4188	4180	4281
4180	4153	4281
4180	4119	4153
4119	4132	4153
4132	4206	4153
4132	4099	4206
4099	4053	4206
4099	4078	4053
4099	4112	4078
4112	4011	4078
4112	4132	4011
4132	4119	4011
4119	4095	4011
4095	4033	4011
4033	3965	4011
3965	3955	4011
3955	3973	4011
3965	3868	3955
3965	3875	3868
3965	3956	3875
3965	4033	3956
4095	4090	4033
4090	4067	4033
4067	4043	4033
4067	4086	4043
4086	4068	4043
4068	4045	4043
4067	4090	4086
4090	4128	4086
4128	4182	4086
4182	4191	4086
4191	4164	4086
4191	4189	4164
4189	4207	4164
4207	4146	4164
4189	4240	4207
4240	4258	4207
4258	4245	4207
4245	4195	4207
4245	4231	4195
4231	4234	4195
4234	4168	4195
4234	4208	4168
4208	4088	4168
4208	4120	4088
4208	4244	4120
4244	4217	4120
4244	4269	4217
4269	4227	4217
4269	4283	4227
4283	4193	4227
4269	4295	4283
4295	4382	4283
4382	4364	4283
4364	4344	4283
4382	4433	4364
4433	4482	4364
4433	4511	4482
4511	4525	4482
4511	4583	4525
4583	4532	4525
4532	4467	4525
4583	4632	4532
4583	4641	4632
4641	4675	4632
4675	4645	4632
4645	4633	4632
4675	4738	4645
4675	4754	4738
4675	4676	4754
4676	4718	4754
4718	4763	4754
4718	4729	4763
4729	4794	4763
4794	4805	4763
4718	4700	4729
4700	4655	4729
4655	4673	4729
4673	4684	4729
4673	4643	4684
4643	4646	4684
4643	4581	4646
4643	4640	4581
4640	4557	4581
4557	4550	4581
4557	4530	4550
4530	4484	4550
4557	4556	4530
4556	4473	4530
4556	4462	4473
4556	4522	4462
4522	4438	4462
4438	4422	4462
4438	4375	4422
4438	4391	4375
4391	4381	4375
4381	4299	4375
4299	4313	4375
4313	4348	4375
4313	4289	4348
4289	4298	4348
4289	4266	4298
4289	4249	4266
4249	4188	4266
4249	4182	4188
4182	4128	4188
4128	4157	4188
4157	4180	4188
4157	4119	4180
4157	4095	4119
4157	4128	4095
4128	4090	4095
4249	4225	4182
4225	4191	4182
4225	4240	4191
4240	4189	4191
4225	4289	4240
4289	4313	4240
4313	4258	4240
4313	4284	4258
4284	4245	4258
4284	4265	4245
4265	4231	4245
4265	4234	4231
4265	4340	4234
4340	4294	4234
4294	4208	4234
4294	4244	4208
4294	4295	4244
4295	4269	4244
4294	4338	4295
4338	4354	4295
4354	4382	4295
4354	4385	4382
4385	4433	4382
4385	4465	4433
4465	4511	4433
4465	4488	4511
4488	4513	4511
4513	4583	4511
4513	4601	4583
4601	4641	4583
4601	4676	4641
4676	4675	4641
4601	4683	4676
4683	4718	4676
4683	4700	4718
4683	4666	4700
4666	4655	4700
4666	4587	4655
4587	4622	4655
4622	4673	4655
4622	4640	4673
4640	4643	4673
4622	4557	4640
4622	4556	4557
4622	4565	4556
4565	4522	4556
4565	4564	4522
4564	4558	4522
4564	4587	4558
4587	4554	4558
4587	4601	4554
4601	4513	4554
4587	4666	4601
4666	4683	4601
4564	4582	4587
4582	4622	4587
4582	4565	4622
4582	4564	4565
4488	4474	4513
4488	4465	4474
4465	4385	4474
4385	4372	4474
4372	4404	4474
4372	4340	4404
4340	4376	4404
4376	4395	4404
4395	4446	4404
4395	4391	4446
4391	4438	4446
4438	4522	4446
4395	4381	4391
4395	4376	4381
4376	4340	4381
4340	4299	4381
4340	4265	4299
4265	4284	4299
4284	4313	4299
4372	4294	4340
4372	4338	4294
4372	4354	4338
4372	4385	4354
4225	4249	4289
4112	4099	4132
4662	4714	4646
4662	4674	4714
4674	4712	4714
4712	4750	4714
4712	4744	4750
4744	4781	4750
4781	4797	4750
4797	4800	4750
4797	4810	4800
4810	4830	4800
4830	4827	4800
4827	4822	4800
4827	4843	4822
4827	4893	4843
4893	4886	4843
4893	4918	4886
4918	4932	4886
4932	4942	4886
4942	4917	4886
4942	4950	4917
4950	4958	4917
4958	4926	4917
4926	4879	4917
4926	4885	4879
4926	4930	4885
4930	4911	4885
4911	4840	4885
4911	4829	4840
4829	4809	4840
4809	4753	4840
4829	4788	4809
4829	4816	4788
4816	4765	4788
4816	4854	4765
4854	4733	4765
4816	4890	4854
4816	4829	4890
4829	4911	4890
4911	4948	4890
4948	4951	4890
4948	4987	4951
4987	4989	4951
4989	4968	4951
4989	5003	4968
5003	5004	4968
5004	4964	4968
5004	4971	4964
5004	4981	4971
5004	5037	4981
5037	5000	4981
5004	5022	5037
5022	5060	5037
5060	5067	5037
5060	5080	5067
5060	5081	5080
5081	5115	5080
5115	5111	5080
5115	5117	5111
5117	5108	5111
5115	5129	5117
5129	5127	5117
5129	5133	5127
5133	5138	5127
5133	5146	5138
5133	5150	5146
5133	5149	5150
5149	5154	5150
5149	5156	5154
5156	5153	5154
5156	5142	5153
5156	5144	5142
5144	5141	5142
5141	5126	5142
5126	5110	5142
5126	5096	5110
5126	5105	5096
5126	5130	5105
5130	5099	5105
5099	5085	5105
5099	5068	5085
5068	5040	5085
5040	5049	5085
5068	5055	5040
5055	5039	5040
5039	5015	5040
5039	5052	5015
5052	5011	5015
5011	4988	5015
5011	5036	4988
5036	4997	4988
4997	4967	4988
4967	4963	4988
4967	4937	4963
4937	4873	4963
4873	4882	4963
4873	4834	4882
4834	4841	4882
4834	4779	4841
4834	4850	4779
4850	4798	4779
4798	4764	4779
4764	4736	4779
4736	4680	4779
4736	4678	4680
4678	4621	4680
4678	4687	4621
4687	4604	4621
4604	4588	4621
4687	4659	4604
4687	4720	4659
4720	4706	4659
4706	4705	4659
4705	4629	4659
4705	4703	4629
4703	4647	4629
4647	4624	4629
4624	4568	4629
4568	4539	4629
4647	4663	4624
4663	4574	4624
4663	4653	4574
4653	4594	4574
4594	4531	4574
4594	4578	4531
4578	4553	4531
4578	4611	4553
4611	4549	4553
4611	4636	4549
4636	4637	4549
4636	4701	4637
4636	4722	4701
4722	4712	4701
4722	4744	4712
4722	4726	4744
4726	4770	4744
4770	4781	4744
4770	4793	4781
4793	4806	4781
4806	4810	4781
4810	4797	4781
4806	4830	4810
4806	4864	4830
4864	4893	4830
4893	4827	4830
4864	4899	4893
4899	4900	4893
4900	4918	4893
4900	4899	4918
4899	4947	4918
4947	4932	4918
4947	4942	4932
4947	4950	4942
4947	4983	4950
4983	4975	4950
4975	4958	4950
4975	4982	4958
4982	4949	4958
4949	4926	4958
4949	4930	4926
4949	4959	4930
4959	4920	4930
4920	4911	4930
4920	4948	4911
4920	4959	4948
4959	4987	4948
4959	4982	4987
4982	5019	4987
5019	4989	4987
5019	5003	4989
5019	5065	5003
5065	5022	5003
5022	5004	5003
5065	5060	5022
5065	5081	5060
5065	5072	5081
5072	5106	5081
5106	5112	5081
5112	5115	5081
5112	5114	5115
5114	5132	5115
5132	5129	5115
5132	5133	5129
5132	5149	5133
5132	5144	5149
5144	5156	5149
5132	5131	5144
5131	5141	5144
5131	5130	5141
5130	5126	5141
5131	5128	5130
5128	5099	5130
5128	5101	5099
5101	5068	5099
5101	5055	5068
5101	5098	5055
5098	5052	5055
5052	5039	5055
5098	5092	5052
5092	5061	5052
5061	5036	5052
5036	5011	5052
5061	5050	5036
5050	4997	5036
5050	5006	4997
5006	4983	4997
4983	4967	4997
4983	4960	4967
4960	4943	4967
4943	4937	4967
4943	4904	4937
4904	4873	4937
4904	4850	4873
4850	4834	4873
4904	4859	4850
4859	4821	4850
4821	4798	4850
4821	4789	4798
4789	4764	4798
4789	4720	4764
4720	4727	4764
4727	4736	4764
4727	4678	4736
4727	4687	4678
4727	4720	4687
4789	4815	4720
4815	4762	4720
4762	4715	4720
4715	4706	4720
4715	4705	4706
4715	4703	4705
4715	4762	4703
4762	4734	4703
4734	4707	4703
4707	4698	4703
4698	4663	4703
4663	4647	4703
4698	4653	4663
4698	4721	4653
4721	4708	4653
4708	4671	4653
4671	4635	4653
4635	4594	4653
4635	4578	4594
4635	4671	4578
4671	4611	4578
4671	4722	4611
4722	4636	4611
4671	4726	4722
4671	4708	4726
4708	4730	4726
4730	4770	4726
4730	4761	4770
4761	4793	4770
4761	4801	4793
4801	4864	4793
4864	4806	4793
4801	4857	4864
4857	4875	4864
4875	4899	4864
4875	4883	4899
4883	4904	4899
4904	4943	4899
4943	4947	4899
4943	4960	4947
4960	4983	4947
4883	4859	4904
4883	4823	4859
4823	4789	4859
4789	4821	4859
4823	4815	4789
4823	4801	4815
4801	4762	4815
4801	4761	4762
4761	4734	4762
4761	4721	4734
4721	4707	4734
4721	4698	4707
4761	4730	4721
4730	4708	4721
4823	4857	4801
4823	4883	4857
4883	4875	4857
5006	4975	4983
5006	5002	4975
5002	4982	4975
5002	5020	4982
5020	5019	4982
5020	5043	5019
5043	5065	5019
5043	5073	5065
5073	5072	5065
5073	5082	5072
5082	5106	5072
5082	5092	5106
5092	5098	5106
5098	5118	5106
5118	5114	5106
5114	5112	5106
5118	5132	5114
5118	5122	5132
5122	5131	5132
5122	5128	5131
5122	5101	5128
5122	5098	5101
5122	5118	5098
5082	5061	5092
5082	5050	5061
5082	5073	5050
5073	5043	5050
5043	5038	5050
5038	5006	5050
5038	5002	5006
5038	5043	5002
5043	5020	5002
4959	4949	4982
5083	5091	5153
5091	5103	5153
5103	5145	5153
5103	5135	5145
5135	5136	5145
5135	5123	5136
5123	5095	5136
5095	5155	5136
5155	5164	5136
5155	5162	5164
5162	5166	5164
5166	5165	5164
5166	5163	5165
5163	5146	5165
5166	5160	5163
5166	5162	5160
5162	5158	5160
5162	5159	5158
5159	5140	5158
5159	5139	5140
5139	5121	5140
5139	5116	5121
5116	5109	5121
5109	5094	5121
5109	5084	5094
5084	5054	5094
5084	5070	5054
5070	5063	5054
5063	5007	5054
5063	4994	5007
4994	4927	5007
4927	4931	5007
4931	4945	5007
4931	4896	4945
4931	4898	4896
4898	4861	4896
4898	4839	4861
4839	4792	4861
4792	4824	4861
4792	4786	4824
4898	4927	4839
4927	4813	4839
4927	4929	4813
4929	4869	4813
4869	4802	4813
4802	4777	4813
4802	4826	4777
4826	4778	4777
4826	4807	4778
4826	4878	4807
4826	4869	4878
4869	4929	4878
4826	4802	4869
4927	4994	4929
4994	4999	4929
4994	5031	4999
5031	5062	4999
5062	5028	4999
5028	4991	4999
5028	4980	4991
5028	5017	4980
5017	4972	4980
5017	4973	4972
5017	5030	4973
5030	5027	4973
5030	5046	5027
5046	5048	5027
5046	5090	5048
5090	5103	5048
5090	5135	5103
5090	5123	5135
5090	5095	5123
5090	5075	5095
5075	5062	5095
5062	5093	5095
5093	5113	5095
5113	5157	5095
5157	5155	5095
5157	5162	5155
5157	5151	5162
5151	5159	5162
5151	5134	5159
5134	5139	5159
5134	5124	5139
5124	5116	5139
5124	5120	5116
5120	5102	5116
5102	5109	5116
5102	5076	5109
5076	5084	5109
5076	5070	5084
5076	5063	5070
5076	5102	5063
5102	5031	5063
5031	4994	5063
5102	5062	5031
5102	5093	5062
5102	5113	5093
5102	5120	5113
5120	5134	5113
5134	5151	5113
5151	5157	5113
5120	5124	5134
5075	5028	5062
5075	5058	5028
5058	5017	5028
5058	5030	5017
5058	5046	5030
5058	5090	5046
5058	5075	5090
4898	4931	4927
4014	4070	4053
4014	3986	4070
4014	3907	3986
3907	3882	3986
3818	3878	3882
3878	4006	3882
3818	3833	3878
4124	4070	4006
4124	4215	4070
4215	4206	4070
4215	4304	4206
4215	4254	4304
4254	4315	4304
4215	4124	4254
4314	4434	4315
4314	4373	4434
4373	4494	4434
4373	4477	4494
4477	4493	4494
4477	4470	4493
4470	4447	4493
4447	4543	4493
4447	4443	4543
4477	4373	4470
4314	4336	4373
4336	4331	4373
4336	4305	4331
3733	3724	3880
3652	3596	3746
3652	3603	3596
3652	3727	3603
3727	3706	3603
3535	3581	3630
3630	3700	3535
3630	3827	3700
3630	3627	3827
3627	3822	3827
3822	3911	3827
3627	3695	3822
3695	3794	3822
3794	3858	3822
3627	3545	3695
3627	3581	3545
3581	3448	3545
3448	3394	3545
3627	3630	3581
3551	3626	3560
3557	3582	3644
3644	3552	3557
3563	3678	3697
3575	3647	3659
3647	3737	3659
3583	3743	3646
3743	3751	3646
3743	3834	3751
3834	3952	3751
3952	3928	3751
3928	3824	3751
3928	3967	3824
3928	4085	3967
4085	3970	3967
3970	3731	3967
3970	3804	3731
3970	3946	3804
3928	4046	4085
4046	4198	4085
3928	3952	4046
3952	3834	4046
3743	3697	3834
3743	3583	3697
3590	3649	3663
3663	3471	3590
3612	3650	3701
3650	3691	3701
3650	3772	3691
3772	3825	3691
3772	3908	3825
3619	3621	3768
3621	3710	3768
3768	3791	3619
3791	3588	3619
3791	3763	3588
3625	3676	3657
3625	3714	3676
3637	3781	3796
3781	3916	3796
3781	3847	3916
3640	3740	3754
3754	3774	3640
3740	3815	3754
3740	3856	3815
3648	3719	3651
3651	3520	3648
3719	3678	3651
3648	3708	3719
3708	3793	3719
3793	3843	3719
3793	3951	3843
3951	3984	3843
3984	3850	3843
3984	4038	3850
3984	3951	4038
3951	4109	4038
4109	4118	4038
3793	4020	3951
3793	3862	4020
3862	4031	4020
3658	3668	3831
3668	3748	3831
3831	3712	3658
3664	3749	3767
3749	3792	3767
3792	3777	3767
3670	3832	3801
3832	3851	3801
3832	3989	3851
3989	3992	3851
3992	3858	3851
3992	3991	3858
3992	4092	3991
4092	4051	3991
3992	4159	4092
4159	4162	4092
3670	3657	3832
3672	3814	3805
3688	3953	3940
3688	3941	3953
3941	4032	3953
4032	4080	3953
4080	3940	3953
4032	4133	4080
4133	4142	4080
4133	4192	4142
4133	4233	4192
4133	4201	4233
3941	4055	4032
3698	3769	3779
3769	3885	3779
3779	3667	3698
3717	3873	3813
3721	3932	3935
3721	3779	3932
3779	3962	3932
3738	3817	3838
3817	3918	3838
3817	3905	3918
3817	3795	3905
3817	3738	3795
3750	3761	3854
3752	3821	3782
3821	3939	3782
3939	3938	3782
3938	3901	3782
3901	3759	3782
3901	3886	3759
3886	3785	3759
3886	3810	3785
3886	3958	3810
3958	3921	3810
3958	3976	3921
3976	3914	3921
3886	4027	3958
3886	3901	4027
3901	3938	4027
3938	4052	4027
4052	4138	4027
4138	4137	4027
4138	4255	4137
3938	3939	4052
3939	4050	4052
3939	3883	4050
3939	3821	3883
3770	3871	3881
3871	4008	3881
4008	3987	3881
3800	3844	3899
3846	3930	3929
3930	4013	3929
4013	4105	3929
4013	4094	4105
4094	4196	4105
4094	4224	4196
4013	3930	4094
3855	3917	3981
3917	4017	3981
3917	4019	4017
3887	3909	4022
3909	4028	4022
4028	4145	4022
3897	4021	4029
4029	4016	3897
3902	4035	4000
3933	4012	3974
3980	4061	4049
4061	4096	4049
4061	4161	4096
4061	4220	4161
4220	4300	4161
4220	4310	4300
4310	4324	4300
3996	4147	4144
4147	4355	4144
4355	4333	4144
4333	4223	4144
4333	4339	4223
4339	4351	4223
4351	4263	4223
4147	4297	4355
4144	3997	3996
3998	4087	4036
4001	4037	4047
4037	4060	4047
4009	4122	4071
4122	4074	4071
4074	4110	4071
4110	4065	4071
4074	4282	4110
4074	4122	4282
4010	4103	4106
4015	4107	4151
4107	4323	4151
4107	4320	4323
4320	4460	4323
4107	4241	4320
4151	4056	4015
4024	4097	4073
4039	4126	4169
4126	4212	4169
4212	4174	4169
4044	4131	4101
4058	4175	4183
4058	4059	4175
4175	4226	4183
4226	4166	4183
4166	4058	4183
4166	4136	4058
4166	4226	4136
4083	4185	4149
4083	4176	4185
4176	4260	4185
4083	4113	4176
4113	4127	4176
4127	4184	4176
4100	4173	4152
4173	4252	4152
4173	4301	4252
4301	4343	4252
4173	4279	4301
4173	4106	4279
4116	4117	4178
4117	4143	4178
4143	4194	4178
4178	4267	4116
4267	4216	4116
4216	4204	4116
4216	4235	4204
4121	4141	4177
4141	4232	4177
4232	4251	4177
4251	4222	4177
4222	4121	4177
4251	4393	4222
4393	4349	4222
4141	4118	4232
4163	4264	4271
4179	4200	4211
4213	4309	4428
4309	4424	4428
4424	4448	4428
4448	4496	4428
4448	4566	4496
4214	4277	4280
4280	4253	4214
4253	4201	4214
4236	4242	4411
4250	4374	4285
4374	4384	4285
4384	4306	4285
4384	4435	4306
4384	4514	4435
4514	4498	4435
4498	4394	4435
4498	4517	4394
4498	4546	4517
4546	4515	4517
4498	4630	4546
4384	4580	4514
4384	4374	4580
4262	4396	4414
4396	4504	4414
4504	4502	4414
4396	4526	4504
4526	4610	4504
4610	4639	4504
4526	4585	4610
4273	4328	4303
4276	4286	4370
4276	4162	4286
4287	4345	4335
4335	4328	4287
4293	4327	4377
4327	4409	4377
4318	4419	4371
4419	4358	4371
4358	4255	4371
4329	4401	4334
4398	4499	4412
4398	4429	4499
4454	4518	4527
4469	4501	4479
4476	4623	4559
4491	4650	4560
4650	4654	4560
4650	4735	4654
4735	4657	4654
4735	4784	4657
4735	4766	4784
4766	4819	4784
4819	4905	4784
4905	4901	4784
4819	4916	4905
4819	4862	4916
4862	4965	4916
4766	4767	4819
4766	4735	4767
4735	4650	4767
4510	4634	4597
4597	4460	4510
4597	4603	4460
4510	4552	4634
4552	4758	4634
4552	4656	4758
4552	4534	4656
4534	4569	4656
4533	4592	4544
4536	4567	4648
4648	4631	4536
4648	4739	4631
4648	4689	4739
4689	4795	4739
4648	4567	4689
4567	4591	4689
4541	4590	4555
4696	4796	4742
4751	4856	4755
4856	4870	4755
4870	4871	4755
4871	4791	4755
4871	4884	4791
4856	4902	4870
4935	4969	5001
223	293	182
124	98	175
153	205	140
359	462	282
462	444	282
573	575	462
573	712	575
712	585	575
712	653	585
653	629	585
629	439	585
629	436	439
653	745	629
653	818	745
573	686	712
239	246	295
378	397	351
265	314	170
99	79	150
79	162	150
79	72	162
72	85	162
72	59	85
59	78	85
72	50	59
50	39	59
490	546	514
663	730	693
1271	1237	1123
1349	1413	1412
834	1036	849
1036	1013	849
1036	1155	1013
1424	1448	1330
2118	2361	2175
1185	1024	1188
1669	1851	1696
1669	1876	1851
1669	1749	1876
1669	1734	1749
1669	1717	1734
1669	1564	1717
47	87	48
87	82	48
87	95	82
257	292	317
257	227	292
51	90	36
275	296	247
358	435	438
329	274	358
709	646	678
709	740	646
740	770	646
1326	1440	1143
1440	1244	1143
594	734	553
734	644	553
644	528	553
527	626	656
527	438	626
438	584	626
584	662	626
527	429	438
429	403	438
670	579	612
809	927	696
1206	1461	1250
1206	1290	1461
1290	1459	1461
1459	1603	1461
723	839	813
994	1199	951
1199	1138	951
1138	975	951
994	1257	1199
994	1305	1257
994	1187	1305
1884	2071	1973
1583	1678	1838
1913	2119	1837
2119	2071	1837
2119	2195	2071
2119	2220	2195
2781	2801	2903
2781	2670	2801
2781	2561	2670
2781	2592	2561
1845	1572	1681
977	870	822
1130	989	1016
1016	928	908
1350	1252	1241
1350	1338	1252
1350	1434	1338
1799	2100	1803
2100	1890	1803
2100	2144	1890
2144	2128	1890
1799	1991	2100
1991	2115	2100
1799	1856	1991
1028	1117	1040
1117	1122	1040
1122	1177	1040
1980	2081	1823
1818	2022	2033
1818	1835	2022
1042	913	978
1575	1383	1713
1383	1663	1713
1383	1558	1663
1426	1341	1203
1341	1196	1203
1341	1254	1196
1426	1498	1341
1426	1538	1498
2305	2543	2269
2305	2517	2543
2920	2859	2938
2920	2677	2859
2550	2580	2582
1811	1917	1956
1811	1748	1917
1811	1677	1748
1378	1546	1258
1435	1689	1546
1689	1654	1546
1317	1361	1363
1520	1593	1450
1439	1313	1462
2129	2340	2073
2340	2253	2073
2129	2235	2340
1638	1911	1606
1770	1659	1843
1777	1746	1751
2163	2232	2194
1766	1988	1873
1938	2136	1915
2136	1961	1915
1938	2210	2136
2210	2289	2136
1938	2127	2210
2127	2209	2210
1795	1916	1954
1795	1870	1916
2126	2264	2176
1866	1604	1914
2116	2346	2353
2320	2392	2451
2392	2599	2451
2475	2681	2449
2509	2707	2511
2359	2267	2422
2359	2170	2267
2170	2028	2267
2302	2322	2391
2332	2446	2387
2284	2212	2182
2485	2584	2436
2270	1995	2226
2557	2770	2655
2770	2811	2655
2770	2808	2811
3058	3168	2981
3058	3222	3168
2675	2709	2565
2470	2484	2667
2484	2721	2667
2484	2555	2721
2667	2649	2460
2530	2572	2515
2531	2275	2488
2730	2950	2741
3172	3411	3181
3172	3408	3411
2754	2560	2548
2788	2700	2641
2788	2877	2700
2788	2925	2877
3046	3021	3244
3134	3179	3021
3189	3313	3179
3189	3364	3313
3364	3518	3313
3518	3546	3313
3189	3231	3364
3189	3074	3231
2688	2960	2660
2960	2856	2660
2688	2787	2960
2680	2950	2841
2950	3007	2841
2971	2945	2929
2818	2628	2832
2820	2987	2899
2987	3093	2899
2820	2659	2987
2659	2976	2987
2659	2698	2976
2698	2955	2976
2820	2623	2659
2827	2616	2744
2839	2872	2747
2863	2596	2809
2596	2650	2809
2863	2800	2596
2908	3218	3057
2908	2942	3218
2942	3239	3218
2942	2925	3239
2921	2902	3118
2902	3221	3118
2902	2907	3221
3383	3587	3549
3383	3388	3587
3292	3239	3126
3292	3453	3239
3292	3424	3453
3424	3596	3453
3424	3457	3596
3056	3065	3162
3056	2756	3065
3056	2784	2756
3323	3088	3150
3323	3311	3088
3193	3020	3163
3275	3222	3449
3395	3294	3206
3286	3092	3272
3340	3023	3375
3462	3474	3319
3296	3255	3318
3414	3538	3304
3497	3373	3479
3373	3426	3479
3681	3437	3713
3681	3629	3437
4483	4402	4600
4483	4512	4402
4679	4832	4844
4924	4939	4912
4966	4892	5010
3926	4093	3903
4342	4330	4093
4768	4874	4877
5014	4831	4888
5014	4985	4831
4985	4944	4831
5014	5025	4985
4627	4831	4757
4548	4500	4420
4500	4421	4420
4388	4275	4363
4005	3944	3964
4129	4077	4098
4780	4848	4752
4780	4851	4848
5064	5089	5026
5119	5147	5089
5147	5077	5089
5147	5100	5077
5147	5152	5100
5107	5148	5143
4660	4626	4543
4626	4493	4543
4626	4494	4493
4626	4485	4494
4626	4584	4485
4281	4206	4322
4281	4153	4206
4053	4070	4206
4794	4886	4805
4886	4868	4805
4886	4917	4868
4917	4879	4868
4794	4843	4886
4794	4822	4843
4794	4729	4822
4729	4800	4822
4729	4750	4800
4729	4714	4750
4729	4684	4714
4684	4646	4714
4558	4446	4522
4558	4474	4446
4474	4404	4446
4558	4513	4474
4558	4554	4513
3794	3851	3858
3563	3520	3678
3520	3651	3678
3804	3560	3731
3804	3710	3560
3710	3528	3560
3714	3739	3676
3714	3704	3739
3657	3459	3625
3767	3777	3664
3940	3622	3688
4103	4279	4106
4103	4316	4279
4103	4199	4316
4103	4160	4199
4260	4392	4185
4392	4368	4185
4301	4454	4343
4534	4343	4569
