298.360200 183.115440 14.819736 255 0 0
308.997409 169.599226 19.488442 255 0 0
320.877928 157.386287 24.588122 255 0 0
334.001756 146.476622 30.118776 255 0 0
348.368893 136.870232 36.080404 255 0 0
363.979341 128.567117 42.473007 255 0 0
380.833097 121.567277 49.296584 255 0 0
398.930164 115.870711 56.551135 255 0 0
418.270540 111.477420 64.236660 0 255 0
395.395209 112.367840 72.834631 0 255 0
373.964357 114.772407 81.933309 0 255 0
353.977985 118.691121 91.532693 0 255 0
335.436092 124.123983 101.632784 0 255 0
318.338679 131.070991 112.233582 0 255 0
302.685746 139.532147 123.335087 0 255 0
288.477292 149.507450 134.937298 0 255 0
275.713318 160.996900 147.040216 0 255 0
