3.266985221163974416e+02 1.466148844538553249e+02 1.761722112513999718e+02
3.308898763686537450e+02 1.348736353399277164e+02 1.656957579239665392e+02
3.368153103503197485e+02 1.230509389136838081e+02 1.596064406260656483e+02
3.384055595550639737e+02 1.114318780725513420e+02 1.425492445420115928e+02
3.365276769974202011e+02 9.997573917073879102e+01 1.167177263370355718e+02
3.468455778975545627e+02 9.281700076063606275e+01 1.012950107726795750e+02
3.565018477542271853e+02 8.677163126464972720e+01 7.965476956768355876e+01
3.726954791077172331e+02 8.745404840049650375e+01 4.502040559958953736e+01
3.702500918045803360e+02 1.083127402668328614e+02 2.129337644311578970e+01
3.636630392308948672e+02 1.212488119705826080e+02 2.116517043223410610e+01
3.563116515523195176e+02 1.347619317829582428e+02 1.683141075295287692e+01
3.443623881340326989e+02 1.425384483212345117e+02 2.585500696600036008e+01
3.339477267823248212e+02 1.537603109582091179e+02 2.399438524587691290e+01
3.270525627227415271e+02 1.650874238924642441e+02 2.990208147032342367e+01
3.174022496257527450e+02 1.757322484311796984e+02 3.224700206906402400e+01
