27.760338 36.478699 11.771637 255 0 0
28.040863 36.321417 10.747758 255 0 0
28.389780 36.030286 9.721001 255 0 0
28.807089 35.605305 8.691364 255 0 0
29.292789 35.046475 7.658849 255 0 0
29.846882 34.353795 6.623455 255 0 0
30.469366 33.527265 5.585182 255 0 0
31.160241 32.566885 4.544030 255 0 0
31.919509 31.472656 3.500000 0 255 0
31.173119 30.320542 4.518420 0 255 0
30.492226 29.302278 5.539719 0 255 0
29.876829 28.417864 6.563896 0 255 0
29.326929 27.667299 7.590952 0 255 0
28.842526 27.050584 8.620887 0 255 0
28.423620 26.567719 9.653701 0 255 0
28.070210 26.218703 10.689394 0 255 0
27.782297 26.003537 11.727965 0 255 0
